0.0,1600.0,0.0
0.0029040797847387236,1599.0,0.0
0.006879854093633352,1598.0,0.0
0.0099980880693714,1597.0,0.0
0.011856457106034344,1596.0,0.0
0.017904594316408014,1595.0,0.0
0.022087003785989913,1594.0,0.0
0.02214331554364332,1593.0,0.0
0.023149413066157535,1592.0,0.0
0.02731640638879012,1591.0,0.0
0.02792855882468676,1590.0,0.0
0.037499425080867524,1589.0,0.0
0.04502196789663718,1588.0,0.0
0.04965251794665555,1587.0,0.0
0.05804622272824645,1586.0,0.0
0.061230706391386565,1585.0,0.0
0.06369012710053329,1584.0,0.0
0.06410111034537318,1583.0,0.0
0.06499945757154327,1582.0,0.0
0.07020949907290393,1581.0,0.0
0.07847891456898133,1580.0,0.0
0.08352810269279819,1579.0,0.0
0.08423064665303512,1578.0,0.0
0.0901832963198979,1577.0,0.0
0.09226208020345525,1576.0,0.0
0.09226874756056584,1575.0,0.0
0.10528552915567471,1574.0,0.0
0.10753002801708783,1573.0,0.0
0.10942020377283353,1572.0,0.0
0.11806047002218625,1571.0,0.0
0.12198331128095101,1570.0,0.0
0.12853970014543076,1569.0,0.0
0.1303524232656995,1568.0,0.0
0.13725821466564625,1567.0,0.0
0.1411895550803551,1566.0,0.0
0.14252248499366924,1565.0,0.0
0.15252684765277782,1564.0,0.0
0.16469427691779143,1563.0,0.0
0.1657831978603146,1562.0,0.0
0.16641525327523057,1561.0,0.0
0.16744689388267442,1560.0,0.0
0.16760307542153083,1559.0,0.0
0.16913677850307918,1558.0,0.0
0.17314037099421573,1557.0,0.0
0.18082556175985504,1556.0,0.0
0.18313609196157613,1555.0,0.0
0.1915371077961052,1554.0,0.0
0.1927617244566167,1553.0,0.0
0.1938676755001894,1552.0,0.0
0.20773047954722998,1551.0,0.0
0.20996723627584518,1550.0,0.0
0.21115366114474204,1549.0,0.0
0.22267015223046757,1548.0,0.0
0.22439298736310667,1547.0,0.0
0.236691650493792,1546.0,0.0
0.23700118956247343,1545.0,0.0
0.24588207138663004,1544.0,0.0
0.24845088375145724,1543.0,0.0
0.24886964407646636,1542.0,0.0
0.25214022958673343,1541.0,0.0
0.2694359886475796,1540.0,0.0
0.2745353631598196,1539.0,0.0
0.278370178691026,1538.0,0.0
0.2822442014784576,1537.0,0.0
0.2878860848455665,1536.0,0.0
0.2997303889963691,1535.0,0.0
0.3003231453292904,1534.0,0.0
0.30245594453967733,1533.0,0.0
0.3045281947086887,1532.0,0.0
0.30604106530039377,1531.0,0.0
0.31455066288007505,1530.0,0.0
0.31612335124089536,1529.0,0.0
0.32102394540928986,1528.0,0.0
0.33006241105494805,1527.0,0.0
0.3311854479326508,1526.0,0.0
0.33516084557313236,1525.0,0.0
0.33661249443740077,1524.0,0.0
0.3367706215064269,1523.0,0.0
0.34043700890830547,1522.0,0.0
0.3462006595072176,1521.0,0.0
0.3467170373079292,1520.0,0.0
0.3607919217031519,1519.0,0.0
0.3743088848473324,1518.0,0.0
0.37533170995898596,1517.0,0.0
0.3797587315889229,1516.0,0.0
0.39260538258113764,1515.0,0.0
0.3926064487610642,1514.0,0.0
0.39354374616453,1513.0,0.0
0.39594365478150684,1512.0,0.0
0.40560663910990874,1511.0,0.0
0.4094520372069732,1510.0,0.0
0.4175480839127638,1509.0,0.0
0.42262743427200017,1508.0,0.0
0.43363449862535247,1507.0,0.0
0.43520555551246753,1506.0,0.0
0.44009366343489376,1505.0,0.0
0.47210219465255965,1504.0,0.0
0.4733797089705196,1503.0,0.0
0.4772239836492115,1502.0,0.0
0.48392281185439234,1501.0,0.0
0.4884243332439769,1500.0,0.0
0.4994431677742755,1499.0,0.0
0.5005556366292874,1498.0,0.0
0.5145527868299535,1497.0,0.0
0.5208482025157614,1496.0,0.0
0.523216484935193,1495.0,0.0
0.5277246241283748,1494.0,0.0
0.538414416459239,1493.0,0.0
0.5436803354133732,1492.0,0.0
0.5465151114316494,1491.0,0.0
0.5509922165025729,1490.0,0.0
0.5590996142990223,1489.0,0.0
0.5667781705171132,1488.0,0.0
0.5676546727528432,1487.0,0.0
0.5700368975155458,1486.0,0.0
0.5729226063705074,1485.0,0.0
0.5738811666403782,1484.0,0.0
0.5746549585156698,1483.0,0.0
0.5953354454562756,1482.0,0.0
0.6180772636450552,1481.0,0.0
0.6207060857264655,1480.0,0.0
0.6211681283280681,1479.0,0.0
0.6236697261172014,1478.0,0.0
0.6268194271580559,1477.0,0.0
0.6355198322450615,1476.0,0.0
0.6367852877186831,1475.0,0.0
0.6375152790895258,1474.0,0.0
0.6462706509791286,1473.0,0.0
0.6505481143868983,1472.0,0.0
0.6519848837655144,1471.0,0.0
0.6522143764196828,1470.0,0.0
0.6547587264555307,1469.0,0.0
0.6553871230269778,1468.0,0.0
0.6559763787921095,1467.0,0.0
0.6662418979232476,1466.0,0.0
0.6669173522559821,1465.0,0.0
0.6678652435225151,1464.0,0.0
0.6814224157808256,1463.0,0.0
0.6816138412519529,1462.0,0.0
0.6835400919709174,1461.0,0.0
0.6904353916611783,1460.0,0.0
0.6976660349275722,1459.0,0.0
0.7027633931617044,1458.0,0.0
0.708319791162719,1457.0,0.0
0.7130339865109427,1456.0,0.0
0.7234114695508055,1455.0,0.0
0.7303370621899594,1454.0,0.0
0.7382182004462132,1453.0,0.0
0.7452437129281106,1452.0,0.0
0.7467532752620157,1451.0,0.0
0.749418813691656,1450.0,0.0
0.7543077363851927,1449.0,0.0
0.7601661287822595,1448.0,0.0
0.7645438471109126,1447.0,0.0
0.7688139691875582,1446.0,0.0
0.7733350514901804,1445.0,0.0
0.7781530433662444,1444.0,0.0
0.7842865372405265,1443.0,0.0
0.7857890128524209,1442.0,0.0
0.7882920865245027,1441.0,0.0
0.7993804138193309,1440.0,0.0
0.7999093798316151,1439.0,0.0
0.8019259911251301,1438.0,0.0
0.810130914226836,1437.0,0.0
0.8105259970415938,1436.0,0.0
0.8138076383659852,1435.0,0.0
0.8155424898689395,1434.0,0.0
0.8297586341141555,1433.0,0.0
0.8440342778665739,1432.0,0.0
0.847412069204694,1431.0,0.0
0.8523766264743121,1430.0,0.0
0.8540727384462601,1429.0,0.0
0.8544489695777573,1428.0,0.0
0.8553671924374825,1427.0,0.0
0.8616930645208484,1426.0,0.0
0.8661765812586473,1425.0,0.0
0.8706826972049384,1424.0,0.0
0.8798436369801026,1423.0,0.0
0.8812887416312658,1422.0,0.0
0.8820783672014165,1421.0,0.0
0.8825109198751598,1420.0,0.0
0.883433571706024,1419.0,0.0
0.8897357964047957,1418.0,0.0
0.8919602587885402,1417.0,0.0
0.8982824422870802,1416.0,0.0
0.9007839553585723,1415.0,0.0
0.9169342508314563,1414.0,0.0
0.9220833374024717,1413.0,0.0
0.9231319734205312,1412.0,0.0
0.9297160705624697,1411.0,0.0
0.9350647285494356,1410.0,0.0
0.9407645005825825,1409.0,0.0
0.9445711027688496,1408.0,0.0
0.9451073712525998,1407.0,0.0
0.9517650799547724,1406.0,0.0
0.9557993949850232,1405.0,0.0
0.9565185467773434,1404.0,0.0
0.9661111051096032,1403.0,0.0
0.9705011181403042,1402.0,0.0
0.9775883624110895,1401.0,0.0
0.9809326544632332,1400.0,0.0
0.9843930600792946,1399.0,0.0
0.9865494523760696,1398.0,0.0
0.9894866983053594,1397.0,0.0
0.9941832511834217,1396.0,0.0
0.9956320122164874,1395.0,0.0
0.9988079678429247,1394.0,0.0
1.001855841178145,1393.0,0.0
1.0041498981298267,1392.0,0.0
1.006470003255296,1391.0,0.0
1.018454978580156,1390.0,0.0
1.020268071303787,1389.0,0.0
1.021259167648288,1388.0,0.0
1.0242249827797927,1387.0,0.0
1.0259206377573207,1386.0,0.0
1.026673915013479,1385.0,0.0
1.0340405218058644,1384.0,0.0
1.0355824333104056,1383.0,0.0
1.0358569023940274,1382.0,0.0
1.0360238300730806,1381.0,0.0
1.0400382372375607,1380.0,0.0
1.0456009706481675,1379.0,0.0
1.0521508709026777,1378.0,0.0
1.0577100247919722,1377.0,0.0
1.058749028569755,1376.0,0.0
1.0792104971573802,1375.0,0.0
1.079553305057854,1374.0,0.0
1.0870473316541798,1373.0,0.0
1.0871775438184867,1372.0,0.0
1.096117868888759,1371.0,0.0
1.0970130579910333,1370.0,0.0
1.0970606550081927,1369.0,0.0
1.103405538850396,1368.0,0.0
1.1096457809192701,1367.0,0.0
1.1119850456070357,1366.0,0.0
1.114407768078734,1365.0,0.0
1.1221239407102706,1364.0,0.0
1.1229226287983807,1363.0,0.0
1.1312005724932772,1362.0,0.0
1.1402321172564829,1361.0,0.0
1.140682872919367,1360.0,0.0
1.1441308677387958,1359.0,0.0
1.1463071093254227,1358.0,0.0
1.1560866683679212,1357.0,0.0
1.1662066106362834,1356.0,0.0
1.1664472941685695,1355.0,0.0
1.1710160210645102,1354.0,0.0
1.1738513696517265,1353.0,0.0
1.1787924805780599,1352.0,0.0
1.1843131994386225,1351.0,0.0
1.2045580052793143,1350.0,0.0
1.212312157156222,1349.0,0.0
1.2155304719366984,1348.0,0.0
1.2235683539196496,1347.0,0.0
1.2254307969522753,1346.0,0.0
1.2278292706306657,1345.0,0.0
1.227897823141086,1344.0,0.0
1.2287874688120846,1343.0,0.0
1.2365356132842518,1342.0,0.0
1.23822575174095,1341.0,0.0
1.2467263439064733,1340.0,0.0
1.247959320259855,1339.0,0.0
1.2650757208565413,1338.0,0.0
1.2670535129146008,1337.0,0.0
1.267839640783971,1336.0,0.0
1.2717884146174425,1335.0,0.0
1.2819741600312884,1334.0,0.0
1.2852814909627115,1333.0,0.0
1.2901206827191924,1332.0,0.0
1.2977776453074177,1331.0,0.0
1.3144636266371685,1330.0,0.0
1.3221430158575178,1329.0,0.0
1.3375478646214165,1328.0,0.0
1.338475067300116,1327.0,0.0
1.339309429161795,1326.0,0.0
1.3400684448125657,1325.0,0.0
1.340425931039526,1324.0,0.0
1.3435994892946455,1323.0,0.0
1.3492765995930878,1322.0,0.0
1.3577932682977694,1321.0,0.0
1.3591675611901808,1320.0,0.0
1.3612864923349945,1319.0,0.0
1.3721473268398343,1318.0,0.0
1.375980542917824,1317.0,0.0
1.3793000823926178,1316.0,0.0
1.3818399335611409,1315.0,0.0
1.3863451908710993,1314.0,0.0
1.39045810056867,1313.0,0.0
1.3999316930064145,1312.0,0.0
1.405891335552078,1311.0,0.0
1.4086897470370987,1310.0,0.0
1.4107562839498928,1309.0,0.0
1.4117154615826086,1308.0,0.0
1.4175711612486317,1307.0,0.0
1.4244204811164238,1306.0,0.0
1.429607562738865,1305.0,0.0
1.4425079628209596,1304.0,0.0
1.4437745821784742,1303.0,0.0
1.4444832123531326,1302.0,0.0
1.4495888969237265,1301.0,0.0
1.4519706803671526,1300.0,0.0
1.4534102929437152,1299.0,0.0
1.4612023303573543,1298.0,0.0
1.4740530614324483,1297.0,0.0
1.4823463264879009,1296.0,0.0
1.4824149889272502,1295.0,0.0
1.487157208677288,1294.0,0.0
1.4931425096509492,1293.0,0.0
1.5005659779805243,1292.0,0.0
1.5080612086736516,1291.0,0.0
1.5098767945992022,1290.0,0.0
1.510642169474452,1289.0,0.0
1.5118684748795421,1288.0,0.0
1.5127186595565345,1287.0,0.0
1.5201129404442837,1286.0,0.0
1.5201989928798456,1285.0,0.0
1.523511996422139,1284.0,0.0
1.5248806514410675,1283.0,0.0
1.5284682102619225,1282.0,0.0
1.5305969900138672,1281.0,0.0
1.5320340041996585,1280.0,0.0
1.5413193548682331,1279.0,0.0
1.5439393707952112,1278.0,0.0
1.550453689004959,1277.0,0.0
1.5512388959474643,1276.0,0.0
1.559752590326255,1275.0,0.0
1.5604071042059302,1274.0,0.0
1.5654612341200322,1273.0,0.0
1.5664217545731758,1272.0,0.0
1.5680679892342682,1271.0,0.0
1.5685393160859156,1270.0,0.0
1.5748660566365527,1269.0,0.0
1.5808748130729007,1268.0,0.0
1.5870271294218683,1267.0,0.0
1.5886664785427922,1266.0,0.0
1.6051310439389712,1265.0,0.0
1.6052703343220254,1264.0,0.0
1.6240918780438254,1263.0,0.0
1.6247472436528894,1262.0,0.0
1.630243760422222,1261.0,0.0
1.632015253011272,1260.0,0.0
1.6326690273218238,1259.0,0.0
1.6387109428212272,1258.0,0.0
1.6402565009630719,1257.0,0.0
1.6432904468769314,1256.0,0.0
1.6434110071334307,1255.0,0.0
1.6434903109253653,1254.0,0.0
1.6561533914951205,1253.0,0.0
1.6582793508765086,1252.0,0.0
1.6629778458619326,1251.0,0.0
1.6648327966058531,1250.0,0.0
1.665000345313892,1249.0,0.0
1.6668329819690801,1248.0,0.0
1.6675833198842236,1247.0,0.0
1.6695638775541013,1246.0,0.0
1.6767971350766193,1245.0,0.0
1.682146627364865,1244.0,0.0
1.6995080815236574,1243.0,0.0
1.702924163897916,1242.0,0.0
1.706998535917117,1241.0,0.0
1.7083534864708119,1240.0,0.0
1.7083561654606816,1239.0,0.0
1.7111377443748386,1238.0,0.0
1.7115021668635955,1237.0,0.0
1.711790616744342,1236.0,0.0
1.7137467118599174,1235.0,0.0
1.7208481933784798,1234.0,0.0
1.7285103731265192,1233.0,0.0
1.735946773987207,1232.0,0.0
1.738142572506005,1231.0,0.0
1.7386051998800378,1230.0,0.0
1.752397156507252,1229.0,0.0
1.7638930313675687,1228.0,0.0
1.7671314401715992,1227.0,0.0
1.7713739130921482,1226.0,0.0
1.7762295829090629,1225.0,0.0
1.7763959703610428,1224.0,0.0
1.7793106628986681,1223.0,0.0
1.7828856373749769,1222.0,0.0
1.7924097731172974,1221.0,0.0
1.7954079695000582,1220.0,0.0
1.7997326146038737,1219.0,0.0
1.8053340092860937,1218.0,0.0
1.8068635823878105,1217.0,0.0
1.8072396862257554,1216.0,0.0
1.8106596259695322,1215.0,0.0
1.8126142618977594,1214.0,0.0
1.8161928776869072,1213.0,0.0
1.8188947893008933,1212.0,0.0
1.8207982846566553,1211.0,0.0
1.8258548397003376,1210.0,0.0
1.8381161960496897,1209.0,0.0
1.8464125954835466,1208.0,0.0
1.85226191325688,1207.0,0.0
1.8609755698584045,1206.0,0.0
1.8686603382625402,1205.0,0.0
1.877192827119934,1204.0,0.0
1.8907285442173623,1203.0,0.0
1.8921074402673923,1202.0,0.0
1.9087067347419067,1201.0,0.0
1.9101281784426674,1200.0,0.0
1.9129734499625368,1199.0,0.0
1.915616910687844,1198.0,0.0
1.9264018026525858,1197.0,0.0
1.9329327923943231,1196.0,0.0
1.9404368169407407,1195.0,0.0
1.9429611639505129,1194.0,0.0
1.9462489661730094,1193.0,0.0
1.9529409828755944,1192.0,0.0
1.953665816228366,1191.0,0.0
1.95367576112781,1190.0,0.0
1.9681095955958388,1189.0,0.0
1.9697186951852181,1188.0,0.0
1.9730852138762944,1187.0,0.0
1.9849364824338616,1186.0,0.0
2.002522862765298,1185.0,0.0
2.0035430887096664,1184.0,0.0
2.013942859094232,1183.0,0.0
2.019106997465808,1182.0,0.0
2.019633725221539,1181.0,0.0
2.0222717372597785,1180.0,0.0
2.0239027201680932,1179.0,0.0
2.026168985334592,1178.0,0.0
2.0383006291373573,1177.0,0.0
2.0394729997242527,1176.0,0.0
2.0514742869402656,1175.0,0.0
2.055421192827469,1174.0,0.0
2.0581040719000314,1173.0,0.0
2.0588962765432335,1172.0,0.0
2.0647476889690615,1171.0,0.0
2.0683768352352363,1170.0,0.0
2.0707411122926955,1169.0,0.0
2.0784733429988735,1168.0,0.0
2.0827474578319616,1167.0,0.0
2.0886670327794534,1166.0,0.0
2.107210859393963,1165.0,0.0
2.109715282060825,1164.0,0.0
2.110901447895676,1163.0,0.0
2.111967112924518,1162.0,0.0
2.1123774355252647,1161.0,0.0
2.1141219812912335,1160.0,0.0
2.1243252276079247,1159.0,0.0
2.130399512083761,1158.0,0.0
2.1320321053383853,1157.0,0.0
2.1340097899973194,1156.0,0.0
2.1345986773046044,1155.0,0.0
2.1385620693077114,1154.0,0.0
2.142807025550097,1153.0,0.0
2.1499497829084575,1152.0,0.0
2.1509402034384655,1151.0,0.0
2.153458346219969,1150.0,0.0
2.1688887830256975,1149.0,0.0
2.1754522478393277,1148.0,0.0
2.1785533613286048,1147.0,0.0
2.17913746022847,1146.0,0.0
2.1804275922058323,1145.0,0.0
2.1833255958875806,1144.0,0.0
2.186756959680512,1143.0,0.0
2.192499784274386,1142.0,0.0
2.1932921134917716,1141.0,0.0
2.197189770128197,1140.0,0.0
2.1984029037745847,1139.0,0.0
2.1993555382284216,1138.0,0.0
2.20248268487091,1137.0,0.0
2.21708548229831,1136.0,0.0
2.2202778899066358,1135.0,0.0
2.2204466183392606,1134.0,0.0
2.222300430183046,1133.0,0.0
2.2232044861913063,1132.0,0.0
2.2242822051052866,1131.0,0.0
2.226109294081838,1130.0,0.0
2.2429109697420424,1129.0,0.0
2.2473336030013207,1128.0,0.0
2.2480955967895646,1127.0,0.0
2.2497196176232963,1126.0,0.0
2.2565999396864154,1125.0,0.0
2.264194571858443,1124.0,0.0
2.2663984449716374,1123.0,0.0
2.2687685829713544,1122.0,0.0
2.2702333630285114,1121.0,0.0
2.275359633765014,1120.0,0.0
2.275944272668143,1119.0,0.0
2.279836582671631,1118.0,0.0
2.2837693908955616,1117.0,0.0
2.2954160973502926,1116.0,0.0
2.296706695605979,1115.0,0.0
2.29717863548055,1114.0,0.0
2.303431675578187,1113.0,0.0
2.3059991638208226,1112.0,0.0
2.3161679173559073,1111.0,0.0
2.3237022626319823,1110.0,0.0
2.32763172800605,1109.0,0.0
2.3382108433616526,1108.0,0.0
2.343771263650727,1107.0,0.0
2.347750000621167,1106.0,0.0
2.358647989619512,1105.0,0.0
2.361431272451808,1104.0,0.0
2.361589501756354,1103.0,0.0
2.366301182635245,1102.0,0.0
2.367756939971166,1101.0,0.0
2.3768070130667422,1100.0,0.0
2.380786302372985,1099.0,0.0
2.3852671674777226,1098.0,0.0
2.396491230870736,1097.0,0.0
2.3996719791592813,1096.0,0.0
2.4000665765543996,1095.0,0.0
2.4026062384975875,1094.0,0.0
2.4299777891068235,1093.0,0.0
2.434925006409029,1092.0,0.0
2.441052838150899,1091.0,0.0
2.4488409265327014,1090.0,0.0
2.4721822564371387,1089.0,0.0
2.473071573155529,1088.0,0.0
2.474828872604574,1087.0,0.0
2.47904402479036,1086.0,0.0
2.48000725828518,1085.0,0.0
2.482109690243229,1084.0,0.0
2.483261345677084,1083.0,0.0
2.485085333617796,1082.0,0.0
2.485797620088872,1081.0,0.0
2.487134082279893,1080.0,0.0
2.4931867305427846,1079.0,0.0
2.497447457875727,1078.0,0.0
2.5005249807532937,1077.0,0.0
2.5082770034558703,1076.0,0.0
2.5148995529428966,1075.0,0.0
2.52413697421008,1074.0,0.0
2.5334939040304625,1073.0,0.0
2.5338091851406808,1072.0,0.0
2.541329584942343,1071.0,0.0
2.5424596095125143,1070.0,0.0
2.544711875677647,1069.0,0.0
2.5463528290785002,1068.0,0.0
2.5465484955469893,1067.0,0.0
2.54738447435945,1066.0,0.0
2.5485355559599374,1065.0,0.0
2.551673297799685,1064.0,0.0
2.556295867675196,1063.0,0.0
2.5618920760304555,1062.0,0.0
2.576099983831614,1061.0,0.0
2.5773827612214424,1060.0,0.0
2.578838919388294,1059.0,0.0
2.581108040263323,1058.0,0.0
2.583174278715241,1057.0,0.0
2.5900480684663014,1056.0,0.0
2.5901424181724066,1055.0,0.0
2.59359326070059,1054.0,0.0
2.594288561764829,1053.0,0.0
2.5988589057071154,1052.0,0.0
2.60639617026002,1051.0,0.0
2.6086395993133666,1050.0,0.0
2.621954423861323,1049.0,0.0
2.62333800167027,1048.0,0.0
2.632358302191964,1047.0,0.0
2.6333683855205,1046.0,0.0
2.6439687652462838,1045.0,0.0
2.6460056879414986,1044.0,0.0
2.655447602350896,1043.0,0.0
2.6600698961987668,1042.0,0.0
2.6649375830686584,1041.0,0.0
2.6676552587864606,1040.0,0.0
2.669674485401161,1039.0,0.0
2.6715788281288066,1038.0,0.0
2.6835870051434503,1037.0,0.0
2.6838472756713236,1036.0,0.0
2.6959088854268565,1035.0,0.0
2.7047292249183013,1034.0,0.0
2.7062431491206813,1033.0,0.0
2.707042476562527,1032.0,0.0
2.7082833297552438,1031.0,0.0
2.71125462162888,1030.0,0.0
2.7129767600338566,1029.0,0.0
2.716791723741469,1028.0,0.0
2.717949636864635,1027.0,0.0
2.718693652949475,1026.0,0.0
2.7358759287253833,1025.0,0.0
2.7437130221588726,1024.0,0.0
2.753187264374944,1023.0,0.0
2.7537063277147307,1022.0,0.0
2.7645601969842306,1021.0,0.0
2.7657838268759054,1020.0,0.0
2.769796916752174,1019.0,0.0
2.7734233545603364,1018.0,0.0
2.774396971335719,1017.0,0.0
2.7779045576817634,1016.0,0.0
2.788653305942197,1015.0,0.0
2.79343915680899,1014.0,0.0
2.8043154772381893,1013.0,0.0
2.8093518774387083,1012.0,0.0
2.8108531216070753,1011.0,0.0
2.8120630907900086,1010.0,0.0
2.815238164399909,1009.0,0.0
2.821703044412769,1008.0,0.0
2.8252453604577474,1007.0,0.0
2.8275830477164567,1006.0,0.0
2.828508320902987,1005.0,0.0
2.8285966270670126,1004.0,0.0
2.8299224734447628,1003.0,0.0
2.8307811365787745,1002.0,0.0
2.8380343384756306,1001.0,0.0
2.863860575910397,1000.0,0.0
2.867957066694709,999.0,0.0
2.8725999193192866,998.0,0.0
2.877171124516903,997.0,0.0
2.880513174377948,996.0,0.0
2.884009666263598,995.0,0.0
2.892575679563533,994.0,0.0
2.8952742913203173,993.0,0.0
2.9001567680215983,992.0,0.0
2.900931521084148,991.0,0.0
2.9094419063824124,990.0,0.0
2.917206304030658,989.0,0.0
2.9187529260406055,988.0,0.0
2.941523063205897,987.0,0.0
2.9443816250656787,986.0,0.0
2.9455155902521133,985.0,0.0
2.9478564106249197,984.0,0.0
2.948130196790259,983.0,0.0
2.9519275774875267,982.0,0.0
2.953736058498557,981.0,0.0
2.96420576743396,980.0,0.0
2.9728394737358843,979.0,0.0
2.973519137838322,978.0,0.0
2.9751217578805917,977.0,0.0
2.976242452222166,976.0,0.0
2.9858500536825936,975.0,0.0
2.99458248268099,974.0,0.0
2.9955219155104555,973.0,0.0
3.0065707105016184,972.0,0.0
3.0100843489789586,971.0,0.0
3.0138503768808778,970.0,0.0
3.023225655714497,969.0,0.0
3.0442368022959063,968.0,0.0
3.055349384420803,967.0,0.0
3.0586357333564207,966.0,0.0
3.0640396375558763,965.0,0.0
3.0644770914832913,964.0,0.0
3.066280733952673,963.0,0.0
3.0863932650934784,962.0,0.0
3.099624733400276,961.0,0.0
3.1142962456678394,960.0,0.0
3.119124410389661,959.0,0.0
3.123136049041568,958.0,0.0
3.1267363205418715,957.0,0.0
3.1437693539186955,956.0,0.0
3.1475038776386084,955.0,0.0
3.1490755405054873,954.0,0.0
3.1551527105895345,953.0,0.0
3.1562010905663107,952.0,0.0
3.1710104557532137,951.0,0.0
3.183271334981552,950.0,0.0
3.18667537751191,949.0,0.0
3.1874917655303046,948.0,0.0
3.1919038738698213,947.0,0.0
3.1944200334640818,946.0,0.0
3.1985831618714093,945.0,0.0
3.201994129964131,944.0,0.0
3.2030561259354595,943.0,0.0
3.2123676929731455,942.0,0.0
3.2155542207815464,941.0,0.0
3.2254543634653667,940.0,0.0
3.228443132276048,939.0,0.0
3.2342765331741004,938.0,0.0
3.240208783607432,937.0,0.0
3.2431521209770504,936.0,0.0
3.245826263377851,935.0,0.0
3.2469184258604105,934.0,0.0
3.2470831813904417,933.0,0.0
3.2520142822230964,932.0,0.0
3.2535659658993543,931.0,0.0
3.269956639477442,930.0,0.0
3.2749267321475677,929.0,0.0
3.2764831631765556,928.0,0.0
3.2791127907887567,927.0,0.0
3.284884049688529,926.0,0.0
3.2903923675131295,925.0,0.0
3.293041513633472,924.0,0.0
3.2951374878344555,923.0,0.0
3.305315016269346,922.0,0.0
3.309484648972542,921.0,0.0
3.3114387239737755,920.0,0.0
3.3132902640911914,919.0,0.0
3.317417638800487,918.0,0.0
3.3179983181605763,917.0,0.0
3.319810842479898,916.0,0.0
3.332619573075016,915.0,0.0
3.3395129353011863,914.0,0.0
3.3436727501838623,913.0,0.0
3.3470074701647747,912.0,0.0
3.353294781353232,911.0,0.0
3.362508501163284,910.0,0.0
3.3675145702967937,909.0,0.0
3.3679610951367924,908.0,0.0
3.370463175686065,907.0,0.0
3.371873093040478,906.0,0.0
3.386005117904091,905.0,0.0
3.411640600337766,904.0,0.0
3.4166613116508118,903.0,0.0
3.4281710137685764,902.0,0.0
3.431273028717246,901.0,0.0
3.4358252557113342,900.0,0.0
3.44108424482305,899.0,0.0
3.443642495691714,898.0,0.0
3.4443324292931945,897.0,0.0
3.4449111080608215,896.0,0.0
3.454642260177081,895.0,0.0
3.4654734024094913,894.0,0.0
3.471129164735254,893.0,0.0
3.477602908142767,892.0,0.0
3.4849920424635594,891.0,0.0
3.4923079826694368,890.0,0.0
3.4930626177256503,889.0,0.0
3.500035631769854,888.0,0.0
3.5030086499683333,887.0,0.0
3.505151707967528,886.0,0.0
3.5117451107092137,885.0,0.0
3.5171204805484066,884.0,0.0
3.5247438387470904,883.0,0.0
3.5318548192822226,882.0,0.0
3.538288336098313,881.0,0.0
3.539661798653732,880.0,0.0
3.5399769954172964,879.0,0.0
3.5402724468338156,878.0,0.0
3.5455458563431446,877.0,0.0
3.5612164649976155,876.0,0.0
3.562168558005868,875.0,0.0
3.580609958926944,874.0,0.0
3.5890387407959183,873.0,0.0
3.5914900283977644,872.0,0.0
3.5932777481734104,871.0,0.0
3.6059629151937393,870.0,0.0
3.6146313873399105,869.0,0.0
3.6284259553695355,868.0,0.0
3.6358236973498537,867.0,0.0
3.6382144130105236,866.0,0.0
3.641236416718015,865.0,0.0
3.6446165791962373,864.0,0.0
3.6645632822238885,863.0,0.0
3.6706286923340414,862.0,0.0
3.6722743410523573,861.0,0.0
3.6725073807772057,860.0,0.0
3.678885197398864,859.0,0.0
3.6798960246446786,858.0,0.0
3.6799518058020557,857.0,0.0
3.6862087073243406,856.0,0.0
3.690324189171472,855.0,0.0
3.7000779040566387,854.0,0.0
3.7122865905936107,853.0,0.0
3.7218288542561115,852.0,0.0
3.722622232482617,851.0,0.0
3.723751396410643,850.0,0.0
3.732812037897636,849.0,0.0
3.7351735999612283,848.0,0.0
3.757930351002262,847.0,0.0
3.7699802270085616,846.0,0.0
3.7720295831592496,845.0,0.0
3.772592988996754,844.0,0.0
3.774928953234475,843.0,0.0
3.786808132764071,842.0,0.0
3.795924767191107,841.0,0.0
3.798986597638821,840.0,0.0
3.801050911739367,839.0,0.0
3.8100003353461283,838.0,0.0
3.826758554080438,837.0,0.0
3.831277045804074,836.0,0.0
3.8340708587902235,835.0,0.0
3.837989526574053,834.0,0.0
3.8402745358778123,833.0,0.0
3.8444305287316407,832.0,0.0
3.8464857373989383,831.0,0.0
3.8555508846545807,830.0,0.0
3.868205256167901,829.0,0.0
3.870506017620626,828.0,0.0
3.8720040208280833,827.0,0.0
3.8737014943836137,826.0,0.0
3.8790300633887442,825.0,0.0
3.8805866024698825,824.0,0.0
3.8880364387514534,823.0,0.0
3.8880525305250058,822.0,0.0
3.894449739547018,821.0,0.0
3.9012270954872244,820.0,0.0
3.903270665406273,819.0,0.0
3.9130445314413507,818.0,0.0
3.9201577805826493,817.0,0.0
3.9241859875492064,816.0,0.0
3.9242043359902716,815.0,0.0
3.9256828935050327,814.0,0.0
3.9257499008664456,813.0,0.0
3.9401062827662465,812.0,0.0
3.9515300198225853,811.0,0.0
3.9534783420633004,810.0,0.0
3.962302812636696,809.0,0.0
3.9703245311777593,808.0,0.0
3.972498555309726,807.0,0.0
3.979690040999842,806.0,0.0
3.9806010627142396,805.0,0.0
3.992913007658126,804.0,0.0
3.99316987899666,803.0,0.0
4.023922781062003,802.0,0.0
4.028088439690981,801.0,0.0
4.0334296763394235,800.0,0.0
4.035523715572224,799.0,0.0
4.0410035604689805,798.0,0.0
4.042254698473795,797.0,0.0
4.0582879640343865,796.0,0.0
4.064025761027502,795.0,0.0
4.064681368542086,794.0,0.0
4.068976490661444,793.0,0.0
4.090932099358888,792.0,0.0
4.104157984166091,791.0,0.0
4.109444562674236,790.0,0.0
4.11399990663772,789.0,0.0
4.139763891487459,788.0,0.0
4.140633712469929,787.0,0.0
4.147317808304966,786.0,0.0
4.157561342167969,785.0,0.0
4.161240314019137,784.0,0.0
4.179672269706915,783.0,0.0
4.191026587508322,782.0,0.0
4.192371874570488,781.0,0.0
4.193588834822946,780.0,0.0
4.195776610325921,779.0,0.0
4.199276977825401,778.0,0.0
4.206342213611197,777.0,0.0
4.206859044347326,776.0,0.0
4.209481778410133,775.0,0.0
4.212807654350888,774.0,0.0
4.214417463950233,773.0,0.0
4.223520264044693,772.0,0.0
4.223574210549487,771.0,0.0
4.228864736237307,770.0,0.0
4.240082453057805,769.0,0.0
4.244304286663501,768.0,0.0
4.255266924532238,767.0,0.0
4.261543133653684,766.0,0.0
4.2671062754589055,765.0,0.0
4.273850832068917,764.0,0.0
4.2813792101716075,763.0,0.0
4.296653264608817,762.0,0.0
4.304454761395925,761.0,0.0
4.304827936720789,760.0,0.0
4.3050414505009735,759.0,0.0
4.306002295905397,758.0,0.0
4.309016409878336,757.0,0.0
4.314391800188018,756.0,0.0
4.315328460445713,755.0,0.0
4.31720956896428,754.0,0.0
4.318956362491153,753.0,0.0
4.321087364260988,752.0,0.0
4.322449453056632,751.0,0.0
4.324481674144262,750.0,0.0
4.326105114796049,749.0,0.0
4.33159408865999,748.0,0.0
4.34625478410303,747.0,0.0
4.3607417022197525,746.0,0.0
4.371763273301702,745.0,0.0
4.382641383589155,744.0,0.0
4.382938061608105,743.0,0.0
4.383383335524264,742.0,0.0
4.383866109371769,741.0,0.0
4.389299530864525,740.0,0.0
4.403175651743399,739.0,0.0
4.4039184316493944,738.0,0.0
4.4133285499603465,737.0,0.0
4.415355852177964,736.0,0.0
4.418860877188546,735.0,0.0
4.422225419839826,734.0,0.0
4.424030891296185,733.0,0.0
4.4259612292076245,732.0,0.0
4.446282142286776,731.0,0.0
4.450965456206449,730.0,0.0
4.452415503731711,729.0,0.0
4.456509186240354,728.0,0.0
4.459568302076601,727.0,0.0
4.463557991681481,726.0,0.0
4.470825756373951,725.0,0.0
4.47727850289706,724.0,0.0
4.477513930324139,723.0,0.0
4.479159144794119,722.0,0.0
4.482455654241982,721.0,0.0
4.483904518162573,720.0,0.0
4.487890359995947,719.0,0.0
4.494124222146988,718.0,0.0
4.495738265630724,717.0,0.0
4.496619238780702,716.0,0.0
4.502714493218139,715.0,0.0
4.513572930307898,714.0,0.0
4.516552013898542,713.0,0.0
4.531798437637371,712.0,0.0
4.533543619508661,711.0,0.0
4.558592987046706,710.0,0.0
4.559627311504068,709.0,0.0
4.561272610111681,708.0,0.0
4.561655032878819,707.0,0.0
4.57175736191986,706.0,0.0
4.571874662199032,705.0,0.0
4.58957266120434,704.0,0.0
4.590752936864425,703.0,0.0
4.597233055021139,702.0,0.0
4.610073324449167,701.0,0.0
4.6108849732081225,700.0,0.0
4.612489875411689,699.0,0.0
4.617000139051689,698.0,0.0
4.623743233856086,697.0,0.0
4.639099422669239,696.0,0.0
4.645869313798005,695.0,0.0
4.671652644185855,694.0,0.0
4.678647110674113,693.0,0.0
4.694862922744819,692.0,0.0
4.7005147806656815,691.0,0.0
4.7062124233957245,690.0,0.0
4.706279801193546,689.0,0.0
4.720293021765537,688.0,0.0
4.727059104906761,687.0,0.0
4.733007604407766,686.0,0.0
4.734957184604047,685.0,0.0
4.738459666772811,684.0,0.0
4.759616854583037,683.0,0.0
4.761612001395905,682.0,0.0
4.770916542177622,681.0,0.0
4.777135125238563,680.0,0.0
4.777466899172722,679.0,0.0
4.7821385409628885,678.0,0.0
4.788609366717819,677.0,0.0
4.798693166204875,676.0,0.0
4.814480954490003,675.0,0.0
4.82253358261466,674.0,0.0
4.845515351963409,673.0,0.0
4.853599662159388,672.0,0.0
4.85621631334553,671.0,0.0
4.860440552960781,670.0,0.0
4.878498239607573,669.0,0.0
4.890868853131798,668.0,0.0
4.910090305037723,667.0,0.0
4.91186190481885,666.0,0.0
4.912918299354972,665.0,0.0
4.917048460868238,664.0,0.0
4.924312327634052,663.0,0.0
4.9299899757349355,662.0,0.0
4.933485408336093,661.0,0.0
4.951381796710481,660.0,0.0
4.952265651270424,659.0,0.0
4.967234243615946,658.0,0.0
4.973439011725983,657.0,0.0
4.984447019837206,656.0,0.0
4.985473952462695,655.0,0.0
4.985531479108884,654.0,0.0
5.018755301926654,653.0,0.0
5.019679952122407,652.0,0.0
5.0309338362235225,651.0,0.0
5.033330502105641,650.0,0.0
5.033780849274312,649.0,0.0
5.052297392889679,648.0,0.0
5.0585933010129995,647.0,0.0
5.0642334447644215,646.0,0.0
5.066312607526343,645.0,0.0
5.068000493368473,644.0,0.0
5.068592252497068,643.0,0.0
5.069728555956753,642.0,0.0
5.069820881227905,641.0,0.0
5.0829788047780395,640.0,0.0
5.084621602109049,639.0,0.0
5.08558199307327,638.0,0.0
5.090380165689807,637.0,0.0
5.115135491592164,636.0,0.0
5.119531951979132,635.0,0.0
5.127186359819863,634.0,0.0
5.131298219367305,633.0,0.0
5.133646819323792,632.0,0.0
5.139205138782974,631.0,0.0
5.145903029149353,630.0,0.0
5.15413012609329,629.0,0.0
5.158324152362909,628.0,0.0
5.165581412135675,627.0,0.0
5.174659666230603,626.0,0.0
5.18195425427577,625.0,0.0
5.18694788749862,624.0,0.0
5.187319598714905,623.0,0.0
5.190549269783021,622.0,0.0
5.193630136841036,621.0,0.0
5.1939393018625,620.0,0.0
5.194813523400352,619.0,0.0
5.200753909534025,618.0,0.0
5.203543123813688,617.0,0.0
5.218014305644239,616.0,0.0
5.245657845700625,615.0,0.0
5.250595766556882,614.0,0.0
5.257812071751393,613.0,0.0
5.259203700837952,612.0,0.0
5.266413277799025,611.0,0.0
5.268921684113845,610.0,0.0
5.294484934178904,609.0,0.0
5.300158514137669,608.0,0.0
5.325485396551232,607.0,0.0
5.32591207877905,606.0,0.0
5.336235873951521,605.0,0.0
5.345619782212133,604.0,0.0
5.348851852589255,603.0,0.0
5.348948766040357,602.0,0.0
5.349187542329232,601.0,0.0
5.350173189734242,600.0,0.0
5.366579691636731,599.0,0.0
5.375003960186805,598.0,0.0
5.384103304305091,597.0,0.0
5.385227971262167,596.0,0.0
5.435769454865769,595.0,0.0
5.457766915668713,594.0,0.0
5.46055921222226,593.0,0.0
5.503715694068631,592.0,0.0
5.5099411260506,591.0,0.0
5.513845520734276,590.0,0.0
5.527740814808217,589.0,0.0
5.529447321154281,588.0,0.0
5.530102364553306,587.0,0.0
5.554122668732031,586.0,0.0
5.562514334987329,585.0,0.0
5.572007397279873,584.0,0.0
5.580798091769762,583.0,0.0
5.59116626466641,582.0,0.0
5.5924284676962035,581.0,0.0
5.596193509416488,580.0,0.0
5.608096606799382,579.0,0.0
5.61981137097837,578.0,0.0
5.62235265559798,577.0,0.0
5.6225509014654245,576.0,0.0
5.6271802848961485,575.0,0.0
5.629165122913684,574.0,0.0
5.638757480834561,573.0,0.0
5.643688442594934,572.0,0.0
5.645077859615091,571.0,0.0
5.650929956091582,570.0,0.0
5.664012121305084,569.0,0.0
5.673336696927504,568.0,0.0
5.679805330602018,567.0,0.0
5.687494880421194,566.0,0.0
5.717532111165853,565.0,0.0
5.7226420520828825,564.0,0.0
5.7292474847300525,563.0,0.0
5.734428726546664,562.0,0.0
5.737489786605042,561.0,0.0
5.737502080130447,560.0,0.0
5.740405412388338,559.0,0.0
5.741488167310687,558.0,0.0
5.744594656809146,557.0,0.0
5.751113628295704,556.0,0.0
5.765678877731527,555.0,0.0
5.770333189148419,554.0,0.0
5.773328701867449,553.0,0.0
5.78015131164246,552.0,0.0
5.7878922975608225,551.0,0.0
5.789382816195125,550.0,0.0
5.806196611658745,549.0,0.0
5.80821129795196,548.0,0.0
5.810077434223794,547.0,0.0
5.813978877982327,546.0,0.0
5.815298882341253,545.0,0.0
5.834621439685016,544.0,0.0
5.852959810248257,543.0,0.0
5.857894044627714,542.0,0.0
5.859677561088415,541.0,0.0
5.868402694935359,540.0,0.0
5.874587747725689,539.0,0.0
5.879594549675694,538.0,0.0
5.886416349281895,537.0,0.0
5.890200910309615,536.0,0.0
5.902692480279191,535.0,0.0
5.919170750474929,534.0,0.0
5.926115626795206,533.0,0.0
5.9308508325577725,532.0,0.0
5.9381031322710305,531.0,0.0
5.941734880262245,530.0,0.0
5.94827044653535,529.0,0.0
5.952868510406007,528.0,0.0
5.962378969789406,527.0,0.0
5.972150448561964,526.0,0.0
5.973275853731328,525.0,0.0
5.981765888371622,524.0,0.0
5.982223195767521,523.0,0.0
5.9909479269436146,522.0,0.0
5.99733380792032,521.0,0.0
6.001378944642045,520.0,0.0
6.012299022564436,519.0,0.0
6.01463239256998,518.0,0.0
6.018599131239398,517.0,0.0
6.023983246116401,516.0,0.0
6.027537032036475,515.0,0.0
6.033558670249871,514.0,0.0
6.047292863873122,513.0,0.0
6.055248690502571,512.0,0.0
6.055829929235814,511.0,0.0
6.061588612037177,510.0,0.0
6.061892508447734,509.0,0.0
6.062599215538457,508.0,0.0
6.067309772688741,507.0,0.0
6.078052979713023,506.0,0.0
6.0812056574279625,505.0,0.0
6.08418744552439,504.0,0.0
6.090109842446208,503.0,0.0
6.090851991907958,502.0,0.0
6.099480021994983,501.0,0.0
6.100164676331698,500.0,0.0
6.11058591624231,499.0,0.0
6.11511104742652,498.0,0.0
6.119880340974508,497.0,0.0
6.141026728854357,496.0,0.0
6.149081549106687,495.0,0.0
6.170243306042492,494.0,0.0
6.1831372625294225,493.0,0.0
6.188074612659809,492.0,0.0
6.189036463599414,491.0,0.0
6.200412997044244,490.0,0.0
6.209970787062693,489.0,0.0
6.217926592036845,488.0,0.0
6.223322558979463,487.0,0.0
6.227336426710928,486.0,0.0
6.2452435372147175,485.0,0.0
6.252860138753597,484.0,0.0
6.254091474637525,483.0,0.0
6.2731039652533145,482.0,0.0
6.27473016975169,481.0,0.0
6.276062112650943,480.0,0.0
6.281542118529877,479.0,0.0
6.282709683006908,478.0,0.0
6.282877501417001,477.0,0.0
6.284046437225242,476.0,0.0
6.284956297655918,475.0,0.0
6.287015909904364,474.0,0.0
6.287714596595119,473.0,0.0
6.294006356030734,472.0,0.0
6.297973272784091,471.0,0.0
6.301184343567556,470.0,0.0
6.305886073295675,469.0,0.0
6.306009770248878,468.0,0.0
6.306218303012132,467.0,0.0
6.33214174817207,466.0,0.0
6.336469129503034,465.0,0.0
6.339210077139533,464.0,0.0
6.375014317748407,463.0,0.0
6.378961322327641,462.0,0.0
6.379619211279174,461.0,0.0
6.387162122547457,460.0,0.0
6.389788973670712,459.0,0.0
6.39179980029234,458.0,0.0
6.393255797083723,457.0,0.0
6.410005369105798,456.0,0.0
6.434778180580035,455.0,0.0
6.458204751084323,454.0,0.0
6.4607412795609545,453.0,0.0
6.461931484065575,452.0,0.0
6.470195796713773,451.0,0.0
6.473531404301564,450.0,0.0
6.488431079172168,449.0,0.0
6.530037233283066,448.0,0.0
6.534565820619201,447.0,0.0
6.537384090276659,446.0,0.0
6.540380951959556,445.0,0.0
6.560376685050546,444.0,0.0
6.577199477177288,443.0,0.0
6.579992313342542,442.0,0.0
6.600713564873527,441.0,0.0
6.61695024277476,440.0,0.0
6.632076962195314,439.0,0.0
6.647932993416914,438.0,0.0
6.655630899326401,437.0,0.0
6.658112168370507,436.0,0.0
6.662817901479408,435.0,0.0
6.677603389583483,434.0,0.0
6.677815843183879,433.0,0.0
6.687522054967057,432.0,0.0
6.7002073462949,431.0,0.0
6.7045405731640155,430.0,0.0
6.707775353284978,429.0,0.0
6.710990403791598,428.0,0.0
6.722225013838814,427.0,0.0
6.723562652944093,426.0,0.0
6.738795577492293,425.0,0.0
6.743809823652677,424.0,0.0
6.752741896792409,423.0,0.0
6.754610486499576,422.0,0.0
6.775600348976779,421.0,0.0
6.783659478904157,420.0,0.0
6.784503191890021,419.0,0.0
6.79321846833918,418.0,0.0
6.798604680008339,417.0,0.0
6.802472518366439,416.0,0.0
6.812698737763731,415.0,0.0
6.813872119361988,414.0,0.0
6.814501690268078,413.0,0.0
6.829387496838112,412.0,0.0
6.833788980074374,411.0,0.0
6.852140180586537,410.0,0.0
6.868533596988443,409.0,0.0
6.880327394807697,408.0,0.0
6.885464156605127,407.0,0.0
6.900511167243947,406.0,0.0
6.90584173261408,405.0,0.0
6.914805611379407,404.0,0.0
6.921354725158069,403.0,0.0
6.923713151010147,402.0,0.0
6.93801164921762,401.0,0.0
6.9491879435867485,400.0,0.0
6.977720132806387,399.0,0.0
6.98196649492759,398.0,0.0
6.983084496143512,397.0,0.0
6.98995463708583,396.0,0.0
6.991599255013426,395.0,0.0
6.993873551761685,394.0,0.0
6.9973680769864695,393.0,0.0
7.000083867663169,392.0,0.0
7.029452926050678,391.0,0.0
7.0380828598357725,390.0,0.0
7.041460562600664,389.0,0.0
7.041540500009079,388.0,0.0
7.044599946784773,387.0,0.0
7.044925127160172,386.0,0.0
7.05370407877296,385.0,0.0
7.072217291314777,384.0,0.0
7.077394654934528,383.0,0.0
7.083530688678441,382.0,0.0
7.085368801565631,381.0,0.0
7.092936457417276,380.0,0.0
7.093959297561269,379.0,0.0
7.099549274445458,378.0,0.0
7.106511942944546,377.0,0.0
7.120812454649765,376.0,0.0
7.1230138925045114,375.0,0.0
7.132279318605175,374.0,0.0
7.133372714671221,373.0,0.0
7.149601989807647,372.0,0.0
7.16364744278597,371.0,0.0
7.177119499272363,370.0,0.0
7.177561294987735,369.0,0.0
7.177932978196763,368.0,0.0
7.207525581452247,367.0,0.0
7.216631955364587,366.0,0.0
7.22269667401533,365.0,0.0
7.228441489106814,364.0,0.0
7.26878172013631,363.0,0.0
7.269823597075382,362.0,0.0
7.271063779760193,361.0,0.0
7.279252406966079,360.0,0.0
7.284022394129328,359.0,0.0
7.307297345542405,358.0,0.0
7.325679340875681,357.0,0.0
7.345719054335291,356.0,0.0
7.34827287813873,355.0,0.0
7.375401369096343,354.0,0.0
7.394801669900466,353.0,0.0
7.395779683236128,352.0,0.0
7.4151083918371485,351.0,0.0
7.416367585091398,350.0,0.0
7.4361006787489785,349.0,0.0
7.438204226114302,348.0,0.0
7.457948350955536,347.0,0.0
7.461361159762825,346.0,0.0
7.465523842393471,345.0,0.0
7.466730505458911,344.0,0.0
7.47070087553008,343.0,0.0
7.5014337419021935,342.0,0.0
7.502262624674274,341.0,0.0
7.513391528827226,340.0,0.0
7.51490860391243,339.0,0.0
7.518216554986836,338.0,0.0
7.536062163869347,337.0,0.0
7.570502199511494,336.0,0.0
7.5915783752961,335.0,0.0
7.61602950381183,334.0,0.0
7.625054460761201,333.0,0.0
7.6280878013558375,332.0,0.0
7.6352303071757275,331.0,0.0
7.63604083817543,330.0,0.0
7.679935277754551,329.0,0.0
7.6893069349910315,328.0,0.0
7.701876859234537,327.0,0.0
7.7369785035320575,326.0,0.0
7.75146250001166,325.0,0.0
7.751969498168091,324.0,0.0
7.756350658676514,323.0,0.0
7.759726161582003,322.0,0.0
7.7600920267041955,321.0,0.0
7.761375270505086,320.0,0.0
7.7661301975838235,319.0,0.0
7.779084368979483,318.0,0.0
7.7918094288353785,317.0,0.0
7.804502728669145,316.0,0.0
7.808875381042903,315.0,0.0
7.813017342435676,314.0,0.0
7.8215757547972355,313.0,0.0
7.847179022976807,312.0,0.0
7.8676618327327725,311.0,0.0
7.881261265691082,310.0,0.0
7.882375063278606,309.0,0.0
7.89852577108231,308.0,0.0
7.898548314488002,307.0,0.0
7.914266885545249,306.0,0.0
7.919763105676086,305.0,0.0
7.9347041578324955,304.0,0.0
7.944346817526428,303.0,0.0
7.945064613894991,302.0,0.0
7.9521781869127635,301.0,0.0
7.959331076310539,300.0,0.0
7.966202721106014,299.0,0.0
7.970537260003123,298.0,0.0
7.975797771301345,297.0,0.0
7.987420405150247,296.0,0.0
7.988127399463435,295.0,0.0
7.995500878303061,294.0,0.0
8.00597618142966,293.0,0.0
8.00675549219885,292.0,0.0
8.010302807879919,291.0,0.0
8.014961882502048,290.0,0.0
8.022165958084532,289.0,0.0
8.02605406445585,288.0,0.0
8.026367336272909,287.0,0.0
8.031949528053824,286.0,0.0
8.036248061005153,285.0,0.0
8.040799416606886,284.0,0.0
8.051550598807665,283.0,0.0
8.05399676071929,282.0,0.0
8.05545335160323,281.0,0.0
8.065052077893181,280.0,0.0
8.068095870391367,279.0,0.0
8.098580320805166,278.0,0.0
8.116784505424828,277.0,0.0
8.121522043684017,276.0,0.0
8.134005052955356,275.0,0.0
8.137610979191763,274.0,0.0
8.155162719365638,273.0,0.0
8.157678492452973,272.0,0.0
8.15863760839566,271.0,0.0
8.163645175434025,270.0,0.0
8.169802930234207,269.0,0.0
8.174584710730029,268.0,0.0
8.18225706473551,267.0,0.0
8.187129175351314,266.0,0.0
8.197937504120292,265.0,0.0
8.221143821316032,264.0,0.0
8.232189415753993,263.0,0.0
8.234039821063547,262.0,0.0
8.240538330372623,261.0,0.0
8.2438304307193,260.0,0.0
8.26162256743261,259.0,0.0
8.264737366428907,258.0,0.0
8.272897146466331,257.0,0.0
8.284851315631464,256.0,0.0
8.287418379687608,255.0,0.0
8.301524590666638,254.0,0.0
8.315861656423133,253.0,0.0
8.338219506072416,252.0,0.0
8.361562478419506,251.0,0.0
8.37063428119691,250.0,0.0
8.402116987223744,249.0,0.0
8.41026101620156,248.0,0.0
8.452605351796567,247.0,0.0
8.45653486153362,246.0,0.0
8.461052962492692,245.0,0.0
8.46369360040544,244.0,0.0
8.48665132005487,243.0,0.0
8.491415635166955,242.0,0.0
8.507843566468523,241.0,0.0
8.528229883926022,240.0,0.0
8.539380653365201,239.0,0.0
8.551642826315257,238.0,0.0
8.554917593219981,237.0,0.0
8.555345838502676,236.0,0.0
8.569568825959564,235.0,0.0
8.570891448702298,234.0,0.0
8.579705458611683,233.0,0.0
8.594985911569829,232.0,0.0
8.601164900047452,231.0,0.0
8.601343004306532,230.0,0.0
8.606400760379994,229.0,0.0
8.646920315659521,228.0,0.0
8.656487629555217,227.0,0.0
8.657660803054753,226.0,0.0
8.657840879238128,225.0,0.0
8.663812223516743,224.0,0.0
8.676738973849053,223.0,0.0
8.71276279829311,222.0,0.0
8.713740727628952,221.0,0.0
8.71992257814089,220.0,0.0
8.731359737341148,219.0,0.0
8.739456180940424,218.0,0.0
8.740279762897012,217.0,0.0
8.744377295057111,216.0,0.0
8.748426443202513,215.0,0.0
8.76846903237527,214.0,0.0
8.77748656999076,213.0,0.0
8.781752297798807,212.0,0.0
8.797866780683373,211.0,0.0
8.813312072262926,210.0,0.0
8.814728653160648,209.0,0.0
8.8185637534517,208.0,0.0
8.822242779412106,207.0,0.0
8.825600184240352,206.0,0.0
8.837878500219647,205.0,0.0
8.842867076447577,204.0,0.0
8.871888355085323,203.0,0.0
8.872037256315725,202.0,0.0
8.922001726074212,201.0,0.0
8.924260148302846,200.0,0.0
8.932669360627937,199.0,0.0
8.938744419484582,198.0,0.0
8.94116808822389,197.0,0.0
8.943635900324825,196.0,0.0
8.955071164307201,195.0,0.0
8.967494589371022,194.0,0.0
8.985533635584586,193.0,0.0
8.994912924851464,192.0,0.0
8.999860018008265,191.0,0.0
9.030728856292527,190.0,0.0
9.031636636030743,189.0,0.0
9.032830717892823,188.0,0.0
9.037405727562707,187.0,0.0
9.0773613354952,186.0,0.0
9.082555705515649,185.0,0.0
9.085805189686672,184.0,0.0
9.098194011998666,183.0,0.0
9.108683416633864,182.0,0.0
9.129095844400693,181.0,0.0
9.141198952728635,180.0,0.0
9.15086716710154,179.0,0.0
9.154202065114635,178.0,0.0
9.154740780113633,177.0,0.0
9.157949751130898,176.0,0.0
9.15829611688782,175.0,0.0
9.165203122034866,174.0,0.0
9.175833486317957,173.0,0.0
9.188370410508856,172.0,0.0
9.21224443008052,171.0,0.0
9.216570435538966,170.0,0.0
9.216953495594977,169.0,0.0
9.261676384452025,168.0,0.0
9.268236022550086,167.0,0.0
9.312419531797527,166.0,0.0
9.312484369139494,165.0,0.0
9.319191645747729,164.0,0.0
9.330148041113011,163.0,0.0
9.34123614443455,162.0,0.0
9.355070521079428,161.0,0.0
9.364871058296568,160.0,0.0
9.370851393990742,159.0,0.0
9.374722601666825,158.0,0.0
9.381132691058264,157.0,0.0
9.392584153951447,156.0,0.0
9.39789523914692,155.0,0.0
9.412897397417986,154.0,0.0
9.44824516138814,153.0,0.0
9.461887526481886,152.0,0.0
9.463115458662015,151.0,0.0
9.494836854955839,150.0,0.0
9.498083722535497,149.0,0.0
9.504263229571446,148.0,0.0
9.526818978673983,147.0,0.0
9.534669392392885,146.0,0.0
9.547479911262212,145.0,0.0
9.557185001390165,144.0,0.0
9.575855671193112,143.0,0.0
9.58009926746548,142.0,0.0
9.594025087046184,141.0,0.0
9.594606296152696,140.0,0.0
9.605473001780194,139.0,0.0
9.61914417284514,138.0,0.0
9.626244743970267,137.0,0.0
9.627524276091867,136.0,0.0
9.638546577511308,135.0,0.0
9.641842159593306,134.0,0.0
9.652931418147881,133.0,0.0
9.66109958338077,132.0,0.0
9.667783767062355,131.0,0.0
9.681129898222704,130.0,0.0
9.683832775974027,129.0,0.0
9.702377397518966,128.0,0.0
9.705713920205744,127.0,0.0
9.71181852824936,126.0,0.0
9.714183516484011,125.0,0.0
9.715785136714178,124.0,0.0
9.75111028008734,123.0,0.0
9.755510022127277,122.0,0.0
9.765673996963955,121.0,0.0
9.7741616880353,120.0,0.0
9.77468864246046,119.0,0.0
9.776594143494844,118.0,0.0
9.797791982269773,117.0,0.0
9.80648488622844,116.0,0.0
9.828710633878748,115.0,0.0
9.835947570426468,114.0,0.0
9.836038736780802,113.0,0.0
9.836847549699904,112.0,0.0
9.837327093290382,111.0,0.0
9.849232966704104,110.0,0.0
9.851263701900876,109.0,0.0
9.855932957349859,108.0,0.0
9.876557962285833,107.0,0.0
9.886363784115863,106.0,0.0
9.888865667350508,105.0,0.0
9.919052263336166,104.0,0.0
9.920301239511353,103.0,0.0
9.920867788750266,102.0,0.0
9.926330995322115,101.0,0.0
9.928302516201974,100.0,0.0
9.936905955803994,99.0,0.0
9.946704227892806,98.0,0.0
9.949520293036255,97.0,0.0
9.991073555145057,96.0,0.0
9.99315890043229,95.0,0.0
9.994190361893008,94.0,0.0
10.010152311625458,93.0,0.0
10.028372224978565,92.0,0.0
10.032585060941221,91.0,0.0
10.043272458403813,90.0,0.0
10.050346484541697,89.0,0.0
10.05733130691964,88.0,0.0
10.079888220079935,87.0,0.0
10.097862128453837,86.0,0.0
10.150119230102133,85.0,0.0
10.166776617761728,84.0,0.0
10.167085590885613,83.0,0.0
10.175804324923204,82.0,0.0
10.1999648898983,81.0,0.0
10.201402907424653,80.0,0.0
10.208152363497831,79.0,0.0
10.217937707196729,78.0,0.0
10.22415875882551,77.0,0.0
10.232454667562292,76.0,0.0
10.2372510964825,75.0,0.0
10.245987844481558,74.0,0.0
10.262230409986518,73.0,0.0
10.290435460867183,72.0,0.0
10.296624813347673,71.0,0.0
10.30107938321402,70.0,0.0
10.327594866467216,69.0,0.0
10.34665345053278,68.0,0.0
10.355591055333566,67.0,0.0
10.388032713537495,66.0,0.0
10.405901889244626,65.0,0.0
10.415436193128373,64.0,0.0
10.424592924185827,63.0,0.0
10.429500031036968,62.0,0.0
10.431635335161646,61.0,0.0
10.436960867662068,60.0,0.0
10.45430329779452,59.0,0.0
10.460260419747975,58.0,0.0
10.481019179015016,57.0,0.0
10.486341963832004,56.0,0.0
10.491995506441883,55.0,0.0
10.510073795868648,54.0,0.0
10.532783692724253,53.0,0.0
10.538644498948184,52.0,0.0
10.539462449976721,51.0,0.0
10.549543543943097,50.0,0.0
10.551921117487545,49.0,0.0
10.557568452728583,48.0,0.0
10.563518145153731,47.0,0.0
10.599169797244476,46.0,0.0
10.610306590824075,45.0,0.0
10.620728120872103,44.0,0.0
10.620906464140754,43.0,0.0
10.623417993936865,42.0,0.0
10.625527881415085,41.0,0.0
10.647103824787628,40.0,0.0
10.64854467097417,39.0,0.0
10.654369075575078,38.0,0.0
10.657888430941748,37.0,0.0
10.673518721712146,36.0,0.0
10.680655450077673,35.0,0.0
10.68559732685671,34.0,0.0
10.68979346233905,33.0,0.0
10.699399631725452,32.0,0.0
10.701734582674874,31.0,0.0
10.705551969714618,30.0,0.0
10.712182067282873,29.0,0.0
10.714829508466684,28.0,0.0
10.73422669784971,27.0,0.0
10.745392799254699,26.0,0.0
10.756421537258563,25.0,0.0
10.778361953057564,24.0,0.0
10.785444794852314,23.0,0.0
10.804552458590894,22.0,0.0
10.811283531613716,21.0,0.0
10.815857420490213,20.0,0.0
10.84778518535061,19.0,0.0
10.850411811345518,18.0,0.0
10.869594709158765,17.0,0.0
10.872739316941933,16.0,0.0
10.881426338239407,15.0,0.0
10.88814386241324,14.0,0.0
10.90655137089137,13.0,0.0
10.931335660259803,12.0,0.0
10.941666391022382,11.0,0.0
10.975203101819464,10.0,0.0
10.988761679789423,9.0,0.0
11.053174007789618,8.0,0.0
11.067633580067584,7.0,0.0
11.085110777161852,6.0,0.0
11.097614787341247,5.0,0.0
11.10815543132223,4.0,0.0
11.11606060268943,3.0,0.0
11.129010932172259,2.0,0.0
11.145656362192744,1.0,0.0
11.167079810416336,0.0,0.0
12.2850828376023,1.0,0.0
12.294485278604807,0.0,0.0
12.76703750132702,1.0,0.0
12.796723916925595,0.0,0.0
12.831023421804693,1.0,0.0
12.880316995143737,0.0,0.0
12.973953565290321,1.0,0.0
13.047381516123998,0.0,0.0
13.13162919027499,1.0,0.0
13.135301643622862,0.0,0.0
13.149656036467167,1.0,0.0
13.158814271395778,2.0,0.0
13.164458526185827,1.0,0.0
13.170058229597933,0.0,0.0
13.188112093031744,1.0,0.0
13.188606527932725,0.0,0.0
13.41423569117975,1.0,0.0
13.425067926112543,0.0,0.0
13.521704505820015,1.0,0.0
13.534624168053297,0.0,0.0
13.535332043253453,1.0,0.0
13.538667411085926,0.0,0.0
13.615313695138983,1.0,0.0
13.64301790477952,0.0,0.0
13.670038106841712,1.0,0.0
13.764626339696099,0.0,0.0
13.772713271393998,1.0,0.0
13.793502687802047,0.0,0.0
13.810623905998668,1.0,0.0
13.823386077292446,0.0,0.0
13.912060965275632,1.0,0.0
13.918239211719495,0.0,0.0
13.945347310645902,1.0,0.0
13.950159558970793,2.0,0.0
13.980847792450072,1.0,0.0
13.989208313008957,0.0,0.0
14.04319511695861,1.0,0.0
14.057790231456986,0.0,0.0
14.060845827836337,1.0,0.0
14.082475107577304,0.0,0.0
14.08527402187804,1.0,0.0
14.086996675645457,0.0,0.0
14.11490942083075,1.0,0.0
14.134092109314336,0.0,0.0
14.255779293318582,1.0,0.0
14.2873470537529,2.0,0.0
14.28937836970137,1.0,0.0
14.300525194794332,0.0,0.0
14.325613579439475,1.0,0.0
14.332572774101369,2.0,0.0
14.36126498933976,1.0,0.0
14.363824745608964,0.0,0.0
14.406862221339942,1.0,0.0
14.458430920576543,2.0,0.0
14.461228254547516,1.0,0.0
14.484151473866774,0.0,0.0
14.484794487601153,1.0,0.0
14.485482138244086,0.0,0.0
14.524961572402658,1.0,0.0
14.53908270647871,0.0,0.0
14.545217978192913,1.0,0.0
14.549688171856108,0.0,0.0
14.593136773905732,1.0,0.0
14.599628362630707,2.0,0.0
14.601149019209728,3.0,0.0
14.60949635797985,2.0,0.0
14.625551640110979,1.0,0.0
14.627027636608247,0.0,0.0
14.640508588075782,1.0,0.0
14.664760594303747,2.0,0.0
14.671462085618158,1.0,0.0
14.684651251949724,2.0,0.0
14.701864699347869,3.0,0.0
14.70471277121108,4.0,0.0
14.72039403755072,3.0,0.0
14.730129868491835,2.0,0.0
14.732969157947721,1.0,0.0
14.737164335142968,2.0,0.0
14.760624256455893,1.0,0.0
14.764862329572004,2.0,0.0
14.792224319390995,1.0,0.0
14.821656367696548,2.0,0.0
14.823532623639828,3.0,0.0
14.827905985966662,4.0,0.0
14.83357215378492,5.0,0.0
14.836409706049695,4.0,0.0
14.8442156777687,3.0,0.0
14.846455766546372,4.0,0.0
14.846901706093428,5.0,0.0
14.85508526256778,4.0,0.0
14.864393888420759,5.0,0.0
14.867035959991824,4.0,0.0
14.871022568441518,5.0,0.0
14.871700059254904,4.0,0.0
14.875816124114618,3.0,0.0
14.876893392186702,2.0,0.0
14.889403643867926,1.0,0.0
14.911113114401937,2.0,0.0
14.916318585864094,1.0,0.0
14.917641595163111,0.0,0.0
14.972374017112202,1.0,0.0
14.974667843619336,0.0,0.0
14.983245329855079,1.0,0.0
15.0145864248611,2.0,0.0
15.019981460316153,1.0,0.0
15.021553819275626,0.0,0.0
15.03833925883866,1.0,0.0
15.045477312173198,2.0,0.0
15.05915048903033,1.0,0.0
15.06388783902431,2.0,0.0
15.066167568053142,1.0,0.0
15.07903529582482,0.0,0.0
15.092389114548157,1.0,0.0
15.118848583300734,0.0,0.0
15.133791129224315,1.0,0.0
15.135028454594442,0.0,0.0
15.138522976467911,1.0,0.0
15.14851797602362,2.0,0.0
15.149983340118887,1.0,0.0
15.154449797267075,0.0,0.0
15.169798755439743,1.0,0.0
15.177233171875141,0.0,0.0
15.195865359536624,1.0,0.0
15.197798861309723,2.0,0.0
15.205702831924865,1.0,0.0
15.213289334832051,2.0,0.0
15.216448414991431,3.0,0.0
15.222503475226,2.0,0.0
15.223127852625426,1.0,0.0
15.255909788594462,0.0,0.0
15.30770451481741,1.0,0.0
15.316030636549788,0.0,0.0
15.338328570860725,1.0,0.0
15.343421844012028,2.0,0.0
15.350301357367941,1.0,0.0
15.352158410932516,0.0,0.0
15.356936528751048,1.0,0.0
15.371645373539595,0.0,0.0
15.378435638632245,1.0,0.0
15.378980868646597,2.0,0.0
15.389155499119024,3.0,0.0
15.392271356184931,2.0,0.0
15.401480773735303,1.0,0.0
15.402767231468554,0.0,0.0
15.421308199621137,1.0,0.0
15.421787652086975,2.0,0.0
15.429735802365576,1.0,0.0
15.436771693275356,2.0,0.0
15.452944990186491,3.0,0.0
15.453770210125374,2.0,0.0
15.480337997103542,1.0,0.0
15.496961994475388,0.0,0.0
15.501825949795855,1.0,0.0
15.516093572551913,2.0,0.0
15.529965379233232,3.0,0.0
15.55822014496875,2.0,0.0
15.56187812224008,3.0,0.0
15.563014920479151,4.0,0.0
15.564144602251647,5.0,0.0
15.568207312110378,6.0,0.0
15.572208481263463,5.0,0.0
15.579183993389131,4.0,0.0
15.595955743684666,3.0,0.0
15.603111417317919,4.0,0.0
15.613075050574963,3.0,0.0
15.637157943060323,2.0,0.0
15.648633034114196,3.0,0.0
15.652518102085306,2.0,0.0
15.659449600523509,3.0,0.0
15.66426228032697,4.0,0.0
15.666149495928705,3.0,0.0
15.673296708514595,4.0,0.0
15.704934278498634,3.0,0.0
15.705387789592107,4.0,0.0
15.708500684583353,5.0,0.0
15.7107776676588,6.0,0.0
15.711754445492858,5.0,0.0
15.717130381348394,6.0,0.0
15.719997143590081,5.0,0.0
15.722577499425778,4.0,0.0
15.727931903517057,5.0,0.0
15.752176207714218,6.0,0.0
15.756336370479655,5.0,0.0
15.757391740519047,6.0,0.0
15.762641702973456,5.0,0.0
15.766204275659955,6.0,0.0
15.778463189885763,5.0,0.0
15.779896402513206,4.0,0.0
15.789611592580519,5.0,0.0
15.79444916148261,6.0,0.0
15.795730222458888,5.0,0.0
15.799506400015188,6.0,0.0
15.800391768762479,7.0,0.0
15.8292557841886,8.0,0.0
15.83447377925898,7.0,0.0
15.851738693569098,8.0,0.0
15.859441441353407,7.0,0.0
15.86147871461835,8.0,0.0
15.874461887097363,7.0,0.0
15.877704006843278,8.0,0.0
15.888967277551398,7.0,0.0
15.890224871068597,6.0,0.0
15.890320273078762,5.0,0.0
15.89458607974774,6.0,0.0
15.899158137786765,5.0,0.0
15.90136498218548,6.0,0.0
15.906883437757719,7.0,0.0
15.90699935064344,8.0,0.0
15.91382980891337,9.0,0.0
15.930246612792258,8.0,0.0
15.931588640510515,9.0,0.0
15.931900478105476,10.0,0.0
15.933458074578562,9.0,0.0
15.936509633467933,8.0,0.0
15.93699806859751,9.0,0.0
15.963332860318495,8.0,0.0
15.973277642883556,9.0,0.0
15.986268733333699,10.0,0.0
15.987253802873052,9.0,0.0
15.994226311616606,10.0,0.0
16.007340343091848,11.0,0.0
16.013966653874043,12.0,0.0
16.019253844639266,11.0,0.0
16.03447989878059,12.0,0.0
16.047970042444035,11.0,0.0
16.05032214101552,12.0,0.0
16.059660282052153,13.0,0.0
16.06360352918151,14.0,0.0
16.06617673997185,15.0,0.0
16.072730177770698,14.0,0.0
16.090451624120792,13.0,0.0
16.11280838417624,12.0,0.0
16.12001393229323,13.0,0.0
16.122967326084087,14.0,0.0
16.12376466437911,15.0,0.0
16.12829374189179,14.0,0.0
16.152614053412616,15.0,0.0
16.154925566884753,16.0,0.0
16.155279083732193,17.0,0.0
16.15943433128486,18.0,0.0
16.184685659164966,19.0,0.0
16.192086073428115,18.0,0.0
16.19587256256879,19.0,0.0
16.201274216761366,18.0,0.0
16.21009503680764,19.0,0.0
16.211720100662966,18.0,0.0
16.212861552163954,17.0,0.0
16.214214886876007,18.0,0.0
16.21798846227051,17.0,0.0
16.220675411765548,16.0,0.0
16.230279442644758,17.0,0.0
16.23592984392933,18.0,0.0
16.239937116448193,17.0,0.0
16.25178326855222,16.0,0.0
16.258067279288817,17.0,0.0
16.271702719964242,16.0,0.0
16.27395601063871,17.0,0.0
16.27692942714114,18.0,0.0
16.28529048550359,19.0,0.0
16.287784183371773,18.0,0.0
16.289133185445195,19.0,0.0
16.297493167896114,20.0,0.0
16.299483302218658,21.0,0.0
16.31183079113026,20.0,0.0
16.3180038059038,19.0,0.0
16.321064111309237,20.0,0.0
16.336835656419424,19.0,0.0
16.337320742905895,20.0,0.0
16.357562681019395,19.0,0.0
16.368430596124856,20.0,0.0
16.371286946521053,19.0,0.0
16.37808013149754,18.0,0.0
16.379736551226472,19.0,0.0
16.390191196577682,18.0,0.0
16.392002326843468,17.0,0.0
16.39419131222509,16.0,0.0
16.402832406226818,17.0,0.0
16.406100028677322,18.0,0.0
16.41006901181664,17.0,0.0
16.420687785864544,16.0,0.0
16.423899955823344,15.0,0.0
16.425929764756546,14.0,0.0
16.431873725446707,15.0,0.0
16.43649057964023,16.0,0.0
16.44211068945074,17.0,0.0
16.44719004867882,18.0,0.0
16.44825454895506,19.0,0.0
16.45565787800898,20.0,0.0
16.45749726679322,19.0,0.0
16.468133521105543,18.0,0.0
16.474456289208526,19.0,0.0
16.47945011484331,20.0,0.0
16.48779344820737,21.0,0.0
16.48823737493469,20.0,0.0
16.488455901391088,21.0,0.0
16.495188343660743,22.0,0.0
16.51414074614533,23.0,0.0
16.51709550689994,22.0,0.0
16.522455573007843,23.0,0.0
16.530930832496605,22.0,0.0
16.531990397410105,23.0,0.0
16.535225524961213,24.0,0.0
16.536978851379047,25.0,0.0
16.541664743302828,24.0,0.0
16.542178737180464,25.0,0.0
16.54433875549791,24.0,0.0
16.552447943270067,25.0,0.0
16.56219730892857,26.0,0.0
16.566199501662098,27.0,0.0
16.56633773695895,28.0,0.0
16.567890211132895,27.0,0.0
16.569860390817077,26.0,0.0
16.58087400134728,27.0,0.0
16.585518648771405,26.0,0.0
16.587519729284214,25.0,0.0
16.607752830036166,24.0,0.0
16.614330543524346,25.0,0.0
16.614463919014987,26.0,0.0
16.625858358837064,27.0,0.0
16.639840230915087,26.0,0.0
16.640130541744455,25.0,0.0
16.65060301533493,26.0,0.0
16.651375317084984,27.0,0.0
16.652146487558028,26.0,0.0
16.655133068922186,27.0,0.0
16.65990572603184,28.0,0.0
16.680251706415046,29.0,0.0
16.68784020780763,30.0,0.0
16.698016550663283,31.0,0.0
16.699298199019008,32.0,0.0
16.70060671298683,33.0,0.0
16.70078401623496,34.0,0.0
16.704143034503232,33.0,0.0
16.712324402181004,34.0,0.0
16.713857521680353,35.0,0.0
16.7196276323151,34.0,0.0
16.724353751236638,35.0,0.0
16.744055085350496,34.0,0.0
16.749623082253912,33.0,0.0
16.756566575602946,34.0,0.0
16.761925459022272,35.0,0.0
16.771934393076133,34.0,0.0
16.773368804987037,35.0,0.0
16.78037263225617,36.0,0.0
16.802850373316918,37.0,0.0
16.812487724984077,38.0,0.0
16.83377946120147,37.0,0.0
16.839169784882802,38.0,0.0
16.843632630252564,39.0,0.0
16.849787479034347,38.0,0.0
16.854488284237895,39.0,0.0
16.85841712642318,38.0,0.0
16.859420835384235,39.0,0.0
16.8661642415914,40.0,0.0
16.8702472145863,41.0,0.0
16.878973044391785,42.0,0.0
16.88091140207138,43.0,0.0
16.88198531557454,42.0,0.0
16.88498068462261,41.0,0.0
16.88865541185859,42.0,0.0
16.894615354830293,43.0,0.0
16.903810839234342,44.0,0.0
16.91092368332515,45.0,0.0
16.912017485188237,46.0,0.0
16.920109057044126,47.0,0.0
16.923000448057262,48.0,0.0
16.923966294226197,49.0,0.0
16.925953492941346,50.0,0.0
16.926636468977065,51.0,0.0
16.927247137144374,52.0,0.0
16.92757329284198,51.0,0.0
16.955358707885686,52.0,0.0
16.955432433139112,53.0,0.0
16.96035815313497,54.0,0.0
16.973440999024994,55.0,0.0
16.974804263827362,54.0,0.0
16.995561478784012,55.0,0.0
16.99773359783364,56.0,0.0
17.010841753565018,57.0,0.0
17.011050229140324,58.0,0.0
17.011124262240273,59.0,0.0
17.016887772618695,60.0,0.0
17.030923289532858,61.0,0.0
17.048955951795453,62.0,0.0
17.049675775221964,63.0,0.0
17.050538810929083,64.0,0.0
17.051034246780056,65.0,0.0
17.056355402925757,64.0,0.0
17.0612409433871,63.0,0.0
17.062282961198243,64.0,0.0
17.066100102154643,63.0,0.0
17.073735901118088,64.0,0.0
17.07740544825153,65.0,0.0
17.07741529212534,64.0,0.0
17.07814856393563,65.0,0.0
17.0794022667837,66.0,0.0
17.087216720951552,65.0,0.0
17.09059717534064,64.0,0.0
17.09393609025995,65.0,0.0
17.107763438613755,64.0,0.0
17.110205226733378,63.0,0.0
17.113025641301803,62.0,0.0
17.11419619919429,61.0,0.0
17.121939046009985,60.0,0.0
17.122199017253962,59.0,0.0
17.126617599472787,58.0,0.0
17.127490193382545,57.0,0.0
17.131803735737858,56.0,0.0
17.134020774949434,55.0,0.0
17.150288054313204,56.0,0.0
17.15253207315123,55.0,0.0
17.158485455950277,54.0,0.0
17.169309041332617,53.0,0.0
17.171547249074308,54.0,0.0
17.17494387135063,55.0,0.0
17.179522170152364,54.0,0.0
17.184101860884294,53.0,0.0
17.186718241235717,54.0,0.0
17.204195467522375,53.0,0.0
17.20440025769688,52.0,0.0
17.21122420903434,51.0,0.0
17.221351847087828,52.0,0.0
17.2349615841796,53.0,0.0
17.243917384557786,54.0,0.0
17.25667548186172,53.0,0.0
17.259825041926224,52.0,0.0
17.261272114710415,51.0,0.0
17.265498330403553,52.0,0.0
17.266188113716243,53.0,0.0
17.269845738046698,52.0,0.0
17.269981279978147,53.0,0.0
17.272784011781198,54.0,0.0
17.27958145705989,55.0,0.0
17.279724383481593,54.0,0.0
17.285989053323608,55.0,0.0
17.288446595845638,56.0,0.0
17.290503881115832,55.0,0.0
17.291907805705,56.0,0.0
17.296241960521606,57.0,0.0
17.308054016474053,58.0,0.0
17.315442925639182,59.0,0.0
17.324093605586366,60.0,0.0
17.32795123121896,61.0,0.0
17.329323842199532,60.0,0.0
17.332969800525838,61.0,0.0
17.342500089525792,60.0,0.0
17.344874822861,61.0,0.0
17.35167750615794,62.0,0.0
17.353942871733786,63.0,0.0
17.359524628404383,62.0,0.0
17.38077775777268,63.0,0.0
17.387546227418518,64.0,0.0
17.396491256500138,65.0,0.0
17.400756510143047,64.0,0.0
17.400789724081406,65.0,0.0
17.40165648388005,64.0,0.0
17.414430245219837,65.0,0.0
17.42017937723739,64.0,0.0
17.42131435526376,65.0,0.0
17.433870006115757,66.0,0.0
17.436109013568704,65.0,0.0
17.44050559466023,66.0,0.0
17.45573472055137,67.0,0.0
17.45573876074757,66.0,0.0
17.4591433378882,65.0,0.0
17.46014612048342,64.0,0.0
17.460935442615853,63.0,0.0
17.46248533845868,64.0,0.0
17.464762125042846,65.0,0.0
17.46825434330649,66.0,0.0
17.483150972049295,67.0,0.0
17.4976118282911,68.0,0.0
17.499239454513006,67.0,0.0
17.501037968782754,68.0,0.0
17.50137437601827,69.0,0.0
17.502335583352362,70.0,0.0
17.503370088651835,71.0,0.0
17.51509829015798,72.0,0.0
17.52107220412581,73.0,0.0
17.521619825711955,74.0,0.0
17.52500605937147,73.0,0.0
17.526024956455835,74.0,0.0
17.528294209198123,73.0,0.0
17.529586052803083,74.0,0.0
17.530679805371474,73.0,0.0
17.536163702594664,74.0,0.0
17.542541674610828,73.0,0.0
17.543467915126143,74.0,0.0
17.54756932900194,73.0,0.0
17.55190506385133,74.0,0.0
17.556613633199568,75.0,0.0
17.557918390051533,76.0,0.0
17.56093370335348,75.0,0.0
17.56747116392576,76.0,0.0
17.567755714818517,77.0,0.0
17.575191935824662,78.0,0.0
17.579168544497527,77.0,0.0
17.582613448173113,76.0,0.0
17.58554372868389,75.0,0.0
17.585548814181728,76.0,0.0
17.588304173375853,77.0,0.0
17.59024212499411,76.0,0.0
17.593844872729015,75.0,0.0
17.59636255443922,74.0,0.0
17.601526914437542,75.0,0.0
17.64100190320416,76.0,0.0
17.64472481808637,77.0,0.0
17.645314731027607,78.0,0.0
17.651967760588537,77.0,0.0
17.652616913192393,78.0,0.0
17.654637286097266,77.0,0.0
17.666479319376133,78.0,0.0
17.666507679145987,79.0,0.0
17.66696172764553,80.0,0.0
17.685961706280082,79.0,0.0
17.693916566533215,78.0,0.0
17.70058783905188,79.0,0.0
17.703317344907457,78.0,0.0
17.709826176117094,79.0,0.0
17.713683879094383,80.0,0.0
17.719198188950248,79.0,0.0
17.730603995235228,78.0,0.0
17.734161031646703,77.0,0.0
17.743378048371596,76.0,0.0
17.751019550554116,77.0,0.0
17.75212516823102,78.0,0.0
17.757930598191138,79.0,0.0
17.77632772660049,80.0,0.0
17.779857410918353,81.0,0.0
17.793545502750273,82.0,0.0
17.804212740648403,81.0,0.0
17.806084981834683,82.0,0.0
17.806193478126012,83.0,0.0
17.812357359579607,82.0,0.0
17.820741690422295,83.0,0.0
17.82745452759111,84.0,0.0
17.83179203020786,85.0,0.0
17.83294024027547,86.0,0.0
17.83900885911365,85.0,0.0
17.84141868933944,84.0,0.0
17.842422497038456,85.0,0.0
17.844642890239356,86.0,0.0
17.84666539513897,87.0,0.0
17.85075784810668,88.0,0.0
17.85223206318562,89.0,0.0
17.854262716099488,90.0,0.0
17.854723303770893,89.0,0.0
17.85487835298638,90.0,0.0
17.861845042928447,91.0,0.0
17.867110155501088,90.0,0.0
17.868332779426247,89.0,0.0
17.87330827440493,90.0,0.0
17.874339166077796,89.0,0.0
17.87784145258619,90.0,0.0
17.88235902496184,89.0,0.0
17.8837090153429,90.0,0.0
17.898855249263516,91.0,0.0
17.902641212049723,92.0,0.0
17.90720812523055,93.0,0.0
17.915167620149894,94.0,0.0
17.920197969908507,95.0,0.0
17.921117032470846,94.0,0.0
17.922123940934636,93.0,0.0
17.92948002006401,92.0,0.0
17.93047662324976,91.0,0.0
17.941231923810655,92.0,0.0
17.94655049556864,93.0,0.0
17.949068656891864,92.0,0.0
17.950923019318537,93.0,0.0
17.95135248043333,92.0,0.0
17.9541266578482,93.0,0.0
17.954896574242152,94.0,0.0
17.955613541219133,95.0,0.0
17.96114516158944,96.0,0.0
17.961668119305305,95.0,0.0
17.97025552285685,94.0,0.0
17.970267844348477,95.0,0.0
17.971840979288153,94.0,0.0
17.97603460349261,95.0,0.0
17.97886765663146,94.0,0.0
17.97921654020573,95.0,0.0
17.983756411102473,96.0,0.0
18.0015786186863,95.0,0.0
18.009252931759036,96.0,0.0
18.01635977155341,97.0,0.0
18.02336752518818,96.0,0.0
18.024192987135415,97.0,0.0
18.036418685016553,98.0,0.0
18.04825093089319,97.0,0.0
18.05007701479245,98.0,0.0
18.050633456352582,99.0,0.0
18.0632847494115,98.0,0.0
18.06688457705246,97.0,0.0
18.066966005494834,98.0,0.0
18.067050898242545,99.0,0.0
18.070905347125453,100.0,0.0
18.07496321440417,99.0,0.0
18.08039857722215,98.0,0.0
18.0898694291748,97.0,0.0
18.110993597961375,98.0,0.0
18.111549553085705,99.0,0.0
18.117571336790252,98.0,0.0
18.12271189270452,99.0,0.0
18.124217025198753,100.0,0.0
18.132261528034686,101.0,0.0
18.13325239901073,102.0,0.0
18.133915763355077,103.0,0.0
18.13532677709791,104.0,0.0
18.143068247954744,103.0,0.0
18.15406173430848,102.0,0.0
18.154759925651394,103.0,0.0
18.173427046399716,102.0,0.0
18.175516998191053,103.0,0.0
18.178395715981047,104.0,0.0
18.1795022209974,103.0,0.0
18.1806304905057,104.0,0.0
18.189808624541637,105.0,0.0
18.198560414272094,104.0,0.0
18.199739401945653,103.0,0.0
18.203584395001148,102.0,0.0
18.20743479638139,103.0,0.0
18.218331096597858,104.0,0.0
18.218615962624863,103.0,0.0
18.220943973087635,104.0,0.0
18.227044881681067,105.0,0.0
18.22716583461531,106.0,0.0
18.229451244398792,107.0,0.0
18.23334162205798,108.0,0.0
18.235139478630494,107.0,0.0
18.237250426393402,108.0,0.0
18.23753324319013,109.0,0.0
18.24262081059634,110.0,0.0
18.248163208615008,109.0,0.0
18.248437366846574,108.0,0.0
18.260306943480817,109.0,0.0
18.268903660721662,110.0,0.0
18.28257009253246,111.0,0.0
18.287965511251187,112.0,0.0
18.29117325537731,111.0,0.0
18.29549577132031,112.0,0.0
18.297051378888074,111.0,0.0
18.302673157894098,110.0,0.0
18.30751766169936,111.0,0.0
18.327576032573905,112.0,0.0
18.32892031635922,111.0,0.0
18.337177266015964,112.0,0.0
18.3509128658443,113.0,0.0
18.356851968305758,114.0,0.0
18.362303932595836,115.0,0.0
18.365084993104908,116.0,0.0
18.36916265832111,115.0,0.0
18.382863688137977,116.0,0.0
18.38508649057481,117.0,0.0
18.385322188841034,118.0,0.0
18.3878441537526,119.0,0.0
18.39570945426051,120.0,0.0
18.40880703070678,121.0,0.0
18.41102697512116,122.0,0.0
18.415950931063207,123.0,0.0
18.417255439173573,124.0,0.0
18.421084595700297,123.0,0.0
18.421876460374747,124.0,0.0
18.422657744250365,123.0,0.0
18.427102266427013,124.0,0.0
18.428923556204772,125.0,0.0
18.429417176014457,124.0,0.0
18.43601090187523,123.0,0.0
18.436644752105572,122.0,0.0
18.447043570141066,123.0,0.0
18.448338664577758,124.0,0.0
18.45009817278948,123.0,0.0
18.47095185601409,124.0,0.0
18.47334532497558,125.0,0.0
18.486641330146092,126.0,0.0
18.490841664779904,125.0,0.0
18.493425457170602,124.0,0.0
18.500943746468117,125.0,0.0
18.50163128308602,124.0,0.0
18.512457437413772,125.0,0.0
18.520874762780533,124.0,0.0
18.5225094390718,125.0,0.0
18.532799793438098,124.0,0.0
18.54084212887144,125.0,0.0
18.54244566433451,126.0,0.0
18.546544080740503,125.0,0.0
18.546738384471663,126.0,0.0
18.54847267859678,125.0,0.0
18.55359335262294,124.0,0.0
18.555899177952274,125.0,0.0
18.556267263502086,126.0,0.0
18.559125354587813,125.0,0.0
18.56813255005271,124.0,0.0
18.569464615935306,125.0,0.0
18.570173581706435,126.0,0.0
18.572194335282802,127.0,0.0
18.578149000692655,128.0,0.0
18.579964318114303,129.0,0.0
18.58844032506854,130.0,0.0
18.590482970591307,131.0,0.0
18.591885912571943,130.0,0.0
18.597594395920524,131.0,0.0
18.598684084388044,132.0,0.0
18.603310395059335,133.0,0.0
18.606756112157996,132.0,0.0
18.611379290165793,133.0,0.0
18.620173244502265,134.0,0.0
18.62025561156372,135.0,0.0
18.620988783743673,136.0,0.0
18.622280462679768,137.0,0.0
18.63239990670954,136.0,0.0
18.63612255709823,135.0,0.0
18.642247835029508,134.0,0.0
18.64649502301429,133.0,0.0
18.64695498560056,132.0,0.0
18.655524492425577,131.0,0.0
18.65638330206999,130.0,0.0
18.65652939845643,131.0,0.0
18.657729050935252,132.0,0.0
18.658968741791966,131.0,0.0
18.660202288592938,132.0,0.0
18.675274420003312,133.0,0.0
18.680103053400735,134.0,0.0
18.68080250846563,135.0,0.0
18.685036376761015,136.0,0.0
18.68525345130434,137.0,0.0
18.685645788388655,138.0,0.0
18.69339133698292,139.0,0.0
18.695377456804508,140.0,0.0
18.709053156325023,139.0,0.0
18.710014447573577,140.0,0.0
18.716526852126474,141.0,0.0
18.71815617676337,142.0,0.0
18.719542160691535,141.0,0.0
18.720549558007406,140.0,0.0
18.72087821469571,141.0,0.0
18.721002854084844,142.0,0.0
18.724235694280054,143.0,0.0
18.72909690117083,144.0,0.0
18.744996153149142,143.0,0.0
18.755257965781485,144.0,0.0
18.755706080597818,145.0,0.0
18.7578357702544,146.0,0.0
18.761964720139556,147.0,0.0
18.763821425723073,148.0,0.0
18.76761108859057,147.0,0.0
18.768130247918087,148.0,0.0
18.774319262447502,147.0,0.0
18.776062992566793,146.0,0.0
18.776128710719167,147.0,0.0
18.778211791233357,146.0,0.0
18.778247184004265,145.0,0.0
18.78663563093999,146.0,0.0
18.791963075644574,147.0,0.0
18.805138877277592,148.0,0.0
18.80538059478331,149.0,0.0
18.807580361945764,150.0,0.0
18.811095540186873,149.0,0.0
18.81352401754122,150.0,0.0
18.816612454661538,151.0,0.0
18.820873624034196,150.0,0.0
18.824431213344933,151.0,0.0
18.825778211815596,152.0,0.0
18.82602403259484,153.0,0.0
18.831779158616623,152.0,0.0
18.836390108707413,153.0,0.0
18.844257229483095,152.0,0.0
18.849215663613865,151.0,0.0
18.852392844873073,150.0,0.0
18.880349856340665,151.0,0.0
18.89871467990449,150.0,0.0
18.899742059549666,151.0,0.0
18.90360591701135,150.0,0.0
18.909082731198673,151.0,0.0
18.909162749801215,152.0,0.0
18.90995460756366,151.0,0.0
18.91083630343913,152.0,0.0
18.91513862449488,153.0,0.0
18.915409920556463,154.0,0.0
18.926799446143942,153.0,0.0
18.930297988179653,154.0,0.0
18.932289890437747,153.0,0.0
18.932877706478315,154.0,0.0
18.939621575613224,155.0,0.0
18.94001966780549,154.0,0.0
18.9510024085873,155.0,0.0
18.955601810399862,156.0,0.0
18.95944332967653,157.0,0.0
18.964880481285306,158.0,0.0
18.968069828421456,159.0,0.0
18.971800993581894,160.0,0.0
18.971941315843296,161.0,0.0
18.972169173856344,160.0,0.0
18.975444481017554,159.0,0.0
18.97564606730496,160.0,0.0
18.9766798551157,161.0,0.0
18.984039339438137,162.0,0.0
18.985349387004792,163.0,0.0
18.99302015661675,164.0,0.0
18.995747516224466,163.0,0.0
19.000346251759122,162.0,0.0
19.00385663190751,163.0,0.0
19.006797821255418,164.0,0.0
19.007461143546085,165.0,0.0
19.00782244015184,166.0,0.0
19.00959244928174,167.0,0.0
19.010248197576644,166.0,0.0
19.01289003273017,165.0,0.0
19.013725263089988,164.0,0.0
19.01769618393446,165.0,0.0
19.02283801237224,166.0,0.0
19.03300047507163,165.0,0.0
19.03481214444308,166.0,0.0
19.03570700636289,167.0,0.0
19.047226712751396,166.0,0.0
19.049080509309384,167.0,0.0
19.05617188528212,166.0,0.0
19.057886278374895,165.0,0.0
19.058877606587625,164.0,0.0
19.064761838011346,163.0,0.0
19.069315832117134,162.0,0.0
19.075103950348065,163.0,0.0
19.0834731421807,164.0,0.0
19.095203971147548,165.0,0.0
19.101652748145636,164.0,0.0
19.11005172214007,165.0,0.0
19.12760892089585,164.0,0.0
19.129437755980813,163.0,0.0
19.144595114332287,162.0,0.0
19.145224044166582,161.0,0.0
19.151946811532856,160.0,0.0
19.15420812223458,159.0,0.0
19.154377522419043,158.0,0.0
19.16547279936911,157.0,0.0
19.167341821163742,158.0,0.0
19.176225742228652,159.0,0.0
19.176335485433597,160.0,0.0
19.180946613562817,161.0,0.0
19.185993075949074,162.0,0.0
19.190108089768536,163.0,0.0
19.191600802954955,162.0,0.0
19.195595598977125,161.0,0.0
19.1964356488648,160.0,0.0
19.205007315595974,161.0,0.0
19.20981881572557,160.0,0.0
19.210797879958417,161.0,0.0
19.219155333201684,162.0,0.0
19.21986663572764,161.0,0.0
19.22370723224264,162.0,0.0
19.227470026129758,161.0,0.0
19.241735003759544,162.0,0.0
19.244659570268226,161.0,0.0
19.2475218201931,162.0,0.0
19.24753243685869,163.0,0.0
19.250646477858407,162.0,0.0
19.258962656096802,163.0,0.0
19.26315666928703,162.0,0.0
19.265860012625115,163.0,0.0
19.26749890077443,164.0,0.0
19.27004425955305,165.0,0.0
19.273525223657966,166.0,0.0
19.27944258386663,165.0,0.0
19.281612187356135,164.0,0.0
19.283766679681722,163.0,0.0
19.285083618853708,162.0,0.0
19.286603140473694,163.0,0.0
19.28718309960726,164.0,0.0
19.288721869835214,165.0,0.0
19.292618781088958,164.0,0.0
19.294113421384978,163.0,0.0
19.294960050167095,162.0,0.0
19.29981401989867,163.0,0.0
19.305495513960576,164.0,0.0
19.30845019369005,165.0,0.0
19.309752092833207,164.0,0.0
19.31065387095815,165.0,0.0
19.311798384921886,166.0,0.0
19.31539447660303,165.0,0.0
19.32164918359468,166.0,0.0
19.335313865034635,165.0,0.0
19.336683753556727,164.0,0.0
19.336857369673673,165.0,0.0
19.34137004413656,166.0,0.0
19.35078018488189,165.0,0.0
19.35112094199523,164.0,0.0
19.35526432076864,163.0,0.0
19.355292517727104,164.0,0.0
19.358509539911264,163.0,0.0
19.365164203049922,162.0,0.0
19.367085642047883,163.0,0.0
19.36934436847758,164.0,0.0
19.370040988945917,165.0,0.0
19.371538842320202,164.0,0.0
19.371629684754087,165.0,0.0
19.37163811326393,164.0,0.0
19.376306996966054,165.0,0.0
19.385880911422426,164.0,0.0
19.38893957879185,165.0,0.0
19.395695296899113,166.0,0.0
19.396810057167787,167.0,0.0
19.41834459451985,168.0,0.0
19.438725526004536,167.0,0.0
19.445039648039995,168.0,0.0
19.449190440774164,169.0,0.0
19.451151178931596,168.0,0.0
19.452638909822937,169.0,0.0
19.456719374829575,168.0,0.0
19.456916003336588,169.0,0.0
19.46242864091829,168.0,0.0
19.48232291459573,169.0,0.0
19.48682873972178,170.0,0.0
19.49010744127356,169.0,0.0
19.49326458966854,170.0,0.0
19.4946696430473,169.0,0.0
19.495352941098083,170.0,0.0
19.495779619226116,169.0,0.0
19.49743365235109,170.0,0.0
19.50058285211529,171.0,0.0
19.508965782600022,172.0,0.0
19.514668829686382,171.0,0.0
19.5166906019526,172.0,0.0
19.522617708043267,171.0,0.0
19.52873705501623,172.0,0.0
19.534293594732972,173.0,0.0
19.54103667263977,174.0,0.0
19.541471991844297,175.0,0.0
19.549363243972095,176.0,0.0
19.55347063839355,175.0,0.0
19.5567056777593,174.0,0.0
19.560248393324116,173.0,0.0
19.561451166229297,174.0,0.0
19.567755335229137,175.0,0.0
19.575553005373763,174.0,0.0
19.577124634184955,175.0,0.0
19.58324050607778,176.0,0.0
19.584144580190603,177.0,0.0
19.584946847108984,176.0,0.0
19.59992723364507,177.0,0.0
19.60225076346303,178.0,0.0
19.608208065785405,177.0,0.0
19.609207664748745,176.0,0.0
19.610985302844178,177.0,0.0
19.613122554144397,178.0,0.0
19.613516041082704,179.0,0.0
19.613875129668564,178.0,0.0
19.62175198019434,179.0,0.0
19.630718494126555,180.0,0.0
19.632017171770016,179.0,0.0
19.63905350795675,180.0,0.0
19.641274851135552,179.0,0.0
19.645906526634803,178.0,0.0
19.64706873368156,177.0,0.0
19.650044976947626,178.0,0.0
19.666844533569265,177.0,0.0
19.66738282271103,178.0,0.0
19.6677842744501,177.0,0.0
19.66814935236258,176.0,0.0
19.669260198886192,177.0,0.0
19.674973438192943,176.0,0.0
19.676970709042365,175.0,0.0
19.678990497303282,176.0,0.0
19.680803489259294,175.0,0.0
19.69980640771468,174.0,0.0
19.702499732299223,175.0,0.0
19.70267764562398,176.0,0.0
19.706728670014506,177.0,0.0
19.70699728390513,178.0,0.0
19.71264132641628,179.0,0.0
19.717374736087383,178.0,0.0
19.719692794130452,179.0,0.0
19.72337357274912,178.0,0.0
19.739374805904443,177.0,0.0
19.746537788144174,178.0,0.0
19.74714584861082,179.0,0.0
19.754211131472978,180.0,0.0
19.763244743923185,181.0,0.0
19.76341217267865,182.0,0.0
19.763534257332033,183.0,0.0
19.768970190764975,182.0,0.0
19.770256987166217,183.0,0.0
19.771764957439494,182.0,0.0
19.777456532295012,183.0,0.0
19.777841342887708,184.0,0.0
19.780227965108207,185.0,0.0
19.78273825289606,184.0,0.0
19.783623397401062,183.0,0.0
19.7838008081344,182.0,0.0
19.794100303249206,183.0,0.0
19.797114355588985,184.0,0.0
19.797229958172036,183.0,0.0
19.7990162497105,184.0,0.0
19.800399608635363,185.0,0.0
19.81129773944849,186.0,0.0
19.81214973436399,185.0,0.0
19.81329765104842,186.0,0.0
19.81453211956244,185.0,0.0
19.82271621156085,184.0,0.0
19.825304562151267,185.0,0.0
19.83239140652377,184.0,0.0
19.836909812187,185.0,0.0
19.84483603702321,184.0,0.0
19.846938023422332,183.0,0.0
19.84703119559302,182.0,0.0
19.852140099358607,183.0,0.0
19.852945489707302,182.0,0.0
19.857718328618226,183.0,0.0
19.858953775650086,182.0,0.0
19.862790294331056,181.0,0.0
19.87138459695064,182.0,0.0
19.873255309547485,181.0,0.0
19.873483208374275,182.0,0.0
19.874230258392007,183.0,0.0
19.879276170172673,184.0,0.0
19.88332405779422,185.0,0.0
19.88344954784516,184.0,0.0
19.88519584030357,185.0,0.0
19.889421786913992,186.0,0.0
19.89053084945417,187.0,0.0
19.89258138119577,186.0,0.0
19.910185542174503,185.0,0.0
19.911510062658856,186.0,0.0
19.91160789086114,187.0,0.0
19.919650148435203,186.0,0.0
19.920486151374174,185.0,0.0
19.932499771234657,184.0,0.0
19.940575020519987,185.0,0.0
19.94224791173193,186.0,0.0
19.960531342410206,187.0,0.0
19.96305075331518,186.0,0.0
19.970190926608478,185.0,0.0
19.984975518514474,184.0,0.0
19.991680010371446,185.0,0.0
19.993292659111038,186.0,0.0
19.99423896850072,187.0,0.0
20.009497033601644,188.0,0.0
20.011584887685174,189.0,0.0
20.01180796725697,188.0,0.0
20.016349941000385,189.0,0.0
20.019346846889285,188.0,0.0
20.021241205087836,187.0,0.0
20.0270899410334,186.0,0.0
20.034575532130518,187.0,0.0
20.03573476322668,186.0,0.0
20.037017951248103,187.0,0.0
20.03802757646528,186.0,0.0
20.045479365168724,185.0,0.0
20.05188093022426,184.0,0.0
20.06073912499863,185.0,0.0
20.06819714345781,184.0,0.0
20.073643005282758,185.0,0.0
20.073911328949016,184.0,0.0
20.07566621179906,185.0,0.0
20.076888607804918,184.0,0.0
20.079041375545298,185.0,0.0
20.07998415916945,186.0,0.0
20.080754654607325,185.0,0.0
20.08263293214228,186.0,0.0
20.086707319023247,185.0,0.0
20.112168320230925,186.0,0.0
20.130207064958384,185.0,0.0
20.13188591043331,186.0,0.0
20.13615025632957,187.0,0.0
20.137021856403358,188.0,0.0
20.138816397305987,189.0,0.0
20.138918813429548,188.0,0.0
20.1413401065965,189.0,0.0
20.146131959376696,190.0,0.0
20.147344348470526,191.0,0.0
20.14792182814267,192.0,0.0
20.149905208487922,191.0,0.0
20.15305608950522,190.0,0.0
20.16180836761357,189.0,0.0
20.163253336458503,190.0,0.0
20.167010972835683,191.0,0.0
20.17591348075375,192.0,0.0
20.185321921075428,193.0,0.0
20.185469088541325,194.0,0.0
20.18664560056285,195.0,0.0
20.190318721762925,196.0,0.0
20.204761879089627,195.0,0.0
20.205421991772045,196.0,0.0
20.206829383767488,195.0,0.0
20.211417969812135,194.0,0.0
20.21267604752567,193.0,0.0
20.226898197788387,194.0,0.0
20.227312318964653,193.0,0.0
20.230807847935814,192.0,0.0
20.236103460441438,191.0,0.0
20.253422870141137,190.0,0.0
20.25840712547165,191.0,0.0
20.267440400827514,190.0,0.0
20.271085222748738,189.0,0.0
20.272042055525183,188.0,0.0
20.272750680638126,189.0,0.0
20.28259690875403,190.0,0.0
20.284917692410062,191.0,0.0
20.287702012702294,190.0,0.0
20.288056885076113,189.0,0.0
20.291755687031035,190.0,0.0
20.29551790528753,191.0,0.0
20.298958835924193,192.0,0.0
20.299731184995913,191.0,0.0
20.30367282723062,190.0,0.0
20.315586143713787,191.0,0.0
20.31805485663196,192.0,0.0
20.319144078030646,191.0,0.0
20.323177691958342,190.0,0.0
20.326719798126117,189.0,0.0
20.330445720352706,190.0,0.0
20.33349205253841,191.0,0.0
20.340163572127658,190.0,0.0
20.342323387714195,191.0,0.0
20.3526236136658,192.0,0.0
20.354219973457138,193.0,0.0
20.359920370114516,192.0,0.0
20.3626555667408,193.0,0.0
20.379363947058298,192.0,0.0
20.38177015327454,191.0,0.0
20.385006313270964,190.0,0.0
20.39804330929728,191.0,0.0
20.39913256775261,190.0,0.0
20.40261254279618,191.0,0.0
20.403691813326773,192.0,0.0
20.406801624365052,193.0,0.0
20.41315659098123,194.0,0.0
20.415717945205,195.0,0.0
20.41648259673697,194.0,0.0
20.41863791529826,195.0,0.0
20.422007145903855,194.0,0.0
20.43472386749206,195.0,0.0
20.44321836547481,194.0,0.0
20.443453733702103,193.0,0.0
20.45220515763061,194.0,0.0
20.45237451461788,195.0,0.0
20.45758269760178,194.0,0.0
20.4578862208628,193.0,0.0
20.4665571011442,194.0,0.0
20.47283450561586,193.0,0.0
20.480654170981737,192.0,0.0
20.481838707110825,193.0,0.0
20.48273142973487,194.0,0.0
20.484281932618735,193.0,0.0
20.48503534651156,194.0,0.0
20.486567410502786,193.0,0.0
20.49247619883933,192.0,0.0
20.49534372913884,193.0,0.0
20.49630865587055,192.0,0.0
20.49811238117588,193.0,0.0
20.50414714555999,194.0,0.0
20.508697816284528,195.0,0.0
20.5117249918685,194.0,0.0
20.513016005491686,193.0,0.0
20.5155323117633,192.0,0.0
20.522549087557252,193.0,0.0
20.524390652804648,192.0,0.0
20.5295125972261,193.0,0.0
20.53157504590331,194.0,0.0
20.54714393873818,193.0,0.0
20.547692018695347,192.0,0.0
20.548362783640044,193.0,0.0
20.554534266964897,194.0,0.0
20.557961452285088,193.0,0.0
20.558315048640488,192.0,0.0
20.558401991280654,193.0,0.0
20.5619252988782,194.0,0.0
20.577490703921747,195.0,0.0
20.57779400205883,196.0,0.0
20.592518436032265,195.0,0.0
20.593296490459338,196.0,0.0
20.594005451745236,197.0,0.0
20.60990404824245,196.0,0.0
20.616516233588754,197.0,0.0
20.620735830111673,196.0,0.0
20.62524318977987,197.0,0.0
20.632712610728035,196.0,0.0
20.647779176248335,195.0,0.0
20.654478635521304,196.0,0.0
20.654725026019655,197.0,0.0
20.65711570668098,196.0,0.0
20.658201574731677,197.0,0.0
20.65843898834372,198.0,0.0
20.666403573653525,197.0,0.0
20.668726521360508,196.0,0.0
20.67264068160579,197.0,0.0
20.677320863584114,198.0,0.0
20.68106888987564,199.0,0.0
20.687033319505794,198.0,0.0
20.687348915195038,199.0,0.0
20.69510721050915,198.0,0.0
20.704578026281023,199.0,0.0
20.712257323125513,198.0,0.0
20.719529158587363,199.0,0.0
20.7222902800436,198.0,0.0
20.723961405438043,197.0,0.0
20.728423261734434,198.0,0.0
20.73514628928261,197.0,0.0
20.743558871021303,198.0,0.0
20.749150733815355,199.0,0.0
20.75087178906122,200.0,0.0
20.75794516325711,199.0,0.0
20.758789519159997,200.0,0.0
20.759799439097623,199.0,0.0
20.760043500044283,200.0,0.0
20.76926124279076,201.0,0.0
20.77042921775586,202.0,0.0
20.77332034368209,201.0,0.0
20.779147205573473,202.0,0.0
20.78091932840046,201.0,0.0
20.7841913006341,200.0,0.0
20.787955247106126,201.0,0.0
20.78798239785742,202.0,0.0
20.795064223060244,203.0,0.0
20.79945390157514,202.0,0.0
20.802031362158864,203.0,0.0
20.80429814678829,204.0,0.0
20.808614212307155,205.0,0.0
20.810407390765597,204.0,0.0
20.831912905957658,203.0,0.0
20.831928132000954,202.0,0.0
20.83546202938863,203.0,0.0
20.835860055892553,204.0,0.0
20.847988242582353,205.0,0.0
20.851020507631798,206.0,0.0
20.852855178914282,207.0,0.0
20.85648069642623,208.0,0.0
20.85973617811864,207.0,0.0
20.863800508617114,208.0,0.0
20.86607720529168,207.0,0.0
20.86761777999989,208.0,0.0
20.870413816837196,207.0,0.0
20.87190801063823,208.0,0.0
20.872127509229006,207.0,0.0
20.876182810688174,206.0,0.0
20.876221863504238,207.0,0.0
20.879627739654598,208.0,0.0
20.881908448068273,209.0,0.0
20.89503902046169,210.0,0.0
20.904592929645116,209.0,0.0
20.909781375002183,210.0,0.0
20.913606215175214,209.0,0.0
20.915633053168182,210.0,0.0
20.917182296071648,209.0,0.0
20.91908869278188,210.0,0.0
20.923159353551995,211.0,0.0
20.924158609423912,212.0,0.0
20.92482018438871,211.0,0.0
20.932017962545245,210.0,0.0
20.93598867810639,211.0,0.0
20.93909081251882,210.0,0.0
20.941412736746123,211.0,0.0
20.942146797198273,212.0,0.0
20.95423064796016,213.0,0.0
20.95469871743926,212.0,0.0
20.95499886979022,211.0,0.0
20.956502787921814,210.0,0.0
20.964841872612215,209.0,0.0
20.966002388222847,210.0,0.0
20.968721876045432,209.0,0.0
20.96954256969374,208.0,0.0
20.97286812385098,209.0,0.0
20.975707719282347,210.0,0.0
20.977074050041224,209.0,0.0
20.981858118460305,210.0,0.0
20.992018898863158,211.0,0.0
20.99770789214911,212.0,0.0
21.001156755008296,213.0,0.0
21.001415954008205,214.0,0.0
21.001990789854496,215.0,0.0
21.003805152034577,214.0,0.0
21.00466719630608,215.0,0.0
21.005762410575052,214.0,0.0
21.006103128920053,213.0,0.0
21.010616102452108,214.0,0.0
21.012897872791235,215.0,0.0
21.014852379817334,214.0,0.0
21.014903294401655,213.0,0.0
21.0155564296014,212.0,0.0
21.019345283743885,211.0,0.0
21.025335921332537,212.0,0.0
21.027582535595737,211.0,0.0
21.030615790565626,212.0,0.0
21.03819020847491,213.0,0.0
21.039276032040444,214.0,0.0
21.041900425566606,213.0,0.0
21.0428736316216,214.0,0.0
21.04441669369629,213.0,0.0
21.04477560501575,212.0,0.0
21.04987522912945,213.0,0.0
21.063385675145202,214.0,0.0
21.064295314223003,215.0,0.0
21.071022752865474,214.0,0.0
21.075564406735957,215.0,0.0
21.077519891035678,216.0,0.0
21.077993643484238,217.0,0.0
21.080573142153252,216.0,0.0
21.085657288893838,215.0,0.0
21.08949854746689,216.0,0.0
21.09451652398506,217.0,0.0
21.09463975494663,216.0,0.0
21.096889403155068,215.0,0.0
21.098602505763125,216.0,0.0
21.10018276529569,217.0,0.0
21.10570568140916,216.0,0.0
21.10637175369745,217.0,0.0
21.106676153582768,218.0,0.0
21.118857665451706,219.0,0.0
21.122305167717364,220.0,0.0
21.123298742935024,221.0,0.0
21.126215391025962,220.0,0.0
21.132258004469918,219.0,0.0
21.133577775548726,218.0,0.0
21.134011278690185,219.0,0.0
21.135154095185424,220.0,0.0
21.142725155055707,221.0,0.0
21.15063739125866,220.0,0.0
21.151137383630594,219.0,0.0
21.151193644601776,220.0,0.0
21.153131215867383,219.0,0.0
21.162813947151243,218.0,0.0
21.164897287657155,219.0,0.0
21.174594095954138,218.0,0.0
21.176517979577532,217.0,0.0
21.177575852555318,218.0,0.0
21.18052636950138,219.0,0.0
21.183548146220247,218.0,0.0
21.185226323699524,219.0,0.0
21.188297429075188,220.0,0.0
21.191556032637592,219.0,0.0
21.192168770726898,220.0,0.0
21.19610054229357,221.0,0.0
21.205236905526135,222.0,0.0
21.22114943778874,221.0,0.0
21.221977404809696,222.0,0.0
21.23021928233777,223.0,0.0
21.230760661348086,224.0,0.0
21.238788038433693,223.0,0.0
21.24253187917347,224.0,0.0
21.24702113237377,223.0,0.0
21.251378046369133,222.0,0.0
21.257831055527344,223.0,0.0
21.25788721528514,224.0,0.0
21.261402162459625,225.0,0.0
21.26561185888996,224.0,0.0
21.269431777710512,223.0,0.0
21.28595518518775,222.0,0.0
21.286908859600622,221.0,0.0
21.288777512518053,220.0,0.0
21.29069068486668,219.0,0.0
21.29583586498766,220.0,0.0
21.295982803544668,221.0,0.0
21.308470293896555,222.0,0.0
21.316965433108408,221.0,0.0
21.31840282529818,220.0,0.0
21.321128770825688,221.0,0.0
21.333529438208668,220.0,0.0
21.34730296902795,219.0,0.0
21.35015338481535,220.0,0.0
21.353609618188976,221.0,0.0
21.367835089528405,222.0,0.0
21.385082223167537,223.0,0.0
21.389436170832585,224.0,0.0
21.391621288759122,223.0,0.0
21.397562223636367,224.0,0.0
21.39962585246402,223.0,0.0
21.405388645060363,222.0,0.0
21.405691323080422,223.0,0.0
21.40713206364498,224.0,0.0
21.40861420760585,225.0,0.0
21.408777980795673,224.0,0.0
21.40929690425627,223.0,0.0
21.42034331975552,224.0,0.0
21.42042965641379,225.0,0.0
21.4257710162761,226.0,0.0
21.431290697927516,225.0,0.0
21.432421543331497,224.0,0.0
21.432460134774843,223.0,0.0
21.43365502666343,222.0,0.0
21.445291320085733,221.0,0.0
21.46113127037046,222.0,0.0
21.479123613141805,221.0,0.0
21.480203076716602,220.0,0.0
21.48398692256786,219.0,0.0
21.484609597642248,220.0,0.0
21.48952860668722,221.0,0.0
21.49371407317168,222.0,0.0
21.504081381343166,221.0,0.0
21.505339906291763,220.0,0.0
21.5123151331544,221.0,0.0
21.513587781863244,222.0,0.0
21.514728837741075,221.0,0.0
21.516339540626827,220.0,0.0
21.523609161593757,219.0,0.0
21.526990819760613,218.0,0.0
21.530108884454176,219.0,0.0
21.53615535030444,220.0,0.0
21.53766944757046,221.0,0.0
21.541942562891446,220.0,0.0
21.542735536977823,219.0,0.0
21.54393183891904,220.0,0.0
21.553076404256274,219.0,0.0
21.559116649151015,220.0,0.0
21.56266778618217,221.0,0.0
21.562832900968363,220.0,0.0
21.568874258453473,221.0,0.0
21.572962022903162,222.0,0.0
21.579437697097095,223.0,0.0
21.58319130656188,224.0,0.0
21.601562248007923,225.0,0.0
21.605209933771413,226.0,0.0
21.610450649585818,227.0,0.0
21.619156681516593,228.0,0.0
21.629138368125382,227.0,0.0
21.63024844671628,228.0,0.0
21.630498271439766,227.0,0.0
21.63448170903979,226.0,0.0
21.634925032589624,225.0,0.0
21.64118911260899,224.0,0.0
21.646523366263636,223.0,0.0
21.648679448966337,224.0,0.0
21.651983593701225,223.0,0.0
21.653670829577305,222.0,0.0
21.66128743935708,223.0,0.0
21.66428029966332,222.0,0.0
21.667731467828936,221.0,0.0
21.66855866707384,222.0,0.0
21.67311335200314,223.0,0.0
21.67314932944206,222.0,0.0
21.674333162360796,223.0,0.0
21.687512079469432,224.0,0.0
21.688652088134024,225.0,0.0
21.689986349690084,224.0,0.0
21.694799557698765,223.0,0.0
21.69894386056697,224.0,0.0
21.702673045213096,223.0,0.0
21.715694616368978,222.0,0.0
21.722964826102327,223.0,0.0
21.72673600012436,224.0,0.0
21.734506499376952,223.0,0.0
21.736385309461085,224.0,0.0
21.74092805312952,223.0,0.0
21.743319882782757,224.0,0.0
21.74476237559158,225.0,0.0
21.75313279102334,224.0,0.0
21.754103255914792,223.0,0.0
21.766532479573755,224.0,0.0
21.76835877619891,225.0,0.0
21.771195333730393,226.0,0.0
21.77815948498631,227.0,0.0
21.77923766906717,228.0,0.0
21.783337839537673,227.0,0.0
21.788771458065057,228.0,0.0
21.790909330311408,229.0,0.0
21.796620859861964,228.0,0.0
21.799370437439045,227.0,0.0
21.80212373968425,226.0,0.0
21.80338125489125,227.0,0.0
21.804040291508024,226.0,0.0
21.804917909331138,227.0,0.0
21.807168065749426,226.0,0.0
21.813505927585172,225.0,0.0
21.81382490969806,224.0,0.0
21.81577750432147,225.0,0.0
21.81764226777856,226.0,0.0
21.82010854624705,227.0,0.0
21.820210594891908,226.0,0.0
21.8218310953472,227.0,0.0
21.822331713892563,226.0,0.0
21.823642288894906,225.0,0.0
21.832315910066672,224.0,0.0
21.83373172339779,223.0,0.0
21.83698062715596,224.0,0.0
21.839636963369628,225.0,0.0
21.84024471213696,226.0,0.0
21.840971117954822,227.0,0.0
21.846584122090448,228.0,0.0
21.85021940098077,229.0,0.0
21.870333616724945,230.0,0.0
21.873291450360707,229.0,0.0
21.87572497920499,228.0,0.0
21.88790866133746,229.0,0.0
21.897226753803032,230.0,0.0
21.899384003915486,229.0,0.0
21.90179637171451,230.0,0.0
21.906046453039863,229.0,0.0
21.906097245716936,230.0,0.0
21.906334429434686,231.0,0.0
21.91030202738256,230.0,0.0
21.91358161392312,231.0,0.0
21.916113463026655,232.0,0.0
21.917039777892747,231.0,0.0
21.930562100267135,232.0,0.0
21.93382052078302,233.0,0.0
21.93787339747372,232.0,0.0
21.94701855370069,233.0,0.0
21.947841711313053,234.0,0.0
21.948201841380747,235.0,0.0
21.948799754648853,236.0,0.0
21.959689039612083,237.0,0.0
21.965919125680088,238.0,0.0
21.967978092358802,237.0,0.0
21.97008126820406,238.0,0.0
21.97555257154909,237.0,0.0
21.987275624108186,238.0,0.0
21.989373852667953,239.0,0.0
21.99048511307268,238.0,0.0
21.9908374905785,237.0,0.0
21.995905157445115,238.0,0.0
21.997656367132592,237.0,0.0
22.004888331635424,236.0,0.0
22.011622560856548,235.0,0.0
22.014814303818753,236.0,0.0
22.018795414667554,237.0,0.0
22.021212921834245,236.0,0.0
22.030997304594532,235.0,0.0
22.031758670854412,236.0,0.0
22.03405515991548,235.0,0.0
22.034807238487705,234.0,0.0
22.035868880193185,235.0,0.0
22.039940146656942,234.0,0.0
22.044311111020086,235.0,0.0
22.04751956542113,236.0,0.0
22.050726424998388,235.0,0.0
22.053947344462536,236.0,0.0
22.054559542374882,235.0,0.0
22.054736634061925,236.0,0.0
22.056637085788196,237.0,0.0
22.05836272170877,236.0,0.0
22.061859026302077,237.0,0.0
22.06719112799322,238.0,0.0
22.071447470210245,237.0,0.0
22.086422585905773,238.0,0.0
22.087555040219936,237.0,0.0
22.088133805331562,238.0,0.0
22.089092348321156,239.0,0.0
22.103270091577507,240.0,0.0
22.103825955129167,239.0,0.0
22.10506898364999,238.0,0.0
22.108064440552162,239.0,0.0
22.108071391906066,238.0,0.0
22.109998034639915,237.0,0.0
22.11288951223234,238.0,0.0
22.11556810538906,237.0,0.0
22.116934494888802,238.0,0.0
22.121206165882306,239.0,0.0
22.121583819045785,238.0,0.0
22.12589230513694,239.0,0.0
22.12933126995202,240.0,0.0
22.14455604749672,241.0,0.0
22.14471473202017,240.0,0.0
22.147131654537517,241.0,0.0
22.150792246971637,242.0,0.0
22.15100809122981,241.0,0.0
22.161425598705005,242.0,0.0
22.162150452005946,241.0,0.0
22.16765614111955,242.0,0.0
22.168526878000833,241.0,0.0
22.1685486411478,242.0,0.0
22.171007711600176,243.0,0.0
22.172021967439242,242.0,0.0
22.172785193274116,241.0,0.0
22.17352647955483,240.0,0.0
22.17916626037609,241.0,0.0
22.184170296215107,242.0,0.0
22.185025417435327,241.0,0.0
22.19683881921012,240.0,0.0
22.197333084645415,239.0,0.0
22.207257006722468,238.0,0.0
22.208090223816477,239.0,0.0
22.209016693952833,238.0,0.0
22.220538560433294,237.0,0.0
22.222910081263628,236.0,0.0
22.22303160462715,235.0,0.0
22.227278126713504,236.0,0.0
22.229030077442797,235.0,0.0
22.240543608171258,236.0,0.0
22.242406408776695,237.0,0.0
22.246394396659205,236.0,0.0
22.24779095086921,237.0,0.0
22.24785505392964,238.0,0.0
22.250028421265217,239.0,0.0
22.259626298610264,240.0,0.0
22.259910531757463,241.0,0.0
22.26898554824832,242.0,0.0
22.269831937141397,243.0,0.0
22.272794863253594,244.0,0.0
22.272878095191523,243.0,0.0
22.27799471987996,244.0,0.0
22.28290022323115,245.0,0.0
22.285829878503947,246.0,0.0
22.296493931301498,247.0,0.0
22.306800986724628,246.0,0.0
22.308602015587326,245.0,0.0
22.312023724485453,244.0,0.0
22.31520072514214,243.0,0.0
22.32389011341603,242.0,0.0
22.329264186211756,241.0,0.0
22.3353642510718,240.0,0.0
22.33700745298822,239.0,0.0
22.347483661507383,240.0,0.0
22.361499616785924,239.0,0.0
22.363679070978176,238.0,0.0
22.3644647676488,237.0,0.0
22.37979553922895,236.0,0.0
22.381121411171748,235.0,0.0
22.385811840635995,236.0,0.0
22.386944189283884,237.0,0.0
22.388305023173235,236.0,0.0
22.39627384445122,235.0,0.0
22.398458890427186,234.0,0.0
22.41137227586831,235.0,0.0
22.428798626208415,234.0,0.0
22.434360589814787,233.0,0.0
22.437327870288026,232.0,0.0
22.438300997062537,231.0,0.0
22.442056962392098,230.0,0.0
22.444591130099358,229.0,0.0
22.44627731576563,228.0,0.0
22.448820861182117,229.0,0.0
22.454798624569296,230.0,0.0
22.460275653519627,231.0,0.0
22.46475161745714,232.0,0.0
22.46862145054676,231.0,0.0
22.471014370021546,230.0,0.0
22.47118943429296,229.0,0.0
22.47731535403826,228.0,0.0
22.47754441377593,227.0,0.0
22.480927976925265,226.0,0.0
22.497082767534977,227.0,0.0
22.500270059510477,226.0,0.0
22.500820306950406,227.0,0.0
22.50217512609286,228.0,0.0
22.50576720522284,227.0,0.0
22.514475748801132,228.0,0.0
22.520352147880065,227.0,0.0
22.52619406561805,226.0,0.0
22.53201718667286,227.0,0.0
22.533427358403348,226.0,0.0
22.534773400484767,227.0,0.0
22.536837913159925,226.0,0.0
22.559357602372923,227.0,0.0
22.565953132309538,226.0,0.0
22.569350978337013,225.0,0.0
22.578275651530834,224.0,0.0
22.586049147121706,225.0,0.0
22.60010867080198,226.0,0.0
22.600849281828392,225.0,0.0
22.60455713728735,226.0,0.0
22.610421505986775,227.0,0.0
22.61057891957995,228.0,0.0
22.611414155010955,229.0,0.0
22.6191864230815,230.0,0.0
22.625031090590735,231.0,0.0
22.633770839499142,232.0,0.0
22.64438844214234,233.0,0.0
22.644459685180912,234.0,0.0
22.669966349633043,235.0,0.0
22.680495658699904,236.0,0.0
22.690869526675783,237.0,0.0
22.693148199679257,236.0,0.0
22.69593000014302,235.0,0.0
22.703238381260864,234.0,0.0
22.704459469951523,233.0,0.0
22.704723157949513,232.0,0.0
22.720539700378804,233.0,0.0
22.729358754834678,232.0,0.0
22.731483973387565,231.0,0.0
22.7403660067815,230.0,0.0
22.741406122461242,231.0,0.0
22.753864443558857,232.0,0.0
22.76506446450749,233.0,0.0
22.76570142359546,234.0,0.0
22.76908653789981,235.0,0.0
22.78204148681221,236.0,0.0
22.791066767501132,235.0,0.0
22.79846425070025,236.0,0.0
22.806239639551862,237.0,0.0
22.809251566014005,238.0,0.0
22.810274184388987,237.0,0.0
22.81906619038233,238.0,0.0
22.82244208785795,237.0,0.0
22.83268069594819,238.0,0.0
22.844337810990822,237.0,0.0
22.84595000717824,238.0,0.0
22.85181957852019,237.0,0.0
22.85432574792276,236.0,0.0
22.858496101740023,235.0,0.0
22.86037365225144,234.0,0.0
22.86679882023223,233.0,0.0
22.872301499282024,234.0,0.0
22.87677216515349,233.0,0.0
22.88025027729025,232.0,0.0
22.8825292589697,233.0,0.0
22.896106095311456,234.0,0.0
22.89649609397604,235.0,0.0
22.89920131568211,234.0,0.0
22.90183029657507,235.0,0.0
22.910503438378136,236.0,0.0
22.915797492322575,237.0,0.0
22.918692683499653,236.0,0.0
22.921084609332443,235.0,0.0
22.93063658536591,234.0,0.0
22.946049769381407,233.0,0.0
22.952613983727524,232.0,0.0
22.957068689076088,231.0,0.0
22.961735551554167,230.0,0.0
22.96177479630557,229.0,0.0
22.96403896744097,230.0,0.0
22.975545633391228,231.0,0.0
22.977216167781606,230.0,0.0
22.992821369824437,229.0,0.0
22.99933965380945,228.0,0.0
22.999558992244054,229.0,0.0
23.001622918512677,230.0,0.0
23.00411163971814,229.0,0.0
23.006502187557377,228.0,0.0
23.00812015408539,227.0,0.0
23.015078004455045,226.0,0.0
23.0209254594999,227.0,0.0
23.03280863980588,228.0,0.0
23.035337831149672,227.0,0.0
23.03579095320192,228.0,0.0
23.042960690172364,229.0,0.0
23.053845590306835,230.0,0.0
23.065684312412486,229.0,0.0
23.069484393341966,230.0,0.0
23.069847517351597,229.0,0.0
23.076854243881332,230.0,0.0
23.089965852411808,231.0,0.0
23.09171753754568,230.0,0.0
23.09452167185109,229.0,0.0
23.095008909716572,228.0,0.0
23.09620765891748,227.0,0.0
23.106557629668846,228.0,0.0
23.109091288366294,227.0,0.0
23.112910610416215,226.0,0.0
23.12948179628484,225.0,0.0
23.130615728817002,226.0,0.0
23.135040571502845,227.0,0.0
23.144541790575833,226.0,0.0
23.14630980556825,225.0,0.0
23.146485535584723,224.0,0.0
23.153132137589697,225.0,0.0
23.153584828472233,226.0,0.0
23.155683184809508,227.0,0.0
23.157073357813868,228.0,0.0
23.163364291927707,229.0,0.0
23.166458869351857,230.0,0.0
23.16673148033005,231.0,0.0
23.16938514758756,232.0,0.0
23.175016956357936,233.0,0.0
23.178634420076104,232.0,0.0
23.183175890108227,231.0,0.0
23.188172315598898,230.0,0.0
23.19890279581024,231.0,0.0
23.210138623347447,232.0,0.0
23.21913690922695,231.0,0.0
23.22488179240557,232.0,0.0
23.228831083284565,233.0,0.0
23.231973975371144,234.0,0.0
23.241495171739214,233.0,0.0
23.252870910959558,232.0,0.0
23.266187206809505,231.0,0.0
23.26998687293881,232.0,0.0
23.270595537800954,231.0,0.0
23.275818228417947,232.0,0.0
23.279085516240063,231.0,0.0
23.28561870180397,232.0,0.0
23.286893527245347,231.0,0.0
23.305067619301695,232.0,0.0
23.305503436280237,231.0,0.0
23.318581315167062,230.0,0.0
23.324466289414104,231.0,0.0
23.335392885231176,230.0,0.0
23.337229053708214,231.0,0.0
23.33883765051246,232.0,0.0
23.34131384218668,233.0,0.0
23.345398951242537,232.0,0.0
23.353598903733353,231.0,0.0
23.353773372653244,232.0,0.0
23.355713648130116,231.0,0.0
23.36007588827016,230.0,0.0
23.365343258459937,231.0,0.0
23.365676403417847,230.0,0.0
23.373429497936097,229.0,0.0
23.382567474260256,230.0,0.0
23.397452776710086,229.0,0.0
23.399961547056503,228.0,0.0
23.40090289670639,229.0,0.0
23.40532845347468,230.0,0.0
23.40641464551702,229.0,0.0
23.406750356373927,230.0,0.0
23.410781245566994,229.0,0.0
23.41099957446757,230.0,0.0
23.416027605165915,229.0,0.0
23.421676627177284,228.0,0.0
23.42532006737232,229.0,0.0
23.427910185816444,230.0,0.0
23.44591614282281,229.0,0.0
23.457726946870743,230.0,0.0
23.458483951246304,229.0,0.0
23.459955608939616,230.0,0.0
23.47316282281616,229.0,0.0
23.484975762165963,230.0,0.0
23.497535075091864,229.0,0.0
23.499112987998853,228.0,0.0
23.501262813218872,229.0,0.0
23.517500992540388,228.0,0.0
23.51905401366522,229.0,0.0
23.52113892520846,228.0,0.0
23.524528373288284,229.0,0.0
23.52689842972729,230.0,0.0
23.527093163103782,229.0,0.0
23.530002909599904,228.0,0.0
23.530288153988128,227.0,0.0
23.53643191073242,226.0,0.0
23.540924087435734,227.0,0.0
23.548947643551152,226.0,0.0
23.554108716514957,225.0,0.0
23.555761507031416,226.0,0.0
23.555842102430585,225.0,0.0
23.560670455778173,226.0,0.0
23.563584704769273,225.0,0.0
23.563758067830122,224.0,0.0
23.574693103620564,223.0,0.0
23.58590142834558,222.0,0.0
23.588198430550406,223.0,0.0
23.598749513772226,222.0,0.0
23.599501770355936,223.0,0.0
23.608975686572393,224.0,0.0
23.61548469153881,223.0,0.0
23.625678028670077,222.0,0.0
23.63715229983083,221.0,0.0
23.63725438811415,220.0,0.0
23.637479641128316,219.0,0.0
23.640151657378922,220.0,0.0
23.64333518095032,221.0,0.0
23.645310891390036,220.0,0.0
23.655401115365482,219.0,0.0
23.658102178301913,220.0,0.0
23.664737560770433,221.0,0.0
23.673105463061056,220.0,0.0
23.67385010720111,221.0,0.0
23.6772602548278,222.0,0.0
23.683532766898676,221.0,0.0
23.691491179837946,222.0,0.0
23.692185205962403,223.0,0.0
23.698236174680854,222.0,0.0
23.70208408127252,223.0,0.0
23.7051013391798,222.0,0.0
23.705211342560613,221.0,0.0
23.714237280210234,220.0,0.0
23.716868441932068,219.0,0.0
23.720664876273098,220.0,0.0
23.729008988731636,219.0,0.0
23.73392250642224,218.0,0.0
23.73430151517953,217.0,0.0
23.75173264096275,216.0,0.0
23.7631240796091,215.0,0.0
23.769963678421114,216.0,0.0
23.771268573164022,215.0,0.0
23.778626721724297,214.0,0.0
23.780408633794043,213.0,0.0
23.783919547746777,212.0,0.0
23.787449318199616,211.0,0.0
23.788921285880445,210.0,0.0
23.798516669848603,211.0,0.0
23.798919596181406,212.0,0.0
23.814981518765176,213.0,0.0
23.816037554155592,212.0,0.0
23.817227712457097,213.0,0.0
23.82697002575078,212.0,0.0
23.83416395510506,211.0,0.0
23.838112437775358,210.0,0.0
23.84594413310124,211.0,0.0
23.847417069285896,210.0,0.0
23.852602013158474,211.0,0.0
23.852644814345794,210.0,0.0
23.853062435462387,211.0,0.0
23.859809998970817,210.0,0.0
23.863067117698144,211.0,0.0
23.870045592827505,212.0,0.0
23.872089077903578,211.0,0.0
23.877037130970884,210.0,0.0
23.88879078124167,209.0,0.0
23.896027598898254,208.0,0.0
23.900160358181907,207.0,0.0
23.901893112016054,206.0,0.0
23.91146522368789,207.0,0.0
23.91583803190266,206.0,0.0
23.917244367988832,205.0,0.0
23.923441722618158,204.0,0.0
23.92654606262974,203.0,0.0
23.927155345429625,202.0,0.0
23.93509848131851,201.0,0.0
23.94681465629679,202.0,0.0
23.94708015678006,203.0,0.0
23.947718772025734,202.0,0.0
23.954848480778093,201.0,0.0
23.956695358403113,200.0,0.0
23.957381841595698,201.0,0.0
23.95772738037488,202.0,0.0
23.958547077548726,201.0,0.0
23.95967356840986,200.0,0.0
23.96435268816661,201.0,0.0
23.970671277059616,202.0,0.0
23.972528315897893,203.0,0.0
23.98282504247597,202.0,0.0
23.984621794405157,203.0,0.0
23.99363500262876,204.0,0.0
23.995831013218154,203.0,0.0
24.00899206613179,202.0,0.0
24.012541590033567,201.0,0.0
24.022097246652592,202.0,0.0
24.026821868311295,203.0,0.0
24.02913219175602,204.0,0.0
24.034399143277444,203.0,0.0
24.03695589104121,204.0,0.0
24.07989808096636,205.0,0.0
24.082335521633045,204.0,0.0
24.08358595353424,205.0,0.0
24.085613974305854,204.0,0.0
24.092921413981518,203.0,0.0
24.105970059265942,202.0,0.0
24.114910078991283,201.0,0.0
24.117737761498354,202.0,0.0
24.138141868661013,201.0,0.0
24.140415656154364,202.0,0.0
24.142491147289093,201.0,0.0
24.145883443124966,200.0,0.0
24.150016748443598,201.0,0.0
24.156712351627945,200.0,0.0
24.1570075883955,201.0,0.0
24.160653243463347,200.0,0.0
24.16363828904818,199.0,0.0
24.16538526971582,198.0,0.0
24.175753519533117,199.0,0.0
24.18726585259662,200.0,0.0
24.187954620137063,201.0,0.0
24.206792532902178,200.0,0.0
24.21154604395064,199.0,0.0
24.218570194545187,198.0,0.0
24.221473293296096,197.0,0.0
24.222323590551394,196.0,0.0
24.22420059447713,195.0,0.0
24.224597956191523,194.0,0.0
24.22602754848582,193.0,0.0
24.23826314975668,194.0,0.0
24.238913409868008,195.0,0.0
24.24104670770875,194.0,0.0
24.24418794672743,195.0,0.0
24.248793625673102,194.0,0.0
24.250770671059623,193.0,0.0
24.28505445379191,192.0,0.0
24.28871516709801,191.0,0.0
24.292202809851403,192.0,0.0
24.296899113687616,191.0,0.0
24.31692364901814,192.0,0.0
24.31753827350651,191.0,0.0
24.320540186139745,190.0,0.0
24.325584499504554,191.0,0.0
24.34163861805088,190.0,0.0
24.352288063968647,189.0,0.0
24.365049044993768,188.0,0.0
24.365292803945152,187.0,0.0
24.369268638628085,186.0,0.0
24.378614642026687,185.0,0.0
24.3977894353844,184.0,0.0
24.421939989250458,185.0,0.0
24.425191334235087,186.0,0.0
24.425510700970662,187.0,0.0
24.43241371306611,186.0,0.0
24.43503190251201,187.0,0.0
24.44614502676305,186.0,0.0
24.450016570274034,185.0,0.0
24.46491369188801,186.0,0.0
24.46554343159687,185.0,0.0
24.469662997176343,186.0,0.0
24.474186610000512,185.0,0.0
24.496668480474142,186.0,0.0
24.507633024261718,185.0,0.0
24.518861419591865,186.0,0.0
24.523566419269347,187.0,0.0
24.524800492871325,186.0,0.0
24.52782783446579,185.0,0.0
24.541092102075428,186.0,0.0
24.544710490391118,187.0,0.0
24.553474614702424,186.0,0.0
24.556422785967655,185.0,0.0
24.559376761234233,184.0,0.0
24.575846936379705,183.0,0.0
24.576975526878144,182.0,0.0
24.584050663043378,181.0,0.0
24.589950007732124,180.0,0.0
24.602934902666828,179.0,0.0
24.610943306596717,180.0,0.0
24.627815450770992,179.0,0.0
24.631126805686645,178.0,0.0
24.634624230924715,177.0,0.0
24.64070770143094,176.0,0.0
24.642751434822934,175.0,0.0
24.645537890008626,174.0,0.0
24.647061748603914,173.0,0.0
24.651183634896654,172.0,0.0
24.660453670280575,171.0,0.0
24.673536066702756,170.0,0.0
24.68328685927417,169.0,0.0
24.684276299574247,168.0,0.0
24.694164859222877,167.0,0.0
24.700200047659393,168.0,0.0
24.701040323757297,167.0,0.0
24.701273239881314,166.0,0.0
24.70587281543854,167.0,0.0
24.71731985711198,168.0,0.0
24.718309676128946,169.0,0.0
24.735767051770083,168.0,0.0
24.75267943305261,167.0,0.0
24.754189321021872,166.0,0.0
24.757823264981297,167.0,0.0
24.772578129755896,166.0,0.0
24.78584997590128,167.0,0.0
24.79689816242646,168.0,0.0
24.797761129066426,167.0,0.0
24.79929373393536,166.0,0.0
24.826352688068752,165.0,0.0
24.832914408253796,164.0,0.0
24.83393862940724,163.0,0.0
24.838031843056704,164.0,0.0
24.856192458655883,165.0,0.0
24.862412655479652,166.0,0.0
24.869873305569904,165.0,0.0
24.872837484967008,164.0,0.0
24.882726952702335,163.0,0.0
24.885926313753632,162.0,0.0
24.888831792757127,161.0,0.0
24.89110489453126,162.0,0.0
24.89136561490434,163.0,0.0
24.896376519093906,164.0,0.0
24.91644736173905,163.0,0.0
24.917881012926493,164.0,0.0
24.920543093463827,163.0,0.0
24.927403966944798,162.0,0.0
24.937410982176885,163.0,0.0
24.944586975767706,162.0,0.0
24.951675130395245,161.0,0.0
24.96846393193961,160.0,0.0
24.973376367284416,161.0,0.0
24.998977219987534,160.0,0.0
25.006972383840775,159.0,0.0
25.0107841039133,160.0,0.0
25.019280182588528,159.0,0.0
25.02536944588863,160.0,0.0
25.03475308606899,159.0,0.0
25.04142698427458,160.0,0.0
25.045875065679358,159.0,0.0
25.048910491844026,160.0,0.0
25.051091577414795,159.0,0.0
25.05171334006475,158.0,0.0
25.05498533047174,157.0,0.0
25.055044958647375,156.0,0.0
25.056084878533778,155.0,0.0
25.05661733578094,154.0,0.0
25.077617189566965,153.0,0.0
25.08165516459328,152.0,0.0
25.087509942046157,151.0,0.0
25.096210797521554,150.0,0.0
25.09655904121212,151.0,0.0
25.099954597239265,150.0,0.0
25.111875823165683,149.0,0.0
25.112482996324523,150.0,0.0
25.1172357144653,151.0,0.0
25.118485238999767,152.0,0.0
25.12363486018225,151.0,0.0
25.1528964950488,150.0,0.0
25.15429448080857,149.0,0.0
25.164531080104762,150.0,0.0
25.169197172156913,149.0,0.0
25.200399468006164,148.0,0.0
25.202479185830914,147.0,0.0
25.20656002673617,146.0,0.0
25.20793045224882,145.0,0.0
25.211325362025235,144.0,0.0
25.213307805097635,145.0,0.0
25.217915166230135,146.0,0.0
25.227122271118045,145.0,0.0
25.25994471905547,144.0,0.0
25.265862549985325,145.0,0.0
25.27977780400605,146.0,0.0
25.28283473267836,145.0,0.0
25.292858250533758,146.0,0.0
25.298975670324015,145.0,0.0
25.30016460828708,144.0,0.0
25.302777429603257,143.0,0.0
25.306874100903467,142.0,0.0
25.308230694895535,143.0,0.0
25.319671211164593,144.0,0.0
25.320743744659712,143.0,0.0
25.32130954791448,142.0,0.0
25.34081195381973,141.0,0.0
25.349578542499884,140.0,0.0
25.357735830244334,141.0,0.0
25.375110175354628,142.0,0.0
25.380714665680916,141.0,0.0
25.381815526016865,140.0,0.0
25.38600450661827,139.0,0.0
25.388930130279203,138.0,0.0
25.38943943359812,139.0,0.0
25.39705878838177,138.0,0.0
25.399819608576927,137.0,0.0
25.409240168221206,136.0,0.0
25.41930058277384,135.0,0.0
25.437051082373305,136.0,0.0
25.448107024575595,135.0,0.0
25.450910794128504,136.0,0.0
25.45379039722446,135.0,0.0
25.45698225207885,134.0,0.0
25.476885247634105,133.0,0.0
25.488346286705788,132.0,0.0
25.490289654635273,131.0,0.0
25.493318350446,130.0,0.0
25.494128192560765,129.0,0.0
25.49515143416415,128.0,0.0
25.498803880129817,127.0,0.0
25.501265415383564,128.0,0.0
25.510922961543933,129.0,0.0
25.51220423855047,128.0,0.0
25.51612461404966,127.0,0.0
25.530486460298814,126.0,0.0
25.54799008483914,125.0,0.0
25.55769493159638,126.0,0.0
25.564174150662243,125.0,0.0
25.56428932730304,124.0,0.0
25.569812535641972,123.0,0.0
25.57392605698428,122.0,0.0
25.575895766512836,121.0,0.0
25.581432672035227,120.0,0.0
25.59613468252182,121.0,0.0
25.629618903841326,120.0,0.0
25.631583461135328,121.0,0.0
25.6336027459121,120.0,0.0
25.640358327696518,119.0,0.0
25.642572445275466,118.0,0.0
25.656414056719562,117.0,0.0
25.661270219955004,118.0,0.0
25.669317444225143,117.0,0.0
25.68538853249627,118.0,0.0
25.688479658787056,119.0,0.0
25.69079558537471,118.0,0.0
25.697785257541796,119.0,0.0
25.70451349157898,118.0,0.0
25.714000434657045,117.0,0.0
25.724025395737954,118.0,0.0
25.733889397363136,117.0,0.0
25.7411936621046,116.0,0.0
25.75115303843367,117.0,0.0
25.75282885570478,116.0,0.0
25.7730666642742,115.0,0.0
25.773795559649397,116.0,0.0
25.782685865180994,117.0,0.0
25.784547601369354,116.0,0.0
25.80862742363265,115.0,0.0
25.810318578145118,116.0,0.0
25.830074926924183,115.0,0.0
25.85810053062156,116.0,0.0
25.875573030539194,115.0,0.0
25.87772115392311,114.0,0.0
25.890070270171954,115.0,0.0
25.900411473454014,116.0,0.0
25.919390261371632,115.0,0.0
25.920407410161797,114.0,0.0
25.922929720711352,113.0,0.0
25.93320338498704,112.0,0.0
25.93962062797697,111.0,0.0
25.944305761174974,110.0,0.0
25.948007231158826,111.0,0.0
25.95794316954566,110.0,0.0
25.964530211224627,109.0,0.0
25.986149161150095,108.0,0.0
25.991838897785666,109.0,0.0
26.003235817787964,108.0,0.0
26.00341511954734,109.0,0.0
26.003821356703405,110.0,0.0
26.004422332229137,111.0,0.0
26.00489636253994,112.0,0.0
26.00830706717914,111.0,0.0
26.028139983902786,112.0,0.0
26.039278283879387,111.0,0.0
26.04386873290025,110.0,0.0
26.062004276255205,111.0,0.0
26.062868349900764,110.0,0.0
26.065941282437567,109.0,0.0
26.069871379408067,110.0,0.0
26.07044253910852,109.0,0.0
26.073234386139703,108.0,0.0
26.07663639703084,109.0,0.0
26.082580636748965,108.0,0.0
26.093036205052492,109.0,0.0
26.093453065107095,108.0,0.0
26.09371873102132,109.0,0.0
26.102232955974202,108.0,0.0
26.10751813163706,107.0,0.0
26.145391465589356,106.0,0.0
26.146529096968383,105.0,0.0
26.155693493555596,106.0,0.0
26.17197824273324,105.0,0.0
26.175370670156873,106.0,0.0
26.184712081248584,105.0,0.0
26.191703177827033,104.0,0.0
26.209417334444648,103.0,0.0
26.212000883365288,104.0,0.0
26.250212344258195,105.0,0.0
26.27140508982565,104.0,0.0
26.273308731340883,103.0,0.0
26.275144069706744,102.0,0.0
26.2855446762513,103.0,0.0
26.291993925552834,102.0,0.0
26.293154608258288,101.0,0.0
26.300156016774203,102.0,0.0
26.304279247197947,101.0,0.0
26.30620413133485,100.0,0.0
26.31164320147018,99.0,0.0
26.35990258206786,98.0,0.0
26.370037181301928,97.0,0.0
26.371484599298615,96.0,0.0
26.385509564553537,95.0,0.0
26.390437642285836,94.0,0.0
26.39130462320254,93.0,0.0
26.405251646173216,92.0,0.0
26.409163930326574,93.0,0.0
26.410704920145722,92.0,0.0
26.412867057076554,93.0,0.0
26.413319214169743,92.0,0.0
26.421398321848773,91.0,0.0
26.422479815305216,90.0,0.0
26.464410865203572,89.0,0.0
26.473012901743058,88.0,0.0
26.480689027853195,87.0,0.0
26.48935126860113,86.0,0.0
26.489381156504898,85.0,0.0
26.493811579866453,86.0,0.0
26.496074207765698,85.0,0.0
26.512009715545137,86.0,0.0
26.514133324469736,85.0,0.0
26.51547792578873,84.0,0.0
26.524812916736206,83.0,0.0
26.530083234839534,84.0,0.0
26.53956246906574,83.0,0.0
26.54269515851109,82.0,0.0
26.547469199247555,81.0,0.0
26.57091910959425,82.0,0.0
26.579768176054582,81.0,0.0
26.584930735651294,80.0,0.0
26.59233775511175,79.0,0.0
26.61422909648395,78.0,0.0
26.615289671758536,79.0,0.0
26.617199078551167,78.0,0.0
26.62268116812916,77.0,0.0
26.623179899135398,76.0,0.0
26.62580750702769,75.0,0.0
26.63460608887955,76.0,0.0
26.637396824469608,75.0,0.0
26.664018100833903,76.0,0.0
26.667283064220975,75.0,0.0
26.66785832039572,76.0,0.0
26.668694244757116,77.0,0.0
26.67544863346901,76.0,0.0
26.691477444949623,75.0,0.0
26.69510743231108,74.0,0.0
26.696780851963336,73.0,0.0
26.700853109689817,74.0,0.0
26.7052602124932,73.0,0.0
26.72833003320341,72.0,0.0
26.735704038498106,73.0,0.0
26.73789547753544,74.0,0.0
26.74468970387361,73.0,0.0
26.74584352754736,72.0,0.0
26.75288305699195,73.0,0.0
26.767115532112705,74.0,0.0
26.772094766907287,75.0,0.0
26.80573220383568,74.0,0.0
26.81411806904313,73.0,0.0
26.832740262646457,72.0,0.0
26.836860769304536,71.0,0.0
26.842360069335435,70.0,0.0
26.862490621153963,69.0,0.0
26.873272591083442,70.0,0.0
26.875415099641906,71.0,0.0
26.876290472785744,70.0,0.0
26.89268982145849,71.0,0.0
26.893723817789848,70.0,0.0
26.897779395015572,69.0,0.0
26.914734724963257,68.0,0.0
26.91560869528099,67.0,0.0
26.91856248418248,66.0,0.0
26.919000145673618,65.0,0.0
26.92116696563886,66.0,0.0
26.92536734769609,65.0,0.0
26.925497127422553,64.0,0.0
26.95581196313897,63.0,0.0
26.960801238952797,64.0,0.0
26.963445750713653,65.0,0.0
26.97210291263954,66.0,0.0
26.974374692730205,65.0,0.0
26.991222976262794,64.0,0.0
26.993283238861768,63.0,0.0
26.99637424215325,62.0,0.0
26.999675712849893,61.0,0.0
27.00562583771526,62.0,0.0
27.00563749783725,61.0,0.0
27.012004999066278,60.0,0.0
27.013334081134843,61.0,0.0
27.014211075180537,60.0,0.0
27.020255308687833,59.0,0.0
27.032153581445684,60.0,0.0
27.046537820365725,59.0,0.0
27.04934295514048,58.0,0.0
27.054821147435234,59.0,0.0
27.06049164236777,58.0,0.0
27.070331893137276,57.0,0.0
27.083424752871636,56.0,0.0
27.085887070614376,57.0,0.0
27.102108890524793,56.0,0.0
27.11434610088168,55.0,0.0
27.133977767862934,54.0,0.0
27.137637130838062,55.0,0.0
27.147663585590692,54.0,0.0
27.147986978315362,53.0,0.0
27.16410958382567,52.0,0.0
27.16746606991178,51.0,0.0
27.17252547084015,52.0,0.0
27.17481665267104,51.0,0.0
27.177592801192393,50.0,0.0
27.18745668820558,51.0,0.0
27.190070555658853,50.0,0.0
27.20094710626988,49.0,0.0
27.201180051531924,48.0,0.0
27.207426892819583,49.0,0.0
27.21066923134306,50.0,0.0
27.214163939058448,51.0,0.0
27.239290351409135,52.0,0.0
27.241219926505405,51.0,0.0
27.245947469018848,50.0,0.0
27.247050613065586,49.0,0.0
27.248820690433053,48.0,0.0
27.257611877288348,47.0,0.0
27.283385974341797,46.0,0.0
27.284318690369812,45.0,0.0
27.293052984816402,44.0,0.0
27.30014447819433,43.0,0.0
27.300161119800336,42.0,0.0
27.30966986561406,41.0,0.0
27.31890181275691,40.0,0.0
27.327032415041934,39.0,0.0
27.32809370124989,40.0,0.0
27.338416246069922,39.0,0.0
27.34006236093424,38.0,0.0
27.355067397890664,39.0,0.0
27.374959032347537,38.0,0.0
27.38827017665655,37.0,0.0
27.400242531208413,36.0,0.0
27.403705947279956,35.0,0.0
27.405619495241258,34.0,0.0
27.41967856520862,35.0,0.0
27.42299085986489,36.0,0.0
27.430299736189607,37.0,0.0
27.432673704022342,38.0,0.0
27.447567298658495,37.0,0.0
27.449288699574076,38.0,0.0
27.450916850360482,37.0,0.0
27.465490444158743,36.0,0.0
27.46912234003231,35.0,0.0
27.48065320268602,36.0,0.0
27.48404850950915,35.0,0.0
27.48788234932374,36.0,0.0
27.491795556839406,35.0,0.0
27.517948673944375,34.0,0.0
27.56340877640162,33.0,0.0
27.56784220915906,34.0,0.0
27.59751237929447,35.0,0.0
27.599779220722116,34.0,0.0
27.605223215434044,33.0,0.0
27.620053159161873,32.0,0.0
27.632123840770166,31.0,0.0
27.63617415005132,30.0,0.0
27.642284027466875,29.0,0.0
27.6497194124435,28.0,0.0
27.65954049962659,27.0,0.0
27.668167087228287,26.0,0.0
27.67805581957543,25.0,0.0
27.686415219815295,26.0,0.0
27.695520483055372,25.0,0.0
27.698962819989706,26.0,0.0
27.70524193429673,25.0,0.0
27.705500382171486,24.0,0.0
27.73207117588233,23.0,0.0
27.735285529478638,24.0,0.0
27.74247148884883,25.0,0.0
27.746332307644753,24.0,0.0
27.746750241106536,23.0,0.0
27.75854894090855,22.0,0.0
27.770201017834275,21.0,0.0
27.790212976702833,20.0,0.0
27.791350328166473,19.0,0.0
27.802012686416045,18.0,0.0
27.814054714693846,17.0,0.0
27.83599853789559,16.0,0.0
27.843352669313756,17.0,0.0
27.846859535180503,16.0,0.0
27.873957648370887,15.0,0.0
27.87479221788139,14.0,0.0
27.89638895227092,13.0,0.0
27.89966333342065,12.0,0.0
27.90376410336792,11.0,0.0
27.90673440671451,10.0,0.0
27.91247675659324,9.0,0.0
27.918118698471133,8.0,0.0
27.93258727407419,7.0,0.0
27.935704833445627,6.0,0.0
27.939754659180174,5.0,0.0
27.942529174550025,4.0,0.0
27.971695761660982,3.0,0.0
27.998951886399496,2.0,0.0
28.006947108273465,1.0,0.0
28.010012699459473,0.0,0.0
28.06948150023595,1.0,0.0
28.10345927284292,0.0,0.0
28.166418459679612,1.0,0.0
28.203439889638158,0.0,0.0
28.26014217252318,1.0,0.0
28.295310971621213,2.0,0.0
28.300387127042313,1.0,0.0
28.313661809308982,2.0,0.0
28.37112726890418,1.0,0.0
28.37710407360319,0.0,0.0
28.43500644970925,1.0,0.0
28.43895723754328,0.0,0.0
28.55550428268362,1.0,0.0
28.555689865101023,2.0,0.0
28.5754226093847,1.0,0.0
28.616554541360642,0.0,0.0
28.62563635002306,1.0,0.0
28.62643472111251,0.0,0.0
28.66385500244884,1.0,0.0
28.712029884391377,0.0,0.0
28.803585734974064,1.0,0.0
28.81770353703382,0.0,0.0
28.856291583850883,1.0,0.0
28.858146477578657,0.0,0.0
28.896524987911228,1.0,0.0
28.926220557394146,0.0,0.0
29.040422446209107,1.0,0.0
29.048939764580005,2.0,0.0
29.060250484895864,1.0,0.0
29.069505416594147,2.0,0.0
29.074442621840944,1.0,0.0
29.074800014638235,0.0,0.0
29.16211680603001,1.0,0.0
29.165437421315453,2.0,0.0
29.19453695240495,3.0,0.0
29.204400321527196,2.0,0.0
29.20566199450654,1.0,0.0
29.20760424135268,0.0,0.0
29.238522948075207,1.0,0.0
29.246624185762187,0.0,0.0
29.298691209385595,1.0,0.0
29.316604298308437,0.0,0.0
29.373050262725545,1.0,0.0
29.374854065236505,0.0,0.0
29.383003343937887,1.0,0.0
29.384831943185947,0.0,0.0
29.43362767276981,1.0,0.0
29.448993515265833,2.0,0.0
29.45908853579181,1.0,0.0
29.460343432094096,2.0,0.0
29.511004307914014,1.0,0.0
29.534346832976254,0.0,0.0
29.57791236173705,1.0,0.0
29.58040812856702,0.0,0.0
29.609806200451786,1.0,0.0
29.615161807877858,0.0,0.0
29.618939366601744,1.0,0.0
29.621504116904095,0.0,0.0
29.639356099815373,1.0,0.0
29.680727517410826,0.0,0.0
29.84913213369961,1.0,0.0
29.861164414270018,0.0,0.0
29.93873510258131,1.0,0.0
29.939445853812096,2.0,0.0
29.947266825413852,1.0,0.0
29.97263599254387,0.0,0.0
30.009592744112304,1.0,0.0
30.02864290841538,0.0,0.0
30.097961532698815,1.0,0.0
30.123728426997765,0.0,0.0
30.235179928232782,1.0,0.0
30.25371517511147,2.0,0.0
30.256382834512596,1.0,0.0
30.262840040518505,2.0,0.0
30.279852867167342,1.0,0.0
30.3087669989884,0.0,0.0
30.331209934289664,1.0,0.0
30.331348521589835,0.0,0.0
30.40793562838073,1.0,0.0
30.414516404667822,2.0,0.0
30.420472598154895,1.0,0.0
30.434495199343495,0.0,0.0
30.48629335408824,1.0,0.0
30.49462867936635,2.0,0.0
30.498880931862086,1.0,0.0
30.534296267868882,0.0,0.0
30.54691586845378,1.0,0.0
30.57957812022287,2.0,0.0
30.586144943751748,3.0,0.0
30.59982870426138,2.0,0.0
30.605201623307547,3.0,0.0
30.60996892254586,2.0,0.0
30.62340508220901,1.0,0.0
30.67581300674873,2.0,0.0
30.696652902602267,1.0,0.0
30.704295259423645,0.0,0.0
30.750140402669736,1.0,0.0
30.769193707541053,2.0,0.0
30.769424719734328,1.0,0.0
30.771056852654272,0.0,0.0
30.792107101209986,1.0,0.0
30.80861304018193,0.0,0.0
30.852668694113003,1.0,0.0
30.855203343568487,2.0,0.0
30.857741530344878,1.0,0.0
30.911354509361146,0.0,0.0
30.93066019072545,1.0,0.0
30.947326833287825,2.0,0.0
30.94840245231929,3.0,0.0
30.99079148832732,2.0,0.0
30.998013188026345,3.0,0.0
30.9986586883329,2.0,0.0
31.00371768883173,3.0,0.0
31.035243646037337,4.0,0.0
31.044465222264922,5.0,0.0
31.058536356916736,4.0,0.0
31.06388884266127,3.0,0.0
31.080932474170726,2.0,0.0
31.084791335207814,1.0,0.0
31.13460125030943,0.0,0.0
31.229113900559046,1.0,0.0
31.235957643928167,0.0,0.0
31.238912978349923,1.0,0.0
31.249825282318753,2.0,0.0
31.25062122673575,1.0,0.0
31.27150827975491,0.0,0.0
31.274898887619948,1.0,0.0
31.3082443537515,0.0,0.0
31.328758274854025,1.0,0.0
31.340109519224132,0.0,0.0
31.348769341124704,1.0,0.0
31.352525157724777,0.0,0.0
31.369095192523538,1.0,0.0
31.3811211178122,2.0,0.0
31.41105350643176,1.0,0.0
31.418122017673713,2.0,0.0
31.431658717693914,3.0,0.0
31.454521779903992,2.0,0.0
31.463319086211875,3.0,0.0
31.463863952053877,2.0,0.0
31.47346141984069,3.0,0.0
31.493533309990408,4.0,0.0
31.50354681417424,3.0,0.0
31.513863672041538,4.0,0.0
31.523590578537675,3.0,0.0
31.529800094667397,2.0,0.0
31.539006324622523,1.0,0.0
31.557820138962423,2.0,0.0
31.58755723297296,1.0,0.0
31.591313996636682,2.0,0.0
31.61605293750349,3.0,0.0
31.624783045789645,2.0,0.0
31.624809300357846,1.0,0.0
31.625498540032975,2.0,0.0
31.628747512314668,1.0,0.0
31.6312414815133,2.0,0.0
31.639080159249186,3.0,0.0
31.66266517817642,4.0,0.0
31.671305997010663,5.0,0.0
31.673846573822765,4.0,0.0
31.675136988331047,3.0,0.0
31.680297078941695,4.0,0.0
31.69025897256051,5.0,0.0
31.690642114311864,6.0,0.0
31.690762535216592,5.0,0.0
31.698929428920668,6.0,0.0
31.699438219383286,7.0,0.0
31.705638721417138,8.0,0.0
31.711648291442284,9.0,0.0
31.73137283846582,8.0,0.0
31.734531926855443,7.0,0.0
31.73758301467656,8.0,0.0
31.737834943362095,9.0,0.0
31.742616690964624,8.0,0.0
31.747760039010853,9.0,0.0
31.7699066919588,8.0,0.0
31.783561033460973,7.0,0.0
31.796315467739024,6.0,0.0
31.801974209117837,5.0,0.0
31.808804765626817,4.0,0.0
31.811247622559257,5.0,0.0
31.837908289731903,4.0,0.0
31.852348229820926,3.0,0.0
31.90454960960554,2.0,0.0
31.9107295676697,1.0,0.0
31.919551821140594,0.0,0.0
31.91975107815691,1.0,0.0
31.92787417876357,2.0,0.0
31.937172658895296,3.0,0.0
31.938325115434385,2.0,0.0
31.945735772608913,1.0,0.0
31.951427626827478,2.0,0.0
31.958099466057057,1.0,0.0
31.9628061148366,0.0,0.0
31.969011711158483,1.0,0.0
31.98108624841288,2.0,0.0
31.98980630472202,1.0,0.0
31.991825415438573,0.0,0.0
31.992177273975905,1.0,0.0
32.01241974935075,2.0,0.0
32.01478293328886,1.0,0.0
32.02306161936694,0.0,0.0
32.03883368637371,1.0,0.0
32.04994233833114,2.0,0.0
32.074867939517574,3.0,0.0
32.094206426767485,4.0,0.0
32.09690116920664,5.0,0.0
32.098672848974516,6.0,0.0
32.11866702177294,5.0,0.0
32.136778664542945,4.0,0.0
32.14996456795484,5.0,0.0
32.16084927414286,4.0,0.0
32.16752863847623,3.0,0.0
32.16787082942784,4.0,0.0
32.191797508143345,3.0,0.0
32.193838701289366,4.0,0.0
32.195463783417985,3.0,0.0
32.197967133706214,2.0,0.0
32.200336347959926,3.0,0.0
32.20189962491881,2.0,0.0
32.20197443556292,1.0,0.0
32.22799822757744,2.0,0.0
32.236312778295975,1.0,0.0
32.248067235610655,2.0,0.0
32.26766687402728,3.0,0.0
32.26795857288953,2.0,0.0
32.27418233084292,3.0,0.0
32.28851012672856,2.0,0.0
32.3052762953869,3.0,0.0
32.3079499588273,2.0,0.0
32.31269192703148,3.0,0.0
32.33390070032961,2.0,0.0
32.35004772786301,1.0,0.0
32.36271557125279,2.0,0.0
32.36551851490993,3.0,0.0
32.37178856924381,4.0,0.0
32.374464021444446,5.0,0.0
32.37730888950492,6.0,0.0
32.38424705481964,5.0,0.0
32.38740628658269,4.0,0.0
32.3935354144246,3.0,0.0
32.399753889917285,2.0,0.0
32.40204959954406,1.0,0.0
32.42003692101649,0.0,0.0
32.429976063882215,1.0,0.0
32.441505494989926,2.0,0.0
32.44826666015466,1.0,0.0
32.46462071826506,0.0,0.0
32.53030618971852,1.0,0.0
32.53953032102662,2.0,0.0
32.553669457395046,3.0,0.0
32.55776520601972,2.0,0.0
32.56897670572948,3.0,0.0
32.58759842781677,4.0,0.0
32.614420780876486,3.0,0.0
32.61730350228026,2.0,0.0
32.62119873265035,1.0,0.0
32.62414413944665,2.0,0.0
32.63570187238971,3.0,0.0
32.65004426417584,4.0,0.0
32.65151181986144,5.0,0.0
32.653448919724056,4.0,0.0
32.66117283833808,5.0,0.0
32.66844802863895,4.0,0.0
32.67103706805368,3.0,0.0
32.67402605064296,4.0,0.0
32.67461523620564,3.0,0.0
32.67640678448678,4.0,0.0
32.67790682192531,3.0,0.0
32.684930002213406,2.0,0.0
32.68995981270734,1.0,0.0
32.69262635851738,2.0,0.0
32.69811373105666,1.0,0.0
32.699155679490254,2.0,0.0
32.712741630375156,1.0,0.0
32.71360322981358,2.0,0.0
32.73087842849873,1.0,0.0
32.73267704148485,2.0,0.0
32.74108426194305,1.0,0.0
32.744938362046284,0.0,0.0
32.76503465777462,1.0,0.0
32.76648748101331,2.0,0.0
32.76900587641771,3.0,0.0
32.77015628604541,2.0,0.0
32.77721170567904,1.0,0.0
32.77884199546703,0.0,0.0
32.79869765181674,1.0,0.0
32.80293842199995,2.0,0.0
32.80437787553614,3.0,0.0
32.80999862309222,4.0,0.0
32.815605682700145,3.0,0.0
32.824249076061065,2.0,0.0
32.827266154367535,3.0,0.0
32.82970955576741,2.0,0.0
32.83363582839839,1.0,0.0
32.86781085131858,2.0,0.0
32.875601615070664,1.0,0.0
32.89454067176936,2.0,0.0
32.90002549924953,3.0,0.0
32.9160075859705,4.0,0.0
32.93292450244593,3.0,0.0
32.93478241598908,4.0,0.0
32.94203941210314,5.0,0.0
32.95343036472623,4.0,0.0
32.95501999448035,3.0,0.0
32.9551490727789,2.0,0.0
32.9562069754198,1.0,0.0
32.96597254397451,0.0,0.0
32.9708860660997,1.0,0.0
32.971516395600325,0.0,0.0
32.99681697465703,1.0,0.0
33.00844663446751,2.0,0.0
33.009774795144615,1.0,0.0
33.02005526846105,0.0,0.0
33.04246047403888,1.0,0.0
33.042493649099306,0.0,0.0
33.056198247294304,1.0,0.0
33.05770069568439,2.0,0.0
33.06162444119581,3.0,0.0
33.062008318079904,4.0,0.0
33.07308020522065,3.0,0.0
33.11001856938641,4.0,0.0
33.11045669279125,3.0,0.0
33.12322097328167,4.0,0.0
33.125757076252185,3.0,0.0
33.13449517489992,2.0,0.0
33.138966159815226,3.0,0.0
33.1441859774465,4.0,0.0
33.146400905140105,3.0,0.0
33.147834682391654,2.0,0.0
33.16036741766785,1.0,0.0
33.17789889611072,0.0,0.0
33.18299032977683,1.0,0.0
33.201613535246366,2.0,0.0
33.21835747252974,3.0,0.0
33.21989719954812,4.0,0.0
33.22222630855983,5.0,0.0
33.22456394712971,4.0,0.0
33.22924879632904,5.0,0.0
33.23248822680419,6.0,0.0
33.24997845889331,5.0,0.0
33.25013420505771,6.0,0.0
33.26860445761706,5.0,0.0
33.28526494403843,4.0,0.0
33.28748699506577,5.0,0.0
33.30453724574011,4.0,0.0
33.3156976862888,5.0,0.0
33.316232953466006,4.0,0.0
33.317115320840756,3.0,0.0
33.31947931159796,2.0,0.0
33.31999990346422,1.0,0.0
33.328999309951875,2.0,0.0
33.338833056102644,3.0,0.0
33.35078299483833,4.0,0.0
33.356191435978474,3.0,0.0
33.35819962278616,4.0,0.0
33.39443467785419,5.0,0.0
33.40036376284759,4.0,0.0
33.40270232848989,3.0,0.0
33.41316506426278,4.0,0.0
33.41884772207416,5.0,0.0
33.42576150977912,6.0,0.0
33.4438209109411,7.0,0.0
33.4456677018151,8.0,0.0
33.44790759819999,9.0,0.0
33.450755878171826,10.0,0.0
33.45092822138173,9.0,0.0
33.45712418632059,10.0,0.0
33.46670775670054,9.0,0.0
33.467667646449215,10.0,0.0
33.46810795254144,11.0,0.0
33.47988789547139,12.0,0.0
33.479910100824,13.0,0.0
33.488588314704536,12.0,0.0
33.49104058709317,13.0,0.0
33.49233379082804,14.0,0.0
33.49603028430807,15.0,0.0
33.50025139840304,16.0,0.0
33.50106243059048,17.0,0.0
33.50610819735879,18.0,0.0
33.52353213642715,17.0,0.0
33.52527397618459,18.0,0.0
33.52746699059628,19.0,0.0
33.5284981988828,20.0,0.0
33.53269258501984,21.0,0.0
33.537004238650965,22.0,0.0
33.537284873592746,23.0,0.0
33.54666859421963,24.0,0.0
33.55362394636161,23.0,0.0
33.564239997595024,22.0,0.0
33.56488193711307,21.0,0.0
33.565135895189776,22.0,0.0
33.566836870485126,23.0,0.0
33.56875955806501,24.0,0.0
33.57063289073155,25.0,0.0
33.57395007787313,24.0,0.0
33.580666880531,23.0,0.0
33.586840137709686,24.0,0.0
33.588239906047,23.0,0.0
33.58826491020355,24.0,0.0
33.606214363748286,23.0,0.0
33.6160265110035,22.0,0.0
33.61979875578693,21.0,0.0
33.62292728629142,22.0,0.0
33.62753373810997,21.0,0.0
33.63378217286511,22.0,0.0
33.63566730627514,21.0,0.0
33.64059121827213,22.0,0.0
33.64917763906066,21.0,0.0
33.6529695976017,20.0,0.0
33.66056771768932,19.0,0.0
33.66768342515053,20.0,0.0
33.67032382004854,21.0,0.0
33.67922521911786,22.0,0.0
33.70848795150992,21.0,0.0
33.71210861613108,22.0,0.0
33.719390296895526,23.0,0.0
33.71994718208383,22.0,0.0
33.721338961806886,23.0,0.0
33.72288140204992,22.0,0.0
33.72522501503812,21.0,0.0
33.746796275332336,22.0,0.0
33.749633284335516,21.0,0.0
33.754556402169236,22.0,0.0
33.769511723857555,21.0,0.0
33.77285641991362,22.0,0.0
33.777763738935235,23.0,0.0
33.78210433254093,24.0,0.0
33.78538995717791,25.0,0.0
33.7874310104467,26.0,0.0
33.79247154113104,27.0,0.0
33.798166680382515,28.0,0.0
33.799853770210085,27.0,0.0
33.811473810770984,26.0,0.0
33.81678020331416,27.0,0.0
33.817121526372404,28.0,0.0
33.82535119229621,27.0,0.0
33.841266623866076,28.0,0.0
33.841729561620795,29.0,0.0
33.84883906953733,28.0,0.0
33.85607276291382,27.0,0.0
33.86103378436806,28.0,0.0
33.86374676795816,27.0,0.0
33.86387329100225,28.0,0.0
33.87804947698295,29.0,0.0
33.87936729662319,30.0,0.0
33.881115735043814,29.0,0.0
33.89288165780606,30.0,0.0
33.90543082035738,31.0,0.0
33.908613065340035,30.0,0.0
33.91060453064013,29.0,0.0
33.91350883388986,30.0,0.0
33.921298281600244,31.0,0.0
33.92384520790719,30.0,0.0
33.9418514350938,29.0,0.0
33.94187619050052,28.0,0.0
33.951326168273134,27.0,0.0
33.96092528157082,28.0,0.0
33.96383225101545,29.0,0.0
33.966229251439366,28.0,0.0
33.96737383410468,27.0,0.0
33.97673393797724,28.0,0.0
33.98248640839021,27.0,0.0
33.983622746013026,28.0,0.0
33.98596637389036,29.0,0.0
33.98632251248971,30.0,0.0
33.98664241812355,31.0,0.0
33.9875917198978,32.0,0.0
34.00501211650069,33.0,0.0
34.00604932050184,32.0,0.0
34.01310954375253,31.0,0.0
34.01659032989054,32.0,0.0
34.0281557868882,33.0,0.0
34.032567622213385,32.0,0.0
34.0396743709305,33.0,0.0
34.042787781579435,32.0,0.0
34.04297288450067,33.0,0.0
34.05407049999924,34.0,0.0
34.05685520671636,35.0,0.0
34.06017093105245,36.0,0.0
34.064613979366335,35.0,0.0
34.0672756772956,34.0,0.0
34.07729606709797,33.0,0.0
34.07863929382514,34.0,0.0
34.08778232086035,33.0,0.0
34.08930235551417,32.0,0.0
34.09093853448731,33.0,0.0
34.091993162501055,34.0,0.0
34.09926915438976,33.0,0.0
34.1050713166516,34.0,0.0
34.11302710724951,35.0,0.0
34.12014899398047,36.0,0.0
34.12362385305671,37.0,0.0
34.12730609454785,36.0,0.0
34.129046411321994,35.0,0.0
34.13265266332566,34.0,0.0
34.13453293418736,35.0,0.0
34.13662228889165,34.0,0.0
34.14656452425943,35.0,0.0
34.14802564606529,34.0,0.0
34.15239517834545,33.0,0.0
34.15497803159919,34.0,0.0
34.157849701050765,35.0,0.0
34.1587136122747,34.0,0.0
34.17019796562465,33.0,0.0
34.1872536651156,34.0,0.0
34.18896965766231,35.0,0.0
34.190493069058945,36.0,0.0
34.19626332470169,37.0,0.0
34.19950882161774,36.0,0.0
34.21232184484974,37.0,0.0
34.22284888672195,38.0,0.0
34.2234625566521,39.0,0.0
34.23011488047432,38.0,0.0
34.23312084319722,39.0,0.0
34.2342641382097,38.0,0.0
34.24551792991627,39.0,0.0
34.24610135808069,40.0,0.0
34.25300338688252,39.0,0.0
34.25483581144428,38.0,0.0
34.255698649842834,39.0,0.0
34.26556801897275,38.0,0.0
34.265599994709056,39.0,0.0
34.26569114035265,38.0,0.0
34.269087449155016,39.0,0.0
34.26910716286687,38.0,0.0
34.27383810368324,39.0,0.0
34.279105686050464,40.0,0.0
34.28221857140256,41.0,0.0
34.283507247284874,40.0,0.0
34.28711935492673,41.0,0.0
34.287731936704844,40.0,0.0
34.28798669905329,39.0,0.0
34.29832702823246,40.0,0.0
34.30750404699718,41.0,0.0
34.30855089264648,40.0,0.0
34.31889268980009,41.0,0.0
34.32095777207107,40.0,0.0
34.3220439421787,41.0,0.0
34.327619168356556,42.0,0.0
34.32955465075704,41.0,0.0
34.33197106085426,40.0,0.0
34.33688289482768,39.0,0.0
34.338729840364124,40.0,0.0
34.339233250279136,39.0,0.0
34.34456842126132,40.0,0.0
34.35454369767648,39.0,0.0
34.3545573095759,38.0,0.0
34.367132652159334,37.0,0.0
34.3847264062069,38.0,0.0
34.38950181500845,37.0,0.0
34.39911135144248,36.0,0.0
34.39980564449235,35.0,0.0
34.41524446577908,36.0,0.0
34.446653562182114,37.0,0.0
34.44830593115672,36.0,0.0
34.44908193355862,37.0,0.0
34.45469741399108,36.0,0.0
34.45483468603049,35.0,0.0
34.457243428155465,36.0,0.0
34.461985834940606,35.0,0.0
34.474588011518335,36.0,0.0
34.48017116011748,37.0,0.0
34.48150269511,38.0,0.0
34.49873797043264,37.0,0.0
34.50332778239498,38.0,0.0
34.50437184394647,39.0,0.0
34.50526278350561,40.0,0.0
34.50583444286174,39.0,0.0
34.51424737683919,40.0,0.0
34.51978556698179,41.0,0.0
34.52622816600459,42.0,0.0
34.52954934496374,43.0,0.0
34.5304339527252,44.0,0.0
34.53511485939061,43.0,0.0
34.53621734139347,44.0,0.0
34.53889081794037,45.0,0.0
34.542843865892024,44.0,0.0
34.54417035582347,45.0,0.0
34.54945262441898,46.0,0.0
34.56306019198661,47.0,0.0
34.569247923337635,46.0,0.0
34.57228591762893,47.0,0.0
34.580571093512106,48.0,0.0
34.580807747021574,49.0,0.0
34.59464998609196,48.0,0.0
34.60082948507706,49.0,0.0
34.61250310630536,48.0,0.0
34.61348929431013,49.0,0.0
34.613866299162304,50.0,0.0
34.61396259414178,49.0,0.0
34.614407453576185,50.0,0.0
34.61494364032974,51.0,0.0
34.626893732013535,50.0,0.0
34.633267800881846,49.0,0.0
34.63708288353639,50.0,0.0
34.63760810179947,49.0,0.0
34.63851518418157,50.0,0.0
34.64258266358381,51.0,0.0
34.6526629031357,50.0,0.0
34.659212074877146,51.0,0.0
34.65997631006337,52.0,0.0
34.66737792276047,51.0,0.0
34.6694084978907,52.0,0.0
34.672918017588735,53.0,0.0
34.67471048712283,54.0,0.0
34.6794065363902,55.0,0.0
34.68414161131928,54.0,0.0
34.696827625397106,55.0,0.0
34.69805295485003,56.0,0.0
34.700880523681576,55.0,0.0
34.70216690152616,54.0,0.0
34.71356089706695,55.0,0.0
34.7198293461233,56.0,0.0
34.72217539357343,57.0,0.0
34.74345169692203,58.0,0.0
34.77231753376341,59.0,0.0
34.77249688640207,60.0,0.0
34.7744462379442,61.0,0.0
34.796724349229656,62.0,0.0
34.7989905805088,63.0,0.0
34.80034473436396,64.0,0.0
34.80516927520739,63.0,0.0
34.80517118573303,64.0,0.0
34.80525615193502,65.0,0.0
34.81274622849908,66.0,0.0
34.81375609064968,65.0,0.0
34.816705433220626,64.0,0.0
34.8178648318896,63.0,0.0
34.827205878157336,62.0,0.0
34.827344540241114,61.0,0.0
34.82896065753075,62.0,0.0
34.82947885587828,63.0,0.0
34.84116283563046,64.0,0.0
34.85360320158544,65.0,0.0
34.86635915066143,64.0,0.0
34.87852994658376,63.0,0.0
34.883163358869446,64.0,0.0
34.88335755200413,65.0,0.0
34.88490201103391,64.0,0.0
34.890055185511194,63.0,0.0
34.898733876539055,64.0,0.0
34.903905688636854,65.0,0.0
34.91206627399567,64.0,0.0
34.915154028267615,65.0,0.0
34.916454285558984,66.0,0.0
34.92317342254275,65.0,0.0
34.92677332014433,64.0,0.0
34.934543158062496,65.0,0.0
34.93524048453963,64.0,0.0
34.93885653416591,65.0,0.0
34.94877378623351,66.0,0.0
34.9500900115777,67.0,0.0
34.950547929278734,68.0,0.0
34.95401106995268,69.0,0.0
34.958231518158016,70.0,0.0
34.960990896237156,71.0,0.0
34.96802837978151,70.0,0.0
34.9773297974422,69.0,0.0
34.98076364137379,68.0,0.0
34.98995291608438,69.0,0.0
34.99459977452065,68.0,0.0
34.99761548018922,67.0,0.0
34.997873160898884,68.0,0.0
35.00091770163711,67.0,0.0
35.00375194778394,66.0,0.0
35.00376024811358,67.0,0.0
35.019587423414734,68.0,0.0
35.028302111423194,67.0,0.0
35.04673536889627,68.0,0.0
35.051528450516635,67.0,0.0
35.052649127589326,66.0,0.0
35.05275787040048,67.0,0.0
35.0543739507354,66.0,0.0
35.05944871678225,65.0,0.0
35.0602209399594,64.0,0.0
35.06420005255661,65.0,0.0
35.06675173700603,66.0,0.0
35.06792082476385,65.0,0.0
35.086635705699905,66.0,0.0
35.09273429458335,67.0,0.0
35.10815178498538,68.0,0.0
35.11057847473858,67.0,0.0
35.110658553703246,68.0,0.0
35.11456014928764,69.0,0.0
35.11669017475341,68.0,0.0
35.117067389305326,67.0,0.0
35.12043891098682,68.0,0.0
35.12095577325532,69.0,0.0
35.12145457654734,68.0,0.0
35.13437960540602,69.0,0.0
35.151980521240176,70.0,0.0
35.15906108011962,71.0,0.0
35.16082401896741,72.0,0.0
35.179295903654506,73.0,0.0
35.18475844485073,74.0,0.0
35.19622676097456,75.0,0.0
35.21038179403902,76.0,0.0
35.21291342423623,75.0,0.0
35.213008145072436,74.0,0.0
35.21350121548576,75.0,0.0
35.22648908701245,76.0,0.0
35.23347321808241,77.0,0.0
35.248910053944584,78.0,0.0
35.26459677909516,77.0,0.0
35.26542029254659,78.0,0.0
35.26615899715627,79.0,0.0
35.2755508860883,78.0,0.0
35.28004841394889,77.0,0.0
35.280236674761255,76.0,0.0
35.28651895122628,77.0,0.0
35.2896790820699,78.0,0.0
35.28996410422424,79.0,0.0
35.29146807368225,80.0,0.0
35.29545716866802,79.0,0.0
35.29826160425281,78.0,0.0
35.30058792976474,79.0,0.0
35.30210925887199,78.0,0.0
35.30683401566048,77.0,0.0
35.309141683844864,76.0,0.0
35.309250504431084,77.0,0.0
35.309627841768275,76.0,0.0
35.31174326445534,77.0,0.0
35.3145390332039,76.0,0.0
35.31543298028249,75.0,0.0
35.31554876892377,76.0,0.0
35.33949563501612,77.0,0.0
35.345503117393314,76.0,0.0
35.347846193690216,75.0,0.0
35.365891092494046,74.0,0.0
35.36636323677897,75.0,0.0
35.373840763813526,76.0,0.0
35.378143290596896,77.0,0.0
35.38266464410789,78.0,0.0
35.38684721353496,77.0,0.0
35.389155307117946,78.0,0.0
35.394135495552284,79.0,0.0
35.39464679766567,80.0,0.0
35.39713707575778,79.0,0.0
35.41637689565425,80.0,0.0
35.42130613023154,81.0,0.0
35.427802013292826,82.0,0.0
35.43031740319905,81.0,0.0
35.43335505493012,82.0,0.0
35.438152527385725,83.0,0.0
35.44129946793551,84.0,0.0
35.444438998137436,83.0,0.0
35.45408138053477,84.0,0.0
35.45623564943952,85.0,0.0
35.462814052643964,86.0,0.0
35.47305340552338,87.0,0.0
35.47813339790954,88.0,0.0
35.48381681935036,89.0,0.0
35.48641560445898,90.0,0.0
35.49134873755399,91.0,0.0
35.492559049493806,90.0,0.0
35.495930030109825,89.0,0.0
35.50025541220034,90.0,0.0
35.50029484709826,91.0,0.0
35.501645223246726,90.0,0.0
35.50634142208263,91.0,0.0
35.5089773199941,92.0,0.0
35.51351122832702,93.0,0.0
35.52451484840168,94.0,0.0
35.53496528624119,93.0,0.0
35.54244671627179,92.0,0.0
35.54259696380785,91.0,0.0
35.54790589485738,92.0,0.0
35.55272282784711,93.0,0.0
35.55723525625251,92.0,0.0
35.55945116147228,91.0,0.0
35.56268940627993,92.0,0.0
35.576935433966916,93.0,0.0
35.57998493495312,94.0,0.0
35.581769284742606,95.0,0.0
35.59052569090229,94.0,0.0
35.59592760241097,95.0,0.0
35.59603843011633,94.0,0.0
35.59873003949471,95.0,0.0
35.60508828298876,96.0,0.0
35.606322450529234,95.0,0.0
35.60846628638856,94.0,0.0
35.60939333030081,93.0,0.0
35.60977529407474,94.0,0.0
35.611221669872954,95.0,0.0
35.614271772390914,96.0,0.0
35.62092101867344,95.0,0.0
35.63916765534545,96.0,0.0
35.6415568398774,97.0,0.0
35.64686717975273,98.0,0.0
35.659227060754446,97.0,0.0
35.664907818808324,96.0,0.0
35.672920687467624,97.0,0.0
35.673076342882446,98.0,0.0
35.67336467225909,99.0,0.0
35.67583186932133,100.0,0.0
35.68773166655033,101.0,0.0
35.69386068744098,100.0,0.0
35.6962044722249,101.0,0.0
35.69846619698419,102.0,0.0
35.698549852473164,103.0,0.0
35.70173181326968,104.0,0.0
35.707526710413504,105.0,0.0
35.71265281340206,104.0,0.0
35.713913602536365,105.0,0.0
35.714745761912155,106.0,0.0
35.718839707919535,107.0,0.0
35.72152503345646,108.0,0.0
35.72254974877224,107.0,0.0
35.72912747631843,108.0,0.0
35.73040895974592,109.0,0.0
35.73260309411938,110.0,0.0
35.73725752789796,111.0,0.0
35.73779078784899,112.0,0.0
35.744632635686884,111.0,0.0
35.75193837470807,110.0,0.0
35.758002419164974,111.0,0.0
35.7669907221143,112.0,0.0
35.78327621971123,113.0,0.0
35.785978607276746,112.0,0.0
35.80082959127212,111.0,0.0
35.80619957044651,112.0,0.0
35.809044522653735,113.0,0.0
35.81206704001382,112.0,0.0
35.81534229920342,113.0,0.0
35.817756234805074,114.0,0.0
35.829398251337054,113.0,0.0
35.83332925099076,112.0,0.0
35.840670504398524,111.0,0.0
35.845802426276634,112.0,0.0
35.85608918474843,113.0,0.0
35.861308427553894,112.0,0.0
35.862588196881354,111.0,0.0
35.8633138327875,110.0,0.0
35.86462322073262,109.0,0.0
35.87505314217687,110.0,0.0
35.879165174123386,111.0,0.0
35.88154308881418,112.0,0.0
35.88154486943272,113.0,0.0
35.88627976465754,112.0,0.0
35.887793859115256,113.0,0.0
35.89229377969199,112.0,0.0
35.89299738652511,113.0,0.0
35.89953246417006,112.0,0.0
35.90108017778862,113.0,0.0
35.90658559102182,114.0,0.0
35.90859917351566,113.0,0.0
35.91132540163828,112.0,0.0
35.91221434071477,113.0,0.0
35.91510107448134,114.0,0.0
35.91599364073706,113.0,0.0
35.92138864242486,112.0,0.0
35.92316520021453,113.0,0.0
35.92417206385071,114.0,0.0
35.92629457973208,115.0,0.0
35.939112281193964,116.0,0.0
35.946531402517095,115.0,0.0
35.94759063847056,116.0,0.0
35.95186523073849,117.0,0.0
35.95196865049076,116.0,0.0
35.95232192603656,115.0,0.0
35.95645582589527,114.0,0.0
35.96822869538769,115.0,0.0
35.97126422151049,116.0,0.0
35.97761577100502,117.0,0.0
35.98210485860117,118.0,0.0
35.98584394737013,119.0,0.0
35.98639344959027,118.0,0.0
35.98654884357539,117.0,0.0
35.98689122612775,116.0,0.0
35.99134441996205,117.0,0.0
36.007946656695566,118.0,0.0
36.011938797144104,119.0,0.0
36.01463725558806,118.0,0.0
36.032355109801,119.0,0.0
36.037913921092226,120.0,0.0
36.03823333324684,119.0,0.0
36.04620920592555,120.0,0.0
36.04672121662432,121.0,0.0
36.050098064453955,122.0,0.0
36.05010509635846,123.0,0.0
36.050151680481854,124.0,0.0
36.05665872768126,125.0,0.0
36.06651006119743,126.0,0.0
36.06661021136244,127.0,0.0
36.07372384175118,128.0,0.0
36.075587111568126,127.0,0.0
36.079765128185436,128.0,0.0
36.08106713787452,129.0,0.0
36.09730781112213,130.0,0.0
36.10674423558514,129.0,0.0
36.10965419413253,130.0,0.0
36.111738144878416,131.0,0.0
36.12795536944115,132.0,0.0
36.13467481887945,133.0,0.0
36.14036243913471,132.0,0.0
36.14083043639162,133.0,0.0
36.141507691611096,134.0,0.0
36.16337317742958,133.0,0.0
36.16748248167056,134.0,0.0
36.175637473143254,135.0,0.0
36.17628416223143,134.0,0.0
36.17903091164403,135.0,0.0
36.18515758759695,134.0,0.0
36.19425366007295,133.0,0.0
36.194332704957866,134.0,0.0
36.19657172086711,135.0,0.0
36.19692261800851,134.0,0.0
36.2256001816515,135.0,0.0
36.22799469356987,136.0,0.0
36.228299517210715,135.0,0.0
36.23229635719779,136.0,0.0
36.24339506167981,135.0,0.0
36.24519607210318,134.0,0.0
36.24871501317206,133.0,0.0
36.24969368608148,134.0,0.0
36.25544725735938,133.0,0.0
36.25624924563489,132.0,0.0
36.25825968771031,131.0,0.0
36.26420898505274,132.0,0.0
36.269322171089016,131.0,0.0
36.283401233242735,132.0,0.0
36.28363370747533,131.0,0.0
36.28507726398565,130.0,0.0
36.286024647637724,131.0,0.0
36.287159841140216,130.0,0.0
36.291909235412454,129.0,0.0
36.29368901114748,130.0,0.0
36.295406265819096,131.0,0.0
36.316207991651765,130.0,0.0
36.31626241726819,129.0,0.0
36.325402082311925,130.0,0.0
36.32816489924405,129.0,0.0
36.333469819151766,128.0,0.0
36.334978172350574,127.0,0.0
36.33739224505608,128.0,0.0
36.337719047632035,127.0,0.0
36.3398438982349,128.0,0.0
36.34343173535239,127.0,0.0
36.34532778338541,126.0,0.0
36.34747287221428,125.0,0.0
36.351277369481565,126.0,0.0
36.369497840334326,125.0,0.0
36.37001517250869,126.0,0.0
36.37547885662085,127.0,0.0
36.379555670868704,126.0,0.0
36.3834915774471,127.0,0.0
36.386527334089024,128.0,0.0
36.390181582124804,129.0,0.0
36.39055252336571,130.0,0.0
36.39466242790175,129.0,0.0
36.397148259800474,130.0,0.0
36.40778548049628,129.0,0.0
36.41406865209878,128.0,0.0
36.41465746424942,129.0,0.0
36.41745539210167,130.0,0.0
36.41773788493551,129.0,0.0
36.427440003093444,130.0,0.0
36.43314510665879,129.0,0.0
36.436513722680694,130.0,0.0
36.437736825342405,129.0,0.0
36.43848315172496,130.0,0.0
36.44777755933231,129.0,0.0
36.455538284968895,130.0,0.0
36.45993055319074,131.0,0.0
36.46977627943509,130.0,0.0
36.471115897170954,129.0,0.0
36.47499167547912,130.0,0.0
36.4898294919809,131.0,0.0
36.502214819887485,132.0,0.0
36.50325853028709,131.0,0.0
36.504051876463514,130.0,0.0
36.51784516830674,131.0,0.0
36.52181655067438,132.0,0.0
36.521933198491766,133.0,0.0
36.522325666790636,134.0,0.0
36.52245639208618,133.0,0.0
36.52922041949864,134.0,0.0
36.53069172411507,135.0,0.0
36.53226720470269,136.0,0.0
36.55204271905991,137.0,0.0
36.55421165846058,136.0,0.0
36.55626287444767,135.0,0.0
36.55677611273661,136.0,0.0
36.56149852738221,135.0,0.0
36.56675068172175,136.0,0.0
36.56966268321722,137.0,0.0
36.574803288255936,138.0,0.0
36.58776234057454,139.0,0.0
36.597952136244515,138.0,0.0
36.60090131520015,137.0,0.0
36.60135689326049,136.0,0.0
36.606384532530605,135.0,0.0
36.61037238355383,136.0,0.0
36.6127333134127,135.0,0.0
36.61737255113119,134.0,0.0
36.63472414262316,135.0,0.0
36.644760090893065,134.0,0.0
36.65028126727128,135.0,0.0
36.655769906911544,136.0,0.0
36.656304108606044,135.0,0.0
36.66320302873309,136.0,0.0
36.66368125889441,135.0,0.0
36.6675029211182,134.0,0.0
36.67920237904495,135.0,0.0
36.687242334651664,134.0,0.0
36.69253406841081,133.0,0.0
36.69481258342908,132.0,0.0
36.69864946178138,131.0,0.0
36.70397101414228,130.0,0.0
36.70419943425599,129.0,0.0
36.705241877882855,130.0,0.0
36.71519755065768,129.0,0.0
36.71953882526275,128.0,0.0
36.723985422348726,127.0,0.0
36.72632110504769,128.0,0.0
36.727089047427775,129.0,0.0
36.738364864058276,128.0,0.0
36.741277606301395,129.0,0.0
36.742891218591616,130.0,0.0
36.744701740396536,131.0,0.0
36.75597165696475,130.0,0.0
36.76498543541992,129.0,0.0
36.77453667497602,128.0,0.0
36.77479035943694,127.0,0.0
36.775006832444205,128.0,0.0
36.780324843895606,129.0,0.0
36.78309690880403,128.0,0.0
36.78363115636583,129.0,0.0
36.786987974447115,128.0,0.0
36.787437024274574,127.0,0.0
36.78954597767975,128.0,0.0
36.79532499891843,129.0,0.0
36.79969218270818,128.0,0.0
36.81168912275686,129.0,0.0
36.81401072647241,128.0,0.0
36.82006069674503,129.0,0.0
36.821271896000155,130.0,0.0
36.82753425537861,131.0,0.0
36.83390204287731,130.0,0.0
36.835483335436805,131.0,0.0
36.836720117782896,132.0,0.0
36.838937261829265,131.0,0.0
36.84662649840024,130.0,0.0
36.84984011898168,131.0,0.0
36.85138336083683,130.0,0.0
36.85725780527155,131.0,0.0
36.866671687235836,132.0,0.0
36.86942370396026,133.0,0.0
36.87185853417768,132.0,0.0
36.88289785414907,133.0,0.0
36.90352120396027,134.0,0.0
36.90957239797282,133.0,0.0
36.91867571479321,132.0,0.0
36.92219920418072,131.0,0.0
36.928054024327714,132.0,0.0
36.934074278169604,133.0,0.0
36.93521948003928,134.0,0.0
36.93679996953547,133.0,0.0
36.939814901450276,132.0,0.0
36.94065928593901,133.0,0.0
36.94400883303172,134.0,0.0
36.94497013339615,135.0,0.0
36.94851471855277,136.0,0.0
36.9564867505556,137.0,0.0
36.95790171069461,136.0,0.0
36.961289335795264,137.0,0.0
36.96689775721546,138.0,0.0
36.96797960430226,139.0,0.0
36.97194131523166,140.0,0.0
36.97225997127774,141.0,0.0
36.97623141902496,142.0,0.0
36.985354115915555,143.0,0.0
36.98623096748196,142.0,0.0
36.98730018301841,143.0,0.0
36.98788467786927,144.0,0.0
36.996374341692366,145.0,0.0
37.00226321156362,146.0,0.0
37.00585769805555,145.0,0.0
37.006826632361964,146.0,0.0
37.01039657374728,145.0,0.0
37.0279279772847,146.0,0.0
37.03289087814743,147.0,0.0
37.04288551051952,148.0,0.0
37.05257000516495,149.0,0.0
37.057251752748506,148.0,0.0
37.05887290403188,149.0,0.0
37.05932801505074,150.0,0.0
37.06262583822802,151.0,0.0
37.06719153645766,152.0,0.0
37.067405265168716,151.0,0.0
37.072169574875055,152.0,0.0
37.072629826430564,153.0,0.0
37.08225871300835,152.0,0.0
37.09332406632891,151.0,0.0
37.09682048412913,152.0,0.0
37.09740019625828,151.0,0.0
37.098191397669446,150.0,0.0
37.10171687180299,151.0,0.0
37.10286649395484,150.0,0.0
37.1042119604477,149.0,0.0
37.10498116520216,148.0,0.0
37.11681844779609,149.0,0.0
37.12482788018619,150.0,0.0
37.13263235341606,149.0,0.0
37.133992723100306,150.0,0.0
37.14146147935422,151.0,0.0
37.1428118243,152.0,0.0
37.1575900237996,153.0,0.0
37.16144026655429,154.0,0.0
37.163605373790276,153.0,0.0
37.169075473886515,152.0,0.0
37.169077123035315,153.0,0.0
37.177267683283695,152.0,0.0
37.182335582220965,153.0,0.0
37.18354960286983,152.0,0.0
37.19093784150592,153.0,0.0
37.19216870359644,154.0,0.0
37.206778074953434,155.0,0.0
37.208653368003695,154.0,0.0
37.214418908421315,153.0,0.0
37.21571925297094,152.0,0.0
37.21697612191749,153.0,0.0
37.2183769344133,154.0,0.0
37.21848720143473,153.0,0.0
37.219003373795175,154.0,0.0
37.22327711719434,155.0,0.0
37.22525804084695,156.0,0.0
37.22587322715914,155.0,0.0
37.229354522849476,156.0,0.0
37.23082764894716,155.0,0.0
37.23412353595502,154.0,0.0
37.24032903306602,155.0,0.0
37.24065198313331,154.0,0.0
37.25126580957094,155.0,0.0
37.25212824499771,154.0,0.0
37.252907195336455,153.0,0.0
37.25962414792897,152.0,0.0
37.268039742356954,151.0,0.0
37.26910415320883,150.0,0.0
37.272768459764265,149.0,0.0
37.27459179078893,150.0,0.0
37.2746796595508,151.0,0.0
37.28282153467825,152.0,0.0
37.2875002433222,153.0,0.0
37.28873559821532,152.0,0.0
37.2977438112729,151.0,0.0
37.31324730769212,152.0,0.0
37.3179106749315,153.0,0.0
37.321624408214994,154.0,0.0
37.32293831592807,155.0,0.0
37.32946477347463,156.0,0.0
37.334053428406335,155.0,0.0
37.34860579557231,156.0,0.0
37.354429207523,157.0,0.0
37.35583698952588,158.0,0.0
37.35777052713626,157.0,0.0
37.35803109662183,156.0,0.0
37.36231236712292,157.0,0.0
37.36252576513177,156.0,0.0
37.36267821174214,155.0,0.0
37.36757042143157,154.0,0.0
37.37693543562154,155.0,0.0
37.38635744839716,154.0,0.0
37.38926989266335,155.0,0.0
37.39287922501531,156.0,0.0
37.39628009367352,157.0,0.0
37.40617137694057,156.0,0.0
37.40646454802899,157.0,0.0
37.409330738354036,156.0,0.0
37.41611921150967,157.0,0.0
37.41953979819678,156.0,0.0
37.4215559686982,157.0,0.0
37.423126611615054,156.0,0.0
37.42540000527768,157.0,0.0
37.43642361542383,158.0,0.0
37.4446165826248,159.0,0.0
37.451320230687806,160.0,0.0
37.45839146638747,159.0,0.0
37.46015408722724,160.0,0.0
37.46391383261762,159.0,0.0
37.468050398933755,158.0,0.0
37.47032657019283,157.0,0.0
37.47034051602086,156.0,0.0
37.47500263958436,155.0,0.0
37.476605268028756,154.0,0.0
37.47675787277511,155.0,0.0
37.47914820987008,156.0,0.0
37.47922841490233,155.0,0.0
37.48012577464673,156.0,0.0
37.4908318573012,157.0,0.0
37.50288792623923,158.0,0.0
37.50931745377414,157.0,0.0
37.51175587846989,158.0,0.0
37.51248961260798,159.0,0.0
37.51804334546859,158.0,0.0
37.51856684392165,159.0,0.0
37.51887017514764,158.0,0.0
37.521248254863906,159.0,0.0
37.523660954178695,160.0,0.0
37.52787159801338,161.0,0.0
37.53271138492965,160.0,0.0
37.54059547741882,161.0,0.0
37.54371911062265,160.0,0.0
37.550712459114735,159.0,0.0
37.56053343000107,160.0,0.0
37.56402229093835,161.0,0.0
37.565273799235925,160.0,0.0
37.570044070643974,159.0,0.0
37.577120674236895,160.0,0.0
37.58921258932302,159.0,0.0
37.61419065831325,160.0,0.0
37.61508472077374,161.0,0.0
37.616155735552205,160.0,0.0
37.6280874765477,161.0,0.0
37.630845139141506,160.0,0.0
37.633097776157,161.0,0.0
37.63328369179387,160.0,0.0
37.6370841046867,159.0,0.0
37.63709071277653,158.0,0.0
37.63845812314154,159.0,0.0
37.639938024386595,160.0,0.0
37.64341433241696,161.0,0.0
37.645251155987886,162.0,0.0
37.6456222755493,163.0,0.0
37.65330842145172,162.0,0.0
37.65401603297332,163.0,0.0
37.654792151114,162.0,0.0
37.65492276691921,163.0,0.0
37.66707347931466,162.0,0.0
37.67261787794535,163.0,0.0
37.67733443493589,164.0,0.0
37.68016680652202,165.0,0.0
37.68180833894173,164.0,0.0
37.684647798557066,165.0,0.0
37.68793982870671,166.0,0.0
37.70181055454799,167.0,0.0
37.70993925295891,166.0,0.0
37.71736082996353,165.0,0.0
37.720295350088925,164.0,0.0
37.72952938055471,163.0,0.0
37.735677733228385,164.0,0.0
37.73720655180104,163.0,0.0
37.74158434767005,162.0,0.0
37.74235449479661,163.0,0.0
37.74241201337608,162.0,0.0
37.74499097723383,163.0,0.0
37.746120974182006,162.0,0.0
37.74690331640813,163.0,0.0
37.74978476755152,164.0,0.0
37.75354304889308,163.0,0.0
37.753612707833724,164.0,0.0
37.755091904518245,165.0,0.0
37.767379221611556,166.0,0.0
37.76747968597095,167.0,0.0
37.7687063275473,168.0,0.0
37.78467905424423,167.0,0.0
37.784918078131525,166.0,0.0
37.785659278347076,167.0,0.0
37.79360757053646,166.0,0.0
37.79415667384277,165.0,0.0
37.794934723319784,166.0,0.0
37.79805463285248,167.0,0.0
37.79952686828703,168.0,0.0
37.80442787508274,169.0,0.0
37.806419327512856,170.0,0.0
37.80800598747854,171.0,0.0
37.81080871385883,172.0,0.0
37.83495377091882,173.0,0.0
37.84160964168526,172.0,0.0
37.85552573845501,173.0,0.0
37.85553404204936,174.0,0.0
37.883179145082885,173.0,0.0
37.884447444330235,174.0,0.0
37.885831017971114,175.0,0.0
37.890204718406814,174.0,0.0
37.89120185299798,175.0,0.0
37.89568556162336,174.0,0.0
37.90885431416942,175.0,0.0
37.91771165030625,174.0,0.0
37.921197914825896,173.0,0.0
37.926270014261,172.0,0.0
37.92768441199777,171.0,0.0
37.938440551753956,172.0,0.0
37.93920378212644,173.0,0.0
37.9417896069683,174.0,0.0
37.9484320886603,175.0,0.0
37.95034283447797,176.0,0.0
37.95246056000651,177.0,0.0
37.957852377000236,176.0,0.0
37.95864404639641,177.0,0.0
37.96395214840676,176.0,0.0
37.965396848508234,177.0,0.0
37.97136725677231,178.0,0.0
37.97480506205196,177.0,0.0
37.98143270084381,178.0,0.0
37.98398445812532,179.0,0.0
37.98525657688014,180.0,0.0
37.9867548297771,181.0,0.0
37.998575941140544,182.0,0.0
37.99983063658479,183.0,0.0
38.004327895993015,184.0,0.0
38.00459838044975,185.0,0.0
38.0076267585191,184.0,0.0
38.01259336451547,185.0,0.0
38.01686587953042,184.0,0.0
38.01901278448324,185.0,0.0
38.030511441247874,186.0,0.0
38.03202482973586,185.0,0.0
38.03501180705091,184.0,0.0
38.035292899333854,185.0,0.0
38.0362653825406,184.0,0.0
38.0375797611775,185.0,0.0
38.041692865053264,186.0,0.0
38.047095723884446,185.0,0.0
38.050620799210506,186.0,0.0
38.05818066309634,185.0,0.0
38.07236624745699,184.0,0.0
38.073159505809414,183.0,0.0
38.07837483981937,182.0,0.0
38.087196899539684,183.0,0.0
38.08934396654102,184.0,0.0
38.099278290031386,183.0,0.0
38.10195257525984,184.0,0.0
38.115391541519465,183.0,0.0
38.120959864668485,184.0,0.0
38.12486065370216,185.0,0.0
38.12744135725481,184.0,0.0
38.13053601519242,183.0,0.0
38.13113652158737,184.0,0.0
38.13298610300743,183.0,0.0
38.133432257059965,184.0,0.0
38.13604759009589,185.0,0.0
38.14085741969498,184.0,0.0
38.14657501499565,183.0,0.0
38.16457475342284,182.0,0.0
38.17125417363388,183.0,0.0
38.17157249595018,184.0,0.0
38.177918246218,185.0,0.0
38.18481542514229,186.0,0.0
38.18492726527626,187.0,0.0
38.185395205261685,186.0,0.0
38.18649883032697,187.0,0.0
38.18732257909953,186.0,0.0
38.190278991246814,187.0,0.0
38.19340417788564,188.0,0.0
38.19487435680368,189.0,0.0
38.204714624021456,190.0,0.0
38.20821948416368,191.0,0.0
38.21122414095079,192.0,0.0
38.236357177985944,191.0,0.0
38.23847732189052,192.0,0.0
38.24037749589645,191.0,0.0
38.25131576702051,192.0,0.0
38.262563927662676,193.0,0.0
38.267239470703295,192.0,0.0
38.27175706808971,191.0,0.0
38.28663945984215,190.0,0.0
38.291280072288735,189.0,0.0
38.29537822620709,190.0,0.0
38.30199241617451,191.0,0.0
38.30431566967616,190.0,0.0
38.30900678538612,191.0,0.0
38.316658305718406,190.0,0.0
38.31891972319914,189.0,0.0
38.324100630519084,190.0,0.0
38.32585431407207,189.0,0.0
38.33309493422576,188.0,0.0
38.341779423624914,189.0,0.0
38.34316674142592,190.0,0.0
38.35569091911218,189.0,0.0
38.361082546173236,188.0,0.0
38.362653735831124,189.0,0.0
38.37017531940429,190.0,0.0
38.373689077636165,191.0,0.0
38.373711723805386,190.0,0.0
38.3744364690801,191.0,0.0
38.37627594289271,192.0,0.0
38.37705724805368,193.0,0.0
38.41173239357071,194.0,0.0
38.41231594291638,195.0,0.0
38.41481370114168,194.0,0.0
38.42104999303368,195.0,0.0
38.4235867739022,196.0,0.0
38.42418999804528,195.0,0.0
38.43219382619959,194.0,0.0
38.44098424905749,193.0,0.0
38.44659615863388,192.0,0.0
38.448821970365714,191.0,0.0
38.458152834587956,190.0,0.0
38.46045076240084,189.0,0.0
38.46125185754491,188.0,0.0
38.48262208823413,187.0,0.0
38.48757696792908,186.0,0.0
38.49503993450132,187.0,0.0
38.500893086911134,186.0,0.0
38.501444342261024,187.0,0.0
38.50433564876645,186.0,0.0
38.50614193472634,185.0,0.0
38.50711580359471,186.0,0.0
38.51105130390445,185.0,0.0
38.519262522062206,186.0,0.0
38.52357361172305,185.0,0.0
38.52871267172519,186.0,0.0
38.53374991155119,185.0,0.0
38.53741387804356,184.0,0.0
38.55296395211145,185.0,0.0
38.576495747314006,186.0,0.0
38.58196072091596,187.0,0.0
38.58620325733405,186.0,0.0
38.5892863685843,185.0,0.0
38.59569746571405,186.0,0.0
38.59902823267264,187.0,0.0
38.610172718720925,188.0,0.0
38.612691682049984,189.0,0.0
38.623192022256326,188.0,0.0
38.62418294913352,189.0,0.0
38.62517730710799,190.0,0.0
38.634033460670054,189.0,0.0
38.6346088198317,188.0,0.0
38.63949554207856,189.0,0.0
38.63970373325388,190.0,0.0
38.64428248835161,189.0,0.0
38.65234151940737,190.0,0.0
38.653342017503654,189.0,0.0
38.654715841723224,190.0,0.0
38.656802346598674,191.0,0.0
38.66035872222125,192.0,0.0
38.66095528498206,193.0,0.0
38.66169356881237,192.0,0.0
38.66482218836673,191.0,0.0
38.666552704152856,192.0,0.0
38.67247003391873,191.0,0.0
38.67887071790418,192.0,0.0
38.682373827800646,191.0,0.0
38.68472704727383,192.0,0.0
38.69993695617941,193.0,0.0
38.701090165120476,192.0,0.0
38.70302521380251,191.0,0.0
38.704897511559764,190.0,0.0
38.708920608552475,191.0,0.0
38.71429500079847,192.0,0.0
38.715863011520426,191.0,0.0
38.716105855631355,190.0,0.0
38.73666527903986,191.0,0.0
38.73884905476702,190.0,0.0
38.74176995505745,189.0,0.0
38.741786655426424,188.0,0.0
38.745422112572015,189.0,0.0
38.75507082338579,188.0,0.0
38.757834342713664,189.0,0.0
38.763906566187075,190.0,0.0
38.784477637535495,189.0,0.0
38.787650431158795,190.0,0.0
38.7889039524381,191.0,0.0
38.7895683654375,192.0,0.0
38.792114228006525,193.0,0.0
38.80002854690449,192.0,0.0
38.800193834661364,191.0,0.0
38.805720938258666,190.0,0.0
38.813041672989755,189.0,0.0
38.81383205358158,188.0,0.0
38.817344173998734,187.0,0.0
38.82237017088196,186.0,0.0
38.82869410224258,185.0,0.0
38.83036391048276,184.0,0.0
38.832330318407394,185.0,0.0
38.842364595851926,184.0,0.0
38.84640787962343,185.0,0.0
38.84650104412219,186.0,0.0
38.84730829978978,187.0,0.0
38.85029860659854,188.0,0.0
38.85884783197781,187.0,0.0
38.85918936233301,186.0,0.0
38.86561590652232,185.0,0.0
38.87057919606293,184.0,0.0
38.87464798899918,183.0,0.0
38.874977502726985,182.0,0.0
38.87522753657692,183.0,0.0
38.88559511742693,184.0,0.0
38.88621375806886,185.0,0.0
38.889836838085316,184.0,0.0
38.89447762026764,185.0,0.0
38.895580249065844,186.0,0.0
38.8967711998791,185.0,0.0
38.90742539510592,184.0,0.0
38.91204663112104,183.0,0.0
38.914212211906424,182.0,0.0
38.929280585841305,183.0,0.0
38.93001384915014,182.0,0.0
38.9366221355636,183.0,0.0
38.94040229468685,184.0,0.0
38.94214455697783,185.0,0.0
38.94363033919129,184.0,0.0
38.94474106030279,185.0,0.0
38.945312818147656,186.0,0.0
38.967959096158715,187.0,0.0
38.9731761314392,188.0,0.0
38.97918842503086,189.0,0.0
38.9812027834205,188.0,0.0
38.985548036653306,187.0,0.0
38.985672684219914,186.0,0.0
39.004192839618376,187.0,0.0
39.01187728334496,188.0,0.0
39.02802600971356,189.0,0.0
39.029847009170815,190.0,0.0
39.03321097777524,191.0,0.0
39.04063920064429,190.0,0.0
39.04591293760243,189.0,0.0
39.050150608327804,188.0,0.0
39.051800037133326,187.0,0.0
39.05727569767102,188.0,0.0
39.05930504784256,189.0,0.0
39.0605307161691,188.0,0.0
39.06297275465799,189.0,0.0
39.06338835107218,190.0,0.0
39.0659465855843,191.0,0.0
39.068459873992474,192.0,0.0
39.07259045000097,193.0,0.0
39.07405848777754,192.0,0.0
39.09764181385508,193.0,0.0
39.10065951168441,192.0,0.0
39.102555075703805,191.0,0.0
39.10436661505014,190.0,0.0
39.10576658173496,189.0,0.0
39.113205039846505,188.0,0.0
39.11763807190025,187.0,0.0
39.1221683313125,188.0,0.0
39.13014872139335,187.0,0.0
39.131767741804325,186.0,0.0
39.13234829549069,185.0,0.0
39.13526391619331,186.0,0.0
39.1385763318337,185.0,0.0
39.14774442998445,184.0,0.0
39.14953032137651,183.0,0.0
39.150239468402475,182.0,0.0
39.15347564790028,181.0,0.0
39.168066862713836,182.0,0.0
39.1761435046017,181.0,0.0
39.18326410364617,182.0,0.0
39.18486043476021,183.0,0.0
39.186227289077294,184.0,0.0
39.19166615378331,185.0,0.0
39.198746021901336,186.0,0.0
39.20268102306702,187.0,0.0
39.2098148506119,186.0,0.0
39.21294357481953,187.0,0.0
39.218292791383945,186.0,0.0
39.223561074686124,185.0,0.0
39.22625929328013,186.0,0.0
39.231666032566,187.0,0.0
39.235764187579974,188.0,0.0
39.24172962641934,187.0,0.0
39.242336937362474,186.0,0.0
39.243784803380656,185.0,0.0
39.24567872671434,186.0,0.0
39.24849128629653,185.0,0.0
39.25296267940426,186.0,0.0
39.25660597917617,185.0,0.0
39.2653517530788,184.0,0.0
39.266472999998534,183.0,0.0
39.28281684333071,184.0,0.0
39.28445962491171,183.0,0.0
39.28580530457319,184.0,0.0
39.286720026266735,183.0,0.0
39.3135909755937,184.0,0.0
39.31432393195161,183.0,0.0
39.3151061722779,182.0,0.0
39.32169073353736,181.0,0.0
39.341694834362414,182.0,0.0
39.34426091447382,181.0,0.0
39.34646703999222,180.0,0.0
39.36230956679825,181.0,0.0
39.364708443991674,180.0,0.0
39.36912456154904,181.0,0.0
39.37011807692057,182.0,0.0
39.37081403133773,181.0,0.0
39.375093221290975,182.0,0.0
39.3880743714934,183.0,0.0
39.38926891145382,182.0,0.0
39.39300119679239,181.0,0.0
39.400633026831756,182.0,0.0
39.411910663257906,183.0,0.0
39.412929328537366,184.0,0.0
39.41343801262155,183.0,0.0
39.42853557451299,184.0,0.0
39.433406933267094,183.0,0.0
39.43748910146177,182.0,0.0
39.44555418566028,181.0,0.0
39.44934692095466,182.0,0.0
39.455824363099374,183.0,0.0
39.46119234468388,182.0,0.0
39.46441361730336,183.0,0.0
39.46480359344145,184.0,0.0
39.47396741842548,185.0,0.0
39.47803515755088,186.0,0.0
39.4794519901585,185.0,0.0
39.480414915067534,186.0,0.0
39.486441400438366,185.0,0.0
39.49016852843101,186.0,0.0
39.491152169641694,185.0,0.0
39.49187237639118,184.0,0.0
39.49364089412523,185.0,0.0
39.496078584507984,184.0,0.0
39.49669843392687,183.0,0.0
39.49926060110167,184.0,0.0
39.50024931467851,185.0,0.0
39.50235660714435,184.0,0.0
39.50595839959273,183.0,0.0
39.50695611771113,182.0,0.0
39.52119994087191,183.0,0.0
39.536112853570046,182.0,0.0
39.537257123040334,181.0,0.0
39.55056974174119,180.0,0.0
39.550815262360985,179.0,0.0
39.555326291257735,178.0,0.0
39.57075185125828,177.0,0.0
39.57477751604661,178.0,0.0
39.57875950873028,177.0,0.0
39.58832553223869,176.0,0.0
39.592299848083364,177.0,0.0
39.59377438641371,176.0,0.0
39.60445910932567,177.0,0.0
39.61668016738008,176.0,0.0
39.61849161826547,177.0,0.0
39.62037327944645,176.0,0.0
39.623074688739216,175.0,0.0
39.632637711877756,174.0,0.0
39.63270750201499,173.0,0.0
39.64779013744782,172.0,0.0
39.65186535534148,171.0,0.0
39.6553999769039,172.0,0.0
39.65549635596369,171.0,0.0
39.6577481402853,170.0,0.0
39.65787211606776,169.0,0.0
39.6579058634618,168.0,0.0
39.66173581363905,169.0,0.0
39.66358646236192,168.0,0.0
39.69275853885714,167.0,0.0
39.700252727674226,166.0,0.0
39.72336691170691,165.0,0.0
39.72867724721708,164.0,0.0
39.730055860015014,165.0,0.0
39.737985957549164,164.0,0.0
39.754019731055735,165.0,0.0
39.759217723236596,164.0,0.0
39.759347874365126,163.0,0.0
39.7595255965781,164.0,0.0
39.762272869845354,165.0,0.0
39.76268117866942,164.0,0.0
39.77420104685167,165.0,0.0
39.782623174207295,164.0,0.0
39.78510330998206,163.0,0.0
39.7863449424588,164.0,0.0
39.786635854485965,163.0,0.0
39.787116144569744,162.0,0.0
39.79311490814547,161.0,0.0
39.793889257013305,162.0,0.0
39.797813891742805,163.0,0.0
39.801951827815444,162.0,0.0
39.80740753134078,163.0,0.0
39.82790973738726,164.0,0.0
39.835720124514765,165.0,0.0
39.83669656183909,166.0,0.0
39.839803015707275,167.0,0.0
39.84355030634928,168.0,0.0
39.852465043926784,167.0,0.0
39.85302764593416,166.0,0.0
39.85591844267424,167.0,0.0
39.856299804603836,168.0,0.0
39.860450005649064,167.0,0.0
39.86108327651211,166.0,0.0
39.86947879841488,165.0,0.0
39.87187260613585,164.0,0.0
39.87995920847908,165.0,0.0
39.881860247811076,166.0,0.0
39.88825641989706,167.0,0.0
39.8899869640532,168.0,0.0
39.89002124096851,169.0,0.0
39.903372106001804,170.0,0.0
39.90922864025177,169.0,0.0
39.911388294712125,168.0,0.0
39.912789591155274,167.0,0.0
39.9149785091191,168.0,0.0
39.9158125835923,169.0,0.0
39.924365360168636,168.0,0.0
39.92712674671008,167.0,0.0
39.93668964675589,166.0,0.0
39.94273756171981,165.0,0.0
39.94347399278082,166.0,0.0
39.94491153150669,165.0,0.0
39.94581204116574,164.0,0.0
39.95170060464764,165.0,0.0
39.962479438551114,164.0,0.0
39.9659873520781,165.0,0.0
39.97356712271982,166.0,0.0
39.97493615759118,167.0,0.0
39.982592907497775,166.0,0.0
39.98620282716318,167.0,0.0
39.986296720175325,166.0,0.0
39.994877755177896,167.0,0.0
40.00051888363585,168.0,0.0
40.00215752620748,167.0,0.0
40.003293661844836,168.0,0.0
40.004466906381225,167.0,0.0
40.00968220732386,168.0,0.0
40.01327392303775,169.0,0.0
40.02481700039987,168.0,0.0
40.024994646195466,167.0,0.0
40.040318401332975,168.0,0.0
40.04550141763538,167.0,0.0
40.05031094612542,166.0,0.0
40.055346591073395,165.0,0.0
40.06637664567739,164.0,0.0
40.08312819413169,165.0,0.0
40.08370516821727,166.0,0.0
40.08939713878676,167.0,0.0
40.10985903241069,168.0,0.0
40.115334794183426,169.0,0.0
40.13180167512278,168.0,0.0
40.14629038960202,167.0,0.0
40.161011943836655,166.0,0.0
40.162168315504545,165.0,0.0
40.163090455357924,164.0,0.0
40.168259599593355,163.0,0.0
40.17217856768177,162.0,0.0
40.17430275109691,161.0,0.0
40.176514928621806,160.0,0.0
40.182890977217035,159.0,0.0
40.186244440959335,158.0,0.0
40.19056291045109,157.0,0.0
40.19396790786505,158.0,0.0
40.20172290041319,159.0,0.0
40.20377627356853,158.0,0.0
40.21354797768722,159.0,0.0
40.21445005802397,158.0,0.0
40.2247815593207,157.0,0.0
40.22897210536068,158.0,0.0
40.24004150810303,157.0,0.0
40.25140288931538,156.0,0.0
40.26225900174775,155.0,0.0
40.28688260161892,154.0,0.0
40.31664387177646,153.0,0.0
40.318699161528876,154.0,0.0
40.319586177605444,155.0,0.0
40.31972386904788,154.0,0.0
40.32000619114038,153.0,0.0
40.3210553773759,154.0,0.0
40.32114060630248,155.0,0.0
40.323797958712525,156.0,0.0
40.338714314525824,157.0,0.0
40.339524102048394,156.0,0.0
40.33976823184535,157.0,0.0
40.3426980758802,156.0,0.0
40.34978703231526,155.0,0.0
40.35987798512921,154.0,0.0
40.36252480848093,153.0,0.0
40.36719956091559,154.0,0.0
40.37273072911232,153.0,0.0
40.373384269956816,154.0,0.0
40.378739880473404,155.0,0.0
40.383190251189006,156.0,0.0
40.395636972909614,157.0,0.0
40.39760127917453,158.0,0.0
40.39984382224516,159.0,0.0
40.40064142860868,160.0,0.0
40.41128996120567,161.0,0.0
40.41649741641713,160.0,0.0
40.41711258897138,159.0,0.0
40.41718172282034,158.0,0.0
40.426165460779536,159.0,0.0
40.43368896147159,160.0,0.0
40.454019705886935,161.0,0.0
40.463981590268865,160.0,0.0
40.46925764775044,161.0,0.0
40.47560754489101,160.0,0.0
40.47966811881042,159.0,0.0
40.484523799613164,158.0,0.0
40.499161584357466,157.0,0.0
40.50411019014109,158.0,0.0
40.50477413735656,159.0,0.0
40.50917213502104,158.0,0.0
40.520034394774996,159.0,0.0
40.52646308799253,158.0,0.0
40.52678682145127,159.0,0.0
40.528893594167705,158.0,0.0
40.53019516032771,157.0,0.0
40.53568810883048,158.0,0.0
40.535707004021546,159.0,0.0
40.536418003635276,158.0,0.0
40.541321204824456,159.0,0.0
40.54383597433838,160.0,0.0
40.54810207107179,159.0,0.0
40.56588918440672,160.0,0.0
40.566367229130975,161.0,0.0
40.58150388738813,162.0,0.0
40.58411361577777,163.0,0.0
40.58928577047347,162.0,0.0
40.59245204160326,163.0,0.0
40.59358671721779,164.0,0.0
40.59614530378731,165.0,0.0
40.61300533607765,164.0,0.0
40.62056251354057,165.0,0.0
40.62366602545756,166.0,0.0
40.62933593662688,165.0,0.0
40.637111441437696,166.0,0.0
40.63774065662743,167.0,0.0
40.63878943167279,168.0,0.0
40.64689336561879,167.0,0.0
40.65138040320623,166.0,0.0
40.6599077754891,167.0,0.0
40.67317418644582,168.0,0.0
40.676463826389494,169.0,0.0
40.6824196040783,168.0,0.0
40.68589044461532,169.0,0.0
40.68716720222346,168.0,0.0
40.68789497650924,167.0,0.0
40.710301165447845,168.0,0.0
40.71169694297311,167.0,0.0
40.713406193179324,166.0,0.0
40.716441219345434,167.0,0.0
40.71661945046066,166.0,0.0
40.72680326315786,167.0,0.0
40.7277371048621,166.0,0.0
40.73017969079414,165.0,0.0
40.73456038436534,164.0,0.0
40.75107554349456,163.0,0.0
40.75455009634505,164.0,0.0
40.770830437166566,165.0,0.0
40.77950443246484,166.0,0.0
40.784696679157264,165.0,0.0
40.786765548861595,164.0,0.0
40.789485203950505,163.0,0.0
40.79043209551117,164.0,0.0
40.79244607060947,163.0,0.0
40.79848785015468,164.0,0.0
40.80078117477319,165.0,0.0
40.80952293270683,164.0,0.0
40.814773314958245,163.0,0.0
40.827559009842744,162.0,0.0
40.82912475296895,161.0,0.0
40.832997174536445,160.0,0.0
40.83336955885931,161.0,0.0
40.840171552117745,160.0,0.0
40.8456976350899,159.0,0.0
40.84643613383651,160.0,0.0
40.84724478290807,159.0,0.0
40.8526473203788,160.0,0.0
40.85461145390608,159.0,0.0
40.85840919882643,160.0,0.0
40.869724832253134,161.0,0.0
40.88597867811915,162.0,0.0
40.889983145718396,161.0,0.0
40.8909577561469,162.0,0.0
40.89654492395554,161.0,0.0
40.896794811341934,160.0,0.0
40.90269784203379,161.0,0.0
40.904919273897775,162.0,0.0
40.915725416098745,163.0,0.0
40.92316525434334,162.0,0.0
40.92986610150152,161.0,0.0
40.93295808576342,162.0,0.0
40.93535714847446,163.0,0.0
40.93754125536961,164.0,0.0
40.93872782727097,165.0,0.0
40.93888890468747,166.0,0.0
40.940434327514296,165.0,0.0
40.940646891160235,164.0,0.0
40.94642304659555,163.0,0.0
40.95167688734642,164.0,0.0
40.960567917691236,163.0,0.0
40.966968998180754,162.0,0.0
40.98324035644925,161.0,0.0
40.98557345864932,162.0,0.0
41.00978294277072,163.0,0.0
41.017570196963455,162.0,0.0
41.02908928266225,163.0,0.0
41.032864583598815,162.0,0.0
41.044988492928994,161.0,0.0
41.04585460240595,160.0,0.0
41.04851115113316,159.0,0.0
41.05187148747157,160.0,0.0
41.06191335985001,161.0,0.0
41.06207291906812,160.0,0.0
41.06574932954925,159.0,0.0
41.06725179997543,158.0,0.0
41.069527442264935,159.0,0.0
41.072630756732444,160.0,0.0
41.084518505161505,159.0,0.0
41.086580633690495,158.0,0.0
41.09274466267062,157.0,0.0
41.11927783892621,156.0,0.0
41.121313944482765,155.0,0.0
41.12527824714022,154.0,0.0
41.127482778269346,155.0,0.0
41.127610825686894,154.0,0.0
41.128563867665434,155.0,0.0
41.14486242137426,156.0,0.0
41.14689248381045,155.0,0.0
41.15168491543761,156.0,0.0
41.169509518689566,155.0,0.0
41.17170879066351,156.0,0.0
41.19231210902936,157.0,0.0
41.21916486548414,158.0,0.0
41.219514985888225,157.0,0.0
41.22205146617175,156.0,0.0
41.24529143108602,157.0,0.0
41.24546620403585,156.0,0.0
41.25261079580434,155.0,0.0
41.26062494274281,154.0,0.0
41.272540092162664,155.0,0.0
41.2732648102709,156.0,0.0
41.27520361052311,155.0,0.0
41.27605397835301,154.0,0.0
41.2770480765922,153.0,0.0
41.27935079791107,152.0,0.0
41.28608931336121,151.0,0.0
41.30527131861933,150.0,0.0
41.31108983938243,149.0,0.0
41.319390956007,150.0,0.0
41.3206541153516,149.0,0.0
41.325232748894386,148.0,0.0
41.327968647477725,149.0,0.0
41.3298638627829,148.0,0.0
41.33034910745716,147.0,0.0
41.33053531721698,148.0,0.0
41.33717640311056,147.0,0.0
41.36228130129856,146.0,0.0
41.36969744854938,145.0,0.0
41.3721779775922,146.0,0.0
41.374163905569716,147.0,0.0
41.37723676870996,148.0,0.0
41.37873604887386,149.0,0.0
41.385570628191566,148.0,0.0
41.3860803065097,149.0,0.0
41.39907091717382,148.0,0.0
41.40498632414472,149.0,0.0
41.412974013329276,148.0,0.0
41.420310159679616,147.0,0.0
41.422002520767066,146.0,0.0
41.42415159696211,145.0,0.0
41.43882791184763,146.0,0.0
41.455256625182926,145.0,0.0
41.46853503826711,144.0,0.0
41.47142330021486,143.0,0.0
41.49384980318502,142.0,0.0
41.50563507268153,143.0,0.0
41.50704245670981,144.0,0.0
41.50739314924606,143.0,0.0
41.51285859571316,144.0,0.0
41.51346939441757,145.0,0.0
41.51375693661901,144.0,0.0
41.519032216006956,143.0,0.0
41.52949322211039,142.0,0.0
41.532842522413695,141.0,0.0
41.5337969502583,142.0,0.0
41.5473008170995,141.0,0.0
41.54786095191353,140.0,0.0
41.54800324675555,141.0,0.0
41.55161052167324,142.0,0.0
41.569945066510535,143.0,0.0
41.57736571926284,144.0,0.0
41.579035599369966,145.0,0.0
41.591004670942056,146.0,0.0
41.60749709742285,147.0,0.0
41.607577932853545,146.0,0.0
41.61114362202644,147.0,0.0
41.616377278189255,146.0,0.0
41.620947220963586,147.0,0.0
41.62275734526872,148.0,0.0
41.62719344319751,147.0,0.0
41.63203069553817,146.0,0.0
41.63287733456046,147.0,0.0
41.63575211135431,148.0,0.0
41.65477960892171,149.0,0.0
41.65634525165674,148.0,0.0
41.66732683588876,147.0,0.0
41.67154563510574,146.0,0.0
41.68426640237365,145.0,0.0
41.68805469608716,144.0,0.0
41.69565732831125,143.0,0.0
41.711506675735045,142.0,0.0
41.71664534216933,141.0,0.0
41.7242442869708,142.0,0.0
41.72590977129485,143.0,0.0
41.72689714754002,142.0,0.0
41.72912938158437,141.0,0.0
41.732954024153294,142.0,0.0
41.74042755097368,141.0,0.0
41.744287531257925,140.0,0.0
41.74918933028513,139.0,0.0
41.754998477481436,138.0,0.0
41.768208398853574,137.0,0.0
41.77479362787047,136.0,0.0
41.79262383644938,135.0,0.0
41.79727811057857,134.0,0.0
41.797839820218215,133.0,0.0
41.8032210683,132.0,0.0
41.81410479118018,131.0,0.0
41.83204233809441,130.0,0.0
41.83602859937804,129.0,0.0
41.83647483388251,128.0,0.0
41.84281489864045,127.0,0.0
41.846361385889935,128.0,0.0
41.84663293469168,129.0,0.0
41.876783265514185,128.0,0.0
41.88869980595545,127.0,0.0
41.91510487272614,126.0,0.0
41.92455694262963,127.0,0.0
41.92757506830171,126.0,0.0
41.933511554288124,125.0,0.0
41.94002519057464,126.0,0.0
41.95519126239874,125.0,0.0
41.96687531985817,124.0,0.0
41.98521048400501,125.0,0.0
41.99634556998702,124.0,0.0
41.99687606384081,125.0,0.0
42.00597931755968,126.0,0.0
42.00906690204753,125.0,0.0
42.01514664127429,124.0,0.0
42.02920185150121,123.0,0.0
42.05688713191719,124.0,0.0
42.06770207586773,123.0,0.0
42.07721229164048,122.0,0.0
42.07837756978129,121.0,0.0
42.08558782440594,120.0,0.0
42.09422679762389,119.0,0.0
42.102422506023274,120.0,0.0
42.103200528578604,121.0,0.0
42.10860992996083,122.0,0.0
42.10999809539623,121.0,0.0
42.11090787282145,122.0,0.0
42.11278445653748,121.0,0.0
42.11438085652183,120.0,0.0
42.12151871158473,119.0,0.0
42.130083444971675,120.0,0.0
42.1320838224369,119.0,0.0
42.15890082291073,118.0,0.0
42.16241674087329,119.0,0.0
42.16820638161742,118.0,0.0
42.17834354492786,117.0,0.0
42.18221235250331,116.0,0.0
42.1863730235351,117.0,0.0
42.189749699511914,116.0,0.0
42.19659971351408,117.0,0.0
42.20461432506811,116.0,0.0
42.20558748661476,115.0,0.0
42.247868399232544,114.0,0.0
42.25134159462587,113.0,0.0
42.25464188053759,112.0,0.0
42.26000660731084,111.0,0.0
42.26416602541254,110.0,0.0
42.29045218290518,109.0,0.0
42.302625344126284,108.0,0.0
42.30671851259561,109.0,0.0
42.31029712098747,108.0,0.0
42.317532012436786,107.0,0.0
42.31861622049847,108.0,0.0
42.32276680100351,107.0,0.0
42.327137399553635,106.0,0.0
42.339848237988456,105.0,0.0
42.34360534007302,104.0,0.0
42.35521472466425,103.0,0.0
42.35786273779756,102.0,0.0
42.36617398849756,103.0,0.0
42.36826676477431,104.0,0.0
42.374817240138555,103.0,0.0
42.37876147307404,102.0,0.0
42.381432137823715,101.0,0.0
42.38507268520496,100.0,0.0
42.38878301673609,99.0,0.0
42.389256458020064,100.0,0.0
42.401748632397535,99.0,0.0
42.401922281953034,100.0,0.0
42.40252664354698,99.0,0.0
42.40408034202314,98.0,0.0
42.407654408237,97.0,0.0
42.40977830671819,96.0,0.0
42.41243159651143,95.0,0.0
42.42224364593393,96.0,0.0
42.425631147931256,97.0,0.0
42.428689204151574,96.0,0.0
42.432835027071164,95.0,0.0
42.44858179652431,96.0,0.0
42.45131041601071,97.0,0.0
42.46300288326383,96.0,0.0
42.46302273100784,95.0,0.0
42.472827776586264,94.0,0.0
42.487519887978245,95.0,0.0
42.49981295276282,96.0,0.0
42.51825140928126,97.0,0.0
42.52531120505837,96.0,0.0
42.527954556007586,97.0,0.0
42.546444168230444,96.0,0.0
42.54935596856587,95.0,0.0
42.56117415644721,96.0,0.0
42.59149773550798,95.0,0.0
42.61956177686663,96.0,0.0
42.63324084283212,97.0,0.0
42.64230417931039,98.0,0.0
42.666749345884,97.0,0.0
42.66737826631652,96.0,0.0
42.669476012081425,95.0,0.0
42.67963840605258,94.0,0.0
42.68920396474219,93.0,0.0
42.69043778886406,94.0,0.0
42.705975466347326,93.0,0.0
42.70885080742655,92.0,0.0
42.714245249418994,93.0,0.0
42.71770311015459,94.0,0.0
42.72064822836706,93.0,0.0
42.72397238992534,92.0,0.0
42.74182713925028,91.0,0.0
42.7521516718913,90.0,0.0
42.7612360372125,89.0,0.0
42.76898789216057,88.0,0.0
42.78134676875425,89.0,0.0
42.78483642738767,88.0,0.0
42.79886052024848,87.0,0.0
42.80993613661864,88.0,0.0
42.817898988301565,87.0,0.0
42.822306731362104,86.0,0.0
42.82272097779457,87.0,0.0
42.84815405049725,88.0,0.0
42.87210455568626,89.0,0.0
42.88260697428064,88.0,0.0
42.883380811542004,87.0,0.0
42.887679666303676,86.0,0.0
42.8890627181597,85.0,0.0
42.89609741461358,86.0,0.0
42.898694756961426,87.0,0.0
42.908086617012586,88.0,0.0
42.90882727400903,89.0,0.0
42.91919539933642,88.0,0.0
42.92022131910268,87.0,0.0
42.922185455289096,86.0,0.0
42.949744375322204,85.0,0.0
42.95332014206425,84.0,0.0
42.965331477295415,83.0,0.0
42.96829212281586,82.0,0.0
42.98460192058566,81.0,0.0
42.99484578511897,82.0,0.0
42.99637773430069,81.0,0.0
42.99800100055298,80.0,0.0
43.00350276534964,79.0,0.0
43.005655985002406,80.0,0.0
43.00934674051203,81.0,0.0
43.01539258852027,80.0,0.0
43.01614582949729,81.0,0.0
43.01879308226615,80.0,0.0
43.0218480464862,79.0,0.0
43.02229063802791,78.0,0.0
43.04682083922293,79.0,0.0
43.047274952747195,78.0,0.0
43.050145910137815,77.0,0.0
43.050407490162954,78.0,0.0
43.05044767106638,77.0,0.0
43.05173586949456,76.0,0.0
43.064349536736884,77.0,0.0
43.07045520915396,76.0,0.0
43.07718096099761,75.0,0.0
43.09535813170564,74.0,0.0
43.13458453851476,75.0,0.0
43.136294672227294,74.0,0.0
43.14832482010117,73.0,0.0
43.15201276431557,72.0,0.0
43.17504483639328,71.0,0.0
43.17843663896674,70.0,0.0
43.202149713643095,71.0,0.0
43.22256897734868,70.0,0.0
43.22519182508353,71.0,0.0
43.22932434168084,72.0,0.0
43.25041382801694,73.0,0.0
43.255326720226506,74.0,0.0
43.25758316563119,73.0,0.0
43.26276402870206,72.0,0.0
43.2726070464979,73.0,0.0
43.27475844966297,74.0,0.0
43.293380527169745,73.0,0.0
43.3004516089045,72.0,0.0
43.31873320348541,73.0,0.0
43.32928816996782,72.0,0.0
43.33044692845303,71.0,0.0
43.36100933289882,72.0,0.0
43.3827789004219,73.0,0.0
43.388736718320885,72.0,0.0
43.40398489264053,71.0,0.0
43.460089161858335,70.0,0.0
43.480089204818576,71.0,0.0
43.482500287532446,70.0,0.0
43.486746966835504,69.0,0.0
43.488738074077126,70.0,0.0
43.491362641447395,69.0,0.0
43.51480779539538,68.0,0.0
43.51541700813518,67.0,0.0
43.51939317554374,66.0,0.0
43.52280407404017,65.0,0.0
43.527427923469666,66.0,0.0
43.545185469017596,65.0,0.0
43.55545089191208,64.0,0.0
43.559804572161134,63.0,0.0
43.57506137333688,64.0,0.0
43.57571209848464,63.0,0.0
43.58443060856671,62.0,0.0
43.59264115359231,61.0,0.0
43.59559167290035,60.0,0.0
43.608017409233454,59.0,0.0
43.62102971446954,58.0,0.0
43.62828187610296,57.0,0.0
43.64413865684659,56.0,0.0
43.653603075532885,55.0,0.0
43.67532851087141,56.0,0.0
43.67621814973125,57.0,0.0
43.677360191082116,58.0,0.0
43.678735469249645,59.0,0.0
43.68258945909243,60.0,0.0
43.69116802692312,59.0,0.0
43.69376721778269,60.0,0.0
43.69530204113578,59.0,0.0
43.70116739797339,58.0,0.0
43.706115577459094,59.0,0.0
43.71649297459292,58.0,0.0
43.71842828967676,57.0,0.0
43.72419636771689,56.0,0.0
43.72979853604557,57.0,0.0
43.73727975612178,56.0,0.0
43.739865942598435,55.0,0.0
43.7419916366406,54.0,0.0
43.76163046294184,55.0,0.0
43.763206636284984,54.0,0.0
43.80197469983601,53.0,0.0
43.804922836025575,52.0,0.0
43.80497809308936,51.0,0.0
43.81056536792446,50.0,0.0
43.82315078073348,49.0,0.0
43.829057916904276,50.0,0.0
43.83171781937997,51.0,0.0
43.8344357581838,52.0,0.0
43.839355871079796,51.0,0.0
43.850466485043135,52.0,0.0
43.85437055022406,53.0,0.0
43.85445128295344,52.0,0.0
43.870562736584255,51.0,0.0
43.88116172157695,50.0,0.0
43.887516535509896,49.0,0.0
43.891535637082185,50.0,0.0
43.90033357138069,49.0,0.0
43.928575588490546,50.0,0.0
43.93858257514932,49.0,0.0
43.94476942236096,48.0,0.0
43.95951641137901,47.0,0.0
43.97148145574383,46.0,0.0
43.98018426569262,45.0,0.0
44.006588653468015,46.0,0.0
44.01798698339048,45.0,0.0
44.02258024124299,44.0,0.0
44.025032109220014,43.0,0.0
44.036464693753395,44.0,0.0
44.04727743121507,43.0,0.0
44.048645108715526,42.0,0.0
44.06847366553511,41.0,0.0
44.07135615384076,40.0,0.0
44.07420914340524,39.0,0.0
44.07718804573786,38.0,0.0
44.07769331357522,37.0,0.0
44.083131210240076,36.0,0.0
44.088278709794636,35.0,0.0
44.09436773386711,34.0,0.0
44.1003818210661,33.0,0.0
44.10115616836623,32.0,0.0
44.10923625134681,31.0,0.0
44.132859670046095,32.0,0.0
44.143183725772786,31.0,0.0
44.1490583585346,30.0,0.0
44.150975484332506,29.0,0.0
44.17082627474242,28.0,0.0
44.175669669045185,27.0,0.0
44.20682179042295,26.0,0.0
44.20810878116592,25.0,0.0
44.21211944225048,24.0,0.0
44.215267963332884,23.0,0.0
44.22185358996943,24.0,0.0
44.22573162250322,25.0,0.0
44.22845642001306,26.0,0.0
44.2365066019187,25.0,0.0
44.241629657791044,24.0,0.0
44.26554540990928,23.0,0.0
44.2658193402215,24.0,0.0
44.27740360235738,23.0,0.0
44.27769278229821,22.0,0.0
44.28484038573946,21.0,0.0
44.29062726666702,20.0,0.0
44.294261248904476,19.0,0.0
44.30703082568756,18.0,0.0
44.31708980182178,17.0,0.0
44.31732993600655,16.0,0.0
44.31935024808978,17.0,0.0
44.38819591692578,16.0,0.0
44.4038423352633,15.0,0.0
44.409559484769346,14.0,0.0
44.422922145877884,13.0,0.0
44.425765522146584,12.0,0.0
44.43539689203705,13.0,0.0
44.45207507887708,14.0,0.0
44.457628424084966,15.0,0.0
44.4698262991143,14.0,0.0
44.48803057070445,13.0,0.0
44.489187205485706,12.0,0.0
44.530803373426856,13.0,0.0
44.53844502840768,14.0,0.0
44.5717771605692,13.0,0.0
44.58183902458938,12.0,0.0
44.58834683773389,11.0,0.0
44.589705898443526,10.0,0.0
44.5919067544355,9.0,0.0
44.59308673549889,8.0,0.0
44.596777872209,7.0,0.0
44.61551055453715,6.0,0.0
44.62697561015678,5.0,0.0
44.64439370283479,4.0,0.0
44.646567471059036,3.0,0.0
44.65681434829501,2.0,0.0
44.6684541704711,1.0,0.0
44.700820047103036,0.0,0.0
44.72528085033312,1.0,0.0
44.72789599953507,0.0,0.0
44.79900785125705,1.0,0.0
44.819016913805676,2.0,0.0
44.826838060759286,1.0,0.0
44.83570617760504,2.0,0.0
44.84232853910716,1.0,0.0
44.844579436623185,0.0,0.0
44.8795975794813,1.0,0.0
44.882615821118215,0.0,0.0
44.91820994768507,1.0,0.0
44.95560943025796,0.0,0.0
45.04292752008264,1.0,0.0
45.07534253155355,0.0,0.0
45.1386987482332,1.0,0.0
45.15238006074962,0.0,0.0
45.32490832752538,1.0,0.0
45.325041460001245,2.0,0.0
45.328183663986984,1.0,0.0
45.33539285984123,2.0,0.0
45.34553919335138,1.0,0.0
45.346098448214505,2.0,0.0
45.34810107940434,1.0,0.0
45.34902885955351,0.0,0.0
45.38796052393035,1.0,0.0
45.39404640941619,2.0,0.0
45.42584241779238,1.0,0.0
45.428291721990185,0.0,0.0
45.61468561415069,1.0,0.0
45.64794009575899,2.0,0.0
45.648319632597314,1.0,0.0
45.64905120663677,0.0,0.0
45.73309120107148,1.0,0.0
45.7336365279323,0.0,0.0
45.74221620666735,1.0,0.0
45.74751825573636,0.0,0.0
45.786234147704064,1.0,0.0
45.82017362463249,0.0,0.0
45.913270411410444,1.0,0.0
45.91420510837353,0.0,0.0
45.97147488502808,1.0,0.0
45.99727219760361,2.0,0.0
45.998934822179585,1.0,0.0
45.99904928067494,0.0,0.0
46.080515624105274,1.0,0.0
46.08337162172031,0.0,0.0
46.14254441805323,1.0,0.0
46.15206653052452,2.0,0.0
46.196946179862955,3.0,0.0
46.19923510240099,4.0,0.0
46.206236677652306,3.0,0.0
46.21475844683047,2.0,0.0
46.2361919138917,1.0,0.0
46.24236863874159,0.0,0.0
46.30976464003288,1.0,0.0
46.30982631194253,0.0,0.0
46.38644615596421,1.0,0.0
46.38676487082411,2.0,0.0
46.38887230739029,1.0,0.0
46.39456095848715,0.0,0.0
46.448137686384186,1.0,0.0
46.45116675727439,2.0,0.0
46.47032334920225,1.0,0.0
46.47304410761692,0.0,0.0
46.47682978471002,1.0,0.0
46.50170544979078,2.0,0.0
46.51264323861615,3.0,0.0
46.5320822067866,4.0,0.0
46.536686320142316,3.0,0.0
46.59197382854049,2.0,0.0
46.59630451666661,1.0,0.0
46.61263077580116,0.0,0.0
46.68934168114112,1.0,0.0
46.69437826895197,2.0,0.0
46.71800476945259,1.0,0.0
46.721629228747496,0.0,0.0
46.773825180603204,1.0,0.0
46.816475236730206,0.0,0.0
46.86283637178836,1.0,0.0
46.87444490207744,0.0,0.0
46.95908181659017,1.0,0.0
46.968220344878354,0.0,0.0
47.009711223864,1.0,0.0
47.04655067451033,0.0,0.0
47.12724998504857,1.0,0.0
47.162746876178524,0.0,0.0
47.18862796447857,1.0,0.0
47.22301828483013,0.0,0.0
47.26227370317147,1.0,0.0
47.26341533429316,0.0,0.0
47.26480493811079,1.0,0.0
47.29600161041318,2.0,0.0
47.29624126302921,1.0,0.0
47.3013681834719,2.0,0.0
47.304144635838966,3.0,0.0
47.3048438009552,2.0,0.0
47.31155515473615,3.0,0.0
47.315110648364204,2.0,0.0
47.32629506611473,3.0,0.0
47.33678882855339,4.0,0.0
47.360884451806456,3.0,0.0
47.3660300274168,2.0,0.0
47.38939952627816,3.0,0.0
47.412292582964895,2.0,0.0
47.41450487914071,3.0,0.0
47.43211613589528,2.0,0.0
47.44357437231242,1.0,0.0
47.4634135682493,2.0,0.0
47.49014306017862,3.0,0.0
47.504547328439486,2.0,0.0
47.50997520293727,3.0,0.0
47.52740605761983,4.0,0.0
47.52814360679854,3.0,0.0
47.5317225348834,4.0,0.0
47.533146410558324,3.0,0.0
47.56664497202008,4.0,0.0
47.56710891658557,3.0,0.0
47.574469267257356,2.0,0.0
47.593002052928675,1.0,0.0
47.63944137069036,2.0,0.0
47.640975202876746,1.0,0.0
47.6678582940282,0.0,0.0
47.67167533996151,1.0,0.0
47.67510390627124,2.0,0.0
47.68109270051244,1.0,0.0
47.68496916004725,2.0,0.0
47.68834117657384,3.0,0.0
47.698957622778295,2.0,0.0
47.70810548410078,1.0,0.0
47.72079529027958,0.0,0.0
47.75112637266052,1.0,0.0
47.7586056184443,2.0,0.0
47.76566307321872,1.0,0.0
47.77309231055486,2.0,0.0
47.787573361428194,1.0,0.0
47.79439278903057,2.0,0.0
47.82442686418225,3.0,0.0
47.83720219846229,4.0,0.0
47.84832914351138,5.0,0.0
47.8488281821832,4.0,0.0
47.85307611837002,3.0,0.0
47.853642482062824,4.0,0.0
47.865063662020766,3.0,0.0
47.8667078214999,2.0,0.0
47.86917290089948,3.0,0.0
47.87404907226343,2.0,0.0
47.887616931717915,1.0,0.0
47.8973906105245,2.0,0.0
47.90890917745984,1.0,0.0
47.92465699446539,2.0,0.0
47.93643614250386,1.0,0.0
47.93830448021488,0.0,0.0
47.962609781821435,1.0,0.0
47.96388084107276,2.0,0.0
47.998852214761754,1.0,0.0
48.02117583838847,2.0,0.0
48.026300763333246,3.0,0.0
48.079146934731355,2.0,0.0
48.08047630094211,1.0,0.0
48.09352128828986,0.0,0.0
48.10172934604767,1.0,0.0
48.109871948419034,0.0,0.0
48.17769620852884,1.0,0.0
48.1890228664509,0.0,0.0
48.20567034417805,1.0,0.0
48.220510606179666,2.0,0.0
48.22547234867065,3.0,0.0
48.25808887196134,4.0,0.0
48.26182625587516,3.0,0.0
48.26576471380829,2.0,0.0
48.26940861228425,3.0,0.0
48.30206366361323,4.0,0.0
48.314668945915244,3.0,0.0
48.33983331385652,2.0,0.0
48.382914664067265,1.0,0.0
48.387219736100285,2.0,0.0
48.38939275367362,3.0,0.0
48.40846526050949,2.0,0.0
48.44120435749735,1.0,0.0
48.44317916985957,0.0,0.0
48.46761311228629,1.0,0.0
48.46921327883736,2.0,0.0
48.51465530507483,1.0,0.0
48.53328499025832,0.0,0.0
48.533424090081276,1.0,0.0
48.54234638431502,2.0,0.0
48.54660115015652,3.0,0.0
48.56409707432516,4.0,0.0
48.57409699979834,5.0,0.0
48.60664707935243,4.0,0.0
48.60679971133997,3.0,0.0
48.61395250337191,4.0,0.0
48.61501213355944,5.0,0.0
48.62800226275482,6.0,0.0
48.636880878745046,5.0,0.0
48.642285725024124,4.0,0.0
48.64385916763143,3.0,0.0
48.646419068908195,2.0,0.0
48.68787191849407,3.0,0.0
48.703977378859435,4.0,0.0
48.726743412417406,3.0,0.0
48.72763429936959,2.0,0.0
48.72822035142596,3.0,0.0
48.73283270457041,4.0,0.0
48.744131298287684,3.0,0.0
48.773408176391044,4.0,0.0
48.78540305877317,3.0,0.0
48.78892183542143,2.0,0.0
48.85824859378237,3.0,0.0
48.86084490908691,4.0,0.0
48.86471392578867,3.0,0.0
48.8652822062274,4.0,0.0
48.86798645744643,3.0,0.0
48.883161657250035,2.0,0.0
48.88368091803355,3.0,0.0
48.8837444943925,4.0,0.0
48.894182451096675,3.0,0.0
48.9023788246675,4.0,0.0
48.923374568588535,3.0,0.0
48.92425401982633,2.0,0.0
48.929076002406305,3.0,0.0
48.929150800786665,2.0,0.0
48.93158478994509,3.0,0.0
48.93836086756872,4.0,0.0
48.942074517294,5.0,0.0
48.9509936561433,6.0,0.0
48.97992812365175,5.0,0.0
48.98233508326424,4.0,0.0
48.98554728806501,3.0,0.0
48.98838498102062,2.0,0.0
49.002346026717866,3.0,0.0
49.02448404547331,4.0,0.0
49.026935302836236,3.0,0.0
49.03483942885254,2.0,0.0
49.03854940577489,3.0,0.0
49.041574839879274,4.0,0.0
49.046589424037215,5.0,0.0
49.063154963854416,6.0,0.0
49.06757898539747,5.0,0.0
49.06835130813766,6.0,0.0
49.07659376793772,5.0,0.0
49.07972867378042,6.0,0.0
49.08762307148633,5.0,0.0
49.0965171800685,4.0,0.0
49.099447933893984,3.0,0.0
49.10517688778478,4.0,0.0
49.11477777045761,5.0,0.0
49.13138242034035,6.0,0.0
49.140370655749194,5.0,0.0
49.146530580412715,4.0,0.0
49.15828638055477,5.0,0.0
49.16277687682284,6.0,0.0
49.16491321498636,5.0,0.0
49.165840051387086,6.0,0.0
49.16585886838666,5.0,0.0
49.16931247128109,4.0,0.0
49.17701433578618,3.0,0.0
49.189955719611916,4.0,0.0
49.20130565963192,3.0,0.0
49.20486629339238,2.0,0.0
49.22618489262127,3.0,0.0
49.243015512818424,2.0,0.0
49.263051085796015,3.0,0.0
49.288764737167476,4.0,0.0
49.296882734685546,3.0,0.0
49.33704110478221,4.0,0.0
49.33997209924668,5.0,0.0
49.345978156951816,6.0,0.0
49.34662693404074,5.0,0.0
49.35155127780458,4.0,0.0
49.35433472771817,3.0,0.0
49.37927650871661,2.0,0.0
49.37950997937116,1.0,0.0
49.38251098042054,0.0,0.0
49.39159720813488,1.0,0.0
49.40693289890298,0.0,0.0
49.43586665024173,1.0,0.0
49.44261392065567,2.0,0.0
49.44663711985137,3.0,0.0
49.44736480059782,4.0,0.0
49.45575975787785,5.0,0.0
49.46631499894106,4.0,0.0
49.46810538548751,3.0,0.0
49.475433612897405,4.0,0.0
49.48780459428212,5.0,0.0
49.4893039462019,6.0,0.0
49.510793685854196,7.0,0.0
49.516555511604004,8.0,0.0
49.52314188636433,9.0,0.0
49.549291338417106,10.0,0.0
49.56459169525382,11.0,0.0
49.56924536338277,10.0,0.0
49.58606975224467,9.0,0.0
49.58898585128303,8.0,0.0
49.600633858344324,7.0,0.0
49.60396729960867,6.0,0.0
49.612006344257125,5.0,0.0
49.61344290959592,6.0,0.0
49.62423062607563,5.0,0.0
49.63634872227302,6.0,0.0
49.64484070618388,7.0,0.0
49.6567946888908,8.0,0.0
49.65935423333118,7.0,0.0
49.68184028974166,6.0,0.0
49.69138094421544,7.0,0.0
49.69492909523557,8.0,0.0
49.69851255350169,7.0,0.0
49.703756577594675,8.0,0.0
49.70843301651989,7.0,0.0
49.711708250060454,8.0,0.0
49.71194908279868,9.0,0.0
49.71924527916343,10.0,0.0
49.72902828725225,9.0,0.0
49.72984908634486,8.0,0.0
49.7310548009472,9.0,0.0
49.73864003521606,8.0,0.0
49.74573855096511,9.0,0.0
49.75803979399029,8.0,0.0
49.76934164324193,7.0,0.0
49.773227722825396,8.0,0.0
49.785763937378604,9.0,0.0
49.78675740651316,8.0,0.0
49.78919845859829,9.0,0.0
49.7953739226405,10.0,0.0
49.796853189347885,9.0,0.0
49.81054407740256,10.0,0.0
49.81059558623058,11.0,0.0
49.83212949447707,12.0,0.0
49.84395053793206,13.0,0.0
49.8543249782251,14.0,0.0
49.86199984990231,13.0,0.0
49.86420612124957,14.0,0.0
49.86805320773375,13.0,0.0
49.87845434778508,14.0,0.0
49.89612148763166,15.0,0.0
49.90035059827341,16.0,0.0
49.90237603417768,17.0,0.0
49.903534262069506,16.0,0.0
49.907412731033205,17.0,0.0
49.908926506390564,16.0,0.0
49.920055942134084,17.0,0.0
49.9304187673357,16.0,0.0
49.94514694872923,15.0,0.0
49.95330292332988,16.0,0.0
49.957743950918776,15.0,0.0
49.96064269989951,16.0,0.0
49.96273879089053,15.0,0.0
49.96867075779794,16.0,0.0
49.9699960353461,15.0,0.0
49.97110522162961,14.0,0.0
49.98446490542793,13.0,0.0
50.00115617123752,12.0,0.0
50.002358121038924,13.0,0.0
50.015524429667224,14.0,0.0
50.0184294331458,15.0,0.0
50.02249487220644,14.0,0.0
50.02291528032585,15.0,0.0
50.023259837786874,14.0,0.0
50.0240967844667,15.0,0.0
50.03396334318959,14.0,0.0
50.03536729145428,15.0,0.0
50.03731167649051,14.0,0.0
50.046768047142365,15.0,0.0
50.053151213391175,14.0,0.0
50.06048561838978,15.0,0.0
50.06684857696512,14.0,0.0
50.06974849377375,15.0,0.0
50.080064622048155,14.0,0.0
50.08867842604504,13.0,0.0
50.090767952665104,14.0,0.0
50.093619813831964,13.0,0.0
50.098379386813605,12.0,0.0
50.0998024590938,11.0,0.0
50.10190128395536,12.0,0.0
50.10342068812553,11.0,0.0
50.10523876431788,10.0,0.0
50.113229475434395,11.0,0.0
50.11776703005276,12.0,0.0
50.130670329266685,13.0,0.0
50.14512601243433,14.0,0.0
50.154180701879156,15.0,0.0
50.15672417771887,14.0,0.0
50.15829026531844,15.0,0.0
50.17145060817329,16.0,0.0
50.17633072509964,15.0,0.0
50.179250185728606,16.0,0.0
50.1798003491407,17.0,0.0
50.18468249691357,16.0,0.0
50.187010906305915,17.0,0.0
50.19140419761704,18.0,0.0
50.194782395163976,19.0,0.0
50.199825927598596,20.0,0.0
50.20033184595582,21.0,0.0
50.20276478469049,22.0,0.0
50.20875240295028,21.0,0.0
50.21369490987506,22.0,0.0
50.21444583766168,23.0,0.0
50.21919689219632,22.0,0.0
50.219217936987825,21.0,0.0
50.22050686100579,22.0,0.0
50.231045924424315,23.0,0.0
50.242920802181786,24.0,0.0
50.25095720651462,23.0,0.0
50.268218975366224,24.0,0.0
50.29178437159542,23.0,0.0
50.29816057758066,24.0,0.0
50.31068766280966,25.0,0.0
50.31246603666348,24.0,0.0
50.318032662033396,25.0,0.0
50.327539216044116,24.0,0.0
50.344483235814,25.0,0.0
50.34509598516905,26.0,0.0
50.35064014068008,25.0,0.0
50.350938858623515,24.0,0.0
50.35318899622252,23.0,0.0
50.35448391501572,24.0,0.0
50.35485178809495,25.0,0.0
50.369031671240386,26.0,0.0
50.37377672129112,27.0,0.0
50.381481122252396,26.0,0.0
50.394046257187746,25.0,0.0
50.394702306924735,24.0,0.0
50.39632092819604,23.0,0.0
50.398577603381064,24.0,0.0
50.402302022646346,23.0,0.0
50.40233500974965,22.0,0.0
50.405901803860964,21.0,0.0
50.408762887559206,20.0,0.0
50.41413889202924,21.0,0.0
50.41776081302351,22.0,0.0
50.41831614226675,23.0,0.0
50.42495305994746,24.0,0.0
50.43245953207209,25.0,0.0
50.43404857460836,26.0,0.0
50.44288604892721,27.0,0.0
50.44742184308503,26.0,0.0
50.45005360984419,27.0,0.0
50.467562243252075,28.0,0.0
50.468028739816,29.0,0.0
50.480918180203226,28.0,0.0
50.48196808152695,27.0,0.0
50.48534283916918,28.0,0.0
50.485691820211244,27.0,0.0
50.496809950755164,26.0,0.0
50.5105806825673,27.0,0.0
50.512330710181345,28.0,0.0
50.513190943681565,27.0,0.0
50.51345839142472,26.0,0.0
50.527561363153474,27.0,0.0
50.52949754032376,28.0,0.0
50.52954837542431,27.0,0.0
50.532829698737196,26.0,0.0
50.53972468704672,25.0,0.0
50.54643529882459,24.0,0.0
50.548572383234664,23.0,0.0
50.548863320381216,22.0,0.0
50.567240612515235,23.0,0.0
50.567786678813036,24.0,0.0
50.57694666467324,23.0,0.0
50.58830970863254,22.0,0.0
50.58880666140725,23.0,0.0
50.58948626144552,24.0,0.0
50.590614750377355,23.0,0.0
50.603974645501744,24.0,0.0
50.6078900873483,23.0,0.0
50.609157882763185,24.0,0.0
50.60967602746332,25.0,0.0
50.611651074560456,26.0,0.0
50.65321720529811,27.0,0.0
50.662796953004765,26.0,0.0
50.66462148347254,25.0,0.0
50.66762096625239,26.0,0.0
50.67138577194383,25.0,0.0
50.67252942976489,26.0,0.0
50.67718210201346,27.0,0.0
50.68370599829342,28.0,0.0
50.70133376080644,29.0,0.0
50.704117981430414,30.0,0.0
50.72334354232577,29.0,0.0
50.72760109651341,30.0,0.0
50.72777914503798,31.0,0.0
50.72998503366301,30.0,0.0
50.733974796753444,29.0,0.0
50.734399209773805,30.0,0.0
50.738001236732465,29.0,0.0
50.7380409687444,30.0,0.0
50.74202498348502,29.0,0.0
50.74549782085169,30.0,0.0
50.74726554900177,29.0,0.0
50.75623479641927,30.0,0.0
50.75751064373473,31.0,0.0
50.775352688551884,32.0,0.0
50.81960835610433,31.0,0.0
50.82267772828188,30.0,0.0
50.82970184105939,31.0,0.0
50.83210931009821,30.0,0.0
50.83733755947774,31.0,0.0
50.838458305726505,30.0,0.0
50.840491530361014,31.0,0.0
50.85580412238968,30.0,0.0
50.87193167237402,29.0,0.0
50.872304075566696,30.0,0.0
50.87495998696828,29.0,0.0
50.875835302153796,30.0,0.0
50.8909181574475,29.0,0.0
50.8944420417273,28.0,0.0
50.89539866282017,27.0,0.0
50.89820702671525,28.0,0.0
50.898455060877765,27.0,0.0
50.90243624092114,28.0,0.0
50.915023219163565,27.0,0.0
50.9151376036262,26.0,0.0
50.92119267784047,27.0,0.0
50.92224675636427,28.0,0.0
50.926276512347386,27.0,0.0
50.93217032619994,28.0,0.0
50.93487222545161,29.0,0.0
50.94213646394419,28.0,0.0
50.94311503088368,27.0,0.0
50.945330747573806,28.0,0.0
50.94928336980181,27.0,0.0
50.949965123489726,26.0,0.0
50.95647257903306,27.0,0.0
50.95855567185674,26.0,0.0
50.96311295685849,27.0,0.0
50.989784521181605,28.0,0.0
50.99468435404196,29.0,0.0
51.00451963214247,28.0,0.0
51.008633295124056,29.0,0.0
51.011532508554566,30.0,0.0
51.01324296293305,29.0,0.0
51.030536051973904,28.0,0.0
51.03945611683548,29.0,0.0
51.04039708602538,28.0,0.0
51.051138394058626,27.0,0.0
51.05532552998788,28.0,0.0
51.0621935856772,29.0,0.0
51.06230215143363,30.0,0.0
51.06483752920128,31.0,0.0
51.06499395045565,32.0,0.0
51.06756541995433,33.0,0.0
51.06945608906665,34.0,0.0
51.08154776706608,33.0,0.0
51.09598554326691,32.0,0.0
51.09759709116466,31.0,0.0
51.09766204234712,30.0,0.0
51.104822782564455,29.0,0.0
51.10978661215884,30.0,0.0
51.12062644513488,31.0,0.0
51.122699952053935,32.0,0.0
51.125851718448715,33.0,0.0
51.127769347995624,32.0,0.0
51.12838189586121,33.0,0.0
51.13478708920668,32.0,0.0
51.138621998410116,31.0,0.0
51.142081805490974,32.0,0.0
51.15186952823667,33.0,0.0
51.15613486967928,32.0,0.0
51.158397612790054,33.0,0.0
51.160615277593976,34.0,0.0
51.16213459662713,33.0,0.0
51.1700025156853,34.0,0.0
51.17637399815837,35.0,0.0
51.19063949594415,34.0,0.0
51.19068721633833,35.0,0.0
51.19177007291702,34.0,0.0
51.19299392263798,35.0,0.0
51.1939514229401,36.0,0.0
51.19812732110672,37.0,0.0
51.19833489737893,38.0,0.0
51.20494911031373,39.0,0.0
51.20519840337842,40.0,0.0
51.2221405833086,41.0,0.0
51.22666408042049,40.0,0.0
51.22745645908756,41.0,0.0
51.2278676998331,42.0,0.0
51.22857631304857,43.0,0.0
51.22990946092086,44.0,0.0
51.23362526594725,45.0,0.0
51.23808698835355,44.0,0.0
51.24173219841167,45.0,0.0
51.247396690866374,44.0,0.0
51.25488712974219,43.0,0.0
51.25554316601247,44.0,0.0
51.25666101867816,45.0,0.0
51.25766948029845,46.0,0.0
51.278911928166146,47.0,0.0
51.280483169054094,46.0,0.0
51.2888706633022,47.0,0.0
51.2933819085374,48.0,0.0
51.294241218626254,49.0,0.0
51.29933036159005,48.0,0.0
51.310453317365415,49.0,0.0
51.32370760998525,50.0,0.0
51.32588658313329,51.0,0.0
51.32678801436842,52.0,0.0
51.33753744917471,51.0,0.0
51.33758628266293,50.0,0.0
51.33808092077265,51.0,0.0
51.33990812812353,50.0,0.0
51.34417004422636,49.0,0.0
51.347792561685964,50.0,0.0
51.34789909571579,49.0,0.0
51.35264263484585,50.0,0.0
51.35574884266922,51.0,0.0
51.3596130339433,50.0,0.0
51.365628469596246,51.0,0.0
51.37393685107086,52.0,0.0
51.37651862869831,53.0,0.0
51.38728015521055,54.0,0.0
51.39640281266103,53.0,0.0
51.40343154468777,52.0,0.0
51.41425793616027,51.0,0.0
51.414516627764705,50.0,0.0
51.417683682099,51.0,0.0
51.43485603539671,50.0,0.0
51.44197380574765,51.0,0.0
51.443403800337656,50.0,0.0
51.46155068217855,51.0,0.0
51.463067046398095,52.0,0.0
51.484296983071744,51.0,0.0
51.49494115554978,50.0,0.0
51.49633525590921,51.0,0.0
51.496728907065,50.0,0.0
51.49681479328958,49.0,0.0
51.50291673621683,50.0,0.0
51.5099462441105,51.0,0.0
51.510069143690885,50.0,0.0
51.51155888966708,51.0,0.0
51.53287478819975,50.0,0.0
51.53926308317389,51.0,0.0
51.53985963887848,52.0,0.0
51.54179993953358,51.0,0.0
51.55309672366509,52.0,0.0
51.55587630196788,53.0,0.0
51.55795265522491,54.0,0.0
51.55992469122515,55.0,0.0
51.5733340120752,56.0,0.0
51.574768208571555,57.0,0.0
51.576690856701504,56.0,0.0
51.58266041956812,57.0,0.0
51.58616672778888,56.0,0.0
51.60145610872036,55.0,0.0
51.61609413750459,56.0,0.0
51.627822345896426,57.0,0.0
51.62960727452933,56.0,0.0
51.62990607910237,57.0,0.0
51.63241565997475,58.0,0.0
51.642250724285255,57.0,0.0
51.64225319602845,58.0,0.0
51.649455078441726,59.0,0.0
51.64965565822,58.0,0.0
51.67211214258646,57.0,0.0
51.689265545572255,58.0,0.0
51.69251003323198,59.0,0.0
51.6950229831706,58.0,0.0
51.70224602940942,59.0,0.0
51.705868338762855,60.0,0.0
51.72503795138916,59.0,0.0
51.726205354622806,58.0,0.0
51.73051806548464,59.0,0.0
51.733760224101886,58.0,0.0
51.73772283560738,57.0,0.0
51.74002614761738,56.0,0.0
51.743500433825886,57.0,0.0
51.750384920076115,56.0,0.0
51.76488686892265,57.0,0.0
51.778796158714876,56.0,0.0
51.784397156892894,57.0,0.0
51.78581140171353,56.0,0.0
51.786586814044966,55.0,0.0
51.78710023597638,56.0,0.0
51.78717324314194,57.0,0.0
51.79198161734496,58.0,0.0
51.79627790377489,59.0,0.0
51.796596077982755,60.0,0.0
51.80260979501822,61.0,0.0
51.808569846522985,62.0,0.0
51.81497979744357,61.0,0.0
51.82358061049568,62.0,0.0
51.83394745248456,63.0,0.0
51.83665310317339,64.0,0.0
51.83985332746728,63.0,0.0
51.841392745295316,62.0,0.0
51.843915305943334,63.0,0.0
51.844652785366065,64.0,0.0
51.84589837517507,63.0,0.0
51.85245475505545,64.0,0.0
51.85346206588718,63.0,0.0
51.85773419936866,62.0,0.0
51.86590578440487,63.0,0.0
51.86937409199135,62.0,0.0
51.87203093499845,63.0,0.0
51.87496003478624,64.0,0.0
51.88670131469412,65.0,0.0
51.88785862293621,64.0,0.0
51.88907398146735,65.0,0.0
51.8921502410016,66.0,0.0
51.899613146466606,65.0,0.0
51.9080145056783,66.0,0.0
51.91217705660514,67.0,0.0
51.91837090087081,68.0,0.0
51.92399874109587,67.0,0.0
51.93904792636651,68.0,0.0
51.940507117212796,69.0,0.0
51.94366343685257,70.0,0.0
51.94964480679495,71.0,0.0
51.949854291509276,72.0,0.0
51.95693892797527,73.0,0.0
51.95722109164793,72.0,0.0
51.95874500235611,73.0,0.0
51.95930450878043,74.0,0.0
51.97316528337189,75.0,0.0
51.97620653379724,74.0,0.0
51.978386210772676,73.0,0.0
51.987399071583376,72.0,0.0
51.98904516536346,71.0,0.0
51.99237218625513,70.0,0.0
51.99345806879546,71.0,0.0
51.994467640609216,72.0,0.0
51.998251255773795,71.0,0.0
52.00203656387965,70.0,0.0
52.01921375495648,69.0,0.0
52.026747558741434,70.0,0.0
52.033903764283636,71.0,0.0
52.038460629819625,70.0,0.0
52.04047585541463,71.0,0.0
52.04370164300636,72.0,0.0
52.044389384499404,73.0,0.0
52.05079630665133,74.0,0.0
52.05530871291678,75.0,0.0
52.072304782847056,74.0,0.0
52.074116687665075,75.0,0.0
52.07646147548742,76.0,0.0
52.07759274925618,77.0,0.0
52.077799205674445,76.0,0.0
52.08214190232757,77.0,0.0
52.09557310874855,78.0,0.0
52.097822325999225,79.0,0.0
52.09797004536297,78.0,0.0
52.09798939751629,79.0,0.0
52.10280203694102,80.0,0.0
52.109565067674076,81.0,0.0
52.11157095567861,82.0,0.0
52.11261531981775,81.0,0.0
52.114039110777775,80.0,0.0
52.11867775203389,81.0,0.0
52.12001627016538,82.0,0.0
52.122866583767596,83.0,0.0
52.12453542344431,82.0,0.0
52.1251309127633,81.0,0.0
52.12647706825131,80.0,0.0
52.13474109060931,81.0,0.0
52.137336132050876,82.0,0.0
52.141043356785495,83.0,0.0
52.15362502677684,82.0,0.0
52.167843942542696,83.0,0.0
52.17793485036866,82.0,0.0
52.18218916055731,83.0,0.0
52.183463366913664,82.0,0.0
52.18405659132825,83.0,0.0
52.18839380208814,82.0,0.0
52.19541613386903,81.0,0.0
52.19669953343058,82.0,0.0
52.198631307236,81.0,0.0
52.203237521997465,82.0,0.0
52.20408391754417,81.0,0.0
52.207026555632794,82.0,0.0
52.21036300116606,83.0,0.0
52.21397336619783,82.0,0.0
52.2146069700412,83.0,0.0
52.2229271493424,82.0,0.0
52.22686632458688,81.0,0.0
52.227536878947305,82.0,0.0
52.24421764439943,81.0,0.0
52.245156988317845,82.0,0.0
52.245435804685975,81.0,0.0
52.245711080936616,80.0,0.0
52.25656257596487,81.0,0.0
52.25665999084272,82.0,0.0
52.25981071519147,81.0,0.0
52.262004646022206,82.0,0.0
52.26253264205776,81.0,0.0
52.26940734089813,82.0,0.0
52.27925527453538,81.0,0.0
52.28721543482227,80.0,0.0
52.287976189105215,81.0,0.0
52.28890407962893,80.0,0.0
52.2966719697656,81.0,0.0
52.30221932698065,80.0,0.0
52.305880662605084,81.0,0.0
52.322093704135135,82.0,0.0
52.33076107037731,83.0,0.0
52.34993135440699,82.0,0.0
52.351223157863274,83.0,0.0
52.35756688317339,82.0,0.0
52.358458312026066,81.0,0.0
52.36003141137735,80.0,0.0
52.36265448301614,79.0,0.0
52.368977689762765,78.0,0.0
52.37051343374574,77.0,0.0
52.375767238329814,76.0,0.0
52.37589314288948,75.0,0.0
52.38697833988414,74.0,0.0
52.389413294222535,75.0,0.0
52.396683138104045,76.0,0.0
52.40138159801758,75.0,0.0
52.40142812515713,74.0,0.0
52.40923161044489,73.0,0.0
52.4106608261325,74.0,0.0
52.412247208282835,75.0,0.0
52.42989773059272,76.0,0.0
52.440368352105196,77.0,0.0
52.44752658266871,78.0,0.0
52.447991854821154,77.0,0.0
52.4546177647786,76.0,0.0
52.45812117767472,77.0,0.0
52.459540261050776,78.0,0.0
52.46063617575733,77.0,0.0
52.47422423331789,76.0,0.0
52.4761235778139,77.0,0.0
52.477037989874404,78.0,0.0
52.478300835007495,79.0,0.0
52.47907591172764,78.0,0.0
52.48126044721456,77.0,0.0
52.48986556333802,78.0,0.0
52.493968789904066,77.0,0.0
52.500362762791674,78.0,0.0
52.50648932772901,79.0,0.0
52.50664858025969,78.0,0.0
52.50953308992899,77.0,0.0
52.521117232463695,78.0,0.0
52.526800821906384,79.0,0.0
52.53063636812402,80.0,0.0
52.533606264304176,81.0,0.0
52.543578439644236,82.0,0.0
52.543641734911574,81.0,0.0
52.543945438788285,82.0,0.0
52.546379963215735,83.0,0.0
52.554390223697936,82.0,0.0
52.56057914521276,83.0,0.0
52.5679856629477,84.0,0.0
52.56812513455033,83.0,0.0
52.576751856524716,84.0,0.0
52.57846671704102,85.0,0.0
52.57888448490839,86.0,0.0
52.58008429502813,85.0,0.0
52.59272809180484,86.0,0.0
52.59458674287135,85.0,0.0
52.59667111954959,86.0,0.0
52.606244083780695,87.0,0.0
52.608647434867336,88.0,0.0
52.61039542128751,87.0,0.0
52.61761549623946,86.0,0.0
52.62720530970403,87.0,0.0
52.6276249017708,86.0,0.0
52.63977039659573,87.0,0.0
52.645952205535686,88.0,0.0
52.64799435097477,89.0,0.0
52.653576467835826,90.0,0.0
52.659719031998364,89.0,0.0
52.66632685258914,90.0,0.0
52.66645820085987,89.0,0.0
52.66676789978023,88.0,0.0
52.671220994941464,89.0,0.0
52.67529303239836,90.0,0.0
52.675336143304285,91.0,0.0
52.68319901187403,90.0,0.0
52.687907545562226,91.0,0.0
52.696044045409245,92.0,0.0
52.70132354953031,91.0,0.0
52.71705816008158,92.0,0.0
52.7170837947362,93.0,0.0
52.72674012960031,92.0,0.0
52.732658520024,93.0,0.0
52.7375295928273,94.0,0.0
52.75031975439656,95.0,0.0
52.750346354639305,96.0,0.0
52.75289524533762,97.0,0.0
52.75477289103467,98.0,0.0
52.757424988604136,99.0,0.0
52.76118704089848,100.0,0.0
52.77467679038724,99.0,0.0
52.78217347855882,100.0,0.0
52.78268935160603,101.0,0.0
52.78841522107075,100.0,0.0
52.79300530996123,101.0,0.0
52.79315815859913,102.0,0.0
52.79946776151773,103.0,0.0
52.81347671496806,104.0,0.0
52.82078192689427,105.0,0.0
52.83187201163698,104.0,0.0
52.834530403140214,103.0,0.0
52.840471179599824,104.0,0.0
52.84235238452915,103.0,0.0
52.84535791274527,104.0,0.0
52.85176095485853,103.0,0.0
52.85339110521645,102.0,0.0
52.85668254685083,103.0,0.0
52.8593953558108,102.0,0.0
52.86087876914272,103.0,0.0
52.86395344580352,104.0,0.0
52.882472840409754,105.0,0.0
52.884736127064265,104.0,0.0
52.89301751011358,105.0,0.0
52.89301974400148,104.0,0.0
52.900776223095406,103.0,0.0
52.914740799826966,102.0,0.0
52.91647033313739,101.0,0.0
52.91831919076005,102.0,0.0
52.93062300062895,101.0,0.0
52.93376199860957,102.0,0.0
52.935004007591644,101.0,0.0
52.94712959918195,102.0,0.0
52.956245417590736,101.0,0.0
52.957093955800694,102.0,0.0
52.973479617092735,101.0,0.0
52.97458064323433,102.0,0.0
52.9750367689338,103.0,0.0
52.975166553190114,104.0,0.0
52.97904751570466,105.0,0.0
52.98133013368437,104.0,0.0
52.982160319206,103.0,0.0
52.98789633862269,104.0,0.0
52.990358451952446,105.0,0.0
53.009005554648624,106.0,0.0
53.00932213082634,107.0,0.0
53.00936053755674,106.0,0.0
53.00981537629357,105.0,0.0
53.010262211267616,104.0,0.0
53.04988408052588,105.0,0.0
53.051442875898815,106.0,0.0
53.05496326869315,105.0,0.0
53.05531941033827,104.0,0.0
53.059913999649886,103.0,0.0
53.06319932780227,102.0,0.0
53.0707940347875,103.0,0.0
53.072390310323335,102.0,0.0
53.07330271926986,101.0,0.0
53.07612211136203,102.0,0.0
53.077818466547214,101.0,0.0
53.08080064518432,102.0,0.0
53.08093431044604,101.0,0.0
53.09409964944882,102.0,0.0
53.09502100535543,101.0,0.0
53.09599081338986,102.0,0.0
53.09893075611647,103.0,0.0
53.10109856473674,102.0,0.0
53.104951874223545,103.0,0.0
53.107014900663344,104.0,0.0
53.10847339944382,105.0,0.0
53.11068859241392,106.0,0.0
53.11609963528259,107.0,0.0
53.12384560877985,106.0,0.0
53.12516801425171,105.0,0.0
53.12522748462507,106.0,0.0
53.1275664543414,105.0,0.0
53.13337199118652,106.0,0.0
53.13875213019013,105.0,0.0
53.15316385301701,106.0,0.0
53.153455289517865,105.0,0.0
53.153694209379154,106.0,0.0
53.167121265280414,107.0,0.0
53.17297211845846,106.0,0.0
53.180384219175544,105.0,0.0
53.18176057987494,106.0,0.0
53.18286298182293,107.0,0.0
53.19099261666911,106.0,0.0
53.20643169415735,107.0,0.0
53.20970289219076,108.0,0.0
53.2145782939702,109.0,0.0
53.22188500335113,110.0,0.0
53.22468576553895,111.0,0.0
53.23231735429948,110.0,0.0
53.23327304960082,109.0,0.0
53.23778509580594,108.0,0.0
53.24139030287051,109.0,0.0
53.24277043324469,110.0,0.0
53.24332346621958,111.0,0.0
53.244985910765166,110.0,0.0
53.25321142764894,109.0,0.0
53.25917989252606,108.0,0.0
53.26111832674982,109.0,0.0
53.271684025872155,110.0,0.0
53.27563637019702,111.0,0.0
53.27994520653772,112.0,0.0
53.284469710093475,111.0,0.0
53.2910484123173,112.0,0.0
53.29946411809121,113.0,0.0
53.29998061169872,114.0,0.0
53.300063652062946,113.0,0.0
53.30943857512844,114.0,0.0
53.31355230673888,113.0,0.0
53.314266061885974,112.0,0.0
53.318971930355914,113.0,0.0
53.32055128833217,112.0,0.0
53.32601624575397,113.0,0.0
53.328568901248524,114.0,0.0
53.336427317403505,115.0,0.0
53.337761648451604,116.0,0.0
53.340304647122245,117.0,0.0
53.345102612498394,116.0,0.0
53.345934025031454,117.0,0.0
53.35449722548422,116.0,0.0
53.355328180703076,117.0,0.0
53.35924554289754,118.0,0.0
53.35960271693814,117.0,0.0
53.364008717217864,118.0,0.0
53.36951418671938,117.0,0.0
53.3727801214869,116.0,0.0
53.38445106815238,117.0,0.0
53.386748746626594,118.0,0.0
53.39705373803436,119.0,0.0
53.39804577195535,120.0,0.0
53.3982452164159,119.0,0.0
53.40899044434902,118.0,0.0
53.42375417608928,117.0,0.0
53.42437004231255,118.0,0.0
53.425529317702996,119.0,0.0
53.43063973564931,118.0,0.0
53.43961128972321,119.0,0.0
53.44117985933268,120.0,0.0
53.45602211714761,119.0,0.0
53.45964668621589,118.0,0.0
53.46405702030635,117.0,0.0
53.47228564670721,116.0,0.0
53.47364027932092,115.0,0.0
53.47710448596217,116.0,0.0
53.48344895544539,117.0,0.0
53.49192792126438,118.0,0.0
53.49338481081031,119.0,0.0
53.49375533796298,120.0,0.0
53.49928912299566,121.0,0.0
53.50435467100632,122.0,0.0
53.50568571996564,123.0,0.0
53.50583576583919,124.0,0.0
53.53290467826507,125.0,0.0
53.54938028424861,124.0,0.0
53.55334543927756,125.0,0.0
53.56006549220135,124.0,0.0
53.56235054477721,123.0,0.0
53.5700623042515,122.0,0.0
53.570652348791334,121.0,0.0
53.57409637354674,122.0,0.0
53.59432594120041,123.0,0.0
53.597587716891276,124.0,0.0
53.59903546295179,123.0,0.0
53.60256272943577,122.0,0.0
53.602927912494614,121.0,0.0
53.603517359392484,122.0,0.0
53.60761651690666,121.0,0.0
53.60974229146724,122.0,0.0
53.61255974737485,123.0,0.0
53.61341818467213,124.0,0.0
53.620711758233696,123.0,0.0
53.62102863183053,122.0,0.0
53.62498709533975,123.0,0.0
53.63587490006282,124.0,0.0
53.63727194462979,123.0,0.0
53.640451536615394,124.0,0.0
53.64771858275569,123.0,0.0
53.651410576946404,122.0,0.0
53.65230416271848,123.0,0.0
53.65328916329045,122.0,0.0
53.6573067260828,123.0,0.0
53.6675657280858,122.0,0.0
53.67016592128482,123.0,0.0
53.67237886928078,122.0,0.0
53.67821881072567,123.0,0.0
53.68937436321855,124.0,0.0
53.69045545111718,123.0,0.0
53.69228966195608,124.0,0.0
53.69462933040848,125.0,0.0
53.69771194653609,126.0,0.0
53.700123747925566,127.0,0.0
53.71543957106115,126.0,0.0
53.726722398659724,125.0,0.0
53.73189333965473,126.0,0.0
53.73259238762321,127.0,0.0
53.745823188848966,128.0,0.0
53.74930807632006,129.0,0.0
53.749913366052404,130.0,0.0
53.75097639859141,129.0,0.0
53.756359119865266,130.0,0.0
53.7577809608578,131.0,0.0
53.76346567504671,130.0,0.0
53.764036320704385,131.0,0.0
53.76729054299154,130.0,0.0
53.76806337437255,131.0,0.0
53.78913993524604,130.0,0.0
53.794641781559825,129.0,0.0
53.79835994016754,128.0,0.0
53.80560707703797,129.0,0.0
53.81499168900487,130.0,0.0
53.823813554066966,129.0,0.0
53.82643317762385,128.0,0.0
53.830744049640906,129.0,0.0
53.835984285830584,130.0,0.0
53.83929832263314,131.0,0.0
53.839547427509714,130.0,0.0
53.845190586305144,129.0,0.0
53.84674281104574,130.0,0.0
53.862964698034496,129.0,0.0
53.87305992578684,128.0,0.0
53.88308913787951,127.0,0.0
53.883492995041344,126.0,0.0
53.89781498056133,127.0,0.0
53.90351174690919,128.0,0.0
53.90519388891918,127.0,0.0
53.905955925422816,128.0,0.0
53.91221595725968,127.0,0.0
53.91418947310447,126.0,0.0
53.91669330916884,127.0,0.0
53.91692562347806,126.0,0.0
53.921205427428454,125.0,0.0
53.92796863406373,126.0,0.0
53.93016749259303,125.0,0.0
53.93238109348555,126.0,0.0
53.94454985512817,125.0,0.0
53.94566225355085,124.0,0.0
53.94585321354057,125.0,0.0
53.95065959182852,124.0,0.0
53.95199599806682,125.0,0.0
53.956353556787406,126.0,0.0
53.96215948651014,127.0,0.0
53.96414882298496,128.0,0.0
53.96572941808255,127.0,0.0
53.971483350383096,126.0,0.0
53.97416001884575,127.0,0.0
53.978683669830545,126.0,0.0
53.98687537877049,125.0,0.0
53.99319741715428,126.0,0.0
54.012814626069215,127.0,0.0
54.02024730627733,128.0,0.0
54.04263119093349,129.0,0.0
54.055405803827675,130.0,0.0
54.05897834594042,131.0,0.0
54.064695514426965,132.0,0.0
54.08562247901345,133.0,0.0
54.10668608117815,134.0,0.0
54.10694833898144,133.0,0.0
54.11013838209121,132.0,0.0
54.110417872410316,131.0,0.0
54.11868013145452,130.0,0.0
54.12685336961552,131.0,0.0
54.137200727068794,132.0,0.0
54.13735968681436,133.0,0.0
54.14398065410607,134.0,0.0
54.14435433710865,135.0,0.0
54.147911188372795,134.0,0.0
54.1488839799292,133.0,0.0
54.15431133359564,134.0,0.0
54.155011269722415,135.0,0.0
54.16029485524067,136.0,0.0
54.16173267544475,137.0,0.0
54.16840666646691,136.0,0.0
54.172837752637044,137.0,0.0
54.18193905027631,138.0,0.0
54.18284506004632,139.0,0.0
54.18810910387096,138.0,0.0
54.19576128375569,139.0,0.0
54.19910567476097,138.0,0.0
54.2031310673203,139.0,0.0
54.205462872035326,140.0,0.0
54.21153303310825,141.0,0.0
54.21781175710397,142.0,0.0
54.218860866369134,143.0,0.0
54.23737326265767,144.0,0.0
54.24028703770897,145.0,0.0
54.25167491693053,144.0,0.0
54.25211039964614,145.0,0.0
54.25866901175914,146.0,0.0
54.26067725531688,145.0,0.0
54.26481011918629,144.0,0.0
54.27645372378846,145.0,0.0
54.276894457573775,144.0,0.0
54.280750022075466,143.0,0.0
54.28590232935867,144.0,0.0
54.29921562276414,145.0,0.0
54.30478103130951,146.0,0.0
54.30912898814963,145.0,0.0
54.310998189227085,144.0,0.0
54.31353847863119,145.0,0.0
54.32168741701488,146.0,0.0
54.33080606656051,145.0,0.0
54.33927563596911,144.0,0.0
54.339317995550246,145.0,0.0
54.34103254897121,144.0,0.0
54.34410306661387,145.0,0.0
54.34464791701217,146.0,0.0
54.34481007517955,145.0,0.0
54.34585068269031,144.0,0.0
54.34646855023302,143.0,0.0
54.35326507576104,144.0,0.0
54.35552216519758,143.0,0.0
54.36079142852347,142.0,0.0
54.361374127076985,141.0,0.0
54.36378752128627,140.0,0.0
54.36479530533934,141.0,0.0
54.36482511077551,142.0,0.0
54.36715307185224,141.0,0.0
54.37310398087443,140.0,0.0
54.379349158673485,141.0,0.0
54.38286900210602,140.0,0.0
54.38767796766375,141.0,0.0
54.396336131554754,140.0,0.0
54.40376307149145,139.0,0.0
54.410064966839016,140.0,0.0
54.425236510600655,141.0,0.0
54.42535416420282,140.0,0.0
54.43040741657436,139.0,0.0
54.43202527839676,138.0,0.0
54.44673277144622,139.0,0.0
54.45096944880324,140.0,0.0
54.460695494254395,141.0,0.0
54.46246593017806,142.0,0.0
54.46351946328673,143.0,0.0
54.465311287677,144.0,0.0
54.46940888079117,143.0,0.0
54.48328775523253,142.0,0.0
54.49145455241432,141.0,0.0
54.499567713137445,140.0,0.0
54.50048602548641,141.0,0.0
54.51376099583207,142.0,0.0
54.52238816151078,143.0,0.0
54.53078178229164,142.0,0.0
54.54107679940408,143.0,0.0
54.542686160688376,144.0,0.0
54.54682507569092,145.0,0.0
54.55132235565621,144.0,0.0
54.56590448529711,145.0,0.0
54.57729603752024,144.0,0.0
54.58057296357225,143.0,0.0
54.59322286001087,142.0,0.0
54.59918246615765,143.0,0.0
54.60056807601803,142.0,0.0
54.60592217017885,143.0,0.0
54.608081432369985,142.0,0.0
54.60918200367697,143.0,0.0
54.61595087608243,142.0,0.0
54.619843117225294,141.0,0.0
54.62131852918654,142.0,0.0
54.63625986292006,143.0,0.0
54.63948108732665,142.0,0.0
54.64419071838681,143.0,0.0
54.64496113820802,144.0,0.0
54.65305358727677,145.0,0.0
54.656352555876154,146.0,0.0
54.66777881188629,145.0,0.0
54.66942195605964,144.0,0.0
54.674259553026,145.0,0.0
54.675538947972086,146.0,0.0
54.677031400071236,147.0,0.0
54.68278715398947,148.0,0.0
54.68309866192525,147.0,0.0
54.68657886633369,146.0,0.0
54.6894970961637,145.0,0.0
54.69725431250618,144.0,0.0
54.702436613556266,143.0,0.0
54.70803788366684,142.0,0.0
54.71659055268603,143.0,0.0
54.71689734347535,144.0,0.0
54.71986665350006,145.0,0.0
54.72394938053597,144.0,0.0
54.73360272445866,145.0,0.0
54.73898988409831,144.0,0.0
54.741100222909274,143.0,0.0
54.74548334930874,144.0,0.0
54.746804003439216,145.0,0.0
54.74831326943296,144.0,0.0
54.74867473158853,143.0,0.0
54.75134258526268,142.0,0.0
54.76097239384461,143.0,0.0
54.767616470285425,142.0,0.0
54.78838425740363,141.0,0.0
54.792698522490284,142.0,0.0
54.79800783666638,143.0,0.0
54.7999184249258,144.0,0.0
54.81009066219545,145.0,0.0
54.81699032737672,146.0,0.0
54.81735543127049,145.0,0.0
54.82118677988418,146.0,0.0
54.829448929095875,147.0,0.0
54.836331686172876,146.0,0.0
54.83658444962935,147.0,0.0
54.839762171866084,148.0,0.0
54.8467899976393,147.0,0.0
54.853592178235075,148.0,0.0
54.855899934329386,149.0,0.0
54.857091217311606,148.0,0.0
54.86005345082686,147.0,0.0
54.86251839913615,148.0,0.0
54.867034017328294,149.0,0.0
54.871106256386255,148.0,0.0
54.872977458085025,147.0,0.0
54.87737615107582,148.0,0.0
54.878617809731345,147.0,0.0
54.885908241414974,146.0,0.0
54.89436724146085,147.0,0.0
54.8962425616273,146.0,0.0
54.900507809372876,147.0,0.0
54.90611871469451,146.0,0.0
54.912713466599975,147.0,0.0
54.92107544046454,146.0,0.0
54.92325797205803,145.0,0.0
54.926918644659914,146.0,0.0
54.94079293508554,145.0,0.0
54.944575891078074,146.0,0.0
54.94836498174308,147.0,0.0
54.96749087575184,148.0,0.0
54.99241166345246,147.0,0.0
54.99821075070671,148.0,0.0
55.000493200489586,149.0,0.0
55.010005816615596,148.0,0.0
55.011062083148985,149.0,0.0
55.02743836391388,150.0,0.0
55.029103544035635,149.0,0.0
55.030535295977195,150.0,0.0
55.037371199090146,151.0,0.0
55.0422158782929,152.0,0.0
55.05698846479251,151.0,0.0
55.05752284006289,152.0,0.0
55.06308658921043,153.0,0.0
55.07364713932377,154.0,0.0
55.07859638527428,153.0,0.0
55.07999231289789,152.0,0.0
55.08184520050429,153.0,0.0
55.08759387958914,154.0,0.0
55.0922186797057,153.0,0.0
55.093569322350966,152.0,0.0
55.100633468465865,151.0,0.0
55.102831319530424,150.0,0.0
55.10426564327196,151.0,0.0
55.1137296551185,152.0,0.0
55.11506441607701,153.0,0.0
55.11862460499026,154.0,0.0
55.12154518949274,153.0,0.0
55.1228357623871,154.0,0.0
55.134382500223715,155.0,0.0
55.136301161298356,156.0,0.0
55.14255569672339,155.0,0.0
55.14389764075684,156.0,0.0
55.1544019749801,155.0,0.0
55.164554378273095,156.0,0.0
55.17049970961174,157.0,0.0
55.181136525860886,158.0,0.0
55.182789060428135,157.0,0.0
55.18585154376997,158.0,0.0
55.18666437675797,159.0,0.0
55.18776194386816,158.0,0.0
55.19579655223071,159.0,0.0
55.21013203509905,160.0,0.0
55.217505606214125,159.0,0.0
55.2277065476768,158.0,0.0
55.248843131435784,159.0,0.0
55.256027153756555,158.0,0.0
55.26043230987554,159.0,0.0
55.263132637434396,160.0,0.0
55.27223142195683,159.0,0.0
55.27372288119456,160.0,0.0
55.2740970755365,161.0,0.0
55.27533574132123,162.0,0.0
55.298658574663,161.0,0.0
55.30976955014923,160.0,0.0
55.31035321019395,161.0,0.0
55.3442121358104,162.0,0.0
55.349983638121536,163.0,0.0
55.3532704369592,162.0,0.0
55.35821371763468,161.0,0.0
55.37384578134253,160.0,0.0
55.38956814594661,161.0,0.0
55.39139352750984,160.0,0.0
55.39474203471872,159.0,0.0
55.39522850105575,158.0,0.0
55.39606062591186,159.0,0.0
55.39842723488345,158.0,0.0
55.403246394985196,159.0,0.0
55.40508763654589,160.0,0.0
55.40730887903543,161.0,0.0
55.4079762132802,160.0,0.0
55.415406171058365,159.0,0.0
55.43586012923789,160.0,0.0
55.439448248333704,161.0,0.0
55.442975868231805,162.0,0.0
55.4453944918994,163.0,0.0
55.44587607384733,162.0,0.0
55.45256577242234,161.0,0.0
55.45824790565516,160.0,0.0
55.45894235634088,159.0,0.0
55.46281131759479,158.0,0.0
55.46356243014305,157.0,0.0
55.476404732949405,156.0,0.0
55.48169767081568,157.0,0.0
55.483744208775065,156.0,0.0
55.48854321172794,157.0,0.0
55.49117339365003,158.0,0.0
55.494959721761845,159.0,0.0
55.49815209041431,158.0,0.0
55.5009393154582,159.0,0.0
55.50962995391275,158.0,0.0
55.51203614675894,159.0,0.0
55.51211013224508,160.0,0.0
55.54919838717199,161.0,0.0
55.55077712408279,162.0,0.0
55.55942562771388,163.0,0.0
55.56215569201961,162.0,0.0
55.56811526135344,161.0,0.0
55.57082746838788,160.0,0.0
55.57220836505946,159.0,0.0
55.583899577618645,158.0,0.0
55.58418109832303,159.0,0.0
55.59013464494389,160.0,0.0
55.59419514516527,159.0,0.0
55.60658708855685,160.0,0.0
55.60716829136909,161.0,0.0
55.6118355990422,162.0,0.0
55.6241525237813,163.0,0.0
55.624790268281785,164.0,0.0
55.6297567039774,165.0,0.0
55.6384839846286,164.0,0.0
55.64505013101757,165.0,0.0
55.66452240776834,164.0,0.0
55.671884817142924,163.0,0.0
55.673768508723654,162.0,0.0
55.67654976469119,163.0,0.0
55.67698396901849,162.0,0.0
55.68593832663371,161.0,0.0
55.687494030368526,162.0,0.0
55.68797754802022,161.0,0.0
55.696604107301326,162.0,0.0
55.70135986398141,163.0,0.0
55.71274016405874,164.0,0.0
55.7163892676803,163.0,0.0
55.72080563712558,162.0,0.0
55.72628246209532,161.0,0.0
55.74195070734851,162.0,0.0
55.74248161919432,163.0,0.0
55.748945885215576,162.0,0.0
55.75114516811357,161.0,0.0
55.7527300394186,160.0,0.0
55.75349023597606,159.0,0.0
55.76376124966749,158.0,0.0
55.765886216454774,157.0,0.0
55.769716466579645,158.0,0.0
55.776037736668115,159.0,0.0
55.79902745550254,160.0,0.0
55.800168371654784,159.0,0.0
55.81641708894303,158.0,0.0
55.82021357805848,159.0,0.0
55.832078069056614,158.0,0.0
55.85834204134503,159.0,0.0
55.87151459937739,158.0,0.0
55.871962998466095,157.0,0.0
55.88981731313661,156.0,0.0
55.89918173355922,157.0,0.0
55.90268131557478,156.0,0.0
55.914269080291604,157.0,0.0
55.914428004697555,156.0,0.0
55.92419264674476,157.0,0.0
55.937224722971166,156.0,0.0
55.94284691315915,155.0,0.0
55.9483271462441,154.0,0.0
55.955877976613635,153.0,0.0
55.957072130428124,152.0,0.0
55.958665519889195,153.0,0.0
55.96730233859159,152.0,0.0
55.96884746529871,151.0,0.0
55.97433133622968,150.0,0.0
55.97674567169773,151.0,0.0
55.99579719755957,152.0,0.0
55.998592107251696,153.0,0.0
55.99899139359472,152.0,0.0
56.00102272090392,151.0,0.0
56.003508692706546,152.0,0.0
56.00410907304915,151.0,0.0
56.00421970567983,152.0,0.0
56.007384251717994,153.0,0.0
56.008483940272775,152.0,0.0
56.01272961432934,151.0,0.0
56.01486748081659,150.0,0.0
56.01834775488712,149.0,0.0
56.0187837037556,150.0,0.0
56.021492649302225,151.0,0.0
56.02248972138666,152.0,0.0
56.03484144442815,151.0,0.0
56.03495883089965,150.0,0.0
56.03635038037272,151.0,0.0
56.037844737008605,150.0,0.0
56.04119068142342,149.0,0.0
56.043311549642716,148.0,0.0
56.06120081667791,147.0,0.0
56.08027782818304,146.0,0.0
56.08905187374762,147.0,0.0
56.10451964815075,146.0,0.0
56.110693619650135,147.0,0.0
56.12043291633631,148.0,0.0
56.130505719305475,147.0,0.0
56.13383104519538,146.0,0.0
56.15101628292336,147.0,0.0
56.15154457907052,146.0,0.0
56.15436055561526,145.0,0.0
56.16967406283923,144.0,0.0
56.17302968107224,145.0,0.0
56.186906011588775,146.0,0.0
56.189043249923245,147.0,0.0
56.192624787758106,146.0,0.0
56.21575587758054,147.0,0.0
56.215909505405506,146.0,0.0
56.216831824996675,147.0,0.0
56.23199462538741,148.0,0.0
56.25446431851501,147.0,0.0
56.281508233974044,148.0,0.0
56.298479588062705,147.0,0.0
56.30016101909994,146.0,0.0
56.30403761117594,145.0,0.0
56.31026611401467,144.0,0.0
56.31083065791036,143.0,0.0
56.32035097780228,142.0,0.0
56.33131373542313,141.0,0.0
56.33847252453906,142.0,0.0
56.33996557719643,143.0,0.0
56.34335092037078,142.0,0.0
56.34547015441058,141.0,0.0
56.3492024002626,140.0,0.0
56.35315928236845,141.0,0.0
56.358672579184024,142.0,0.0
56.36526548979143,141.0,0.0
56.365430079625014,142.0,0.0
56.36712090712065,143.0,0.0
56.38814000159651,142.0,0.0
56.391888065859476,141.0,0.0
56.40218096948514,140.0,0.0
56.40265039902,141.0,0.0
56.40363392201045,142.0,0.0
56.41547070732919,141.0,0.0
56.42227076539565,140.0,0.0
56.42600897559249,139.0,0.0
56.4315676642126,138.0,0.0
56.433430119297306,139.0,0.0
56.43360365349477,140.0,0.0
56.44463926458017,141.0,0.0
56.44617175712806,142.0,0.0
56.453685634443175,141.0,0.0
56.463836043063665,140.0,0.0
56.47372872047265,141.0,0.0
56.47443260175985,142.0,0.0
56.47619002817664,141.0,0.0
56.47679690244198,140.0,0.0
56.48200561831822,139.0,0.0
56.48571198546318,138.0,0.0
56.488588452899336,139.0,0.0
56.488718689039324,138.0,0.0
56.49140102855623,137.0,0.0
56.49504484141948,138.0,0.0
56.50576079055719,139.0,0.0
56.52013007569133,138.0,0.0
56.52180550091002,137.0,0.0
56.523099099817664,136.0,0.0
56.536202009884235,137.0,0.0
56.537537882535624,136.0,0.0
56.53758521514231,137.0,0.0
56.55190049545872,136.0,0.0
56.564566221353175,135.0,0.0
56.565080947272044,136.0,0.0
56.57420972556872,137.0,0.0
56.57787818032248,136.0,0.0
56.58325273949169,137.0,0.0
56.590391350871705,136.0,0.0
56.59209596928953,135.0,0.0
56.59915159030941,136.0,0.0
56.60160591486851,135.0,0.0
56.61093540543183,136.0,0.0
56.61245396083281,135.0,0.0
56.619034618360985,136.0,0.0
56.62494720873994,135.0,0.0
56.661083701074986,134.0,0.0
56.661653919626474,133.0,0.0
56.68230495025388,134.0,0.0
56.69030312974256,135.0,0.0
56.70320906043584,136.0,0.0
56.70921313923821,137.0,0.0
56.72259453619786,136.0,0.0
56.72392488874789,137.0,0.0
56.72595656147442,136.0,0.0
56.726767260276844,137.0,0.0
56.72977417296578,136.0,0.0
56.73507904329581,135.0,0.0
56.74718736090969,136.0,0.0
56.75129835938892,135.0,0.0
56.75666738048753,134.0,0.0
56.75717578084757,133.0,0.0
56.770418795819,132.0,0.0
56.77274670385549,131.0,0.0
56.778632058300786,132.0,0.0
56.78012027899376,133.0,0.0
56.78046669035905,132.0,0.0
56.78502553670825,133.0,0.0
56.78894875254597,132.0,0.0
56.80250408535533,133.0,0.0
56.80349215062827,134.0,0.0
56.803798873349336,133.0,0.0
56.80650048837683,134.0,0.0
56.80659176419518,133.0,0.0
56.80822484960754,132.0,0.0
56.818291795570936,131.0,0.0
56.82409923650853,132.0,0.0
56.824699599407815,131.0,0.0
56.82816359960474,132.0,0.0
56.83005220378056,131.0,0.0
56.83973588523819,130.0,0.0
56.84255961326983,129.0,0.0
56.843801096473605,128.0,0.0
56.855195512079824,129.0,0.0
56.86293458172787,128.0,0.0
56.86482581066488,129.0,0.0
56.86986693912866,130.0,0.0
56.870339030848314,131.0,0.0
56.870581758320924,132.0,0.0
56.87610335569479,131.0,0.0
56.8837486725786,130.0,0.0
56.89144238832117,131.0,0.0
56.90027161211789,130.0,0.0
56.9106083463045,131.0,0.0
56.9164165741829,132.0,0.0
56.916495651530695,131.0,0.0
56.916586384401384,132.0,0.0
56.922327539183435,131.0,0.0
56.92844765762602,132.0,0.0
56.93255925679563,133.0,0.0
56.93743067469663,132.0,0.0
56.943745379103646,131.0,0.0
56.944764053000455,130.0,0.0
56.94797880893261,131.0,0.0
56.95050591246815,132.0,0.0
56.96563829290041,131.0,0.0
56.97969514057096,130.0,0.0
56.9949874119078,131.0,0.0
57.01025997857884,130.0,0.0
57.02123253569164,129.0,0.0
57.025379021343134,128.0,0.0
57.040564543613804,127.0,0.0
57.044288886746436,126.0,0.0
57.057682586027,125.0,0.0
57.05895893651586,124.0,0.0
57.066573080265734,123.0,0.0
57.06731241509483,122.0,0.0
57.0709887397332,121.0,0.0
57.074341225925146,120.0,0.0
57.08317757603243,119.0,0.0
57.08524136879052,118.0,0.0
57.0903147189261,119.0,0.0
57.09213339001783,118.0,0.0
57.10534575294372,117.0,0.0
57.105666338605644,116.0,0.0
57.11365537144461,115.0,0.0
57.13101162410539,116.0,0.0
57.13632529495593,115.0,0.0
57.141378577822415,114.0,0.0
57.15184598760793,115.0,0.0
57.15783720796801,114.0,0.0
57.164841573933344,115.0,0.0
57.16846574980465,114.0,0.0
57.17135829487925,115.0,0.0
57.17880457517195,116.0,0.0
57.185802274194316,117.0,0.0
57.20411047594777,116.0,0.0
57.206329785683394,117.0,0.0
57.20820741503077,116.0,0.0
57.208911521019054,117.0,0.0
57.22121696363416,118.0,0.0
57.233129755837346,117.0,0.0
57.236439179536276,118.0,0.0
57.24559737780317,117.0,0.0
57.246605317858524,116.0,0.0
57.25383987772719,115.0,0.0
57.257246998707835,114.0,0.0
57.26357270647566,115.0,0.0
57.263627155559504,116.0,0.0
57.285704387976146,115.0,0.0
57.31578261306226,116.0,0.0
57.320811562753796,117.0,0.0
57.335492007999775,118.0,0.0
57.33626623550826,119.0,0.0
57.33935340235008,118.0,0.0
57.350719880715765,117.0,0.0
57.378363825213704,118.0,0.0
57.38289542987701,117.0,0.0
57.385867810854016,118.0,0.0
57.38588907316751,117.0,0.0
57.3944830481618,118.0,0.0
57.394511494921645,117.0,0.0
57.406048816853776,118.0,0.0
57.419405819141936,117.0,0.0
57.43560713799894,118.0,0.0
57.43804023804234,117.0,0.0
57.44193811287946,116.0,0.0
57.442412295921386,117.0,0.0
57.44592125740229,118.0,0.0
57.45703278846947,117.0,0.0
57.46434996108839,116.0,0.0
57.468010027516215,115.0,0.0
57.471398633581956,116.0,0.0
57.47555873586036,115.0,0.0
57.48884261581581,116.0,0.0
57.495769095923855,117.0,0.0
57.49830942418281,116.0,0.0
57.521866622054226,117.0,0.0
57.525885132205715,116.0,0.0
57.52643626813661,117.0,0.0
57.54273791623487,116.0,0.0
57.56866307938229,115.0,0.0
57.57923297229094,114.0,0.0
57.57940465823536,115.0,0.0
57.590421290657915,114.0,0.0
57.5991052470456,113.0,0.0
57.61046976894724,114.0,0.0
57.61204283649793,115.0,0.0
57.62893056413097,116.0,0.0
57.63010072520363,117.0,0.0
57.630223180907095,116.0,0.0
57.63725819921619,115.0,0.0
57.64625681591744,114.0,0.0
57.67567096427906,113.0,0.0
57.680854327576775,112.0,0.0
57.68662446933103,111.0,0.0
57.69706182459674,112.0,0.0
57.70145803613226,113.0,0.0
57.72689726161382,114.0,0.0
57.72739892740148,113.0,0.0
57.73627390152903,114.0,0.0
57.75157289311483,113.0,0.0
57.75213515236289,112.0,0.0
57.75249357299624,113.0,0.0
57.75311504569125,112.0,0.0
57.761625240118605,113.0,0.0
57.76633478894216,112.0,0.0
57.76973340547673,113.0,0.0
57.77098494271455,114.0,0.0
57.780218106377525,113.0,0.0
57.78105190721302,112.0,0.0
57.78419056960093,111.0,0.0
57.788345218320735,110.0,0.0
57.8050041251156,109.0,0.0
57.80504885890913,110.0,0.0
57.80640503119388,109.0,0.0
57.80659006289208,108.0,0.0
57.81176276832725,109.0,0.0
57.821786458389845,110.0,0.0
57.82210045012254,109.0,0.0
57.8339392095103,108.0,0.0
57.84259726637065,107.0,0.0
57.844748488280636,108.0,0.0
57.84546892231706,107.0,0.0
57.85862673983449,106.0,0.0
57.868631276776256,105.0,0.0
57.870788942062894,106.0,0.0
57.879850599928034,107.0,0.0
57.88074219516511,106.0,0.0
57.89205996728429,105.0,0.0
57.89846888579526,104.0,0.0
57.91346834451291,105.0,0.0
57.91438339768227,104.0,0.0
57.92208117379313,105.0,0.0
57.92239396986105,104.0,0.0
57.93607628053393,103.0,0.0
57.94011747784241,102.0,0.0
57.941495640426254,101.0,0.0
57.94153165738702,102.0,0.0
57.94983825883212,103.0,0.0
57.95164770168025,104.0,0.0
57.95692048248634,103.0,0.0
57.957860450553774,104.0,0.0
57.96243778950072,103.0,0.0
57.97196076007624,102.0,0.0
57.98130491934786,101.0,0.0
57.98390718951774,102.0,0.0
57.987346171760365,103.0,0.0
57.989546706831334,102.0,0.0
57.99178778647494,101.0,0.0
57.99709364559566,100.0,0.0
58.00671845352281,99.0,0.0
58.009904046394674,98.0,0.0
58.013643827184296,99.0,0.0
58.0154729385381,98.0,0.0
58.02316514093341,97.0,0.0
58.035777404268046,98.0,0.0
58.0383914907499,97.0,0.0
58.04271416161575,96.0,0.0
58.06161061169691,97.0,0.0
58.101053204734995,96.0,0.0
58.110832912978225,97.0,0.0
58.12004553597918,96.0,0.0
58.12232712916301,97.0,0.0
58.12540054453739,96.0,0.0
58.1378400807342,97.0,0.0
58.143180841001566,96.0,0.0
58.14847270205797,95.0,0.0
58.17477047077489,94.0,0.0
58.17860973398933,93.0,0.0
58.18632178381604,92.0,0.0
58.18642635385564,91.0,0.0
58.1942257690004,90.0,0.0
58.19588009109694,91.0,0.0
58.19675226003909,92.0,0.0
58.207740783751596,91.0,0.0
58.210033746421544,92.0,0.0
58.22440230777092,91.0,0.0
58.252021247636364,90.0,0.0
58.27811478825491,91.0,0.0
58.28241304014085,90.0,0.0
58.29222603857349,91.0,0.0
58.293221786689095,90.0,0.0
58.29487841389628,89.0,0.0
58.301257730294324,88.0,0.0
58.315871081576226,87.0,0.0
58.32237487951822,88.0,0.0
58.33119059968484,87.0,0.0
58.34407357006673,86.0,0.0
58.34813311722289,85.0,0.0
58.35296024003781,84.0,0.0
58.354313499190496,83.0,0.0
58.35556421670788,82.0,0.0
58.37103692076958,81.0,0.0
58.372936686816125,82.0,0.0
58.375321166094345,81.0,0.0
58.376293147652525,80.0,0.0
58.388519752937725,79.0,0.0
58.406319665002925,78.0,0.0
58.407251466091864,79.0,0.0
58.4137730414176,78.0,0.0
58.420477185785174,77.0,0.0
58.43451061419334,78.0,0.0
58.43527875013763,79.0,0.0
58.44075832304524,78.0,0.0
58.44840271992619,77.0,0.0
58.4614762869272,76.0,0.0
58.46947112376286,77.0,0.0
58.47173323968426,76.0,0.0
58.48664606114835,75.0,0.0
58.49289586392901,76.0,0.0
58.5034342632782,75.0,0.0
58.507013808499956,74.0,0.0
58.51183660473462,75.0,0.0
58.522052254611495,74.0,0.0
58.52337720829698,73.0,0.0
58.5249835422404,72.0,0.0
58.5339192261825,73.0,0.0
58.56934147150193,74.0,0.0
58.57014602393427,75.0,0.0
58.572524035022205,74.0,0.0
58.57950679449728,75.0,0.0
58.5847619175583,74.0,0.0
58.587688670305994,73.0,0.0
58.59806757960921,72.0,0.0
58.59874996674772,73.0,0.0
58.607182613192734,72.0,0.0
58.608729866474356,71.0,0.0
58.61182620726489,70.0,0.0
58.622778929060935,69.0,0.0
58.623338345637215,70.0,0.0
58.64211676882848,71.0,0.0
58.64652096710425,72.0,0.0
58.67478876805215,71.0,0.0
58.68413046323862,70.0,0.0
58.68835145645931,71.0,0.0
58.688928331202824,72.0,0.0
58.699710551372426,71.0,0.0
58.69998453251031,70.0,0.0
58.715112901520236,71.0,0.0
58.72007301996716,72.0,0.0
58.729782266272146,71.0,0.0
58.743004037077405,72.0,0.0
58.75724351005564,71.0,0.0
58.7661498692302,70.0,0.0
58.766959916678054,69.0,0.0
58.7726035108528,68.0,0.0
58.77631310468554,67.0,0.0
58.77992184608365,66.0,0.0
58.78222767095092,65.0,0.0
58.79371552537907,66.0,0.0
58.800693238098056,65.0,0.0
58.80473739256423,66.0,0.0
58.81407522144329,65.0,0.0
58.82637754103094,64.0,0.0
58.82891257213331,65.0,0.0
58.834474387198355,64.0,0.0
58.86496585046426,63.0,0.0
58.883149624339296,64.0,0.0
58.89114312265094,65.0,0.0
58.894131126443305,64.0,0.0
58.895187365885285,63.0,0.0
58.91132445738224,62.0,0.0
58.91300307932303,61.0,0.0
58.92626873515561,62.0,0.0
58.931489579633215,61.0,0.0
58.93268257097789,60.0,0.0
58.93308993701038,59.0,0.0
58.936213349133936,58.0,0.0
58.938076763882336,57.0,0.0
58.954491284473626,56.0,0.0
58.95657583393181,55.0,0.0
58.9570556134328,56.0,0.0
58.968914660081616,57.0,0.0
58.97375818059318,56.0,0.0
58.976342275854265,57.0,0.0
58.97680861986852,56.0,0.0
58.987540778492395,55.0,0.0
58.988526256896144,54.0,0.0
58.99861730857912,53.0,0.0
59.006001346394065,52.0,0.0
59.008857082763896,53.0,0.0
59.008883965970696,52.0,0.0
59.01027486538128,53.0,0.0
59.01693738361271,52.0,0.0
59.02689853315318,51.0,0.0
59.02990012628736,52.0,0.0
59.03862514727038,53.0,0.0
59.044423844802836,54.0,0.0
59.04701119468788,55.0,0.0
59.05039133615576,54.0,0.0
59.05512559607078,53.0,0.0
59.06729722469728,54.0,0.0
59.082713488900524,53.0,0.0
59.08336657666483,52.0,0.0
59.094065100291985,51.0,0.0
59.09797762345423,52.0,0.0
59.09902545989497,51.0,0.0
59.10155645215888,50.0,0.0
59.10163237190566,49.0,0.0
59.104937139506774,50.0,0.0
59.11830653551056,49.0,0.0
59.119672757703775,48.0,0.0
59.15047456396908,47.0,0.0
59.169087634458265,48.0,0.0
59.17437219951289,49.0,0.0
59.183446338531084,48.0,0.0
59.189334565563456,47.0,0.0
59.207083037772506,48.0,0.0
59.21255241273465,47.0,0.0
59.21384740467272,48.0,0.0
59.22659809895056,49.0,0.0
59.237999827136484,48.0,0.0
59.241245319651924,49.0,0.0
59.2429071834654,48.0,0.0
59.24619463792068,47.0,0.0
59.24879185381193,46.0,0.0
59.25085103189975,45.0,0.0
59.25241047658262,44.0,0.0
59.25349014159208,43.0,0.0
59.26016225135479,44.0,0.0
59.2761707136736,43.0,0.0
59.280165672621514,42.0,0.0
59.292261264464656,41.0,0.0
59.29540801158278,40.0,0.0
59.30695600304715,39.0,0.0
59.312519402980115,38.0,0.0
59.31815065291628,39.0,0.0
59.31990352716772,38.0,0.0
59.3225439389183,39.0,0.0
59.32662255493626,38.0,0.0
59.33457732558295,39.0,0.0
59.33709074025813,38.0,0.0
59.35297358655788,37.0,0.0
59.362664975951475,36.0,0.0
59.36426531908561,37.0,0.0
59.369627683198246,36.0,0.0
59.370788080943875,35.0,0.0
59.387252605596416,34.0,0.0
59.39616678810837,35.0,0.0
59.40319755055492,36.0,0.0
59.422087310619354,37.0,0.0
59.43221235107956,36.0,0.0
59.45095289401387,35.0,0.0
59.4514430500287,36.0,0.0
59.4553242714756,37.0,0.0
59.4650658526669,36.0,0.0
59.481963782774166,37.0,0.0
59.48607042811748,36.0,0.0
59.48624290498511,35.0,0.0
59.50534098894793,34.0,0.0
59.510911480263644,33.0,0.0
59.52960388269986,32.0,0.0
59.55089712445766,31.0,0.0
59.561241202472075,30.0,0.0
59.606485939152904,31.0,0.0
59.60828807244243,32.0,0.0
59.61035386826862,33.0,0.0
59.6190728786012,32.0,0.0
59.65826228449864,31.0,0.0
59.68349980146681,32.0,0.0
59.68628970151709,31.0,0.0
59.68810151544078,32.0,0.0
59.7065589208939,33.0,0.0
59.707837531072755,32.0,0.0
59.7093742273663,31.0,0.0
59.72463406859573,30.0,0.0
59.72634044178142,29.0,0.0
59.727264855248684,28.0,0.0
59.75341222070003,29.0,0.0
59.78441276307332,28.0,0.0
59.78683010126429,29.0,0.0
59.78978117759467,28.0,0.0
59.8014284775181,29.0,0.0
59.802887078213836,28.0,0.0
59.80976993700538,29.0,0.0
59.81704919031818,28.0,0.0
59.82460751801385,29.0,0.0
59.8254096638635,28.0,0.0
59.833916941042034,29.0,0.0
59.83834521499116,30.0,0.0
59.870959986786346,29.0,0.0
59.88403887797019,30.0,0.0
59.89055085070679,31.0,0.0
59.90378956435963,30.0,0.0
59.9046191684131,29.0,0.0
59.91016961082692,28.0,0.0
59.91467097579233,29.0,0.0
59.92408977173848,28.0,0.0
59.92924203995179,29.0,0.0
59.93319926260328,28.0,0.0
59.933651904532496,27.0,0.0
59.934008672224245,26.0,0.0
59.94759263557617,25.0,0.0
59.952816791563286,24.0,0.0
59.95370071223466,23.0,0.0
59.95592974881825,24.0,0.0
59.95855059008518,23.0,0.0
59.9639630107211,24.0,0.0
59.989021181651616,25.0,0.0
59.990705390826,24.0,0.0
59.99921999566271,23.0,0.0
60.004478472626225,22.0,0.0
60.015314102080836,21.0,0.0
60.03769486146106,20.0,0.0
60.06039642732247,19.0,0.0
60.08023415508222,18.0,0.0
60.0855133150699,17.0,0.0
60.08928798960095,18.0,0.0
60.09140631582873,17.0,0.0
60.09247895018054,16.0,0.0
60.11129739291673,15.0,0.0
60.12866468954785,14.0,0.0
60.12920304972194,13.0,0.0
60.13453679578994,12.0,0.0
60.169118714235275,13.0,0.0
60.18782808911499,12.0,0.0
60.196324774448165,11.0,0.0
60.20940911999529,12.0,0.0
60.24399239271095,13.0,0.0
60.255743736421735,12.0,0.0
60.26716273163116,11.0,0.0
60.28049491419099,10.0,0.0
60.28685690426517,9.0,0.0
60.28788602624689,8.0,0.0
60.291736579625955,7.0,0.0
60.2932330018523,6.0,0.0
60.29427846569213,5.0,0.0
60.305394313186405,6.0,0.0
60.31281636005707,5.0,0.0
60.31866451997025,6.0,0.0
60.31926680262277,5.0,0.0
60.31955242661949,4.0,0.0
60.3252263119468,3.0,0.0
60.32897873384746,2.0,0.0
60.32905604458836,1.0,0.0
60.33566311432851,2.0,0.0
60.33705751302525,1.0,0.0
60.343688208716,2.0,0.0
60.34635380937724,1.0,0.0
60.35287778664108,2.0,0.0
60.36672957115385,1.0,0.0
60.38005377641824,2.0,0.0
60.38266410786929,3.0,0.0
60.398405817068166,2.0,0.0
60.415512040649105,1.0,0.0
60.42843565292965,2.0,0.0
60.439548439072745,3.0,0.0
60.46330697396028,2.0,0.0
60.47264282920305,3.0,0.0
60.4810555193818,2.0,0.0
60.4957336732868,1.0,0.0
60.500969533475676,2.0,0.0
60.50154046969387,3.0,0.0
60.514816703556995,2.0,0.0
60.51640685378324,1.0,0.0
60.5226017293026,2.0,0.0
60.54184243335642,3.0,0.0
60.54571893323859,2.0,0.0
60.56568413091141,3.0,0.0
60.56574494190111,2.0,0.0
60.59556763561383,3.0,0.0
60.61755287699407,4.0,0.0
60.61971718815014,5.0,0.0
60.623646461691116,4.0,0.0
60.62491687774467,3.0,0.0
60.625712243677995,2.0,0.0
60.6460345978114,1.0,0.0
60.64650730534148,0.0,0.0
60.75485615107132,1.0,0.0
60.76575412050282,2.0,0.0
60.76615941785341,1.0,0.0
60.772067598526405,0.0,0.0
60.810534740902796,1.0,0.0
60.84231765671232,0.0,0.0
60.86965632767038,1.0,0.0
60.870554227548965,0.0,0.0
60.92243410763838,1.0,0.0
60.94189423989595,0.0,0.0
60.97661683751453,1.0,0.0
60.97861838516969,2.0,0.0
60.9787829841698,3.0,0.0
60.980187075735266,2.0,0.0
61.006005199518256,1.0,0.0
61.00680532102605,0.0,0.0
61.104340159557346,1.0,0.0
61.109414941810726,2.0,0.0
61.123458938188406,1.0,0.0
61.12621630279606,0.0,0.0
61.14164865515387,1.0,0.0
61.14874828001813,2.0,0.0
61.16314088853054,1.0,0.0
61.16714923405026,2.0,0.0
61.18021504893313,1.0,0.0
61.21576543653651,0.0,0.0
61.239485942955056,1.0,0.0
61.260684840530466,2.0,0.0
61.266413375802266,3.0,0.0
61.275286713116806,2.0,0.0
61.27872372781743,1.0,0.0
61.29353989191925,0.0,0.0
61.31028447875717,1.0,0.0
61.32637944692209,2.0,0.0
61.34007957547078,1.0,0.0
61.341447106865644,0.0,0.0
61.41038288034621,1.0,0.0
61.423205435866656,0.0,0.0
61.4403255360705,1.0,0.0
61.44099829053538,0.0,0.0
61.56371723155193,1.0,0.0
61.56815685430777,2.0,0.0
61.5848360770517,3.0,0.0
61.59169316625012,2.0,0.0
61.59505842945901,1.0,0.0
61.59786503816022,0.0,0.0
61.63495249765311,1.0,0.0
61.67158503271232,0.0,0.0
61.68856748523255,1.0,0.0
61.750578566981524,0.0,0.0
61.836692825068454,1.0,0.0
61.865525791129635,0.0,0.0
61.88250226613287,1.0,0.0
61.89635354671362,0.0,0.0
61.95648997154349,1.0,0.0
61.97041858079859,0.0,0.0
62.05976952069757,1.0,0.0
62.07254664814728,0.0,0.0
62.0970572318098,1.0,0.0
62.12235859345362,0.0,0.0
62.12357991245486,1.0,0.0
62.12719840752126,0.0,0.0
62.22343606623248,1.0,0.0
62.2334606722182,0.0,0.0
62.283025545409544,1.0,0.0
62.34704743031868,2.0,0.0
62.34911396211241,1.0,0.0
62.352743088301615,2.0,0.0
62.35362892754354,1.0,0.0
62.37171952988257,0.0,0.0
62.39742838443783,1.0,0.0
62.43439226695157,2.0,0.0
62.44320729866135,1.0,0.0
62.44823098177509,0.0,0.0
62.5281000262778,1.0,0.0
62.56346093215311,2.0,0.0
62.59175372212182,1.0,0.0
62.60684890362713,2.0,0.0
62.60706687141636,3.0,0.0
62.64351254106769,2.0,0.0
62.67426270722233,3.0,0.0
62.6833993701116,2.0,0.0
62.687050414849914,1.0,0.0
62.697094936091084,0.0,0.0
62.73625779832842,1.0,0.0
62.753014308696834,0.0,0.0
62.76070591907609,1.0,0.0
62.76281608419809,0.0,0.0
62.843444301340995,1.0,0.0
62.924521804804655,0.0,0.0
63.01259776406778,1.0,0.0
63.01536344449857,2.0,0.0
63.04592371996327,3.0,0.0
63.04804592914558,2.0,0.0
63.049671086060506,1.0,0.0
63.056610185955606,0.0,0.0
63.07045785836424,1.0,0.0
63.10152885273781,0.0,0.0
63.10463878432329,1.0,0.0
63.11401321880935,0.0,0.0
63.15656494765298,1.0,0.0
63.16612631513893,2.0,0.0
63.21616792573736,1.0,0.0
63.22428797241869,2.0,0.0
63.24052919080989,1.0,0.0
63.24160227310105,0.0,0.0
63.406772529517795,1.0,0.0
63.415010710669485,0.0,0.0
63.474886102779614,1.0,0.0
63.48772897718151,0.0,0.0
63.49781434249121,1.0,0.0
63.50853690329018,2.0,0.0
63.51100055122009,1.0,0.0
63.5258478404345,0.0,0.0
63.53110544907325,1.0,0.0
63.53565015953479,2.0,0.0
63.54460733361817,1.0,0.0
63.588954002968165,0.0,0.0
63.64823321745662,1.0,0.0
63.65105872853612,2.0,0.0
63.65484955462025,1.0,0.0
63.689163797322124,0.0,0.0
63.72023351504147,1.0,0.0
63.726166673340835,0.0,0.0
63.73138870477463,1.0,0.0
63.77752615224839,0.0,0.0
63.78252535287321,1.0,0.0
63.79052472326253,2.0,0.0
63.814901824722355,3.0,0.0
63.84633084822107,2.0,0.0
63.854778251910226,1.0,0.0
63.86915553489857,2.0,0.0
63.8859615685897,1.0,0.0
63.89488931191911,0.0,0.0
63.919135438454916,1.0,0.0
63.92520636266406,2.0,0.0
63.94103612035318,3.0,0.0
63.94666718396413,2.0,0.0
63.95410798161125,1.0,0.0
63.960403802975435,0.0,0.0
63.96111226034846,1.0,0.0
63.96409310572772,2.0,0.0
63.98548969877295,3.0,0.0
63.99632371722863,2.0,0.0
64.01722683388672,3.0,0.0
64.02214691993156,4.0,0.0
64.02669060688558,3.0,0.0
64.03735670681247,4.0,0.0
64.04372392105051,3.0,0.0
64.05720517198762,4.0,0.0
64.06540513794425,3.0,0.0
64.07580656391949,2.0,0.0
64.0864894571635,3.0,0.0
64.09786612492091,2.0,0.0
64.10125325788009,1.0,0.0
64.11527981735217,0.0,0.0
64.13613556394435,1.0,0.0
64.14788701520848,2.0,0.0
64.16765279240727,3.0,0.0
64.16840054811615,2.0,0.0
64.17646467906049,3.0,0.0
64.20888864550537,2.0,0.0
64.21871615297252,3.0,0.0
64.21880903612247,2.0,0.0
64.21886661726937,1.0,0.0
64.23908599829625,2.0,0.0
64.27931928399053,3.0,0.0
64.29027769690063,2.0,0.0
64.30539621128862,3.0,0.0
64.31051524232284,2.0,0.0
64.3217258174705,1.0,0.0
64.34654051691885,0.0,0.0
64.35217536950299,1.0,0.0
64.3643426866181,2.0,0.0
64.37608360528277,1.0,0.0
64.38134914696913,2.0,0.0
64.38347799467871,3.0,0.0
64.3888199529773,4.0,0.0
64.40326270477435,5.0,0.0
64.41577005456585,6.0,0.0
64.43795406445895,7.0,0.0
64.43918423013865,8.0,0.0
64.43929336114168,7.0,0.0
64.44982945561333,8.0,0.0
64.45953167692856,7.0,0.0
64.46145181098332,8.0,0.0
64.46347545294438,9.0,0.0
64.46379691167064,10.0,0.0
64.46597128629614,11.0,0.0
64.48447641336504,10.0,0.0
64.48999647464436,11.0,0.0
64.49223222112083,10.0,0.0
64.49375925622593,9.0,0.0
64.49978138508997,10.0,0.0
64.50715190809326,9.0,0.0
64.51292518753496,8.0,0.0
64.51737332811373,7.0,0.0
64.52082288299482,6.0,0.0
64.52205503552155,5.0,0.0
64.52806878224955,4.0,0.0
64.53283120006239,3.0,0.0
64.55476215801765,4.0,0.0
64.56466488711611,5.0,0.0
64.56547692387961,6.0,0.0
64.56640655368616,7.0,0.0
64.57228760747823,6.0,0.0
64.58204859180489,7.0,0.0
64.58330832628432,8.0,0.0
64.5877023593789,7.0,0.0
64.60457073946509,6.0,0.0
64.63311857418795,5.0,0.0
64.64286287121398,6.0,0.0
64.64906480055588,5.0,0.0
64.65320119010441,4.0,0.0
64.66886441713044,3.0,0.0
64.67386195073972,4.0,0.0
64.68098001059164,3.0,0.0
64.68633899059823,2.0,0.0
64.69329333834791,1.0,0.0
64.69636729147197,2.0,0.0
64.7122102437421,1.0,0.0
64.71861924394597,2.0,0.0
64.72339212093965,1.0,0.0
64.72699077866733,2.0,0.0
64.73971733052132,3.0,0.0
64.74472439964583,2.0,0.0
64.7485212137977,3.0,0.0
64.74987923382291,2.0,0.0
64.76048953399454,3.0,0.0
64.77177361616708,2.0,0.0
64.77450455129663,3.0,0.0
64.80196842255964,4.0,0.0
64.81659815989082,3.0,0.0
64.82098940071639,2.0,0.0
64.82149803374718,1.0,0.0
64.83226472962293,2.0,0.0
64.83268549501254,3.0,0.0
64.83754027052382,4.0,0.0
64.84446687702722,3.0,0.0
64.8447427798588,2.0,0.0
64.88586656297633,3.0,0.0
64.91197338767705,2.0,0.0
64.9153371843564,1.0,0.0
64.91836853951737,2.0,0.0
64.9472981682242,3.0,0.0
64.95517864136963,4.0,0.0
64.95928777548427,5.0,0.0
64.96869011287055,4.0,0.0
64.97394760323095,3.0,0.0
64.99114560950673,4.0,0.0
64.99325276307073,5.0,0.0
64.99787210787494,6.0,0.0
64.99994619869203,5.0,0.0
65.0034881090911,4.0,0.0
65.01518803473316,5.0,0.0
65.01867315783738,4.0,0.0
65.02257122887865,5.0,0.0
65.0273850355128,4.0,0.0
65.03340035920401,3.0,0.0
65.0341900426228,2.0,0.0
65.04538930608007,3.0,0.0
65.05029314967466,2.0,0.0
65.07596887056103,1.0,0.0
65.08305360927183,0.0,0.0
65.09790393162032,1.0,0.0
65.11000207587536,2.0,0.0
65.11322241996307,1.0,0.0
65.13122511735436,0.0,0.0
65.14745860599504,1.0,0.0
65.1493203946155,2.0,0.0
65.1589212338809,1.0,0.0
65.17151463519835,2.0,0.0
65.17213327790888,1.0,0.0
65.1758145787793,2.0,0.0
65.18301298816156,3.0,0.0
65.18731036700741,2.0,0.0
65.19031103350636,3.0,0.0
65.20590237332758,2.0,0.0
65.21842088043365,1.0,0.0
65.23902422365678,2.0,0.0
65.23929601326539,3.0,0.0
65.25072354951267,4.0,0.0
65.25402266636131,3.0,0.0
65.26117441889076,4.0,0.0
65.26182997940255,5.0,0.0
65.26254130093078,6.0,0.0
65.26705852957791,5.0,0.0
65.27615987996916,6.0,0.0
65.29722197944703,7.0,0.0
65.31099697680018,6.0,0.0
65.32021585028276,7.0,0.0
65.32245304718752,8.0,0.0
65.32429531559048,9.0,0.0
65.32552560986925,10.0,0.0
65.33298328648343,9.0,0.0
65.33715450619117,8.0,0.0
65.34811624057774,9.0,0.0
65.34890223422975,10.0,0.0
65.35422317733016,9.0,0.0
65.35527924455091,10.0,0.0
65.35764459681043,9.0,0.0
65.35900002494007,10.0,0.0
65.36782161238575,11.0,0.0
65.3699246408308,10.0,0.0
65.37107207918318,11.0,0.0
65.38337009780759,10.0,0.0
65.3900628249553,9.0,0.0
65.39090550048422,8.0,0.0
65.3913010046138,7.0,0.0
65.40440743128164,6.0,0.0
65.40947954259174,7.0,0.0
65.42171998344487,6.0,0.0
65.4319109161889,7.0,0.0
65.43552259483052,6.0,0.0
65.43804657482613,5.0,0.0
65.44251433128038,6.0,0.0
65.4544908727192,5.0,0.0
65.45702210223419,4.0,0.0
65.4581301318292,3.0,0.0
65.45913699031497,4.0,0.0
65.47588160874575,5.0,0.0
65.48035077087862,6.0,0.0
65.48679827623445,7.0,0.0
65.49641868049078,8.0,0.0
65.50140886401515,7.0,0.0
65.50236277878895,6.0,0.0
65.51000333511627,5.0,0.0
65.51868404357985,6.0,0.0
65.52080297255176,5.0,0.0
65.52300934277032,4.0,0.0
65.5292217700333,5.0,0.0
65.5308500096092,6.0,0.0
65.53317190472065,5.0,0.0
65.54442571355311,4.0,0.0
65.54784105231018,3.0,0.0
65.55258038364036,4.0,0.0
65.55442628305298,5.0,0.0
65.56110590371775,4.0,0.0
65.56936702037895,5.0,0.0
65.59292868287186,6.0,0.0
65.59761372317185,5.0,0.0
65.60054768481326,6.0,0.0
65.60081299835036,7.0,0.0
65.60082455330615,6.0,0.0
65.60672313495755,7.0,0.0
65.60788585481492,8.0,0.0
65.61715174092151,9.0,0.0
65.62397646636076,10.0,0.0
65.63632153867137,11.0,0.0
65.63760640997614,10.0,0.0
65.64525248410169,9.0,0.0
65.6630615411469,10.0,0.0
65.66390612755316,11.0,0.0
65.6712037371097,10.0,0.0
65.67358780224858,9.0,0.0
65.67543557915904,10.0,0.0
65.67670582019082,11.0,0.0
65.67863388651917,12.0,0.0
65.68283016193031,13.0,0.0
65.70188254858087,14.0,0.0
65.71262892137155,13.0,0.0
65.71316750077679,14.0,0.0
65.72757033070737,15.0,0.0
65.73104378906402,14.0,0.0
65.74578125909295,15.0,0.0
65.7475019827291,14.0,0.0
65.79024627061399,13.0,0.0
65.80859490310738,12.0,0.0
65.83364690281904,13.0,0.0
65.83609823071532,14.0,0.0
65.83841611474064,15.0,0.0
65.84567382531283,16.0,0.0
65.84580778355951,17.0,0.0
65.8498268266576,18.0,0.0
65.85400390611048,19.0,0.0
65.85878738733837,18.0,0.0
65.8697386045366,19.0,0.0
65.8711274771165,20.0,0.0
65.87352886246994,21.0,0.0
65.8775363985599,20.0,0.0
65.88775132825917,21.0,0.0
65.88921700973256,20.0,0.0
65.89322825060691,19.0,0.0
65.89442960617626,18.0,0.0
65.89792805127931,17.0,0.0
65.90047541459599,18.0,0.0
65.90334412124625,19.0,0.0
65.90861376507517,20.0,0.0
65.92166163923216,21.0,0.0
65.94309918803091,20.0,0.0
65.95225062883493,19.0,0.0
65.95232062861135,20.0,0.0
65.9562038676794,21.0,0.0
65.95982477663968,20.0,0.0
65.97209888931674,19.0,0.0
65.98310548595862,18.0,0.0
65.9929012716734,19.0,0.0
65.99327288388034,20.0,0.0
65.99826067367233,21.0,0.0
66.0011053692568,22.0,0.0
66.0014188212728,23.0,0.0
66.01385247397592,24.0,0.0
66.01823834037567,23.0,0.0
66.02509754249569,24.0,0.0
66.02784294429793,23.0,0.0
66.03426853355262,22.0,0.0
66.04083282710549,23.0,0.0
66.0466978627649,24.0,0.0
66.0723810291699,23.0,0.0
66.07626642416244,22.0,0.0
66.07627137151279,23.0,0.0
66.08665946460873,22.0,0.0
66.0872326554911,21.0,0.0
66.08775108030241,22.0,0.0
66.09610863675671,23.0,0.0
66.09619245772916,24.0,0.0
66.09664497390463,25.0,0.0
66.11582012061093,26.0,0.0
66.12622672505901,27.0,0.0
66.130186024961,28.0,0.0
66.1329162413971,27.0,0.0
66.14319322485909,26.0,0.0
66.15271388323468,25.0,0.0
66.16206086545805,24.0,0.0
66.16321526375022,25.0,0.0
66.17500347026534,24.0,0.0
66.22101674611056,25.0,0.0
66.2300300000605,26.0,0.0
66.23477001433267,27.0,0.0
66.23681288652392,28.0,0.0
66.23951833722515,29.0,0.0
66.24035812476457,28.0,0.0
66.24616748324593,29.0,0.0
66.24754332395311,30.0,0.0
66.2528325792071,29.0,0.0
66.2539991182764,30.0,0.0
66.25677686943997,31.0,0.0
66.25705544035644,32.0,0.0
66.2571425509653,33.0,0.0
66.25813548461826,32.0,0.0
66.26158171184898,33.0,0.0
66.27336916189529,34.0,0.0
66.27997925018768,35.0,0.0
66.28074968779198,34.0,0.0
66.28727918615594,33.0,0.0
66.29817237769953,32.0,0.0
66.30048912011482,33.0,0.0
66.30590109123004,34.0,0.0
66.33156378170793,35.0,0.0
66.33440239631085,36.0,0.0
66.34007511409062,37.0,0.0
66.34042094712639,36.0,0.0
66.35273746983914,37.0,0.0
66.35361345930278,36.0,0.0
66.36162254949387,37.0,0.0
66.36549687859107,36.0,0.0
66.37015548719025,35.0,0.0
66.3760676640013,34.0,0.0
66.39432847720752,35.0,0.0
66.399091609842,36.0,0.0
66.40535195444413,37.0,0.0
66.40642869815532,36.0,0.0
66.42850406630916,37.0,0.0
66.43457660745372,36.0,0.0
66.44352170552897,35.0,0.0
66.44523853662017,36.0,0.0
66.44915376688016,37.0,0.0
66.46201020641738,38.0,0.0
66.4650212645642,37.0,0.0
66.46738862163981,36.0,0.0
66.46797463535454,35.0,0.0
66.46881089498098,34.0,0.0
66.47064460582041,33.0,0.0
66.4710728315804,32.0,0.0
66.47659984066789,33.0,0.0
66.47987690693094,34.0,0.0
66.48464544215973,35.0,0.0
66.49280827108382,34.0,0.0
66.49511869204349,33.0,0.0
66.49753488046674,32.0,0.0
66.50371729070615,33.0,0.0
66.514303221236,32.0,0.0
66.51932290372653,31.0,0.0
66.5346084588983,32.0,0.0
66.54061548921234,31.0,0.0
66.5484214684317,32.0,0.0
66.56116031595833,33.0,0.0
66.56376683536665,32.0,0.0
66.56937902797354,33.0,0.0
66.57914648316648,34.0,0.0
66.58256068058357,33.0,0.0
66.58773316422389,34.0,0.0
66.59006412068075,35.0,0.0
66.59495858644277,34.0,0.0
66.59599362832546,33.0,0.0
66.59921201927352,34.0,0.0
66.60206799791949,35.0,0.0
66.61470349493848,36.0,0.0
66.61509865363719,37.0,0.0
66.62751136166092,36.0,0.0
66.62773713494863,35.0,0.0
66.63240433357849,34.0,0.0
66.63258473961612,35.0,0.0
66.6339160033807,36.0,0.0
66.64213810843228,35.0,0.0
66.64416357884778,34.0,0.0
66.65195133660481,35.0,0.0
66.65214416242493,36.0,0.0
66.65571588159851,35.0,0.0
66.65811728623447,34.0,0.0
66.65928256718026,33.0,0.0
66.65965081608564,32.0,0.0
66.66727057473601,31.0,0.0
66.6678066683089,32.0,0.0
66.67147634148849,31.0,0.0
66.6726763650433,32.0,0.0
66.67415258482438,31.0,0.0
66.6816134928053,32.0,0.0
66.68892485202046,33.0,0.0
66.69142177586544,32.0,0.0
66.69817504099353,33.0,0.0
66.70019562767861,34.0,0.0
66.70769450983977,33.0,0.0
66.71058331512718,34.0,0.0
66.71986167906945,33.0,0.0
66.72048734219983,32.0,0.0
66.72433812001614,31.0,0.0
66.7275746375604,32.0,0.0
66.7293721895186,31.0,0.0
66.73375371761979,32.0,0.0
66.7384796127312,33.0,0.0
66.74029579623594,34.0,0.0
66.74035872765782,33.0,0.0
66.74263996021777,32.0,0.0
66.74390980642083,31.0,0.0
66.75789040055497,32.0,0.0
66.76010556829111,31.0,0.0
66.76643620968498,30.0,0.0
66.76820134647329,29.0,0.0
66.77574997551672,30.0,0.0
66.79117838673774,29.0,0.0
66.7934775712701,28.0,0.0
66.79923531311675,27.0,0.0
66.80154026113222,28.0,0.0
66.80626199228017,29.0,0.0
66.81070798227164,30.0,0.0
66.8110412762389,31.0,0.0
66.83931782556273,30.0,0.0
66.8516076549167,31.0,0.0
66.85517264993568,30.0,0.0
66.85829695054684,29.0,0.0
66.8613356887382,30.0,0.0
66.86403736186942,31.0,0.0
66.87030969173458,32.0,0.0
66.87235166988978,31.0,0.0
66.87468753287875,30.0,0.0
66.89170400919224,29.0,0.0
66.90275656372961,28.0,0.0
66.90396980888904,29.0,0.0
66.90875605429193,30.0,0.0
66.9105893659389,31.0,0.0
66.91185809355699,30.0,0.0
66.91475553089992,29.0,0.0
66.9153009617992,30.0,0.0
66.9175520996842,29.0,0.0
66.91775810649696,30.0,0.0
66.91787576613443,31.0,0.0
66.91801119685148,32.0,0.0
66.95331124218667,31.0,0.0
66.95928429870254,32.0,0.0
66.96551155512562,31.0,0.0
66.97024811085755,30.0,0.0
66.97235100966867,29.0,0.0
66.97519940676277,30.0,0.0
66.97654885133709,29.0,0.0
66.9823977646738,30.0,0.0
67.00629623453807,29.0,0.0
67.00632847572875,30.0,0.0
67.01052593726814,31.0,0.0
67.01445402153037,30.0,0.0
67.02182388836235,31.0,0.0
67.02883588207679,32.0,0.0
67.03342440908614,31.0,0.0
67.03922884909338,30.0,0.0
67.04189211875548,29.0,0.0
67.04758730979562,28.0,0.0
67.05131219380105,27.0,0.0
67.0590184492243,28.0,0.0
67.07366160509686,27.0,0.0
67.07516224568047,28.0,0.0
67.08262509480757,29.0,0.0
67.09459481311264,28.0,0.0
67.10279288864596,29.0,0.0
67.11098713084436,30.0,0.0
67.11846024061593,31.0,0.0
67.12708191970835,32.0,0.0
67.12898168369118,33.0,0.0
67.12898220631443,32.0,0.0
67.13275445113307,31.0,0.0
67.13633046147433,32.0,0.0
67.14309452887821,33.0,0.0
67.14431626566429,32.0,0.0
67.14918632123057,33.0,0.0
67.15282502271509,34.0,0.0
67.15401305698761,35.0,0.0
67.16695872297039,34.0,0.0
67.16978549031388,33.0,0.0
67.17351694630197,32.0,0.0
67.18900926966525,31.0,0.0
67.19519520293541,32.0,0.0
67.1970663508513,33.0,0.0
67.20234173853117,34.0,0.0
67.20578863162757,35.0,0.0
67.2234248261032,34.0,0.0
67.22532591472886,35.0,0.0
67.2303468078096,34.0,0.0
67.23830136717801,35.0,0.0
67.2489317055375,36.0,0.0
67.24994047848347,37.0,0.0
67.25019773083426,38.0,0.0
67.25903117202526,37.0,0.0
67.25968036224936,38.0,0.0
67.2601449401028,37.0,0.0
67.26026544967121,38.0,0.0
67.26564203710248,39.0,0.0
67.27252164343219,38.0,0.0
67.2784476886316,37.0,0.0
67.2784787286611,38.0,0.0
67.28371678433415,37.0,0.0
67.28947627596159,38.0,0.0
67.29110118227065,39.0,0.0
67.29242151227568,38.0,0.0
67.29272747539947,39.0,0.0
67.29750657606495,38.0,0.0
67.30292360248313,37.0,0.0
67.30527719978363,38.0,0.0
67.31111418276045,39.0,0.0
67.31386810292871,40.0,0.0
67.31431107172243,41.0,0.0
67.32560615939057,42.0,0.0
67.32909930200995,43.0,0.0
67.33204502775311,42.0,0.0
67.33516832349632,43.0,0.0
67.34277913265343,44.0,0.0
67.34460444460167,45.0,0.0
67.3549498736593,44.0,0.0
67.35545805416974,43.0,0.0
67.3660902800157,42.0,0.0
67.37114624989587,43.0,0.0
67.37281075868178,42.0,0.0
67.37281442232866,41.0,0.0
67.37804441661162,40.0,0.0
67.37980145768819,41.0,0.0
67.38819598898988,42.0,0.0
67.38940044268656,43.0,0.0
67.39569394759083,42.0,0.0
67.40197570207307,43.0,0.0
67.40433681655826,42.0,0.0
67.40525299556025,41.0,0.0
67.40703142732066,40.0,0.0
67.40895201713975,39.0,0.0
67.41297828830801,38.0,0.0
67.4142336375763,39.0,0.0
67.42359165554772,40.0,0.0
67.43113796180741,41.0,0.0
67.43153891770822,42.0,0.0
67.43632793534027,43.0,0.0
67.44323828739024,42.0,0.0
67.44514886539045,43.0,0.0
67.44681098874396,44.0,0.0
67.44898909619823,45.0,0.0
67.45781438174494,44.0,0.0
67.45783943316124,43.0,0.0
67.47057486302023,42.0,0.0
67.47386820531176,43.0,0.0
67.48361134996539,44.0,0.0
67.4983635055335,45.0,0.0
67.50039624414495,44.0,0.0
67.5015182445991,43.0,0.0
67.51159645216065,44.0,0.0
67.51191244085007,45.0,0.0
67.51524866248027,46.0,0.0
67.51580787479548,47.0,0.0
67.52819515717937,48.0,0.0
67.52861622343912,49.0,0.0
67.54178674476618,50.0,0.0
67.54592884858442,51.0,0.0
67.55907220663352,52.0,0.0
67.56322133924684,53.0,0.0
67.56673714252433,54.0,0.0
67.56929644567995,55.0,0.0
67.57128029498479,56.0,0.0
67.57433826339852,55.0,0.0
67.5758099185896,54.0,0.0
67.57770306685552,55.0,0.0
67.57960017238497,54.0,0.0
67.58421295318145,55.0,0.0
67.58496714127428,54.0,0.0
67.59724058250865,55.0,0.0
67.60759936504402,56.0,0.0
67.60931372860716,57.0,0.0
67.61545714049018,58.0,0.0
67.61552792652043,59.0,0.0
67.61578749156682,60.0,0.0
67.61597243028915,61.0,0.0
67.62649937742648,60.0,0.0
67.62713779610311,59.0,0.0
67.63164591609697,58.0,0.0
67.63686171119443,59.0,0.0
67.63806448163695,60.0,0.0
67.6495877100085,61.0,0.0
67.65025387871951,62.0,0.0
67.65235686952005,63.0,0.0
67.65252630367026,64.0,0.0
67.65572669991218,65.0,0.0
67.65730405626168,66.0,0.0
67.65956384903464,65.0,0.0
67.66710379268787,66.0,0.0
67.68524803491492,65.0,0.0
67.68933224640334,64.0,0.0
67.69645033730293,63.0,0.0
67.6991718894506,64.0,0.0
67.69969308737348,63.0,0.0
67.70242600036472,64.0,0.0
67.71093373292844,65.0,0.0
67.71175555346149,66.0,0.0
67.71837902041692,67.0,0.0
67.71996992585974,66.0,0.0
67.73544684608213,65.0,0.0
67.7391498321887,66.0,0.0
67.74512306471709,67.0,0.0
67.74938317778134,68.0,0.0
67.75816025136908,69.0,0.0
67.76501815446272,70.0,0.0
67.77020624327407,71.0,0.0
67.77259008341022,72.0,0.0
67.7729667439298,73.0,0.0
67.7823338790142,72.0,0.0
67.78372954979254,71.0,0.0
67.78837717298435,72.0,0.0
67.79958953811769,73.0,0.0
67.80753527714124,72.0,0.0
67.81956754959998,71.0,0.0
67.8234077802615,70.0,0.0
67.82594061185368,71.0,0.0
67.8266987647994,70.0,0.0
67.83117720742608,71.0,0.0
67.83429623977872,70.0,0.0
67.84454672855763,69.0,0.0
67.85482546252416,68.0,0.0
67.85599397217763,69.0,0.0
67.88464184408124,68.0,0.0
67.89140773823026,69.0,0.0
67.89177316417705,68.0,0.0
67.89253207048615,67.0,0.0
67.8974508033827,66.0,0.0
67.90063496261432,67.0,0.0
67.90093895901077,68.0,0.0
67.90461940045138,69.0,0.0
67.90531084596532,70.0,0.0
67.91052927738141,71.0,0.0
67.91654659588964,72.0,0.0
67.92040501810834,73.0,0.0
67.92151266462325,74.0,0.0
67.93469413029013,75.0,0.0
67.93970615008452,76.0,0.0
67.941023705671,77.0,0.0
67.94659299153939,78.0,0.0
67.96078902383621,79.0,0.0
67.96123193631345,78.0,0.0
67.96321738854907,79.0,0.0
67.96506076114451,80.0,0.0
67.9732659300399,81.0,0.0
67.97499788610664,82.0,0.0
67.97581899519886,81.0,0.0
67.97930647293326,80.0,0.0
67.9814479411754,79.0,0.0
67.99517554213847,80.0,0.0
67.99642003072061,81.0,0.0
67.99759535717247,80.0,0.0
68.00097916641334,81.0,0.0
68.00184885079378,82.0,0.0
68.02003868338785,83.0,0.0
68.02350537626536,84.0,0.0
68.03127436166892,83.0,0.0
68.05927552939954,84.0,0.0
68.07491451953649,85.0,0.0
68.07650363754327,86.0,0.0
68.07799405515205,87.0,0.0
68.07848234580563,88.0,0.0
68.08545684474255,87.0,0.0
68.08546872692733,88.0,0.0
68.08581799627405,87.0,0.0
68.09377971919118,86.0,0.0
68.09570965958847,87.0,0.0
68.09719420255013,88.0,0.0
68.09902697326157,87.0,0.0
68.09934817899577,88.0,0.0
68.1040292815019,87.0,0.0
68.10874552799419,88.0,0.0
68.10964435952133,89.0,0.0
68.11197047884248,88.0,0.0
68.1268557446099,87.0,0.0
68.1418537655961,88.0,0.0
68.14350031998163,89.0,0.0
68.1442131370916,88.0,0.0
68.15023855084537,87.0,0.0
68.15042221745105,86.0,0.0
68.151296742621,87.0,0.0
68.15262443165724,86.0,0.0
68.15379015691504,87.0,0.0
68.15600633486089,88.0,0.0
68.1565297260477,87.0,0.0
68.1589833973507,88.0,0.0
68.16368887657211,89.0,0.0
68.17870452775527,90.0,0.0
68.17880599680932,91.0,0.0
68.18222497993054,92.0,0.0
68.18261123862355,93.0,0.0
68.19627971473116,92.0,0.0
68.19748502925307,93.0,0.0
68.19750707843338,94.0,0.0
68.2061270178769,93.0,0.0
68.20759284858681,92.0,0.0
68.21129632738415,93.0,0.0
68.21467406703037,92.0,0.0
68.21575779385925,93.0,0.0
68.22103559993104,92.0,0.0
68.22572523476333,93.0,0.0
68.23078664033592,94.0,0.0
68.24138192573841,95.0,0.0
68.2438937988442,96.0,0.0
68.24552680857923,97.0,0.0
68.24925510729962,96.0,0.0
68.25003504472558,97.0,0.0
68.26338534664158,98.0,0.0
68.2648985983463,97.0,0.0
68.26755922131207,96.0,0.0
68.27059089829697,95.0,0.0
68.272158390723,96.0,0.0
68.27740616089665,97.0,0.0
68.28675566206458,98.0,0.0
68.28738329977027,99.0,0.0
68.28741583966344,100.0,0.0
68.2878732678891,101.0,0.0
68.31212467340939,102.0,0.0
68.31890126033218,101.0,0.0
68.32516702961333,100.0,0.0
68.3286291557989,101.0,0.0
68.33626053659864,100.0,0.0
68.34843580770234,99.0,0.0
68.34908557013206,100.0,0.0
68.35067309061274,101.0,0.0
68.35163504397515,100.0,0.0
68.35776451815318,101.0,0.0
68.36303394383265,102.0,0.0
68.36322326905926,103.0,0.0
68.36993123124694,102.0,0.0
68.370458201034,103.0,0.0
68.38299016277206,104.0,0.0
68.40269101760346,103.0,0.0
68.40911263534782,104.0,0.0
68.41344326203688,105.0,0.0
68.42121029153104,106.0,0.0
68.42274364360836,105.0,0.0
68.42831211848836,104.0,0.0
68.42924537814655,103.0,0.0
68.43922166685994,102.0,0.0
68.44207372003254,103.0,0.0
68.44619189982683,104.0,0.0
68.44749091149953,103.0,0.0
68.44879819465777,104.0,0.0
68.4572285266165,105.0,0.0
68.4665744438498,104.0,0.0
68.47647373165502,103.0,0.0
68.48978118063503,104.0,0.0
68.49176907797734,105.0,0.0
68.49639539750159,106.0,0.0
68.49935365839879,105.0,0.0
68.50100981063746,106.0,0.0
68.50826073101753,107.0,0.0
68.50860241472205,108.0,0.0
68.52020842854657,109.0,0.0
68.5273202275679,110.0,0.0
68.53693922723654,111.0,0.0
68.53930145103726,110.0,0.0
68.53995132839837,111.0,0.0
68.54203546231665,112.0,0.0
68.54581439685761,111.0,0.0
68.54777916449108,112.0,0.0
68.55712933516195,111.0,0.0
68.56785393559892,112.0,0.0
68.57673982345538,113.0,0.0
68.58148434603594,112.0,0.0
68.58632244526636,111.0,0.0
68.59390847015936,112.0,0.0
68.59586412335325,111.0,0.0
68.59889761562538,110.0,0.0
68.60739649009186,111.0,0.0
68.61028883306226,112.0,0.0
68.61590603423126,111.0,0.0
68.62034256688203,110.0,0.0
68.62201030236047,109.0,0.0
68.62244268070859,108.0,0.0
68.62583568310578,109.0,0.0
68.63671586664215,108.0,0.0
68.64704773421782,109.0,0.0
68.64722248907812,108.0,0.0
68.65509022666423,109.0,0.0
68.65623824949658,108.0,0.0
68.66031223512846,107.0,0.0
68.66063180905097,108.0,0.0
68.67253392207108,109.0,0.0
68.67599565848657,108.0,0.0
68.67797217858077,107.0,0.0
68.69297675249739,108.0,0.0
68.69340444571256,109.0,0.0
68.70045006041127,110.0,0.0
68.70503442963246,109.0,0.0
68.71556755946534,108.0,0.0
68.71591161483964,109.0,0.0
68.71876844316495,108.0,0.0
68.73476241694952,107.0,0.0
68.73723371969935,108.0,0.0
68.73812814207488,109.0,0.0
68.746224605798,108.0,0.0
68.74738110598713,107.0,0.0
68.74779450224918,108.0,0.0
68.75773514966836,107.0,0.0
68.76494194839671,106.0,0.0
68.76644650530672,107.0,0.0
68.77827302603643,108.0,0.0
68.77955334555921,109.0,0.0
68.78251822975268,108.0,0.0
68.78333485971744,107.0,0.0
68.78528516273435,106.0,0.0
68.7897080714247,107.0,0.0
68.79561270276457,108.0,0.0
68.8040446977465,107.0,0.0
68.80581812693482,108.0,0.0
68.80788363538201,109.0,0.0
68.80848335764536,110.0,0.0
68.8123821726321,111.0,0.0
68.82401868950163,112.0,0.0
68.82846139038887,113.0,0.0
68.8309551447104,114.0,0.0
68.83678523153976,113.0,0.0
68.84337840944319,114.0,0.0
68.85297070922185,113.0,0.0
68.86668033925164,112.0,0.0
68.86853653356988,113.0,0.0
68.87878333947802,112.0,0.0
68.88008903509433,113.0,0.0
68.88973415918052,114.0,0.0
68.89218840537247,113.0,0.0
68.89345039036505,112.0,0.0
68.8976608189971,113.0,0.0
68.89850476312995,114.0,0.0
68.90028996299716,113.0,0.0
68.90231845040383,114.0,0.0
68.90589071968144,113.0,0.0
68.93651118749541,112.0,0.0
68.93982856834634,113.0,0.0
68.95594018155597,112.0,0.0
68.95755104327847,113.0,0.0
68.96034089274838,112.0,0.0
68.96348282202018,111.0,0.0
68.96574737614152,110.0,0.0
68.96879728520142,111.0,0.0
68.97370879774769,112.0,0.0
68.97830774621404,113.0,0.0
68.9792914432411,112.0,0.0
68.98592262450214,113.0,0.0
68.99488087727472,112.0,0.0
68.99736567582167,111.0,0.0
69.00200956010099,112.0,0.0
69.00375161901347,113.0,0.0
69.00725982764699,114.0,0.0
69.00938128854902,113.0,0.0
69.0100331289675,112.0,0.0
69.01247246199229,113.0,0.0
69.01569215924147,114.0,0.0
69.01646505600132,113.0,0.0
69.02244001620345,112.0,0.0
69.03337419334864,113.0,0.0
69.03552704533736,114.0,0.0
69.03789169602291,115.0,0.0
69.05337992885426,114.0,0.0
69.05397534207323,113.0,0.0
69.06058257118903,114.0,0.0
69.06072341350315,115.0,0.0
69.06178684747528,116.0,0.0
69.0632336794028,115.0,0.0
69.06350458015497,114.0,0.0
69.0687467639074,115.0,0.0
69.07155179294568,116.0,0.0
69.072663684657,117.0,0.0
69.08133920402783,118.0,0.0
69.10502952632874,119.0,0.0
69.10550207168383,118.0,0.0
69.11712880888821,119.0,0.0
69.11717125253519,120.0,0.0
69.12947777328426,119.0,0.0
69.13321304812395,118.0,0.0
69.13774504367753,119.0,0.0
69.1442735176021,118.0,0.0
69.14493459631149,117.0,0.0
69.14774797726373,118.0,0.0
69.14837997249218,119.0,0.0
69.1552751512181,120.0,0.0
69.16301589083822,119.0,0.0
69.16323082106484,118.0,0.0
69.16374501729521,117.0,0.0
69.1643090606027,118.0,0.0
69.16458621585252,119.0,0.0
69.20195949943579,120.0,0.0
69.2068162978386,121.0,0.0
69.21114912250816,120.0,0.0
69.21930533922058,119.0,0.0
69.22535341092399,118.0,0.0
69.22762980228077,117.0,0.0
69.23114514266521,116.0,0.0
69.23194801065576,115.0,0.0
69.23199148686267,114.0,0.0
69.26155919937929,115.0,0.0
69.26772447628606,116.0,0.0
69.27196463034511,117.0,0.0
69.27797151914136,118.0,0.0
69.28741155097032,117.0,0.0
69.29124016523556,116.0,0.0
69.31311581548573,117.0,0.0
69.31367785666409,118.0,0.0
69.32513117239023,119.0,0.0
69.32754098369803,120.0,0.0
69.32833513795268,121.0,0.0
69.32938849492186,122.0,0.0
69.33015846671059,123.0,0.0
69.33436571627044,124.0,0.0
69.34156160047105,123.0,0.0
69.34194412677385,122.0,0.0
69.34796186702498,123.0,0.0
69.34885275343369,124.0,0.0
69.34994256749637,125.0,0.0
69.35331595317989,126.0,0.0
69.35910919287866,125.0,0.0
69.36478477875639,126.0,0.0
69.36514958145193,127.0,0.0
69.36565973886319,128.0,0.0
69.37015359213,129.0,0.0
69.37718848649332,130.0,0.0
69.38137410279904,131.0,0.0
69.38300309045455,130.0,0.0
69.38645415314569,131.0,0.0
69.38729298908238,130.0,0.0
69.39409081624655,129.0,0.0
69.39584406578375,128.0,0.0
69.40264773870902,129.0,0.0
69.40638915355774,128.0,0.0
69.41320896068294,129.0,0.0
69.4167650520371,128.0,0.0
69.41774336079497,129.0,0.0
69.41847782882449,128.0,0.0
69.41961234427197,127.0,0.0
69.43444731637457,126.0,0.0
69.43995576056851,125.0,0.0
69.44555674153746,124.0,0.0
69.45171527247386,125.0,0.0
69.46607252113276,126.0,0.0
69.47084035598961,127.0,0.0
69.472498155255,126.0,0.0
69.47841536864611,127.0,0.0
69.4808769563332,126.0,0.0
69.49143587189226,127.0,0.0
69.49988924733441,128.0,0.0
69.50043155450068,129.0,0.0
69.52414353414132,128.0,0.0
69.54003153644032,127.0,0.0
69.55522697711191,128.0,0.0
69.5597054823399,127.0,0.0
69.5623407425779,128.0,0.0
69.5677492572401,129.0,0.0
69.57344694730955,130.0,0.0
69.58125665533206,131.0,0.0
69.58229828364144,130.0,0.0
69.59650255842388,131.0,0.0
69.60731743319934,132.0,0.0
69.61276755497566,131.0,0.0
69.61950089768578,132.0,0.0
69.62566168796558,131.0,0.0
69.62759377867876,132.0,0.0
69.62786947429159,133.0,0.0
69.6281575005043,134.0,0.0
69.63645696265753,133.0,0.0
69.64077761527598,132.0,0.0
69.64419473493261,133.0,0.0
69.64515737808811,134.0,0.0
69.64525681168304,133.0,0.0
69.64721285159918,132.0,0.0
69.65526894144546,133.0,0.0
69.6642068375695,134.0,0.0
69.66460811498342,133.0,0.0
69.6665506014547,134.0,0.0
69.66901424476234,133.0,0.0
69.67137965402695,134.0,0.0
69.67145110171239,133.0,0.0
69.67493147768289,134.0,0.0
69.67930521197752,133.0,0.0
69.68422440125916,134.0,0.0
69.68480364936178,135.0,0.0
69.68528673225813,136.0,0.0
69.68629617063853,137.0,0.0
69.70142895707559,138.0,0.0
69.7082149289073,139.0,0.0
69.71027445389454,138.0,0.0
69.72058963542598,139.0,0.0
69.72074467582763,138.0,0.0
69.72206204013125,139.0,0.0
69.73125325669382,140.0,0.0
69.73656455233801,139.0,0.0
69.74164449007742,138.0,0.0
69.7491654327107,139.0,0.0
69.75384373311138,138.0,0.0
69.77004005445633,139.0,0.0
69.78055940006927,140.0,0.0
69.78113444181113,139.0,0.0
69.78122930361853,138.0,0.0
69.79031747623596,137.0,0.0
69.79058024612614,138.0,0.0
69.7975349147116,137.0,0.0
69.79971563957409,138.0,0.0
69.8054860208982,139.0,0.0
69.80897798781388,138.0,0.0
69.81212445909259,139.0,0.0
69.8125456911745,140.0,0.0
69.81303625736739,139.0,0.0
69.81508613202503,138.0,0.0
69.81931684041518,137.0,0.0
69.82133078562627,138.0,0.0
69.82969333381159,139.0,0.0
69.83800812632339,138.0,0.0
69.85456288483266,139.0,0.0
69.85665610036176,140.0,0.0
69.86000601651877,141.0,0.0
69.8603229396399,140.0,0.0
69.86069089437241,141.0,0.0
69.86297097820322,142.0,0.0
69.86588784391242,141.0,0.0
69.86701798888406,140.0,0.0
69.86876972103926,139.0,0.0
69.88012648247756,140.0,0.0
69.88161577842229,139.0,0.0
69.88962641446464,138.0,0.0
69.9042514865838,137.0,0.0
69.90428944445335,138.0,0.0
69.90466460557252,139.0,0.0
69.90635192600048,140.0,0.0
69.90703745991766,141.0,0.0
69.91373801513123,142.0,0.0
69.91810913255745,141.0,0.0
69.91845418222366,140.0,0.0
69.9318775585025,139.0,0.0
69.93278147978567,140.0,0.0
69.93349668696229,141.0,0.0
69.93527504887699,140.0,0.0
69.93527636638386,139.0,0.0
69.94489431979457,140.0,0.0
69.9459834225832,141.0,0.0
69.94708036210561,140.0,0.0
69.95290286813093,141.0,0.0
69.95706730059385,140.0,0.0
69.96035530815983,141.0,0.0
69.9610648986984,142.0,0.0
69.96144780594466,143.0,0.0
69.97242244910895,144.0,0.0
69.97739640141016,145.0,0.0
69.98596857658362,144.0,0.0
69.99597485643844,145.0,0.0
69.99754321130362,146.0,0.0
69.99903842797592,147.0,0.0
69.99927559513687,146.0,0.0
70.00102180949716,147.0,0.0
70.00381642050202,146.0,0.0
70.00920948136759,145.0,0.0
70.00955162727485,146.0,0.0
70.01154808221438,147.0,0.0
70.0252601246913,148.0,0.0
70.03084617954015,149.0,0.0
70.03148547147718,150.0,0.0
70.03327744669069,151.0,0.0
70.03945335468543,152.0,0.0
70.04204902578977,153.0,0.0
70.04378697729395,152.0,0.0
70.04411382763084,151.0,0.0
70.04466899591421,152.0,0.0
70.04586385382493,151.0,0.0
70.05026671710438,150.0,0.0
70.05216780013441,151.0,0.0
70.0526204281208,150.0,0.0
70.05857699618538,151.0,0.0
70.05860213186097,152.0,0.0
70.06034383108837,153.0,0.0
70.07020180832443,154.0,0.0
70.08019437367926,155.0,0.0
70.08564772789045,154.0,0.0
70.08578519161549,153.0,0.0
70.08631810830761,152.0,0.0
70.10000392546291,153.0,0.0
70.1004136014409,154.0,0.0
70.11239712788675,155.0,0.0
70.11957678518728,156.0,0.0
70.1197807869982,157.0,0.0
70.12290415682912,158.0,0.0
70.14332117451015,157.0,0.0
70.15319524253322,156.0,0.0
70.15787564266762,157.0,0.0
70.16125810068732,156.0,0.0
70.1616037989047,157.0,0.0
70.16266059856552,158.0,0.0
70.17229128890389,159.0,0.0
70.17318781983927,160.0,0.0
70.178244617609,161.0,0.0
70.18549669966882,162.0,0.0
70.198727916928,163.0,0.0
70.2044932785517,164.0,0.0
70.22033122547084,165.0,0.0
70.22554121757413,166.0,0.0
70.22602563096626,165.0,0.0
70.23215172772633,166.0,0.0
70.24076206643203,167.0,0.0
70.24702218987136,168.0,0.0
70.25181906271601,169.0,0.0
70.25416267388066,168.0,0.0
70.25948970652907,167.0,0.0
70.26708420257549,168.0,0.0
70.26912927305733,169.0,0.0
70.27062692827624,168.0,0.0
70.27160249416282,169.0,0.0
70.27211799721486,170.0,0.0
70.27631952898791,169.0,0.0
70.27980712190998,170.0,0.0
70.28423351367049,171.0,0.0
70.28666653948174,172.0,0.0
70.28670485400129,173.0,0.0
70.28840296882956,174.0,0.0
70.29260685891356,175.0,0.0
70.30055152541935,174.0,0.0
70.30690124951863,173.0,0.0
70.30699820282769,174.0,0.0
70.30854220252584,175.0,0.0
70.31080715621874,176.0,0.0
70.31197177137484,175.0,0.0
70.31555058911727,174.0,0.0
70.31846366545216,173.0,0.0
70.32430535909093,172.0,0.0
70.32589364621352,173.0,0.0
70.32730045827148,172.0,0.0
70.33252277421794,171.0,0.0
70.33948085478563,172.0,0.0
70.34355499612559,173.0,0.0
70.3443804145849,172.0,0.0
70.35212895840984,173.0,0.0
70.35233226329673,172.0,0.0
70.35429130771351,173.0,0.0
70.35501746032838,174.0,0.0
70.36680330094096,173.0,0.0
70.37022633633717,172.0,0.0
70.37135028538714,173.0,0.0
70.37512763460768,174.0,0.0
70.38482229392527,175.0,0.0
70.39861937798649,174.0,0.0
70.41154070476381,175.0,0.0
70.41959090909342,176.0,0.0
70.4248134293802,177.0,0.0
70.42983514723805,178.0,0.0
70.4325764443086,177.0,0.0
70.43279841889512,178.0,0.0
70.43428208547907,177.0,0.0
70.45410117868114,178.0,0.0
70.46672499369944,179.0,0.0
70.48184009826046,178.0,0.0
70.4831144989484,179.0,0.0
70.48405032879941,180.0,0.0
70.49428440663529,181.0,0.0
70.49581109553515,180.0,0.0
70.49929758128123,179.0,0.0
70.50057840964993,178.0,0.0
70.50948182612457,177.0,0.0
70.52300706702545,176.0,0.0
70.5251826104953,177.0,0.0
70.52993650813221,176.0,0.0
70.53332641772833,175.0,0.0
70.5459124245421,174.0,0.0
70.54705270200004,175.0,0.0
70.5490298674716,176.0,0.0
70.55005780269755,177.0,0.0
70.55811622469487,178.0,0.0
70.56562862738843,179.0,0.0
70.56787215431724,178.0,0.0
70.56907644429596,177.0,0.0
70.56999063820946,176.0,0.0
70.57610350370008,177.0,0.0
70.57621594903652,176.0,0.0
70.58183384456062,175.0,0.0
70.58243350507391,174.0,0.0
70.58268158756223,173.0,0.0
70.5875965303945,172.0,0.0
70.58958822542526,171.0,0.0
70.58990681322565,170.0,0.0
70.59479802907717,171.0,0.0
70.59748233444077,172.0,0.0
70.60685312833616,173.0,0.0
70.62672097279818,172.0,0.0
70.6356900972236,173.0,0.0
70.64295455262578,174.0,0.0
70.6499158314397,173.0,0.0
70.65416032101575,172.0,0.0
70.6552366728133,173.0,0.0
70.65972766528982,172.0,0.0
70.66019031766008,171.0,0.0
70.66040533820461,172.0,0.0
70.66166889887808,173.0,0.0
70.6618414825421,174.0,0.0
70.66466607677212,173.0,0.0
70.67465237993444,172.0,0.0
70.67633689600878,173.0,0.0
70.68453936120835,174.0,0.0
70.69063981144807,175.0,0.0
70.69126489273822,176.0,0.0
70.70029724742241,177.0,0.0
70.7110130259019,176.0,0.0
70.71626384553215,175.0,0.0
70.72179734161624,174.0,0.0
70.7343665970564,173.0,0.0
70.73774305693745,174.0,0.0
70.7525810814481,175.0,0.0
70.75508981878387,176.0,0.0
70.75769576744382,177.0,0.0
70.7642478820199,176.0,0.0
70.76478147138012,175.0,0.0
70.77209651883626,176.0,0.0
70.776062203239,177.0,0.0
70.78247497852172,178.0,0.0
70.7830281847913,179.0,0.0
70.78727520903826,180.0,0.0
70.79071107607108,179.0,0.0
70.79203831102545,180.0,0.0
70.79353850443206,181.0,0.0
70.80464707222771,182.0,0.0
70.80520970038368,181.0,0.0
70.81426795442522,182.0,0.0
70.81791288107304,183.0,0.0
70.81807327738284,182.0,0.0
70.82340581788071,183.0,0.0
70.84261849833243,184.0,0.0
70.8487805879445,185.0,0.0
70.84962507860203,186.0,0.0
70.8559574778918,187.0,0.0
70.85675213729256,188.0,0.0
70.85770275343128,189.0,0.0
70.85885084150468,190.0,0.0
70.8621997689677,191.0,0.0
70.86394970276929,190.0,0.0
70.86881615116033,191.0,0.0
70.88023805756652,192.0,0.0
70.88119848760556,193.0,0.0
70.88464676476681,194.0,0.0
70.88666408586383,193.0,0.0
70.89427203188602,194.0,0.0
70.89667867905682,193.0,0.0
70.90335317916342,194.0,0.0
70.91135887557705,195.0,0.0
70.91262810658154,196.0,0.0
70.91703057460292,195.0,0.0
70.92110137093464,194.0,0.0
70.92179026445298,195.0,0.0
70.92338531610503,194.0,0.0
70.92411626132453,195.0,0.0
70.93489900646645,194.0,0.0
70.94232064176934,195.0,0.0
70.94913809049369,196.0,0.0
70.9512169957033,195.0,0.0
70.95264136421673,196.0,0.0
70.95494734004079,195.0,0.0
70.95815072622723,194.0,0.0
70.96279972289729,195.0,0.0
70.96388519837345,196.0,0.0
70.96730002353611,195.0,0.0
70.9710855894383,196.0,0.0
70.97379491759006,195.0,0.0
70.97913926326828,196.0,0.0
70.98079474727953,195.0,0.0
70.9971649949936,196.0,0.0
70.99855774664192,197.0,0.0
71.003224434772,198.0,0.0
71.00558202211676,199.0,0.0
71.00758948058923,198.0,0.0
71.01083416654272,199.0,0.0
71.01154353920025,200.0,0.0
71.01708184869615,201.0,0.0
71.01731945779535,202.0,0.0
71.02035541743294,201.0,0.0
71.02477533586483,200.0,0.0
71.02612945343458,201.0,0.0
71.02727005385884,200.0,0.0
71.04286352077,201.0,0.0
71.04418389706692,202.0,0.0
71.0512952124963,203.0,0.0
71.05878844966026,202.0,0.0
71.07440953949056,201.0,0.0
71.07542200409584,200.0,0.0
71.07967910137631,201.0,0.0
71.07992691804374,200.0,0.0
71.0814387764956,199.0,0.0
71.08249301559299,200.0,0.0
71.09822233052118,201.0,0.0
71.10662436218796,202.0,0.0
71.11129324227346,201.0,0.0
71.12146529433393,202.0,0.0
71.13220320445625,201.0,0.0
71.13440017849784,202.0,0.0
71.13770065503446,201.0,0.0
71.14279547074698,202.0,0.0
71.14597686316456,203.0,0.0
71.16082579348334,202.0,0.0
71.16420788011996,201.0,0.0
71.17732011627999,200.0,0.0
71.18295405249567,199.0,0.0
71.18716622210977,198.0,0.0
71.18949694314739,197.0,0.0
71.1936760439761,198.0,0.0
71.19526102785662,197.0,0.0
71.19591785967268,196.0,0.0
71.19849750993126,195.0,0.0
71.20138088583322,196.0,0.0
71.210728951193,197.0,0.0
71.21272994352223,196.0,0.0
71.22063833315319,195.0,0.0
71.22756007687664,194.0,0.0
71.2376455164399,193.0,0.0
71.23853906402032,192.0,0.0
71.24814997386115,191.0,0.0
71.25337388610963,190.0,0.0
71.25563593341838,191.0,0.0
71.25597649368402,192.0,0.0
71.28223845117402,191.0,0.0
71.28259260119508,192.0,0.0
71.28536317409437,193.0,0.0
71.29001422885409,192.0,0.0
71.30034561549326,193.0,0.0
71.30126769113167,194.0,0.0
71.3040192518025,193.0,0.0
71.30738115300896,192.0,0.0
71.31171845609659,191.0,0.0
71.31676305649695,192.0,0.0
71.3219025932904,193.0,0.0
71.33114059141081,192.0,0.0
71.34431070565205,193.0,0.0
71.35038152931276,194.0,0.0
71.35304212044196,193.0,0.0
71.35305962196904,192.0,0.0
71.35505892167896,191.0,0.0
71.35528302680848,192.0,0.0
71.35767467345708,193.0,0.0
71.36030573407977,192.0,0.0
71.41120232962113,193.0,0.0
71.41126048580547,194.0,0.0
71.41815334798774,195.0,0.0
71.41947117269774,194.0,0.0
71.43644934792826,195.0,0.0
71.44286614098773,196.0,0.0
71.45086243884957,197.0,0.0
71.45748234865813,198.0,0.0
71.45756809998498,197.0,0.0
71.45892489222723,198.0,0.0
71.46302263646977,199.0,0.0
71.46748065353485,200.0,0.0
71.46771902792864,199.0,0.0
71.48579047847365,200.0,0.0
71.48686517280092,201.0,0.0
71.4886173762607,202.0,0.0
71.4945057126254,201.0,0.0
71.50348836572603,202.0,0.0
71.50956171665109,201.0,0.0
71.51458514442777,202.0,0.0
71.52511731899641,201.0,0.0
71.52633562259878,200.0,0.0
71.53068356078514,201.0,0.0
71.53210789693047,200.0,0.0
71.53357089983831,199.0,0.0
71.53718058748034,198.0,0.0
71.54204660166573,197.0,0.0
71.54327059504445,196.0,0.0
71.54387007587685,197.0,0.0
71.55140381379809,196.0,0.0
71.5653923839753,195.0,0.0
71.58759601677718,196.0,0.0
71.60659680634615,195.0,0.0
71.610543472115,196.0,0.0
71.61069547093693,197.0,0.0
71.62421126003588,198.0,0.0
71.62913428818848,199.0,0.0
71.63131509032797,200.0,0.0
71.63269795478556,199.0,0.0
71.63407392980928,198.0,0.0
71.64381518383223,199.0,0.0
71.6453061491136,198.0,0.0
71.65191913348845,197.0,0.0
71.6532837299855,196.0,0.0
71.65637608035432,195.0,0.0
71.65708205173593,194.0,0.0
71.66766444930306,193.0,0.0
71.671512039265,194.0,0.0
71.67278746458649,193.0,0.0
71.6753884654916,192.0,0.0
71.6773689342934,193.0,0.0
71.6784228240716,194.0,0.0
71.68441816241486,195.0,0.0
71.68586378970457,194.0,0.0
71.68987502799204,195.0,0.0
71.68993459322446,194.0,0.0
71.69268977515476,195.0,0.0
71.69530324420509,196.0,0.0
71.70621353751469,197.0,0.0
71.71885233352522,198.0,0.0
71.7291985200471,197.0,0.0
71.73006101772424,196.0,0.0
71.74036699754997,195.0,0.0
71.75279653230317,194.0,0.0
71.75407355547854,193.0,0.0
71.76421837094348,192.0,0.0
71.77113674543182,193.0,0.0
71.78193248189571,192.0,0.0
71.78646933191659,193.0,0.0
71.78949269145602,192.0,0.0
71.79067473511525,193.0,0.0
71.80374976629534,194.0,0.0
71.80473877273965,195.0,0.0
71.80710014140809,194.0,0.0
71.80815322945848,195.0,0.0
71.81389438742983,194.0,0.0
71.8244237520355,193.0,0.0
71.82938738477874,192.0,0.0
71.83411029000507,191.0,0.0
71.8413143083038,190.0,0.0
71.84493829167492,191.0,0.0
71.8490507237888,190.0,0.0
71.8690046149033,189.0,0.0
71.87248793464231,188.0,0.0
71.87326260640462,187.0,0.0
71.88209984737603,188.0,0.0
71.89342962778235,187.0,0.0
71.89499530095459,186.0,0.0
71.90136875747706,185.0,0.0
71.9033756753008,184.0,0.0
71.91794645265891,183.0,0.0
71.92157971508486,184.0,0.0
71.92172861623929,185.0,0.0
71.92992569802453,186.0,0.0
71.93378117679299,187.0,0.0
71.93438974388445,188.0,0.0
71.9351055512109,187.0,0.0
71.94166680131119,188.0,0.0
71.94325167681922,189.0,0.0
71.94364344254042,188.0,0.0
71.94501550905633,187.0,0.0
71.95331826281155,188.0,0.0
71.95842352735875,189.0,0.0
71.97808476178429,188.0,0.0
71.98765943214842,189.0,0.0
72.00116340594745,190.0,0.0
72.00610557310377,189.0,0.0
72.01123332766866,190.0,0.0
72.01935514344014,189.0,0.0
72.03404555250657,188.0,0.0
72.04400982569945,189.0,0.0
72.05123254148535,188.0,0.0
72.05204598531748,187.0,0.0
72.06875576670555,188.0,0.0
72.07484440713259,187.0,0.0
72.07567083273534,186.0,0.0
72.07825788942287,187.0,0.0
72.08028368263753,186.0,0.0
72.08548709231678,187.0,0.0
72.09427712407955,188.0,0.0
72.10315180565674,187.0,0.0
72.11402895041601,186.0,0.0
72.11527836741263,187.0,0.0
72.12084843917897,186.0,0.0
72.13339738600222,187.0,0.0
72.15289912440706,188.0,0.0
72.1561080267089,187.0,0.0
72.1567537579922,186.0,0.0
72.1597040022507,187.0,0.0
72.16501658623719,188.0,0.0
72.16678145267134,187.0,0.0
72.17200152698088,188.0,0.0
72.17389642725452,189.0,0.0
72.19048786382993,188.0,0.0
72.19227957284942,187.0,0.0
72.21046637900086,186.0,0.0
72.21530346856734,185.0,0.0
72.21538099486199,184.0,0.0
72.23836802433732,183.0,0.0
72.24536343957894,182.0,0.0
72.24749250654915,181.0,0.0
72.25113519488937,182.0,0.0
72.26371289043057,181.0,0.0
72.2727853955673,180.0,0.0
72.2759901002325,179.0,0.0
72.27895510538757,178.0,0.0
72.28050258968301,177.0,0.0
72.28129386322534,176.0,0.0
72.28982328999346,175.0,0.0
72.29204602561109,174.0,0.0
72.29254026421214,173.0,0.0
72.29371830212881,172.0,0.0
72.29414972346633,171.0,0.0
72.2959062332347,172.0,0.0
72.30027303088383,173.0,0.0
72.3025409036175,172.0,0.0
72.3050974108188,171.0,0.0
72.30651591861154,170.0,0.0
72.31183389926115,171.0,0.0
72.32144613709012,172.0,0.0
72.33847045903029,173.0,0.0
72.34134655986782,172.0,0.0
72.3486987356085,171.0,0.0
72.35028115275233,170.0,0.0
72.35144880880364,169.0,0.0
72.359622704529,170.0,0.0
72.3608471020008,169.0,0.0
72.36861784223518,168.0,0.0
72.3856457294368,169.0,0.0
72.39032399111325,168.0,0.0
72.39049128724749,167.0,0.0
72.39316229035164,166.0,0.0
72.39700386208094,167.0,0.0
72.39791889303888,166.0,0.0
72.40043852134953,165.0,0.0
72.40446640965985,166.0,0.0
72.41021483574724,167.0,0.0
72.41486211775602,168.0,0.0
72.41784289589258,169.0,0.0
72.41926623204536,168.0,0.0
72.45116884791184,167.0,0.0
72.45127149782968,166.0,0.0
72.45359059070428,165.0,0.0
72.45566316681206,166.0,0.0
72.46873293367683,167.0,0.0
72.4857882960712,166.0,0.0
72.48884786708938,167.0,0.0
72.49084379211548,166.0,0.0
72.4922419825616,165.0,0.0
72.49733461070323,164.0,0.0
72.50407412740623,163.0,0.0
72.51087093554645,162.0,0.0
72.51867186043842,163.0,0.0
72.5234238379276,162.0,0.0
72.5245342555211,161.0,0.0
72.53059781275365,162.0,0.0
72.53874330619166,161.0,0.0
72.53880433858082,162.0,0.0
72.54063724778446,161.0,0.0
72.55742618276334,162.0,0.0
72.56415792515288,161.0,0.0
72.56949432255593,162.0,0.0
72.56954808536126,163.0,0.0
72.57738616361928,164.0,0.0
72.57971403875945,163.0,0.0
72.58359615897169,162.0,0.0
72.58725441206086,161.0,0.0
72.58916868347245,162.0,0.0
72.5953831143566,161.0,0.0
72.5961776428887,162.0,0.0
72.61106096145771,163.0,0.0
72.61599716318446,164.0,0.0
72.6212533693021,165.0,0.0
72.62235348418577,166.0,0.0
72.62685735500014,165.0,0.0
72.63995892790552,166.0,0.0
72.65169611927512,165.0,0.0
72.65666885811918,166.0,0.0
72.65966808920645,165.0,0.0
72.66508131532721,164.0,0.0
72.6726924944526,165.0,0.0
72.6757816334345,166.0,0.0
72.68062383840078,167.0,0.0
72.68624027643693,166.0,0.0
72.68913513729478,165.0,0.0
72.6901870590569,164.0,0.0
72.7076547451139,165.0,0.0
72.71376929978436,166.0,0.0
72.72597006369955,167.0,0.0
72.72786133815698,168.0,0.0
72.72939434375786,167.0,0.0
72.75090717153587,168.0,0.0
72.75345664283718,169.0,0.0
72.75374975756928,170.0,0.0
72.75416639938847,171.0,0.0
72.75563935318304,172.0,0.0
72.75980079044275,171.0,0.0
72.7629258854743,170.0,0.0
72.76585225340736,169.0,0.0
72.76671179087853,168.0,0.0
72.78732754954356,167.0,0.0
72.79065296255482,166.0,0.0
72.79554048739018,167.0,0.0
72.82840917341531,166.0,0.0
72.83650330529926,167.0,0.0
72.86173222047901,166.0,0.0
72.86817971811344,165.0,0.0
72.87749640728086,166.0,0.0
72.88455916190618,167.0,0.0
72.88478788299622,166.0,0.0
72.88875755874858,167.0,0.0
72.89897090248806,168.0,0.0
72.90269495736027,167.0,0.0
72.91078580510617,166.0,0.0
72.91253525523031,167.0,0.0
72.91855219630479,168.0,0.0
72.91955095122339,169.0,0.0
72.93768673000726,168.0,0.0
72.94141546955571,169.0,0.0
72.9426475106596,170.0,0.0
72.95845778633097,169.0,0.0
72.95955865790752,170.0,0.0
72.9822654178491,171.0,0.0
72.98560765905863,172.0,0.0
72.99105450959708,171.0,0.0
72.99729663621817,170.0,0.0
73.00417869943327,169.0,0.0
73.00432348356766,170.0,0.0
73.0064248833395,169.0,0.0
73.00834989734834,168.0,0.0
73.01706982586674,167.0,0.0
73.01869638585454,168.0,0.0
73.02063476814847,167.0,0.0
73.02928531685176,166.0,0.0
73.03307986234162,165.0,0.0
73.03828934205525,164.0,0.0
73.04322457024317,165.0,0.0
73.05791092871087,166.0,0.0
73.05945045388732,167.0,0.0
73.06806634510959,168.0,0.0
73.07466617567847,167.0,0.0
73.07562291761226,166.0,0.0
73.08138516073369,167.0,0.0
73.09106554191057,166.0,0.0
73.09543125676825,165.0,0.0
73.10960594684613,166.0,0.0
73.11112180683891,167.0,0.0
73.11169616564352,166.0,0.0
73.11870137817672,165.0,0.0
73.12213223029539,164.0,0.0
73.12571923329882,165.0,0.0
73.13735839390989,164.0,0.0
73.1374465122258,165.0,0.0
73.13746209839995,164.0,0.0
73.15387298109584,165.0,0.0
73.15543721433345,164.0,0.0
73.16335792992787,165.0,0.0
73.1677118078578,164.0,0.0
73.17407189365602,165.0,0.0
73.17486128488429,166.0,0.0
73.17668387521496,165.0,0.0
73.17948146793358,164.0,0.0
73.1822445129014,163.0,0.0
73.18430072502773,164.0,0.0
73.18909418573394,163.0,0.0
73.19327880500144,162.0,0.0
73.19717384866674,163.0,0.0
73.198666579888,164.0,0.0
73.20956019110676,163.0,0.0
73.21070013478385,164.0,0.0
73.21112487836793,163.0,0.0
73.22015989426285,162.0,0.0
73.23385489873597,161.0,0.0
73.23752211771095,160.0,0.0
73.24885605909347,159.0,0.0
73.25914778189095,158.0,0.0
73.26389214013236,157.0,0.0
73.27213186852754,156.0,0.0
73.28058359008665,155.0,0.0
73.29558479638831,156.0,0.0
73.30017440784052,155.0,0.0
73.30411583921786,154.0,0.0
73.30466324000726,153.0,0.0
73.30733576668526,154.0,0.0
73.31005677345473,153.0,0.0
73.31356788174865,152.0,0.0
73.31487222554648,153.0,0.0
73.31650540731837,154.0,0.0
73.31662814491253,155.0,0.0
73.3173535540726,156.0,0.0
73.32178389204869,157.0,0.0
73.32350653281998,156.0,0.0
73.32513700223573,155.0,0.0
73.32516202693162,154.0,0.0
73.3373208616474,153.0,0.0
73.34032461406365,152.0,0.0
73.34539682830274,151.0,0.0
73.35749457319977,150.0,0.0
73.35976997201328,149.0,0.0
73.36642858050838,150.0,0.0
73.36723146637466,149.0,0.0
73.37318034539479,150.0,0.0
73.37391956480103,149.0,0.0
73.3814490436874,148.0,0.0
73.38745702600372,149.0,0.0
73.38857204270914,148.0,0.0
73.40524382968852,147.0,0.0
73.41242355303521,146.0,0.0
73.42773654662481,145.0,0.0
73.43382570898794,144.0,0.0
73.44199530186103,143.0,0.0
73.45682213130887,144.0,0.0
73.45708771634364,145.0,0.0
73.45932453960465,144.0,0.0
73.46362983890911,143.0,0.0
73.46520310859164,142.0,0.0
73.46612743022588,141.0,0.0
73.4863833989086,140.0,0.0
73.48984067586463,141.0,0.0
73.5010629298714,140.0,0.0
73.50403447443627,139.0,0.0
73.50908972717443,138.0,0.0
73.52581371979211,137.0,0.0
73.52740843761498,136.0,0.0
73.53205812745087,137.0,0.0
73.53435602540081,136.0,0.0
73.54040699484821,135.0,0.0
73.55655022731075,134.0,0.0
73.56735077855619,133.0,0.0
73.57574523879298,132.0,0.0
73.58259780836356,131.0,0.0
73.58609147134679,130.0,0.0
73.58972687804724,131.0,0.0
73.59868399073171,130.0,0.0
73.59995232643028,129.0,0.0
73.60716479471121,128.0,0.0
73.60869094643907,127.0,0.0
73.6151377121516,128.0,0.0
73.61533386709047,127.0,0.0
73.61704125656391,128.0,0.0
73.6214043183608,127.0,0.0
73.66779399041229,126.0,0.0
73.68119340058556,125.0,0.0
73.68225942856395,124.0,0.0
73.69853594121263,125.0,0.0
73.70598791499164,124.0,0.0
73.7067739822222,123.0,0.0
73.71639921476984,122.0,0.0
73.72184013172914,121.0,0.0
73.73634958026227,122.0,0.0
73.73736953752511,121.0,0.0
73.75586173437398,122.0,0.0
73.75782018680826,121.0,0.0
73.76746305964815,122.0,0.0
73.77298191819295,121.0,0.0
73.77540971845002,120.0,0.0
73.7836867668547,119.0,0.0
73.78738935559603,118.0,0.0
73.79737688294135,117.0,0.0
73.79745663420354,116.0,0.0
73.79842649420475,115.0,0.0
73.79857515263869,114.0,0.0
73.80582695758359,113.0,0.0
73.80898629837101,112.0,0.0
73.80902243648599,111.0,0.0
73.81465026021752,110.0,0.0
73.8231235695025,109.0,0.0
73.82589275405071,108.0,0.0
73.8415549039708,109.0,0.0
73.84305164423995,108.0,0.0
73.84692347796761,109.0,0.0
73.84713484793323,108.0,0.0
73.84776629288689,109.0,0.0
73.85406840365833,108.0,0.0
73.85826749653769,109.0,0.0
73.86013563609077,110.0,0.0
73.86035783711088,109.0,0.0
73.86103838152184,110.0,0.0
73.86731385877331,109.0,0.0
73.88200609777026,110.0,0.0
73.88257916229122,109.0,0.0
73.89026649238505,110.0,0.0
73.89850122958622,111.0,0.0
73.9093418510657,110.0,0.0
73.9113214683823,109.0,0.0
73.92156726885233,110.0,0.0
73.92714888456433,109.0,0.0
73.92895354314122,108.0,0.0
73.93034968083848,107.0,0.0
73.94119746673934,106.0,0.0
73.94238662550778,105.0,0.0
73.95704310258643,104.0,0.0
73.96273415443437,103.0,0.0
73.96370836041615,102.0,0.0
73.97132168720843,103.0,0.0
73.9762112633207,102.0,0.0
73.98594106371769,101.0,0.0
73.98695984579041,100.0,0.0
73.9888798896295,99.0,0.0
73.99007986114816,98.0,0.0
74.00225823786245,97.0,0.0
74.00263649984616,96.0,0.0
74.00964069316782,97.0,0.0
74.03075663065185,96.0,0.0
74.0393334897737,95.0,0.0
74.04114493171767,96.0,0.0
74.04587019504089,95.0,0.0
74.04803066714044,96.0,0.0
74.05708860262581,95.0,0.0
74.06731430383084,96.0,0.0
74.08204137348802,95.0,0.0
74.0984608697594,94.0,0.0
74.1023256386921,93.0,0.0
74.10252871921325,92.0,0.0
74.1041042796836,93.0,0.0
74.10410627929045,92.0,0.0
74.14068380313384,93.0,0.0
74.14506252451453,92.0,0.0
74.15020566157574,91.0,0.0
74.1834580978352,90.0,0.0
74.18990871306441,89.0,0.0
74.1937269793499,88.0,0.0
74.20036184642002,87.0,0.0
74.20421175926347,86.0,0.0
74.24850078975786,85.0,0.0
74.25065815861049,86.0,0.0
74.25127500641749,85.0,0.0
74.25975039403636,84.0,0.0
74.2648635392504,85.0,0.0
74.27043434807011,84.0,0.0
74.27578728049059,85.0,0.0
74.2786818329254,84.0,0.0
74.28797658235585,83.0,0.0
74.29460900847704,82.0,0.0
74.305240546341,83.0,0.0
74.3170973797821,82.0,0.0
74.33989165351866,81.0,0.0
74.34690343960445,80.0,0.0
74.34882913526354,81.0,0.0
74.3592199257237,80.0,0.0
74.36068930468929,79.0,0.0
74.37389170603873,78.0,0.0
74.37601109047623,77.0,0.0
74.38377479388883,78.0,0.0
74.38942507454546,79.0,0.0
74.39240535017016,78.0,0.0
74.39730907380519,77.0,0.0
74.39880678035033,76.0,0.0
74.4060360235291,75.0,0.0
74.41437173852094,74.0,0.0
74.42589041054354,73.0,0.0
74.43494688006454,72.0,0.0
74.44046499727204,71.0,0.0
74.44621585870219,70.0,0.0
74.46671297832918,71.0,0.0
74.4719121776683,70.0,0.0
74.47872058828747,69.0,0.0
74.49196597988721,68.0,0.0
74.49847678025051,67.0,0.0
74.49981879905017,66.0,0.0
74.50466717193619,65.0,0.0
74.50776211750362,66.0,0.0
74.51953910012118,65.0,0.0
74.53913988266989,64.0,0.0
74.5537276830097,65.0,0.0
74.57206459673276,66.0,0.0
74.57891985294879,67.0,0.0
74.59932754810121,66.0,0.0
74.60237854721996,65.0,0.0
74.60829180426063,66.0,0.0
74.61332302862824,65.0,0.0
74.6298148005465,64.0,0.0
74.63408866491015,65.0,0.0
74.63437427906206,64.0,0.0
74.64540870512155,63.0,0.0
74.65284085773672,62.0,0.0
74.65297262706535,63.0,0.0
74.65969983401983,62.0,0.0
74.67066122141095,63.0,0.0
74.67441521930336,64.0,0.0
74.67925480691832,63.0,0.0
74.68575999195724,62.0,0.0
74.68774470822595,61.0,0.0
74.70106700478293,62.0,0.0
74.70311694601708,61.0,0.0
74.71064848270386,60.0,0.0
74.72757442870785,59.0,0.0
74.73322422641228,58.0,0.0
74.74214568511525,57.0,0.0
74.74237419359136,58.0,0.0
74.74871607267865,57.0,0.0
74.74989641033557,56.0,0.0
74.75002488939529,55.0,0.0
74.750098266629,54.0,0.0
74.7574540908304,53.0,0.0
74.76139408915466,54.0,0.0
74.76340110127713,55.0,0.0
74.76549212138188,54.0,0.0
74.77065377955859,53.0,0.0
74.7761028392022,52.0,0.0
74.77949208974118,53.0,0.0
74.80127044055193,52.0,0.0
74.82880681105644,51.0,0.0
74.83181988544845,50.0,0.0
74.83332590340831,49.0,0.0
74.83695327190436,50.0,0.0
74.83907780352732,49.0,0.0
74.84408956122485,50.0,0.0
74.84657768563173,49.0,0.0
74.84996758756303,48.0,0.0
74.86814513542204,47.0,0.0
74.86851686198085,48.0,0.0
74.8691313695196,49.0,0.0
74.87271821280869,48.0,0.0
74.88526925915491,49.0,0.0
74.90114411090701,48.0,0.0
74.91793838652713,49.0,0.0
74.925357408866,50.0,0.0
74.94001139011291,49.0,0.0
74.94279113663761,48.0,0.0
74.94736804430406,47.0,0.0
74.94771012085161,48.0,0.0
74.95764710216797,47.0,0.0
74.96061053291076,46.0,0.0
74.96993113053063,45.0,0.0
74.98108319994058,44.0,0.0
74.99576060534812,45.0,0.0
74.99675493817722,44.0,0.0
74.99900743174625,45.0,0.0
75.0041986599026,46.0,0.0
75.00496739731895,45.0,0.0
75.00794898766021,44.0,0.0
75.01024501818564,45.0,0.0
75.01495041592192,44.0,0.0
75.02380201316346,45.0,0.0
75.04462984899806,46.0,0.0
75.0472465388885,45.0,0.0
75.04827844827885,44.0,0.0
75.06190389730797,43.0,0.0
75.0621531130428,44.0,0.0
75.06513908127575,43.0,0.0
75.08972736278173,42.0,0.0
75.0905075303964,41.0,0.0
75.09352508197985,40.0,0.0
75.10446291691719,39.0,0.0
75.11052873292114,40.0,0.0
75.12932028072491,39.0,0.0
75.13594550923565,40.0,0.0
75.14090230264054,39.0,0.0
75.14250770463622,38.0,0.0
75.14969011544797,37.0,0.0
75.15286177052344,38.0,0.0
75.15774157821207,39.0,0.0
75.16984890467155,38.0,0.0
75.17896360692119,37.0,0.0
75.19617988379466,36.0,0.0
75.2007009207459,35.0,0.0
75.20726741265337,34.0,0.0
75.21971681449357,33.0,0.0
75.22067968111486,32.0,0.0
75.23149948545341,33.0,0.0
75.25829570024595,32.0,0.0
75.25997702584723,33.0,0.0
75.2679793337971,32.0,0.0
75.28534711590572,33.0,0.0
75.30719457284393,32.0,0.0
75.33204654171249,31.0,0.0
75.33803977914413,30.0,0.0
75.36702486448492,29.0,0.0
75.36811739893193,28.0,0.0
75.38528803098852,27.0,0.0
75.38570779433927,28.0,0.0
75.38705760098557,27.0,0.0
75.38725426688424,28.0,0.0
75.39113926792432,29.0,0.0
75.40032583263384,28.0,0.0
75.4139252116202,27.0,0.0
75.43366942970377,26.0,0.0
75.45806147403184,25.0,0.0
75.46313383716641,26.0,0.0
75.467403647015,25.0,0.0
75.4730836843911,24.0,0.0
75.47914044554157,25.0,0.0
75.48258460715277,26.0,0.0
75.51445322336794,25.0,0.0
75.51731733383897,24.0,0.0
75.51950763886907,23.0,0.0
75.56307699184593,24.0,0.0
75.5652745962783,23.0,0.0
75.56551792661759,22.0,0.0
75.56681958575571,21.0,0.0
75.56814725125474,20.0,0.0
75.60555927114474,19.0,0.0
75.60671755871427,18.0,0.0
75.62259523371034,17.0,0.0
75.62470827905955,18.0,0.0
75.6297842692496,19.0,0.0
75.63440197824104,20.0,0.0
75.65267816852818,19.0,0.0
75.6538576608796,18.0,0.0
75.6628264610001,17.0,0.0
75.66462541991618,18.0,0.0
75.67857580833783,17.0,0.0
75.68646226892226,16.0,0.0
75.69016555155588,17.0,0.0
75.69152402874374,18.0,0.0
75.70310247909931,19.0,0.0
75.71330240899708,18.0,0.0
75.74861408703617,17.0,0.0
75.75159713533476,18.0,0.0
75.75201175333531,19.0,0.0
75.7661466749336,18.0,0.0
75.76747433816283,17.0,0.0
75.77073783345716,16.0,0.0
75.78645340677465,15.0,0.0
75.78721023588778,14.0,0.0
75.7932446998771,13.0,0.0
75.80064009634424,12.0,0.0
75.81101452324425,11.0,0.0
75.81320277898821,10.0,0.0
75.82516488007508,9.0,0.0
75.82854805003893,8.0,0.0
75.8299137791298,7.0,0.0
75.84960308111393,6.0,0.0
75.85769687590349,5.0,0.0
75.88493574442356,6.0,0.0
75.88539907031999,7.0,0.0
75.88766308113962,6.0,0.0
75.89167098268373,7.0,0.0
75.89176460101913,8.0,0.0
75.89969363481437,7.0,0.0
75.90737889433201,6.0,0.0
75.91501008861486,5.0,0.0
75.91601743090337,4.0,0.0
75.92632839280817,3.0,0.0
75.94848068703311,4.0,0.0
75.949079982838,3.0,0.0
75.95710886147285,2.0,0.0
75.96006575270486,3.0,0.0
75.98631293086784,4.0,0.0
75.99089085112175,5.0,0.0
75.99951550934583,4.0,0.0
76.0001114516873,5.0,0.0
76.04471737443652,4.0,0.0
76.07615691552974,5.0,0.0
76.08169819014674,4.0,0.0
76.09689095997946,3.0,0.0
76.10334699853985,2.0,0.0
76.10925239369033,3.0,0.0
76.1169080980907,2.0,0.0
76.13278013816813,3.0,0.0
76.1358787197889,2.0,0.0
76.13617750133506,1.0,0.0
76.13677934670292,0.0,0.0
76.15666064479993,1.0,0.0
76.1688147919692,0.0,0.0
76.21258325680965,1.0,0.0
76.25593788563219,0.0,0.0
76.31559265221595,1.0,0.0
76.34393454925636,2.0,0.0
76.36626919157577,1.0,0.0
76.3762452873627,0.0,0.0
76.40215723897825,1.0,0.0
76.41506330791744,0.0,0.0
76.44895036493607,1.0,0.0
76.4546242182415,0.0,0.0
76.52782540036145,1.0,0.0
76.53079013805458,0.0,0.0
76.54691990974472,1.0,0.0
76.56208618692983,2.0,0.0
76.57156444402699,3.0,0.0
76.57704616250986,2.0,0.0
76.58415443507594,1.0,0.0
76.58793159533687,0.0,0.0
76.66447567524875,1.0,0.0
76.69453746347868,0.0,0.0
76.69672732857737,1.0,0.0
76.71449009874604,0.0,0.0
76.74235724972498,1.0,0.0
76.74855351489693,0.0,0.0
76.78572439166118,1.0,0.0
76.7933283843174,0.0,0.0
76.88292672855772,1.0,0.0
76.88630625805862,0.0,0.0
76.9101261680742,1.0,0.0
76.91783084193005,2.0,0.0
76.92454777047692,3.0,0.0
76.9517928858211,2.0,0.0
76.95455275379452,1.0,0.0
76.9851998814446,2.0,0.0
76.99270668391095,1.0,0.0
77.00899959294873,0.0,0.0
77.02660989050773,1.0,0.0
77.03608755828225,0.0,0.0
77.09833302806513,1.0,0.0
77.10457602958881,2.0,0.0
77.14165472521323,1.0,0.0
77.16339773543444,0.0,0.0
77.18652990292789,1.0,0.0
77.21628164521493,0.0,0.0
77.28205609323658,1.0,0.0
77.33658489132483,0.0,0.0
77.38557897778047,1.0,0.0
77.40707700193019,0.0,0.0
77.41762210296139,1.0,0.0
77.45546461155695,2.0,0.0
77.46332936809692,1.0,0.0
77.47031640518365,0.0,0.0
77.52585334052799,1.0,0.0
77.55499825890375,0.0,0.0
77.64097166234384,1.0,0.0
77.64127776142365,0.0,0.0
77.68628061853448,1.0,0.0
77.7022222406938,0.0,0.0
77.80766423898737,1.0,0.0
77.80864755137384,2.0,0.0
77.8217836751942,3.0,0.0
77.82589917432493,2.0,0.0
77.83850270661942,3.0,0.0
77.84668024472327,2.0,0.0
77.919274308939,1.0,0.0
77.96392422055831,0.0,0.0
77.99666506770446,1.0,0.0
78.00101937580689,0.0,0.0
78.00831159404456,1.0,0.0
78.0555214844393,0.0,0.0
78.05791803611822,1.0,0.0
78.06147422643572,2.0,0.0
78.09259514400536,1.0,0.0
78.12287655078649,0.0,0.0
78.12343101251787,1.0,0.0
78.14217108073956,2.0,0.0
78.16965710966859,1.0,0.0
78.21323997900063,2.0,0.0
78.24592961458114,1.0,0.0
78.26061909756542,0.0,0.0
78.2824379397976,1.0,0.0
78.29283484779793,0.0,0.0
78.3151547666559,1.0,0.0
78.34012768633255,2.0,0.0
78.37003055304682,1.0,0.0
78.37231958807921,0.0,0.0
78.38967915977348,1.0,0.0
78.39198655064831,0.0,0.0
78.39875269695557,1.0,0.0
78.39926406678393,2.0,0.0
78.44040235588794,1.0,0.0
78.46784586263956,2.0,0.0
78.48215805430394,3.0,0.0
78.48785181260165,2.0,0.0
78.50437593644575,1.0,0.0
78.51200481682037,2.0,0.0
78.52621126776997,1.0,0.0
78.54362126471695,0.0,0.0
78.62432899194678,1.0,0.0
78.63193220218054,2.0,0.0
78.64159816579478,1.0,0.0
78.65299219265133,0.0,0.0
78.69910761979959,1.0,0.0
78.70345506286152,0.0,0.0
78.73929047743466,1.0,0.0
78.74567832259022,0.0,0.0
78.84708110543981,1.0,0.0
78.8507538931584,2.0,0.0
78.8570973539558,1.0,0.0
78.88461785383602,2.0,0.0
78.91553202793322,1.0,0.0
78.95031113502613,0.0,0.0
78.97138597637488,1.0,0.0
78.97513171098598,0.0,0.0
79.10197098194267,1.0,0.0
79.11828027115017,0.0,0.0
79.13265569784453,1.0,0.0
79.15079049189112,2.0,0.0
79.16944421634265,3.0,0.0
79.20000033596028,4.0,0.0
79.21205031190293,3.0,0.0
79.23485573169927,4.0,0.0
79.23686153927257,3.0,0.0
79.2484536441196,4.0,0.0
79.26806342782255,3.0,0.0
79.2749250116914,2.0,0.0
79.27862018989897,1.0,0.0
79.29460973631693,0.0,0.0
79.30248602086154,1.0,0.0
79.32441084718477,0.0,0.0
79.37868682465292,1.0,0.0
79.37894538950124,2.0,0.0
79.39925323061024,1.0,0.0
79.39976961481771,0.0,0.0
79.4625674356896,1.0,0.0
79.4708298744072,2.0,0.0
79.47774378497715,1.0,0.0
79.50664243986533,0.0,0.0
79.56599011853417,1.0,0.0
79.59064256765399,2.0,0.0
79.6032633049886,1.0,0.0
79.66338911652056,2.0,0.0
79.67850529405243,3.0,0.0
79.6800261556896,2.0,0.0
79.68660774962206,1.0,0.0
79.69559763935315,2.0,0.0
79.6966001027281,1.0,0.0
79.70185125035874,2.0,0.0
79.70217941892936,3.0,0.0
79.70430571992217,2.0,0.0
79.70850533716013,3.0,0.0
79.72923278186659,4.0,0.0
79.73665216804682,3.0,0.0
79.76788263872945,2.0,0.0
79.77570278836873,1.0,0.0
79.79535288157052,0.0,0.0
79.82467518531851,1.0,0.0
79.82727823688248,2.0,0.0
79.83153503406415,1.0,0.0
79.8377175288702,0.0,0.0
79.8542534202594,1.0,0.0
79.86005266232786,0.0,0.0
79.8727447943442,1.0,0.0
79.88756777234948,2.0,0.0
79.90149617626682,3.0,0.0
79.91141955119052,4.0,0.0
79.92106372427794,5.0,0.0
79.9302389082573,6.0,0.0
79.93338246978988,7.0,0.0
79.93881479006913,8.0,0.0
79.96925338825517,9.0,0.0
79.97348820278623,10.0,0.0
79.97755808296235,11.0,0.0
79.98704841342044,12.0,0.0
79.99560165485077,11.0,0.0
80.00068224688671,12.0,0.0
80.00775596228226,13.0,0.0
80.01485326091,12.0,0.0
80.01673175548481,11.0,0.0
80.04341324331715,12.0,0.0
80.04469128604083,11.0,0.0
80.0503964451491,10.0,0.0
80.05642335757352,9.0,0.0
80.05818802290035,10.0,0.0
80.06314242385066,9.0,0.0
80.06420934255156,10.0,0.0
80.06830402520553,9.0,0.0
80.07508123501287,8.0,0.0
80.08590661771812,7.0,0.0
80.09244555844171,6.0,0.0
80.10281885042336,5.0,0.0
80.10656672131445,4.0,0.0
80.11179710189283,5.0,0.0
80.1186763863529,6.0,0.0
80.12533513189874,5.0,0.0
80.12546328456227,4.0,0.0
80.13283791185218,3.0,0.0
80.13789207525296,4.0,0.0
80.13954182930277,3.0,0.0
80.14744781612106,4.0,0.0
80.1480767361931,3.0,0.0
80.15630137534896,2.0,0.0
80.15910091908592,3.0,0.0
80.17516025239503,2.0,0.0
80.19612049423326,3.0,0.0
80.19961382685781,2.0,0.0
80.2042252565476,3.0,0.0
80.20632009366814,4.0,0.0
80.24626700620433,3.0,0.0
80.27659308031726,2.0,0.0
80.27763266910102,1.0,0.0
80.28695997395276,0.0,0.0
80.28923108949132,1.0,0.0
80.29203212754017,0.0,0.0
80.29542994633502,1.0,0.0
80.31013109198797,0.0,0.0
80.3135282827024,1.0,0.0
80.31695379804628,2.0,0.0
80.32518871810922,3.0,0.0
80.3255509397995,2.0,0.0
80.33269207191859,1.0,0.0
80.33536343331053,2.0,0.0
80.33967786754907,1.0,0.0
80.34127004145331,0.0,0.0
80.34700307489041,1.0,0.0
80.37853236028685,2.0,0.0
80.40518580778452,3.0,0.0
80.42913265306012,4.0,0.0
80.43983190210714,3.0,0.0
80.44474995416826,2.0,0.0
80.45703181118776,1.0,0.0
80.46244265476827,2.0,0.0
80.4641178687172,3.0,0.0
80.50394464015717,4.0,0.0
80.5164441136326,3.0,0.0
80.51811554687428,4.0,0.0
80.51818516330285,3.0,0.0
80.55464072310919,2.0,0.0
80.57533694488582,3.0,0.0
80.57660081822773,4.0,0.0
80.57868782705272,5.0,0.0
80.58779943930759,6.0,0.0
80.61477064986113,5.0,0.0
80.63179027563608,4.0,0.0
80.63734086071726,5.0,0.0
80.64369676715445,4.0,0.0
80.66763895707354,3.0,0.0
80.67529379305043,4.0,0.0
80.68861171618553,3.0,0.0
80.69521591096243,2.0,0.0
80.70874299171881,1.0,0.0
80.72598050437348,2.0,0.0
80.73483144830159,1.0,0.0
80.75066757899506,0.0,0.0
80.77494397789931,1.0,0.0
80.78943734745653,0.0,0.0
80.79404569193228,1.0,0.0
80.79775075178075,2.0,0.0
80.79904883464312,1.0,0.0
80.81382270722841,0.0,0.0
80.81421480624464,1.0,0.0
80.8157433230886,2.0,0.0
80.8268657756743,1.0,0.0
80.82968034272557,2.0,0.0
80.83107598383636,3.0,0.0
80.83468251321304,4.0,0.0
80.85694340315561,5.0,0.0
80.88070342397624,4.0,0.0
80.89439352187064,5.0,0.0
80.91176649006229,6.0,0.0
80.92934811146513,7.0,0.0
80.94516789657361,6.0,0.0
80.94652968645119,5.0,0.0
80.95311945734181,6.0,0.0
80.95339156945559,7.0,0.0
80.95397259548743,8.0,0.0
80.95715882052406,7.0,0.0
80.96089441267073,8.0,0.0
80.96450047191699,9.0,0.0
80.9665711376326,8.0,0.0
80.97396560609243,7.0,0.0
80.97556977460214,8.0,0.0
80.97695043715622,9.0,0.0
80.97741699534897,10.0,0.0
81.00063893518079,9.0,0.0
81.00984554001104,8.0,0.0
81.01559837926537,7.0,0.0
81.01822522167643,8.0,0.0
81.02454478752801,9.0,0.0
81.02989545658124,10.0,0.0
81.02990057010814,9.0,0.0
81.0385951073406,10.0,0.0
81.03877050354114,9.0,0.0
81.04035613734925,10.0,0.0
81.04239651107288,11.0,0.0
81.06781257939807,12.0,0.0
81.06818004707749,11.0,0.0
81.07909556518135,12.0,0.0
81.08275500524513,11.0,0.0
81.08348328451147,10.0,0.0
81.09240382182519,11.0,0.0
81.09299055183996,12.0,0.0
81.09414528026339,13.0,0.0
81.1064966897988,12.0,0.0
81.11034815942469,13.0,0.0
81.11188462323285,14.0,0.0
81.11556356637152,13.0,0.0
81.11787529449545,12.0,0.0
81.11997338744753,13.0,0.0
81.12141125905495,12.0,0.0
81.12149514953462,11.0,0.0
81.12674095633493,10.0,0.0
81.13023934752324,9.0,0.0
81.1471502028121,8.0,0.0
81.16193670903233,9.0,0.0
81.16242978589605,10.0,0.0
81.18045596860661,9.0,0.0
81.19202135985417,10.0,0.0
81.19476376879257,11.0,0.0
81.19713881572828,12.0,0.0
81.20369259680913,11.0,0.0
81.2066739827894,10.0,0.0
81.2168772951463,9.0,0.0
81.21951933490382,8.0,0.0
81.22358526617029,7.0,0.0
81.23133508877052,8.0,0.0
81.24210181070893,9.0,0.0
81.24458473761764,10.0,0.0
81.2468006433592,11.0,0.0
81.25628428682637,10.0,0.0
81.26380730079994,9.0,0.0
81.26455011735622,8.0,0.0
81.27900540670258,9.0,0.0
81.2802224479196,8.0,0.0
81.28854124213264,9.0,0.0
81.2906216733346,8.0,0.0
81.29264915006169,9.0,0.0
81.29482064391578,10.0,0.0
81.31276811247854,9.0,0.0
81.31349705332454,10.0,0.0
81.32914361054664,9.0,0.0
81.35241640474304,10.0,0.0
81.35251487559177,11.0,0.0
81.3599301649009,10.0,0.0
81.36718672915467,11.0,0.0
81.37083303464243,12.0,0.0
81.39607882959928,11.0,0.0
81.39716562098216,10.0,0.0
81.41652599648565,11.0,0.0
81.41936478922956,10.0,0.0
81.42920383820768,11.0,0.0
81.43200853713864,10.0,0.0
81.44300390277942,11.0,0.0
81.45019889476926,12.0,0.0
81.4572004189759,11.0,0.0
81.46400483872156,10.0,0.0
81.46547882480179,11.0,0.0
81.47212377974819,12.0,0.0
81.47611771867552,13.0,0.0
81.47751296761818,14.0,0.0
81.4786114757937,15.0,0.0
81.4861353150511,16.0,0.0
81.48658098016996,17.0,0.0
81.49779325949878,18.0,0.0
81.49790862197915,19.0,0.0
81.49937209529513,18.0,0.0
81.50684935700313,19.0,0.0
81.5135671345251,18.0,0.0
81.5166980309225,17.0,0.0
81.52936092551944,16.0,0.0
81.5378743767647,15.0,0.0
81.55325923194056,14.0,0.0
81.55554922419182,13.0,0.0
81.56219797452898,12.0,0.0
81.56388739287489,13.0,0.0
81.57184482396966,14.0,0.0
81.57773392660481,15.0,0.0
81.5839776821662,16.0,0.0
81.59365631225863,15.0,0.0
81.59678189253836,16.0,0.0
81.60968595868226,15.0,0.0
81.61997601419195,16.0,0.0
81.62231890169389,15.0,0.0
81.63032487738596,16.0,0.0
81.63441414378538,17.0,0.0
81.63620155592659,16.0,0.0
81.63781431907749,15.0,0.0
81.63997659113123,14.0,0.0
81.64655367889773,15.0,0.0
81.64884176931216,16.0,0.0
81.65769720580822,15.0,0.0
81.65949159673195,16.0,0.0
81.66516867939458,17.0,0.0
81.66573836753973,18.0,0.0
81.66773958992746,19.0,0.0
81.67202590487497,18.0,0.0
81.6748397291243,17.0,0.0
81.67492477984744,16.0,0.0
81.68174457111935,17.0,0.0
81.68879035338567,18.0,0.0
81.692595711567,17.0,0.0
81.69842176679867,16.0,0.0
81.71126617946409,17.0,0.0
81.7124682167076,18.0,0.0
81.71933361648138,19.0,0.0
81.72004730965728,18.0,0.0
81.73264020701991,19.0,0.0
81.73546829252878,20.0,0.0
81.74304486620457,19.0,0.0
81.77143440929753,18.0,0.0
81.7826707732905,19.0,0.0
81.78491941650294,18.0,0.0
81.78498146167199,19.0,0.0
81.78967429044282,20.0,0.0
81.78967843667273,21.0,0.0
81.79688069028217,20.0,0.0
81.7981887413281,21.0,0.0
81.81059536198086,22.0,0.0
81.82593058160823,21.0,0.0
81.8340025290906,20.0,0.0
81.83480648677022,19.0,0.0
81.84193560340185,20.0,0.0
81.84480465010871,19.0,0.0
81.84727737887047,18.0,0.0
81.85600502805565,17.0,0.0
81.85874216443946,16.0,0.0
81.86997799419316,15.0,0.0
81.87284787592611,16.0,0.0
81.88264665317553,17.0,0.0
81.88633077781091,16.0,0.0
81.89067000666356,17.0,0.0
81.8916725672612,18.0,0.0
81.89635133526852,17.0,0.0
81.90091895569792,18.0,0.0
81.91131337162123,19.0,0.0
81.9173401837999,20.0,0.0
81.91828646272764,21.0,0.0
81.92894270211164,20.0,0.0
81.94455635127044,19.0,0.0
81.94799742713386,20.0,0.0
81.9489240477264,19.0,0.0
81.95447768305196,18.0,0.0
81.97905359579302,17.0,0.0
81.98131311342196,16.0,0.0
81.99068411651525,15.0,0.0
81.99597987413053,16.0,0.0
82.00007437041548,17.0,0.0
82.02209857845328,18.0,0.0
82.0221968989341,17.0,0.0
82.02840369819485,18.0,0.0
82.0358749494604,17.0,0.0
82.04407736716635,18.0,0.0
82.04424136899193,17.0,0.0
82.04773502609788,18.0,0.0
82.04820735926941,19.0,0.0
82.054679822339,20.0,0.0
82.05541350864296,19.0,0.0
82.0583684496347,18.0,0.0
82.06052039470701,17.0,0.0
82.06312376650712,16.0,0.0
82.066813638861,17.0,0.0
82.08240491043296,18.0,0.0
82.08571029300965,17.0,0.0
82.08857815443442,16.0,0.0
82.09038593694805,17.0,0.0
82.09600241518152,18.0,0.0
82.12725275883916,17.0,0.0
82.13742465093954,18.0,0.0
82.1387762792715,17.0,0.0
82.15520186171007,16.0,0.0
82.16484212493141,17.0,0.0
82.16652242811286,16.0,0.0
82.1695543110355,15.0,0.0
82.17074829354179,14.0,0.0
82.17608238573307,13.0,0.0
82.17859292067347,14.0,0.0
82.18521959541334,13.0,0.0
82.20047380942742,14.0,0.0
82.201514322968,13.0,0.0
82.20472280168863,12.0,0.0
82.20906205730348,11.0,0.0
82.20983966518229,10.0,0.0
82.2133610009199,9.0,0.0
82.21378396368543,10.0,0.0
82.21525008784086,11.0,0.0
82.21885014152332,12.0,0.0
82.21980948659741,11.0,0.0
82.22811671670652,10.0,0.0
82.23708358787411,9.0,0.0
82.24462577276566,10.0,0.0
82.25996566538873,11.0,0.0
82.26461999802171,12.0,0.0
82.26846372572807,11.0,0.0
82.2700998319502,12.0,0.0
82.27324087583828,13.0,0.0
82.27517151132231,12.0,0.0
82.27830309022191,13.0,0.0
82.29122727182602,12.0,0.0
82.2981868575525,13.0,0.0
82.30764055184353,14.0,0.0
82.3112701743505,13.0,0.0
82.31344684723142,14.0,0.0
82.3251250333601,13.0,0.0
82.33160958324541,12.0,0.0
82.36590859050726,11.0,0.0
82.36927029039708,10.0,0.0
82.37442676726484,11.0,0.0
82.37570847958871,10.0,0.0
82.37577261661592,11.0,0.0
82.37728875296398,10.0,0.0
82.37763641530451,11.0,0.0
82.3796167014967,12.0,0.0
82.38988466603239,11.0,0.0
82.39536314639997,10.0,0.0
82.40672021403232,9.0,0.0
82.40741959510174,10.0,0.0
82.40906235509398,11.0,0.0
82.41408604740931,12.0,0.0
82.42143459100532,13.0,0.0
82.42228600955512,14.0,0.0
82.42748830721462,15.0,0.0
82.43180408340567,14.0,0.0
82.43464241059723,13.0,0.0
82.44282903724407,12.0,0.0
82.44434645175689,11.0,0.0
82.44738122318347,10.0,0.0
82.45016246646632,9.0,0.0
82.46207829378348,10.0,0.0
82.47298351170288,11.0,0.0
82.47301847148489,12.0,0.0
82.47322072529508,13.0,0.0
82.47374670608275,12.0,0.0
82.47469995694532,11.0,0.0
82.4809617167422,10.0,0.0
82.50161676064839,11.0,0.0
82.50400789346445,10.0,0.0
82.51648566504639,11.0,0.0
82.52114291950849,10.0,0.0
82.53641731383773,11.0,0.0
82.54768031792086,12.0,0.0
82.55588149020817,13.0,0.0
82.56017663053738,14.0,0.0
82.56686691974268,13.0,0.0
82.56737133340158,14.0,0.0
82.56859042014975,15.0,0.0
82.59098382631802,16.0,0.0
82.59213740344457,15.0,0.0
82.59786799034401,14.0,0.0
82.60466218236805,15.0,0.0
82.61566164933718,16.0,0.0
82.61708288820334,15.0,0.0
82.63662270366432,14.0,0.0
82.63929244022677,13.0,0.0
82.6437410063961,14.0,0.0
82.64557170185418,15.0,0.0
82.64709854142374,16.0,0.0
82.64963070404048,15.0,0.0
82.650144919906,14.0,0.0
82.65223107876477,13.0,0.0
82.66378461889553,14.0,0.0
82.66670339984341,13.0,0.0
82.66992674519572,12.0,0.0
82.67275592652605,13.0,0.0
82.68014590734477,14.0,0.0
82.69094172165669,15.0,0.0
82.69707509342439,14.0,0.0
82.69744978336642,15.0,0.0
82.70268538673984,16.0,0.0
82.72322674719565,15.0,0.0
82.7603008358064,16.0,0.0
82.76083413469004,17.0,0.0
82.7608915729504,18.0,0.0
82.7643192693445,19.0,0.0
82.7676637742566,20.0,0.0
82.7731359618096,19.0,0.0
82.77445290846875,18.0,0.0
82.77829429200344,17.0,0.0
82.79099075772953,18.0,0.0
82.79524228421108,19.0,0.0
82.8006984239206,18.0,0.0
82.8019564237073,19.0,0.0
82.80214386185973,18.0,0.0
82.8030375302996,19.0,0.0
82.81631652706298,20.0,0.0
82.82362217484598,21.0,0.0
82.82645085370555,22.0,0.0
82.82798629188939,21.0,0.0
82.82843839855155,22.0,0.0
82.8435561403329,21.0,0.0
82.84683436617723,22.0,0.0
82.85596231279006,21.0,0.0
82.85870465395678,20.0,0.0
82.86003529263039,19.0,0.0
82.86090457694375,20.0,0.0
82.87223502356343,19.0,0.0
82.87507014910958,20.0,0.0
82.8774029021784,21.0,0.0
82.89065638574439,22.0,0.0
82.89520153925021,21.0,0.0
82.90623623720911,20.0,0.0
82.91911834393939,21.0,0.0
82.92404295710291,22.0,0.0
82.92543969622469,21.0,0.0
82.93275830807059,22.0,0.0
82.93616732232984,23.0,0.0
82.94827678600959,24.0,0.0
82.94982559800644,23.0,0.0
82.95604594515828,22.0,0.0
82.95655104479818,21.0,0.0
82.95845248581654,20.0,0.0
82.96514377589848,21.0,0.0
82.97346374550413,22.0,0.0
82.97452805852784,23.0,0.0
82.98154305477642,24.0,0.0
82.98305571942858,25.0,0.0
82.98422047564266,26.0,0.0
82.98699566476053,25.0,0.0
82.9881289308867,26.0,0.0
82.98827114097176,27.0,0.0
82.99218469937779,28.0,0.0
82.99459875711158,27.0,0.0
82.99899003304135,26.0,0.0
83.0016671545794,27.0,0.0
83.00716875655988,26.0,0.0
83.01530320570492,27.0,0.0
83.0195168564627,28.0,0.0
83.02190486725624,29.0,0.0
83.03450503447681,30.0,0.0
83.03500596984286,31.0,0.0
83.04000541594502,30.0,0.0
83.04328986575834,31.0,0.0
83.05181520944728,30.0,0.0
83.06087565056418,29.0,0.0
83.06611247628251,28.0,0.0
83.07435792900398,29.0,0.0
83.07831041926882,28.0,0.0
83.08031891093337,27.0,0.0
83.09304517412593,28.0,0.0
83.09609910175867,29.0,0.0
83.10982054905381,28.0,0.0
83.11316498260769,29.0,0.0
83.11391660149519,30.0,0.0
83.12133262506418,31.0,0.0
83.1246791046268,30.0,0.0
83.12540126022105,29.0,0.0
83.13183350126755,30.0,0.0
83.13490343909997,29.0,0.0
83.14558814733135,28.0,0.0
83.14997895564302,27.0,0.0
83.1500585400154,26.0,0.0
83.15060359612393,25.0,0.0
83.15605659741364,24.0,0.0
83.16202667419614,23.0,0.0
83.1661051536571,22.0,0.0
83.17369387637223,21.0,0.0
83.18190319488839,20.0,0.0
83.1896074288884,21.0,0.0
83.19032051897312,22.0,0.0
83.19163489743886,23.0,0.0
83.20108989921985,24.0,0.0
83.20509656189233,25.0,0.0
83.21147158789269,26.0,0.0
83.21420802363677,27.0,0.0
83.21740790743337,26.0,0.0
83.21795468583353,27.0,0.0
83.21843753991952,28.0,0.0
83.22722349186427,27.0,0.0
83.22967511103677,26.0,0.0
83.23717380843544,25.0,0.0
83.24790924665533,24.0,0.0
83.24981078349273,25.0,0.0
83.25073328908024,24.0,0.0
83.25102377376545,25.0,0.0
83.25141797468301,24.0,0.0
83.25410461928607,23.0,0.0
83.26376581411799,22.0,0.0
83.2731275941602,23.0,0.0
83.2756861622721,24.0,0.0
83.27777599834188,25.0,0.0
83.27867971068788,24.0,0.0
83.28080083328848,23.0,0.0
83.30031653185628,22.0,0.0
83.30093161032927,23.0,0.0
83.31377804835505,24.0,0.0
83.32373376169447,23.0,0.0
83.33610554061316,24.0,0.0
83.33851881527345,23.0,0.0
83.33938640331029,22.0,0.0
83.3408747248945,23.0,0.0
83.35281873653635,24.0,0.0
83.36369010792703,25.0,0.0
83.36763366364941,26.0,0.0
83.37038930342368,27.0,0.0
83.37537797366001,28.0,0.0
83.3768467543948,27.0,0.0
83.37992728553886,26.0,0.0
83.38781545060971,25.0,0.0
83.39928222517098,26.0,0.0
83.40093140504729,25.0,0.0
83.4036625018422,26.0,0.0
83.40858446206565,27.0,0.0
83.41416354132062,26.0,0.0
83.42523585349284,27.0,0.0
83.44728830798573,26.0,0.0
83.46090152328595,25.0,0.0
83.47370757604058,26.0,0.0
83.47556626880802,27.0,0.0
83.47682948594725,28.0,0.0
83.47800703958255,29.0,0.0
83.4878151926951,28.0,0.0
83.48966417388014,29.0,0.0
83.49079000371717,28.0,0.0
83.49088422817745,27.0,0.0
83.49234053540849,26.0,0.0
83.49442362741377,25.0,0.0
83.49514828716246,26.0,0.0
83.50778862125756,27.0,0.0
83.51056539611633,26.0,0.0
83.52024929445271,27.0,0.0
83.5317561979481,26.0,0.0
83.53675181296309,27.0,0.0
83.54195145307501,26.0,0.0
83.55256070030438,27.0,0.0
83.55967028409557,28.0,0.0
83.56131466980639,29.0,0.0
83.56404486169018,30.0,0.0
83.56608928569194,29.0,0.0
83.56723478591738,28.0,0.0
83.57353024074972,29.0,0.0
83.57516070899291,30.0,0.0
83.5952090508757,29.0,0.0
83.60249767310579,30.0,0.0
83.60314191748316,29.0,0.0
83.60525215091134,28.0,0.0
83.60934756122269,27.0,0.0
83.61489265872694,28.0,0.0
83.62547561607215,29.0,0.0
83.62851503348692,28.0,0.0
83.63375345970415,27.0,0.0
83.65611514256697,26.0,0.0
83.66201459986874,27.0,0.0
83.66436294039403,26.0,0.0
83.6690502577795,25.0,0.0
83.67507177032901,24.0,0.0
83.67531712147853,23.0,0.0
83.67613338602723,24.0,0.0
83.67887531452998,25.0,0.0
83.68455278018119,24.0,0.0
83.68926141730279,25.0,0.0
83.68963190294822,24.0,0.0
83.69210825014017,23.0,0.0
83.6942410425842,24.0,0.0
83.7005102426176,23.0,0.0
83.7007643940655,22.0,0.0
83.70297108209789,23.0,0.0
83.70331337608256,24.0,0.0
83.70481620089075,23.0,0.0
83.70493132075003,22.0,0.0
83.70614948440264,23.0,0.0
83.70856739435915,24.0,0.0
83.7112055692417,25.0,0.0
83.71217910690471,26.0,0.0
83.72742399178969,27.0,0.0
83.73902534355928,28.0,0.0
83.74094698432003,27.0,0.0
83.74241062390115,26.0,0.0
83.75432105351535,27.0,0.0
83.76421286349358,28.0,0.0
83.77958796328885,29.0,0.0
83.78025516785065,30.0,0.0
83.78057595477668,29.0,0.0
83.78940151291533,30.0,0.0
83.79021835358645,29.0,0.0
83.79120052400472,28.0,0.0
83.79511362001948,29.0,0.0
83.79621446206454,28.0,0.0
83.8007316979151,29.0,0.0
83.80789689956349,28.0,0.0
83.81288600087684,27.0,0.0
83.81524764518845,28.0,0.0
83.81559004181906,27.0,0.0
83.81572613268007,26.0,0.0
83.81610339407237,27.0,0.0
83.81994444824176,28.0,0.0
83.82163634894371,27.0,0.0
83.82713221847949,28.0,0.0
83.83395145841338,29.0,0.0
83.83522012810931,28.0,0.0
83.83599193134128,29.0,0.0
83.83676937424278,30.0,0.0
83.83814993120221,29.0,0.0
83.84057293610951,30.0,0.0
83.84268052122061,29.0,0.0
83.85073409382632,30.0,0.0
83.85134149159079,29.0,0.0
83.85633624402357,30.0,0.0
83.85771425291597,31.0,0.0
83.85871688354801,32.0,0.0
83.86800483617637,31.0,0.0
83.86995548120761,32.0,0.0
83.87090508018593,31.0,0.0
83.87374382667241,32.0,0.0
83.88120032572552,31.0,0.0
83.88192868098582,32.0,0.0
83.88447234430944,33.0,0.0
83.89379585239668,32.0,0.0
83.89458108310207,33.0,0.0
83.90511728098843,34.0,0.0
83.91342390369125,33.0,0.0
83.92757474822915,34.0,0.0
83.93194887884454,35.0,0.0
83.93772047781452,36.0,0.0
83.94461504550453,37.0,0.0
83.95350373614437,36.0,0.0
83.95431536502899,35.0,0.0
83.95674828355949,36.0,0.0
83.95886778184523,37.0,0.0
83.96634697660649,38.0,0.0
83.97822338191496,39.0,0.0
83.97938031391037,40.0,0.0
84.0022800610363,39.0,0.0
84.00265226694582,38.0,0.0
84.00513389834741,39.0,0.0
84.01145654470585,40.0,0.0
84.023255273499,41.0,0.0
84.02956054458596,40.0,0.0
84.03586644080035,39.0,0.0
84.03739731778313,40.0,0.0
84.04423475859613,39.0,0.0
84.04468451134154,40.0,0.0
84.04755535041511,39.0,0.0
84.04870972550131,40.0,0.0
84.05098055003417,41.0,0.0
84.05467393730486,42.0,0.0
84.05671427867065,43.0,0.0
84.0573056896306,44.0,0.0
84.06150640000426,43.0,0.0
84.06817965352994,44.0,0.0
84.0696369406826,43.0,0.0
84.0741835143888,42.0,0.0
84.07582681030301,43.0,0.0
84.07637973116417,44.0,0.0
84.08175956026757,45.0,0.0
84.08250545310156,44.0,0.0
84.10183748676378,43.0,0.0
84.10867976204432,44.0,0.0
84.11619692979326,45.0,0.0
84.11795720844131,46.0,0.0
84.12236312980711,45.0,0.0
84.14134186822531,46.0,0.0
84.1415218889545,45.0,0.0
84.1467100345068,44.0,0.0
84.15542665979096,43.0,0.0
84.1606739297414,44.0,0.0
84.18672971595802,45.0,0.0
84.18685675637462,44.0,0.0
84.18934579897596,45.0,0.0
84.19716743130239,44.0,0.0
84.20285683797823,43.0,0.0
84.2146007224987,44.0,0.0
84.21465362143547,45.0,0.0
84.21523007633118,44.0,0.0
84.22242536343825,43.0,0.0
84.22905734668183,44.0,0.0
84.22992359736058,43.0,0.0
84.23753154366018,42.0,0.0
84.23879552577472,41.0,0.0
84.25858931991499,42.0,0.0
84.27488907602162,43.0,0.0
84.28010271719062,44.0,0.0
84.28032027859666,45.0,0.0
84.29151664013848,44.0,0.0
84.29402679475531,45.0,0.0
84.29545519714164,44.0,0.0
84.29815273140937,45.0,0.0
84.30503314277306,44.0,0.0
84.31699679118867,45.0,0.0
84.32103665282762,46.0,0.0
84.32514327484782,45.0,0.0
84.33104077649568,46.0,0.0
84.33493145387034,47.0,0.0
84.3362903858667,48.0,0.0
84.33685975500066,49.0,0.0
84.33695706572632,50.0,0.0
84.33767655487462,49.0,0.0
84.33839473261418,50.0,0.0
84.34494235150864,51.0,0.0
84.36480012855858,52.0,0.0
84.36524963928288,53.0,0.0
84.36644166011112,54.0,0.0
84.36928282052024,55.0,0.0
84.37127863823744,56.0,0.0
84.37214359725655,55.0,0.0
84.3739395546583,56.0,0.0
84.37522817249119,57.0,0.0
84.39171949977757,58.0,0.0
84.39767256961149,59.0,0.0
84.39855296951703,58.0,0.0
84.39880328961733,59.0,0.0
84.4003608930294,60.0,0.0
84.40097797403415,61.0,0.0
84.40939659332433,62.0,0.0
84.41155873230366,61.0,0.0
84.41202523973347,60.0,0.0
84.42775241324529,59.0,0.0
84.43180526079445,60.0,0.0
84.43779202145673,61.0,0.0
84.44070250895318,62.0,0.0
84.44650928398364,63.0,0.0
84.44665564279008,64.0,0.0
84.44971825160664,65.0,0.0
84.46162469648274,64.0,0.0
84.46408254498796,65.0,0.0
84.46662174231325,66.0,0.0
84.47367585511144,67.0,0.0
84.47371064899356,66.0,0.0
84.47603731594248,67.0,0.0
84.47782162033691,68.0,0.0
84.488735110301,69.0,0.0
84.49015128982425,70.0,0.0
84.49862885063575,71.0,0.0
84.50808604072469,72.0,0.0
84.50845415479908,71.0,0.0
84.51112168687418,72.0,0.0
84.51321467485779,73.0,0.0
84.51923840078119,72.0,0.0
84.52017320845526,73.0,0.0
84.54163108218145,72.0,0.0
84.54473154370031,71.0,0.0
84.54480945361456,72.0,0.0
84.56134507383042,71.0,0.0
84.56504177826108,72.0,0.0
84.5661505130892,73.0,0.0
84.5724841827376,74.0,0.0
84.57255248749156,73.0,0.0
84.5757585087496,74.0,0.0
84.57639135712583,75.0,0.0
84.58657614992559,76.0,0.0
84.58767898694174,75.0,0.0
84.60065181065198,74.0,0.0
84.62948721284975,73.0,0.0
84.62990790897642,74.0,0.0
84.63480801877276,75.0,0.0
84.64754865911523,74.0,0.0
84.64947910216922,73.0,0.0
84.6497239199555,72.0,0.0
84.65173183114084,73.0,0.0
84.6561532176126,72.0,0.0
84.66436887686721,73.0,0.0
84.66786023296737,74.0,0.0
84.66937887738213,73.0,0.0
84.67278559578624,72.0,0.0
84.67847308773158,71.0,0.0
84.67941191488843,72.0,0.0
84.6798316426281,73.0,0.0
84.68027002522795,74.0,0.0
84.68408041603276,75.0,0.0
84.68554125067288,74.0,0.0
84.69419775267998,75.0,0.0
84.71392717563785,76.0,0.0
84.71675982842308,77.0,0.0
84.72400590802911,78.0,0.0
84.72430792552925,79.0,0.0
84.72532979148606,80.0,0.0
84.73030211379971,79.0,0.0
84.73184985108443,80.0,0.0
84.73570041749022,79.0,0.0
84.74692337747908,80.0,0.0
84.74800809827978,81.0,0.0
84.7496609304837,82.0,0.0
84.75586009359938,83.0,0.0
84.75893046394002,84.0,0.0
84.77379280218108,83.0,0.0
84.77649239277928,84.0,0.0
84.78337841616552,83.0,0.0
84.78523477029077,82.0,0.0
84.7909314870204,81.0,0.0
84.79910802030183,80.0,0.0
84.80824225039112,81.0,0.0
84.81006931031581,82.0,0.0
84.8124613819219,83.0,0.0
84.8132650175875,82.0,0.0
84.81667647870304,81.0,0.0
84.81900427276256,82.0,0.0
84.82005367974322,81.0,0.0
84.82546235516273,80.0,0.0
84.84426619094934,81.0,0.0
84.84772628662662,82.0,0.0
84.84897340823798,81.0,0.0
84.85185230348569,82.0,0.0
84.86330743472381,83.0,0.0
84.86431803102701,84.0,0.0
84.88576350505144,85.0,0.0
84.89113411436261,86.0,0.0
84.89924578708592,85.0,0.0
84.90086023365427,84.0,0.0
84.90226706211077,83.0,0.0
84.9038709208593,84.0,0.0
84.91202494973189,85.0,0.0
84.91304579145698,86.0,0.0
84.9204629891921,85.0,0.0
84.92080948334365,84.0,0.0
84.93334158840176,83.0,0.0
84.93913501822131,84.0,0.0
84.94942337129761,83.0,0.0
84.95686529543178,82.0,0.0
84.95810211401171,83.0,0.0
84.95859461388471,82.0,0.0
84.96039596372258,83.0,0.0
84.97410637530807,84.0,0.0
84.97605544410476,85.0,0.0
84.98552858201214,86.0,0.0
84.99189853591812,87.0,0.0
84.99831960630146,88.0,0.0
84.99834461766274,89.0,0.0
85.00625170811533,88.0,0.0
85.03794259193823,87.0,0.0
85.03879763003881,88.0,0.0
85.04051424534603,89.0,0.0
85.042071096697,90.0,0.0
85.04858464582455,89.0,0.0
85.0493355155261,90.0,0.0
85.05011840000702,91.0,0.0
85.06049642506478,92.0,0.0
85.06066038859515,93.0,0.0
85.06086573461677,92.0,0.0
85.06089977672245,93.0,0.0
85.06710596166346,94.0,0.0
85.06765572539143,95.0,0.0
85.07330232454494,94.0,0.0
85.07380189780683,93.0,0.0
85.07551500611405,92.0,0.0
85.07610899587706,93.0,0.0
85.08416006210446,92.0,0.0
85.0955576185471,91.0,0.0
85.09815205724372,92.0,0.0
85.09872819426535,91.0,0.0
85.10764947403067,92.0,0.0
85.11059873161064,93.0,0.0
85.13532179383202,94.0,0.0
85.13628462439932,93.0,0.0
85.14042767011524,92.0,0.0
85.1446607580214,91.0,0.0
85.14668678968468,90.0,0.0
85.15075049942823,91.0,0.0
85.1509304951408,92.0,0.0
85.15095446370724,93.0,0.0
85.1512866281494,92.0,0.0
85.16605043599397,93.0,0.0
85.16830588205126,94.0,0.0
85.18213730457363,93.0,0.0
85.19871121464311,94.0,0.0
85.19908829856197,95.0,0.0
85.20122346454389,96.0,0.0
85.20646368264988,95.0,0.0
85.20721625543781,96.0,0.0
85.20921785890606,95.0,0.0
85.20973863146166,96.0,0.0
85.21324280397418,97.0,0.0
85.21844598080386,96.0,0.0
85.22226943606263,97.0,0.0
85.22271105716693,96.0,0.0
85.22638854629004,95.0,0.0
85.22848127230215,94.0,0.0
85.2297091132892,95.0,0.0
85.23756764422794,96.0,0.0
85.2403458609213,97.0,0.0
85.2475943896567,98.0,0.0
85.25388754645908,97.0,0.0
85.25420523545802,96.0,0.0
85.25764584381437,95.0,0.0
85.26925348570663,96.0,0.0
85.27268884724285,95.0,0.0
85.28363008078168,96.0,0.0
85.29036528478706,97.0,0.0
85.29373203669823,96.0,0.0
85.29406595263741,97.0,0.0
85.29461814374496,98.0,0.0
85.29933895633573,97.0,0.0
85.32030943144028,98.0,0.0
85.32394855331646,99.0,0.0
85.33398927319527,100.0,0.0
85.33985938801895,101.0,0.0
85.35037058755103,102.0,0.0
85.35165903113922,101.0,0.0
85.35428765693857,100.0,0.0
85.35668654888106,101.0,0.0
85.3567689652946,100.0,0.0
85.37025328607866,99.0,0.0
85.37156911869967,98.0,0.0
85.38113284039841,99.0,0.0
85.3968775495989,98.0,0.0
85.40971638417145,97.0,0.0
85.41856081290213,98.0,0.0
85.42096792042206,97.0,0.0
85.42315657321426,96.0,0.0
85.4319341887676,95.0,0.0
85.44133416761919,96.0,0.0
85.45163024626896,95.0,0.0
85.45737605429456,96.0,0.0
85.46222238309142,97.0,0.0
85.46391774570931,96.0,0.0
85.46519551673103,95.0,0.0
85.47494053824036,96.0,0.0
85.48901959855061,97.0,0.0
85.5000847591301,96.0,0.0
85.50073721812338,95.0,0.0
85.50465035327153,96.0,0.0
85.5061387472352,95.0,0.0
85.50882242049012,96.0,0.0
85.5096626956701,97.0,0.0
85.51145009281451,98.0,0.0
85.51729500721032,99.0,0.0
85.51893115577695,98.0,0.0
85.52211152366914,97.0,0.0
85.52270986178185,98.0,0.0
85.52857574864586,97.0,0.0
85.53303417996797,98.0,0.0
85.54208438456745,97.0,0.0
85.54285809614952,98.0,0.0
85.54551974691323,99.0,0.0
85.5480264833886,98.0,0.0
85.55032325805018,99.0,0.0
85.55424502896926,100.0,0.0
85.56584897736664,101.0,0.0
85.57337790415967,100.0,0.0
85.59597206953953,101.0,0.0
85.6062667980511,100.0,0.0
85.60997928572026,101.0,0.0
85.6122525941225,100.0,0.0
85.62086188208598,101.0,0.0
85.6210935645099,102.0,0.0
85.62430684593294,101.0,0.0
85.62478941152551,100.0,0.0
85.62621459276988,101.0,0.0
85.63432532712342,102.0,0.0
85.64319096312508,103.0,0.0
85.64688817784823,104.0,0.0
85.64977981097229,105.0,0.0
85.65460075536384,104.0,0.0
85.656720036907,103.0,0.0
85.66005293314213,102.0,0.0
85.66425513468332,103.0,0.0
85.66716201029749,102.0,0.0
85.67424935984013,103.0,0.0
85.67494460209548,104.0,0.0
85.67661043883058,105.0,0.0
85.68017204734103,106.0,0.0
85.68665446289583,105.0,0.0
85.69380070359728,104.0,0.0
85.70574925968629,103.0,0.0
85.70696685781097,102.0,0.0
85.71600419415171,101.0,0.0
85.73123815590844,100.0,0.0
85.73364111559297,101.0,0.0
85.7389181491107,100.0,0.0
85.74358977360711,101.0,0.0
85.74820318841002,102.0,0.0
85.7498013983287,103.0,0.0
85.75197181969354,102.0,0.0
85.75418978360072,101.0,0.0
85.75436017963915,102.0,0.0
85.75626815312053,101.0,0.0
85.75634537862008,100.0,0.0
85.772904732306,101.0,0.0
85.7739605805506,100.0,0.0
85.77732891760786,101.0,0.0
85.79907787426347,102.0,0.0
85.80500010044194,103.0,0.0
85.80657988067219,102.0,0.0
85.82157860179257,101.0,0.0
85.82439425248852,100.0,0.0
85.83067520061252,99.0,0.0
85.83126073494388,100.0,0.0
85.83815259098522,99.0,0.0
85.84800306011569,98.0,0.0
85.85056892807253,97.0,0.0
85.85939823618507,96.0,0.0
85.86010546448105,95.0,0.0
85.86166258584726,94.0,0.0
85.86733631164182,93.0,0.0
85.86859837044555,94.0,0.0
85.87317967330878,95.0,0.0
85.88946025207711,96.0,0.0
85.89829800503304,97.0,0.0
85.90798738075297,96.0,0.0
85.91177191050703,95.0,0.0
85.91264778123573,96.0,0.0
85.9146615228162,95.0,0.0
85.91642307435066,96.0,0.0
85.92024807177398,95.0,0.0
85.92111665164536,94.0,0.0
85.92251393510814,95.0,0.0
85.92367087686863,96.0,0.0
85.92656192250752,95.0,0.0
85.9293688058385,94.0,0.0
85.93135670684124,95.0,0.0
85.93992914327099,96.0,0.0
85.94146024824958,95.0,0.0
85.94341127056244,94.0,0.0
85.94781350021917,95.0,0.0
85.94790194480446,96.0,0.0
85.95740685401339,95.0,0.0
85.95768018785598,94.0,0.0
85.96361404742785,93.0,0.0
85.97086022395557,92.0,0.0
85.97348786250362,93.0,0.0
85.97673524111016,92.0,0.0
85.9814893833608,93.0,0.0
85.98210226141094,94.0,0.0
85.9901157193105,93.0,0.0
86.00735974513898,94.0,0.0
86.0080828538639,95.0,0.0
86.01284459396015,96.0,0.0
86.02113436444985,97.0,0.0
86.02165557870755,98.0,0.0
86.02503057665467,97.0,0.0
86.025657467743,96.0,0.0
86.03230875985822,95.0,0.0
86.03614440304789,94.0,0.0
86.03827478978242,95.0,0.0
86.04167098330659,94.0,0.0
86.05057782788413,95.0,0.0
86.05688383197638,96.0,0.0
86.0613978050736,97.0,0.0
86.06560503848141,98.0,0.0
86.0694270758811,99.0,0.0
86.06968689330542,98.0,0.0
86.07804452990298,97.0,0.0
86.07994841176316,98.0,0.0
86.08213212110851,99.0,0.0
86.09081815762946,100.0,0.0
86.09856687354811,99.0,0.0
86.0991020049801,98.0,0.0
86.11177241314175,97.0,0.0
86.11248591847959,96.0,0.0
86.11608561387668,95.0,0.0
86.11678349230755,96.0,0.0
86.12789096321697,97.0,0.0
86.12892646064732,96.0,0.0
86.1674408733521,97.0,0.0
86.17103877809717,98.0,0.0
86.18699942070607,99.0,0.0
86.1878366006544,98.0,0.0
86.19098039728266,99.0,0.0
86.1977362360192,98.0,0.0
86.2017054712508,99.0,0.0
86.20580360426408,100.0,0.0
86.21302551826534,101.0,0.0
86.21578243818352,100.0,0.0
86.21669587691167,99.0,0.0
86.22194007384373,100.0,0.0
86.22962278238877,99.0,0.0
86.23361865252166,98.0,0.0
86.23619051758223,97.0,0.0
86.24472826998576,98.0,0.0
86.25908605844468,99.0,0.0
86.26499772389347,100.0,0.0
86.27350048993077,101.0,0.0
86.27394240058983,102.0,0.0
86.27406628501711,103.0,0.0
86.28382087746289,102.0,0.0
86.28705397289849,103.0,0.0
86.29418026056663,104.0,0.0
86.29702782937683,103.0,0.0
86.30153091368588,102.0,0.0
86.3031097251035,101.0,0.0
86.30802534379718,100.0,0.0
86.31769597207062,99.0,0.0
86.31876702099886,98.0,0.0
86.32516886990842,99.0,0.0
86.32745752865962,98.0,0.0
86.3312447141798,97.0,0.0
86.33335149076768,98.0,0.0
86.33853957599989,97.0,0.0
86.3388684388459,96.0,0.0
86.3423711523443,97.0,0.0
86.34259508176532,98.0,0.0
86.34545063539558,99.0,0.0
86.34711858946613,100.0,0.0
86.35507472775457,101.0,0.0
86.35901933720181,100.0,0.0
86.36461499285167,101.0,0.0
86.3711640273118,102.0,0.0
86.37646982184751,103.0,0.0
86.39286127652962,102.0,0.0
86.3952464017072,101.0,0.0
86.40122534145827,100.0,0.0
86.40315020514134,99.0,0.0
86.40445001178382,98.0,0.0
86.41391963058598,97.0,0.0
86.41793274973479,98.0,0.0
86.41924223800163,99.0,0.0
86.42859063343847,100.0,0.0
86.45060898334825,101.0,0.0
86.45253423464655,100.0,0.0
86.45813312467527,101.0,0.0
86.46746201025977,100.0,0.0
86.4707934786031,101.0,0.0
86.47138047776924,102.0,0.0
86.47273073002995,103.0,0.0
86.4746694243198,104.0,0.0
86.47716789984733,103.0,0.0
86.47880007003548,102.0,0.0
86.47890768644687,101.0,0.0
86.47978826223942,100.0,0.0
86.48492439405557,99.0,0.0
86.50062247379206,98.0,0.0
86.50292749569564,97.0,0.0
86.50545634095778,98.0,0.0
86.50807242832427,99.0,0.0
86.5110357791931,98.0,0.0
86.52010695967427,99.0,0.0
86.52119382066573,100.0,0.0
86.52352488755557,101.0,0.0
86.52760890231376,102.0,0.0
86.53050519169726,103.0,0.0
86.54725255700775,102.0,0.0
86.54996072446961,101.0,0.0
86.55464202284975,102.0,0.0
86.55607804604668,101.0,0.0
86.56157275068321,102.0,0.0
86.56444914281043,101.0,0.0
86.56794536792906,102.0,0.0
86.57026653309896,101.0,0.0
86.57176516419914,100.0,0.0
86.57249438561347,101.0,0.0
86.57342583216716,100.0,0.0
86.594417757995,99.0,0.0
86.59615466765814,98.0,0.0
86.59769824066154,99.0,0.0
86.60023150638959,98.0,0.0
86.61073119467423,99.0,0.0
86.61464648816938,100.0,0.0
86.62144542747684,101.0,0.0
86.62256826835656,102.0,0.0
86.62433891359518,101.0,0.0
86.62685225726368,102.0,0.0
86.6278160683869,103.0,0.0
86.628477098815,104.0,0.0
86.63219680439913,103.0,0.0
86.63932665411929,102.0,0.0
86.64060825956193,103.0,0.0
86.64329081504368,102.0,0.0
86.64367212126635,103.0,0.0
86.64501783725014,102.0,0.0
86.64751423863878,103.0,0.0
86.65527096572642,104.0,0.0
86.68361663154832,103.0,0.0
86.68387372720969,104.0,0.0
86.6949896955647,103.0,0.0
86.69557008535597,104.0,0.0
86.69589075864846,103.0,0.0
86.69737784903444,102.0,0.0
86.7000371463496,103.0,0.0
86.70017812218535,104.0,0.0
86.70355655560107,103.0,0.0
86.70988445567286,102.0,0.0
86.72363663513518,101.0,0.0
86.73346843604504,102.0,0.0
86.7336455544251,103.0,0.0
86.74878791742124,102.0,0.0
86.74964785626398,103.0,0.0
86.75077765727838,104.0,0.0
86.75371991538618,103.0,0.0
86.75497862901271,104.0,0.0
86.75656368748157,103.0,0.0
86.76054694062664,102.0,0.0
86.76838714045633,101.0,0.0
86.77705449252424,100.0,0.0
86.78092444197202,101.0,0.0
86.78380539114765,100.0,0.0
86.78915466768882,101.0,0.0
86.79298298572458,102.0,0.0
86.79670680213404,103.0,0.0
86.80300948497162,104.0,0.0
86.80305482811221,105.0,0.0
86.81221843774433,104.0,0.0
86.81662320160713,105.0,0.0
86.81874603564634,106.0,0.0
86.8207341363688,107.0,0.0
86.82247751711952,106.0,0.0
86.82603751156951,107.0,0.0
86.82853326664663,106.0,0.0
86.83205147609611,107.0,0.0
86.83368883090014,106.0,0.0
86.83635710436671,105.0,0.0
86.85602879017152,106.0,0.0
86.85836706453381,107.0,0.0
86.86327044614082,108.0,0.0
86.86661472006291,109.0,0.0
86.882269779278,110.0,0.0
86.88231060016265,109.0,0.0
86.89702948152622,110.0,0.0
86.90252046469354,109.0,0.0
86.91942058454504,108.0,0.0
86.92011457617775,109.0,0.0
86.927711299057,110.0,0.0
86.95163252946551,109.0,0.0
86.96270881203496,108.0,0.0
86.9634678516405,107.0,0.0
86.96377669230316,106.0,0.0
86.96661123296673,105.0,0.0
86.97229790098969,106.0,0.0
86.97945526700852,105.0,0.0
86.98620480997751,106.0,0.0
86.99117666498425,105.0,0.0
87.01095442684974,104.0,0.0
87.0225939553768,105.0,0.0
87.03053235166047,106.0,0.0
87.0307247100503,107.0,0.0
87.03590883463016,108.0,0.0
87.037961053975,109.0,0.0
87.03800120084512,110.0,0.0
87.0381229854463,111.0,0.0
87.07188906298425,110.0,0.0
87.07477100648288,111.0,0.0
87.0774905856338,112.0,0.0
87.08021104561897,111.0,0.0
87.08350116879913,110.0,0.0
87.09707765334609,109.0,0.0
87.1055138970601,108.0,0.0
87.10750419648791,109.0,0.0
87.11094383151863,108.0,0.0
87.11948010035934,107.0,0.0
87.13357894154909,108.0,0.0
87.13423014712455,109.0,0.0
87.1377428603393,108.0,0.0
87.1446993797755,109.0,0.0
87.14574160951622,108.0,0.0
87.15235953670424,107.0,0.0
87.1542952978053,106.0,0.0
87.17450021323818,105.0,0.0
87.17761373493455,106.0,0.0
87.17937853670323,105.0,0.0
87.1836886063243,104.0,0.0
87.185489233169,105.0,0.0
87.19474679057979,104.0,0.0
87.19571559600308,105.0,0.0
87.20451038087519,104.0,0.0
87.20526130763827,103.0,0.0
87.21046381424408,102.0,0.0
87.21119807124683,103.0,0.0
87.2202929509134,102.0,0.0
87.22668674656434,103.0,0.0
87.23410332067805,102.0,0.0
87.23506429755415,101.0,0.0
87.23555914264671,102.0,0.0
87.23728176592947,101.0,0.0
87.23765137765517,100.0,0.0
87.2427729594744,99.0,0.0
87.24438995250809,100.0,0.0
87.24608689138428,99.0,0.0
87.2469537603175,98.0,0.0
87.26925936480997,99.0,0.0
87.27117778759259,98.0,0.0
87.28453118700212,99.0,0.0
87.3029677778049,98.0,0.0
87.31776935447681,99.0,0.0
87.32373932497615,100.0,0.0
87.32534904347212,101.0,0.0
87.32826803448859,100.0,0.0
87.33274052843943,99.0,0.0
87.34114048218883,98.0,0.0
87.34628677083337,99.0,0.0
87.36300828759433,98.0,0.0
87.37022861271895,99.0,0.0
87.37042051572577,100.0,0.0
87.37934313205544,101.0,0.0
87.38279449263356,102.0,0.0
87.3940697744434,101.0,0.0
87.39599434514085,100.0,0.0
87.41497864964211,101.0,0.0
87.42194792233025,102.0,0.0
87.42706593991151,101.0,0.0
87.42959604545455,100.0,0.0
87.43683543784651,99.0,0.0
87.45229695356403,100.0,0.0
87.45231715856855,101.0,0.0
87.45231961809769,102.0,0.0
87.45460924393431,103.0,0.0
87.45485926613361,102.0,0.0
87.45523762218956,101.0,0.0
87.45873887568132,100.0,0.0
87.46339253410007,101.0,0.0
87.46382680582262,100.0,0.0
87.47029731212623,101.0,0.0
87.47183966252591,102.0,0.0
87.47850970433046,101.0,0.0
87.4793200693063,100.0,0.0
87.48443028216165,99.0,0.0
87.48784692479752,100.0,0.0
87.4931661103496,99.0,0.0
87.49861771626426,98.0,0.0
87.50117992235676,99.0,0.0
87.50542220079848,100.0,0.0
87.50829081208897,101.0,0.0
87.50953866481902,102.0,0.0
87.50963009028587,101.0,0.0
87.51118053937915,100.0,0.0
87.51839747701925,99.0,0.0
87.52246745891074,100.0,0.0
87.52892045846764,101.0,0.0
87.5328398066821,100.0,0.0
87.54059577059957,101.0,0.0
87.54259293305775,102.0,0.0
87.54264263769682,101.0,0.0
87.55367440687417,100.0,0.0
87.55732030984227,101.0,0.0
87.57145540227559,100.0,0.0
87.57265792828406,99.0,0.0
87.57286246483274,98.0,0.0
87.57715667945529,97.0,0.0
87.57771639636552,96.0,0.0
87.58510146912566,97.0,0.0
87.58581862403548,98.0,0.0
87.58594582810272,99.0,0.0
87.58804132195824,98.0,0.0
87.61858762181376,97.0,0.0
87.61882344160847,96.0,0.0
87.62427873081197,97.0,0.0
87.63957996227823,96.0,0.0
87.64014656450341,97.0,0.0
87.64251439920699,96.0,0.0
87.64964933285239,97.0,0.0
87.65249171559901,96.0,0.0
87.65274158445756,95.0,0.0
87.66067150494332,94.0,0.0
87.6707334906545,95.0,0.0
87.67392455947531,94.0,0.0
87.68187750098068,93.0,0.0
87.70796962950784,94.0,0.0
87.72659882396272,93.0,0.0
87.72888558832393,94.0,0.0
87.73315691949482,95.0,0.0
87.73548258089843,96.0,0.0
87.73563178353578,95.0,0.0
87.73567539853202,96.0,0.0
87.73890126324541,95.0,0.0
87.74156036645842,96.0,0.0
87.74607656661169,97.0,0.0
87.75607938042626,96.0,0.0
87.75627440984228,97.0,0.0
87.75895204804502,98.0,0.0
87.77426605520054,97.0,0.0
87.77508793207402,96.0,0.0
87.78443078476678,95.0,0.0
87.78583996645186,94.0,0.0
87.78596933268838,93.0,0.0
87.79414696383813,92.0,0.0
87.79423435430873,91.0,0.0
87.79982496237884,90.0,0.0
87.80145761751604,89.0,0.0
87.8017585695212,88.0,0.0
87.80386028139212,87.0,0.0
87.80541373808394,86.0,0.0
87.80998548281563,87.0,0.0
87.81153092488458,88.0,0.0
87.81538622702644,87.0,0.0
87.81593580045717,88.0,0.0
87.81785817431832,89.0,0.0
87.81967551457168,88.0,0.0
87.82171142999518,89.0,0.0
87.84199146574271,88.0,0.0
87.86169147973648,87.0,0.0
87.86514528394235,88.0,0.0
87.87735280810193,89.0,0.0
87.88069208732938,90.0,0.0
87.88095575391566,89.0,0.0
87.88098710845256,88.0,0.0
87.88305352638639,87.0,0.0
87.88636739637695,86.0,0.0
87.89028635988083,87.0,0.0
87.89045584628796,86.0,0.0
87.89784305266392,85.0,0.0
87.90083254692827,86.0,0.0
87.90583552419173,85.0,0.0
87.90614889298388,84.0,0.0
87.91106673839573,83.0,0.0
87.91528311196879,84.0,0.0
87.9233233672955,83.0,0.0
87.9274944237435,82.0,0.0
87.93008961721353,81.0,0.0
87.93462850216086,82.0,0.0
87.93625864604324,81.0,0.0
87.94399069243462,80.0,0.0
87.94433628639793,79.0,0.0
87.95192784456454,78.0,0.0
87.96121713490757,79.0,0.0
87.96703617330697,80.0,0.0
87.97438699985634,81.0,0.0
87.97636758221812,80.0,0.0
87.97677850348185,79.0,0.0
87.98192705710498,80.0,0.0
87.98225054018128,81.0,0.0
87.99437377261262,80.0,0.0
87.99907648514167,81.0,0.0
88.00632517380095,82.0,0.0
88.0193159643243,81.0,0.0
88.0315340151235,82.0,0.0
88.0407959928215,83.0,0.0
88.05454537733658,82.0,0.0
88.05964879293498,83.0,0.0
88.06383406220341,82.0,0.0
88.08120350623447,83.0,0.0
88.08242608718535,84.0,0.0
88.08624875899886,85.0,0.0
88.11206923342296,86.0,0.0
88.12854563353481,85.0,0.0
88.12926592211699,86.0,0.0
88.1392987009666,85.0,0.0
88.14369140200192,84.0,0.0
88.1549558622741,83.0,0.0
88.17804441643213,84.0,0.0
88.17896055303008,85.0,0.0
88.18384465523653,86.0,0.0
88.18642271659381,87.0,0.0
88.18735237454945,86.0,0.0
88.19495211987382,87.0,0.0
88.20347530147347,88.0,0.0
88.21970689122243,89.0,0.0
88.22257092633467,90.0,0.0
88.22409400060063,91.0,0.0
88.2263788877734,90.0,0.0
88.23058610236603,89.0,0.0
88.23099151051423,88.0,0.0
88.2353427692411,89.0,0.0
88.23809437351896,88.0,0.0
88.243611660919,87.0,0.0
88.25013166782328,86.0,0.0
88.25511209008312,87.0,0.0
88.25660977119732,88.0,0.0
88.25894268762707,87.0,0.0
88.26123147377972,86.0,0.0
88.27031593192399,85.0,0.0
88.27127353086208,86.0,0.0
88.27978626929774,87.0,0.0
88.28487958999777,86.0,0.0
88.2898532842161,85.0,0.0
88.29294572679285,84.0,0.0
88.29717625881042,83.0,0.0
88.29856461037772,82.0,0.0
88.30384069509407,81.0,0.0
88.30408279521332,80.0,0.0
88.3164064835087,79.0,0.0
88.3238758039373,78.0,0.0
88.33070093255985,77.0,0.0
88.33757417930877,78.0,0.0
88.34213853997338,79.0,0.0
88.34462328590874,78.0,0.0
88.34749465056518,79.0,0.0
88.35121347192866,80.0,0.0
88.3551764739797,79.0,0.0
88.35541960644045,80.0,0.0
88.35742239279534,81.0,0.0
88.35952402799218,80.0,0.0
88.36532593878077,81.0,0.0
88.36774973900332,80.0,0.0
88.37327618229722,81.0,0.0
88.37706450025661,82.0,0.0
88.38372640865103,83.0,0.0
88.3840533260423,82.0,0.0
88.39229847590302,83.0,0.0
88.39553214723648,84.0,0.0
88.4014183689589,85.0,0.0
88.40878479342042,84.0,0.0
88.4104190461077,83.0,0.0
88.41415591629345,84.0,0.0
88.42533400937324,85.0,0.0
88.42988159527344,86.0,0.0
88.44181844020957,87.0,0.0
88.44185921620334,88.0,0.0
88.44391748237871,87.0,0.0
88.45797532777716,86.0,0.0
88.4647651605523,87.0,0.0
88.46679912467616,86.0,0.0
88.47103806976133,85.0,0.0
88.48925683547704,86.0,0.0
88.48991825976172,85.0,0.0
88.51229596511688,86.0,0.0
88.51846632459613,87.0,0.0
88.52415226801782,86.0,0.0
88.55391971970606,85.0,0.0
88.55477888229659,86.0,0.0
88.55649030311535,85.0,0.0
88.5579219713926,84.0,0.0
88.5615143334327,85.0,0.0
88.5658978442305,86.0,0.0
88.57031345178609,87.0,0.0
88.58956169338312,86.0,0.0
88.59166986561856,85.0,0.0
88.59800695604275,84.0,0.0
88.60084668491602,83.0,0.0
88.6095336802725,84.0,0.0
88.61993741764678,83.0,0.0
88.62128811264256,82.0,0.0
88.6218195199674,83.0,0.0
88.64915593391814,82.0,0.0
88.65757224942215,81.0,0.0
88.66428706256829,82.0,0.0
88.67403009408417,83.0,0.0
88.68041165924805,84.0,0.0
88.68286990092095,83.0,0.0
88.69296252105494,84.0,0.0
88.70102532573829,83.0,0.0
88.70378133609451,84.0,0.0
88.72242522548015,85.0,0.0
88.72538672096816,86.0,0.0
88.74051504954159,85.0,0.0
88.74498064608413,84.0,0.0
88.76211970581923,83.0,0.0
88.7643888523366,84.0,0.0
88.76506333732787,85.0,0.0
88.76801590623306,86.0,0.0
88.77198217066825,85.0,0.0
88.77502156411359,84.0,0.0
88.7751149036153,83.0,0.0
88.77565430246476,82.0,0.0
88.78797201074947,81.0,0.0
88.78995086739766,80.0,0.0
88.79033090400367,79.0,0.0
88.82769466066745,78.0,0.0
88.82985361878765,79.0,0.0
88.83989746939267,80.0,0.0
88.8433765177727,79.0,0.0
88.84508872618602,78.0,0.0
88.85534476863602,77.0,0.0
88.87369123911535,76.0,0.0
88.87515400324071,75.0,0.0
88.88841806455653,74.0,0.0
88.88941053853426,75.0,0.0
88.8921276708151,76.0,0.0
88.89964910745577,75.0,0.0
88.90595701300137,76.0,0.0
88.92433157780698,75.0,0.0
88.92713105888382,74.0,0.0
88.92743975101328,73.0,0.0
88.935912943445,74.0,0.0
88.94662013120632,75.0,0.0
88.95285734125679,74.0,0.0
88.95627645014889,75.0,0.0
88.97093561806004,76.0,0.0
88.98608364797492,77.0,0.0
88.99341069085162,78.0,0.0
88.99383725992604,77.0,0.0
89.00545623051562,78.0,0.0
89.01104007665882,79.0,0.0
89.0112495502633,78.0,0.0
89.01150737216616,79.0,0.0
89.02514248716058,78.0,0.0
89.02850162050753,79.0,0.0
89.03641867528258,78.0,0.0
89.03960400799177,79.0,0.0
89.04211301273988,78.0,0.0
89.04521119398095,77.0,0.0
89.04671675938727,76.0,0.0
89.05044664768921,75.0,0.0
89.06674847177698,76.0,0.0
89.06813651249476,75.0,0.0
89.08269619512976,74.0,0.0
89.10021040501171,73.0,0.0
89.10337074779245,72.0,0.0
89.10948590272282,73.0,0.0
89.11273109037874,72.0,0.0
89.11617471923026,71.0,0.0
89.1254465076365,72.0,0.0
89.12650316395512,73.0,0.0
89.13480648676003,74.0,0.0
89.13742927581423,73.0,0.0
89.14076281084601,72.0,0.0
89.15413150945177,73.0,0.0
89.1577507967005,72.0,0.0
89.18121801935098,73.0,0.0
89.18233345911672,72.0,0.0
89.18241543261342,71.0,0.0
89.18944834920032,70.0,0.0
89.22209769802592,69.0,0.0
89.22325028533629,70.0,0.0
89.23280992191177,71.0,0.0
89.25739842229524,72.0,0.0
89.32400328373059,73.0,0.0
89.33685352737298,74.0,0.0
89.34538032596937,73.0,0.0
89.34756852204106,72.0,0.0
89.34947585007025,71.0,0.0
89.35189455067558,70.0,0.0
89.36563874360733,71.0,0.0
89.37989061781498,72.0,0.0
89.38165481409489,71.0,0.0
89.39898791477549,70.0,0.0
89.40482380205715,69.0,0.0
89.41212661288877,68.0,0.0
89.4679497340912,67.0,0.0
89.48612251157853,66.0,0.0
89.49281895798346,67.0,0.0
89.5033245757264,66.0,0.0
89.50613381322884,67.0,0.0
89.51765761806658,68.0,0.0
89.53788158162781,67.0,0.0
89.5669379402339,66.0,0.0
89.58438542455755,67.0,0.0
89.6012864570534,66.0,0.0
89.60240457563394,65.0,0.0
89.60344871459834,64.0,0.0
89.6188017296921,63.0,0.0
89.62902837220535,64.0,0.0
89.63325233855585,65.0,0.0
89.64739781681104,64.0,0.0
89.65395715034562,63.0,0.0
89.65527797622832,62.0,0.0
89.65771466119068,61.0,0.0
89.65937937339955,60.0,0.0
89.67439440717962,61.0,0.0
89.6777412519687,62.0,0.0
89.6875649068943,61.0,0.0
89.70267041361994,60.0,0.0
89.70269744550741,61.0,0.0
89.72170917410612,60.0,0.0
89.72229870125624,61.0,0.0
89.72360408202753,62.0,0.0
89.72920962283008,61.0,0.0
89.7326993737237,60.0,0.0
89.73282533032601,59.0,0.0
89.73708454976031,58.0,0.0
89.73955483321235,59.0,0.0
89.74747302945124,60.0,0.0
89.7608480504566,61.0,0.0
89.77080980065793,62.0,0.0
89.77235592754347,61.0,0.0
89.77257330809614,62.0,0.0
89.77961768830468,61.0,0.0
89.78932580534034,62.0,0.0
89.79531566655457,61.0,0.0
89.8052230778407,62.0,0.0
89.8099052152799,63.0,0.0
89.81385594119413,62.0,0.0
89.82177622103859,61.0,0.0
89.82445175682756,60.0,0.0
89.8301610780644,59.0,0.0
89.83164902033192,58.0,0.0
89.83792785174838,57.0,0.0
89.8404607013077,56.0,0.0
89.84183580370735,55.0,0.0
89.84926701423416,54.0,0.0
89.85233166159698,55.0,0.0
89.85685083124207,54.0,0.0
89.8698465078075,55.0,0.0
89.87803549162734,54.0,0.0
89.8930712792419,53.0,0.0
89.89823802228447,52.0,0.0
89.90276271886917,51.0,0.0
89.90613087269331,50.0,0.0
89.91446750453382,49.0,0.0
89.9323963195438,48.0,0.0
89.95820710092539,47.0,0.0
89.96349474499615,48.0,0.0
89.96443940917027,47.0,0.0
89.97695161393801,46.0,0.0
89.98017700026051,45.0,0.0
89.98656012561548,44.0,0.0
89.9995907597999,45.0,0.0
90.01356491283266,46.0,0.0
90.01730085624644,45.0,0.0
90.01743925106734,44.0,0.0
90.02939793242217,45.0,0.0
90.03280779880458,44.0,0.0
90.03769094827982,45.0,0.0
90.05486755778773,44.0,0.0
90.05541124451831,45.0,0.0
90.05644413944002,44.0,0.0
90.05838146256426,43.0,0.0
90.06884730123541,44.0,0.0
90.07296163164756,43.0,0.0
90.09239435419185,42.0,0.0
90.10346644375309,43.0,0.0
90.11880197901343,42.0,0.0
90.1197443867834,41.0,0.0
90.12125461014793,40.0,0.0
90.12586180109115,39.0,0.0
90.1308633282729,38.0,0.0
90.13587393048293,37.0,0.0
90.15123789337702,36.0,0.0
90.15231625094565,35.0,0.0
90.1745623177259,34.0,0.0
90.17738283908533,33.0,0.0
90.18622437843493,32.0,0.0
90.20048591201353,33.0,0.0
90.201922456696,34.0,0.0
90.20300879296218,35.0,0.0
90.20783087796622,36.0,0.0
90.21209464290088,37.0,0.0
90.21329741274954,38.0,0.0
90.21374607315673,39.0,0.0
90.21701636254865,40.0,0.0
90.21721771560912,41.0,0.0
90.21875062391953,40.0,0.0
90.22794248340088,41.0,0.0
90.22920084487464,40.0,0.0
90.22949771907673,41.0,0.0
90.23210189212534,42.0,0.0
90.23592216886775,41.0,0.0
90.2413256734502,40.0,0.0
90.242698122905,39.0,0.0
90.25340297735747,40.0,0.0
90.26297683798197,41.0,0.0
90.26746206558887,42.0,0.0
90.29119400917877,43.0,0.0
90.2948917892667,42.0,0.0
90.30247290420775,43.0,0.0
90.3032902414194,44.0,0.0
90.30833904494646,45.0,0.0
90.31500533112771,44.0,0.0
90.31684598769931,43.0,0.0
90.33876794202506,44.0,0.0
90.34176315534626,43.0,0.0
90.34361909871943,44.0,0.0
90.36560124011282,43.0,0.0
90.36826709782919,44.0,0.0
90.37064645296316,43.0,0.0
90.37546956153243,42.0,0.0
90.39251935696251,41.0,0.0
90.39338754176755,40.0,0.0
90.41444830973943,41.0,0.0
90.4165105077401,42.0,0.0
90.41982396245035,43.0,0.0
90.43025651984286,44.0,0.0
90.43918307984575,45.0,0.0
90.44701369153825,44.0,0.0
90.44789880124857,45.0,0.0
90.45014088833935,46.0,0.0
90.4551034867861,47.0,0.0
90.45716455037724,46.0,0.0
90.4656516213342,45.0,0.0
90.48175260856247,46.0,0.0
90.49203988713309,45.0,0.0
90.4926774317513,44.0,0.0
90.49431261485628,43.0,0.0
90.49627843190952,42.0,0.0
90.50070153762218,41.0,0.0
90.50616599052654,40.0,0.0
90.53157786379876,39.0,0.0
90.53168361528718,38.0,0.0
90.54543469260523,37.0,0.0
90.54597676673586,36.0,0.0
90.57442171994863,35.0,0.0
90.59182464044946,34.0,0.0
90.59605680979479,33.0,0.0
90.60930982094654,32.0,0.0
90.61596873365636,33.0,0.0
90.61792265394905,32.0,0.0
90.61900299079372,33.0,0.0
90.63494722021139,32.0,0.0
90.63528854039221,31.0,0.0
90.63539342723516,32.0,0.0
90.63694055898901,31.0,0.0
90.63770486704276,30.0,0.0
90.6439888039993,29.0,0.0
90.64861694768145,30.0,0.0
90.65044174850573,29.0,0.0
90.66084209826853,28.0,0.0
90.66437705837016,27.0,0.0
90.66579517313072,28.0,0.0
90.67146932772563,27.0,0.0
90.68619867284619,26.0,0.0
90.6945378594386,27.0,0.0
90.69842870422326,28.0,0.0
90.70163901998909,27.0,0.0
90.71007147097532,26.0,0.0
90.71610570546058,27.0,0.0
90.72225015224332,26.0,0.0
90.74633790928345,27.0,0.0
90.7505898788598,26.0,0.0
90.75170088656736,25.0,0.0
90.76871040204058,24.0,0.0
90.7860164808264,23.0,0.0
90.78614976411133,22.0,0.0
90.80768167762447,21.0,0.0
90.8145717883243,22.0,0.0
90.81590029757264,23.0,0.0
90.82408534698159,22.0,0.0
90.8312127818186,23.0,0.0
90.83557172454204,22.0,0.0
90.83659043154798,23.0,0.0
90.8482988421427,22.0,0.0
90.87529821365374,23.0,0.0
90.90773039952067,22.0,0.0
90.92672871460275,21.0,0.0
90.92689092996005,22.0,0.0
90.94944261937654,21.0,0.0
90.96113061284828,22.0,0.0
90.96592903752678,21.0,0.0
90.97376906739936,20.0,0.0
90.9807751682982,21.0,0.0
90.98827061697092,20.0,0.0
90.99883269321782,21.0,0.0
91.001212042866,20.0,0.0
91.00125540095323,19.0,0.0
91.0036849792536,20.0,0.0
91.01325013523127,21.0,0.0
91.01494814322176,20.0,0.0
91.01915236540957,19.0,0.0
91.02025605477697,20.0,0.0
91.03658655053565,19.0,0.0
91.04006215578083,18.0,0.0
91.05155320205542,17.0,0.0
91.0575392909817,16.0,0.0
91.05833535912598,15.0,0.0
91.05907678766359,14.0,0.0
91.08511565054054,15.0,0.0
91.09291490433544,14.0,0.0
91.09467697518947,13.0,0.0
91.09559601528909,14.0,0.0
91.10597792012982,13.0,0.0
91.11281639632821,12.0,0.0
91.11788625837183,11.0,0.0
91.12860691967468,12.0,0.0
91.13296504982591,11.0,0.0
91.1452287729072,12.0,0.0
91.15159128323486,11.0,0.0
91.15334074366203,12.0,0.0
91.15377483237614,11.0,0.0
91.17057187178642,10.0,0.0
91.1733977216597,9.0,0.0
91.18263800005711,8.0,0.0
91.18527456491827,7.0,0.0
91.18868819837755,6.0,0.0
91.20165581436677,5.0,0.0
91.20824856501525,4.0,0.0
91.21397414483121,5.0,0.0
91.21712010954708,4.0,0.0
91.22571771250689,3.0,0.0
91.2406718250928,2.0,0.0
91.26209519884571,1.0,0.0
91.29705087682703,2.0,0.0
91.31102091692595,1.0,0.0
91.35426703962511,0.0,0.0
91.35697234096992,1.0,0.0
91.38891909101484,0.0,0.0
91.40136145513557,1.0,0.0
91.41676818253809,2.0,0.0
91.42879466423824,3.0,0.0
91.43417687488879,4.0,0.0
91.44090261115825,3.0,0.0
91.4523525911632,2.0,0.0
91.45416646521822,1.0,0.0
91.45911192261119,2.0,0.0
91.46798775919459,3.0,0.0
91.47853962332695,2.0,0.0
91.47952066808081,1.0,0.0
91.48627334599149,2.0,0.0
91.49839958012781,1.0,0.0
91.51382504046408,2.0,0.0
91.55407695287698,1.0,0.0
91.56067251134255,0.0,0.0
91.56278093865075,1.0,0.0
91.58186802695586,0.0,0.0
91.60895454115737,1.0,0.0
91.60942858938722,2.0,0.0
91.61481145824153,1.0,0.0
91.6229126740494,2.0,0.0
91.62334530861784,3.0,0.0
91.63399656666216,2.0,0.0
91.6567580046527,3.0,0.0
91.66881495420445,4.0,0.0
91.67360506487121,3.0,0.0
91.68008874785909,2.0,0.0
91.69131242479054,3.0,0.0
91.6925583092945,2.0,0.0
91.70336179496596,3.0,0.0
91.70742655218362,4.0,0.0
91.7156113770594,5.0,0.0
91.71691053838109,4.0,0.0
91.7199480737646,3.0,0.0
91.72165563765256,2.0,0.0
91.72248713007906,1.0,0.0
91.72909283522425,0.0,0.0
91.74971408475976,1.0,0.0
91.76721949028658,2.0,0.0
91.7719311439553,1.0,0.0
91.77556928161806,0.0,0.0
91.796079031245,1.0,0.0
91.81079140469153,2.0,0.0
91.82399762952357,1.0,0.0
91.84121662324885,0.0,0.0
91.85468568755887,1.0,0.0
91.85693111952259,0.0,0.0
91.86366161798603,1.0,0.0
91.876442802757,2.0,0.0
91.87664349316199,1.0,0.0
91.90528591722007,2.0,0.0
91.91024759565592,1.0,0.0
91.92155226700338,0.0,0.0
91.99429796169635,1.0,0.0
92.00664136215134,0.0,0.0
92.04114717226238,1.0,0.0
92.04528525993992,0.0,0.0
92.08068711729443,1.0,0.0
92.10696121282933,2.0,0.0
92.12463076228472,1.0,0.0
92.13378332298991,0.0,0.0
92.26704617553399,1.0,0.0
92.26791724893269,2.0,0.0
92.28284236362997,1.0,0.0
92.34431972918587,2.0,0.0
92.35701498845002,3.0,0.0
92.39988145281283,4.0,0.0
92.40611003919894,3.0,0.0
92.42154616455032,4.0,0.0
92.4220877425463,3.0,0.0
92.45351974760452,2.0,0.0
92.4765396402926,1.0,0.0
92.49054243870798,2.0,0.0
92.49443842534166,1.0,0.0
92.51116260610468,0.0,0.0
92.52439200344418,1.0,0.0
92.54367770754125,2.0,0.0
92.55034482152689,3.0,0.0
92.56446221397782,4.0,0.0
92.57884281027232,3.0,0.0
92.58546369223747,4.0,0.0
92.59580523356337,3.0,0.0
92.60078380552014,2.0,0.0
92.60741949862775,1.0,0.0
92.6178284190337,2.0,0.0
92.62573675589041,1.0,0.0
92.64956511128632,2.0,0.0
92.64963164281049,1.0,0.0
92.650308942239,0.0,0.0
92.65416523674831,1.0,0.0
92.66251254390609,2.0,0.0
92.66936828411336,1.0,0.0
92.67491898819095,0.0,0.0
92.72716874776381,1.0,0.0
92.74617671363546,2.0,0.0
92.7661882822422,1.0,0.0
92.78626876353339,0.0,0.0
92.89434917574188,1.0,0.0
92.90791893004726,2.0,0.0
92.95042390646059,1.0,0.0
92.96153625704768,2.0,0.0
92.96229334547319,1.0,0.0
92.96793445546736,2.0,0.0
92.97664772606211,3.0,0.0
92.98356994045206,4.0,0.0
92.99002459443408,3.0,0.0
93.03310226278884,2.0,0.0
93.04741436616918,1.0,0.0
93.07243752138899,0.0,0.0
93.31323918280792,1.0,0.0
93.31637810227727,2.0,0.0
93.33523364645905,3.0,0.0
93.33669408576175,2.0,0.0
93.3391591299805,3.0,0.0
93.34468832241774,2.0,0.0
93.35593717360541,1.0,0.0
93.35680867164318,0.0,0.0
93.47318797495284,1.0,0.0
93.47572284028429,0.0,0.0
93.51602074073125,1.0,0.0
93.53159627897361,0.0,0.0
93.55435032860557,1.0,0.0
93.55608659647069,2.0,0.0
93.57223552850729,1.0,0.0
93.59256047206398,2.0,0.0
93.5987199364886,1.0,0.0
93.61223423299161,2.0,0.0
93.65008222359792,1.0,0.0
93.6703338918432,0.0,0.0
93.68137285765316,1.0,0.0
93.68684524620215,2.0,0.0
93.7022148270799,1.0,0.0
93.71114877448318,0.0,0.0
93.74013891904019,1.0,0.0
93.78119121692,2.0,0.0
93.7848779967536,1.0,0.0
93.80299377771732,0.0,0.0
93.82208283907276,1.0,0.0
93.83618451519763,0.0,0.0
93.87779037806328,1.0,0.0
93.87847495684645,0.0,0.0
93.87881941286794,1.0,0.0
93.87883239673133,0.0,0.0
93.87967132037457,1.0,0.0
93.88751217096748,0.0,0.0
93.88954178747791,1.0,0.0
93.93463942080491,2.0,0.0
93.96920981623873,3.0,0.0
93.97179094623137,4.0,0.0
93.98418498567824,3.0,0.0
93.98502863336456,4.0,0.0
94.00688157949449,3.0,0.0
94.01024097896835,2.0,0.0
94.05264240168644,1.0,0.0
94.05495889401533,0.0,0.0
94.06367509479293,1.0,0.0
94.08114539226852,2.0,0.0
94.08390828547395,1.0,0.0
94.09222770882947,2.0,0.0
94.097963686449,1.0,0.0
94.1026644291384,0.0,0.0
94.11888488797737,1.0,0.0
94.15635271735088,0.0,0.0
94.1881196689456,1.0,0.0
94.20551970891393,2.0,0.0
94.25506116183436,1.0,0.0
94.28508771320979,2.0,0.0
94.30176433868739,1.0,0.0
94.37177292494205,0.0,0.0
94.39060575835596,1.0,0.0
94.3948010805948,0.0,0.0
94.39732634490456,1.0,0.0
94.3999383692499,2.0,0.0
94.40594992454865,1.0,0.0
94.40850684311155,0.0,0.0
94.41411397251098,1.0,0.0
94.43968693560828,2.0,0.0
94.46470010963735,1.0,0.0
94.48659127379109,0.0,0.0
94.53844763879036,1.0,0.0
94.54204522516383,0.0,0.0
94.5624391204204,1.0,0.0
94.56605638228834,2.0,0.0
94.58036584228256,1.0,0.0
94.58212096993016,0.0,0.0
94.59263948504871,1.0,0.0
94.5984717793394,2.0,0.0
94.60918205293926,1.0,0.0
94.61636219354168,0.0,0.0
94.61667789759358,1.0,0.0
94.64330705090993,2.0,0.0
94.65738757909378,1.0,0.0
94.65830036577772,0.0,0.0
94.66855728725018,1.0,0.0
94.68217192617183,2.0,0.0
94.70492109659475,3.0,0.0
94.71272740592315,4.0,0.0
94.71329408514809,3.0,0.0
94.73389285071215,4.0,0.0
94.73839755204031,5.0,0.0
94.73997698496677,4.0,0.0
94.74553008329625,5.0,0.0
94.74835290823826,4.0,0.0
94.7527393738392,3.0,0.0
94.756298208555,4.0,0.0
94.75789760184719,3.0,0.0
94.76692703850671,2.0,0.0
94.77145189951499,1.0,0.0
94.77520584150388,2.0,0.0
94.80907114528847,3.0,0.0
94.81068089315325,4.0,0.0
94.81279149598507,5.0,0.0
94.8171880203086,4.0,0.0
94.81786076662313,3.0,0.0
94.82509680942694,4.0,0.0
94.8371519520399,3.0,0.0
94.83963517379685,2.0,0.0
94.85249208634579,3.0,0.0
94.87100450457108,2.0,0.0
94.87426331323374,1.0,0.0
94.8946582377282,0.0,0.0
94.89980551593193,1.0,0.0
94.91259722810149,0.0,0.0
94.91951692770152,1.0,0.0
94.92190307481513,2.0,0.0
94.92252069166393,1.0,0.0
94.95354278481648,0.0,0.0
94.97183865997144,1.0,0.0
94.98202572046603,0.0,0.0
95.05249105426769,1.0,0.0
95.05323307388032,0.0,0.0
95.05493730780061,1.0,0.0
95.06924281549668,2.0,0.0
95.073326290507,3.0,0.0
95.07448736213453,2.0,0.0
95.07670040892327,1.0,0.0
95.07757396844823,2.0,0.0
95.07896394277857,3.0,0.0
95.08612514689267,4.0,0.0
95.11441631377839,5.0,0.0
95.12516757576805,6.0,0.0
95.16416519268998,7.0,0.0
95.16629333750191,6.0,0.0
95.18565325773704,5.0,0.0
95.1876886274991,6.0,0.0
95.18971738567583,5.0,0.0
95.19181529787885,4.0,0.0
95.19407416871533,3.0,0.0
95.196234136153,4.0,0.0
95.19718705071156,3.0,0.0
95.22004109406674,4.0,0.0
95.22443814534991,3.0,0.0
95.22461745569153,2.0,0.0
95.23110557767207,3.0,0.0
95.25701512921584,4.0,0.0
95.25925411744136,5.0,0.0
95.26194939143083,4.0,0.0
95.26431185768342,5.0,0.0
95.26600892670186,4.0,0.0
95.27808415522014,5.0,0.0
95.28624024946726,6.0,0.0
95.29615738078262,5.0,0.0
95.29706406913394,6.0,0.0
95.30762227397501,5.0,0.0
95.3110153619398,6.0,0.0
95.32051205515408,5.0,0.0
95.3303001414313,4.0,0.0
95.33220490629346,3.0,0.0
95.33964214990321,2.0,0.0
95.33965964790028,3.0,0.0
95.35750560542854,4.0,0.0
95.36178100335914,3.0,0.0
95.36285069999484,2.0,0.0
95.36932492883582,3.0,0.0
95.36936399370938,4.0,0.0
95.37002401286036,5.0,0.0
95.3814350715507,6.0,0.0
95.38637089185704,5.0,0.0
95.39998618133278,4.0,0.0
95.40670138604361,5.0,0.0
95.41012832289869,4.0,0.0
95.41332001432588,5.0,0.0
95.41388401632156,6.0,0.0
95.42153659928104,7.0,0.0
95.44169173189607,8.0,0.0
95.45239319805034,7.0,0.0
95.45502547590739,6.0,0.0
95.46130576805396,5.0,0.0
95.46880836477851,4.0,0.0
95.48062372883015,3.0,0.0
95.49830719797632,2.0,0.0
95.50399343361003,1.0,0.0
95.53033652399496,2.0,0.0
95.53179150690617,3.0,0.0
95.53397558009677,2.0,0.0
95.53628221099873,3.0,0.0
95.537819165517,4.0,0.0
95.54414386591854,3.0,0.0
95.54447113566401,2.0,0.0
95.55664724550226,1.0,0.0
95.56342488390979,0.0,0.0
95.58145530666475,1.0,0.0
95.59309061182378,2.0,0.0
95.5939366302551,1.0,0.0
95.59523726626831,2.0,0.0
95.60155979793812,1.0,0.0
95.60810079598451,2.0,0.0
95.61019122150532,1.0,0.0
95.6170635947371,0.0,0.0
95.62552963610987,1.0,0.0
95.64078791171599,0.0,0.0
95.64283733178975,1.0,0.0
95.65682043718871,0.0,0.0
95.7395023496122,1.0,0.0
95.76351499168688,0.0,0.0
95.76718640333172,1.0,0.0
95.76921156404916,2.0,0.0
95.76927214086481,3.0,0.0
95.810500722624,2.0,0.0
95.83494604172694,3.0,0.0
95.8520974029954,4.0,0.0
95.85457912741357,5.0,0.0
95.85637034714722,6.0,0.0
95.88330992967617,5.0,0.0
95.8975393230558,4.0,0.0
95.9086876774584,5.0,0.0
95.91204990718062,4.0,0.0
95.91891419820608,5.0,0.0
95.92298380335686,4.0,0.0
95.9274016829881,5.0,0.0
95.93422652353432,4.0,0.0
95.93801679094685,5.0,0.0
95.96402268397615,6.0,0.0
95.97530606474669,5.0,0.0
95.98036345967277,6.0,0.0
95.98060031219843,7.0,0.0
95.98148948835163,6.0,0.0
95.99439391127397,5.0,0.0
95.99676754664438,4.0,0.0
95.99797061115537,5.0,0.0
95.99912157005103,6.0,0.0
96.00145382579548,7.0,0.0
96.00864461665884,8.0,0.0
96.01113932981627,9.0,0.0
96.01338231477264,8.0,0.0
96.03638243947478,7.0,0.0
96.04804782445359,6.0,0.0
96.05532284493903,7.0,0.0
96.05945413405902,6.0,0.0
96.0603806428422,5.0,0.0
96.06687278629423,4.0,0.0
96.07789820652114,5.0,0.0
96.0847712267958,6.0,0.0
96.09388121662437,7.0,0.0
96.0984102573629,8.0,0.0
96.12855129113731,7.0,0.0
96.13108495986768,6.0,0.0
96.13428976214551,5.0,0.0
96.13777111147459,6.0,0.0
96.1406555832121,5.0,0.0
96.14264084790798,4.0,0.0
96.15432166533718,5.0,0.0
96.17197111735949,6.0,0.0
96.20047692233786,5.0,0.0
96.2099937805281,6.0,0.0
96.21064280168785,5.0,0.0
96.22148089779849,6.0,0.0
96.22394938446811,7.0,0.0
96.227110970219,8.0,0.0
96.23106512865907,7.0,0.0
96.2370120170071,6.0,0.0
96.23930156478505,7.0,0.0
96.2398673979813,8.0,0.0
96.24487673580757,9.0,0.0
96.24738202766238,10.0,0.0
96.25560599033794,11.0,0.0
96.25897372054058,10.0,0.0
96.263284514805,9.0,0.0
96.27612575729155,10.0,0.0
96.27976916056878,11.0,0.0
96.28649262973927,10.0,0.0
96.28730898086668,9.0,0.0
96.2907562355582,8.0,0.0
96.29928557927141,7.0,0.0
96.3062320358912,8.0,0.0
96.31494555119752,7.0,0.0
96.32291408880549,8.0,0.0
96.32442143389652,9.0,0.0
96.32681994403005,8.0,0.0
96.33586380032541,7.0,0.0
96.33762547367238,6.0,0.0
96.34317463999108,5.0,0.0
96.36273839910007,4.0,0.0
96.36291732369443,5.0,0.0
96.36989978805961,6.0,0.0
96.37211417749945,5.0,0.0
96.3796608120766,4.0,0.0
96.38807128508016,5.0,0.0
96.39267322430055,4.0,0.0
96.39384193343452,3.0,0.0
96.40037837981004,4.0,0.0
96.40284657064025,5.0,0.0
96.41290072508191,6.0,0.0
96.41520214243953,5.0,0.0
96.4218919514101,4.0,0.0
96.42794916377309,5.0,0.0
96.43254753436928,4.0,0.0
96.44385636648923,3.0,0.0
96.44686036543456,4.0,0.0
96.44765250314738,5.0,0.0
96.44964661649465,6.0,0.0
96.45378648221688,7.0,0.0
96.45889057691092,6.0,0.0
96.46968891184183,7.0,0.0
96.47001377135658,6.0,0.0
96.47177404416969,7.0,0.0
96.4721240390097,8.0,0.0
96.47582526491203,9.0,0.0
96.48187543569982,10.0,0.0
96.48435460759852,11.0,0.0
96.48529222790512,12.0,0.0
96.48789422176087,13.0,0.0
96.50115065903638,14.0,0.0
96.50447375572944,15.0,0.0
96.5259600805828,14.0,0.0
96.52926911681998,15.0,0.0
96.53971689039986,14.0,0.0
96.54277583671629,15.0,0.0
96.55935871711323,14.0,0.0
96.59085350263567,15.0,0.0
96.59359471154816,14.0,0.0
96.59623400788574,15.0,0.0
96.60063519543158,14.0,0.0
96.60214557367172,15.0,0.0
96.60629166665193,14.0,0.0
96.61068168484933,15.0,0.0
96.61792630782965,16.0,0.0
96.6205234857285,17.0,0.0
96.62191369183971,16.0,0.0
96.64419681053619,17.0,0.0
96.64448207140254,18.0,0.0
96.64679016286182,17.0,0.0
96.65166653134362,18.0,0.0
96.65983794622272,17.0,0.0
96.66052813454444,18.0,0.0
96.67139450203071,17.0,0.0
96.67377667813307,18.0,0.0
96.67522656361068,19.0,0.0
96.67717610725416,20.0,0.0
96.68530576128207,21.0,0.0
96.6902800797467,20.0,0.0
96.69104070296949,21.0,0.0
96.69295343803844,22.0,0.0
96.69333689604318,23.0,0.0
96.69908143684694,24.0,0.0
96.70112010094512,25.0,0.0
96.70184248731567,26.0,0.0
96.7074333475762,27.0,0.0
96.72216756669751,28.0,0.0
96.72437928656552,29.0,0.0
96.7275287410026,30.0,0.0
96.72932381735164,29.0,0.0
96.7311453382398,30.0,0.0
96.73365525587667,29.0,0.0
96.74175055822178,28.0,0.0
96.74539301780426,27.0,0.0
96.74616017216512,28.0,0.0
96.74670083253763,29.0,0.0
96.74979588057947,28.0,0.0
96.75098182206497,29.0,0.0
96.76626918222321,30.0,0.0
96.77419756982859,29.0,0.0
96.7991595030114,28.0,0.0
96.79977319336933,27.0,0.0
96.80744252491726,28.0,0.0
96.81316960580793,27.0,0.0
96.81408659302562,26.0,0.0
96.82023794097923,25.0,0.0
96.83120805435762,26.0,0.0
96.83727925720139,25.0,0.0
96.83810056972955,26.0,0.0
96.83987827333256,25.0,0.0
96.84326700133869,24.0,0.0
96.84542387571526,25.0,0.0
96.8591990838969,26.0,0.0
96.87740128904846,25.0,0.0
96.89138820965918,26.0,0.0
96.89869292434832,25.0,0.0
96.89889323916162,24.0,0.0
96.90858597487701,25.0,0.0
96.91134110753596,24.0,0.0
96.92552588556269,23.0,0.0
96.92788769568682,22.0,0.0
96.92880749533862,21.0,0.0
96.93042382001794,22.0,0.0
96.93694574187708,21.0,0.0
96.93847411026636,20.0,0.0
96.95420597867262,21.0,0.0
96.95739992521857,20.0,0.0
96.9621133962655,21.0,0.0
96.96316128440908,22.0,0.0
96.96365135601243,21.0,0.0
96.96854235940225,20.0,0.0
96.97523937628102,21.0,0.0
96.98961518358718,22.0,0.0
96.99881346615156,23.0,0.0
97.00296559124943,24.0,0.0
97.00435310157937,25.0,0.0
97.01125703076042,24.0,0.0
97.0119243834893,23.0,0.0
97.01269798842517,22.0,0.0
97.01593990355659,21.0,0.0
97.01847221806185,20.0,0.0
97.0246319518195,21.0,0.0
97.03132774217713,22.0,0.0
97.03671020402474,23.0,0.0
97.0417032276539,24.0,0.0
97.05177583202385,23.0,0.0
97.05894448820371,24.0,0.0
97.05896543084839,25.0,0.0
97.05979491464463,26.0,0.0
97.0613922357814,27.0,0.0
97.0651258755152,28.0,0.0
97.06734646881773,29.0,0.0
97.07197123766333,30.0,0.0
97.09549418797674,31.0,0.0
97.09804420609986,32.0,0.0
97.0989760358102,31.0,0.0
97.10271911179487,32.0,0.0
97.10940454605588,31.0,0.0
97.1198229154582,32.0,0.0
97.12807341060154,31.0,0.0
97.13316553363299,32.0,0.0
97.13448790959903,31.0,0.0
97.13566905897385,30.0,0.0
97.14603058316877,29.0,0.0
97.14839785519773,30.0,0.0
97.15307698570054,31.0,0.0
97.15687207789381,32.0,0.0
97.17192841105398,33.0,0.0
97.18096468692183,32.0,0.0
97.18488856781809,31.0,0.0
97.18765250632767,30.0,0.0
97.21415087809267,31.0,0.0
97.21936603384106,30.0,0.0
97.2197554505084,29.0,0.0
97.22009928532749,30.0,0.0
97.23632896706457,29.0,0.0
97.23799129931821,28.0,0.0
97.25151400554441,27.0,0.0
97.25575396851404,28.0,0.0
97.27550329483304,29.0,0.0
97.2849273063619,28.0,0.0
97.28712830386077,29.0,0.0
97.28859157730523,30.0,0.0
97.29267044482113,29.0,0.0
97.2966422985793,30.0,0.0
97.29767694270599,31.0,0.0
97.30212487524345,32.0,0.0
97.3203782540556,33.0,0.0
97.32829230322517,32.0,0.0
97.32852821069372,33.0,0.0
97.33142640162482,34.0,0.0
97.33183979631305,33.0,0.0
97.33411537038533,34.0,0.0
97.33457739258112,33.0,0.0
97.345637257088,34.0,0.0
97.3457861592143,35.0,0.0
97.35611685682049,34.0,0.0
97.36889920842687,33.0,0.0
97.36968166103975,32.0,0.0
97.36990379541541,31.0,0.0
97.37505280261578,30.0,0.0
97.37538565909925,31.0,0.0
97.37762267681302,30.0,0.0
97.38590096959362,29.0,0.0
97.39005335735446,28.0,0.0
97.40062748002615,27.0,0.0
97.40553475299203,26.0,0.0
97.41017067650839,27.0,0.0
97.41480158045003,28.0,0.0
97.41578021290158,27.0,0.0
97.41805693637453,26.0,0.0
97.42319684476271,25.0,0.0
97.42340710798,26.0,0.0
97.44303586596644,27.0,0.0
97.44873336166101,26.0,0.0
97.45095543411975,27.0,0.0
97.45498200216144,28.0,0.0
97.45604192347574,29.0,0.0
97.46128926794675,30.0,0.0
97.46504378145238,31.0,0.0
97.46869759181018,30.0,0.0
97.47967593820054,31.0,0.0
97.48305809498883,32.0,0.0
97.48383757477053,33.0,0.0
97.48996205683828,34.0,0.0
97.4912738181152,35.0,0.0
97.49539331109403,36.0,0.0
97.50385926272098,37.0,0.0
97.50510048102517,38.0,0.0
97.50640004836174,37.0,0.0
97.51107531872566,38.0,0.0
97.51291949094092,37.0,0.0
97.51726871803073,36.0,0.0
97.52214613785259,35.0,0.0
97.52243573234753,36.0,0.0
97.53127088653166,35.0,0.0
97.53698983783828,34.0,0.0
97.53728222661191,33.0,0.0
97.54023126568092,32.0,0.0
97.5403026022834,31.0,0.0
97.54079732318364,32.0,0.0
97.5460510208194,31.0,0.0
97.54838905244131,32.0,0.0
97.56965723683238,33.0,0.0
97.58008095406223,32.0,0.0
97.5808670206785,33.0,0.0
97.58878172712886,32.0,0.0
97.58940143142216,31.0,0.0
97.5902886404263,30.0,0.0
97.59906866108747,31.0,0.0
97.6158127634792,32.0,0.0
97.62151783463102,33.0,0.0
97.62299893050685,34.0,0.0
97.62366279863346,35.0,0.0
97.6348146210456,36.0,0.0
97.6398106279384,37.0,0.0
97.6412450206818,36.0,0.0
97.64893075387785,35.0,0.0
97.64956793795491,34.0,0.0
97.65290006091683,33.0,0.0
97.65361265690194,34.0,0.0
97.65608804722382,33.0,0.0
97.6606705573021,34.0,0.0
97.66922531402508,35.0,0.0
97.67149848787076,36.0,0.0
97.68080971502745,37.0,0.0
97.70334416711758,38.0,0.0
97.7155837749657,39.0,0.0
97.71895642937002,40.0,0.0
97.72473321037513,41.0,0.0
97.7379016984749,42.0,0.0
97.74162107094992,41.0,0.0
97.74941174368813,42.0,0.0
97.75076848005187,43.0,0.0
97.75123651211442,42.0,0.0
97.75589696795697,41.0,0.0
97.7580809942905,42.0,0.0
97.76407728982878,43.0,0.0
97.76420611055408,44.0,0.0
97.76865362172695,43.0,0.0
97.77640289868769,44.0,0.0
97.78203618240848,43.0,0.0
97.78227094890102,42.0,0.0
97.7824981796755,43.0,0.0
97.7835344985655,44.0,0.0
97.78748597665239,43.0,0.0
97.78935891373347,44.0,0.0
97.80930843447345,43.0,0.0
97.81202749395337,44.0,0.0
97.82013788554424,43.0,0.0
97.82907170556884,44.0,0.0
97.83303541280915,43.0,0.0
97.83507387870843,44.0,0.0
97.8359348206627,45.0,0.0
97.84462060864605,44.0,0.0
97.84656105053253,43.0,0.0
97.86445388943694,42.0,0.0
97.8699182897647,43.0,0.0
97.87482031210914,42.0,0.0
97.88873528200075,43.0,0.0
97.8947454591831,44.0,0.0
97.8956488028167,43.0,0.0
97.8974445930811,42.0,0.0
97.90341217556295,41.0,0.0
97.90934588048276,42.0,0.0
97.90965204752938,41.0,0.0
97.91062526608732,42.0,0.0
97.91505732292087,41.0,0.0
97.92080047046386,42.0,0.0
97.93830872319961,41.0,0.0
97.9388239057349,42.0,0.0
97.93930706500215,41.0,0.0
97.95868758897038,40.0,0.0
97.96409698935676,41.0,0.0
97.96938644369618,42.0,0.0
97.97027570042778,43.0,0.0
97.97855973035998,42.0,0.0
97.98932570614824,43.0,0.0
97.98981001438408,42.0,0.0
97.99149019595045,41.0,0.0
98.00602702749212,42.0,0.0
98.01614796134258,43.0,0.0
98.02613065658586,42.0,0.0
98.02842722029474,43.0,0.0
98.03125554631715,42.0,0.0
98.0312890977118,43.0,0.0
98.0413495657992,44.0,0.0
98.04431636671457,43.0,0.0
98.05543585185171,42.0,0.0
98.0611289602899,41.0,0.0
98.07146167256448,42.0,0.0
98.07518818145574,43.0,0.0
98.0788402991472,42.0,0.0
98.08196227147185,43.0,0.0
98.08628214444256,44.0,0.0
98.0867166684571,43.0,0.0
98.0937570221262,44.0,0.0
98.09686639882581,43.0,0.0
98.10042042324197,42.0,0.0
98.10122487458692,41.0,0.0
98.10143193546352,42.0,0.0
98.10335246340136,43.0,0.0
98.11793407108337,44.0,0.0
98.1183659973545,45.0,0.0
98.12359846179581,44.0,0.0
98.12470499303365,43.0,0.0
98.13303623161293,44.0,0.0
98.13966417909963,45.0,0.0
98.14312386010188,44.0,0.0
98.14353383982382,43.0,0.0
98.14450257710587,42.0,0.0
98.14892720667157,43.0,0.0
98.15175531753734,42.0,0.0
98.15650771993577,41.0,0.0
98.15730596477373,42.0,0.0
98.15863804638425,41.0,0.0
98.15871571600393,42.0,0.0
98.15971356906424,41.0,0.0
98.1609732448855,42.0,0.0
98.17331324829439,41.0,0.0
98.17858253535269,42.0,0.0
98.19181464716328,43.0,0.0
98.1939910968562,42.0,0.0
98.22121183313072,43.0,0.0
98.22380437213835,44.0,0.0
98.22551485888658,45.0,0.0
98.23101440826319,46.0,0.0
98.23501221149728,47.0,0.0
98.23637146122573,46.0,0.0
98.24449874947635,47.0,0.0
98.24831497653304,46.0,0.0
98.25308989389602,47.0,0.0
98.26146858878342,48.0,0.0
98.26826400963695,47.0,0.0
98.26932934414576,46.0,0.0
98.27623021024144,47.0,0.0
98.28578367296011,46.0,0.0
98.28581712197885,45.0,0.0
98.29195250638995,44.0,0.0
98.29477483665814,45.0,0.0
98.29645928049976,46.0,0.0
98.31549077440349,47.0,0.0
98.3179897021001,46.0,0.0
98.32463524643492,47.0,0.0
98.33456439919036,48.0,0.0
98.33523919403272,49.0,0.0
98.3414383572854,48.0,0.0
98.34377408321669,47.0,0.0
98.35488489921484,46.0,0.0
98.35902774548975,47.0,0.0
98.37014834609677,46.0,0.0
98.3807744071402,45.0,0.0
98.38297943322411,46.0,0.0
98.38392462444456,47.0,0.0
98.38560728616359,48.0,0.0
98.39130014423102,49.0,0.0
98.39140060979278,48.0,0.0
98.39521486609895,47.0,0.0
98.40074980371026,48.0,0.0
98.41907855622206,49.0,0.0
98.42049986444519,48.0,0.0
98.4272934420767,49.0,0.0
98.42802374018295,50.0,0.0
98.42993328181515,49.0,0.0
98.43128549038107,50.0,0.0
98.43627222934393,51.0,0.0
98.44430880683433,52.0,0.0
98.44760520437121,53.0,0.0
98.45717286755246,52.0,0.0
98.4577587769367,53.0,0.0
98.47305397672801,52.0,0.0
98.50291091358928,51.0,0.0
98.50673132878516,52.0,0.0
98.51339717114479,51.0,0.0
98.51755647858761,52.0,0.0
98.51798586918952,53.0,0.0
98.52274428424623,52.0,0.0
98.52753078818246,51.0,0.0
98.52765953131183,50.0,0.0
98.53009664136104,51.0,0.0
98.53479298408222,50.0,0.0
98.53724399690005,51.0,0.0
98.540195685026,52.0,0.0
98.54481043938222,51.0,0.0
98.55534900161499,50.0,0.0
98.55619553185983,49.0,0.0
98.56441478869154,50.0,0.0
98.56560986222357,51.0,0.0
98.5669445361802,50.0,0.0
98.57376007208433,51.0,0.0
98.58081361463758,50.0,0.0
98.58177322902637,51.0,0.0
98.58663767319891,52.0,0.0
98.59917737023181,53.0,0.0
98.60153614052147,54.0,0.0
98.60169501556311,53.0,0.0
98.6137125272708,54.0,0.0
98.61972926777744,53.0,0.0
98.62851853628958,54.0,0.0
98.63251577844231,55.0,0.0
98.63306626524543,56.0,0.0
98.63811217664136,55.0,0.0
98.64771237147889,56.0,0.0
98.64844373790828,57.0,0.0
98.65026060432723,58.0,0.0
98.65156019206307,59.0,0.0
98.6532932278322,58.0,0.0
98.66086645765895,59.0,0.0
98.66213527734156,58.0,0.0
98.66920744040598,59.0,0.0
98.67006904789113,58.0,0.0
98.67383783148499,57.0,0.0
98.67777321786885,58.0,0.0
98.68601571060915,59.0,0.0
98.68769798097362,58.0,0.0
98.69503969923171,57.0,0.0
98.69604270711926,58.0,0.0
98.6974192455446,59.0,0.0
98.70402538691543,60.0,0.0
98.70551673705532,59.0,0.0
98.70657170598838,60.0,0.0
98.71445147147107,61.0,0.0
98.71591949977837,62.0,0.0
98.72165229524097,63.0,0.0
98.72961756143327,64.0,0.0
98.73386833707126,63.0,0.0
98.74082472951437,64.0,0.0
98.74086782893346,65.0,0.0
98.74378522657949,66.0,0.0
98.74571109576715,65.0,0.0
98.75213598799623,64.0,0.0
98.75413650757106,65.0,0.0
98.7561328945681,66.0,0.0
98.75790516867134,67.0,0.0
98.75796592426555,68.0,0.0
98.762667656109,67.0,0.0
98.7645126096895,68.0,0.0
98.7671932470225,69.0,0.0
98.76738206466126,70.0,0.0
98.76949139711535,71.0,0.0
98.77884128389965,70.0,0.0
98.78384133114639,71.0,0.0
98.78632844723077,70.0,0.0
98.79044664881742,71.0,0.0
98.80063787791545,72.0,0.0
98.80267204113264,73.0,0.0
98.82596028427521,74.0,0.0
98.82882665836631,75.0,0.0
98.83845979848017,74.0,0.0
98.8413596807391,75.0,0.0
98.84222878585045,74.0,0.0
98.85735993149169,75.0,0.0
98.85819015377236,74.0,0.0
98.86329715324597,75.0,0.0
98.86369549123778,74.0,0.0
98.8698845526383,73.0,0.0
98.87797098124194,72.0,0.0
98.87908004240988,71.0,0.0
98.88415720591406,72.0,0.0
98.90000110544798,73.0,0.0
98.90310589186451,74.0,0.0
98.90400431632021,73.0,0.0
98.90476175458276,72.0,0.0
98.90758466314297,73.0,0.0
98.91201805202941,74.0,0.0
98.91695420323632,73.0,0.0
98.94448137491402,74.0,0.0
98.95247875335436,75.0,0.0
98.95425472170174,74.0,0.0
98.95631454456321,75.0,0.0
98.97186450786263,76.0,0.0
98.974163333241,75.0,0.0
98.97567521096634,74.0,0.0
98.97580955856802,75.0,0.0
98.97700957416258,74.0,0.0
98.98287233036284,75.0,0.0
98.98772912794428,76.0,0.0
98.99047644894317,75.0,0.0
99.0034847556299,76.0,0.0
99.00546875595113,77.0,0.0
99.00731691468967,76.0,0.0
99.01357680087354,75.0,0.0
99.01604371440848,76.0,0.0
99.02834287141728,77.0,0.0
99.03625075764772,78.0,0.0
99.03805884445833,79.0,0.0
99.03840126767305,80.0,0.0
99.04032994962297,81.0,0.0
99.04239305923196,80.0,0.0
99.04519507166421,79.0,0.0
99.05141572775047,78.0,0.0
99.05204103179538,77.0,0.0
99.06729845759843,78.0,0.0
99.09752606905283,79.0,0.0
99.10136048022143,80.0,0.0
99.10274621093069,79.0,0.0
99.10296330206923,78.0,0.0
99.11167116215397,79.0,0.0
99.11968319418955,78.0,0.0
99.12859158573238,79.0,0.0
99.12928829373163,78.0,0.0
99.1429367413004,79.0,0.0
99.14375169334286,78.0,0.0
99.14588356566462,79.0,0.0
99.149137015851,78.0,0.0
99.15388572845599,79.0,0.0
99.15863832274331,78.0,0.0
99.16146842566668,79.0,0.0
99.1660816242749,80.0,0.0
99.17567420466018,81.0,0.0
99.18117259136984,82.0,0.0
99.1838107291224,83.0,0.0
99.19989809419178,82.0,0.0
99.20249344112315,81.0,0.0
99.20979391874369,82.0,0.0
99.21987605815976,81.0,0.0
99.22466610407817,80.0,0.0
99.22869487837104,81.0,0.0
99.22998341955459,82.0,0.0
99.23201092068837,83.0,0.0
99.23214396632882,84.0,0.0
99.23225585940716,85.0,0.0
99.23363025625945,86.0,0.0
99.23684939735755,87.0,0.0
99.24631656011319,86.0,0.0
99.2465741785765,87.0,0.0
99.24657876283548,86.0,0.0
99.24670235063168,85.0,0.0
99.24785945274793,86.0,0.0
99.24793022599258,85.0,0.0
99.26787727145793,86.0,0.0
99.27158758300155,85.0,0.0
99.27695920500224,84.0,0.0
99.28048500907829,83.0,0.0
99.29072484601599,84.0,0.0
99.29383518949084,83.0,0.0
99.29651356884749,82.0,0.0
99.30005164964992,83.0,0.0
99.30099132729242,82.0,0.0
99.30134157225166,83.0,0.0
99.30611149158698,84.0,0.0
99.31308044945797,85.0,0.0
99.32236234826763,84.0,0.0
99.33784082570672,83.0,0.0
99.34777507927463,84.0,0.0
99.35647173978874,83.0,0.0
99.3572145562795,84.0,0.0
99.36739749902614,83.0,0.0
99.37632053875318,84.0,0.0
99.38660043931148,85.0,0.0
99.38792828633267,86.0,0.0
99.39170865219353,87.0,0.0
99.39526728570988,88.0,0.0
99.40570072035979,89.0,0.0
99.41179283235599,90.0,0.0
99.41392881125343,91.0,0.0
99.41619810584761,90.0,0.0
99.41802862948917,89.0,0.0
99.41989944970732,88.0,0.0
99.42988115885936,89.0,0.0
99.43059638459877,88.0,0.0
99.44159436951068,87.0,0.0
99.4490142365425,86.0,0.0
99.45371177028112,87.0,0.0
99.46471370922649,88.0,0.0
99.47251123997063,89.0,0.0
99.47407734911815,90.0,0.0
99.47446912572556,89.0,0.0
99.4797838562069,88.0,0.0
99.48072212977907,89.0,0.0
99.49378796222896,90.0,0.0
99.4974830653339,91.0,0.0
99.50128646495051,92.0,0.0
99.50789829315498,91.0,0.0
99.50863301632333,90.0,0.0
99.51369430508323,89.0,0.0
99.53282215092639,88.0,0.0
99.5342990668714,87.0,0.0
99.53994879414752,88.0,0.0
99.5434501531995,87.0,0.0
99.55027416379976,86.0,0.0
99.55338831289929,85.0,0.0
99.55388787614609,84.0,0.0
99.56991769355675,83.0,0.0
99.5701684652024,84.0,0.0
99.58162053374124,85.0,0.0
99.58718264149253,86.0,0.0
99.60038570613456,87.0,0.0
99.60350337384165,86.0,0.0
99.60558957743817,87.0,0.0
99.60652577568455,88.0,0.0
99.60689518138831,89.0,0.0
99.60961145708528,88.0,0.0
99.61557014456754,87.0,0.0
99.62802402565849,88.0,0.0
99.63604919605483,87.0,0.0
99.63980581991179,88.0,0.0
99.64328406056863,89.0,0.0
99.64631016825825,90.0,0.0
99.64709465582429,89.0,0.0
99.64793096997916,90.0,0.0
99.65101438107202,89.0,0.0
99.6593390755093,90.0,0.0
99.66374730187275,89.0,0.0
99.66429700803874,90.0,0.0
99.66530270240827,89.0,0.0
99.6653217992006,88.0,0.0
99.66534217124094,87.0,0.0
99.66931487261992,88.0,0.0
99.6751462697497,89.0,0.0
99.67633269295101,88.0,0.0
99.67739989534188,89.0,0.0
99.68286399606306,90.0,0.0
99.69125643742669,91.0,0.0
99.69885723549645,92.0,0.0
99.70324158044387,91.0,0.0
99.7158101630901,92.0,0.0
99.71700264673018,93.0,0.0
99.71730116242985,94.0,0.0
99.7320196650916,93.0,0.0
99.73231085960643,92.0,0.0
99.73391271535327,91.0,0.0
99.73889945763759,92.0,0.0
99.73923312858163,91.0,0.0
99.74644041187743,92.0,0.0
99.74712633261964,93.0,0.0
99.75585973540284,94.0,0.0
99.77297596831968,93.0,0.0
99.77373909382345,94.0,0.0
99.79014195100017,93.0,0.0
99.79089446659866,92.0,0.0
99.79395287356348,91.0,0.0
99.79627720422212,92.0,0.0
99.80610267718997,93.0,0.0
99.8108144503307,94.0,0.0
99.8112530679239,93.0,0.0
99.81973662619214,94.0,0.0
99.82310086579136,95.0,0.0
99.82704964925605,94.0,0.0
99.83342998121655,95.0,0.0
99.83926482098968,96.0,0.0
99.84695341818401,97.0,0.0
99.85227081738667,96.0,0.0
99.85855088588247,95.0,0.0
99.87360457128477,94.0,0.0
99.87489216341345,93.0,0.0
99.88864449192556,94.0,0.0
99.88996055599105,93.0,0.0
99.89206583145587,94.0,0.0
99.8925419249488,93.0,0.0
99.89612806002197,92.0,0.0
99.89619922832007,91.0,0.0
99.89712170359383,92.0,0.0
99.9163720887444,91.0,0.0
99.91660762408982,92.0,0.0
99.91711299707521,91.0,0.0
99.91941915295666,92.0,0.0
99.91963428099517,93.0,0.0
99.9210927008137,94.0,0.0
99.92120802187787,93.0,0.0
99.92658811674087,94.0,0.0
99.92831258037948,95.0,0.0
99.93247128679654,94.0,0.0
99.93490120188329,95.0,0.0
99.93857888318405,94.0,0.0
99.9507733156589,95.0,0.0
99.95713987408766,96.0,0.0
99.95871521885219,95.0,0.0
99.9592560875465,94.0,0.0
99.96307669114258,95.0,0.0
99.96457348075192,94.0,0.0
99.98857247782502,93.0,0.0
99.99363440531712,92.0,0.0
99.9963887134662,93.0,0.0
99.99872775592895,92.0,0.0
100.0130043264211,93.0,0.0
100.01749715958744,94.0,0.0
100.01835227995542,93.0,0.0
100.02238623351296,94.0,0.0
100.02742178585251,95.0,0.0
100.0324223145194,94.0,0.0
100.03791080399449,93.0,0.0
100.04901042777871,92.0,0.0
100.04976716789038,91.0,0.0
100.04979667902128,92.0,0.0
100.0537577276825,91.0,0.0
100.05429349647724,92.0,0.0
100.05530355096549,93.0,0.0
100.06130521561222,92.0,0.0
100.06804719957312,93.0,0.0
100.07114319043916,94.0,0.0
100.0716822864247,95.0,0.0
100.07377728195782,94.0,0.0
100.08101023482989,95.0,0.0
100.0881338084966,96.0,0.0
100.0968860482053,95.0,0.0
100.10213291624551,94.0,0.0
100.11580326380415,93.0,0.0
100.120179006849,94.0,0.0
100.12271207179622,95.0,0.0
100.12589858373383,94.0,0.0
100.12647686451467,95.0,0.0
100.12676138875135,96.0,0.0
100.13015119244952,95.0,0.0
100.13201312027012,94.0,0.0
100.1335790713504,95.0,0.0
100.13963757595015,94.0,0.0
100.14237867252395,95.0,0.0
100.14245895353106,94.0,0.0
100.1518182221984,93.0,0.0
100.15191304441696,94.0,0.0
100.15345014651507,95.0,0.0
100.17021136380025,96.0,0.0
100.17550909074554,95.0,0.0
100.1784819915732,94.0,0.0
100.18499357337092,95.0,0.0
100.18730387121576,96.0,0.0
100.18804923244828,97.0,0.0
100.19094730882668,96.0,0.0
100.19117694895596,95.0,0.0
100.19270157054544,96.0,0.0
100.19472701869569,95.0,0.0
100.19664040610738,96.0,0.0
100.2042772091247,95.0,0.0
100.20524811656763,96.0,0.0
100.2196191282257,97.0,0.0
100.22794971190442,98.0,0.0
100.22933124156644,99.0,0.0
100.23674506867081,98.0,0.0
100.23848117469024,97.0,0.0
100.24176415918903,98.0,0.0
100.25515336347313,97.0,0.0
100.25554665661522,98.0,0.0
100.26238449250856,99.0,0.0
100.26770586980268,100.0,0.0
100.27089558107322,99.0,0.0
100.27437998582948,98.0,0.0
100.28124857237368,99.0,0.0
100.30218424033337,98.0,0.0
100.30487018839703,99.0,0.0
100.31332425018356,100.0,0.0
100.33221084508831,99.0,0.0
100.3352616268501,100.0,0.0
100.34394707293677,99.0,0.0
100.37517957716081,98.0,0.0
100.37724058940863,99.0,0.0
100.37888730181939,100.0,0.0
100.38300094517012,101.0,0.0
100.38612158232495,100.0,0.0
100.42656046745135,99.0,0.0
100.42836329056962,98.0,0.0
100.430227790344,99.0,0.0
100.4337844672012,100.0,0.0
100.43591790113757,99.0,0.0
100.4381264815897,100.0,0.0
100.44754890893164,101.0,0.0
100.45044961657462,102.0,0.0
100.45050600456315,101.0,0.0
100.46612442092677,100.0,0.0
100.47283544523314,101.0,0.0
100.47738797679227,100.0,0.0
100.48189101507172,101.0,0.0
100.48473375146843,102.0,0.0
100.48786078850448,103.0,0.0
100.4883242149512,102.0,0.0
100.48903317540322,101.0,0.0
100.4914350534195,102.0,0.0
100.49669985542006,103.0,0.0
100.5028407148431,104.0,0.0
100.50487500040212,105.0,0.0
100.51020933820803,106.0,0.0
100.51243715909622,105.0,0.0
100.51571246079092,106.0,0.0
100.52215269228138,105.0,0.0
100.52611339636988,106.0,0.0
100.52995459068501,107.0,0.0
100.53290903280093,108.0,0.0
100.5342084199721,109.0,0.0
100.53680726322996,110.0,0.0
100.54075127021413,109.0,0.0
100.54391343422395,110.0,0.0
100.55214443019592,109.0,0.0
100.56315349803347,108.0,0.0
100.57543326839658,109.0,0.0
100.58603577817229,110.0,0.0
100.5880390270412,111.0,0.0
100.588773734243,110.0,0.0
100.59544696646371,111.0,0.0
100.59992598102139,112.0,0.0
100.60393493093406,111.0,0.0
100.61927394403708,112.0,0.0
100.6217872353999,113.0,0.0
100.62778093568464,112.0,0.0
100.62861317041413,111.0,0.0
100.64267218772859,112.0,0.0
100.65433341226067,113.0,0.0
100.65690392144012,114.0,0.0
100.65970264120136,115.0,0.0
100.66614242941922,114.0,0.0
100.66660199141694,113.0,0.0
100.6775102204985,114.0,0.0
100.68216081399673,113.0,0.0
100.6901552673139,112.0,0.0
100.69704927648135,113.0,0.0
100.69813236157206,114.0,0.0
100.69956248294167,115.0,0.0
100.70166279519974,116.0,0.0
100.71032082728445,117.0,0.0
100.71042026888631,116.0,0.0
100.7123565364856,115.0,0.0
100.71298040568605,114.0,0.0
100.71322880316745,113.0,0.0
100.71351870367779,112.0,0.0
100.72346056903116,113.0,0.0
100.72431543566866,114.0,0.0
100.72656076448169,113.0,0.0
100.72899225324481,114.0,0.0
100.73220749218015,115.0,0.0
100.73662343616975,116.0,0.0
100.73719767813671,117.0,0.0
100.74339814836121,118.0,0.0
100.7539545386969,117.0,0.0
100.7600141158703,118.0,0.0
100.76553188532162,119.0,0.0
100.77196556202684,120.0,0.0
100.77233244747809,121.0,0.0
100.7725556829845,122.0,0.0
100.78213393145109,123.0,0.0
100.78691380249049,124.0,0.0
100.80306438818953,123.0,0.0
100.8051102426547,122.0,0.0
100.80728335685043,123.0,0.0
100.80909939599384,122.0,0.0
100.80943089141083,123.0,0.0
100.8107242663662,124.0,0.0
100.82601663616096,125.0,0.0
100.82995598620425,126.0,0.0
100.83526476321693,125.0,0.0
100.83562554343565,124.0,0.0
100.83582409861546,123.0,0.0
100.84228345227432,124.0,0.0
100.84385554431435,125.0,0.0
100.84610552529699,124.0,0.0
100.85541496813984,125.0,0.0
100.87378440159726,126.0,0.0
100.8805532957352,127.0,0.0
100.88106105854204,128.0,0.0
100.88855592450567,129.0,0.0
100.89230345575712,130.0,0.0
100.89261564133628,131.0,0.0
100.89424139961552,132.0,0.0
100.89853598622544,133.0,0.0
100.89866884808792,134.0,0.0
100.9164835918688,135.0,0.0
100.91886583306413,134.0,0.0
100.93346058214038,133.0,0.0
100.93401281092537,132.0,0.0
100.9346678794436,133.0,0.0
100.93733114290941,132.0,0.0
100.94292950664055,131.0,0.0
100.94320266702235,130.0,0.0
100.94853226268452,131.0,0.0
100.96284590053541,132.0,0.0
100.97024879075867,131.0,0.0
100.97614362796824,132.0,0.0
100.98420744047134,133.0,0.0
100.98691948057508,132.0,0.0
100.98775015302803,131.0,0.0
100.98917829822452,132.0,0.0
100.99264039884044,131.0,0.0
100.99688082926194,132.0,0.0
100.9988328534369,133.0,0.0
101.00199558906225,132.0,0.0
101.01194319412078,133.0,0.0
101.02229065277922,132.0,0.0
101.04396469004143,131.0,0.0
101.04657731320881,132.0,0.0
101.05524368898368,133.0,0.0
101.05674396186265,132.0,0.0
101.05816584576793,133.0,0.0
101.06556914705283,134.0,0.0
101.06845725854744,133.0,0.0
101.08246252212976,132.0,0.0
101.0826471900257,133.0,0.0
101.08776603988879,134.0,0.0
101.088866685524,133.0,0.0
101.10111667766571,134.0,0.0
101.10222092530218,135.0,0.0
101.10528185390825,136.0,0.0
101.11216559534682,137.0,0.0
101.11600632387852,138.0,0.0
101.13532595684023,137.0,0.0
101.13659965881291,136.0,0.0
101.13882554300163,137.0,0.0
101.13978846335033,136.0,0.0
101.1453220347241,137.0,0.0
101.15088728643546,136.0,0.0
101.17154090085756,137.0,0.0
101.17613771132568,136.0,0.0
101.18649893790447,135.0,0.0
101.1881051656747,136.0,0.0
101.19408897073083,135.0,0.0
101.20155223006297,136.0,0.0
101.20515156364513,135.0,0.0
101.20618618201422,134.0,0.0
101.20730124608929,135.0,0.0
101.20884987322275,136.0,0.0
101.20969347426069,137.0,0.0
101.21096950080344,136.0,0.0
101.21356421718534,135.0,0.0
101.21517671080844,134.0,0.0
101.224519335367,135.0,0.0
101.22513870667512,136.0,0.0
101.23743302758552,137.0,0.0
101.24352342207702,138.0,0.0
101.2442715990083,139.0,0.0
101.25991094090645,140.0,0.0
101.27040243449726,139.0,0.0
101.272730545115,140.0,0.0
101.27442304412193,141.0,0.0
101.27446484335032,142.0,0.0
101.27490262429085,141.0,0.0
101.28220212362567,142.0,0.0
101.28829202541392,143.0,0.0
101.29143980726198,142.0,0.0
101.29518610558983,141.0,0.0
101.29614464716524,140.0,0.0
101.30391613335466,139.0,0.0
101.30683100352806,140.0,0.0
101.32326565249768,141.0,0.0
101.33268947233609,142.0,0.0
101.33380491236247,143.0,0.0
101.3348822634495,144.0,0.0
101.33633262879843,145.0,0.0
101.33633517229575,144.0,0.0
101.33850025918183,143.0,0.0
101.34590940860058,142.0,0.0
101.34713200036933,143.0,0.0
101.34839800018283,144.0,0.0
101.35286432168789,145.0,0.0
101.35427193723066,144.0,0.0
101.35679667939692,145.0,0.0
101.35737376817869,146.0,0.0
101.36037245624487,145.0,0.0
101.3708711530282,146.0,0.0
101.3718435343719,147.0,0.0
101.37316909916528,148.0,0.0
101.38489835190973,149.0,0.0
101.39520633386367,150.0,0.0
101.39789376533382,151.0,0.0
101.41336936939499,152.0,0.0
101.4166350148294,153.0,0.0
101.4211430279135,154.0,0.0
101.42530591943529,155.0,0.0
101.43167340961139,156.0,0.0
101.43204107937251,157.0,0.0
101.43314862585159,158.0,0.0
101.45284842088704,157.0,0.0
101.46025905084488,158.0,0.0
101.46167426580996,159.0,0.0
101.4641192188647,160.0,0.0
101.46461565495298,161.0,0.0
101.46802437191921,162.0,0.0
101.4689093873922,163.0,0.0
101.47389882073485,164.0,0.0
101.4748804496447,165.0,0.0
101.4753120939108,164.0,0.0
101.48355666395908,165.0,0.0
101.4850618116278,164.0,0.0
101.48839874196872,165.0,0.0
101.50743115849056,164.0,0.0
101.5143759319723,163.0,0.0
101.51633824387069,164.0,0.0
101.51702630932647,165.0,0.0
101.52581123114037,166.0,0.0
101.53023504408027,165.0,0.0
101.53297965746083,164.0,0.0
101.54754423213686,165.0,0.0
101.54934810242997,166.0,0.0
101.55188098016723,167.0,0.0
101.55923819365383,168.0,0.0
101.56403979448375,167.0,0.0
101.56621877205785,168.0,0.0
101.58179438912512,167.0,0.0
101.58356200085836,166.0,0.0
101.59402158876712,165.0,0.0
101.59498915753284,166.0,0.0
101.59655029578418,165.0,0.0
101.59814149464309,166.0,0.0
101.60163963205017,165.0,0.0
101.61429794104394,166.0,0.0
101.62339981620207,165.0,0.0
101.63894662496959,166.0,0.0
101.64279437977949,167.0,0.0
101.64772907878377,166.0,0.0
101.64883094836782,165.0,0.0
101.65086194521093,166.0,0.0
101.65737579022536,167.0,0.0
101.6601628381286,168.0,0.0
101.66609774753152,169.0,0.0
101.67329480541798,170.0,0.0
101.67845109089153,171.0,0.0
101.68401371617597,170.0,0.0
101.7066560944178,169.0,0.0
101.71089989656103,168.0,0.0
101.7143917232627,169.0,0.0
101.7181742821364,168.0,0.0
101.71827974407387,167.0,0.0
101.7186412131079,166.0,0.0
101.7255864129015,165.0,0.0
101.7269600039181,164.0,0.0
101.73518164951197,163.0,0.0
101.73985163790084,162.0,0.0
101.7451939612923,163.0,0.0
101.77918812949935,164.0,0.0
101.77951508797501,163.0,0.0
101.78274738950772,164.0,0.0
101.79058128946126,165.0,0.0
101.7930474483089,164.0,0.0
101.79611115089969,165.0,0.0
101.80553797550378,166.0,0.0
101.80766016499123,167.0,0.0
101.81159051166455,168.0,0.0
101.81291172504956,169.0,0.0
101.81843997307061,170.0,0.0
101.81983494461626,171.0,0.0
101.8219568634722,170.0,0.0
101.83439817061789,171.0,0.0
101.84139154211157,172.0,0.0
101.84243596637413,171.0,0.0
101.84907258503591,170.0,0.0
101.86028166919155,169.0,0.0
101.86141285787463,170.0,0.0
101.8674128704712,169.0,0.0
101.88316572081398,170.0,0.0
101.89630441528203,169.0,0.0
101.90671869226583,168.0,0.0
101.9076979588908,167.0,0.0
101.90997716074165,168.0,0.0
101.91587795199378,167.0,0.0
101.91756340128782,166.0,0.0
101.91888372805722,165.0,0.0
101.92855050363119,164.0,0.0
101.93365449874503,163.0,0.0
101.93897475436403,162.0,0.0
101.93934672632821,163.0,0.0
101.9452326326786,164.0,0.0
101.94621180017027,165.0,0.0
101.96435977641731,166.0,0.0
101.96465034865697,167.0,0.0
101.97466788794425,166.0,0.0
101.97770687869419,167.0,0.0
101.98672528791445,166.0,0.0
101.98756921240573,167.0,0.0
101.988217474417,166.0,0.0
101.99439249674529,167.0,0.0
102.00263774192936,166.0,0.0
102.00280178369235,165.0,0.0
102.01159547865878,166.0,0.0
102.0149532407938,165.0,0.0
102.02605247708593,166.0,0.0
102.03128962371302,167.0,0.0
102.03859498409413,166.0,0.0
102.03916692200782,165.0,0.0
102.0394239847464,164.0,0.0
102.04066178135706,163.0,0.0
102.04402062188926,162.0,0.0
102.04844330043069,163.0,0.0
102.04961055208358,162.0,0.0
102.05830474741376,161.0,0.0
102.07184818334369,160.0,0.0
102.07944981508044,159.0,0.0
102.08039863993726,160.0,0.0
102.08058786228099,161.0,0.0
102.08212765791212,162.0,0.0
102.09834104816944,163.0,0.0
102.10049218106393,164.0,0.0
102.10372330942747,163.0,0.0
102.10917781646181,164.0,0.0
102.11286720693528,163.0,0.0
102.12136999268611,164.0,0.0
102.12352350520753,163.0,0.0
102.12435771578552,162.0,0.0
102.12637901628756,161.0,0.0
102.1289604789236,162.0,0.0
102.13533853412481,161.0,0.0
102.14088464548217,162.0,0.0
102.15168088657207,163.0,0.0
102.1532863276528,164.0,0.0
102.15393885265068,165.0,0.0
102.15860765861869,164.0,0.0
102.1880410656131,163.0,0.0
102.18933136459022,164.0,0.0
102.19960147404144,163.0,0.0
102.2008817260126,164.0,0.0
102.2045349929057,165.0,0.0
102.20762233300795,164.0,0.0
102.22350683262549,163.0,0.0
102.23272586798586,164.0,0.0
102.23374959153638,165.0,0.0
102.23684168503249,166.0,0.0
102.24454899599803,165.0,0.0
102.2485894919927,166.0,0.0
102.25398067612832,165.0,0.0
102.25664400701805,166.0,0.0
102.2625400172826,167.0,0.0
102.26454646400929,166.0,0.0
102.27659828431527,165.0,0.0
102.27710436545986,166.0,0.0
102.29276256683808,165.0,0.0
102.29817870701505,166.0,0.0
102.29899279984278,165.0,0.0
102.30056587790031,166.0,0.0
102.30952571556853,165.0,0.0
102.31343758413875,166.0,0.0
102.31831607134708,167.0,0.0
102.32330822253972,166.0,0.0
102.33519631126904,167.0,0.0
102.3360252703855,168.0,0.0
102.34013063892988,169.0,0.0
102.34313568240822,168.0,0.0
102.34564778984539,169.0,0.0
102.36758898599838,168.0,0.0
102.36869475011517,167.0,0.0
102.37454834044712,166.0,0.0
102.38570979524218,167.0,0.0
102.38648734520407,168.0,0.0
102.38701303885695,167.0,0.0
102.39077751275407,166.0,0.0
102.39100461589486,165.0,0.0
102.39325929857874,166.0,0.0
102.39571980282045,165.0,0.0
102.40458571273693,166.0,0.0
102.40835605693263,165.0,0.0
102.41187633573004,164.0,0.0
102.42149279930626,165.0,0.0
102.42680464421835,166.0,0.0
102.43728158780455,167.0,0.0
102.4561714331355,166.0,0.0
102.47605156587323,165.0,0.0
102.48245993234615,166.0,0.0
102.48302387802343,165.0,0.0
102.49178196398506,164.0,0.0
102.49606565793667,165.0,0.0
102.50002937128536,164.0,0.0
102.50274741401873,165.0,0.0
102.50585093339575,164.0,0.0
102.51497672285494,165.0,0.0
102.52472314250883,166.0,0.0
102.54406947538007,165.0,0.0
102.54436710351037,164.0,0.0
102.56055605845907,165.0,0.0
102.57349046144236,166.0,0.0
102.5765058349966,167.0,0.0
102.57747729359342,166.0,0.0
102.58012519105206,165.0,0.0
102.58551927379334,164.0,0.0
102.58755031281753,165.0,0.0
102.58837819257366,164.0,0.0
102.6002585830646,163.0,0.0
102.6078089274164,162.0,0.0
102.60995323527129,163.0,0.0
102.61768105820606,164.0,0.0
102.6182944601407,163.0,0.0
102.62247433107828,164.0,0.0
102.62356416112726,165.0,0.0
102.62606846103951,164.0,0.0
102.63767276842054,163.0,0.0
102.6377026275618,162.0,0.0
102.66923208070271,161.0,0.0
102.67180020348042,160.0,0.0
102.67507716740006,159.0,0.0
102.68241186675151,158.0,0.0
102.68288554974251,159.0,0.0
102.68783639288034,158.0,0.0
102.69251683713817,157.0,0.0
102.69592072435412,156.0,0.0
102.69775225836315,157.0,0.0
102.69812689191154,156.0,0.0
102.70074199108234,157.0,0.0
102.7244666104692,158.0,0.0
102.73092604646804,157.0,0.0
102.73215113804908,156.0,0.0
102.75122777272651,155.0,0.0
102.75275724935328,154.0,0.0
102.7572828137247,155.0,0.0
102.759672917197,154.0,0.0
102.76097178437655,155.0,0.0
102.77287568936198,154.0,0.0
102.77911096060387,153.0,0.0
102.78593213927026,152.0,0.0
102.79406646734736,153.0,0.0
102.79597340574652,154.0,0.0
102.8028660274406,155.0,0.0
102.80301046942313,156.0,0.0
102.80633725250017,155.0,0.0
102.81311000395593,156.0,0.0
102.81410923366046,155.0,0.0
102.82301609223346,156.0,0.0
102.82852572066747,155.0,0.0
102.83346540578776,156.0,0.0
102.83611468971829,157.0,0.0
102.83763884746033,156.0,0.0
102.83769171266393,157.0,0.0
102.83825296383229,156.0,0.0
102.84716995016191,157.0,0.0
102.85164889671583,158.0,0.0
102.85707862725368,157.0,0.0
102.86754269064231,156.0,0.0
102.87204152522712,157.0,0.0
102.8733776995589,158.0,0.0
102.87480498878061,159.0,0.0
102.88267953070454,158.0,0.0
102.89047035188318,159.0,0.0
102.89975183212265,158.0,0.0
102.90156950493304,157.0,0.0
102.90243856362461,156.0,0.0
102.91663344473729,155.0,0.0
102.91761940426628,156.0,0.0
102.91828953050275,155.0,0.0
102.95019804881105,156.0,0.0
102.95380687942897,155.0,0.0
102.96962956783538,154.0,0.0
102.97450908918789,153.0,0.0
102.98614041756555,154.0,0.0
102.99036333585154,153.0,0.0
102.99879675186217,154.0,0.0
103.00178439818671,153.0,0.0
103.00558734618151,154.0,0.0
103.00976471677474,155.0,0.0
103.01068360598143,156.0,0.0
103.01574431501106,155.0,0.0
103.01784827820053,156.0,0.0
103.02011731831703,157.0,0.0
103.02212522364405,156.0,0.0
103.02590852870148,157.0,0.0
103.02839136701174,156.0,0.0
103.02902338921078,157.0,0.0
103.03753525385007,158.0,0.0
103.03824214968861,159.0,0.0
103.04020459797071,160.0,0.0
103.04167181226485,161.0,0.0
103.04462180938113,160.0,0.0
103.04813378691514,159.0,0.0
103.06622948212491,158.0,0.0
103.07183495507596,159.0,0.0
103.07549207840349,158.0,0.0
103.08048872093714,157.0,0.0
103.08349752443716,156.0,0.0
103.08979116470543,155.0,0.0
103.10720691634384,154.0,0.0
103.10733338777928,153.0,0.0
103.11570111764071,152.0,0.0
103.11888440102489,153.0,0.0
103.12154281289433,152.0,0.0
103.1514730546665,151.0,0.0
103.15164188457844,150.0,0.0
103.15323267266311,151.0,0.0
103.16759690094406,150.0,0.0
103.17299372308062,149.0,0.0
103.17527158806536,148.0,0.0
103.1839538844213,149.0,0.0
103.19100417092761,150.0,0.0
103.20529299793638,149.0,0.0
103.21467243200392,150.0,0.0
103.2196504424115,149.0,0.0
103.22729577278075,148.0,0.0
103.23666675686287,147.0,0.0
103.25588651241637,148.0,0.0
103.2664450697863,147.0,0.0
103.27202994037528,146.0,0.0
103.27839812844647,145.0,0.0
103.27937607393926,144.0,0.0
103.28368145050653,143.0,0.0
103.28403163084843,144.0,0.0
103.287408322061,143.0,0.0
103.29328068971684,142.0,0.0
103.30527524220867,143.0,0.0
103.31476804625868,142.0,0.0
103.32409509192131,143.0,0.0
103.3284844175193,142.0,0.0
103.33201697697021,141.0,0.0
103.33612239746178,140.0,0.0
103.34067848775419,139.0,0.0
103.35040760298388,138.0,0.0
103.35901355900839,139.0,0.0
103.36114130072218,138.0,0.0
103.36474656731104,139.0,0.0
103.36724058417308,138.0,0.0
103.36902863602097,139.0,0.0
103.37411302750574,140.0,0.0
103.38248554905674,139.0,0.0
103.39052389297905,138.0,0.0
103.39474351609573,137.0,0.0
103.39839247077117,136.0,0.0
103.4005214797523,135.0,0.0
103.4223472220271,136.0,0.0
103.43571442270557,135.0,0.0
103.44967136411256,136.0,0.0
103.46885499755446,135.0,0.0
103.46908181528659,134.0,0.0
103.46997423759996,133.0,0.0
103.47035266524554,134.0,0.0
103.4813644028601,135.0,0.0
103.48315522479544,134.0,0.0
103.4836841477306,133.0,0.0
103.49046174306866,134.0,0.0
103.49060738843484,135.0,0.0
103.49611800727965,134.0,0.0
103.49918705083365,135.0,0.0
103.51599577480798,136.0,0.0
103.53184946800623,135.0,0.0
103.54019385814078,134.0,0.0
103.54294911254128,133.0,0.0
103.54342298452966,132.0,0.0
103.5521291928749,133.0,0.0
103.55348501957103,134.0,0.0
103.55921677581713,133.0,0.0
103.56371016042141,134.0,0.0
103.56696300872582,135.0,0.0
103.56931690357263,136.0,0.0
103.57945387401003,137.0,0.0
103.58652442570472,138.0,0.0
103.5910749010039,137.0,0.0
103.59956307305748,136.0,0.0
103.60520966431837,135.0,0.0
103.60781674378627,134.0,0.0
103.61494017752028,133.0,0.0
103.62605043975034,132.0,0.0
103.62894360257123,131.0,0.0
103.64398043222353,130.0,0.0
103.6573045192252,129.0,0.0
103.6596066871416,128.0,0.0
103.67303690495332,129.0,0.0
103.68929740992711,130.0,0.0
103.68973108561723,129.0,0.0
103.69865825885859,128.0,0.0
103.70817801434032,127.0,0.0
103.70919823973341,126.0,0.0
103.71880824024656,125.0,0.0
103.72473565800252,124.0,0.0
103.7339680729821,123.0,0.0
103.73773575423427,122.0,0.0
103.74527241763134,123.0,0.0
103.75456492061616,122.0,0.0
103.76979247740276,123.0,0.0
103.77124357777056,122.0,0.0
103.77400648772749,121.0,0.0
103.78106725297349,122.0,0.0
103.78337933091245,123.0,0.0
103.80853782937875,124.0,0.0
103.81862299844899,125.0,0.0
103.82192302745766,126.0,0.0
103.83112103371148,127.0,0.0
103.83348725128715,128.0,0.0
103.84012481317129,129.0,0.0
103.84362058276041,128.0,0.0
103.84432212818976,127.0,0.0
103.84579757465782,128.0,0.0
103.84636737873257,127.0,0.0
103.85502030653237,126.0,0.0
103.85528935101735,127.0,0.0
103.85931118519328,126.0,0.0
103.87180618542138,127.0,0.0
103.87539642456682,126.0,0.0
103.88225108369119,125.0,0.0
103.88277956252104,126.0,0.0
103.89460714483617,127.0,0.0
103.8949133892353,126.0,0.0
103.89768369810648,127.0,0.0
103.90159098679324,128.0,0.0
103.90322021456033,127.0,0.0
103.91731727244294,126.0,0.0
103.92149021748295,125.0,0.0
103.93465337056585,124.0,0.0
103.94439190753108,123.0,0.0
103.94885854060139,122.0,0.0
103.95733845849382,121.0,0.0
103.95989538918293,120.0,0.0
103.96376461292837,121.0,0.0
103.96666891161168,120.0,0.0
103.97523043099197,119.0,0.0
104.00248247452396,120.0,0.0
104.00405463925317,119.0,0.0
104.01437938266668,120.0,0.0
104.01487210112525,119.0,0.0
104.02337971455039,118.0,0.0
104.02897722740808,117.0,0.0
104.03267235812294,118.0,0.0
104.03289447423599,119.0,0.0
104.0351051955385,120.0,0.0
104.0607938648299,119.0,0.0
104.06699792573995,118.0,0.0
104.07445651568223,117.0,0.0
104.07621508678702,116.0,0.0
104.10397383158181,115.0,0.0
104.11180049618255,114.0,0.0
104.11913840773698,113.0,0.0
104.11973810235658,112.0,0.0
104.12192302177405,113.0,0.0
104.13541609429413,112.0,0.0
104.13746423975141,111.0,0.0
104.14197232171607,110.0,0.0
104.15595128934198,109.0,0.0
104.1685791998172,110.0,0.0
104.16981457852654,111.0,0.0
104.18274659853536,110.0,0.0
104.19599061940681,109.0,0.0
104.21013991758235,110.0,0.0
104.21096716804338,109.0,0.0
104.2218615896799,108.0,0.0
104.22582382798899,109.0,0.0
104.22749258336796,108.0,0.0
104.23322148730983,107.0,0.0
104.23497456828802,106.0,0.0
104.24616430967183,105.0,0.0
104.25178529611212,106.0,0.0
104.25724644039404,105.0,0.0
104.25805996130389,104.0,0.0
104.26287229107558,103.0,0.0
104.26488020173598,102.0,0.0
104.26588442583937,101.0,0.0
104.26875239634687,102.0,0.0
104.26954493611824,101.0,0.0
104.28069317193942,102.0,0.0
104.28113487034868,101.0,0.0
104.28278820785151,102.0,0.0
104.2957970699645,103.0,0.0
104.30701948742133,102.0,0.0
104.31920300751302,101.0,0.0
104.32509991597482,102.0,0.0
104.32770003540868,103.0,0.0
104.34118366440235,104.0,0.0
104.34501918602437,103.0,0.0
104.35667760327375,104.0,0.0
104.3610760825899,105.0,0.0
104.3621005576773,104.0,0.0
104.36377799134956,103.0,0.0
104.36949353928271,102.0,0.0
104.37150385299857,101.0,0.0
104.37642779312607,100.0,0.0
104.37730866676866,99.0,0.0
104.41262235361958,100.0,0.0
104.41811295730123,99.0,0.0
104.4195369358202,100.0,0.0
104.42051057598772,99.0,0.0
104.42094352271623,98.0,0.0
104.42374304471129,97.0,0.0
104.43850265204665,96.0,0.0
104.44010388084313,95.0,0.0
104.44911208104253,96.0,0.0
104.45958441055342,95.0,0.0
104.4768394459635,96.0,0.0
104.47931200812842,97.0,0.0
104.50683568783136,96.0,0.0
104.51219620821001,97.0,0.0
104.53833011473073,98.0,0.0
104.54724935317581,97.0,0.0
104.55022194663302,96.0,0.0
104.55397734026101,97.0,0.0
104.55566219099667,96.0,0.0
104.589695694825,95.0,0.0
104.59734736566388,94.0,0.0
104.6080769790814,93.0,0.0
104.60849660766944,94.0,0.0
104.61664441011546,95.0,0.0
104.62095583278803,94.0,0.0
104.63311143040944,95.0,0.0
104.64138816737814,94.0,0.0
104.65044186069557,95.0,0.0
104.65336287501607,96.0,0.0
104.65477285849016,95.0,0.0
104.65525522219555,94.0,0.0
104.68214185177891,93.0,0.0
104.69233205769002,92.0,0.0
104.69691284999404,91.0,0.0
104.69805386272145,92.0,0.0
104.7053802509081,91.0,0.0
104.70966800055305,90.0,0.0
104.71151541743014,89.0,0.0
104.72053272991374,90.0,0.0
104.72405797537539,91.0,0.0
104.73975116840955,92.0,0.0
104.74488732903161,93.0,0.0
104.75132417030584,92.0,0.0
104.76065203323027,91.0,0.0
104.76070482235474,90.0,0.0
104.76786686719338,89.0,0.0
104.77181635124188,90.0,0.0
104.77247060732336,91.0,0.0
104.78789066278848,90.0,0.0
104.79043642098213,89.0,0.0
104.79805503179894,90.0,0.0
104.8024517423506,89.0,0.0
104.81304850022349,88.0,0.0
104.81953030292064,89.0,0.0
104.81958820594713,90.0,0.0
104.82014170546361,89.0,0.0
104.8256320284213,88.0,0.0
104.82793304430828,89.0,0.0
104.84149531212881,88.0,0.0
104.85055788699108,89.0,0.0
104.85573616784794,88.0,0.0
104.85718370950471,87.0,0.0
104.86511124988107,86.0,0.0
104.8713186825898,85.0,0.0
104.88910549656161,84.0,0.0
104.90447561911654,85.0,0.0
104.92758251750683,84.0,0.0
104.92959559611552,83.0,0.0
104.93639610617403,82.0,0.0
104.94020073636612,81.0,0.0
104.94502585904073,82.0,0.0
104.95099509320342,81.0,0.0
104.95878684380185,80.0,0.0
104.96560598848563,81.0,0.0
104.97116178672725,82.0,0.0
104.98275338770333,83.0,0.0
104.98892158435757,82.0,0.0
105.00522931350669,81.0,0.0
105.00925367066401,80.0,0.0
105.0094722238667,79.0,0.0
105.02087986389742,80.0,0.0
105.036744238455,79.0,0.0
105.04034099352762,78.0,0.0
105.05338943583514,77.0,0.0
105.05806377732787,76.0,0.0
105.06418558654117,75.0,0.0
105.06885768877659,74.0,0.0
105.07280066416844,75.0,0.0
105.07695810833786,76.0,0.0
105.08749443121035,77.0,0.0
105.10178595039704,76.0,0.0
105.1134274851407,75.0,0.0
105.119177193866,76.0,0.0
105.12855220344875,75.0,0.0
105.13169318734623,76.0,0.0
105.13173974325096,75.0,0.0
105.1591233780418,76.0,0.0
105.15947460056003,77.0,0.0
105.1605065331467,76.0,0.0
105.16107204211566,77.0,0.0
105.1646965108084,76.0,0.0
105.16713492102852,75.0,0.0
105.17699893444018,74.0,0.0
105.18224203463102,73.0,0.0
105.18833744379795,72.0,0.0
105.1894435361262,71.0,0.0
105.2009168563282,70.0,0.0
105.20174487881046,69.0,0.0
105.202318122493,68.0,0.0
105.20521443982582,67.0,0.0
105.21801016040511,68.0,0.0
105.22080122678975,69.0,0.0
105.22141540175822,68.0,0.0
105.2236565586648,69.0,0.0
105.22725412440283,68.0,0.0
105.23162705499705,67.0,0.0
105.2388521856288,66.0,0.0
105.25070741092225,65.0,0.0
105.2534394372942,64.0,0.0
105.25349490230033,63.0,0.0
105.2635744194375,64.0,0.0
105.26953583480325,63.0,0.0
105.27364467581778,64.0,0.0
105.277635883147,63.0,0.0
105.28878496484161,64.0,0.0
105.28882922869775,63.0,0.0
105.28945383767551,64.0,0.0
105.29658234195993,63.0,0.0
105.30625836540626,62.0,0.0
105.31833362264136,63.0,0.0
105.31930307421797,62.0,0.0
105.33340449405418,61.0,0.0
105.34203748862733,60.0,0.0
105.34424741994869,59.0,0.0
105.35253968090493,58.0,0.0
105.35316847498873,57.0,0.0
105.35752519813092,58.0,0.0
105.37211937210547,57.0,0.0
105.37651571612776,58.0,0.0
105.38109563576496,57.0,0.0
105.38496551748531,56.0,0.0
105.3925647370782,55.0,0.0
105.39451862527359,54.0,0.0
105.40561138864216,55.0,0.0
105.41258213563925,56.0,0.0
105.417197009149,55.0,0.0
105.42647001205782,54.0,0.0
105.43601903039055,53.0,0.0
105.44168142097054,54.0,0.0
105.46164950603028,53.0,0.0
105.46673381397419,54.0,0.0
105.46774597216259,55.0,0.0
105.4732237799408,54.0,0.0
105.48157700884424,55.0,0.0
105.49169557213561,54.0,0.0
105.49727611806554,53.0,0.0
105.49784182383607,52.0,0.0
105.49976404492078,53.0,0.0
105.5134143900955,52.0,0.0
105.5198929687632,53.0,0.0
105.52362554394986,54.0,0.0
105.52571722838967,55.0,0.0
105.53188895668316,54.0,0.0
105.53929723514891,53.0,0.0
105.54473031369164,52.0,0.0
105.54589541808684,51.0,0.0
105.54614103327636,50.0,0.0
105.55163495673484,49.0,0.0
105.55482323158826,48.0,0.0
105.55551081238691,47.0,0.0
105.55743870515356,46.0,0.0
105.55871810793893,45.0,0.0
105.56060664197845,46.0,0.0
105.56985832766365,47.0,0.0
105.5813912684031,46.0,0.0
105.58844372271271,45.0,0.0
105.58962180816728,44.0,0.0
105.59110835877543,45.0,0.0
105.59239137161153,44.0,0.0
105.59671126071798,43.0,0.0
105.60798743151324,44.0,0.0
105.62594206733134,45.0,0.0
105.62763997204186,44.0,0.0
105.62972743291624,45.0,0.0
105.63877370974987,44.0,0.0
105.64203240138777,45.0,0.0
105.65005773441897,46.0,0.0
105.65692687363838,45.0,0.0
105.66840525151063,44.0,0.0
105.66906825399577,45.0,0.0
105.67095794744318,44.0,0.0
105.67571337267208,43.0,0.0
105.6859154868595,42.0,0.0
105.68850332625469,41.0,0.0
105.69010514755121,40.0,0.0
105.70764433944895,39.0,0.0
105.70881791261631,40.0,0.0
105.71969146578074,39.0,0.0
105.71982011936754,38.0,0.0
105.75202868251237,39.0,0.0
105.75937470516105,38.0,0.0
105.77744903344947,39.0,0.0
105.78111976699398,38.0,0.0
105.78115663188774,37.0,0.0
105.78231320458515,36.0,0.0
105.79021581693306,35.0,0.0
105.79023437552459,34.0,0.0
105.79593164396093,35.0,0.0
105.8035200496991,34.0,0.0
105.80529702663969,33.0,0.0
105.823369423548,34.0,0.0
105.83471243278517,33.0,0.0
105.83632970968912,32.0,0.0
105.84333575517554,33.0,0.0
105.84486796066736,32.0,0.0
105.84732299148028,31.0,0.0
105.8515292124591,30.0,0.0
105.86079613209674,31.0,0.0
105.86492877344972,30.0,0.0
105.87349349720174,29.0,0.0
105.89605235792168,28.0,0.0
105.89911122676891,29.0,0.0
105.9054234281558,28.0,0.0
105.90877276191152,27.0,0.0
105.91261510725485,28.0,0.0
105.9158220030765,27.0,0.0
105.92297825161538,26.0,0.0
105.92713611524462,27.0,0.0
105.93098120878267,26.0,0.0
105.9336967139626,27.0,0.0
105.94227276523524,26.0,0.0
105.95088620129104,25.0,0.0
105.95555822652146,26.0,0.0
105.97857933363296,25.0,0.0
105.98589479596669,24.0,0.0
105.98804675013498,23.0,0.0
105.99188761386077,22.0,0.0
105.9974174976293,23.0,0.0
106.00152914662844,22.0,0.0
106.00863816048128,23.0,0.0
106.0170973539347,22.0,0.0
106.01818077287314,21.0,0.0
106.01938325336499,20.0,0.0
106.07537843736226,21.0,0.0
106.075396581019,20.0,0.0
106.07989749325492,21.0,0.0
106.10010645085259,22.0,0.0
106.10010946896185,21.0,0.0
106.10715277202293,20.0,0.0
106.1072072167225,19.0,0.0
106.10800880898249,18.0,0.0
106.11486464705783,17.0,0.0
106.14132165823474,18.0,0.0
106.1497572386532,17.0,0.0
106.15378195838632,16.0,0.0
106.17849664657312,17.0,0.0
106.1849361189836,18.0,0.0
106.18681814059596,17.0,0.0
106.2024090839593,16.0,0.0
106.20340245603117,15.0,0.0
106.20492257351914,14.0,0.0
106.21400751789861,15.0,0.0
106.24843774177663,14.0,0.0
106.25066652550724,13.0,0.0
106.25095107060072,12.0,0.0
106.26678062443281,13.0,0.0
106.2690423758996,14.0,0.0
106.27518025530637,15.0,0.0
106.2912920588389,14.0,0.0
106.2990691216942,13.0,0.0
106.32310270982268,14.0,0.0
106.3240025076012,13.0,0.0
106.33004774312843,14.0,0.0
106.33018918615006,13.0,0.0
106.33913199967873,12.0,0.0
106.3478024530363,11.0,0.0
106.39124639038229,10.0,0.0
106.41230758130641,9.0,0.0
106.43475422161065,8.0,0.0
106.43509448002746,9.0,0.0
106.43582061456911,10.0,0.0
106.45399571458098,9.0,0.0
106.45959436554892,10.0,0.0
106.47845741265229,11.0,0.0
106.48085762917351,10.0,0.0
106.4835297342848,11.0,0.0
106.4890108631181,12.0,0.0
106.5019669783813,13.0,0.0
106.50403213915426,12.0,0.0
106.51213064001834,11.0,0.0
106.51518495473658,10.0,0.0
106.51735421808566,9.0,0.0
106.52143570052675,8.0,0.0
106.52587965273104,9.0,0.0
106.55280916944754,10.0,0.0
106.55412875694577,11.0,0.0
106.56523017834776,10.0,0.0
106.56904252573412,9.0,0.0
106.56947569114702,8.0,0.0
106.58762434369558,9.0,0.0
106.59402177740286,8.0,0.0
106.60757297653367,7.0,0.0
106.61374999126284,6.0,0.0
106.6185814860341,5.0,0.0
106.64253308147003,4.0,0.0
106.6498885168112,5.0,0.0
106.66000023898164,6.0,0.0
106.66138588914839,5.0,0.0
106.66814496810258,4.0,0.0
106.67005017619776,3.0,0.0
106.68467302692466,2.0,0.0
106.70070178916548,3.0,0.0
106.71622598242597,4.0,0.0
106.71752084651474,5.0,0.0
106.72038878139456,4.0,0.0
106.74437424707648,3.0,0.0
106.74630939032014,4.0,0.0
106.74660701382108,3.0,0.0
106.75501874206833,2.0,0.0
106.76227286276139,1.0,0.0
106.76295095403844,2.0,0.0
106.76723693056776,3.0,0.0
106.76828717772098,4.0,0.0
106.77446697424418,5.0,0.0
106.78194096530912,6.0,0.0
106.80025019306397,7.0,0.0
106.80655428597379,8.0,0.0
106.80903647106665,9.0,0.0
106.82195947769486,10.0,0.0
106.82498457519294,9.0,0.0
106.8285222850533,10.0,0.0
106.82992483034782,9.0,0.0
106.8318051911931,8.0,0.0
106.84655658230146,7.0,0.0
106.85903010707811,6.0,0.0
106.86073289367071,5.0,0.0
106.87472364008883,4.0,0.0
106.87577619276935,3.0,0.0
106.88287969510475,4.0,0.0
106.88864737279484,3.0,0.0
106.89297708545281,4.0,0.0
106.89311079105497,3.0,0.0
106.90809736352804,2.0,0.0
106.91405438377788,3.0,0.0
106.93313847720589,2.0,0.0
106.9439791779926,3.0,0.0
106.94528408438958,2.0,0.0
106.94775441347181,3.0,0.0
106.97036150174308,2.0,0.0
106.9809544779439,1.0,0.0
106.99311788793382,0.0,0.0
107.03420666594873,1.0,0.0
107.05364653584436,0.0,0.0
107.07139915459645,1.0,0.0
107.0848791780366,2.0,0.0
107.08797136317439,1.0,0.0
107.093883810731,2.0,0.0
107.10949130018999,1.0,0.0
107.11968916132672,2.0,0.0
107.12299965848003,3.0,0.0
107.18152592180716,2.0,0.0
107.18301329438519,1.0,0.0
107.18724444059937,0.0,0.0
107.20176894452874,1.0,0.0
107.21046395094426,0.0,0.0
107.30085079059484,1.0,0.0
107.31999703757106,0.0,0.0
107.33370970488056,1.0,0.0
107.34507153263289,0.0,0.0
107.3749076317406,1.0,0.0
107.3797380871161,0.0,0.0
107.40712648664571,1.0,0.0
107.41043023935916,0.0,0.0
107.41542718899228,1.0,0.0
107.42643265996128,0.0,0.0
107.43427315596117,1.0,0.0
107.43882560451581,0.0,0.0
107.44460432824872,1.0,0.0
107.44545929647757,0.0,0.0
107.65643536743525,1.0,0.0
107.6601444418559,0.0,0.0
107.67287331305722,1.0,0.0
107.69196025218709,0.0,0.0
107.72760516138,1.0,0.0
107.72883723401875,2.0,0.0
107.75681166256845,1.0,0.0
107.7838446303994,0.0,0.0
107.80967798403006,1.0,0.0
107.8105770197366,0.0,0.0
107.89827377102195,1.0,0.0
107.9310747757829,2.0,0.0
107.9471262152998,1.0,0.0
107.96594578048268,0.0,0.0
108.01107866377819,1.0,0.0
108.03973714520951,0.0,0.0
108.08918196278402,1.0,0.0
108.09228734051082,0.0,0.0
108.11831930232293,1.0,0.0
108.12156231944178,2.0,0.0
108.12399706931647,1.0,0.0
108.1341051285342,0.0,0.0
108.17372413437357,1.0,0.0
108.18225582622752,0.0,0.0
108.23758114871669,1.0,0.0
108.2427685419892,2.0,0.0
108.24324917660107,1.0,0.0
108.27788422289471,0.0,0.0
108.28026784685652,1.0,0.0
108.3052751591059,0.0,0.0
108.40656898904595,1.0,0.0
108.42514903645437,2.0,0.0
108.42994849257599,1.0,0.0
108.44224118203883,0.0,0.0
108.53385369471852,1.0,0.0
108.54264292073925,0.0,0.0
108.63765969555912,1.0,0.0
108.64542046357353,0.0,0.0
108.65116085127775,1.0,0.0
108.65193129812425,2.0,0.0
108.66832807743084,1.0,0.0
108.67090302925949,0.0,0.0
108.67254213569086,1.0,0.0
108.67825346206078,0.0,0.0
108.73004509751962,1.0,0.0
108.74216073202061,0.0,0.0
108.92625977812679,1.0,0.0
108.94345208465931,0.0,0.0
108.96462839791994,1.0,0.0
109.00374256222179,0.0,0.0
109.01954328151429,1.0,0.0
109.02739882442047,2.0,0.0
109.02826486175819,3.0,0.0
109.0383235674858,2.0,0.0
109.04214532786408,3.0,0.0
109.04439390207729,2.0,0.0
109.04452077794815,1.0,0.0
109.05456629668204,0.0,0.0
109.07325684497054,1.0,0.0
109.09640698586063,2.0,0.0
109.09959680503914,1.0,0.0
109.11984395598942,0.0,0.0
109.15334697506242,1.0,0.0
109.17718514850164,0.0,0.0
109.21010217151257,1.0,0.0
109.21247159747354,2.0,0.0
109.2195115292562,3.0,0.0
109.22129185874245,2.0,0.0
109.22151831085068,3.0,0.0
109.24334049325817,2.0,0.0
109.25249174285003,3.0,0.0
109.26891870467911,2.0,0.0
109.28432907645076,3.0,0.0
109.29194982612162,2.0,0.0
109.30073981072962,3.0,0.0
109.3047854078649,4.0,0.0
109.33986706852482,3.0,0.0
109.34122396289183,2.0,0.0
109.35288090701302,3.0,0.0
109.3582178264989,2.0,0.0
109.36357390972395,1.0,0.0
109.36481541115212,2.0,0.0
109.36830464879702,3.0,0.0
109.37203326000963,4.0,0.0
109.38386350596421,5.0,0.0
109.38435905732088,4.0,0.0
109.38935762108198,3.0,0.0
109.39022448768405,4.0,0.0
109.39505193838124,3.0,0.0
109.40905284039765,2.0,0.0
109.41310154345386,1.0,0.0
109.42200929353584,2.0,0.0
109.4250107833426,3.0,0.0
109.43397141639029,4.0,0.0
109.44006935623266,3.0,0.0
109.46146440402148,2.0,0.0
109.46299411509733,1.0,0.0
109.47566456567378,0.0,0.0
109.48466744765183,1.0,0.0
109.51064476093615,2.0,0.0
109.53171343832116,1.0,0.0
109.55294179989052,2.0,0.0
109.58258201253261,1.0,0.0
109.59171168025519,0.0,0.0
109.63326976231006,1.0,0.0
109.64494505153904,0.0,0.0
109.69687141834541,1.0,0.0
109.70559529869244,2.0,0.0
109.7120609325307,3.0,0.0
109.71982650010696,2.0,0.0
109.73340150134169,1.0,0.0
109.74346479305387,2.0,0.0
109.74467159029321,3.0,0.0
109.78403773068453,2.0,0.0
109.7966776861319,1.0,0.0
109.79814407614879,2.0,0.0
109.80161116112869,1.0,0.0
109.82450890130634,2.0,0.0
109.8429168956032,3.0,0.0
109.84557176402375,2.0,0.0
109.84591740640238,1.0,0.0
109.84922595383443,0.0,0.0
109.85805361993316,1.0,0.0
109.87792935946601,0.0,0.0
109.88780055703477,1.0,0.0
109.90057273291063,0.0,0.0
109.92008566470803,1.0,0.0
109.9230212096077,2.0,0.0
109.94006213596145,3.0,0.0
109.96240775701268,4.0,0.0
109.96805172923006,3.0,0.0
109.97230545283003,2.0,0.0
109.9758241496107,3.0,0.0
110.01108474849825,2.0,0.0
110.0168779444537,1.0,0.0
110.0291096947575,0.0,0.0
110.06987496983102,1.0,0.0
110.07395796349311,0.0,0.0
110.11008164747393,1.0,0.0
110.11168251064355,2.0,0.0
110.11610551995834,1.0,0.0
110.1338308125584,0.0,0.0
110.18009074772843,1.0,0.0
110.18059903575346,2.0,0.0
110.20345556057933,1.0,0.0
110.23338520460982,0.0,0.0
110.23623055250911,1.0,0.0
110.27085023152112,2.0,0.0
110.28616792747664,1.0,0.0
110.32862668383771,0.0,0.0
110.35133603594912,1.0,0.0
110.35328526399465,2.0,0.0
110.35518795407961,1.0,0.0
110.35862055313258,0.0,0.0
110.38000374175625,1.0,0.0
110.39571755905106,2.0,0.0
110.40732450345547,1.0,0.0
110.40915667866769,2.0,0.0
110.4149926632574,3.0,0.0
110.42260195441301,4.0,0.0
110.42486492804679,3.0,0.0
110.42744125091002,2.0,0.0
110.43417245362502,1.0,0.0
110.47461757579967,2.0,0.0
110.47932485322909,3.0,0.0
110.48215267154032,4.0,0.0
110.48322146434012,5.0,0.0
110.48477657938773,6.0,0.0
110.49124714737651,5.0,0.0
110.49169097311643,4.0,0.0
110.49828179632593,3.0,0.0
110.50126223478769,2.0,0.0
110.50616870558346,1.0,0.0
110.51038168327729,0.0,0.0
110.55200994530736,1.0,0.0
110.57087935336776,2.0,0.0
110.57922489412559,3.0,0.0
110.58162407603766,4.0,0.0
110.58740934118104,3.0,0.0
110.60334268282867,4.0,0.0
110.61490933364067,3.0,0.0
110.62785835520923,2.0,0.0
110.65353418561264,3.0,0.0
110.65982684341205,4.0,0.0
110.66049379665745,3.0,0.0
110.66106419678741,4.0,0.0
110.6676074678513,3.0,0.0
110.67407290911925,2.0,0.0
110.68165095451884,1.0,0.0
110.6917633977629,0.0,0.0
110.75554208676087,1.0,0.0
110.75636671089312,2.0,0.0
110.76895815539557,1.0,0.0
110.78802979953109,2.0,0.0
110.79822232591991,1.0,0.0
110.8033307821346,0.0,0.0
110.8082557805934,1.0,0.0
110.8101568979229,0.0,0.0
110.83153131974056,1.0,0.0
110.86191784183168,0.0,0.0
110.8865235770111,1.0,0.0
110.89311648551576,0.0,0.0
110.90738859716382,1.0,0.0
110.91262817728636,2.0,0.0
110.92616228812787,1.0,0.0
110.92759729336824,2.0,0.0
110.93697171172441,1.0,0.0
110.95214551341161,0.0,0.0
110.95333858300403,1.0,0.0
110.96312772856389,2.0,0.0
110.9752145553314,3.0,0.0
110.9777819794077,2.0,0.0
110.99070117643649,3.0,0.0
110.99368521293125,4.0,0.0
111.00061300938877,3.0,0.0
111.01649093473561,2.0,0.0
111.0198804166019,1.0,0.0
111.02019293655968,2.0,0.0
111.02762104603022,1.0,0.0
111.04198299405697,2.0,0.0
111.0453919921151,3.0,0.0
111.05345059298153,2.0,0.0
111.05550374939797,3.0,0.0
111.07713712557444,4.0,0.0
111.08024494921911,3.0,0.0
111.0863496252536,2.0,0.0
111.10267373614495,3.0,0.0
111.1123171748481,4.0,0.0
111.11339085226994,3.0,0.0
111.11666703866203,2.0,0.0
111.1273255980845,3.0,0.0
111.13822293145127,2.0,0.0
111.148644466964,1.0,0.0
111.16895237974411,0.0,0.0
111.22209327455809,1.0,0.0
111.25879588495852,0.0,0.0
111.26415848786061,1.0,0.0
111.28249841618259,0.0,0.0
111.28271363122623,1.0,0.0
111.2864920012728,2.0,0.0
111.28809163097678,3.0,0.0
111.30422898873012,4.0,0.0
111.30522795312687,5.0,0.0
111.31602425815814,4.0,0.0
111.31953866571543,3.0,0.0
111.32488469231593,2.0,0.0
111.325959898647,3.0,0.0
111.32656135994003,2.0,0.0
111.327097607011,3.0,0.0
111.32790569421778,4.0,0.0
111.33947963486588,3.0,0.0
111.36294237441246,2.0,0.0
111.36760526632862,3.0,0.0
111.36937929380805,4.0,0.0
111.37746748445682,5.0,0.0
111.38243777088522,6.0,0.0
111.39119959018836,5.0,0.0
111.41501936856376,6.0,0.0
111.42387539564486,7.0,0.0
111.43794171325412,6.0,0.0
111.44634440976392,7.0,0.0
111.44669364581277,8.0,0.0
111.45124228082857,9.0,0.0
111.45415025339541,10.0,0.0
111.4598089720766,11.0,0.0
111.46151068619263,12.0,0.0
111.4759045241274,13.0,0.0
111.49146590219163,14.0,0.0
111.49350583012128,13.0,0.0
111.50680278456993,12.0,0.0
111.50946213236116,13.0,0.0
111.52011408795416,12.0,0.0
111.53711621246775,11.0,0.0
111.54003908189846,10.0,0.0
111.55171852373144,9.0,0.0
111.5637890528096,8.0,0.0
111.57832970349449,9.0,0.0
111.5900466196777,8.0,0.0
111.59177844464412,9.0,0.0
111.60433147637937,10.0,0.0
111.60446051031536,9.0,0.0
111.60953567166007,10.0,0.0
111.62344400083643,11.0,0.0
111.62507292071719,12.0,0.0
111.62509224180727,11.0,0.0
111.64341843876518,10.0,0.0
111.65197977505196,11.0,0.0
111.66453732649445,10.0,0.0
111.66884817394613,11.0,0.0
111.67261053037429,10.0,0.0
111.67795879222707,11.0,0.0
111.67819340017617,12.0,0.0
111.67867325306179,13.0,0.0
111.71891006099914,12.0,0.0
111.72320405230475,13.0,0.0
111.72540698600422,12.0,0.0
111.7349472984834,13.0,0.0
111.73877579892186,14.0,0.0
111.74424047021712,15.0,0.0
111.74432537381252,16.0,0.0
111.76584605012852,17.0,0.0
111.77783526027875,16.0,0.0
111.78003195264415,15.0,0.0
111.78323048826365,16.0,0.0
111.79646981194794,17.0,0.0
111.79656735653455,18.0,0.0
111.80149236968384,19.0,0.0
111.81122424645515,18.0,0.0
111.82599577247507,19.0,0.0
111.8272375440092,20.0,0.0
111.83615398947526,21.0,0.0
111.8390295606202,20.0,0.0
111.84286032999707,19.0,0.0
111.84764167162056,18.0,0.0
111.84842911366475,17.0,0.0
111.8567704908496,18.0,0.0
111.87084473707765,17.0,0.0
111.9018386709737,16.0,0.0
111.90211386227163,15.0,0.0
111.90501726253596,16.0,0.0
111.90610379503416,17.0,0.0
111.91785743248758,16.0,0.0
111.92871727788759,15.0,0.0
111.93237826186122,14.0,0.0
111.93966327481394,15.0,0.0
111.94395540086647,14.0,0.0
111.94920522318981,13.0,0.0
111.96055941154339,12.0,0.0
111.9843031590883,13.0,0.0
112.01089569573627,12.0,0.0
112.04275979638656,13.0,0.0
112.05466118521126,12.0,0.0
112.0564557024949,13.0,0.0
112.06637404909675,12.0,0.0
112.09230294089235,13.0,0.0
112.10564860895529,12.0,0.0
112.10899970907948,13.0,0.0
112.11457020054107,12.0,0.0
112.11477233244253,13.0,0.0
112.11611167971786,14.0,0.0
112.11881513675202,13.0,0.0
112.12173960606526,14.0,0.0
112.1222770579283,15.0,0.0
112.13382522169904,14.0,0.0
112.13915362441448,15.0,0.0
112.14811458635344,16.0,0.0
112.14997114529756,17.0,0.0
112.16431225351215,16.0,0.0
112.17564558732025,15.0,0.0
112.17777716969917,14.0,0.0
112.18257414894366,15.0,0.0
112.18853015381643,14.0,0.0
112.21003326284921,15.0,0.0
112.22085663453726,16.0,0.0
112.22149964955001,15.0,0.0
112.22591912246402,16.0,0.0
112.2370909343664,15.0,0.0
112.23990938893324,16.0,0.0
112.24436766768075,15.0,0.0
112.24499855331804,14.0,0.0
112.24822240805489,15.0,0.0
112.25153828087069,16.0,0.0
112.26640211428601,17.0,0.0
112.28499776154743,16.0,0.0
112.30292969841713,15.0,0.0
112.31823562330035,16.0,0.0
112.32908584531926,15.0,0.0
112.33254040359735,14.0,0.0
112.33548974958873,15.0,0.0
112.3503056291395,16.0,0.0
112.35527764591309,15.0,0.0
112.36610632743023,14.0,0.0
112.3716362605702,15.0,0.0
112.37391351998674,16.0,0.0
112.37506157055242,17.0,0.0
112.37659389648942,18.0,0.0
112.37740818490067,17.0,0.0
112.38890658391887,18.0,0.0
112.39760371126509,19.0,0.0
112.39770952576006,20.0,0.0
112.4082757565294,19.0,0.0
112.41573798792525,20.0,0.0
112.42257685995096,19.0,0.0
112.42499372784575,18.0,0.0
112.42984145182011,17.0,0.0
112.43069510557767,18.0,0.0
112.43357348855976,19.0,0.0
112.43706842963918,20.0,0.0
112.43766792173753,21.0,0.0
112.43953648467075,22.0,0.0
112.44246662370058,21.0,0.0
112.44813477023342,20.0,0.0
112.45879704637241,19.0,0.0
112.46316588497383,20.0,0.0
112.47255296020025,21.0,0.0
112.48516210387425,20.0,0.0
112.49175641622415,19.0,0.0
112.49380928429302,18.0,0.0
112.49793643723106,19.0,0.0
112.5074102513986,20.0,0.0
112.51246411659103,21.0,0.0
112.51489600536837,22.0,0.0
112.52842861382024,23.0,0.0
112.52967546157883,22.0,0.0
112.53123593049389,23.0,0.0
112.5333825649677,24.0,0.0
112.54213995240417,25.0,0.0
112.54542530520749,26.0,0.0
112.5494076573712,27.0,0.0
112.55763153816753,26.0,0.0
112.55863707919161,27.0,0.0
112.56701906329951,28.0,0.0
112.57547111616637,27.0,0.0
112.57869353536417,26.0,0.0
112.58519224031586,27.0,0.0
112.59621907732574,28.0,0.0
112.600453496377,27.0,0.0
112.60660082949673,26.0,0.0
112.62524162473022,27.0,0.0
112.62735637248318,28.0,0.0
112.64546129846755,29.0,0.0
112.66227056246886,30.0,0.0
112.66238427134314,31.0,0.0
112.6711103319507,32.0,0.0
112.67608030655609,33.0,0.0
112.6854320320784,32.0,0.0
112.69068270407892,33.0,0.0
112.69564579340499,34.0,0.0
112.70248945142079,35.0,0.0
112.70437591501417,36.0,0.0
112.71806208513551,35.0,0.0
112.72435294921658,36.0,0.0
112.72752393167333,35.0,0.0
112.72894893985517,34.0,0.0
112.73565996956275,35.0,0.0
112.7394713716151,36.0,0.0
112.74314149469765,35.0,0.0
112.74941355239926,36.0,0.0
112.75502013755099,37.0,0.0
112.76239304706249,38.0,0.0
112.76761339393458,37.0,0.0
112.77115406236057,38.0,0.0
112.77857252438714,39.0,0.0
112.78107072850409,40.0,0.0
112.78377317894743,39.0,0.0
112.78511551071402,40.0,0.0
112.80245007026882,41.0,0.0
112.80247552256354,40.0,0.0
112.80300397546704,41.0,0.0
112.80437134155328,42.0,0.0
112.80767526484786,43.0,0.0
112.80938305544024,42.0,0.0
112.81364735071038,43.0,0.0
112.81505427830126,44.0,0.0
112.81738638218089,45.0,0.0
112.81880477397775,46.0,0.0
112.82812709662066,47.0,0.0
112.83694151856096,46.0,0.0
112.8409170125159,47.0,0.0
112.85563555647933,46.0,0.0
112.86775863188683,47.0,0.0
112.86982914960291,46.0,0.0
112.87700016434492,45.0,0.0
112.88462666238863,46.0,0.0
112.89085591710561,45.0,0.0
112.89562142353142,44.0,0.0
112.89930690765678,43.0,0.0
112.90362203896308,44.0,0.0
112.90389018596295,43.0,0.0
112.91089279285498,42.0,0.0
112.91354860707328,41.0,0.0
112.92408492653166,42.0,0.0
112.9328082574109,43.0,0.0
112.9329738504875,42.0,0.0
112.94002843942786,43.0,0.0
112.9507593148953,44.0,0.0
112.9529124424536,45.0,0.0
112.95601473608198,46.0,0.0
112.95782317046783,47.0,0.0
112.96019066792208,46.0,0.0
112.96221291700398,45.0,0.0
112.96459249320776,44.0,0.0
112.97619478158879,45.0,0.0
112.9900436197025,46.0,0.0
112.9918778297585,45.0,0.0
113.01552800533455,44.0,0.0
113.01555809773792,43.0,0.0
113.01632450017448,44.0,0.0
113.01645378540238,45.0,0.0
113.01698409026976,46.0,0.0
113.02282678051391,47.0,0.0
113.02469829251304,48.0,0.0
113.03443697895197,47.0,0.0
113.03534052793128,48.0,0.0
113.03619807778854,49.0,0.0
113.03627400633225,48.0,0.0
113.05888540819032,49.0,0.0
113.05949067848248,50.0,0.0
113.06073925635046,49.0,0.0
113.06098964735094,48.0,0.0
113.0693395662944,49.0,0.0
113.07018179777613,50.0,0.0
113.07296275552416,51.0,0.0
113.08212201491722,50.0,0.0
113.0903989288748,51.0,0.0
113.09352112752929,52.0,0.0
113.09754009871371,51.0,0.0
113.09819899925132,52.0,0.0
113.1146478247308,51.0,0.0
113.1308403763237,52.0,0.0
113.13467400493029,53.0,0.0
113.1361377091227,52.0,0.0
113.13706223181411,53.0,0.0
113.1618665712608,54.0,0.0
113.16415987470516,55.0,0.0
113.17168946581367,54.0,0.0
113.17735822869157,53.0,0.0
113.18461728166606,52.0,0.0
113.19368275929415,53.0,0.0
113.19401279925316,52.0,0.0
113.19818878970939,53.0,0.0
113.2049108939669,54.0,0.0
113.23151642445333,55.0,0.0
113.23860330008509,56.0,0.0
113.24766945963432,57.0,0.0
113.25625446403177,58.0,0.0
113.25664654213402,59.0,0.0
113.25701295735786,58.0,0.0
113.25707542505796,57.0,0.0
113.25828911770535,56.0,0.0
113.26216970833467,55.0,0.0
113.2752695891458,56.0,0.0
113.28994132790095,57.0,0.0
113.28997675199102,56.0,0.0
113.2961264698399,57.0,0.0
113.29679119248996,56.0,0.0
113.3041879064657,55.0,0.0
113.32022554178356,54.0,0.0
113.32973817091909,53.0,0.0
113.333812328538,54.0,0.0
113.34017941755673,53.0,0.0
113.34387785286415,54.0,0.0
113.34852244955226,55.0,0.0
113.34896349179748,54.0,0.0
113.3577120637741,53.0,0.0
113.36828157980881,54.0,0.0
113.3708342894606,55.0,0.0
113.37382165878614,54.0,0.0
113.40339574504642,55.0,0.0
113.4046868880411,54.0,0.0
113.40932176509006,53.0,0.0
113.41104494954838,52.0,0.0
113.41775571241898,53.0,0.0
113.42102571627592,54.0,0.0
113.42735866478566,55.0,0.0
113.44174726773032,54.0,0.0
113.44719116369279,53.0,0.0
113.46473654646263,52.0,0.0
113.48776358687235,53.0,0.0
113.48815466524631,52.0,0.0
113.49141423071114,53.0,0.0
113.49990294251677,52.0,0.0
113.50082945505088,53.0,0.0
113.50932239549061,54.0,0.0
113.50948016618912,55.0,0.0
113.51213479268161,54.0,0.0
113.51227894390298,53.0,0.0
113.51337243982786,52.0,0.0
113.51410178422144,53.0,0.0
113.51836554397808,52.0,0.0
113.52803785144326,51.0,0.0
113.54238990557538,50.0,0.0
113.54345390161542,51.0,0.0
113.54466936400455,52.0,0.0
113.54490889697195,51.0,0.0
113.55242121321518,52.0,0.0
113.55378216208169,51.0,0.0
113.56488568845361,52.0,0.0
113.56819778600477,51.0,0.0
113.56973488728644,52.0,0.0
113.57524284335473,51.0,0.0
113.58564676499033,52.0,0.0
113.598128916495,53.0,0.0
113.60128834030623,52.0,0.0
113.61217665595562,51.0,0.0
113.6213941658424,52.0,0.0
113.63086638689141,51.0,0.0
113.6344112946338,50.0,0.0
113.63717486621995,51.0,0.0
113.64151444859988,52.0,0.0
113.6456256037158,53.0,0.0
113.64688915178938,52.0,0.0
113.64823370878706,53.0,0.0
113.65620261481058,52.0,0.0
113.65675927250038,53.0,0.0
113.65802572596296,52.0,0.0
113.66159782645364,51.0,0.0
113.68265622127342,52.0,0.0
113.68666212716236,51.0,0.0
113.6926980439879,52.0,0.0
113.71172067078903,53.0,0.0
113.71236736462556,52.0,0.0
113.71335694969626,51.0,0.0
113.71990376699036,52.0,0.0
113.72662389074114,53.0,0.0
113.73886606510897,54.0,0.0
113.7426878861512,53.0,0.0
113.75520707296243,54.0,0.0
113.755881908183,55.0,0.0
113.75660990902115,56.0,0.0
113.7617401278641,55.0,0.0
113.76420010931324,54.0,0.0
113.77202072288974,55.0,0.0
113.77379406101846,54.0,0.0
113.77819233118815,55.0,0.0
113.78609370643674,56.0,0.0
113.78775436924164,55.0,0.0
113.7918793286907,54.0,0.0
113.7919213756491,53.0,0.0
113.79991186578273,54.0,0.0
113.80852975843545,53.0,0.0
113.81788519634193,52.0,0.0
113.82219478184408,53.0,0.0
113.82610115538057,52.0,0.0
113.82979806416367,53.0,0.0
113.83162916420221,54.0,0.0
113.83666120100635,53.0,0.0
113.85238261172317,52.0,0.0
113.85728380095397,53.0,0.0
113.86544010364582,54.0,0.0
113.87558191545313,55.0,0.0
113.87836298676349,54.0,0.0
113.88465985239412,55.0,0.0
113.89037550607677,56.0,0.0
113.89815159693336,55.0,0.0
113.9042381036131,54.0,0.0
113.90893921055202,55.0,0.0
113.91591622007817,54.0,0.0
113.91959144711862,55.0,0.0
113.9205190721871,56.0,0.0
113.92193984438356,57.0,0.0
113.92685515524074,56.0,0.0
113.93334639017834,57.0,0.0
113.9406079101826,58.0,0.0
113.94519816596497,57.0,0.0
113.95084048614243,56.0,0.0
113.96371680479794,57.0,0.0
113.96896845253413,58.0,0.0
113.971165668871,59.0,0.0
113.98469668325741,58.0,0.0
113.98706986434678,57.0,0.0
113.98807062843079,56.0,0.0
113.98919768790323,57.0,0.0
113.99073742008397,58.0,0.0
113.9931863711512,59.0,0.0
114.01074935500883,58.0,0.0
114.01154583962287,59.0,0.0
114.02098305837686,60.0,0.0
114.02835702870073,59.0,0.0
114.03094996760018,60.0,0.0
114.03515349695925,61.0,0.0
114.03834128962598,60.0,0.0
114.03851875291143,61.0,0.0
114.04200531617603,62.0,0.0
114.05429878195534,63.0,0.0
114.05789230667743,62.0,0.0
114.06005538139209,63.0,0.0
114.06058272756111,64.0,0.0
114.06673909700699,65.0,0.0
114.09106729407185,64.0,0.0
114.10459943198846,65.0,0.0
114.10565786506929,66.0,0.0
114.10695815600666,67.0,0.0
114.11006875150873,68.0,0.0
114.11193325229185,67.0,0.0
114.11201406667588,68.0,0.0
114.11410970117196,69.0,0.0
114.1153365412818,70.0,0.0
114.11853307607917,69.0,0.0
114.12522518191953,68.0,0.0
114.12996146562627,67.0,0.0
114.13699223764235,68.0,0.0
114.13888554710954,69.0,0.0
114.14146115347394,68.0,0.0
114.1420061181116,67.0,0.0
114.15299508376972,68.0,0.0
114.15529114927074,67.0,0.0
114.16066513788708,68.0,0.0
114.16497917888802,67.0,0.0
114.16977398347287,68.0,0.0
114.17658002700614,67.0,0.0
114.19166478596296,68.0,0.0
114.19229133267525,69.0,0.0
114.19607619535276,70.0,0.0
114.19935273257737,69.0,0.0
114.20380573545901,70.0,0.0
114.20847634562038,71.0,0.0
114.21009930173443,70.0,0.0
114.22736117252754,69.0,0.0
114.22945904270506,70.0,0.0
114.23545136159595,71.0,0.0
114.23910244282385,72.0,0.0
114.24175659810795,73.0,0.0
114.24878340536597,72.0,0.0
114.24989352504876,73.0,0.0
114.25380028086786,74.0,0.0
114.26563403145913,73.0,0.0
114.26683327801207,72.0,0.0
114.27175502665229,73.0,0.0
114.27369299154532,72.0,0.0
114.27809575078864,73.0,0.0
114.27901363307323,74.0,0.0
114.28037266399136,73.0,0.0
114.28147961721238,72.0,0.0
114.2952792960595,73.0,0.0
114.31207698222582,74.0,0.0
114.34228874169565,75.0,0.0
114.34749993285014,76.0,0.0
114.34968522279117,75.0,0.0
114.35218092478424,76.0,0.0
114.35322600213705,75.0,0.0
114.35596747770678,74.0,0.0
114.35600647377215,75.0,0.0
114.35750017531892,76.0,0.0
114.35961666267477,77.0,0.0
114.3689728452709,78.0,0.0
114.3722736274591,77.0,0.0
114.37281590587857,78.0,0.0
114.3754110525305,79.0,0.0
114.37585275932848,78.0,0.0
114.38206364926259,79.0,0.0
114.3828412577845,80.0,0.0
114.38535586684311,79.0,0.0
114.40119076605139,80.0,0.0
114.40661589459239,81.0,0.0
114.41415133037242,82.0,0.0
114.41498525595101,83.0,0.0
114.42150352428195,84.0,0.0
114.42488842777645,85.0,0.0
114.42491168775173,86.0,0.0
114.42620594042795,85.0,0.0
114.4358908116671,84.0,0.0
114.43719932158515,83.0,0.0
114.43830439738066,84.0,0.0
114.45578495318334,83.0,0.0
114.45813872891421,82.0,0.0
114.46588373539478,83.0,0.0
114.46712069314697,84.0,0.0
114.4686208292936,85.0,0.0
114.47066993457986,84.0,0.0
114.47802591492312,85.0,0.0
114.47991191769006,86.0,0.0
114.49070548617391,87.0,0.0
114.4921895747479,86.0,0.0
114.49225640077692,85.0,0.0
114.49567417440178,86.0,0.0
114.50930300648554,87.0,0.0
114.51859531936461,88.0,0.0
114.52149166266943,87.0,0.0
114.52197288332324,88.0,0.0
114.5225277571941,89.0,0.0
114.52284682005806,90.0,0.0
114.53550351939253,91.0,0.0
114.53685937589384,90.0,0.0
114.54281097733838,91.0,0.0
114.55595928392322,92.0,0.0
114.55980907591514,91.0,0.0
114.56258168886777,92.0,0.0
114.56777470236432,93.0,0.0
114.5698746012011,92.0,0.0
114.58005057841453,93.0,0.0
114.58774826760764,94.0,0.0
114.58979847943905,95.0,0.0
114.59746633196008,96.0,0.0
114.60111777211291,95.0,0.0
114.60846046217722,94.0,0.0
114.60875106289852,95.0,0.0
114.61980977070118,96.0,0.0
114.62759150373405,97.0,0.0
114.62805846324933,96.0,0.0
114.65356528634625,97.0,0.0
114.65689627840364,96.0,0.0
114.66007388145118,95.0,0.0
114.66015777674085,96.0,0.0
114.66958263612527,97.0,0.0
114.70074706840623,96.0,0.0
114.7069249037569,95.0,0.0
114.70743882716715,96.0,0.0
114.70957863449583,97.0,0.0
114.71352762770209,98.0,0.0
114.71521431123546,99.0,0.0
114.71874260215951,100.0,0.0
114.72119379324859,101.0,0.0
114.72252711016966,102.0,0.0
114.7303632557943,101.0,0.0
114.73230748031668,100.0,0.0
114.73937451066004,99.0,0.0
114.74020138477505,100.0,0.0
114.75124263262735,101.0,0.0
114.75656864831664,100.0,0.0
114.76264116116653,101.0,0.0
114.76463709815692,102.0,0.0
114.78235010512775,101.0,0.0
114.78664476050051,102.0,0.0
114.7927785236445,103.0,0.0
114.80099250574963,102.0,0.0
114.80696408566766,101.0,0.0
114.81015354150314,100.0,0.0
114.81833928538573,101.0,0.0
114.8248898602286,100.0,0.0
114.826817409529,101.0,0.0
114.83086411156411,102.0,0.0
114.83538495856845,103.0,0.0
114.83737290874829,104.0,0.0
114.84001760873501,103.0,0.0
114.84487127417917,104.0,0.0
114.85646639226061,105.0,0.0
114.86004120615829,106.0,0.0
114.86050422163153,105.0,0.0
114.86412152668393,104.0,0.0
114.87291147544236,103.0,0.0
114.88261503144795,102.0,0.0
114.89107961465498,103.0,0.0
114.89389927581023,104.0,0.0
114.89571188294828,103.0,0.0
114.89636789703795,104.0,0.0
114.90168763549192,105.0,0.0
114.90510057424127,104.0,0.0
114.90535178610529,105.0,0.0
114.9063700595966,104.0,0.0
114.91209906550986,103.0,0.0
114.9158768882533,104.0,0.0
114.91661442436465,103.0,0.0
114.91703461067905,104.0,0.0
114.91817832851841,105.0,0.0
114.92578888761331,106.0,0.0
114.94524200438697,107.0,0.0
114.94772620465497,108.0,0.0
114.9608676303932,107.0,0.0
114.96379031901743,106.0,0.0
114.96467560220226,107.0,0.0
114.96577836419844,106.0,0.0
114.96646422474569,105.0,0.0
114.96994195865648,104.0,0.0
114.97134546204957,103.0,0.0
114.97338506368902,102.0,0.0
114.97661615866228,103.0,0.0
114.98397029569935,104.0,0.0
114.9904502281449,103.0,0.0
114.992520428141,102.0,0.0
115.00409363008966,103.0,0.0
115.00624763888169,104.0,0.0
115.00626604240134,105.0,0.0
115.01203486273349,104.0,0.0
115.01366038725176,105.0,0.0
115.01874308726225,104.0,0.0
115.02232492593956,105.0,0.0
115.02312501229233,106.0,0.0
115.02580318771392,107.0,0.0
115.03363026148132,106.0,0.0
115.03533142427746,107.0,0.0
115.03893832011201,106.0,0.0
115.04003729795366,107.0,0.0
115.04728303458816,106.0,0.0
115.06857443587954,107.0,0.0
115.07474118948485,108.0,0.0
115.0783020418803,107.0,0.0
115.07903610731627,106.0,0.0
115.08317932211459,105.0,0.0
115.09395486741353,106.0,0.0
115.09528930500922,105.0,0.0
115.10610916707206,104.0,0.0
115.10667522942401,105.0,0.0
115.1214450748787,104.0,0.0
115.12338127072967,105.0,0.0
115.12501485440609,106.0,0.0
115.12673461548961,105.0,0.0
115.12730889185157,106.0,0.0
115.13124962714909,105.0,0.0
115.13292288012315,106.0,0.0
115.13340032360824,107.0,0.0
115.13395482800108,108.0,0.0
115.13897842795737,109.0,0.0
115.14373995377491,108.0,0.0
115.15436611330212,109.0,0.0
115.16269286370294,110.0,0.0
115.17646927268656,111.0,0.0
115.17680417041774,110.0,0.0
115.17845662051198,111.0,0.0
115.19596642421445,110.0,0.0
115.19687128050587,111.0,0.0
115.19721106828968,112.0,0.0
115.20051198565575,113.0,0.0
115.20235982850393,112.0,0.0
115.21132143984933,113.0,0.0
115.2124511790867,114.0,0.0
115.2157523255413,113.0,0.0
115.21675232820658,114.0,0.0
115.21704171438178,113.0,0.0
115.22352217521818,112.0,0.0
115.22962645211021,111.0,0.0
115.2311941279083,110.0,0.0
115.23404940874875,111.0,0.0
115.23952663179377,110.0,0.0
115.24103019773035,109.0,0.0
115.24509745986897,110.0,0.0
115.25045938520559,109.0,0.0
115.25875325286354,108.0,0.0
115.26015392614337,109.0,0.0
115.26221643784436,108.0,0.0
115.27773827465288,109.0,0.0
115.28159092190694,110.0,0.0
115.2883210430888,111.0,0.0
115.29047453762811,112.0,0.0
115.2933612521115,111.0,0.0
115.29644331545565,110.0,0.0
115.30044160264998,109.0,0.0
115.30064339559128,108.0,0.0
115.30065603467996,107.0,0.0
115.30504045051917,108.0,0.0
115.30806099290703,107.0,0.0
115.30943317732668,108.0,0.0
115.3121663142323,107.0,0.0
115.31741409894971,106.0,0.0
115.31961342084105,105.0,0.0
115.32195378878949,106.0,0.0
115.32617701474443,105.0,0.0
115.3262799938746,104.0,0.0
115.3341947986788,103.0,0.0
115.33592515621932,102.0,0.0
115.33789270481034,101.0,0.0
115.33795287438163,102.0,0.0
115.33935486736996,101.0,0.0
115.35286600106632,102.0,0.0
115.36276298167871,103.0,0.0
115.36398042104634,104.0,0.0
115.36417287762417,105.0,0.0
115.36921194492419,106.0,0.0
115.37001588955555,105.0,0.0
115.37395491834776,106.0,0.0
115.37425804985456,107.0,0.0
115.37743599936526,108.0,0.0
115.38004816930452,107.0,0.0
115.38160217664742,106.0,0.0
115.38161578738573,107.0,0.0
115.38275084697611,108.0,0.0
115.38360413687411,107.0,0.0
115.38595246024096,108.0,0.0
115.38661789845924,109.0,0.0
115.38896186441744,108.0,0.0
115.39430571732785,107.0,0.0
115.39726192902825,106.0,0.0
115.39791908741896,107.0,0.0
115.40980543782506,106.0,0.0
115.41102600506736,105.0,0.0
115.41310112538554,104.0,0.0
115.41850056070157,105.0,0.0
115.42415449276047,104.0,0.0
115.42641798781004,103.0,0.0
115.43088117264644,104.0,0.0
115.4341243346895,103.0,0.0
115.43458831753121,104.0,0.0
115.44166596626569,105.0,0.0
115.44621698963917,106.0,0.0
115.45398731476496,105.0,0.0
115.45578215154941,106.0,0.0
115.45854648884881,107.0,0.0
115.472923992848,108.0,0.0
115.48998793269556,109.0,0.0
115.49751519570509,110.0,0.0
115.50517027822923,109.0,0.0
115.50539221484121,110.0,0.0
115.50776931965929,111.0,0.0
115.51588501921755,110.0,0.0
115.52016393662682,109.0,0.0
115.5205499909399,108.0,0.0
115.52143264711209,107.0,0.0
115.52333700020498,106.0,0.0
115.5289720209884,107.0,0.0
115.53184535340651,106.0,0.0
115.53303027519144,105.0,0.0
115.54466700400519,106.0,0.0
115.5460437198243,105.0,0.0
115.558022327713,104.0,0.0
115.55940216429158,105.0,0.0
115.55953659424954,106.0,0.0
115.56030147217912,105.0,0.0
115.57757839575295,106.0,0.0
115.59578512705113,107.0,0.0
115.59908124532814,108.0,0.0
115.60386719550276,107.0,0.0
115.60560612989343,108.0,0.0
115.60714719505232,107.0,0.0
115.60973609424856,108.0,0.0
115.6097729648189,107.0,0.0
115.6116542552021,106.0,0.0
115.61431310623466,107.0,0.0
115.62166638719322,108.0,0.0
115.6286838850323,107.0,0.0
115.63337075014532,108.0,0.0
115.63758254237025,107.0,0.0
115.6393967754255,106.0,0.0
115.64417115290429,107.0,0.0
115.6481401505588,108.0,0.0
115.6573016850331,107.0,0.0
115.66936018017478,108.0,0.0
115.67465495666988,107.0,0.0
115.67836937304048,106.0,0.0
115.68028355624392,107.0,0.0
115.69375944184624,106.0,0.0
115.6950781727948,107.0,0.0
115.69524658544776,106.0,0.0
115.69585548623232,107.0,0.0
115.69835704963535,106.0,0.0
115.69875876037514,105.0,0.0
115.70313211548844,104.0,0.0
115.70947022782906,103.0,0.0
115.72296597297508,104.0,0.0
115.72339841474476,105.0,0.0
115.72911019462194,104.0,0.0
115.72971807606251,103.0,0.0
115.73110003886923,102.0,0.0
115.73542110885984,103.0,0.0
115.74604932643656,102.0,0.0
115.74716952109897,101.0,0.0
115.74962167875219,100.0,0.0
115.75776700821915,101.0,0.0
115.75924091480826,102.0,0.0
115.76109609599406,103.0,0.0
115.76547044879601,104.0,0.0
115.76750162686875,105.0,0.0
115.7683205252515,104.0,0.0
115.7768985928601,103.0,0.0
115.78842333116245,104.0,0.0
115.79846213986656,103.0,0.0
115.79997239107267,102.0,0.0
115.8058286675012,103.0,0.0
115.81785327790908,102.0,0.0
115.83133899058701,103.0,0.0
115.84336743741413,104.0,0.0
115.8493233453541,105.0,0.0
115.85073062473943,104.0,0.0
115.85198241019344,103.0,0.0
115.85524219575899,104.0,0.0
115.85755660232762,103.0,0.0
115.85942567653994,102.0,0.0
115.86102439274242,101.0,0.0
115.86260126898125,102.0,0.0
115.86424207838498,103.0,0.0
115.86751953510016,104.0,0.0
115.882741965521,105.0,0.0
115.88433793180818,104.0,0.0
115.8906591209962,103.0,0.0
115.89733823236924,102.0,0.0
115.91005931714565,101.0,0.0
115.9215659913785,100.0,0.0
115.92628207874796,99.0,0.0
115.92958567208416,98.0,0.0
115.9340414386444,99.0,0.0
115.93657475655084,98.0,0.0
115.93839014722549,99.0,0.0
115.94015435294848,100.0,0.0
115.94261030573003,99.0,0.0
115.95808166284449,100.0,0.0
115.95851702109584,99.0,0.0
115.95866524774904,100.0,0.0
115.96238807651963,101.0,0.0
115.96603610113321,102.0,0.0
115.96791477373233,101.0,0.0
115.97194556211582,100.0,0.0
115.9742785217588,101.0,0.0
115.98011240676807,100.0,0.0
115.98350514825277,99.0,0.0
115.98468189771843,100.0,0.0
115.99866270288119,101.0,0.0
116.00240601782427,100.0,0.0
116.00428993877604,101.0,0.0
116.00622130943766,102.0,0.0
116.00972158020504,101.0,0.0
116.0158341965528,102.0,0.0
116.01994042685902,103.0,0.0
116.02333015916027,104.0,0.0
116.02951180929644,103.0,0.0
116.03030608973133,104.0,0.0
116.03669030621029,103.0,0.0
116.03807731639277,102.0,0.0
116.04369195493344,103.0,0.0
116.04468037431191,104.0,0.0
116.04632324241409,105.0,0.0
116.0543115998468,104.0,0.0
116.06450902830971,105.0,0.0
116.0735388653819,106.0,0.0
116.07396303782457,107.0,0.0
116.0773144630538,106.0,0.0
116.08478786608885,105.0,0.0
116.08677382393422,106.0,0.0
116.0961840277051,107.0,0.0
116.09624862606998,106.0,0.0
116.09801879595582,105.0,0.0
116.10125574318685,104.0,0.0
116.10529241188567,103.0,0.0
116.10544715065643,104.0,0.0
116.10629328166904,103.0,0.0
116.10685666580416,104.0,0.0
116.10688963248828,105.0,0.0
116.10741356794354,104.0,0.0
116.11311131662329,105.0,0.0
116.11516992226939,106.0,0.0
116.11653884799641,105.0,0.0
116.12119954106451,106.0,0.0
116.12450488637909,105.0,0.0
116.1312944348782,104.0,0.0
116.1417493375076,103.0,0.0
116.14325566570206,104.0,0.0
116.14974097530975,105.0,0.0
116.1502595030333,104.0,0.0
116.15342279752844,103.0,0.0
116.15629897840542,102.0,0.0
116.15828538525986,101.0,0.0
116.1651930999699,100.0,0.0
116.16674709460646,99.0,0.0
116.17801218852868,100.0,0.0
116.18132084889638,101.0,0.0
116.18282166077235,102.0,0.0
116.183104672713,101.0,0.0
116.18471817902056,102.0,0.0
116.18978491926588,103.0,0.0
116.19094634670012,104.0,0.0
116.20103083002891,105.0,0.0
116.2017676903121,104.0,0.0
116.20712798451216,105.0,0.0
116.21611734633795,104.0,0.0
116.22023753564693,105.0,0.0
116.22139688582917,106.0,0.0
116.22447474948666,105.0,0.0
116.22541963852866,104.0,0.0
116.22804947290483,103.0,0.0
116.23494620932094,102.0,0.0
116.24395255648282,103.0,0.0
116.27671062031114,102.0,0.0
116.27674444407559,103.0,0.0
116.27892624899778,102.0,0.0
116.27996321474333,101.0,0.0
116.28396625292821,100.0,0.0
116.29176080595778,101.0,0.0
116.29187898522608,102.0,0.0
116.29438800705988,103.0,0.0
116.29450414160397,104.0,0.0
116.30259762146167,105.0,0.0
116.3028055280082,104.0,0.0
116.32511869524612,103.0,0.0
116.32602185895793,104.0,0.0
116.33099345243677,103.0,0.0
116.33546799156714,102.0,0.0
116.35109068280015,101.0,0.0
116.35174685424559,102.0,0.0
116.35295200611009,103.0,0.0
116.35796107366541,104.0,0.0
116.37530708527818,103.0,0.0
116.37575194528925,104.0,0.0
116.37681760467751,105.0,0.0
116.38047682653178,106.0,0.0
116.39101485711319,107.0,0.0
116.39191762574252,108.0,0.0
116.39201535837803,107.0,0.0
116.39551972378983,108.0,0.0
116.39749319704917,107.0,0.0
116.39852170628316,108.0,0.0
116.40184107425048,107.0,0.0
116.40424912067148,106.0,0.0
116.40606128604162,105.0,0.0
116.40799589151013,104.0,0.0
116.40805481851302,103.0,0.0
116.41620634364236,104.0,0.0
116.42688677219316,105.0,0.0
116.44064561414766,106.0,0.0
116.44332267021817,105.0,0.0
116.44463855143646,104.0,0.0
116.44986546394466,105.0,0.0
116.45009861649777,104.0,0.0
116.45016442158777,103.0,0.0
116.46153145078443,104.0,0.0
116.46354184900551,105.0,0.0
116.46915416029434,106.0,0.0
116.47040083699245,105.0,0.0
116.47770408543265,106.0,0.0
116.4887703565317,105.0,0.0
116.49204770371189,104.0,0.0
116.49579979639299,103.0,0.0
116.49764504684144,102.0,0.0
116.50855854578307,101.0,0.0
116.51043777737411,100.0,0.0
116.5112009640299,101.0,0.0
116.51760073550484,100.0,0.0
116.51874363723515,99.0,0.0
116.52175116562385,98.0,0.0
116.52762919308249,99.0,0.0
116.53694382878385,98.0,0.0
116.53800206923714,99.0,0.0
116.54193730729594,100.0,0.0
116.55188599424913,99.0,0.0
116.5611260856759,100.0,0.0
116.57491019849684,101.0,0.0
116.5791113634285,100.0,0.0
116.5807398933481,101.0,0.0
116.58296912118534,100.0,0.0
116.58555426706269,101.0,0.0
116.58851676457407,102.0,0.0
116.59724786143556,101.0,0.0
116.60172222001617,102.0,0.0
116.6143468211102,101.0,0.0
116.61563895328933,100.0,0.0
116.62053671948324,101.0,0.0
116.62610213075482,102.0,0.0
116.62887754328675,101.0,0.0
116.63278651066568,102.0,0.0
116.63571316218999,101.0,0.0
116.63772663229969,100.0,0.0
116.64086119392678,99.0,0.0
116.64988865207607,98.0,0.0
116.65129487111219,99.0,0.0
116.65896781776466,98.0,0.0
116.66080734641517,99.0,0.0
116.66451567489398,98.0,0.0
116.66543087437103,97.0,0.0
116.70029351563356,96.0,0.0
116.70412350249863,97.0,0.0
116.7061278401667,98.0,0.0
116.71679958311134,97.0,0.0
116.7232267445989,98.0,0.0
116.73301420896446,99.0,0.0
116.73567450795922,98.0,0.0
116.73643402957468,99.0,0.0
116.73998669872094,100.0,0.0
116.74328459364271,101.0,0.0
116.743774618848,102.0,0.0
116.74608519567884,103.0,0.0
116.74661033353107,104.0,0.0
116.75183276017849,105.0,0.0
116.76579417099225,106.0,0.0
116.76737591631863,105.0,0.0
116.78012024102533,106.0,0.0
116.7840209840413,105.0,0.0
116.7861175849492,104.0,0.0
116.7910605868986,103.0,0.0
116.79841860722881,102.0,0.0
116.80644171405176,103.0,0.0
116.80932323284311,104.0,0.0
116.81178031681308,103.0,0.0
116.81788095570406,102.0,0.0
116.82105349085195,101.0,0.0
116.83001705499615,102.0,0.0
116.83222163396934,101.0,0.0
116.83962661987022,100.0,0.0
116.85484058256938,101.0,0.0
116.85708315897355,102.0,0.0
116.85914923059552,103.0,0.0
116.86630506966249,102.0,0.0
116.86990868468226,101.0,0.0
116.88775073172792,100.0,0.0
116.88872222814383,99.0,0.0
116.89542333894958,100.0,0.0
116.89714028691812,101.0,0.0
116.90266629655625,102.0,0.0
116.9088708380078,101.0,0.0
116.91886301146667,100.0,0.0
116.91965091315363,101.0,0.0
116.94049773269482,100.0,0.0
116.9407403610724,99.0,0.0
116.9637629301796,100.0,0.0
116.96408659441079,101.0,0.0
116.96634044020895,102.0,0.0
116.9754412728135,103.0,0.0
116.97557326590581,104.0,0.0
116.97606671775951,105.0,0.0
116.97656888709257,106.0,0.0
116.97680547615576,105.0,0.0
116.98606387235962,106.0,0.0
116.98724431528146,107.0,0.0
116.99005388751858,106.0,0.0
116.99677192982796,105.0,0.0
117.0006091592945,106.0,0.0
117.01210899489561,107.0,0.0
117.02728211854304,106.0,0.0
117.03690604973426,107.0,0.0
117.03967254631519,106.0,0.0
117.0473177775288,105.0,0.0
117.0479580367957,106.0,0.0
117.05524891307412,107.0,0.0
117.05826525453588,106.0,0.0
117.06091455187085,107.0,0.0
117.06239177402666,108.0,0.0
117.06652778807921,109.0,0.0
117.08341022688838,108.0,0.0
117.08724395786905,109.0,0.0
117.0920685754387,110.0,0.0
117.09694212387093,111.0,0.0
117.09748586577476,110.0,0.0
117.10034684080757,109.0,0.0
117.10228551732928,108.0,0.0
117.10291587173292,107.0,0.0
117.10521146373121,108.0,0.0
117.10679983420967,107.0,0.0
117.11436892473658,106.0,0.0
117.11718451635069,105.0,0.0
117.12172555884386,104.0,0.0
117.12399442988233,103.0,0.0
117.12478038084392,102.0,0.0
117.125783832907,103.0,0.0
117.12580132835431,102.0,0.0
117.14370064921171,103.0,0.0
117.14615410304437,104.0,0.0
117.14831846665761,103.0,0.0
117.15878450491141,104.0,0.0
117.1739632481393,105.0,0.0
117.17478169074808,104.0,0.0
117.17691347603264,103.0,0.0
117.17784788135639,104.0,0.0
117.18541900026386,105.0,0.0
117.19253746098369,104.0,0.0
117.20436042213214,105.0,0.0
117.20638859523507,104.0,0.0
117.21079405754489,103.0,0.0
117.21336422400216,104.0,0.0
117.24210083642325,103.0,0.0
117.24732806404344,102.0,0.0
117.2531089001559,103.0,0.0
117.25347242049816,104.0,0.0
117.25737422726664,103.0,0.0
117.25807557186297,104.0,0.0
117.26485698783334,103.0,0.0
117.26638218876867,102.0,0.0
117.27052124669994,101.0,0.0
117.27582124574973,102.0,0.0
117.27691838891934,103.0,0.0
117.27807394710115,104.0,0.0
117.2798214927862,105.0,0.0
117.28183322567435,104.0,0.0
117.28666196730049,103.0,0.0
117.28927083518936,102.0,0.0
117.29325240081182,103.0,0.0
117.29530105298309,104.0,0.0
117.30091321106018,105.0,0.0
117.30156544432732,104.0,0.0
117.3080631752541,105.0,0.0
117.30853605578861,106.0,0.0
117.3096632931075,105.0,0.0
117.32084629331328,106.0,0.0
117.32458940858214,107.0,0.0
117.32466983833413,108.0,0.0
117.33058530925827,107.0,0.0
117.33182450301874,106.0,0.0
117.33363229643774,107.0,0.0
117.33671497488766,108.0,0.0
117.35553023988045,107.0,0.0
117.35869745243241,108.0,0.0
117.3587537357203,109.0,0.0
117.3621409059565,110.0,0.0
117.36271615090017,109.0,0.0
117.3707300378281,108.0,0.0
117.37108755940626,109.0,0.0
117.38721696179462,110.0,0.0
117.38799020928948,111.0,0.0
117.39273375503359,110.0,0.0
117.39531042731957,111.0,0.0
117.4058433612547,110.0,0.0
117.40589337192984,109.0,0.0
117.41014336866061,108.0,0.0
117.41439122976482,109.0,0.0
117.42066583846284,108.0,0.0
117.42516947184069,109.0,0.0
117.43945139566826,108.0,0.0
117.44157705189559,107.0,0.0
117.4487714211457,106.0,0.0
117.45012514003693,105.0,0.0
117.4502084092015,104.0,0.0
117.45790460758359,103.0,0.0
117.46169493711636,102.0,0.0
117.48380737123256,103.0,0.0
117.49148258919135,104.0,0.0
117.49152521855191,105.0,0.0
117.49527126396944,106.0,0.0
117.49555275398299,107.0,0.0
117.49625615242189,108.0,0.0
117.50689279467943,107.0,0.0
117.50790344075962,108.0,0.0
117.50947158396973,107.0,0.0
117.51549527327859,106.0,0.0
117.51793081486751,107.0,0.0
117.51942048384514,108.0,0.0
117.5195432443442,107.0,0.0
117.5231673071864,106.0,0.0
117.52901771788028,107.0,0.0
117.54427252007576,106.0,0.0
117.54551960775737,105.0,0.0
117.55387728138201,106.0,0.0
117.55881987556369,107.0,0.0
117.57467066767686,108.0,0.0
117.57731132650129,107.0,0.0
117.5791675322489,108.0,0.0
117.58029022962144,107.0,0.0
117.5809620100889,108.0,0.0
117.58152786835855,109.0,0.0
117.59278771900105,110.0,0.0
117.59323248234978,109.0,0.0
117.5951296251084,110.0,0.0
117.59623823769492,109.0,0.0
117.59644943449844,110.0,0.0
117.59737517123945,111.0,0.0
117.59929032206837,112.0,0.0
117.6025066700958,111.0,0.0
117.60256026388168,112.0,0.0
117.6083576769864,111.0,0.0
117.60959464970743,112.0,0.0
117.61643690679755,111.0,0.0
117.61780940151222,110.0,0.0
117.62125791520278,111.0,0.0
117.62253670670752,110.0,0.0
117.62421742253154,109.0,0.0
117.62554657257203,110.0,0.0
117.62810854612354,111.0,0.0
117.6291236412211,112.0,0.0
117.63512504363172,111.0,0.0
117.6386046273879,110.0,0.0
117.66296258791297,111.0,0.0
117.6663401803674,112.0,0.0
117.67588849589565,111.0,0.0
117.68126692187809,112.0,0.0
117.68295064335484,113.0,0.0
117.69672863310593,112.0,0.0
117.72586238891037,111.0,0.0
117.72627625674093,112.0,0.0
117.72712800049999,113.0,0.0
117.72835465877561,114.0,0.0
117.73085116842073,113.0,0.0
117.7357704730693,114.0,0.0
117.74434306894743,115.0,0.0
117.74839600802028,116.0,0.0
117.75335261142067,115.0,0.0
117.76097844809394,114.0,0.0
117.76555840621262,115.0,0.0
117.77131116748318,114.0,0.0
117.77290703543527,115.0,0.0
117.77355076660385,116.0,0.0
117.7791387862461,117.0,0.0
117.78356549192969,116.0,0.0
117.79366002115334,117.0,0.0
117.79462466799454,116.0,0.0
117.79643788712673,115.0,0.0
117.82153925292889,114.0,0.0
117.82264680232164,113.0,0.0
117.82362784813834,114.0,0.0
117.82515078975946,115.0,0.0
117.83217687906753,114.0,0.0
117.83604641205501,113.0,0.0
117.83719574886139,112.0,0.0
117.85232269078377,111.0,0.0
117.85760333515533,112.0,0.0
117.86513437220334,113.0,0.0
117.88379247805958,114.0,0.0
117.89961191754102,115.0,0.0
117.90163400610354,114.0,0.0
117.90670453407967,113.0,0.0
117.91044787645995,112.0,0.0
117.92099032371642,111.0,0.0
117.92327786493253,112.0,0.0
117.93554301374061,111.0,0.0
117.96723013343913,112.0,0.0
117.96866659119891,113.0,0.0
117.97178317035494,112.0,0.0
117.98261213756393,111.0,0.0
117.98639926620855,110.0,0.0
117.9879621518287,111.0,0.0
117.99740207412464,110.0,0.0
117.99995766004818,111.0,0.0
118.00055898731947,112.0,0.0
118.00063253007468,111.0,0.0
118.00105033859494,110.0,0.0
118.0053844616867,111.0,0.0
118.01168171677034,110.0,0.0
118.0124442918514,109.0,0.0
118.01392607847774,108.0,0.0
118.01859592408482,109.0,0.0
118.02227663066485,108.0,0.0
118.02571920599239,107.0,0.0
118.02793566026781,108.0,0.0
118.03781932091582,107.0,0.0
118.04003480318828,108.0,0.0
118.04081398439081,109.0,0.0
118.04682680098972,110.0,0.0
118.05269174258557,109.0,0.0
118.06444992066594,110.0,0.0
118.06608468736444,111.0,0.0
118.06715837027805,110.0,0.0
118.06836068561782,111.0,0.0
118.07087744492793,112.0,0.0
118.07343398590302,111.0,0.0
118.09094263584682,110.0,0.0
118.09705297035646,109.0,0.0
118.100882834925,108.0,0.0
118.1046858828806,107.0,0.0
118.10534584379522,108.0,0.0
118.1071008777003,107.0,0.0
118.11020553518088,106.0,0.0
118.11380477209737,105.0,0.0
118.11783756510452,104.0,0.0
118.1193509094187,103.0,0.0
118.12313628088907,102.0,0.0
118.12500880750831,103.0,0.0
118.14223637944922,104.0,0.0
118.15351701907609,105.0,0.0
118.15603905882433,106.0,0.0
118.15778804654784,105.0,0.0
118.16330663505316,104.0,0.0
118.16524730254127,103.0,0.0
118.1768258309613,104.0,0.0
118.18380471600794,103.0,0.0
118.18910281174307,102.0,0.0
118.19584610097093,101.0,0.0
118.20133262270588,100.0,0.0
118.2019643371319,101.0,0.0
118.20618077785409,102.0,0.0
118.21423726234819,101.0,0.0
118.21451378782054,102.0,0.0
118.22558902966065,101.0,0.0
118.22703992696808,102.0,0.0
118.2325097499524,101.0,0.0
118.2336416360464,100.0,0.0
118.25657812470021,101.0,0.0
118.26032051304063,100.0,0.0
118.26365466415217,99.0,0.0
118.27535738287975,98.0,0.0
118.2831114756804,97.0,0.0
118.2848573381058,96.0,0.0
118.29819673628346,95.0,0.0
118.29960848629582,96.0,0.0
118.30539519191912,97.0,0.0
118.30807694948811,96.0,0.0
118.3093685028477,95.0,0.0
118.32704975537148,94.0,0.0
118.33400994876656,95.0,0.0
118.34192841126048,94.0,0.0
118.34412164992496,93.0,0.0
118.34805855287904,92.0,0.0
118.3560620126768,91.0,0.0
118.38359985006603,90.0,0.0
118.38859885090292,89.0,0.0
118.38920597685515,90.0,0.0
118.39361694799385,91.0,0.0
118.39513094120278,92.0,0.0
118.40537003681293,91.0,0.0
118.40937155970549,90.0,0.0
118.42492103145266,89.0,0.0
118.43453754651664,88.0,0.0
118.44599857708921,89.0,0.0
118.44977308315302,88.0,0.0
118.45065489797906,87.0,0.0
118.45412798377413,88.0,0.0
118.45698867403972,87.0,0.0
118.46478370950202,88.0,0.0
118.48728883965741,89.0,0.0
118.49611679494447,88.0,0.0
118.5032820047465,87.0,0.0
118.50825985667117,86.0,0.0
118.51770464533607,87.0,0.0
118.51931726070076,86.0,0.0
118.52144537172813,87.0,0.0
118.52381788725074,86.0,0.0
118.54027033452769,87.0,0.0
118.54074227382893,86.0,0.0
118.55637865261504,85.0,0.0
118.56222134011531,86.0,0.0
118.56369127354154,85.0,0.0
118.56524353508208,86.0,0.0
118.56634704086764,87.0,0.0
118.56895913523229,88.0,0.0
118.58057751664374,87.0,0.0
118.58382361742915,86.0,0.0
118.59185791203618,87.0,0.0
118.59344008366212,88.0,0.0
118.59495947927817,89.0,0.0
118.59576394464592,90.0,0.0
118.61511052340823,91.0,0.0
118.61648615576692,90.0,0.0
118.62162973799524,91.0,0.0
118.62388285835922,92.0,0.0
118.62704335967952,93.0,0.0
118.63231285920824,94.0,0.0
118.64686172136798,93.0,0.0
118.64941919031101,94.0,0.0
118.66160329771006,95.0,0.0
118.66663940346335,94.0,0.0
118.68038794685621,95.0,0.0
118.69261262050723,94.0,0.0
118.69728552422062,93.0,0.0
118.69936198022427,92.0,0.0
118.70455281058514,91.0,0.0
118.70517073975071,90.0,0.0
118.70704783094014,91.0,0.0
118.7437439731245,90.0,0.0
118.744615731817,91.0,0.0
118.74935219238887,90.0,0.0
118.75674981762393,91.0,0.0
118.75953305520996,92.0,0.0
118.76403035312732,91.0,0.0
118.7783470874832,92.0,0.0
118.78263412339403,91.0,0.0
118.78987807196934,92.0,0.0
118.78990014847865,93.0,0.0
118.79526268462953,92.0,0.0
118.79906686128284,93.0,0.0
118.80886824220349,94.0,0.0
118.81395503255756,93.0,0.0
118.81915181450948,94.0,0.0
118.82493316293183,93.0,0.0
118.83283129960964,92.0,0.0
118.83673430454857,93.0,0.0
118.842846877257,92.0,0.0
118.86065579845476,93.0,0.0
118.86427781250718,94.0,0.0
118.87575367402579,95.0,0.0
118.8783584662946,94.0,0.0
118.88786496210025,95.0,0.0
118.89120809336542,96.0,0.0
118.897053185456,95.0,0.0
118.90170453066656,96.0,0.0
118.90939377452865,95.0,0.0
118.91353104789495,96.0,0.0
118.92476862197245,95.0,0.0
118.92502143006772,94.0,0.0
118.93313860422131,95.0,0.0
118.9361246827327,96.0,0.0
118.94134273738638,95.0,0.0
118.9473257915103,96.0,0.0
118.9526905474648,97.0,0.0
118.9531088786358,98.0,0.0
118.95679822923908,97.0,0.0
118.96394001292413,96.0,0.0
118.97879978953615,97.0,0.0
118.97917224037012,96.0,0.0
119.00433629447295,97.0,0.0
119.01596260370542,96.0,0.0
119.03370118420449,97.0,0.0
119.03798267794646,98.0,0.0
119.0420877646308,99.0,0.0
119.04272942949243,100.0,0.0
119.05721712856354,101.0,0.0
119.06037617604787,100.0,0.0
119.06773997140068,99.0,0.0
119.0729795778191,98.0,0.0
119.0812910576149,99.0,0.0
119.08175700129618,100.0,0.0
119.083970907321,99.0,0.0
119.08410441462634,98.0,0.0
119.08755473189845,99.0,0.0
119.09030317346951,100.0,0.0
119.09258954904746,99.0,0.0
119.11517412549706,100.0,0.0
119.11870270109847,101.0,0.0
119.13270434887761,100.0,0.0
119.13434685561519,99.0,0.0
119.14308826125456,98.0,0.0
119.144173622128,97.0,0.0
119.1460992757479,96.0,0.0
119.14725168748957,97.0,0.0
119.15619165816679,98.0,0.0
119.15646415186987,97.0,0.0
119.15669694930953,96.0,0.0
119.18976422194933,95.0,0.0
119.19525558816997,96.0,0.0
119.19919898825454,95.0,0.0
119.20703826192212,94.0,0.0
119.21184016598801,95.0,0.0
119.21379727702346,96.0,0.0
119.22432238668497,97.0,0.0
119.2330266579838,98.0,0.0
119.24510329864785,99.0,0.0
119.25335068427427,98.0,0.0
119.25376762405827,99.0,0.0
119.25764099920902,98.0,0.0
119.26594447904145,99.0,0.0
119.2738835986189,100.0,0.0
119.3048542142188,101.0,0.0
119.30576217940866,102.0,0.0
119.30883862898011,103.0,0.0
119.32344640779579,102.0,0.0
119.32939272528446,103.0,0.0
119.33533028507644,104.0,0.0
119.33878691345063,105.0,0.0
119.34560451144168,106.0,0.0
119.37346516803649,105.0,0.0
119.40627498158265,104.0,0.0
119.40677860976959,105.0,0.0
119.40897399121586,106.0,0.0
119.40952050019905,105.0,0.0
119.41065790879156,104.0,0.0
119.4143610269682,103.0,0.0
119.41996921120331,102.0,0.0
119.42817099901404,103.0,0.0
119.42890410377711,102.0,0.0
119.43226505775883,103.0,0.0
119.45152872585201,102.0,0.0
119.45172312197096,101.0,0.0
119.45284834614176,102.0,0.0
119.45441019657312,103.0,0.0
119.45753792030004,102.0,0.0
119.476126663416,103.0,0.0
119.47738478916165,104.0,0.0
119.49242356564758,105.0,0.0
119.51031086940183,104.0,0.0
119.52320272133828,105.0,0.0
119.5237910100746,106.0,0.0
119.5398602098696,105.0,0.0
119.55302315627185,104.0,0.0
119.55685643481209,103.0,0.0
119.58646612104401,102.0,0.0
119.58913995215877,101.0,0.0
119.58958780680656,100.0,0.0
119.59790380707025,101.0,0.0
119.60204240810059,100.0,0.0
119.6066909641568,101.0,0.0
119.61512800670455,102.0,0.0
119.626721032837,101.0,0.0
119.62736944753655,102.0,0.0
119.63419271705337,101.0,0.0
119.63640424108192,100.0,0.0
119.64062334660453,99.0,0.0
119.64127588739038,98.0,0.0
119.64430293613971,97.0,0.0
119.6478483494745,96.0,0.0
119.65470512873338,95.0,0.0
119.65488385948203,94.0,0.0
119.65504923716452,95.0,0.0
119.67084239494233,96.0,0.0
119.67857553275941,95.0,0.0
119.67962838837931,96.0,0.0
119.68371794964618,97.0,0.0
119.68548712346825,98.0,0.0
119.69058661451527,97.0,0.0
119.69079484953852,96.0,0.0
119.69553248510516,95.0,0.0
119.69967185657,96.0,0.0
119.70341338048459,95.0,0.0
119.70880243154872,94.0,0.0
119.71137229881329,95.0,0.0
119.71614055508607,94.0,0.0
119.71807185351038,93.0,0.0
119.7253890395921,92.0,0.0
119.74480540065495,91.0,0.0
119.74496550003448,90.0,0.0
119.75352698295846,89.0,0.0
119.7563879167025,88.0,0.0
119.75892160593288,89.0,0.0
119.76094979602843,88.0,0.0
119.76513470022464,87.0,0.0
119.76556565849243,88.0,0.0
119.76602174927187,87.0,0.0
119.77393474795761,86.0,0.0
119.77814079500817,85.0,0.0
119.78135388698641,84.0,0.0
119.78649003856191,85.0,0.0
119.789405180107,84.0,0.0
119.79310383636808,83.0,0.0
119.79642602067933,82.0,0.0
119.80556659585147,81.0,0.0
119.8108242522864,80.0,0.0
119.8294367508618,81.0,0.0
119.84161271919831,82.0,0.0
119.84304641494576,81.0,0.0
119.85230583978695,80.0,0.0
119.85358411405761,79.0,0.0
119.86152742891477,80.0,0.0
119.87971855918259,79.0,0.0
119.8831983959035,80.0,0.0
119.88625332193544,81.0,0.0
119.88675599758118,80.0,0.0
119.88885796800027,81.0,0.0
119.89069064286332,80.0,0.0
119.90652423124321,79.0,0.0
119.90697478171975,80.0,0.0
119.92078880252043,79.0,0.0
119.92405196035021,80.0,0.0
119.93259434031654,79.0,0.0
119.9393888287969,78.0,0.0
119.94551740802032,77.0,0.0
119.95899910134634,76.0,0.0
119.96956118714019,75.0,0.0
119.97305288816906,76.0,0.0
119.97484110501735,75.0,0.0
119.99119370329994,76.0,0.0
119.99982190899232,77.0,0.0
120.00266558414387,78.0,0.0
120.00708809817175,77.0,0.0
120.01107373566074,76.0,0.0
120.02807819358341,77.0,0.0
120.02859555703326,76.0,0.0
120.0344114862242,77.0,0.0
120.037090413393,78.0,0.0
120.03742536603346,79.0,0.0
120.04045912305224,80.0,0.0
120.04175212622702,79.0,0.0
120.06678047943123,78.0,0.0
120.07136544465631,77.0,0.0
120.0740336940608,78.0,0.0
120.07519882683772,77.0,0.0
120.0806888389015,78.0,0.0
120.08648400400243,77.0,0.0
120.11089288392941,76.0,0.0
120.11555397983295,75.0,0.0
120.11588367527105,74.0,0.0
120.12297910197593,75.0,0.0
120.12468702702148,76.0,0.0
120.12506025182508,77.0,0.0
120.12578628872109,76.0,0.0
120.13652145737588,77.0,0.0
120.14528861373418,78.0,0.0
120.15858685188891,77.0,0.0
120.15941197700324,76.0,0.0
120.17037232657788,75.0,0.0
120.18444385995984,74.0,0.0
120.19054658296102,73.0,0.0
120.20656497920564,74.0,0.0
120.2142044160239,75.0,0.0
120.25010584151627,74.0,0.0
120.25591544678457,73.0,0.0
120.26557879243948,72.0,0.0
120.27129279871687,71.0,0.0
120.27827372314016,70.0,0.0
120.29218529087514,69.0,0.0
120.29996389777303,68.0,0.0
120.31204798672978,69.0,0.0
120.32380574283411,70.0,0.0
120.3378809049624,69.0,0.0
120.3380182847417,68.0,0.0
120.34118487932774,67.0,0.0
120.34379596549884,68.0,0.0
120.34620959652648,69.0,0.0
120.34828028291075,70.0,0.0
120.35013621638485,69.0,0.0
120.35683415272268,70.0,0.0
120.36606690973709,69.0,0.0
120.37639185283584,70.0,0.0
120.38132797629585,69.0,0.0
120.38531619747789,68.0,0.0
120.38618683300699,67.0,0.0
120.39188367102241,66.0,0.0
120.39268427525218,67.0,0.0
120.39774291264095,68.0,0.0
120.4168804594979,67.0,0.0
120.42771526916545,68.0,0.0
120.43359214180592,69.0,0.0
120.44217412134384,68.0,0.0
120.4614176094414,69.0,0.0
120.46757423903094,68.0,0.0
120.48087287830546,67.0,0.0
120.48678641640308,66.0,0.0
120.49230834955424,67.0,0.0
120.50281171520842,66.0,0.0
120.51024707402217,67.0,0.0
120.51801646900518,66.0,0.0
120.52750645143868,67.0,0.0
120.53282687841634,68.0,0.0
120.53572065007604,67.0,0.0
120.54021091617335,66.0,0.0
120.54061344173343,67.0,0.0
120.5417756564959,66.0,0.0
120.54254574657904,65.0,0.0
120.54741217478893,64.0,0.0
120.55439858310048,63.0,0.0
120.55563676600688,64.0,0.0
120.56396239085227,63.0,0.0
120.56477107017204,64.0,0.0
120.569389984012,65.0,0.0
120.57121326035603,64.0,0.0
120.5721406640579,63.0,0.0
120.57332434510815,62.0,0.0
120.57571788934268,61.0,0.0
120.5887734254547,62.0,0.0
120.59445186657193,61.0,0.0
120.63674777645078,60.0,0.0
120.63769943718128,61.0,0.0
120.64171675166632,60.0,0.0
120.64553086560818,59.0,0.0
120.67129037485417,58.0,0.0
120.67501214077149,57.0,0.0
120.68568827326024,56.0,0.0
120.68833002561843,55.0,0.0
120.68895910957346,54.0,0.0
120.69247022567565,53.0,0.0
120.70439694001597,52.0,0.0
120.71158799257016,53.0,0.0
120.71805506185686,52.0,0.0
120.72089140963749,51.0,0.0
120.72293129780424,50.0,0.0
120.72343114590149,49.0,0.0
120.72893070430752,48.0,0.0
120.72907855949616,49.0,0.0
120.7516255543596,50.0,0.0
120.76263801846693,49.0,0.0
120.79031527091976,50.0,0.0
120.79782547348945,49.0,0.0
120.80762714980064,50.0,0.0
120.81599776774145,51.0,0.0
120.82221571602095,50.0,0.0
120.83200964622083,49.0,0.0
120.83217468731279,50.0,0.0
120.8335855441859,51.0,0.0
120.84650432009856,52.0,0.0
120.85827739977124,51.0,0.0
120.86943990728047,52.0,0.0
120.88276806921333,51.0,0.0
120.8910599950899,50.0,0.0
120.8939702118104,49.0,0.0
120.90449312950867,48.0,0.0
120.90893723769922,49.0,0.0
120.91096102624164,48.0,0.0
120.92734111832283,49.0,0.0
120.94917337597487,50.0,0.0
120.95012961899889,49.0,0.0
120.96640384646884,48.0,0.0
120.98548744221087,47.0,0.0
120.98948156858242,46.0,0.0
121.00415820857764,45.0,0.0
121.00879640004045,46.0,0.0
121.0131502305552,47.0,0.0
121.0133919166637,46.0,0.0
121.0232043259205,45.0,0.0
121.02366641372916,46.0,0.0
121.02840248786333,47.0,0.0
121.0287788308565,48.0,0.0
121.03977134034317,47.0,0.0
121.04059506644505,46.0,0.0
121.0441798434737,45.0,0.0
121.04858207281997,44.0,0.0
121.0520788227064,43.0,0.0
121.05587098650813,44.0,0.0
121.05962177470467,43.0,0.0
121.06522455481338,42.0,0.0
121.07095130650049,43.0,0.0
121.0771628370607,42.0,0.0
121.07844206223874,41.0,0.0
121.07869487673831,40.0,0.0
121.09419583176769,39.0,0.0
121.12615398759719,38.0,0.0
121.13125936676414,37.0,0.0
121.13541723720517,36.0,0.0
121.13590159912455,35.0,0.0
121.13809053425004,34.0,0.0
121.1409800093381,33.0,0.0
121.1646882493709,34.0,0.0
121.16921938051048,33.0,0.0
121.17527076855608,32.0,0.0
121.18283029031514,31.0,0.0
121.20289568011407,32.0,0.0
121.20822891341751,33.0,0.0
121.21413033374874,32.0,0.0
121.21470551655331,33.0,0.0
121.22372877794113,32.0,0.0
121.23137428785847,33.0,0.0
121.24939231905623,32.0,0.0
121.25241117419073,33.0,0.0
121.25508979203963,32.0,0.0
121.27773675679039,31.0,0.0
121.28567311040011,30.0,0.0
121.29413517349916,29.0,0.0
121.30033046871424,30.0,0.0
121.30172474616789,29.0,0.0
121.30311326160107,28.0,0.0
121.30731254667432,27.0,0.0
121.31596939467468,28.0,0.0
121.32537721113508,29.0,0.0
121.32966712740223,28.0,0.0
121.33157340372405,27.0,0.0
121.33187864434701,26.0,0.0
121.3335605464553,25.0,0.0
121.33776648176676,24.0,0.0
121.34631717140557,23.0,0.0
121.35322837898529,22.0,0.0
121.36402668263813,21.0,0.0
121.37115786108187,20.0,0.0
121.37160665357878,21.0,0.0
121.37928454952635,22.0,0.0
121.37939295312269,21.0,0.0
121.38520159810622,20.0,0.0
121.39005915209235,19.0,0.0
121.39350685089421,20.0,0.0
121.41208878849181,21.0,0.0
121.43233744026922,20.0,0.0
121.444920024145,21.0,0.0
121.44755719380427,22.0,0.0
121.45912670888445,21.0,0.0
121.46173917530126,20.0,0.0
121.46916738879942,19.0,0.0
121.47758507360808,20.0,0.0
121.47871168059713,21.0,0.0
121.48609770352589,20.0,0.0
121.48859843417378,19.0,0.0
121.51946716387526,18.0,0.0
121.52608951993689,17.0,0.0
121.53709415161927,18.0,0.0
121.55259077859334,17.0,0.0
121.55272437153253,16.0,0.0
121.58847655024299,17.0,0.0
121.59116642589483,16.0,0.0
121.59789690105792,17.0,0.0
121.60589984340193,18.0,0.0
121.6115458637883,17.0,0.0
121.61218415956652,18.0,0.0
121.61522600110018,19.0,0.0
121.62311902578516,18.0,0.0
121.62987726154833,19.0,0.0
121.63302990370887,18.0,0.0
121.64205361438383,19.0,0.0
121.64856067357913,20.0,0.0
121.65223426411767,19.0,0.0
121.66206005621534,18.0,0.0
121.66957708228087,17.0,0.0
121.66995479334344,16.0,0.0
121.6815457730703,15.0,0.0
121.69977029445153,16.0,0.0
121.70811501298822,17.0,0.0
121.71105522977507,16.0,0.0
121.7240913358928,15.0,0.0
121.74772183751307,14.0,0.0
121.75078642279595,13.0,0.0
121.77055637495651,12.0,0.0
121.78996614564919,11.0,0.0
121.79070592230802,10.0,0.0
121.80658423311229,9.0,0.0
121.80905149422485,10.0,0.0
121.81239180483514,9.0,0.0
121.83395237831438,10.0,0.0
121.84751327858363,9.0,0.0
121.850062411391,10.0,0.0
121.85288281377785,9.0,0.0
121.86453257740528,10.0,0.0
121.87863259342238,9.0,0.0
121.88393381678755,8.0,0.0
121.8841670290551,9.0,0.0
121.88967784239169,8.0,0.0
121.89141220452376,9.0,0.0
121.8979442553281,8.0,0.0
121.91147673323474,7.0,0.0
121.91342490792778,6.0,0.0
121.917314338061,5.0,0.0
121.91756966637719,6.0,0.0
121.94460964792478,5.0,0.0
121.97526424607149,4.0,0.0
121.98237054829752,3.0,0.0
122.00519445395788,2.0,0.0
122.06555081984523,3.0,0.0
122.08341298701988,2.0,0.0
122.09032146105478,3.0,0.0
122.09515193109885,2.0,0.0
122.09634026303875,3.0,0.0
122.10421996854164,4.0,0.0
122.11148924265699,3.0,0.0
122.12639947742568,4.0,0.0
122.13470302529566,3.0,0.0
122.13811083560316,2.0,0.0
122.15255650875162,3.0,0.0
122.15434941576164,4.0,0.0
122.17704866469506,3.0,0.0
122.18098689916525,2.0,0.0
122.19599468884442,1.0,0.0
122.19694992095373,2.0,0.0
122.22543806662077,3.0,0.0
122.22762805413504,2.0,0.0
122.2514438970259,1.0,0.0
122.28160019735832,0.0,0.0
122.30116219355554,1.0,0.0
122.31649396639872,2.0,0.0
122.35257184930624,1.0,0.0
122.35442217113454,0.0,0.0
122.35762492895489,1.0,0.0
122.36556449032393,0.0,0.0
122.40787421729297,1.0,0.0
122.41170061078655,0.0,0.0
122.4148368662611,1.0,0.0
122.49389768986813,2.0,0.0
122.49435285680876,1.0,0.0
122.52108439273107,0.0,0.0
122.55471318459875,1.0,0.0
122.57976731375076,0.0,0.0
122.59197012999445,1.0,0.0
122.59725024923705,0.0,0.0
122.71546746781736,1.0,0.0
122.73730958046889,2.0,0.0
122.75730197357392,1.0,0.0
122.791483215204,0.0,0.0
122.8884708483502,1.0,0.0
122.89623174870292,0.0,0.0
122.94434951981954,1.0,0.0
122.94588739798276,0.0,0.0
122.96075526080998,1.0,0.0
123.00993114005965,2.0,0.0
123.05796406657763,1.0,0.0
123.07084825235563,0.0,0.0
123.0858622210384,1.0,0.0
123.10807305963554,0.0,0.0
123.19172512460709,1.0,0.0
123.21650237221321,0.0,0.0
123.2630027495477,1.0,0.0
123.32533337787257,2.0,0.0
123.32674732349315,3.0,0.0
123.35305878727992,4.0,0.0
123.3653182679086,5.0,0.0
123.36702298353796,4.0,0.0
123.38848989526872,3.0,0.0
123.39644374671181,2.0,0.0
123.41287754657309,1.0,0.0
123.42166545287336,2.0,0.0
123.480411520672,1.0,0.0
123.49733724342593,0.0,0.0
123.66280559552199,1.0,0.0
123.666269767436,2.0,0.0
123.6745041127287,1.0,0.0
123.67877090017645,2.0,0.0
123.68151728084615,1.0,0.0
123.71193915055404,0.0,0.0
123.76502516100808,1.0,0.0
123.76766756304282,2.0,0.0
123.78415352879836,1.0,0.0
123.78548053412224,0.0,0.0
123.85935017601926,1.0,0.0
123.87299339355202,0.0,0.0
123.92612339521068,1.0,0.0
123.9373744812934,0.0,0.0
123.93801065984763,1.0,0.0
123.93950678920571,2.0,0.0
123.95518622142644,1.0,0.0
123.95625785822057,2.0,0.0
123.96690317030792,1.0,0.0
124.000668780976,0.0,0.0
124.07559537470776,1.0,0.0
124.09506244301295,0.0,0.0
124.12730474876511,1.0,0.0
124.1658397141722,2.0,0.0
124.17746687951633,1.0,0.0
124.19988438140844,2.0,0.0
124.2049852223394,1.0,0.0
124.21195561895331,2.0,0.0
124.22628605367223,1.0,0.0
124.25110264009547,0.0,0.0
124.36797250626343,1.0,0.0
124.37103283763258,2.0,0.0
124.37866899954962,1.0,0.0
124.37893910177655,0.0,0.0
124.41950797210256,1.0,0.0
124.41994511369843,0.0,0.0
124.48923637931692,1.0,0.0
124.50286749737705,2.0,0.0
124.50725838813491,3.0,0.0
124.52491799071356,2.0,0.0
124.55549854428341,3.0,0.0
124.55685718988114,2.0,0.0
124.5671915299064,1.0,0.0
124.57474642183958,0.0,0.0
124.68446818156785,1.0,0.0
124.6960812850098,0.0,0.0
124.73004652706122,1.0,0.0
124.73370165486241,2.0,0.0
124.74134388838357,3.0,0.0
124.74448561306386,2.0,0.0
124.74914290168498,1.0,0.0
124.74923256554837,2.0,0.0
124.7534564252845,1.0,0.0
124.75478024044344,0.0,0.0
124.75592770035617,1.0,0.0
124.75627656486537,2.0,0.0
124.78188563468147,1.0,0.0
124.78750253873416,0.0,0.0
124.84461434129078,1.0,0.0
124.86192575873989,0.0,0.0
124.87175788474437,1.0,0.0
124.87386449729071,0.0,0.0
124.9297137955233,1.0,0.0
124.9321215820605,0.0,0.0
124.96071831175499,1.0,0.0
124.97126076937153,2.0,0.0
124.98043152818292,1.0,0.0
124.98547979471948,2.0,0.0
125.00282942785843,3.0,0.0
125.0053145222931,2.0,0.0
125.01787672948016,3.0,0.0
125.01860897415908,4.0,0.0
125.02359321081626,3.0,0.0
125.0284811043359,2.0,0.0
125.0321315090112,1.0,0.0
125.07305007738438,0.0,0.0
125.08473414174208,1.0,0.0
125.08603903662694,2.0,0.0
125.12539744293855,3.0,0.0
125.12718034196705,2.0,0.0
125.14164385092577,3.0,0.0
125.14403640469894,4.0,0.0
125.14741589654005,5.0,0.0
125.17699035558681,4.0,0.0
125.17923155423269,3.0,0.0
125.20619135358235,2.0,0.0
125.20865136881393,1.0,0.0
125.20982142361412,0.0,0.0
125.21522927131633,1.0,0.0
125.23079118251873,2.0,0.0
125.2651510184345,1.0,0.0
125.27788910741316,2.0,0.0
125.29808720695684,1.0,0.0
125.30607070431496,0.0,0.0
125.32088099522106,1.0,0.0
125.33141384693538,0.0,0.0
125.3521283104599,1.0,0.0
125.35541282879947,0.0,0.0
125.35954533634128,1.0,0.0
125.3714053009308,2.0,0.0
125.39822871922269,1.0,0.0
125.40180108992055,0.0,0.0
125.40744292261377,1.0,0.0
125.42761341961759,0.0,0.0
125.45092828298473,1.0,0.0
125.46107901612439,0.0,0.0
125.49800344567907,1.0,0.0
125.53792081728702,0.0,0.0
125.54410173685089,1.0,0.0
125.548287686104,0.0,0.0
125.54976130509576,1.0,0.0
125.5536220943464,2.0,0.0
125.55972187118512,3.0,0.0
125.57258145387476,4.0,0.0
125.58361737860615,3.0,0.0
125.5894866507545,2.0,0.0
125.59015524283387,1.0,0.0
125.61071213805388,0.0,0.0
125.62168940478003,1.0,0.0
125.62790349992532,0.0,0.0
125.62824707191783,1.0,0.0
125.63152857524106,0.0,0.0
125.6409213109864,1.0,0.0
125.64845816388285,2.0,0.0
125.65189901353548,3.0,0.0
125.65246799692282,4.0,0.0
125.66239515092883,5.0,0.0
125.66384545096399,6.0,0.0
125.68225232188703,5.0,0.0
125.69570396233829,6.0,0.0
125.71144078018686,7.0,0.0
125.71719917252126,8.0,0.0
125.72210241563629,7.0,0.0
125.72280054234461,8.0,0.0
125.73084731459745,9.0,0.0
125.76560177884892,8.0,0.0
125.76888020846681,7.0,0.0
125.77569002582302,6.0,0.0
125.7786779929716,5.0,0.0
125.78934812106765,4.0,0.0
125.79187520269943,3.0,0.0
125.8086504670368,4.0,0.0
125.81434477488254,3.0,0.0
125.84558692450844,4.0,0.0
125.85585791435429,5.0,0.0
125.85594405160526,4.0,0.0
125.87088678444393,5.0,0.0
125.87266777222527,4.0,0.0
125.87302938990908,5.0,0.0
125.87678182838928,4.0,0.0
125.87816697500746,3.0,0.0
125.88676401664391,2.0,0.0
125.89709824367164,3.0,0.0
125.91338151337995,2.0,0.0
125.92568626998074,3.0,0.0
125.93140107477043,2.0,0.0
125.93875274962497,3.0,0.0
125.94999033852099,2.0,0.0
125.95013317237883,1.0,0.0
125.95264072916744,0.0,0.0
125.99828647545316,1.0,0.0
126.02349578949544,2.0,0.0
126.02893333951977,1.0,0.0
126.07300049552387,2.0,0.0
126.07548781965305,1.0,0.0
126.08017235799555,0.0,0.0
126.09566823061226,1.0,0.0
126.11472390640238,0.0,0.0
126.1500901440542,1.0,0.0
126.18532557602018,2.0,0.0
126.1857788961344,3.0,0.0
126.22149824604757,4.0,0.0
126.23817725416998,3.0,0.0
126.24597098402289,4.0,0.0
126.24682149551168,5.0,0.0
126.25429708678189,6.0,0.0
126.26060486923835,5.0,0.0
126.2646321002543,4.0,0.0
126.26642019919696,5.0,0.0
126.2701538408429,4.0,0.0
126.3057698705777,3.0,0.0
126.312257672363,2.0,0.0
126.32071150960607,3.0,0.0
126.33624309056556,4.0,0.0
126.33869864130365,5.0,0.0
126.34320192466666,6.0,0.0
126.35476216989926,7.0,0.0
126.35773908257073,8.0,0.0
126.36547795863012,7.0,0.0
126.38663664766668,8.0,0.0
126.39041117604329,7.0,0.0
126.39130778966266,6.0,0.0
126.41539547652275,7.0,0.0
126.41803218968832,8.0,0.0
126.43143211242531,7.0,0.0
126.43430066098881,8.0,0.0
126.43720807868874,7.0,0.0
126.44682561988377,6.0,0.0
126.45378886616626,5.0,0.0
126.4596285460355,4.0,0.0
126.46690109371457,3.0,0.0
126.46801685361356,2.0,0.0
126.46816055369659,3.0,0.0
126.47386194497916,2.0,0.0
126.47612329214476,3.0,0.0
126.49168015287631,2.0,0.0
126.4962402180501,3.0,0.0
126.50532291930871,2.0,0.0
126.52049246059403,3.0,0.0
126.52590034403728,2.0,0.0
126.55420017079679,3.0,0.0
126.55831811893361,2.0,0.0
126.5737916194864,1.0,0.0
126.58880442044433,0.0,0.0
126.59437015521894,1.0,0.0
126.63137770118068,2.0,0.0
126.64040625451139,3.0,0.0
126.68268782502749,4.0,0.0
126.69660387873195,5.0,0.0
126.6977915501938,6.0,0.0
126.7045672208629,5.0,0.0
126.71012708860506,6.0,0.0
126.71231496065161,7.0,0.0
126.71306930184234,8.0,0.0
126.71346338154602,7.0,0.0
126.71562302064669,8.0,0.0
126.71826038311326,9.0,0.0
126.72353694396699,10.0,0.0
126.73866569936793,9.0,0.0
126.74169869924003,8.0,0.0
126.74365107851486,9.0,0.0
126.75924504199479,8.0,0.0
126.76073496814499,7.0,0.0
126.77103467374832,8.0,0.0
126.7738579209931,7.0,0.0
126.77531435471126,6.0,0.0
126.79153169132114,7.0,0.0
126.79708185295175,6.0,0.0
126.79888153423302,5.0,0.0
126.80044444409857,4.0,0.0
126.8032563546886,5.0,0.0
126.80370801200405,6.0,0.0
126.8081638775308,5.0,0.0
126.81512027746969,4.0,0.0
126.81757696196539,5.0,0.0
126.8202875776753,4.0,0.0
126.82098498322038,3.0,0.0
126.82792021141665,2.0,0.0
126.82979230932958,1.0,0.0
126.83369946423457,2.0,0.0
126.83852769311427,1.0,0.0
126.83971969414789,0.0,0.0
126.84667113617493,1.0,0.0
126.86222666999892,2.0,0.0
126.86968237668978,3.0,0.0
126.87928969029043,2.0,0.0
126.88460965565723,1.0,0.0
126.90062434380505,2.0,0.0
126.93417975251859,1.0,0.0
126.93456440553095,2.0,0.0
126.9592510034901,1.0,0.0
126.97284428323448,0.0,0.0
126.97419460111507,1.0,0.0
126.98918684713885,2.0,0.0
126.9894553165094,3.0,0.0
126.99346325299513,4.0,0.0
126.99757735344458,5.0,0.0
127.00272084959475,4.0,0.0
127.01524107622336,5.0,0.0
127.01628058417438,6.0,0.0
127.037961623946,7.0,0.0
127.03911817035448,6.0,0.0
127.03997526195788,7.0,0.0
127.04372648488925,8.0,0.0
127.05740561122661,9.0,0.0
127.07684429718182,10.0,0.0
127.0827046569677,11.0,0.0
127.09027168390347,12.0,0.0
127.10984397954473,11.0,0.0
127.1148546896982,10.0,0.0
127.12330131902503,11.0,0.0
127.19820696584988,12.0,0.0
127.201267042662,11.0,0.0
127.2018193208102,12.0,0.0
127.20801539519745,11.0,0.0
127.21333689034736,10.0,0.0
127.21935643068136,11.0,0.0
127.2376244551832,10.0,0.0
127.23833183442916,9.0,0.0
127.24074437828286,8.0,0.0
127.24435953436215,9.0,0.0
127.24499118878997,10.0,0.0
127.25744093531112,9.0,0.0
127.26350571516721,8.0,0.0
127.26569883850453,9.0,0.0
127.2699799554101,10.0,0.0
127.2804466896571,11.0,0.0
127.29268519002939,12.0,0.0
127.30072178405716,13.0,0.0
127.31273886126445,14.0,0.0
127.32627145932712,13.0,0.0
127.32964919416021,12.0,0.0
127.3376673105001,11.0,0.0
127.34917890532792,12.0,0.0
127.35987839491588,13.0,0.0
127.36075092691358,12.0,0.0
127.37396358913115,11.0,0.0
127.37609455015527,12.0,0.0
127.39434328136736,11.0,0.0
127.39771425861764,12.0,0.0
127.42309989114331,13.0,0.0
127.42320041633755,12.0,0.0
127.43159228500322,11.0,0.0
127.4342576634246,12.0,0.0
127.43885214287297,11.0,0.0
127.44539472570602,12.0,0.0
127.44807517930622,13.0,0.0
127.4693924824264,12.0,0.0
127.47231492636521,13.0,0.0
127.47384191296337,14.0,0.0
127.48115458191654,15.0,0.0
127.49467451610246,14.0,0.0
127.50657381129002,13.0,0.0
127.5097348123533,14.0,0.0
127.51258252813372,13.0,0.0
127.52577075767971,14.0,0.0
127.5257846110186,13.0,0.0
127.53924983787951,14.0,0.0
127.54109539409828,13.0,0.0
127.54305790857687,14.0,0.0
127.55253809242475,13.0,0.0
127.55783655307451,14.0,0.0
127.5697624895665,13.0,0.0
127.57418877644649,14.0,0.0
127.57463180371899,15.0,0.0
127.58006950638284,16.0,0.0
127.58604504667143,15.0,0.0
127.58704832921983,16.0,0.0
127.61197049667524,17.0,0.0
127.62945862670193,18.0,0.0
127.63332489112713,19.0,0.0
127.64291403968406,20.0,0.0
127.64422099131554,21.0,0.0
127.65577307255789,22.0,0.0
127.66091298739397,23.0,0.0
127.66738036494408,22.0,0.0
127.68509062481819,23.0,0.0
127.69127593764647,22.0,0.0
127.69151551702619,21.0,0.0
127.69180167760346,20.0,0.0
127.70081643062134,21.0,0.0
127.70390546730506,22.0,0.0
127.71062671238884,21.0,0.0
127.71321697038992,20.0,0.0
127.71590018163882,21.0,0.0
127.71714940474135,22.0,0.0
127.72351070928968,23.0,0.0
127.75698702394253,24.0,0.0
127.75941298936333,23.0,0.0
127.76029310624057,24.0,0.0
127.77610318023146,25.0,0.0
127.77643005739505,26.0,0.0
127.7789558227322,25.0,0.0
127.77974354464409,26.0,0.0
127.78139710071783,25.0,0.0
127.78618750808953,24.0,0.0
127.7874043781308,23.0,0.0
127.78832817636312,22.0,0.0
127.78881902714348,21.0,0.0
127.79011626123186,22.0,0.0
127.7916487039345,23.0,0.0
127.80118545607989,22.0,0.0
127.808941491755,23.0,0.0
127.83085767455894,24.0,0.0
127.84923113281518,23.0,0.0
127.85775326838312,24.0,0.0
127.8850113798369,25.0,0.0
127.8866636789076,26.0,0.0
127.89184308510886,25.0,0.0
127.89552677885132,26.0,0.0
127.89942743481687,27.0,0.0
127.89998678902458,28.0,0.0
127.90549330107535,27.0,0.0
127.90839459729051,28.0,0.0
127.91020186024213,29.0,0.0
127.91445131677673,28.0,0.0
127.9154422807172,29.0,0.0
127.9229236998467,30.0,0.0
127.93612951144928,31.0,0.0
127.94699847289598,32.0,0.0
127.95028736375097,31.0,0.0
127.95635391891382,30.0,0.0
127.9577961311405,31.0,0.0
127.95871132895408,32.0,0.0
127.9668875032634,31.0,0.0
127.96857390475387,30.0,0.0
127.97090615033656,31.0,0.0
127.9732198563245,30.0,0.0
127.97811415526947,31.0,0.0
127.9820668245442,30.0,0.0
127.98261936125849,31.0,0.0
127.98497287477333,32.0,0.0
127.98745307260418,31.0,0.0
127.98865420846208,32.0,0.0
128.00512935351057,33.0,0.0
128.01003517584118,32.0,0.0
128.01720878934407,31.0,0.0
128.03016587065932,30.0,0.0
128.031385648745,31.0,0.0
128.03782176745332,32.0,0.0
128.0471135896599,31.0,0.0
128.06294621920526,30.0,0.0
128.06729120516135,29.0,0.0
128.07142361215298,30.0,0.0
128.07520035107072,29.0,0.0
128.08306445375513,30.0,0.0
128.09095864627918,31.0,0.0
128.10903989708,30.0,0.0
128.12150432182062,29.0,0.0
128.12616353953993,30.0,0.0
128.12778366019873,29.0,0.0
128.12796466574284,30.0,0.0
128.13386655717213,31.0,0.0
128.13876150207116,32.0,0.0
128.14162178201565,33.0,0.0
128.14463622436892,32.0,0.0
128.14604483658675,33.0,0.0
128.14746717779863,34.0,0.0
128.15054411479463,33.0,0.0
128.15172977337986,34.0,0.0
128.1619830995132,33.0,0.0
128.16394411522,32.0,0.0
128.1640537954743,33.0,0.0
128.1650199615364,34.0,0.0
128.168019502259,35.0,0.0
128.17774717581756,36.0,0.0
128.17955664591204,37.0,0.0
128.18349324516788,38.0,0.0
128.1866181836561,39.0,0.0
128.18955180478412,38.0,0.0
128.18975913994643,39.0,0.0
128.193185569379,40.0,0.0
128.19408032949974,41.0,0.0
128.19613934227098,42.0,0.0
128.19770839802638,43.0,0.0
128.20368453741764,44.0,0.0
128.2270143140646,43.0,0.0
128.23261400798182,42.0,0.0
128.2428392542755,43.0,0.0
128.25350799986444,42.0,0.0
128.25383579794342,41.0,0.0
128.2553001958657,40.0,0.0
128.25986920400697,41.0,0.0
128.26672322706943,40.0,0.0
128.26911469344043,41.0,0.0
128.28544418121527,42.0,0.0
128.28700041934326,43.0,0.0
128.28829442829033,42.0,0.0
128.30207010631668,43.0,0.0
128.32049328549462,42.0,0.0
128.32123584483566,41.0,0.0
128.32349869960902,42.0,0.0
128.3297346438577,43.0,0.0
128.3327717527963,42.0,0.0
128.3375104042609,43.0,0.0
128.3393749371685,44.0,0.0
128.341563688103,45.0,0.0
128.34212567111126,44.0,0.0
128.34530950620916,45.0,0.0
128.34731289581214,46.0,0.0
128.35560743834608,45.0,0.0
128.35748441701392,44.0,0.0
128.35834424412178,45.0,0.0
128.35848095371188,44.0,0.0
128.36003273130237,45.0,0.0
128.36063250272716,44.0,0.0
128.36519931995414,45.0,0.0
128.36956953953558,44.0,0.0
128.370522434758,45.0,0.0
128.37097858115337,44.0,0.0
128.37192695889794,45.0,0.0
128.37333383758616,46.0,0.0
128.37933267556315,47.0,0.0
128.38544552486096,48.0,0.0
128.39081336287208,49.0,0.0
128.39855074818732,48.0,0.0
128.40204109844126,49.0,0.0
128.40252881066985,48.0,0.0
128.41566584985648,47.0,0.0
128.41574164695672,46.0,0.0
128.41858659700586,47.0,0.0
128.42833313216514,46.0,0.0
128.4321880336442,47.0,0.0
128.43421141241717,48.0,0.0
128.43607410405818,49.0,0.0
128.43757232185538,50.0,0.0
128.44002780202774,49.0,0.0
128.44009132265901,50.0,0.0
128.44516123189518,51.0,0.0
128.44796487243786,52.0,0.0
128.4483316380458,51.0,0.0
128.45139859770458,50.0,0.0
128.46413074551145,49.0,0.0
128.46574688527184,48.0,0.0
128.46712636247062,49.0,0.0
128.47669544931344,50.0,0.0
128.47904273234587,51.0,0.0
128.48129875564385,50.0,0.0
128.4814286136696,51.0,0.0
128.48372388310997,52.0,0.0
128.4972234625146,53.0,0.0
128.4992304145819,52.0,0.0
128.5046239542632,51.0,0.0
128.51520220546502,52.0,0.0
128.51810210066142,53.0,0.0
128.53291133724107,52.0,0.0
128.53445719728822,51.0,0.0
128.53524496314088,52.0,0.0
128.5400755607438,51.0,0.0
128.5406483359587,50.0,0.0
128.5462772654691,51.0,0.0
128.5483282098652,52.0,0.0
128.55363065719175,51.0,0.0
128.57760610342453,52.0,0.0
128.58540857504596,51.0,0.0
128.58954738319454,50.0,0.0
128.59438224617824,51.0,0.0
128.59813266467575,52.0,0.0
128.60245610836307,51.0,0.0
128.609568848364,50.0,0.0
128.63584287901892,49.0,0.0
128.6366003869338,48.0,0.0
128.64048813213492,47.0,0.0
128.6434117372335,48.0,0.0
128.65261116007954,49.0,0.0
128.65433740462427,50.0,0.0
128.66745003817005,51.0,0.0
128.66906143797462,52.0,0.0
128.67188222308653,53.0,0.0
128.67958106499262,54.0,0.0
128.67994684027698,55.0,0.0
128.68095464344856,56.0,0.0
128.68955875604289,57.0,0.0
128.69056083264266,56.0,0.0
128.69155242059315,57.0,0.0
128.70440880285133,58.0,0.0
128.70545947337732,59.0,0.0
128.71765611851535,60.0,0.0
128.73600089755408,59.0,0.0
128.73959853508094,60.0,0.0
128.74890933124962,59.0,0.0
128.75573135978962,58.0,0.0
128.77075717713043,59.0,0.0
128.77732423093968,58.0,0.0
128.7859170865261,59.0,0.0
128.79039998358695,60.0,0.0
128.79509625362724,61.0,0.0
128.79983639538122,62.0,0.0
128.8021093985828,63.0,0.0
128.80369414930414,64.0,0.0
128.80558630276158,63.0,0.0
128.81139013103953,62.0,0.0
128.8128999265202,61.0,0.0
128.81319750565805,60.0,0.0
128.81765388027299,59.0,0.0
128.82382141692082,58.0,0.0
128.8293332081855,59.0,0.0
128.83116747970752,58.0,0.0
128.8323766240939,57.0,0.0
128.8327694162903,58.0,0.0
128.83281021576684,57.0,0.0
128.8360566824742,56.0,0.0
128.84769885974177,57.0,0.0
128.84876782057762,56.0,0.0
128.85129324184135,57.0,0.0
128.856127719085,56.0,0.0
128.8692114373136,55.0,0.0
128.88303945114353,56.0,0.0
128.88722028042994,55.0,0.0
128.89064110916814,54.0,0.0
128.8924007435763,53.0,0.0
128.8953137017225,52.0,0.0
128.89574623956025,53.0,0.0
128.8997192735249,54.0,0.0
128.90216354935038,55.0,0.0
128.90409864123853,56.0,0.0
128.9043513831779,57.0,0.0
128.90844612983946,58.0,0.0
128.91081896975618,59.0,0.0
128.93530214239402,58.0,0.0
128.94272222882773,59.0,0.0
128.9467415675193,58.0,0.0
128.94746850445046,59.0,0.0
128.95306219484672,60.0,0.0
128.96004695539855,59.0,0.0
128.96692080106962,58.0,0.0
128.96915832048361,59.0,0.0
128.96944420103162,60.0,0.0
128.97892827485097,61.0,0.0
128.98461096897285,62.0,0.0
128.99657940456856,61.0,0.0
128.996651983502,62.0,0.0
129.00448479586984,61.0,0.0
129.00774167014086,62.0,0.0
129.01032878913702,63.0,0.0
129.0149683126279,64.0,0.0
129.0159510216238,65.0,0.0
129.02003558797668,66.0,0.0
129.02004812671026,67.0,0.0
129.0226765951539,68.0,0.0
129.02492881061525,67.0,0.0
129.02997673749053,68.0,0.0
129.03217639634644,69.0,0.0
129.0396243063121,70.0,0.0
129.04538165173125,71.0,0.0
129.04696007153726,72.0,0.0
129.0473596079928,73.0,0.0
129.05050338228529,74.0,0.0
129.05327608921567,75.0,0.0
129.05385745939893,74.0,0.0
129.05543586241117,73.0,0.0
129.05639584203377,74.0,0.0
129.05678366716623,73.0,0.0
129.0634279932991,74.0,0.0
129.06654268375877,73.0,0.0
129.07444610224613,74.0,0.0
129.0782271842283,75.0,0.0
129.07871264702183,74.0,0.0
129.07871914660146,75.0,0.0
129.0910227469761,76.0,0.0
129.09299260854365,77.0,0.0
129.11283531425102,76.0,0.0
129.11485289527616,77.0,0.0
129.11779709383669,78.0,0.0
129.1348964605308,77.0,0.0
129.13893417212918,78.0,0.0
129.13928114485742,77.0,0.0
129.14031938372557,76.0,0.0
129.14272691790035,77.0,0.0
129.14646820828713,76.0,0.0
129.15189827600696,77.0,0.0
129.15193908535218,76.0,0.0
129.1530465862688,77.0,0.0
129.15404835421796,78.0,0.0
129.15487389144354,77.0,0.0
129.15528750964398,78.0,0.0
129.16113304048443,79.0,0.0
129.16306185781647,78.0,0.0
129.16778503405178,79.0,0.0
129.171442708812,80.0,0.0
129.17395069462177,81.0,0.0
129.17940287624734,82.0,0.0
129.18883235068398,81.0,0.0
129.18955702858824,80.0,0.0
129.19373005676692,81.0,0.0
129.1942474667148,82.0,0.0
129.1968100349629,81.0,0.0
129.2000698146601,80.0,0.0
129.20754253785427,81.0,0.0
129.2149759530479,80.0,0.0
129.21771625265276,81.0,0.0
129.22643167594592,82.0,0.0
129.2302841169884,81.0,0.0
129.23699282391607,82.0,0.0
129.24489277773165,81.0,0.0
129.2455567970221,82.0,0.0
129.24723510776624,83.0,0.0
129.26173730910418,84.0,0.0
129.26317980361208,85.0,0.0
129.2672580943993,86.0,0.0
129.2676312611828,87.0,0.0
129.27018915707802,88.0,0.0
129.27264583880788,89.0,0.0
129.27322900928658,90.0,0.0
129.2754987578473,89.0,0.0
129.28038941130438,90.0,0.0
129.28250996542914,91.0,0.0
129.28797690860864,90.0,0.0
129.30647999990148,89.0,0.0
129.31360120291112,90.0,0.0
129.31497096315155,91.0,0.0
129.31858082648967,92.0,0.0
129.32562600966043,93.0,0.0
129.33223522688553,92.0,0.0
129.34738378583214,93.0,0.0
129.3507822832089,92.0,0.0
129.35137837792692,93.0,0.0
129.35528028133686,94.0,0.0
129.35891902378805,93.0,0.0
129.3611284291661,94.0,0.0
129.36631839325594,93.0,0.0
129.36788007194698,94.0,0.0
129.36979920641852,95.0,0.0
129.37858809820193,96.0,0.0
129.3827244286284,95.0,0.0
129.383415264465,94.0,0.0
129.39026471567584,93.0,0.0
129.39084445859933,94.0,0.0
129.3994732496948,93.0,0.0
129.40056897897634,92.0,0.0
129.4045162044835,91.0,0.0
129.40513839642648,90.0,0.0
129.40875721024332,89.0,0.0
129.41658500226794,88.0,0.0
129.41714614899374,89.0,0.0
129.42262871461793,90.0,0.0
129.42696371058207,89.0,0.0
129.42898789491016,88.0,0.0
129.4370076607861,89.0,0.0
129.44289547939513,90.0,0.0
129.44290415300404,89.0,0.0
129.44345622901378,88.0,0.0
129.4495338360354,87.0,0.0
129.45091185246065,88.0,0.0
129.46201201329893,87.0,0.0
129.46207252453348,86.0,0.0
129.4722068855723,85.0,0.0
129.48045197597887,86.0,0.0
129.49290713950882,87.0,0.0
129.49678394940645,86.0,0.0
129.50570539126682,87.0,0.0
129.5133631810249,86.0,0.0
129.51619685300346,87.0,0.0
129.52004283672883,86.0,0.0
129.52101671059066,85.0,0.0
129.5303844574802,86.0,0.0
129.5404594277375,85.0,0.0
129.54546693636473,86.0,0.0
129.5505842430521,87.0,0.0
129.55661401018705,88.0,0.0
129.56687094537088,89.0,0.0
129.57260925856033,90.0,0.0
129.5795797570184,89.0,0.0
129.5915945334226,90.0,0.0
129.59601073248623,91.0,0.0
129.59834272453799,92.0,0.0
129.5984852794001,93.0,0.0
129.5993764560863,92.0,0.0
129.6052377211344,93.0,0.0
129.60558472974412,94.0,0.0
129.61909499973814,93.0,0.0
129.61921049507666,92.0,0.0
129.6239237230777,91.0,0.0
129.62495797389371,92.0,0.0
129.62571196093717,93.0,0.0
129.63465049260606,94.0,0.0
129.6406942774527,95.0,0.0
129.64113405287398,94.0,0.0
129.64879524777865,95.0,0.0
129.65838846590376,96.0,0.0
129.66720566538848,97.0,0.0
129.6786106567257,98.0,0.0
129.70364117777314,97.0,0.0
129.70451513363858,96.0,0.0
129.70731739662133,97.0,0.0
129.71281145956144,96.0,0.0
129.7225298625307,95.0,0.0
129.72602008881356,94.0,0.0
129.73116024135985,93.0,0.0
129.73168447927426,92.0,0.0
129.73473809445707,93.0,0.0
129.73790489598196,92.0,0.0
129.74041815072314,93.0,0.0
129.74137563388092,94.0,0.0
129.76794360854697,95.0,0.0
129.77397580817305,96.0,0.0
129.77679100142808,95.0,0.0
129.77779723164778,94.0,0.0
129.78078180378333,95.0,0.0
129.78573541228235,94.0,0.0
129.78925186105442,95.0,0.0
129.7923292900321,96.0,0.0
129.8124789601544,95.0,0.0
129.81354167355164,96.0,0.0
129.81584939951944,97.0,0.0
129.81668917585327,98.0,0.0
129.8182506990157,99.0,0.0
129.8221674760503,98.0,0.0
129.82259848462203,97.0,0.0
129.82265808816155,96.0,0.0
129.82563624716065,95.0,0.0
129.82727291715128,96.0,0.0
129.82890729802006,97.0,0.0
129.83093678115898,98.0,0.0
129.83647795446348,99.0,0.0
129.84076220730236,100.0,0.0
129.8407699839067,101.0,0.0
129.8486275528204,100.0,0.0
129.8513067068648,101.0,0.0
129.85620089719487,102.0,0.0
129.8665470542974,103.0,0.0
129.87215139128205,104.0,0.0
129.88000113709728,105.0,0.0
129.88461647848357,106.0,0.0
129.88631267376965,107.0,0.0
129.88874599242757,108.0,0.0
129.89431025386176,107.0,0.0
129.89909174601945,106.0,0.0
129.90107140956633,105.0,0.0
129.90467863705777,106.0,0.0
129.9054066285018,107.0,0.0
129.9159121891822,106.0,0.0
129.92848916757873,107.0,0.0
129.9297715952612,108.0,0.0
129.9384702709683,109.0,0.0
129.93972220246903,110.0,0.0
129.93978951648745,109.0,0.0
129.9437398269755,108.0,0.0
129.95002466714254,109.0,0.0
129.95031092087294,110.0,0.0
129.95298862571295,109.0,0.0
129.95348955819586,110.0,0.0
129.9631648606713,111.0,0.0
129.96597730887365,112.0,0.0
129.96871420767758,113.0,0.0
129.9774453568768,114.0,0.0
129.97955270131607,113.0,0.0
129.9833208878595,114.0,0.0
129.98448729813651,113.0,0.0
129.9899350162645,114.0,0.0
129.9963698228224,113.0,0.0
129.9995278042247,114.0,0.0
130.00230474891546,115.0,0.0
130.0092922638399,114.0,0.0
130.01127797387676,115.0,0.0
130.01521237244006,116.0,0.0
130.0195833260253,117.0,0.0
130.04019710939602,118.0,0.0
130.0403565603141,117.0,0.0
130.0405800810821,116.0,0.0
130.04121110854086,117.0,0.0
130.04787245063937,118.0,0.0
130.04970704375998,119.0,0.0
130.0498350321024,120.0,0.0
130.05608631276536,121.0,0.0
130.0582675472975,122.0,0.0
130.05840729970225,123.0,0.0
130.0656221976049,124.0,0.0
130.0788534906787,123.0,0.0
130.08100465073287,124.0,0.0
130.1058489753736,125.0,0.0
130.10736962984734,126.0,0.0
130.11000689777362,127.0,0.0
130.12068004658582,128.0,0.0
130.12191500441077,127.0,0.0
130.12916886633846,128.0,0.0
130.12929307897215,127.0,0.0
130.13145606623553,126.0,0.0
130.13170245771124,127.0,0.0
130.14239652961714,126.0,0.0
130.15175823408686,127.0,0.0
130.15207374106592,126.0,0.0
130.15437705342282,127.0,0.0
130.15956883518044,128.0,0.0
130.16058985145543,129.0,0.0
130.16164518218366,128.0,0.0
130.17646220547422,129.0,0.0
130.1899875920309,130.0,0.0
130.1940914636298,131.0,0.0
130.1986715776962,132.0,0.0
130.20766322248636,133.0,0.0
130.21257710318568,134.0,0.0
130.21402565680114,135.0,0.0
130.22309628809998,134.0,0.0
130.22478269850862,135.0,0.0
130.23080492785377,136.0,0.0
130.23789788070619,135.0,0.0
130.24037422703117,134.0,0.0
130.24859941517454,133.0,0.0
130.25446894100276,132.0,0.0
130.2574481513556,133.0,0.0
130.2604434603415,132.0,0.0
130.26340227464243,133.0,0.0
130.263428527363,134.0,0.0
130.26412961525813,135.0,0.0
130.2699857254363,136.0,0.0
130.27246993517218,137.0,0.0
130.2817135153157,138.0,0.0
130.28287867719862,139.0,0.0
130.28583811546878,138.0,0.0
130.28923010857974,137.0,0.0
130.29747295780004,136.0,0.0
130.2991137798046,135.0,0.0
130.3031823592916,134.0,0.0
130.30886630517998,135.0,0.0
130.30984555332165,136.0,0.0
130.3116408116327,137.0,0.0
130.31336957623583,136.0,0.0
130.31542036745597,137.0,0.0
130.33039360534207,136.0,0.0
130.34173315080395,137.0,0.0
130.34324168994507,138.0,0.0
130.34522971629022,139.0,0.0
130.3462944669473,140.0,0.0
130.3482173257089,139.0,0.0
130.35193023828685,140.0,0.0
130.367882136313,141.0,0.0
130.38139614858275,142.0,0.0
130.3828128915191,141.0,0.0
130.38318561633338,142.0,0.0
130.38417912196368,141.0,0.0
130.39502520066156,142.0,0.0
130.39726319015145,141.0,0.0
130.39877821948352,142.0,0.0
130.4073102052277,143.0,0.0
130.41338722548824,142.0,0.0
130.41370079607466,141.0,0.0
130.41941645839245,140.0,0.0
130.42913365745954,139.0,0.0
130.43425003052164,138.0,0.0
130.44033204587436,139.0,0.0
130.44396569123842,138.0,0.0
130.45172887282908,139.0,0.0
130.45244114261894,138.0,0.0
130.46659676582104,137.0,0.0
130.4771846692381,138.0,0.0
130.47877179923842,139.0,0.0
130.4852718695566,138.0,0.0
130.48761868299766,137.0,0.0
130.48960291173208,136.0,0.0
130.49430247361084,135.0,0.0
130.49694525355406,134.0,0.0
130.49761778259085,133.0,0.0
130.5015840390458,134.0,0.0
130.50165905800628,135.0,0.0
130.50265156608359,134.0,0.0
130.5075605357749,133.0,0.0
130.51044749082388,134.0,0.0
130.51183915792583,135.0,0.0
130.5122407659751,134.0,0.0
130.51737857601623,135.0,0.0
130.52146144132794,136.0,0.0
130.52256936709716,135.0,0.0
130.5322132158277,134.0,0.0
130.53494981144593,135.0,0.0
130.54470161876736,136.0,0.0
130.5452429835554,137.0,0.0
130.55361975206395,138.0,0.0
130.55785675991544,139.0,0.0
130.56277343717997,140.0,0.0
130.56311427793904,141.0,0.0
130.56792796487102,140.0,0.0
130.57184620042963,139.0,0.0
130.5741685980371,140.0,0.0
130.58351813992581,139.0,0.0
130.58571706929828,138.0,0.0
130.59554595548036,139.0,0.0
130.59571567809866,140.0,0.0
130.6042358565487,139.0,0.0
130.60509549797675,138.0,0.0
130.60870048198788,139.0,0.0
130.6119200034836,140.0,0.0
130.6120614386263,141.0,0.0
130.62065932832544,142.0,0.0
130.62094233432705,143.0,0.0
130.62127999492725,144.0,0.0
130.62201429367227,145.0,0.0
130.62287482955804,146.0,0.0
130.62756381401937,147.0,0.0
130.62758098526513,148.0,0.0
130.63629385284477,147.0,0.0
130.63664951656912,148.0,0.0
130.63993926526396,149.0,0.0
130.64375802638688,150.0,0.0
130.64575410848235,151.0,0.0
130.64739454389482,152.0,0.0
130.65783655327857,153.0,0.0
130.67327726508933,152.0,0.0
130.67591078992947,153.0,0.0
130.67663586183184,154.0,0.0
130.68068006947814,153.0,0.0
130.68068408053307,152.0,0.0
130.69038635860554,153.0,0.0
130.69511993240368,152.0,0.0
130.6957782485062,153.0,0.0
130.70446573136354,154.0,0.0
130.71145298738824,153.0,0.0
130.71303165356366,152.0,0.0
130.71634869385525,153.0,0.0
130.71679440985093,152.0,0.0
130.73496668138932,151.0,0.0
130.73574468785256,152.0,0.0
130.74482878680587,153.0,0.0
130.7451925886628,154.0,0.0
130.74684475525703,155.0,0.0
130.75859236584043,154.0,0.0
130.7586079021031,155.0,0.0
130.76378182361924,154.0,0.0
130.76680258844965,155.0,0.0
130.771953544518,154.0,0.0
130.77803351068616,153.0,0.0
130.77884161167398,154.0,0.0
130.78070744368526,153.0,0.0
130.78752379272626,154.0,0.0
130.78865895580773,155.0,0.0
130.79275179234207,154.0,0.0
130.79701026949618,153.0,0.0
130.79978431136288,154.0,0.0
130.80023601829348,155.0,0.0
130.80240268923416,156.0,0.0
130.80701543471318,157.0,0.0
130.80715224911643,158.0,0.0
130.80725115448237,159.0,0.0
130.80888590454947,160.0,0.0
130.81326848995067,159.0,0.0
130.81868568102706,160.0,0.0
130.82441425589246,161.0,0.0
130.83754456860726,162.0,0.0
130.84625025284987,163.0,0.0
130.84855911636603,162.0,0.0
130.85255839427953,163.0,0.0
130.8528486283044,164.0,0.0
130.85431216512868,163.0,0.0
130.8570831481994,162.0,0.0
130.86296212067032,163.0,0.0
130.86611373053398,164.0,0.0
130.86702401161824,163.0,0.0
130.87493653117156,164.0,0.0
130.87830084106687,165.0,0.0
130.88536772225737,166.0,0.0
130.88733199389947,165.0,0.0
130.90108866070645,166.0,0.0
130.90455594070372,165.0,0.0
130.91376273338884,166.0,0.0
130.9146933776857,167.0,0.0
130.92060421097713,168.0,0.0
130.9236856970804,167.0,0.0
130.92431844105317,166.0,0.0
130.92600511761435,167.0,0.0
130.92716565586548,168.0,0.0
130.92934226447494,167.0,0.0
130.94656285889673,166.0,0.0
130.9549174277528,165.0,0.0
130.95758428710596,166.0,0.0
130.96503199928998,167.0,0.0
130.98354290104803,166.0,0.0
130.98921501328675,165.0,0.0
130.98961479631294,166.0,0.0
130.9916355040024,165.0,0.0
130.9987108873333,166.0,0.0
131.00102535810439,167.0,0.0
131.00132298890097,166.0,0.0
131.00388658782649,167.0,0.0
131.01744704850157,166.0,0.0
131.01844024776247,165.0,0.0
131.0234313928463,164.0,0.0
131.02768204572195,165.0,0.0
131.04187850032886,164.0,0.0
131.04645714441486,163.0,0.0
131.0518959962018,162.0,0.0
131.05283677854936,163.0,0.0
131.06587554669895,162.0,0.0
131.0741452248432,161.0,0.0
131.0768205726546,160.0,0.0
131.08261940162512,161.0,0.0
131.09281868175407,162.0,0.0
131.09309981116107,163.0,0.0
131.09823292751352,164.0,0.0
131.10295552647128,163.0,0.0
131.1038612502645,162.0,0.0
131.10434347973495,163.0,0.0
131.10768917555293,164.0,0.0
131.10994320875903,163.0,0.0
131.110326280503,162.0,0.0
131.11119256335837,161.0,0.0
131.11805438245435,162.0,0.0
131.12021624509867,163.0,0.0
131.14645010871547,162.0,0.0
131.15759486205837,161.0,0.0
131.15999862604278,160.0,0.0
131.16794684288848,161.0,0.0
131.16851890538183,162.0,0.0
131.17010667451638,163.0,0.0
131.17738626721555,164.0,0.0
131.18258340633992,165.0,0.0
131.1904040816749,164.0,0.0
131.19200883060546,163.0,0.0
131.19289210835527,162.0,0.0
131.19355794692993,163.0,0.0
131.20365861781664,162.0,0.0
131.21340647235797,161.0,0.0
131.21687729716527,160.0,0.0
131.2230943262986,161.0,0.0
131.22556101896325,160.0,0.0
131.22799227057774,161.0,0.0
131.22939511554182,162.0,0.0
131.23368035620777,161.0,0.0
131.23370158460864,160.0,0.0
131.23553536199012,161.0,0.0
131.2371893040369,160.0,0.0
131.24561937566708,161.0,0.0
131.25593022062003,160.0,0.0
131.25962361402765,159.0,0.0
131.26859393711322,158.0,0.0
131.28010956341535,157.0,0.0
131.2938416140787,158.0,0.0
131.2981877011714,159.0,0.0
131.29965404727685,160.0,0.0
131.30412366182063,161.0,0.0
131.3183143138488,162.0,0.0
131.32027336594936,161.0,0.0
131.32472285595054,160.0,0.0
131.32830852456436,159.0,0.0
131.33042304308304,160.0,0.0
131.3341455601222,161.0,0.0
131.3457501112905,162.0,0.0
131.3464443072687,163.0,0.0
131.35082900428182,162.0,0.0
131.35223812579227,163.0,0.0
131.35446593304204,162.0,0.0
131.356050991771,161.0,0.0
131.36164195878393,162.0,0.0
131.37109143740122,163.0,0.0
131.3764575937818,164.0,0.0
131.37726476067266,165.0,0.0
131.3801674731722,164.0,0.0
131.39001972367313,163.0,0.0
131.39326201702764,162.0,0.0
131.39586385548458,163.0,0.0
131.39731546152638,164.0,0.0
131.39976948803888,163.0,0.0
131.39995482615402,162.0,0.0
131.4007196506861,163.0,0.0
131.4037111212112,162.0,0.0
131.40608288976097,161.0,0.0
131.40705527603632,162.0,0.0
131.41044336928212,163.0,0.0
131.41112079651234,164.0,0.0
131.41452542743835,165.0,0.0
131.4205290789303,166.0,0.0
131.42085056472098,167.0,0.0
131.4221157864752,166.0,0.0
131.4246555221928,167.0,0.0
131.42527265040215,168.0,0.0
131.42706968111224,169.0,0.0
131.4345211270862,168.0,0.0
131.4356415142098,167.0,0.0
131.43571273183377,166.0,0.0
131.4428213708075,165.0,0.0
131.44408095153298,166.0,0.0
131.44668871493735,165.0,0.0
131.459742310697,164.0,0.0
131.46245620653337,165.0,0.0
131.4663955945691,166.0,0.0
131.47824928354666,167.0,0.0
131.4783008006353,168.0,0.0
131.48899569576554,169.0,0.0
131.49025642020044,170.0,0.0
131.49442863919504,171.0,0.0
131.50709169433736,172.0,0.0
131.51609584617938,173.0,0.0
131.51768937203556,172.0,0.0
131.52929449708063,171.0,0.0
131.52953631588775,172.0,0.0
131.538722152331,173.0,0.0
131.54334751820858,172.0,0.0
131.54723988265133,173.0,0.0
131.54734392967202,172.0,0.0
131.5474737981528,173.0,0.0
131.54837166602104,172.0,0.0
131.55131628500098,171.0,0.0
131.5521686941263,172.0,0.0
131.5592334211111,173.0,0.0
131.57110058719206,172.0,0.0
131.57814774700327,173.0,0.0
131.57848766797136,174.0,0.0
131.57925120765208,175.0,0.0
131.58717847078535,176.0,0.0
131.6000016615647,175.0,0.0
131.60336063199762,176.0,0.0
131.605960071037,177.0,0.0
131.61440793048834,178.0,0.0
131.6191150942221,177.0,0.0
131.61951871283443,178.0,0.0
131.6214138858702,179.0,0.0
131.62367781319293,180.0,0.0
131.631297251036,179.0,0.0
131.63160325837455,178.0,0.0
131.63226374928877,177.0,0.0
131.6385677652356,176.0,0.0
131.6427786654659,177.0,0.0
131.6428054905018,178.0,0.0
131.64618503218352,177.0,0.0
131.6476258665148,178.0,0.0
131.64834565378047,179.0,0.0
131.65461765870864,180.0,0.0
131.6569927855956,179.0,0.0
131.65961416943804,178.0,0.0
131.67263697937267,179.0,0.0
131.67375763721807,180.0,0.0
131.6745024482736,181.0,0.0
131.67600525193632,182.0,0.0
131.6771439041771,181.0,0.0
131.67808433952422,182.0,0.0
131.6780886063012,181.0,0.0
131.68057580420862,182.0,0.0
131.6838924449808,183.0,0.0
131.685506728118,184.0,0.0
131.69146378788295,185.0,0.0
131.69357558427615,184.0,0.0
131.69764100093838,183.0,0.0
131.69821734616198,182.0,0.0
131.7025866527511,183.0,0.0
131.70318053643496,182.0,0.0
131.70502140509072,181.0,0.0
131.70526859692754,180.0,0.0
131.7094383575328,181.0,0.0
131.7098469909588,180.0,0.0
131.7125643393993,179.0,0.0
131.71268396133283,180.0,0.0
131.71936963720586,179.0,0.0
131.74440364490894,178.0,0.0
131.74859402979303,177.0,0.0
131.7491312394425,176.0,0.0
131.75271842280912,175.0,0.0
131.75526073561326,176.0,0.0
131.77482528503393,177.0,0.0
131.77891548673068,176.0,0.0
131.78174595328323,177.0,0.0
131.78337677948494,176.0,0.0
131.78553239723928,175.0,0.0
131.79013645924132,174.0,0.0
131.79307276998387,175.0,0.0
131.79499177261144,174.0,0.0
131.79731773847206,173.0,0.0
131.79861518147257,174.0,0.0
131.79897064376718,173.0,0.0
131.79969474101128,174.0,0.0
131.8032527283238,173.0,0.0
131.8074300705966,172.0,0.0
131.81486670972652,171.0,0.0
131.8207166324035,172.0,0.0
131.82767565236156,171.0,0.0
131.83032199897738,170.0,0.0
131.8310691724322,171.0,0.0
131.8322861705437,172.0,0.0
131.84367182635773,171.0,0.0
131.84513384536106,172.0,0.0
131.8457176896604,171.0,0.0
131.84575448456488,170.0,0.0
131.84607935272004,171.0,0.0
131.84726181066836,170.0,0.0
131.84837969124067,169.0,0.0
131.84960470934828,170.0,0.0
131.85009328359828,169.0,0.0
131.8516810059428,168.0,0.0
131.8528537990694,167.0,0.0
131.85365034229838,166.0,0.0
131.85480701003553,167.0,0.0
131.85782716971786,166.0,0.0
131.86056619505422,165.0,0.0
131.87027812051693,166.0,0.0
131.8872658100175,165.0,0.0
131.8880708939785,164.0,0.0
131.89494259196343,165.0,0.0
131.89972388611218,164.0,0.0
131.90031837764005,165.0,0.0
131.90135649654664,166.0,0.0
131.90937180947952,167.0,0.0
131.9140066607109,168.0,0.0
131.9154641436719,169.0,0.0
131.92776279644005,168.0,0.0
131.93100467888203,167.0,0.0
131.94807573062505,166.0,0.0
131.9520327968635,167.0,0.0
131.95664678101008,168.0,0.0
131.95823595339348,169.0,0.0
131.96039682261068,170.0,0.0
131.96351402246245,169.0,0.0
131.96751020132461,170.0,0.0
131.96824533755023,171.0,0.0
131.96858513653768,172.0,0.0
131.96975038165203,171.0,0.0
131.97496842039337,170.0,0.0
131.98393116395627,169.0,0.0
131.98414371779043,168.0,0.0
131.98420077872214,167.0,0.0
131.98445304667706,166.0,0.0
131.98505039101988,165.0,0.0
131.9891610708074,164.0,0.0
131.99046786727425,163.0,0.0
131.99565182453517,164.0,0.0
131.9975641839962,163.0,0.0
131.99863453043977,162.0,0.0
132.0172506718304,163.0,0.0
132.0197417890779,162.0,0.0
132.02176746057788,161.0,0.0
132.02772619555836,160.0,0.0
132.02816508239266,159.0,0.0
132.03201971411124,158.0,0.0
132.03221573513287,157.0,0.0
132.0329203834663,156.0,0.0
132.03723034088685,155.0,0.0
132.04228465593445,156.0,0.0
132.04519326005789,155.0,0.0
132.05217484538343,154.0,0.0
132.057626332952,153.0,0.0
132.0577482200389,154.0,0.0
132.06852589991402,153.0,0.0
132.0704726565711,154.0,0.0
132.074101561319,155.0,0.0
132.0845249188154,154.0,0.0
132.08684508270028,153.0,0.0
132.09099453884724,154.0,0.0
132.09306716676213,153.0,0.0
132.1007640122797,154.0,0.0
132.11097700956583,155.0,0.0
132.11183494346253,156.0,0.0
132.11740356969065,155.0,0.0
132.1415583681665,156.0,0.0
132.14528739493295,157.0,0.0
132.15041176234584,156.0,0.0
132.15678371040062,155.0,0.0
132.16276465029142,156.0,0.0
132.16948223818062,157.0,0.0
132.17450564183466,156.0,0.0
132.17565564193484,157.0,0.0
132.1763787389115,158.0,0.0
132.17870220021004,157.0,0.0
132.18979156209033,158.0,0.0
132.19825191578386,159.0,0.0
132.20456499979784,160.0,0.0
132.20830242269585,159.0,0.0
132.21390702672204,160.0,0.0
132.221352546543,161.0,0.0
132.23266441282058,160.0,0.0
132.23467599367268,161.0,0.0
132.2364889501949,160.0,0.0
132.241525261575,159.0,0.0
132.24262964063294,158.0,0.0
132.24690909061053,157.0,0.0
132.24819588122227,158.0,0.0
132.25433169314195,159.0,0.0
132.26610347294002,158.0,0.0
132.276256579845,159.0,0.0
132.27803707498543,158.0,0.0
132.28773575097674,157.0,0.0
132.29729888221803,158.0,0.0
132.30282305546163,157.0,0.0
132.30291451198624,156.0,0.0
132.30837631143186,155.0,0.0
132.30848008944545,156.0,0.0
132.31238733528278,155.0,0.0
132.31384100034504,156.0,0.0
132.31469580590542,155.0,0.0
132.32422331550453,156.0,0.0
132.32909363995233,155.0,0.0
132.33220430800367,156.0,0.0
132.3375339251401,155.0,0.0
132.34276165408525,156.0,0.0
132.34411431438062,155.0,0.0
132.34504769547902,156.0,0.0
132.3485959904527,155.0,0.0
132.3587385698876,156.0,0.0
132.38408569554497,155.0,0.0
132.39271905937778,156.0,0.0
132.40942727577035,157.0,0.0
132.41247054755988,158.0,0.0
132.4140540335572,159.0,0.0
132.41419438735034,160.0,0.0
132.4160581157388,159.0,0.0
132.41724723341378,158.0,0.0
132.4208661790286,157.0,0.0
132.4353546760966,156.0,0.0
132.4364037418274,157.0,0.0
132.4428757822169,158.0,0.0
132.4441203753259,157.0,0.0
132.4480290925972,156.0,0.0
132.45785765158544,157.0,0.0
132.46029091354345,156.0,0.0
132.46219804547073,155.0,0.0
132.46349673814981,156.0,0.0
132.46688685838035,155.0,0.0
132.47006882491215,154.0,0.0
132.47015447169377,153.0,0.0
132.47520985239612,152.0,0.0
132.47660547328138,153.0,0.0
132.4769538974963,152.0,0.0
132.48160097644072,151.0,0.0
132.48555490156855,152.0,0.0
132.49092183361952,151.0,0.0
132.49792964095272,150.0,0.0
132.50012606911733,149.0,0.0
132.5059010122622,148.0,0.0
132.5130277148492,147.0,0.0
132.52687094706286,146.0,0.0
132.54041215696077,145.0,0.0
132.54287800281782,144.0,0.0
132.54453618622279,145.0,0.0
132.54466820638527,146.0,0.0
132.54757500815646,147.0,0.0
132.55170008155685,146.0,0.0
132.55340350122148,145.0,0.0
132.55518043915902,146.0,0.0
132.5565220955383,147.0,0.0
132.5590535936089,146.0,0.0
132.55985567044104,145.0,0.0
132.5608964737239,146.0,0.0
132.56203085062762,147.0,0.0
132.56785772525916,148.0,0.0
132.57492994567087,147.0,0.0
132.58172425882162,148.0,0.0
132.5998984536936,149.0,0.0
132.61833738017975,148.0,0.0
132.6214921548868,149.0,0.0
132.6381922911847,148.0,0.0
132.65335338879032,147.0,0.0
132.66188000104313,146.0,0.0
132.6635457575507,147.0,0.0
132.66392938228083,148.0,0.0
132.67148769119015,147.0,0.0
132.6771319324455,148.0,0.0
132.67782294654384,147.0,0.0
132.68138780405275,148.0,0.0
132.68479188626566,147.0,0.0
132.69211364103887,148.0,0.0
132.69436225280393,147.0,0.0
132.69494876223027,148.0,0.0
132.71107649335178,147.0,0.0
132.71219075585944,146.0,0.0
132.71634377513544,147.0,0.0
132.7176726449894,146.0,0.0
132.7191655027808,145.0,0.0
132.7210099291298,146.0,0.0
132.72176011564582,147.0,0.0
132.72751967526466,148.0,0.0
132.73498442961733,149.0,0.0
132.73762005673476,148.0,0.0
132.7450579361312,149.0,0.0
132.77092441769682,148.0,0.0
132.77164580330538,147.0,0.0
132.7751787977887,148.0,0.0
132.77789799041105,147.0,0.0
132.7795917883184,148.0,0.0
132.78694499017908,147.0,0.0
132.78808482542934,148.0,0.0
132.80114543295267,149.0,0.0
132.8063939107532,148.0,0.0
132.82713498331685,147.0,0.0
132.83928800318867,148.0,0.0
132.84102342691472,149.0,0.0
132.84309791498407,148.0,0.0
132.84733831999452,147.0,0.0
132.8485695920561,146.0,0.0
132.85444022535702,145.0,0.0
132.8620513342325,144.0,0.0
132.86423445778982,145.0,0.0
132.86553487651844,144.0,0.0
132.8751413641744,145.0,0.0
132.8798399302213,146.0,0.0
132.88368002501502,147.0,0.0
132.89730222785727,148.0,0.0
132.90221030619045,149.0,0.0
132.90611249252566,148.0,0.0
132.9099497015457,147.0,0.0
132.9195791683992,148.0,0.0
132.9207586300575,149.0,0.0
132.92531290393697,148.0,0.0
132.92772214431903,147.0,0.0
132.93071531713335,146.0,0.0
132.95731627042636,145.0,0.0
132.9603906575174,146.0,0.0
132.96776563210997,147.0,0.0
132.96923345872435,146.0,0.0
132.9787486754688,145.0,0.0
132.9906198030268,144.0,0.0
132.99669907563703,145.0,0.0
132.99727746708027,146.0,0.0
133.00046387530952,145.0,0.0
133.00052159862167,146.0,0.0
133.00218967970466,145.0,0.0
133.0047703624801,144.0,0.0
133.0169008270512,145.0,0.0
133.0284253428877,144.0,0.0
133.0289106834112,143.0,0.0
133.02935988710956,142.0,0.0
133.03204605895394,143.0,0.0
133.0335200371399,144.0,0.0
133.03869253235507,143.0,0.0
133.05090645642457,142.0,0.0
133.05508618240447,143.0,0.0
133.05704789883762,144.0,0.0
133.0608746684192,145.0,0.0
133.07023750500957,146.0,0.0
133.071373194359,145.0,0.0
133.09366316693112,144.0,0.0
133.09998175590408,143.0,0.0
133.1060347322144,144.0,0.0
133.10993598412236,143.0,0.0
133.13177342317374,142.0,0.0
133.14038549853774,143.0,0.0
133.15467053701164,144.0,0.0
133.15953987520854,143.0,0.0
133.16091151530492,144.0,0.0
133.16283359631623,143.0,0.0
133.1632312077043,144.0,0.0
133.1727278846035,145.0,0.0
133.17451960426507,146.0,0.0
133.19183659269217,145.0,0.0
133.19389054255504,146.0,0.0
133.21765121080728,145.0,0.0
133.21915076534117,144.0,0.0
133.23040539435044,145.0,0.0
133.2345300836915,146.0,0.0
133.23603521593213,147.0,0.0
133.24482581630178,148.0,0.0
133.25342194981408,149.0,0.0
133.26278208495376,150.0,0.0
133.26657702848178,149.0,0.0
133.29784969822842,148.0,0.0
133.30146074960734,149.0,0.0
133.3057193559657,150.0,0.0
133.31447496835938,151.0,0.0
133.3171783218168,150.0,0.0
133.32236559910646,149.0,0.0
133.33075476692898,148.0,0.0
133.33786361973355,147.0,0.0
133.34411571042492,148.0,0.0
133.34760612195396,149.0,0.0
133.36098039095037,150.0,0.0
133.3624273868896,149.0,0.0
133.37162510101504,150.0,0.0
133.3719445007577,149.0,0.0
133.37468697035524,148.0,0.0
133.37482685416606,147.0,0.0
133.3790009543942,148.0,0.0
133.38892896437557,147.0,0.0
133.39175895997417,146.0,0.0
133.40128170134858,147.0,0.0
133.40170422845006,148.0,0.0
133.40499125003055,147.0,0.0
133.40855773684075,146.0,0.0
133.4092375963433,147.0,0.0
133.4094840978641,146.0,0.0
133.4095972956522,145.0,0.0
133.41013688552374,146.0,0.0
133.41361396066665,147.0,0.0
133.4162166093277,148.0,0.0
133.4198658508247,149.0,0.0
133.42435657626956,150.0,0.0
133.42487143339585,149.0,0.0
133.4259254259234,148.0,0.0
133.42913501447632,149.0,0.0
133.42932396251092,150.0,0.0
133.43523553016,149.0,0.0
133.43879370903656,148.0,0.0
133.43891310230595,147.0,0.0
133.4431955558908,146.0,0.0
133.45458132931938,147.0,0.0
133.4547515757284,148.0,0.0
133.46853806656816,147.0,0.0
133.46879942922888,146.0,0.0
133.47107582931437,145.0,0.0
133.47699743744687,146.0,0.0
133.48012225401547,147.0,0.0
133.48442776604844,146.0,0.0
133.48695449030745,145.0,0.0
133.4902306963488,146.0,0.0
133.49139600753625,145.0,0.0
133.49792573107598,146.0,0.0
133.50387725929156,145.0,0.0
133.50820860783372,144.0,0.0
133.51313163495576,143.0,0.0
133.5232511125288,144.0,0.0
133.53712466534844,143.0,0.0
133.53869946155248,142.0,0.0
133.54363722809146,141.0,0.0
133.56296861632336,142.0,0.0
133.56933666295407,141.0,0.0
133.58434513006742,140.0,0.0
133.58824490263615,141.0,0.0
133.5899813262246,142.0,0.0
133.59554855761502,143.0,0.0
133.5956186227401,144.0,0.0
133.59821121553085,143.0,0.0
133.59885495333268,142.0,0.0
133.60277198380535,141.0,0.0
133.6329768444091,142.0,0.0
133.63828295295502,143.0,0.0
133.6454391359083,142.0,0.0
133.64938265885058,141.0,0.0
133.65309509176106,140.0,0.0
133.6584305236297,139.0,0.0
133.65994494696676,138.0,0.0
133.66412975509132,139.0,0.0
133.66677171908609,138.0,0.0
133.67189431370034,139.0,0.0
133.67836566863656,140.0,0.0
133.68855667474708,139.0,0.0
133.69402810193074,140.0,0.0
133.70079343117936,141.0,0.0
133.70699313693933,140.0,0.0
133.73405398903876,141.0,0.0
133.75102676401255,142.0,0.0
133.7541960545454,143.0,0.0
133.75775473759757,144.0,0.0
133.75981729813597,143.0,0.0
133.76820156089786,144.0,0.0
133.77801083174586,143.0,0.0
133.8038805744615,142.0,0.0
133.8063658536339,141.0,0.0
133.8145297382752,140.0,0.0
133.81778367904025,139.0,0.0
133.81806056829686,140.0,0.0
133.82120396813835,141.0,0.0
133.8244082169337,140.0,0.0
133.84421501805656,139.0,0.0
133.84521435767593,138.0,0.0
133.84917344468445,137.0,0.0
133.85034378841002,136.0,0.0
133.8507808842477,135.0,0.0
133.86568223901543,134.0,0.0
133.86881641857528,135.0,0.0
133.87268901577906,134.0,0.0
133.87840764357856,135.0,0.0
133.88202762860007,134.0,0.0
133.88569418556006,133.0,0.0
133.89334486911025,132.0,0.0
133.89754635327677,131.0,0.0
133.89876377514125,132.0,0.0
133.90159667895995,133.0,0.0
133.9018939757886,132.0,0.0
133.91400731101797,133.0,0.0
133.91582529840878,134.0,0.0
133.92137018593962,135.0,0.0
133.92274218705333,136.0,0.0
133.92333591249354,135.0,0.0
133.92610617439652,134.0,0.0
133.93699850375623,135.0,0.0
133.9431558252008,134.0,0.0
133.94375338431414,133.0,0.0
133.95014335919143,132.0,0.0
133.95226951117004,133.0,0.0
133.95446419388077,134.0,0.0
133.95988663180665,135.0,0.0
133.963224894252,134.0,0.0
133.97531812849283,135.0,0.0
133.97981543839677,134.0,0.0
133.98684925999171,133.0,0.0
133.99055337212312,134.0,0.0
133.9921453738279,133.0,0.0
134.0099312989157,132.0,0.0
134.01151120905945,133.0,0.0
134.01163333655907,134.0,0.0
134.02105211910248,135.0,0.0
134.0253986416899,136.0,0.0
134.02802610295603,135.0,0.0
134.030332353767,136.0,0.0
134.03542738179956,135.0,0.0
134.03776088819913,134.0,0.0
134.0428344317651,133.0,0.0
134.0509313639293,132.0,0.0
134.05538482383864,131.0,0.0
134.06633648485783,130.0,0.0
134.0689278983994,129.0,0.0
134.06915584650645,128.0,0.0
134.08457516751477,127.0,0.0
134.089202534747,126.0,0.0
134.0927111382602,127.0,0.0
134.09398225155138,128.0,0.0
134.10284617588766,127.0,0.0
134.104065554326,128.0,0.0
134.10442391220184,127.0,0.0
134.10576733756977,128.0,0.0
134.11038233437557,127.0,0.0
134.1192878483116,126.0,0.0
134.12440374673065,125.0,0.0
134.12794022093058,124.0,0.0
134.1314110895837,125.0,0.0
134.13646629972058,126.0,0.0
134.13836808812465,125.0,0.0
134.1483572559255,124.0,0.0
134.14981223669716,123.0,0.0
134.15561259599315,122.0,0.0
134.1576838530925,121.0,0.0
134.15925793994228,120.0,0.0
134.1609265675958,119.0,0.0
134.1643798092041,118.0,0.0
134.17777454523699,117.0,0.0
134.17887041961356,116.0,0.0
134.18302022128807,115.0,0.0
134.18738026775208,114.0,0.0
134.19557787149319,115.0,0.0
134.21108668317606,116.0,0.0
134.22028938724307,115.0,0.0
134.22451500417853,116.0,0.0
134.22974937344782,115.0,0.0
134.23710533391494,114.0,0.0
134.2386853740595,115.0,0.0
134.24139396843617,116.0,0.0
134.25205402013245,117.0,0.0
134.25773707925003,116.0,0.0
134.27470612548606,115.0,0.0
134.27472747356822,114.0,0.0
134.28157968145715,113.0,0.0
134.2843123844526,112.0,0.0
134.28666136973916,111.0,0.0
134.28848042929732,112.0,0.0
134.29265505623218,111.0,0.0
134.29726658111147,112.0,0.0
134.29883096549304,113.0,0.0
134.3060384528328,112.0,0.0
134.32289635240573,111.0,0.0
134.3315927788535,110.0,0.0
134.36108577388302,109.0,0.0
134.37206703318213,110.0,0.0
134.375993007579,109.0,0.0
134.3819927981504,110.0,0.0
134.38461969785934,109.0,0.0
134.38472012470075,110.0,0.0
134.38859628237816,109.0,0.0
134.3944055354697,108.0,0.0
134.39805490515064,107.0,0.0
134.40878538515193,108.0,0.0
134.41418126929418,107.0,0.0
134.41535238845847,106.0,0.0
134.41890054174365,107.0,0.0
134.42155124671484,108.0,0.0
134.42304535941992,107.0,0.0
134.4233210110838,106.0,0.0
134.42586066820135,105.0,0.0
134.4324451089413,106.0,0.0
134.4331715993139,105.0,0.0
134.43823567377,104.0,0.0
134.44239562238997,103.0,0.0
134.44336554418413,102.0,0.0
134.44584569989527,101.0,0.0
134.44696006482437,100.0,0.0
134.45000716096706,101.0,0.0
134.45312037860052,100.0,0.0
134.4624192964426,99.0,0.0
134.46585758588174,98.0,0.0
134.472722531049,97.0,0.0
134.47359350722593,98.0,0.0
134.47953174347748,97.0,0.0
134.4797252215838,98.0,0.0
134.48263739410922,97.0,0.0
134.48430881104446,98.0,0.0
134.49120396554207,99.0,0.0
134.49688644459866,98.0,0.0
134.50106692870895,99.0,0.0
134.50340967105706,100.0,0.0
134.50674483626798,99.0,0.0
134.50789292812564,100.0,0.0
134.50876497536274,99.0,0.0
134.50908822420504,100.0,0.0
134.5093119794562,101.0,0.0
134.51481828088774,100.0,0.0
134.5150136171473,101.0,0.0
134.5366877365743,100.0,0.0
134.54325478880844,101.0,0.0
134.54794465126506,100.0,0.0
134.55628404491478,99.0,0.0
134.55872978812556,98.0,0.0
134.5655008596921,97.0,0.0
134.56747295045304,96.0,0.0
134.57029229735946,95.0,0.0
134.57135769863373,96.0,0.0
134.57155562454668,95.0,0.0
134.5739162772321,96.0,0.0
134.58383516347106,95.0,0.0
134.58957186372177,94.0,0.0
134.59549502978626,93.0,0.0
134.61044259974378,94.0,0.0
134.621659008961,93.0,0.0
134.63147350360632,92.0,0.0
134.6345263296272,91.0,0.0
134.63479900439856,90.0,0.0
134.63607315590383,91.0,0.0
134.6467729943175,92.0,0.0
134.65692640071097,93.0,0.0
134.6593447236505,92.0,0.0
134.66383982437154,91.0,0.0
134.6844793027673,90.0,0.0
134.6850578043045,89.0,0.0
134.69350706074113,88.0,0.0
134.69472601806743,89.0,0.0
134.6954653576001,88.0,0.0
134.70207280166883,87.0,0.0
134.7064247610382,88.0,0.0
134.7075400686831,87.0,0.0
134.7360322317579,88.0,0.0
134.73897388758752,89.0,0.0
134.7408522385374,90.0,0.0
134.74719608367815,91.0,0.0
134.74869213534873,90.0,0.0
134.77088933611898,89.0,0.0
134.77144624265108,88.0,0.0
134.78416550108767,89.0,0.0
134.78555968363918,88.0,0.0
134.78604737790926,89.0,0.0
134.79352793420398,88.0,0.0
134.7943476699449,89.0,0.0
134.79658944306757,90.0,0.0
134.80621675746866,89.0,0.0
134.81877823848777,88.0,0.0
134.83807070478423,87.0,0.0
134.8429642594012,86.0,0.0
134.85775728209038,85.0,0.0
134.86308718910368,84.0,0.0
134.867883143026,85.0,0.0
134.89071477530817,84.0,0.0
134.8962380074875,83.0,0.0
134.90056279815386,82.0,0.0
134.90747317123206,81.0,0.0
134.9108244178249,80.0,0.0
134.9198677281268,79.0,0.0
134.94022961056223,78.0,0.0
134.94108355811647,77.0,0.0
134.9524464077857,76.0,0.0
134.9526241158105,75.0,0.0
134.97191112351797,74.0,0.0
134.98068493791328,73.0,0.0
134.99184979074815,72.0,0.0
135.01043803682725,73.0,0.0
135.0132337229814,72.0,0.0
135.02753046938435,73.0,0.0
135.0285782700335,72.0,0.0
135.03305259630116,73.0,0.0
135.03630575232506,74.0,0.0
135.04225861210278,75.0,0.0
135.0502384110058,74.0,0.0
135.05589096785556,75.0,0.0
135.0612301334506,74.0,0.0
135.07919121887142,73.0,0.0
135.0817682908574,72.0,0.0
135.08276263675933,73.0,0.0
135.08970313488624,74.0,0.0
135.09551749728234,75.0,0.0
135.09608273769365,74.0,0.0
135.11100101027546,73.0,0.0
135.13617837818097,72.0,0.0
135.1420226600704,71.0,0.0
135.14498904460865,72.0,0.0
135.1455576217495,73.0,0.0
135.1472733191038,72.0,0.0
135.14878879172707,71.0,0.0
135.15420040748177,72.0,0.0
135.1596747449093,71.0,0.0
135.1603503866793,70.0,0.0
135.1624848257665,69.0,0.0
135.16745471344194,68.0,0.0
135.1767908731987,69.0,0.0
135.18577483826985,68.0,0.0
135.18982907203272,69.0,0.0
135.19345366588007,70.0,0.0
135.1963464385073,69.0,0.0
135.2009282238879,70.0,0.0
135.20626121546718,71.0,0.0
135.207108558153,70.0,0.0
135.2083066810112,69.0,0.0
135.217524313781,68.0,0.0
135.21889776447856,67.0,0.0
135.2193037052512,66.0,0.0
135.24463535180033,65.0,0.0
135.25655648419882,66.0,0.0
135.25825630207652,65.0,0.0
135.27416313918985,64.0,0.0
135.28351660247026,65.0,0.0
135.3027487573886,66.0,0.0
135.30566449110228,65.0,0.0
135.32092282818832,64.0,0.0
135.33594686368758,63.0,0.0
135.3588760618574,62.0,0.0
135.3598917093984,61.0,0.0
135.36647472075248,62.0,0.0
135.3705393100898,63.0,0.0
135.37352735469707,62.0,0.0
135.382252412394,61.0,0.0
135.38286951279724,60.0,0.0
135.39084945047378,61.0,0.0
135.392766493935,62.0,0.0
135.39288635749426,61.0,0.0
135.39890370829758,62.0,0.0
135.4026901579749,61.0,0.0
135.4223973962349,60.0,0.0
135.4322927566737,59.0,0.0
135.43617049146917,60.0,0.0
135.4378937340179,59.0,0.0
135.44955750624626,58.0,0.0
135.45009109730745,57.0,0.0
135.45019950745206,56.0,0.0
135.45303811340742,55.0,0.0
135.453042100693,54.0,0.0
135.45439887837074,53.0,0.0
135.46370390124662,52.0,0.0
135.46584235801436,53.0,0.0
135.47214981177976,54.0,0.0
135.47232297447147,53.0,0.0
135.4767602777335,52.0,0.0
135.4804033167989,53.0,0.0
135.48629115717824,54.0,0.0
135.50116770943524,55.0,0.0
135.52825528974645,56.0,0.0
135.5292087971347,55.0,0.0
135.53168672363344,54.0,0.0
135.5429744828442,53.0,0.0
135.54499585929565,52.0,0.0
135.56267829707474,51.0,0.0
135.56536031956816,50.0,0.0
135.5746050635542,49.0,0.0
135.58035586525912,50.0,0.0
135.58514128718707,49.0,0.0
135.5859922827525,50.0,0.0
135.5912029229565,49.0,0.0
135.59145158947246,50.0,0.0
135.59264220325915,49.0,0.0
135.59327512128579,48.0,0.0
135.631818979502,47.0,0.0
135.6324420264103,48.0,0.0
135.64003476226742,49.0,0.0
135.64139247829883,50.0,0.0
135.64364608961506,51.0,0.0
135.6498594423335,50.0,0.0
135.64997042906396,51.0,0.0
135.65831360196248,50.0,0.0
135.66065623418385,51.0,0.0
135.66915891749656,50.0,0.0
135.67414280529525,49.0,0.0
135.67488746457573,48.0,0.0
135.68212348847234,47.0,0.0
135.6861057329765,46.0,0.0
135.6877275327659,45.0,0.0
135.68874415615488,46.0,0.0
135.702576177005,45.0,0.0
135.72688733180962,44.0,0.0
135.73770248664687,43.0,0.0
135.74029494821028,42.0,0.0
135.78621754975703,43.0,0.0
135.7918568360928,44.0,0.0
135.80488851122982,43.0,0.0
135.82185623954084,42.0,0.0
135.8250890266344,43.0,0.0
135.8251313904079,42.0,0.0
135.85676560673278,43.0,0.0
135.85703634008397,42.0,0.0
135.85864752612326,41.0,0.0
135.87553046260817,40.0,0.0
135.87787441444414,39.0,0.0
135.88285236207173,38.0,0.0
135.89955334191578,37.0,0.0
135.9050419286519,38.0,0.0
135.9085681809714,37.0,0.0
135.9144146674456,38.0,0.0
135.9256012994747,37.0,0.0
135.96075883565044,38.0,0.0
135.96178371147445,39.0,0.0
135.96749312021132,40.0,0.0
135.98386568176866,39.0,0.0
135.9852662463264,40.0,0.0
135.98786126755448,39.0,0.0
135.9953166765253,38.0,0.0
136.0014624614789,39.0,0.0
136.00196397658218,38.0,0.0
136.0054283374854,39.0,0.0
136.02167045097912,40.0,0.0
136.0222081635055,41.0,0.0
136.0363701099446,42.0,0.0
136.04521424538854,43.0,0.0
136.05575648134052,42.0,0.0
136.05755008251538,43.0,0.0
136.06451356589164,42.0,0.0
136.06855693024372,41.0,0.0
136.07719595189988,40.0,0.0
136.08032812458285,39.0,0.0
136.1019025795799,40.0,0.0
136.10681990962354,39.0,0.0
136.10770077407105,38.0,0.0
136.1143808251192,37.0,0.0
136.12032639215354,38.0,0.0
136.1299802150876,39.0,0.0
136.13057821117306,38.0,0.0
136.13480134744225,37.0,0.0
136.14450181283075,36.0,0.0
136.15927652870448,35.0,0.0
136.16095022642364,34.0,0.0
136.16926346920354,33.0,0.0
136.16987324273623,32.0,0.0
136.20965227878065,31.0,0.0
136.21089488002275,32.0,0.0
136.2189000983632,33.0,0.0
136.2228307429737,32.0,0.0
136.22488396425143,31.0,0.0
136.23530779778358,32.0,0.0
136.24206854187543,31.0,0.0
136.24309378023213,32.0,0.0
136.24531565391723,33.0,0.0
136.2547365036712,32.0,0.0
136.26891301429666,31.0,0.0
136.2701732529855,30.0,0.0
136.2854897280646,31.0,0.0
136.28655444204117,32.0,0.0
136.29541072921464,33.0,0.0
136.30191869012646,32.0,0.0
136.30216696280993,31.0,0.0
136.3138331168298,30.0,0.0
136.345577291805,29.0,0.0
136.346007621838,28.0,0.0
136.35321566769278,29.0,0.0
136.35438283575212,30.0,0.0
136.3660024078488,29.0,0.0
136.3970091272363,28.0,0.0
136.4023426656177,27.0,0.0
136.40586135288305,26.0,0.0
136.40607984256843,27.0,0.0
136.40880667792263,26.0,0.0
136.4196099053966,25.0,0.0
136.4339918927752,24.0,0.0
136.44544373103886,23.0,0.0
136.44618749996903,24.0,0.0
136.45374346124242,23.0,0.0
136.46449987936523,22.0,0.0
136.47309222601302,23.0,0.0
136.47848197714526,22.0,0.0
136.48031977343967,23.0,0.0
136.49612160749902,24.0,0.0
136.51362393865452,25.0,0.0
136.52046324991937,26.0,0.0
136.537216678686,25.0,0.0
136.54008739324814,24.0,0.0
136.56197172783726,23.0,0.0
136.56836345545656,22.0,0.0
136.57342798025934,21.0,0.0
136.59009886111133,20.0,0.0
136.60241771725165,19.0,0.0
136.60291708690363,18.0,0.0
136.6091005028699,17.0,0.0
136.61015222606667,16.0,0.0
136.6194406903207,17.0,0.0
136.62100519321837,16.0,0.0
136.64177351790192,15.0,0.0
136.6444095223587,14.0,0.0
136.65172955367137,13.0,0.0
136.65534175723474,14.0,0.0
136.67000637010142,13.0,0.0
136.67393820643304,12.0,0.0
136.6951628791686,13.0,0.0
136.70506652300202,12.0,0.0
136.7184891535534,11.0,0.0
136.73013190382034,10.0,0.0
136.73600613122144,9.0,0.0
136.74069104214004,10.0,0.0
136.74401359474135,9.0,0.0
136.74764670019215,10.0,0.0
136.75042891145,9.0,0.0
136.75138139778838,8.0,0.0
136.77100262556087,7.0,0.0
136.77117314370852,6.0,0.0
136.78363275787262,5.0,0.0
136.78860343636896,4.0,0.0
136.79734337117685,3.0,0.0
136.80347033094534,2.0,0.0
136.80427288278852,1.0,0.0
136.81019916007153,0.0,0.0
136.8680886888442,1.0,0.0
136.8850527116892,0.0,0.0
136.92739389292944,1.0,0.0
136.92858656592074,0.0,0.0
136.93218663564954,1.0,0.0
136.93577657659247,2.0,0.0
136.9501666925598,1.0,0.0
136.950423814262,0.0,0.0
136.95234361455778,1.0,0.0
136.95253456235457,2.0,0.0
136.95653338953673,3.0,0.0
136.99471696317977,2.0,0.0
137.0077364332231,3.0,0.0
137.01187871110938,4.0,0.0
137.01819466495485,5.0,0.0
137.03246773913366,4.0,0.0
137.03400564321015,5.0,0.0
137.0372146616166,4.0,0.0
137.04200196844164,5.0,0.0
137.0434772245737,4.0,0.0
137.04466332544513,3.0,0.0
137.0483132029451,2.0,0.0
137.0764220483827,3.0,0.0
137.08620316254647,4.0,0.0
137.08782874235018,3.0,0.0
137.09750466784544,2.0,0.0
137.10823208328722,1.0,0.0
137.1152150229981,0.0,0.0
137.11940784745798,1.0,0.0
137.1218935791316,0.0,0.0
137.12367506296917,1.0,0.0
137.14157306047514,2.0,0.0
137.14878284524607,1.0,0.0
137.1688888960523,2.0,0.0
137.17412490028,1.0,0.0
137.18466830766752,2.0,0.0
137.18662656322533,1.0,0.0
137.19185743492835,2.0,0.0
137.20864748090955,3.0,0.0
137.22172554378776,2.0,0.0
137.22678874369464,3.0,0.0
137.229530423517,4.0,0.0
137.23338638532954,3.0,0.0
137.23761402240604,4.0,0.0
137.25991668181803,3.0,0.0
137.2815354754968,4.0,0.0
137.28763902605206,3.0,0.0
137.29022163352454,2.0,0.0
137.29230581926495,1.0,0.0
137.30221569524693,0.0,0.0
137.31797577430356,1.0,0.0
137.32855637509104,0.0,0.0
137.44158925070948,1.0,0.0
137.46042710307782,0.0,0.0
137.52023464268197,1.0,0.0
137.5387003197504,0.0,0.0
137.58360957734791,1.0,0.0
137.6138868301759,2.0,0.0
137.62946495204568,1.0,0.0
137.63131602513474,0.0,0.0
137.64202442242419,1.0,0.0
137.64496437068865,0.0,0.0
137.67737384739053,1.0,0.0
137.68707496178217,2.0,0.0
137.68865419513642,1.0,0.0
137.69355042644324,0.0,0.0
137.70124926945093,1.0,0.0
137.70970818523395,2.0,0.0
137.74115909988313,1.0,0.0
137.7969118563227,2.0,0.0
137.81381647162218,3.0,0.0
137.82216879344992,2.0,0.0
137.83818952109579,1.0,0.0
137.85047139727698,0.0,0.0
137.87472019913488,1.0,0.0
137.89799845536677,2.0,0.0
137.89905042814735,1.0,0.0
137.89956993106267,0.0,0.0
137.90742701352434,1.0,0.0
137.91810251461703,2.0,0.0
137.91845873035928,1.0,0.0
137.92073590292793,2.0,0.0
137.92429695128916,3.0,0.0
137.9287204300416,2.0,0.0
137.93414414422074,1.0,0.0
137.97417620813115,0.0,0.0
138.09668904515937,1.0,0.0
138.1138924610648,0.0,0.0
138.13037611496748,1.0,0.0
138.14410424084335,2.0,0.0
138.15451667327974,3.0,0.0
138.15991779469712,2.0,0.0
138.17282627975592,3.0,0.0
138.1740293473069,4.0,0.0
138.18365105353254,3.0,0.0
138.19070212780747,4.0,0.0
138.20010632574758,5.0,0.0
138.21238291140295,6.0,0.0
138.2150409996153,5.0,0.0
138.23837043648868,4.0,0.0
138.2455982627102,5.0,0.0
138.25515485242096,6.0,0.0
138.26017375447373,5.0,0.0
138.2612797693436,6.0,0.0
138.2621997907201,5.0,0.0
138.2673768649546,4.0,0.0
138.30200218560464,5.0,0.0
138.31724273467208,4.0,0.0
138.32078733624598,3.0,0.0
138.3213171783241,2.0,0.0
138.32784864310204,1.0,0.0
138.35749882381728,2.0,0.0
138.36145304849234,3.0,0.0
138.3756666198252,4.0,0.0
138.39327819429178,3.0,0.0
138.40543776699795,4.0,0.0
138.41066938037687,3.0,0.0
138.41468196116355,2.0,0.0
138.47157834069233,3.0,0.0
138.47546496863964,4.0,0.0
138.48622340589563,5.0,0.0
138.48695794898816,4.0,0.0
138.48953484686763,3.0,0.0
138.4930392598729,4.0,0.0
138.50766644395566,3.0,0.0
138.51111724870592,2.0,0.0
138.51559983980826,1.0,0.0
138.5234052812672,0.0,0.0
138.54541419891606,1.0,0.0
138.5650911019383,2.0,0.0
138.58160209297804,3.0,0.0
138.5904227083915,4.0,0.0
138.60260361832746,3.0,0.0
138.62765285762097,2.0,0.0
138.63805235393912,1.0,0.0
138.6421374131388,2.0,0.0
138.65970549524064,1.0,0.0
138.66588952342022,0.0,0.0
138.69601522087515,1.0,0.0
138.69909047225855,0.0,0.0
138.73126975173614,1.0,0.0
138.7550926944898,0.0,0.0
138.78481027458332,1.0,0.0
138.7900255987947,2.0,0.0
138.8187397578581,3.0,0.0
138.82433271540066,2.0,0.0
138.82947533409018,1.0,0.0
138.83382736946893,2.0,0.0
138.83749794742926,1.0,0.0
138.8440144096817,2.0,0.0
138.84822562241064,1.0,0.0
138.85578587544708,0.0,0.0
138.86000583532538,1.0,0.0
138.86486711861806,2.0,0.0
138.87414858995598,3.0,0.0
138.89049312486256,4.0,0.0
138.8974459737914,5.0,0.0
138.8999072171156,4.0,0.0
138.9181329519473,3.0,0.0
138.93082099060035,2.0,0.0
138.9411475525368,3.0,0.0
138.97451844882494,2.0,0.0
139.01151250750263,1.0,0.0
139.01393190463295,2.0,0.0
139.04370325474295,1.0,0.0
139.05200376422346,0.0,0.0
139.07479275446653,1.0,0.0
139.0809199459792,2.0,0.0
139.08547847249548,1.0,0.0
139.0884437817877,0.0,0.0
139.1097907830973,1.0,0.0
139.1147639242691,0.0,0.0
139.14820590506935,1.0,0.0
139.14891811029605,0.0,0.0
139.16095870496557,1.0,0.0
139.18345987398877,0.0,0.0
139.19781584568645,1.0,0.0
139.19848189965822,0.0,0.0
139.2525824876696,1.0,0.0
139.26922963508414,2.0,0.0
139.27260436169547,3.0,0.0
139.28912767078185,4.0,0.0
139.30892464022472,5.0,0.0
139.32262355885427,6.0,0.0
139.34753289359165,5.0,0.0
139.3648258975481,4.0,0.0
139.37101344149355,3.0,0.0
139.38243181319635,4.0,0.0
139.40311325711033,3.0,0.0
139.40367227038942,4.0,0.0
139.4045939037992,3.0,0.0
139.41446819495494,2.0,0.0
139.4214910240898,3.0,0.0
139.43159564729262,2.0,0.0
139.4400859376089,1.0,0.0
139.45488319904135,2.0,0.0
139.46579902531806,3.0,0.0
139.48287698944802,4.0,0.0
139.48298907528923,3.0,0.0
139.48347085261392,2.0,0.0
139.52175081601243,3.0,0.0
139.53929957306931,4.0,0.0
139.54094297965602,3.0,0.0
139.5447519447972,2.0,0.0
139.54567040478366,3.0,0.0
139.556035651285,4.0,0.0
139.60201863731646,3.0,0.0
139.6024220986744,4.0,0.0
139.6089561771755,3.0,0.0
139.61299653829647,4.0,0.0
139.62088930381245,3.0,0.0
139.62118770150448,2.0,0.0
139.6261326352533,1.0,0.0
139.6696030028918,2.0,0.0
139.67002106403936,1.0,0.0
139.67031430619767,2.0,0.0
139.67694053182692,3.0,0.0
139.6998604778318,4.0,0.0
139.77181516940058,3.0,0.0
139.77464175502953,4.0,0.0
139.8009405406179,5.0,0.0
139.806380859193,4.0,0.0
139.810973328762,3.0,0.0
139.82483822896103,2.0,0.0
139.847182426302,1.0,0.0
139.85126127877197,0.0,0.0
139.8642051677194,1.0,0.0
139.86670656901956,2.0,0.0
139.86693623926666,1.0,0.0
139.87491774998702,2.0,0.0
139.91002387123496,1.0,0.0
139.9142215126316,0.0,0.0
139.9177129940254,1.0,0.0
139.9229504567839,0.0,0.0
139.9341241438179,1.0,0.0
139.94401011493758,0.0,0.0
139.955810555537,1.0,0.0
139.9637421602316,2.0,0.0
139.975046580955,1.0,0.0
139.98136680958902,2.0,0.0
140.01052804316362,3.0,0.0
140.03269916970007,4.0,0.0
140.03821123974754,3.0,0.0
140.05635284878633,2.0,0.0
140.0577191872745,1.0,0.0
140.0586073684761,0.0,0.0
140.13047933588956,1.0,0.0
140.1491493217337,2.0,0.0
140.1655450399388,1.0,0.0
140.1752243646315,0.0,0.0
140.25149168930628,1.0,0.0
140.25422761533622,0.0,0.0
140.25868552337238,1.0,0.0
140.26060587073093,2.0,0.0
140.26536640854528,1.0,0.0
140.26795972928517,0.0,0.0
140.2905824023114,1.0,0.0
140.2959535535742,0.0,0.0
140.32023552888495,1.0,0.0
140.33176248228798,2.0,0.0
140.34024094566084,3.0,0.0
140.34514333220946,4.0,0.0
140.40160994840633,3.0,0.0
140.41926893285716,4.0,0.0
140.44533518229343,3.0,0.0
140.44656293610163,2.0,0.0
140.45002148849863,1.0,0.0
140.45374116895326,0.0,0.0
140.45582596081576,1.0,0.0
140.46907846872057,0.0,0.0
140.51458458009915,1.0,0.0
140.52468065183064,0.0,0.0
140.54972339327318,1.0,0.0
140.55779157219303,2.0,0.0
140.56502491171096,3.0,0.0
140.56558167962908,4.0,0.0
140.56913911136468,3.0,0.0
140.61040934182,2.0,0.0
140.63159932469046,3.0,0.0
140.63303181484346,2.0,0.0
140.63933572084352,1.0,0.0
140.64026494633006,0.0,0.0
140.67911493002575,1.0,0.0
140.69409129504808,0.0,0.0
140.73443006900615,1.0,0.0
140.73516032981422,2.0,0.0
140.7402388751326,3.0,0.0
140.74359140641275,2.0,0.0
140.7462911431136,3.0,0.0
140.7478800372789,2.0,0.0
140.75329935955446,1.0,0.0
140.77973266256518,2.0,0.0
140.80097103304928,3.0,0.0
140.81756561856164,2.0,0.0
140.83189252442713,1.0,0.0
140.8511362519398,0.0,0.0
140.8798366701194,1.0,0.0
140.89126704948816,2.0,0.0
140.89256078769492,3.0,0.0
140.89360834110082,2.0,0.0
140.89572156206904,1.0,0.0
140.90167283944533,0.0,0.0
140.9050265407923,1.0,0.0
140.92972623147185,2.0,0.0
140.93652431879036,3.0,0.0
140.94451999996429,2.0,0.0
140.9475160277791,1.0,0.0
140.96979668666785,2.0,0.0
140.97100327872866,3.0,0.0
140.97836722892265,4.0,0.0
141.02989077968624,5.0,0.0
141.03031226442522,4.0,0.0
141.03987250035732,3.0,0.0
141.04267543643377,2.0,0.0
141.04777340288007,1.0,0.0
141.0597664520446,0.0,0.0
141.10588746196186,1.0,0.0
141.1151114008203,0.0,0.0
141.1413489648157,1.0,0.0
141.14280432174556,2.0,0.0
141.1514201588075,1.0,0.0
141.1617240251832,0.0,0.0
141.18529003395128,1.0,0.0
141.1896890139477,0.0,0.0
141.19185356449947,1.0,0.0
141.19261638637337,2.0,0.0
141.19842702666557,1.0,0.0
141.20364227387947,0.0,0.0
141.20727017113654,1.0,0.0
141.21597683057496,2.0,0.0
141.21889183898148,1.0,0.0
141.2250791975581,2.0,0.0
141.22847616300555,1.0,0.0
141.24375684009902,2.0,0.0
141.24716998484587,3.0,0.0
141.24961778108184,4.0,0.0
141.25470209632894,3.0,0.0
141.26942523611407,2.0,0.0
141.27253439804747,3.0,0.0
141.29355553684763,4.0,0.0
141.30789651848744,3.0,0.0
141.31104568231464,2.0,0.0
141.31340450367088,1.0,0.0
141.31418238578743,2.0,0.0
141.35860053499863,1.0,0.0
141.36658174313422,0.0,0.0
141.40459031748355,1.0,0.0
141.42730817191782,2.0,0.0
141.42988727364994,1.0,0.0
141.43200361897817,2.0,0.0
141.45467400862418,1.0,0.0
141.45565172423085,2.0,0.0
141.45887855034354,1.0,0.0
141.45970863033523,2.0,0.0
141.46188695291,1.0,0.0
141.46888228650104,0.0,0.0
141.4916727377037,1.0,0.0
141.50436624298283,0.0,0.0
141.5229257058342,1.0,0.0
141.53373556158405,2.0,0.0
141.53541201102664,1.0,0.0
141.53586988006836,0.0,0.0
141.54355830190127,1.0,0.0
141.55083509503484,2.0,0.0
141.55202793315758,3.0,0.0
141.5590341650739,4.0,0.0
141.57253060899941,3.0,0.0
141.57709590451196,4.0,0.0
141.58149972020303,3.0,0.0
141.5825897059274,4.0,0.0
141.583724491711,5.0,0.0
141.58860118277897,4.0,0.0
141.60277067593088,3.0,0.0
141.60619731419447,2.0,0.0
141.60955060881946,3.0,0.0
141.62531707146266,2.0,0.0
141.64046402582147,1.0,0.0
141.65246767528913,0.0,0.0
141.67451335376956,1.0,0.0
141.68237316967068,2.0,0.0
141.6944312391247,1.0,0.0
141.70960725120344,0.0,0.0
141.7190432262339,1.0,0.0
141.73605510893083,0.0,0.0
141.7409438293014,1.0,0.0
141.75314505972383,2.0,0.0
141.75379909407204,3.0,0.0
141.7609225430065,2.0,0.0
141.76822353007532,3.0,0.0
141.771017189734,4.0,0.0
141.7770494672518,5.0,0.0
141.77705302338228,4.0,0.0
141.77904650152786,5.0,0.0
141.7819247838277,4.0,0.0
141.7876850845096,5.0,0.0
141.79264648959855,4.0,0.0
141.79314986765857,5.0,0.0
141.8012395033485,4.0,0.0
141.80237217196006,3.0,0.0
141.81325892269095,4.0,0.0
141.8382799069093,5.0,0.0
141.85682342160501,6.0,0.0
141.8570777546853,5.0,0.0
141.85772101550694,6.0,0.0
141.87747901140557,7.0,0.0
141.89332035203327,8.0,0.0
141.89571893741848,7.0,0.0
141.89977526749962,6.0,0.0
141.9084988885127,5.0,0.0
141.91145625108112,4.0,0.0
141.91169110736377,3.0,0.0
141.915464226016,2.0,0.0
141.93254359547285,1.0,0.0
141.93443585113252,0.0,0.0
141.94034204351289,1.0,0.0
141.9436380273417,2.0,0.0
141.94370730600804,1.0,0.0
141.94502233317482,2.0,0.0
141.9550575980053,1.0,0.0
141.9611880067785,0.0,0.0
141.96880649844041,1.0,0.0
141.97354915635867,0.0,0.0
142.0164092613838,1.0,0.0
142.024531259177,2.0,0.0
142.02861231255952,1.0,0.0
142.03099679339442,0.0,0.0
142.03497960395882,1.0,0.0
142.0372898309793,0.0,0.0
142.03983600650741,1.0,0.0
142.04811506417286,2.0,0.0
142.05038025406486,3.0,0.0
142.0675801425757,2.0,0.0
142.0767040456016,1.0,0.0
142.0844113492386,0.0,0.0
142.0928761637627,1.0,0.0
142.1040926331704,2.0,0.0
142.10416700289045,3.0,0.0
142.1092775057721,4.0,0.0
142.11280223249582,5.0,0.0
142.12545666861988,6.0,0.0
142.13288843267878,5.0,0.0
142.13797457213184,4.0,0.0
142.1467290444962,3.0,0.0
142.15494551153324,4.0,0.0
142.16466218637999,5.0,0.0
142.19775133501275,4.0,0.0
142.20264436782833,5.0,0.0
142.20869702077482,6.0,0.0
142.21199533052567,5.0,0.0
142.21515247426862,6.0,0.0
142.24265662073498,7.0,0.0
142.24283723478948,8.0,0.0
142.24823659826603,9.0,0.0
142.25557393896284,8.0,0.0
142.2574494760139,7.0,0.0
142.2686619175591,8.0,0.0
142.26927251434043,9.0,0.0
142.27658636375023,8.0,0.0
142.27964461002395,7.0,0.0
142.29459157932013,6.0,0.0
142.29526561883074,7.0,0.0
142.3054989497358,8.0,0.0
142.3208504448768,7.0,0.0
142.33017091455062,6.0,0.0
142.3322636339305,7.0,0.0
142.3595018116516,8.0,0.0
142.36935451193256,7.0,0.0
142.37095837498904,6.0,0.0
142.37670702397443,5.0,0.0
142.3845693024365,6.0,0.0
142.38669608791838,7.0,0.0
142.39156426097742,8.0,0.0
142.40863184089326,7.0,0.0
142.41433473791685,6.0,0.0
142.41872556752995,5.0,0.0
142.42640554561729,4.0,0.0
142.43674969016936,5.0,0.0
142.44622667575098,6.0,0.0
142.45037681460244,5.0,0.0
142.45629591234848,4.0,0.0
142.45639531844918,5.0,0.0
142.48075307657672,6.0,0.0
142.48663941325873,5.0,0.0
142.48768656925472,6.0,0.0
142.49268906306978,5.0,0.0
142.50825881771283,6.0,0.0
142.5122782320973,7.0,0.0
142.51770017174132,8.0,0.0
142.52282202934012,7.0,0.0
142.52387044459962,8.0,0.0
142.52558780480285,7.0,0.0
142.52782125567498,8.0,0.0
142.52955343065273,7.0,0.0
142.55015713624886,8.0,0.0
142.56497247845988,7.0,0.0
142.5663455111698,8.0,0.0
142.56730555098966,7.0,0.0
142.5692219334543,8.0,0.0
142.57022072308243,7.0,0.0
142.58360660273544,8.0,0.0
142.58442324452903,9.0,0.0
142.5914009148922,10.0,0.0
142.59853809625406,11.0,0.0
142.59854605833317,10.0,0.0
142.59982407667712,11.0,0.0
142.62204630025903,10.0,0.0
142.62521792608558,11.0,0.0
142.62699529648629,12.0,0.0
142.63092577664568,13.0,0.0
142.63105150798282,12.0,0.0
142.63539541965397,13.0,0.0
142.63678595237278,14.0,0.0
142.63700276793082,15.0,0.0
142.64039167534932,14.0,0.0
142.64078226860136,13.0,0.0
142.64893550061996,12.0,0.0
142.65042602671986,11.0,0.0
142.65650152429416,10.0,0.0
142.6601755435016,11.0,0.0
142.67271308903915,12.0,0.0
142.67277861894564,11.0,0.0
142.67599720851598,10.0,0.0
142.67779153767594,9.0,0.0
142.68163315205257,10.0,0.0
142.68847973200047,11.0,0.0
142.69060225296204,10.0,0.0
142.6919364938834,9.0,0.0
142.69449704877795,8.0,0.0
142.70071055400896,7.0,0.0
142.70111623042942,6.0,0.0
142.701760905713,7.0,0.0
142.7023557279446,6.0,0.0
142.70859405437346,7.0,0.0
142.71000204857253,6.0,0.0
142.71646571317936,7.0,0.0
142.72022568018014,8.0,0.0
142.7320350882199,7.0,0.0
142.73208954574363,8.0,0.0
142.73590079010177,7.0,0.0
142.74258505160194,6.0,0.0
142.74633827949373,7.0,0.0
142.75054719023277,8.0,0.0
142.75145003690437,7.0,0.0
142.76432622869285,8.0,0.0
142.76534045584927,7.0,0.0
142.76554821020642,8.0,0.0
142.7737015414657,9.0,0.0
142.7771381453763,8.0,0.0
142.7860137783629,7.0,0.0
142.80333357277672,8.0,0.0
142.80375349644837,7.0,0.0
142.80552573641012,6.0,0.0
142.80980588592192,5.0,0.0
142.8155227972751,4.0,0.0
142.82961571749405,3.0,0.0
142.8308426669121,4.0,0.0
142.83321823204776,5.0,0.0
142.84626706853012,6.0,0.0
142.8473914314247,5.0,0.0
142.85134594236553,4.0,0.0
142.85576609562287,3.0,0.0
142.86071837850102,2.0,0.0
142.86316475626762,1.0,0.0
142.87909080634617,0.0,0.0
142.9095269417489,1.0,0.0
142.91264763750064,2.0,0.0
142.918805243474,3.0,0.0
142.93093518995406,4.0,0.0
142.9578221303892,3.0,0.0
142.96840340311093,2.0,0.0
142.96848178773496,3.0,0.0
142.98388843163087,4.0,0.0
142.984675098874,3.0,0.0
142.98760617016393,4.0,0.0
143.0007520897429,5.0,0.0
143.00090732450283,6.0,0.0
143.00145674362415,5.0,0.0
143.0075698511613,4.0,0.0
143.01097874222887,5.0,0.0
143.0137052023105,6.0,0.0
143.03265137947295,7.0,0.0
143.03591259903882,6.0,0.0
143.0367308098762,5.0,0.0
143.05950946042213,6.0,0.0
143.05958507755668,7.0,0.0
143.0739911548632,6.0,0.0
143.0849406445641,7.0,0.0
143.08701104940297,8.0,0.0
143.09196455661555,7.0,0.0
143.09237271555602,8.0,0.0
143.09779618430537,7.0,0.0
143.09834916524926,6.0,0.0
143.11120163253634,7.0,0.0
143.11939157963934,8.0,0.0
143.13088614430217,9.0,0.0
143.1414656118634,10.0,0.0
143.14240445677748,11.0,0.0
143.1451145120089,10.0,0.0
143.14885261583507,11.0,0.0
143.15113800890686,12.0,0.0
143.16130098410804,11.0,0.0
143.1825405695125,10.0,0.0
143.1846326742381,11.0,0.0
143.19196029659463,10.0,0.0
143.1926257430881,9.0,0.0
143.20454168241466,10.0,0.0
143.22422992721948,9.0,0.0
143.24322866140258,8.0,0.0
143.252156194133,9.0,0.0
143.2553253841002,10.0,0.0
143.25625675390592,9.0,0.0
143.25648911027463,10.0,0.0
143.25686567506418,11.0,0.0
143.2691614646576,10.0,0.0
143.26959412090687,9.0,0.0
143.27418444778286,8.0,0.0
143.28324391553718,7.0,0.0
143.29215170942496,8.0,0.0
143.29884495535353,9.0,0.0
143.3139021506848,10.0,0.0
143.3185191852397,11.0,0.0
143.3229456041437,10.0,0.0
143.35047616203016,9.0,0.0
143.3589319390112,8.0,0.0
143.36946553073787,7.0,0.0
143.37131315123037,8.0,0.0
143.37299806159032,7.0,0.0
143.3832152760437,8.0,0.0
143.38525348012726,7.0,0.0
143.3950865696866,8.0,0.0
143.40507103995444,7.0,0.0
143.40586117605307,8.0,0.0
143.40588282620283,9.0,0.0
143.4146203305117,8.0,0.0
143.41491292923766,9.0,0.0
143.42120640471975,10.0,0.0
143.4269669378731,11.0,0.0
143.4286722540749,10.0,0.0
143.4316903070188,11.0,0.0
143.43209827390376,12.0,0.0
143.4371223142288,11.0,0.0
143.4443371532658,12.0,0.0
143.44708839048238,13.0,0.0
143.44914750977688,12.0,0.0
143.45750076949554,13.0,0.0
143.4681347091942,12.0,0.0
143.47019750445853,11.0,0.0
143.47302315999684,10.0,0.0
143.4758050716616,9.0,0.0
143.4770399876643,10.0,0.0
143.4949531399133,9.0,0.0
143.49736418501683,8.0,0.0
143.50041557012682,9.0,0.0
143.50063816950168,10.0,0.0
143.5116327145352,11.0,0.0
143.51221392504334,10.0,0.0
143.51697689271387,9.0,0.0
143.5220687108976,10.0,0.0
143.52449968842092,11.0,0.0
143.5265333182031,10.0,0.0
143.53813713658863,11.0,0.0
143.53853208504498,12.0,0.0
143.5394519247989,13.0,0.0
143.5398175006442,14.0,0.0
143.55153384843146,15.0,0.0
143.5538935656304,16.0,0.0
143.55815257765215,17.0,0.0
143.56149257496713,18.0,0.0
143.5808673729908,19.0,0.0
143.60233475149343,20.0,0.0
143.60426241744017,19.0,0.0
143.6136263099083,20.0,0.0
143.6145677698596,19.0,0.0
143.62606448765385,20.0,0.0
143.62918970550487,19.0,0.0
143.63030415634836,20.0,0.0
143.6330687231324,19.0,0.0
143.63700854197216,18.0,0.0
143.63767465823702,19.0,0.0
143.6501934502799,20.0,0.0
143.65092189206598,21.0,0.0
143.6606022888791,22.0,0.0
143.66454415969324,21.0,0.0
143.66808165480802,20.0,0.0
143.67346659139724,19.0,0.0
143.67511726611949,20.0,0.0
143.6754009756149,19.0,0.0
143.67669361404978,20.0,0.0
143.68023017155983,19.0,0.0
143.68150135133536,20.0,0.0
143.6876934210306,21.0,0.0
143.69237096025532,20.0,0.0
143.69451992174024,21.0,0.0
143.69458813829803,20.0,0.0
143.69577232184884,21.0,0.0
143.70788432208323,22.0,0.0
143.7089010139168,23.0,0.0
143.71641907724003,24.0,0.0
143.72603443320324,25.0,0.0
143.72691318742707,26.0,0.0
143.73867684850273,25.0,0.0
143.7405462054854,26.0,0.0
143.7422707825144,27.0,0.0
143.742332063853,26.0,0.0
143.74286928621103,27.0,0.0
143.75524740985372,26.0,0.0
143.76044916307987,25.0,0.0
143.7671979626096,26.0,0.0
143.7732311776667,27.0,0.0
143.7774495786741,26.0,0.0
143.7815444650552,27.0,0.0
143.78196887427026,28.0,0.0
143.80959537984148,27.0,0.0
143.8273008608831,26.0,0.0
143.83642027423335,27.0,0.0
143.8387041001324,28.0,0.0
143.83902668368037,29.0,0.0
143.84276327994294,28.0,0.0
143.84435758429314,27.0,0.0
143.84940609705126,28.0,0.0
143.8499205892565,29.0,0.0
143.85736921770436,30.0,0.0
143.86478010800346,29.0,0.0
143.8678126395493,28.0,0.0
143.8770305359699,29.0,0.0
143.87792991173166,30.0,0.0
143.898120289128,31.0,0.0
143.90542945660772,32.0,0.0
143.9091697929262,33.0,0.0
143.9189149871421,34.0,0.0
143.92302544859928,35.0,0.0
143.92499613207917,36.0,0.0
143.93774101549775,37.0,0.0
143.94009736287447,38.0,0.0
143.94405875488243,37.0,0.0
143.94472270884683,38.0,0.0
143.94725989640574,39.0,0.0
143.96004311817438,38.0,0.0
143.9607105098633,39.0,0.0
143.96107755061828,40.0,0.0
143.98073110119654,41.0,0.0
143.98329325074477,40.0,0.0
143.9887072516556,41.0,0.0
143.99155790956652,42.0,0.0
143.99406219494034,41.0,0.0
144.00278749449592,42.0,0.0
144.00939318928224,41.0,0.0
144.0118147559221,40.0,0.0
144.01222879418438,41.0,0.0
144.01961475823194,42.0,0.0
144.0211313594461,43.0,0.0
144.0230420084798,44.0,0.0
144.03306518916173,45.0,0.0
144.03891902168965,46.0,0.0
144.04069765579098,47.0,0.0
144.04217262386697,46.0,0.0
144.04880366338583,45.0,0.0
144.0627320166819,44.0,0.0
144.07091125405515,45.0,0.0
144.07246078639383,46.0,0.0
144.08074079447258,45.0,0.0
144.0842091992301,46.0,0.0
144.0869949296055,47.0,0.0
144.09252678995279,48.0,0.0
144.09443840529408,49.0,0.0
144.0954231125755,50.0,0.0
144.09858644332547,49.0,0.0
144.103769552343,48.0,0.0
144.12879813016158,49.0,0.0
144.13229551062233,48.0,0.0
144.13296749857625,47.0,0.0
144.13479935143351,48.0,0.0
144.13940627078404,49.0,0.0
144.13997141308707,50.0,0.0
144.14759438135405,49.0,0.0
144.14878739027662,48.0,0.0
144.15202396749947,49.0,0.0
144.15229665351498,50.0,0.0
144.15822280858202,51.0,0.0
144.1648765614433,50.0,0.0
144.1698888442929,51.0,0.0
144.17276968008247,52.0,0.0
144.17946247239382,51.0,0.0
144.18090718449017,50.0,0.0
144.1815225770725,51.0,0.0
144.1840430663979,50.0,0.0
144.18770210357945,51.0,0.0
144.1957412378067,50.0,0.0
144.19913177359356,51.0,0.0
144.20627330606027,52.0,0.0
144.21679717647302,53.0,0.0
144.22938994266534,52.0,0.0
144.22965691454667,51.0,0.0
144.24421075206482,50.0,0.0
144.24787329798417,51.0,0.0
144.25060533141394,50.0,0.0
144.25857722031438,49.0,0.0
144.26453495165072,50.0,0.0
144.26512180147012,51.0,0.0
144.27374113811643,50.0,0.0
144.27925209572848,49.0,0.0
144.28420349235356,48.0,0.0
144.28585998304106,49.0,0.0
144.29039394846404,50.0,0.0
144.29204370758848,49.0,0.0
144.29238245303318,50.0,0.0
144.29439665568847,51.0,0.0
144.29684571535208,50.0,0.0
144.29790111124498,49.0,0.0
144.305616104924,50.0,0.0
144.3087618540423,49.0,0.0
144.31083361448265,50.0,0.0
144.3122998446303,51.0,0.0
144.31823458330152,52.0,0.0
144.3194317008631,53.0,0.0
144.32177700339102,54.0,0.0
144.3239266860788,55.0,0.0
144.32892781059937,56.0,0.0
144.33010961362243,55.0,0.0
144.3315067029254,54.0,0.0
144.3323639032814,55.0,0.0
144.33782780661193,54.0,0.0
144.34217669067127,55.0,0.0
144.3469981130154,54.0,0.0
144.35017991000876,53.0,0.0
144.35022739453345,52.0,0.0
144.35653260709086,51.0,0.0
144.36422294004245,50.0,0.0
144.36951774950782,51.0,0.0
144.37885665949284,52.0,0.0
144.3977427739656,51.0,0.0
144.4004856315502,50.0,0.0
144.4100770307241,51.0,0.0
144.4101556672629,50.0,0.0
144.41395741169217,49.0,0.0
144.41618552696056,50.0,0.0
144.42864690016935,49.0,0.0
144.43023374068838,50.0,0.0
144.4434983741337,49.0,0.0
144.4455133892989,48.0,0.0
144.45571194459063,47.0,0.0
144.45596361117416,48.0,0.0
144.47919243323332,47.0,0.0
144.48120678255978,48.0,0.0
144.4883633826397,49.0,0.0
144.49174516049115,50.0,0.0
144.50596393133634,51.0,0.0
144.5107345742074,52.0,0.0
144.5138310269998,51.0,0.0
144.52180063380257,50.0,0.0
144.5242305743448,51.0,0.0
144.527391655718,50.0,0.0
144.5305762584903,49.0,0.0
144.53368912271253,50.0,0.0
144.53915936448465,51.0,0.0
144.5447983750574,52.0,0.0
144.54663217881378,53.0,0.0
144.54730553527668,52.0,0.0
144.5507663164448,53.0,0.0
144.55504911352585,54.0,0.0
144.56077612116138,53.0,0.0
144.569032851936,54.0,0.0
144.57619008760832,53.0,0.0
144.5904772199237,52.0,0.0
144.59284875629206,53.0,0.0
144.5980217256596,52.0,0.0
144.59860212944537,53.0,0.0
144.605959800336,52.0,0.0
144.60812809707843,51.0,0.0
144.6141882598549,52.0,0.0
144.61638684997124,53.0,0.0
144.62503080353142,54.0,0.0
144.63387089781926,53.0,0.0
144.6389474127009,54.0,0.0
144.64417920713532,55.0,0.0
144.65241456037356,54.0,0.0
144.66108383403161,53.0,0.0
144.66197298384083,54.0,0.0
144.6655710581236,55.0,0.0
144.6767261398737,56.0,0.0
144.68058058662973,55.0,0.0
144.68133359942019,56.0,0.0
144.70817019953768,57.0,0.0
144.71091234900024,58.0,0.0
144.71468676275055,59.0,0.0
144.71794427979813,60.0,0.0
144.7222752205081,59.0,0.0
144.72906883791416,60.0,0.0
144.73839632756335,61.0,0.0
144.7407499029892,60.0,0.0
144.74443112818145,61.0,0.0
144.75014791690222,62.0,0.0
144.75288891251748,63.0,0.0
144.75423501594366,64.0,0.0
144.75730961948793,63.0,0.0
144.7601357577781,62.0,0.0
144.7632276414754,63.0,0.0
144.770107592177,64.0,0.0
144.77246222909645,65.0,0.0
144.7725434080881,64.0,0.0
144.7729935482484,65.0,0.0
144.80128870133294,66.0,0.0
144.80254456379203,65.0,0.0
144.81070490275565,64.0,0.0
144.81373708511896,65.0,0.0
144.8138783951424,64.0,0.0
144.81532075565366,65.0,0.0
144.82020906092515,66.0,0.0
144.82082641788736,65.0,0.0
144.82646024078673,66.0,0.0
144.8271384975355,65.0,0.0
144.82774469158673,66.0,0.0
144.8298829866298,67.0,0.0
144.83551264752987,68.0,0.0
144.8415116332119,67.0,0.0
144.84576222439657,66.0,0.0
144.8538699851285,65.0,0.0
144.8551177714983,66.0,0.0
144.8587030919779,67.0,0.0
144.85963794033532,66.0,0.0
144.86713408768023,67.0,0.0
144.87023308054484,68.0,0.0
144.8706309036042,67.0,0.0
144.87552259021905,66.0,0.0
144.8767077619567,65.0,0.0
144.880037705627,66.0,0.0
144.88192712037633,65.0,0.0
144.88290643121988,66.0,0.0
144.88499557266894,65.0,0.0
144.89068219796448,66.0,0.0
144.89255021904472,67.0,0.0
144.89512160705416,68.0,0.0
144.89910571104636,69.0,0.0
144.90138736225987,70.0,0.0
144.90305850161576,71.0,0.0
144.90479011906558,70.0,0.0
144.91979134268044,71.0,0.0
144.92313931161266,70.0,0.0
144.92512511851044,71.0,0.0
144.92874675518016,72.0,0.0
144.92909246137276,71.0,0.0
144.93526056038968,70.0,0.0
144.93887059424452,69.0,0.0
144.9433146338629,70.0,0.0
144.94558922531056,71.0,0.0
144.94989807402126,70.0,0.0
144.9512486263243,69.0,0.0
144.95198951756606,70.0,0.0
144.95557726147635,71.0,0.0
144.95941501179604,72.0,0.0
144.96940308658967,73.0,0.0
144.96970890771487,74.0,0.0
144.97424849695318,75.0,0.0
144.97829729967648,74.0,0.0
144.98091395990238,75.0,0.0
144.981885313536,74.0,0.0
144.98512865002743,73.0,0.0
144.99349866243165,72.0,0.0
144.99724399528574,71.0,0.0
145.00355283273473,72.0,0.0
145.0231085561688,73.0,0.0
145.0256736430355,74.0,0.0
145.02739755825309,73.0,0.0
145.03510547250292,74.0,0.0
145.0381346618561,75.0,0.0
145.03822136753186,76.0,0.0
145.03914873337487,77.0,0.0
145.03939364134362,78.0,0.0
145.04209927986312,79.0,0.0
145.0477266131138,78.0,0.0
145.04773071852344,77.0,0.0
145.0482138933531,78.0,0.0
145.05298819150042,77.0,0.0
145.06038008293973,76.0,0.0
145.06525853349092,77.0,0.0
145.066079957132,78.0,0.0
145.06686171111673,79.0,0.0
145.07285839573802,80.0,0.0
145.07502654422078,81.0,0.0
145.07632133774428,82.0,0.0
145.08106782945634,83.0,0.0
145.082472370671,84.0,0.0
145.08307707279704,85.0,0.0
145.0839304034291,86.0,0.0
145.08442354931537,87.0,0.0
145.08465537235736,86.0,0.0
145.08566792398412,87.0,0.0
145.10042960548148,88.0,0.0
145.10049083831416,87.0,0.0
145.10337783955188,86.0,0.0
145.11282037609303,85.0,0.0
145.12489854515806,86.0,0.0
145.12710083928127,87.0,0.0
145.1288462712019,86.0,0.0
145.13037258616941,85.0,0.0
145.14035475205816,86.0,0.0
145.14205850988543,85.0,0.0
145.14797075136153,86.0,0.0
145.1567558838697,87.0,0.0
145.15768496418542,86.0,0.0
145.16369268281596,85.0,0.0
145.1637122778535,86.0,0.0
145.17289362138226,87.0,0.0
145.19398244093276,88.0,0.0
145.2035609642518,89.0,0.0
145.20648785773926,88.0,0.0
145.2075053698475,89.0,0.0
145.21006482996006,90.0,0.0
145.21182965675044,91.0,0.0
145.2217302505563,92.0,0.0
145.23653765155098,93.0,0.0
145.24153148696496,94.0,0.0
145.24670341295726,95.0,0.0
145.2494350050674,94.0,0.0
145.25440974685486,93.0,0.0
145.2563744237345,92.0,0.0
145.26199053164365,91.0,0.0
145.27367354813748,90.0,0.0
145.27817478339972,91.0,0.0
145.27912630942424,90.0,0.0
145.28509296176784,91.0,0.0
145.28583780048433,90.0,0.0
145.293590673949,91.0,0.0
145.2961926502918,92.0,0.0
145.29867730197745,93.0,0.0
145.30678435226974,94.0,0.0
145.32516131504687,93.0,0.0
145.3360476681088,94.0,0.0
145.34682444133531,93.0,0.0
145.34842828777104,94.0,0.0
145.35556130030807,95.0,0.0
145.36104196851386,96.0,0.0
145.3631235677244,95.0,0.0
145.36827317120847,96.0,0.0
145.3693664095534,95.0,0.0
145.36998465694896,96.0,0.0
145.37640878470765,95.0,0.0
145.37785035560483,94.0,0.0
145.38769317652316,93.0,0.0
145.40809219970393,94.0,0.0
145.408404280163,93.0,0.0
145.4101734270427,92.0,0.0
145.4233120912617,93.0,0.0
145.4233471603966,94.0,0.0
145.42920475978187,93.0,0.0
145.4317172690428,94.0,0.0
145.4406623579299,93.0,0.0
145.4516684483651,94.0,0.0
145.45239133635286,95.0,0.0
145.45310664113865,96.0,0.0
145.45464015371104,97.0,0.0
145.45628587921226,96.0,0.0
145.47891029214344,95.0,0.0
145.48360215807335,96.0,0.0
145.48400342366185,95.0,0.0
145.48703336738487,94.0,0.0
145.49173091841357,93.0,0.0
145.49589221048052,94.0,0.0
145.4965964916988,95.0,0.0
145.4980338414577,96.0,0.0
145.50308081295944,95.0,0.0
145.506858979505,96.0,0.0
145.51920949300813,97.0,0.0
145.5241284121672,98.0,0.0
145.52701496150252,97.0,0.0
145.5322871520183,98.0,0.0
145.54551331115826,99.0,0.0
145.5457003745247,98.0,0.0
145.55099131649806,99.0,0.0
145.55424982667876,98.0,0.0
145.5565738093594,97.0,0.0
145.55831076620166,98.0,0.0
145.58406485551703,97.0,0.0
145.58503362313476,98.0,0.0
145.58647460739812,99.0,0.0
145.5895738956712,100.0,0.0
145.59063278287687,101.0,0.0
145.59115269378682,102.0,0.0
145.59359567295832,103.0,0.0
145.59419651064258,102.0,0.0
145.602176732072,103.0,0.0
145.6034062209113,102.0,0.0
145.60689315314514,103.0,0.0
145.60828376354095,104.0,0.0
145.608500529637,103.0,0.0
145.61040569362677,104.0,0.0
145.61364989702898,105.0,0.0
145.6156439231992,106.0,0.0
145.62094627587996,107.0,0.0
145.62224590969512,106.0,0.0
145.62287172904047,105.0,0.0
145.6249466110012,104.0,0.0
145.6269711724477,103.0,0.0
145.63688683191305,104.0,0.0
145.6370897490539,105.0,0.0
145.64856824667686,106.0,0.0
145.6537325609564,105.0,0.0
145.66464036570807,104.0,0.0
145.66530396404383,105.0,0.0
145.6656748102117,106.0,0.0
145.66744640155176,107.0,0.0
145.68006670462296,108.0,0.0
145.68157460414204,107.0,0.0
145.6841393716299,108.0,0.0
145.68504475233468,107.0,0.0
145.6860043819569,108.0,0.0
145.6956185562309,109.0,0.0
145.69622694687874,108.0,0.0
145.69643717321958,109.0,0.0
145.69650727695617,108.0,0.0
145.70126670043177,107.0,0.0
145.70360212120258,108.0,0.0
145.70934454601766,109.0,0.0
145.71304870357346,108.0,0.0
145.7141807564302,109.0,0.0
145.7155039892059,108.0,0.0
145.72821024934683,109.0,0.0
145.73244740424465,108.0,0.0
145.7349917873293,107.0,0.0
145.7388706333957,108.0,0.0
145.74283246741427,109.0,0.0
145.7446179617327,108.0,0.0
145.74852445874512,109.0,0.0
145.75469668123867,108.0,0.0
145.7614591588807,107.0,0.0
145.76326436633428,108.0,0.0
145.76401179187457,109.0,0.0
145.786850468747,108.0,0.0
145.79117250876632,109.0,0.0
145.79390547913314,110.0,0.0
145.79515735931136,111.0,0.0
145.79686034241544,110.0,0.0
145.80686253717408,109.0,0.0
145.80935624096045,110.0,0.0
145.82043254482943,111.0,0.0
145.8318508681567,112.0,0.0
145.83467803831542,111.0,0.0
145.84346939788836,112.0,0.0
145.8512060423741,111.0,0.0
145.85146330062508,110.0,0.0
145.85499752165853,111.0,0.0
145.85992964242652,112.0,0.0
145.86110285998373,113.0,0.0
145.8662405268356,114.0,0.0
145.86681726395796,113.0,0.0
145.8743956623102,114.0,0.0
145.8788694450759,113.0,0.0
145.89127479766285,114.0,0.0
145.89523032766488,115.0,0.0
145.9023533707179,116.0,0.0
145.9034867486226,115.0,0.0
145.9037463985829,114.0,0.0
145.90410834893925,115.0,0.0
145.90513515954848,116.0,0.0
145.90535728506126,115.0,0.0
145.91523879521247,116.0,0.0
145.91785136278347,117.0,0.0
145.91887599018608,116.0,0.0
145.92321132957846,115.0,0.0
145.9342479050991,116.0,0.0
145.93692424967873,117.0,0.0
145.941352168021,116.0,0.0
145.94257498666698,115.0,0.0
145.9448610586693,116.0,0.0
145.94875788838215,117.0,0.0
145.95238680378804,118.0,0.0
145.95251113059078,117.0,0.0
145.95305381515428,116.0,0.0
145.9652182460958,117.0,0.0
145.96806564014412,118.0,0.0
145.968914429714,117.0,0.0
145.96992539990535,116.0,0.0
145.97422651484823,115.0,0.0
145.97618423452508,114.0,0.0
145.97644397898696,115.0,0.0
145.97783158153254,116.0,0.0
145.98191451110972,115.0,0.0
145.98294659522074,116.0,0.0
145.98636303028314,117.0,0.0
145.98834058324235,116.0,0.0
145.99132787449918,117.0,0.0
145.99239033570547,116.0,0.0
146.00532294078255,117.0,0.0
146.00953850500545,118.0,0.0
146.01173257691235,119.0,0.0
146.01356563896678,120.0,0.0
146.01606560042444,121.0,0.0
146.01808417629053,120.0,0.0
146.02192743058657,121.0,0.0
146.0309343419421,122.0,0.0
146.0319788048827,123.0,0.0
146.03765868011746,122.0,0.0
146.04113521835438,121.0,0.0
146.04207463022115,122.0,0.0
146.04376988318086,121.0,0.0
146.04717682268222,120.0,0.0
146.05595564012305,121.0,0.0
146.05666777066247,122.0,0.0
146.05838206796165,121.0,0.0
146.06283639723966,120.0,0.0
146.06458616705513,121.0,0.0
146.06910078717678,122.0,0.0
146.07212431158206,123.0,0.0
146.07671978859645,124.0,0.0
146.08260513391457,125.0,0.0
146.0840838607709,126.0,0.0
146.08577230052825,125.0,0.0
146.08851471852086,126.0,0.0
146.09516009152546,125.0,0.0
146.1187416663555,126.0,0.0
146.12174011315122,127.0,0.0
146.12176828622535,126.0,0.0
146.12313622245222,127.0,0.0
146.12576755323417,128.0,0.0
146.12776093476046,129.0,0.0
146.13146547206188,130.0,0.0
146.13722811668515,131.0,0.0
146.14173830317887,130.0,0.0
146.14211301475052,131.0,0.0
146.14561973108871,130.0,0.0
146.154637357627,129.0,0.0
146.1551461196553,128.0,0.0
146.1686613798407,127.0,0.0
146.17360643692194,128.0,0.0
146.17653749133262,129.0,0.0
146.17678511269034,128.0,0.0
146.18254737767003,129.0,0.0
146.18553998320007,130.0,0.0
146.1885301569955,131.0,0.0
146.19276501311754,132.0,0.0
146.19293375249245,133.0,0.0
146.19515193019902,132.0,0.0
146.19573541049706,133.0,0.0
146.1992504006768,132.0,0.0
146.20172361688233,131.0,0.0
146.20795409708916,130.0,0.0
146.21903327840724,131.0,0.0
146.2243891854099,132.0,0.0
146.2303515745531,133.0,0.0
146.2314702951653,132.0,0.0
146.23153377132175,131.0,0.0
146.2467726824237,132.0,0.0
146.247599972636,131.0,0.0
146.2507190114156,132.0,0.0
146.25135866380748,131.0,0.0
146.27344330075795,130.0,0.0
146.27384382588554,131.0,0.0
146.27429395615346,132.0,0.0
146.27821610039058,131.0,0.0
146.2808718136935,132.0,0.0
146.2920359482575,133.0,0.0
146.2925844430276,132.0,0.0
146.29355278124675,133.0,0.0
146.30140871588168,134.0,0.0
146.30377950786757,135.0,0.0
146.3061078239026,136.0,0.0
146.30802604595954,135.0,0.0
146.3089755053288,134.0,0.0
146.3118081392141,135.0,0.0
146.31484577995238,134.0,0.0
146.31534332558937,133.0,0.0
146.31944391003387,134.0,0.0
146.32322412974315,133.0,0.0
146.35140259493693,134.0,0.0
146.35404563684696,133.0,0.0
146.3657125418268,134.0,0.0
146.3685456368139,133.0,0.0
146.37117609878874,132.0,0.0
146.37518762922414,131.0,0.0
146.3831895456606,132.0,0.0
146.38365980857353,133.0,0.0
146.4082600864903,134.0,0.0
146.41085660171603,133.0,0.0
146.41224173477485,134.0,0.0
146.41622150555375,135.0,0.0
146.41912747486214,134.0,0.0
146.4206468979792,133.0,0.0
146.4209853675123,134.0,0.0
146.42499927360217,133.0,0.0
146.43518171553674,132.0,0.0
146.4377761382952,131.0,0.0
146.4473903353997,130.0,0.0
146.45234096358993,131.0,0.0
146.4670944074856,132.0,0.0
146.4820643289544,131.0,0.0
146.48388069428347,130.0,0.0
146.48562004666132,129.0,0.0
146.48688995713295,130.0,0.0
146.49377084397034,131.0,0.0
146.4947970500142,132.0,0.0
146.50054109418005,133.0,0.0
146.5020660803179,134.0,0.0
146.50473569911145,133.0,0.0
146.50575555470226,132.0,0.0
146.50692494888617,131.0,0.0
146.51532721067824,132.0,0.0
146.515330818487,133.0,0.0
146.5189621907832,132.0,0.0
146.5249481766269,133.0,0.0
146.52880795491103,132.0,0.0
146.53463399303826,131.0,0.0
146.54181243998943,130.0,0.0
146.54980498972415,131.0,0.0
146.55021225423113,132.0,0.0
146.5541691843043,133.0,0.0
146.55534214356558,134.0,0.0
146.56299348025857,133.0,0.0
146.57230439776743,134.0,0.0
146.57386771971267,135.0,0.0
146.5741220203724,136.0,0.0
146.5745262469471,135.0,0.0
146.5794781758397,134.0,0.0
146.58337380967518,135.0,0.0
146.60023670105969,134.0,0.0
146.60639377219798,135.0,0.0
146.610132734116,136.0,0.0
146.61172893595364,137.0,0.0
146.62364043050957,138.0,0.0
146.62421203965548,139.0,0.0
146.63167378238734,140.0,0.0
146.63279506515923,139.0,0.0
146.63425390091126,140.0,0.0
146.63883194039724,141.0,0.0
146.64066527685475,140.0,0.0
146.6465175095063,141.0,0.0
146.64946867106926,142.0,0.0
146.66855654338363,143.0,0.0
146.67123274617148,144.0,0.0
146.67718595705858,143.0,0.0
146.67878122399895,144.0,0.0
146.68151114344903,145.0,0.0
146.68638236616803,146.0,0.0
146.68640063966737,145.0,0.0
146.69709243756446,146.0,0.0
146.69830781584588,147.0,0.0
146.69838940829283,148.0,0.0
146.70548029031409,147.0,0.0
146.7073182934525,148.0,0.0
146.7094131533282,147.0,0.0
146.7267447427945,146.0,0.0
146.7294904875176,145.0,0.0
146.73598750767195,146.0,0.0
146.73825225922093,147.0,0.0
146.73853741362473,148.0,0.0
146.73946938903495,147.0,0.0
146.745431508922,148.0,0.0
146.74553047764337,149.0,0.0
146.75112404979063,150.0,0.0
146.76335029622652,149.0,0.0
146.76838065063217,150.0,0.0
146.77180783738305,151.0,0.0
146.78073447670533,150.0,0.0
146.79612217964566,149.0,0.0
146.79821681527045,150.0,0.0
146.8000717729017,149.0,0.0
146.80044429794395,148.0,0.0
146.80603057908576,147.0,0.0
146.816645071851,146.0,0.0
146.83097648865993,145.0,0.0
146.8401237288839,146.0,0.0
146.84209409407399,145.0,0.0
146.84788530550838,146.0,0.0
146.84935097109926,145.0,0.0
146.84939895119857,144.0,0.0
146.85701566518998,143.0,0.0
146.8600747842971,142.0,0.0
146.88006724265466,141.0,0.0
146.88706136023683,142.0,0.0
146.89484575455592,143.0,0.0
146.89940380774092,144.0,0.0
146.90009214437305,145.0,0.0
146.9129464011538,144.0,0.0
146.913891560067,145.0,0.0
146.91596345479894,146.0,0.0
146.91903506355538,147.0,0.0
146.92488889133026,146.0,0.0
146.9285925512868,145.0,0.0
146.93017222434864,144.0,0.0
146.93478093474351,143.0,0.0
146.94150211722175,142.0,0.0
146.94583836905076,141.0,0.0
146.94970256337092,142.0,0.0
146.97200519362863,141.0,0.0
146.97285327821695,140.0,0.0
146.98040301699146,139.0,0.0
146.9818504383502,138.0,0.0
146.98850598498575,139.0,0.0
146.9948212636058,140.0,0.0
146.99670662645397,139.0,0.0
146.99812396632024,138.0,0.0
146.9986990145741,139.0,0.0
147.00124440766484,140.0,0.0
147.00395487842718,141.0,0.0
147.00767887773168,142.0,0.0
147.01295676850654,141.0,0.0
147.02031632274011,140.0,0.0
147.02678362920975,139.0,0.0
147.0268778517365,140.0,0.0
147.0314001963943,141.0,0.0
147.03204669485604,142.0,0.0
147.04019763611402,141.0,0.0
147.05099378206867,140.0,0.0
147.05231337884504,139.0,0.0
147.06166927149118,140.0,0.0
147.06367770055115,139.0,0.0
147.06821063925287,140.0,0.0
147.0684926800359,141.0,0.0
147.0697960351016,142.0,0.0
147.07033099957903,141.0,0.0
147.07158798296814,140.0,0.0
147.08467845265105,141.0,0.0
147.08937527870313,140.0,0.0
147.0941330889493,139.0,0.0
147.10702854497129,140.0,0.0
147.10954302955193,141.0,0.0
147.11203846368224,140.0,0.0
147.1135013533406,139.0,0.0
147.11815393694826,140.0,0.0
147.1227628672121,139.0,0.0
147.1235733080385,140.0,0.0
147.1493072686934,141.0,0.0
147.15002286234233,142.0,0.0
147.150300898968,143.0,0.0
147.15261977990718,142.0,0.0
147.1529774898408,141.0,0.0
147.15506301868803,140.0,0.0
147.16029928946762,141.0,0.0
147.1714524869263,140.0,0.0
147.17419749283238,139.0,0.0
147.1766842133412,140.0,0.0
147.1834512148343,141.0,0.0
147.19043143379508,142.0,0.0
147.19915506864706,141.0,0.0
147.20402989080603,142.0,0.0
147.20415322663376,141.0,0.0
147.2099228474816,142.0,0.0
147.2150272323757,141.0,0.0
147.21660099158987,140.0,0.0
147.22019765846926,141.0,0.0
147.22851524432969,140.0,0.0
147.23471847091182,139.0,0.0
147.2380742623585,140.0,0.0
147.24119560636885,141.0,0.0
147.24224276382643,142.0,0.0
147.24535255572647,143.0,0.0
147.24739931569252,142.0,0.0
147.2552986740685,143.0,0.0
147.26485007454212,142.0,0.0
147.26706695721435,143.0,0.0
147.26848159988737,144.0,0.0
147.2709923579416,145.0,0.0
147.27960224678947,146.0,0.0
147.28034962987903,145.0,0.0
147.2820186501756,146.0,0.0
147.28596164099702,147.0,0.0
147.28910544618407,148.0,0.0
147.29367702113345,149.0,0.0
147.29503330920332,150.0,0.0
147.30539223361237,149.0,0.0
147.30861248333318,150.0,0.0
147.31238937315337,149.0,0.0
147.31857147832537,148.0,0.0
147.3216736875278,149.0,0.0
147.32861791075575,148.0,0.0
147.34139812866167,147.0,0.0
147.35239041981367,148.0,0.0
147.3539672952689,147.0,0.0
147.35781287700556,148.0,0.0
147.35881635416237,147.0,0.0
147.36557516617663,148.0,0.0
147.37181165963963,147.0,0.0
147.3721500142939,148.0,0.0
147.39464434649085,149.0,0.0
147.3958168068841,148.0,0.0
147.39785607093074,147.0,0.0
147.40213041390575,148.0,0.0
147.40622769230797,147.0,0.0
147.4073329887735,146.0,0.0
147.40955044282907,145.0,0.0
147.41624574343814,144.0,0.0
147.42002019312287,145.0,0.0
147.42037539865262,144.0,0.0
147.42151806504918,145.0,0.0
147.4346021975423,146.0,0.0
147.43497833767947,147.0,0.0
147.4350184636557,148.0,0.0
147.44306827460304,147.0,0.0
147.4513866563395,148.0,0.0
147.46215118691907,149.0,0.0
147.4805775757863,150.0,0.0
147.48264741217818,149.0,0.0
147.49340071738695,150.0,0.0
147.49346415011294,149.0,0.0
147.4935609916319,150.0,0.0
147.49425644754456,149.0,0.0
147.5055367447214,148.0,0.0
147.50723484235405,149.0,0.0
147.50782189891748,148.0,0.0
147.51551804918836,147.0,0.0
147.52679339973687,146.0,0.0
147.5285631306061,147.0,0.0
147.53273999447467,148.0,0.0
147.5376201876759,149.0,0.0
147.5394376851685,148.0,0.0
147.54058476072353,147.0,0.0
147.5434033530021,148.0,0.0
147.55578689644875,147.0,0.0
147.5561600465685,146.0,0.0
147.57018318750357,147.0,0.0
147.57522351418106,146.0,0.0
147.57902463801642,147.0,0.0
147.5818346674367,146.0,0.0
147.58618495522518,147.0,0.0
147.5924946971427,146.0,0.0
147.59313267461775,147.0,0.0
147.60135202325787,148.0,0.0
147.6101779623103,147.0,0.0
147.6144810286805,148.0,0.0
147.63364704128477,149.0,0.0
147.63952808885162,148.0,0.0
147.6535496519569,149.0,0.0
147.6558654002532,148.0,0.0
147.66987669999446,147.0,0.0
147.67800018373123,148.0,0.0
147.6801758021422,149.0,0.0
147.6867393822694,150.0,0.0
147.69461486459616,151.0,0.0
147.69689043999804,150.0,0.0
147.70440451117736,151.0,0.0
147.70526769795714,152.0,0.0
147.7158931125099,151.0,0.0
147.71681790871682,152.0,0.0
147.7172873490713,153.0,0.0
147.7538434707724,152.0,0.0
147.76366666682085,153.0,0.0
147.7647103412231,152.0,0.0
147.76565060168718,153.0,0.0
147.7683929544649,154.0,0.0
147.7888298015405,155.0,0.0
147.78944060230958,156.0,0.0
147.79090094039313,155.0,0.0
147.7910939491768,156.0,0.0
147.7960547016773,157.0,0.0
147.79945753589053,158.0,0.0
147.80109241037235,159.0,0.0
147.81487350755037,160.0,0.0
147.8273274204646,161.0,0.0
147.8273520892181,162.0,0.0
147.83430325348863,161.0,0.0
147.83652749163156,160.0,0.0
147.83668541437135,161.0,0.0
147.85283393522178,160.0,0.0
147.85914201972352,161.0,0.0
147.8686681229953,162.0,0.0
147.8771496114648,161.0,0.0
147.88465276946894,162.0,0.0
147.89400829255803,163.0,0.0
147.89688591530657,164.0,0.0
147.89807059127497,165.0,0.0
147.90060285321533,166.0,0.0
147.9013718236085,165.0,0.0
147.93053556752162,164.0,0.0
147.93073887361908,165.0,0.0
147.9596910742393,166.0,0.0
147.96275403302346,165.0,0.0
147.9702436833098,166.0,0.0
147.97301183968165,165.0,0.0
147.98118251620218,164.0,0.0
147.9853978031576,163.0,0.0
147.99763550818662,164.0,0.0
148.00100519129032,163.0,0.0
148.01393879423992,162.0,0.0
148.0163471009554,161.0,0.0
148.01780414539604,160.0,0.0
148.02149932180794,159.0,0.0
148.02222352089,160.0,0.0
148.02805886487948,161.0,0.0
148.02865175665576,160.0,0.0
148.0305896642536,161.0,0.0
148.05706018124806,162.0,0.0
148.06615133890347,163.0,0.0
148.06642874695797,162.0,0.0
148.06859318191763,161.0,0.0
148.07729481078226,162.0,0.0
148.0789130869151,163.0,0.0
148.07954741534473,162.0,0.0
148.0832122829147,163.0,0.0
148.08444289577528,164.0,0.0
148.086425232246,165.0,0.0
148.086930427219,166.0,0.0
148.0904997653953,167.0,0.0
148.0959366932847,168.0,0.0
148.0978371032409,167.0,0.0
148.10044690506362,166.0,0.0
148.10075141714222,165.0,0.0
148.1047312465296,166.0,0.0
148.11120611316804,167.0,0.0
148.11308150573825,168.0,0.0
148.12754321392504,167.0,0.0
148.12900813958666,166.0,0.0
148.13404884350516,167.0,0.0
148.13729916864668,166.0,0.0
148.13766297609723,167.0,0.0
148.13785751804005,168.0,0.0
148.151948987294,167.0,0.0
148.15259436062857,166.0,0.0
148.15327462881953,167.0,0.0
148.15724235465103,166.0,0.0
148.16152313214232,167.0,0.0
148.1625283501008,166.0,0.0
148.1626804661866,165.0,0.0
148.16669498355262,164.0,0.0
148.16749647827035,165.0,0.0
148.16836170929605,166.0,0.0
148.17352131330003,167.0,0.0
148.18122273254687,166.0,0.0
148.1833118192105,167.0,0.0
148.19842429606854,168.0,0.0
148.20787197660403,169.0,0.0
148.2149470302654,170.0,0.0
148.22326639355012,169.0,0.0
148.22709578371934,170.0,0.0
148.2282057452488,169.0,0.0
148.2321653315043,170.0,0.0
148.23525741905462,171.0,0.0
148.24326414188704,172.0,0.0
148.2461440084812,171.0,0.0
148.24790279984546,170.0,0.0
148.2538306501773,171.0,0.0
148.26378362758427,170.0,0.0
148.26402433382975,169.0,0.0
148.26590436727716,168.0,0.0
148.26750462661624,167.0,0.0
148.27060504809972,166.0,0.0
148.2730778703125,165.0,0.0
148.27511824212246,164.0,0.0
148.2763237863366,163.0,0.0
148.27708619118584,162.0,0.0
148.27752380061858,161.0,0.0
148.28838675564486,160.0,0.0
148.2931585895641,161.0,0.0
148.29493126098558,160.0,0.0
148.2963965198981,159.0,0.0
148.30390023617042,160.0,0.0
148.3061525459865,161.0,0.0
148.30723525742795,162.0,0.0
148.31123094777394,161.0,0.0
148.31403082980134,160.0,0.0
148.31918225494547,159.0,0.0
148.3199534168146,160.0,0.0
148.32115824166334,161.0,0.0
148.32119688784846,162.0,0.0
148.32227070496646,163.0,0.0
148.32666907258672,164.0,0.0
148.32765910875804,165.0,0.0
148.33725445650433,166.0,0.0
148.34005204534918,167.0,0.0
148.34095534063582,166.0,0.0
148.35340768714954,165.0,0.0
148.3571573858018,166.0,0.0
148.3777364877229,167.0,0.0
148.38555914124177,166.0,0.0
148.38852626704548,167.0,0.0
148.3891537574314,166.0,0.0
148.38999529632898,165.0,0.0
148.39536652951605,166.0,0.0
148.39753502789583,165.0,0.0
148.40548919441676,164.0,0.0
148.4057254420003,165.0,0.0
148.4114954748263,164.0,0.0
148.41202021032595,163.0,0.0
148.42317883719204,164.0,0.0
148.4284901013594,163.0,0.0
148.43360391989836,164.0,0.0
148.43495147744534,165.0,0.0
148.4453316472088,166.0,0.0
148.44538822252247,165.0,0.0
148.45625012296927,164.0,0.0
148.45668034037539,165.0,0.0
148.46376371049544,166.0,0.0
148.46805277388663,167.0,0.0
148.4810228408938,166.0,0.0
148.5010755759938,165.0,0.0
148.50315770162177,164.0,0.0
148.5066927346805,165.0,0.0
148.51007096162982,166.0,0.0
148.51026403382642,167.0,0.0
148.51309673869434,168.0,0.0
148.51601996342382,167.0,0.0
148.51641011652453,166.0,0.0
148.5169988962972,165.0,0.0
148.52370230250625,166.0,0.0
148.52425882580587,165.0,0.0
148.526204579493,164.0,0.0
148.53784846302702,163.0,0.0
148.53804045692064,164.0,0.0
148.54709185939674,165.0,0.0
148.54731799339646,166.0,0.0
148.5473522833236,167.0,0.0
148.54786354723012,166.0,0.0
148.56148471244742,165.0,0.0
148.57366171181368,164.0,0.0
148.57936961253975,165.0,0.0
148.5817514352,164.0,0.0
148.58500189638235,163.0,0.0
148.58685147330533,162.0,0.0
148.59345937152534,161.0,0.0
148.59950417603827,160.0,0.0
148.59984193342217,159.0,0.0
148.60246266769192,160.0,0.0
148.60262400809515,159.0,0.0
148.60371706103055,160.0,0.0
148.60595453103136,161.0,0.0
148.61864632964523,162.0,0.0
148.62161880508063,163.0,0.0
148.62796777442767,164.0,0.0
148.6343201781738,163.0,0.0
148.63904596654578,164.0,0.0
148.65743026109072,163.0,0.0
148.67013391790266,162.0,0.0
148.6706750351407,163.0,0.0
148.6778469499182,164.0,0.0
148.67854798048813,163.0,0.0
148.69399462576246,162.0,0.0
148.6952030093998,161.0,0.0
148.70612800462078,162.0,0.0
148.7100603183884,161.0,0.0
148.71446815753433,162.0,0.0
148.71717500108346,163.0,0.0
148.72084487412448,162.0,0.0
148.72906709225504,163.0,0.0
148.73191023712747,164.0,0.0
148.74672111007223,163.0,0.0
148.75088571579366,164.0,0.0
148.7583566673489,165.0,0.0
148.75857872763316,166.0,0.0
148.76630550532198,165.0,0.0
148.76848751755145,164.0,0.0
148.77109322678467,165.0,0.0
148.77260506613183,164.0,0.0
148.7801421657727,165.0,0.0
148.78559224148157,166.0,0.0
148.78822968382022,165.0,0.0
148.79388225234558,164.0,0.0
148.8085222082061,163.0,0.0
148.80988991690847,162.0,0.0
148.81010368518875,163.0,0.0
148.81240384347547,164.0,0.0
148.81440903182576,165.0,0.0
148.81442191214285,166.0,0.0
148.82829847440627,167.0,0.0
148.83462862753515,166.0,0.0
148.83813487510653,167.0,0.0
148.8391178751416,166.0,0.0
148.84057557769592,165.0,0.0
148.84413877790223,164.0,0.0
148.84498414982573,165.0,0.0
148.8477789501358,164.0,0.0
148.85753884689893,165.0,0.0
148.86120356638185,164.0,0.0
148.86520472963866,165.0,0.0
148.86612269997002,164.0,0.0
148.87829664718507,165.0,0.0
148.87905383378163,164.0,0.0
148.88255409581328,163.0,0.0
148.88325485164543,164.0,0.0
148.89083338766397,163.0,0.0
148.895630480084,162.0,0.0
148.89715828203987,161.0,0.0
148.9006640163682,162.0,0.0
148.90233883515833,161.0,0.0
148.9038608456548,160.0,0.0
148.90601391058274,159.0,0.0
148.90902626385875,158.0,0.0
148.91127031916727,157.0,0.0
148.91645867728207,158.0,0.0
148.92055663440763,159.0,0.0
148.92519401089004,158.0,0.0
148.93348879130193,157.0,0.0
148.94061510193131,158.0,0.0
148.94295326529306,157.0,0.0
148.9444578503728,158.0,0.0
148.94506692178655,159.0,0.0
148.9451553230079,160.0,0.0
148.9477360282859,161.0,0.0
148.94932137473648,160.0,0.0
148.95611253128405,159.0,0.0
148.95975236069853,160.0,0.0
148.96601268714863,161.0,0.0
148.9713951887184,160.0,0.0
148.97666187116334,161.0,0.0
148.98132675966028,160.0,0.0
148.99162122377595,159.0,0.0
148.99300195808905,158.0,0.0
148.9971279665566,159.0,0.0
148.99819121574336,158.0,0.0
149.00274661810454,157.0,0.0
149.00608228715527,158.0,0.0
149.01233635693356,157.0,0.0
149.01399951654852,158.0,0.0
149.0191718850634,159.0,0.0
149.02140624010894,158.0,0.0
149.0321273870298,159.0,0.0
149.03390930539027,158.0,0.0
149.03399336228168,159.0,0.0
149.03669202344813,160.0,0.0
149.04140579508143,161.0,0.0
149.0494753226834,162.0,0.0
149.06212116420033,161.0,0.0
149.07162658497958,162.0,0.0
149.07717196072866,163.0,0.0
149.09230598418412,162.0,0.0
149.0936839502325,163.0,0.0
149.09958317425043,162.0,0.0
149.10478906557643,161.0,0.0
149.11466419549924,160.0,0.0
149.1150024386308,159.0,0.0
149.12059834038448,160.0,0.0
149.1311473308382,161.0,0.0
149.13725895844885,160.0,0.0
149.14298967766175,159.0,0.0
149.17062669373598,158.0,0.0
149.17395603285792,157.0,0.0
149.18451558485302,156.0,0.0
149.1975078385943,155.0,0.0
149.20637884969003,156.0,0.0
149.22886298036832,155.0,0.0
149.24151617440197,154.0,0.0
149.2431719108985,153.0,0.0
149.24375090306808,154.0,0.0
149.24546534110945,153.0,0.0
149.25995628681466,154.0,0.0
149.26407546924096,153.0,0.0
149.26845782341803,154.0,0.0
149.2737788644199,155.0,0.0
149.28318587908447,156.0,0.0
149.28679548728104,157.0,0.0
149.2874725224616,158.0,0.0
149.29514193152505,159.0,0.0
149.2960459686036,158.0,0.0
149.30065449793187,157.0,0.0
149.30642181772032,156.0,0.0
149.30930785803704,155.0,0.0
149.31040698142547,156.0,0.0
149.31221360029193,155.0,0.0
149.3159454682032,156.0,0.0
149.3240583430933,155.0,0.0
149.32820991235207,154.0,0.0
149.33031850227974,155.0,0.0
149.33308099699374,156.0,0.0
149.34523393206234,155.0,0.0
149.3453844038759,154.0,0.0
149.34609742816184,155.0,0.0
149.34907859577729,154.0,0.0
149.35360799515567,153.0,0.0
149.35437448283878,154.0,0.0
149.35499603703587,153.0,0.0
149.35969467020394,152.0,0.0
149.3677897096892,151.0,0.0
149.37259895907894,152.0,0.0
149.37428106388725,153.0,0.0
149.37596611039126,152.0,0.0
149.3882554383416,151.0,0.0
149.3891112429221,150.0,0.0
149.39028530205337,151.0,0.0
149.3932774143298,152.0,0.0
149.3959067780932,153.0,0.0
149.39811417493658,154.0,0.0
149.4008878320059,155.0,0.0
149.40868318207552,156.0,0.0
149.41232043345084,157.0,0.0
149.42028330360426,158.0,0.0
149.4212876790958,159.0,0.0
149.4233825951993,158.0,0.0
149.4443278329788,157.0,0.0
149.44541084558145,158.0,0.0
149.4484904358003,157.0,0.0
149.4536717198219,158.0,0.0
149.4661762109003,157.0,0.0
149.4666215755907,156.0,0.0
149.48133822081695,157.0,0.0
149.48192361604418,156.0,0.0
149.4848554794404,155.0,0.0
149.49415903540066,156.0,0.0
149.5059436624507,155.0,0.0
149.50707593399036,154.0,0.0
149.50950650685618,153.0,0.0
149.51833634048515,152.0,0.0
149.52273032630086,151.0,0.0
149.5253643581141,150.0,0.0
149.52569242832826,149.0,0.0
149.5257941722642,148.0,0.0
149.53271998005928,147.0,0.0
149.54014311374976,146.0,0.0
149.54029909743838,145.0,0.0
149.54548782004372,146.0,0.0
149.55858973535334,145.0,0.0
149.56737697537622,144.0,0.0
149.57503483393555,143.0,0.0
149.58312157606096,142.0,0.0
149.587906727046,141.0,0.0
149.58805864596945,142.0,0.0
149.60062740457334,143.0,0.0
149.6046105524748,144.0,0.0
149.61534085819176,143.0,0.0
149.6160860362804,142.0,0.0
149.63036517065675,141.0,0.0
149.63441672017544,142.0,0.0
149.63741068706886,141.0,0.0
149.64822338953988,140.0,0.0
149.65261804520983,139.0,0.0
149.66469535547108,140.0,0.0
149.67072437424548,141.0,0.0
149.68785174898403,140.0,0.0
149.69439213773165,141.0,0.0
149.69672821342132,140.0,0.0
149.70032007716537,141.0,0.0
149.7007859903709,142.0,0.0
149.711200759854,143.0,0.0
149.71451890883955,142.0,0.0
149.7166696869951,141.0,0.0
149.71856239112603,142.0,0.0
149.72044170349852,141.0,0.0
149.7227134064686,140.0,0.0
149.732657127604,139.0,0.0
149.73278318237962,138.0,0.0
149.73280509642578,137.0,0.0
149.73893963594594,136.0,0.0
149.74193729080864,135.0,0.0
149.75560081003496,136.0,0.0
149.75973749407697,135.0,0.0
149.76471505016892,134.0,0.0
149.77747248900036,133.0,0.0
149.79722470538493,132.0,0.0
149.79825903997337,131.0,0.0
149.81094579391336,130.0,0.0
149.81467851539037,131.0,0.0
149.8154219786212,130.0,0.0
149.82544076044388,129.0,0.0
149.8313828167617,128.0,0.0
149.83340416320894,127.0,0.0
149.83629925589517,128.0,0.0
149.83636897255252,127.0,0.0
149.85722600188564,126.0,0.0
149.857746126572,125.0,0.0
149.86669713330895,124.0,0.0
149.8711310585936,123.0,0.0
149.89711742662521,124.0,0.0
149.9043490918013,123.0,0.0
149.9074922195489,122.0,0.0
149.90765201573197,121.0,0.0
149.91518579729214,120.0,0.0
149.91534289908108,119.0,0.0
149.92352195409146,118.0,0.0
149.92691483078605,119.0,0.0
149.92928909381337,118.0,0.0
149.93294387217313,117.0,0.0
149.9374792839604,116.0,0.0
149.9394960564816,117.0,0.0
149.94041654941904,116.0,0.0
149.95494878844744,117.0,0.0
149.96319697236103,118.0,0.0
149.97412534367152,119.0,0.0
149.98774786037768,118.0,0.0
149.98951971002256,117.0,0.0
149.99292551723818,118.0,0.0
150.00719719406698,119.0,0.0
150.00761930509253,120.0,0.0
150.039589932181,119.0,0.0
150.0422342756361,120.0,0.0
150.04686402510947,119.0,0.0
150.0562704097596,118.0,0.0
150.0623907293176,119.0,0.0
150.07356478759252,120.0,0.0
150.07684739087378,119.0,0.0
150.07789482324466,118.0,0.0
150.082973190395,119.0,0.0
150.0890001295904,118.0,0.0
150.10292480829418,119.0,0.0
150.10360158727033,118.0,0.0
150.1169134874451,117.0,0.0
150.11702591716676,116.0,0.0
150.12071954202415,115.0,0.0
150.1266197258252,114.0,0.0
150.1286374897054,113.0,0.0
150.15658348186867,112.0,0.0
150.15728263621034,113.0,0.0
150.1573402542593,114.0,0.0
150.1632516192301,113.0,0.0
150.1640550338858,112.0,0.0
150.16786645339255,111.0,0.0
150.17641390880644,110.0,0.0
150.17669300367066,111.0,0.0
150.19802031559772,112.0,0.0
150.22277385977745,111.0,0.0
150.2319371165168,112.0,0.0
150.23291088384212,113.0,0.0
150.2357842333354,112.0,0.0
150.24854240915255,111.0,0.0
150.24859753643182,110.0,0.0
150.24943170135393,109.0,0.0
150.2594480828091,108.0,0.0
150.26027424826475,109.0,0.0
150.26114716757291,110.0,0.0
150.2653616761999,109.0,0.0
150.27295226343978,110.0,0.0
150.27813827599047,111.0,0.0
150.2849312228683,110.0,0.0
150.2977522407765,109.0,0.0
150.30055177141065,110.0,0.0
150.3034548066347,111.0,0.0
150.30514499651144,110.0,0.0
150.32212889258378,109.0,0.0
150.3230771415289,108.0,0.0
150.35024514702866,107.0,0.0
150.35087772756808,108.0,0.0
150.359142633472,107.0,0.0
150.3721003779871,106.0,0.0
150.37430400031965,105.0,0.0
150.38224859517493,104.0,0.0
150.3938111006254,105.0,0.0
150.39431350496466,104.0,0.0
150.39682464344554,105.0,0.0
150.39783452992933,106.0,0.0
150.3983885004076,107.0,0.0
150.3983987190228,108.0,0.0
150.3987602117858,107.0,0.0
150.3999390214688,106.0,0.0
150.40024856384275,105.0,0.0
150.4102960673015,104.0,0.0
150.41583836255722,105.0,0.0
150.42509239555895,104.0,0.0
150.42898865741634,103.0,0.0
150.42908910067757,102.0,0.0
150.4338705201681,103.0,0.0
150.43475781694468,104.0,0.0
150.45239397983332,105.0,0.0
150.4528800427811,106.0,0.0
150.45495608773388,105.0,0.0
150.46722149014397,106.0,0.0
150.47402216269117,105.0,0.0
150.4771343470572,106.0,0.0
150.48311254575492,105.0,0.0
150.48556601939512,106.0,0.0
150.48601489043438,105.0,0.0
150.5007138685394,104.0,0.0
150.51224085932654,103.0,0.0
150.52419886041554,104.0,0.0
150.53916255291648,105.0,0.0
150.5470691494152,106.0,0.0
150.54947121809795,105.0,0.0
150.55683324283652,104.0,0.0
150.5694175169553,103.0,0.0
150.5705615390888,102.0,0.0
150.57180934843672,101.0,0.0
150.5736243565605,100.0,0.0
150.57491285263555,99.0,0.0
150.57514203624237,100.0,0.0
150.57766785049083,99.0,0.0
150.58385089588202,100.0,0.0
150.5873872350912,99.0,0.0
150.58823708243918,98.0,0.0
150.59237233027284,97.0,0.0
150.59415547599434,96.0,0.0
150.59848115185224,97.0,0.0
150.59957002158012,96.0,0.0
150.60289080736862,97.0,0.0
150.60743975837488,98.0,0.0
150.61268822157697,97.0,0.0
150.62507546864575,96.0,0.0
150.64080934286028,95.0,0.0
150.6458012215079,96.0,0.0
150.65763523483608,97.0,0.0
150.68320931968083,98.0,0.0
150.70013693922326,99.0,0.0
150.7041730768895,100.0,0.0
150.7203186681615,99.0,0.0
150.72181157581744,98.0,0.0
150.73216756459237,97.0,0.0
150.7329840192671,98.0,0.0
150.74331527707338,99.0,0.0
150.74677098416066,98.0,0.0
150.74885582598256,97.0,0.0
150.7538061212977,98.0,0.0
150.76140938007856,99.0,0.0
150.77397268100788,98.0,0.0
150.77886020340537,97.0,0.0
150.78023945557482,98.0,0.0
150.78168462476341,99.0,0.0
150.7943397257335,98.0,0.0
150.79746347383545,97.0,0.0
150.80891499699277,96.0,0.0
150.8103148664965,95.0,0.0
150.81096634699043,94.0,0.0
150.81243881098573,93.0,0.0
150.81837769198165,92.0,0.0
150.8216710780874,91.0,0.0
150.82922463219234,92.0,0.0
150.82984766788394,91.0,0.0
150.83028564648652,90.0,0.0
150.8312607598099,89.0,0.0
150.83621049337094,88.0,0.0
150.87173231421065,87.0,0.0
150.8868062157477,86.0,0.0
150.8961982510066,85.0,0.0
150.89941786472693,84.0,0.0
150.90142001022295,85.0,0.0
150.9023141360201,84.0,0.0
150.90341575210024,83.0,0.0
150.91343689429715,84.0,0.0
150.9218629176031,85.0,0.0
150.92747608823268,86.0,0.0
150.92773708167587,85.0,0.0
150.9383702511832,86.0,0.0
150.94725012594373,87.0,0.0
150.9473416998124,88.0,0.0
150.94806464851325,89.0,0.0
150.95465124395935,88.0,0.0
150.95468144244256,89.0,0.0
150.9620381258615,88.0,0.0
150.9626985202976,89.0,0.0
150.96369487152404,90.0,0.0
150.9649427566186,91.0,0.0
151.00126224007278,92.0,0.0
151.01297273617374,93.0,0.0
151.01516279545214,94.0,0.0
151.01645098363264,93.0,0.0
151.03005524271728,94.0,0.0
151.04815818317905,93.0,0.0
151.05322505977745,94.0,0.0
151.0566738477886,93.0,0.0
151.06006253257007,94.0,0.0
151.06567513286836,93.0,0.0
151.07710061892766,94.0,0.0
151.09259317510168,95.0,0.0
151.09417066358475,96.0,0.0
151.1076619392251,95.0,0.0
151.1217213741416,94.0,0.0
151.13775480519485,93.0,0.0
151.152285643556,94.0,0.0
151.15912093046234,93.0,0.0
151.16138747161094,92.0,0.0
151.16346740824363,93.0,0.0
151.16425879271648,94.0,0.0
151.18276643800954,93.0,0.0
151.20332886064088,94.0,0.0
151.20655070341905,93.0,0.0
151.21318565585798,92.0,0.0
151.215857304109,91.0,0.0
151.2166103479109,92.0,0.0
151.21806594507632,91.0,0.0
151.22631045693387,92.0,0.0
151.22746723637837,93.0,0.0
151.22766231322498,94.0,0.0
151.2322096106166,95.0,0.0
151.2525427964657,94.0,0.0
151.26005292455835,93.0,0.0
151.2882722794246,92.0,0.0
151.29158894783035,93.0,0.0
151.29817184661022,92.0,0.0
151.29891337036423,91.0,0.0
151.3118631565699,90.0,0.0
151.3137488502397,89.0,0.0
151.33388608745054,90.0,0.0
151.33702295785415,89.0,0.0
151.33944273491207,88.0,0.0
151.34038697601795,89.0,0.0
151.3543037490737,88.0,0.0
151.35560532590756,87.0,0.0
151.36175212809545,86.0,0.0
151.36178212933757,85.0,0.0
151.3626630199625,84.0,0.0
151.36570834794102,85.0,0.0
151.3663674596904,86.0,0.0
151.37159436224823,85.0,0.0
151.3795979860875,84.0,0.0
151.3801470683413,85.0,0.0
151.4076151880186,84.0,0.0
151.4240866800057,83.0,0.0
151.43561075826932,84.0,0.0
151.44971817915606,83.0,0.0
151.46205339026298,84.0,0.0
151.4714302055146,83.0,0.0
151.47318732269176,82.0,0.0
151.47638323865309,81.0,0.0
151.4774452125575,80.0,0.0
151.48565143555845,79.0,0.0
151.4928142981916,78.0,0.0
151.4964330412326,77.0,0.0
151.5033741660419,78.0,0.0
151.503751435861,77.0,0.0
151.52705967009408,76.0,0.0
151.53341134509486,77.0,0.0
151.53500388676736,76.0,0.0
151.54214689906215,77.0,0.0
151.5476303199529,76.0,0.0
151.55124737422787,77.0,0.0
151.55374961230382,76.0,0.0
151.55699365756522,77.0,0.0
151.56398229122496,76.0,0.0
151.570501076308,77.0,0.0
151.59373570193242,76.0,0.0
151.59590776681824,75.0,0.0
151.5965063776106,74.0,0.0
151.62582004002365,75.0,0.0
151.63464583799984,74.0,0.0
151.66178988607223,73.0,0.0
151.6657550854246,74.0,0.0
151.67373639688725,73.0,0.0
151.681675992201,72.0,0.0
151.69525764331522,71.0,0.0
151.69909634020993,72.0,0.0
151.70776408266303,71.0,0.0
151.7142959197029,72.0,0.0
151.7209344657877,71.0,0.0
151.73139416220923,72.0,0.0
151.74198740406771,73.0,0.0
151.7544538532172,72.0,0.0
151.76818790846224,71.0,0.0
151.76856065254302,70.0,0.0
151.7712016669543,69.0,0.0
151.77292733545485,68.0,0.0
151.77980280685358,67.0,0.0
151.78583767159526,66.0,0.0
151.79309181930378,65.0,0.0
151.8035172613258,64.0,0.0
151.80508981283862,63.0,0.0
151.80629857277114,62.0,0.0
151.8150483215054,63.0,0.0
151.8203883128136,64.0,0.0
151.82639780761284,63.0,0.0
151.84171146441008,62.0,0.0
151.84257163960322,61.0,0.0
151.8481677414861,62.0,0.0
151.8529999831542,63.0,0.0
151.86390817353507,62.0,0.0
151.8816855768511,61.0,0.0
151.8896564723408,60.0,0.0
151.8918168142695,59.0,0.0
151.8931340200104,60.0,0.0
151.89624711737062,59.0,0.0
151.9030700298003,58.0,0.0
151.90968438335813,57.0,0.0
151.9222180082031,56.0,0.0
151.9288165045104,55.0,0.0
151.93077778550006,54.0,0.0
151.94036373030906,55.0,0.0
151.94679893150033,54.0,0.0
151.9502397621814,55.0,0.0
151.95041064004414,54.0,0.0
151.96647442150697,53.0,0.0
151.9703188547861,52.0,0.0
151.9786363314067,53.0,0.0
151.998545627584,52.0,0.0
152.01274397441696,51.0,0.0
152.0201191965804,50.0,0.0
152.02534088915058,49.0,0.0
152.0320913775198,48.0,0.0
152.04240272337705,47.0,0.0
152.04615715924166,46.0,0.0
152.04812372182104,45.0,0.0
152.05071025153285,46.0,0.0
152.0520801027614,45.0,0.0
152.05775723774957,46.0,0.0
152.06535098508624,47.0,0.0
152.06768712215415,48.0,0.0
152.07070907623776,47.0,0.0
152.0714543998399,46.0,0.0
152.09240664831762,45.0,0.0
152.09260327751298,46.0,0.0
152.0949597760388,45.0,0.0
152.09711684266864,46.0,0.0
152.0998317588887,47.0,0.0
152.10454030349757,46.0,0.0
152.10581998293645,47.0,0.0
152.1074447183401,48.0,0.0
152.10993012166625,47.0,0.0
152.12500530054731,48.0,0.0
152.12930029211049,49.0,0.0
152.1385890768583,48.0,0.0
152.1527331225585,49.0,0.0
152.17169998497417,48.0,0.0
152.17875255049185,47.0,0.0
152.1808730727749,46.0,0.0
152.20962392744931,47.0,0.0
152.2282883373672,48.0,0.0
152.24487658449587,47.0,0.0
152.24531899889723,46.0,0.0
152.26247373356233,45.0,0.0
152.26830317020728,46.0,0.0
152.27486763478677,45.0,0.0
152.275453721662,44.0,0.0
152.27592557080087,43.0,0.0
152.2805192699914,44.0,0.0
152.2896202186668,43.0,0.0
152.30887833049866,42.0,0.0
152.3164881397372,41.0,0.0
152.33517558042075,40.0,0.0
152.3402680537016,39.0,0.0
152.3407725512147,38.0,0.0
152.34313554487923,39.0,0.0
152.37502111096612,38.0,0.0
152.37574772930483,37.0,0.0
152.37733252473694,36.0,0.0
152.3912519468209,35.0,0.0
152.39232121533675,34.0,0.0
152.396539916622,33.0,0.0
152.40135401830523,34.0,0.0
152.41050204190427,33.0,0.0
152.42007704341833,32.0,0.0
152.436588613266,31.0,0.0
152.47023286259414,30.0,0.0
152.47091453005876,31.0,0.0
152.48711808352297,30.0,0.0
152.5051588340557,29.0,0.0
152.50674637025847,28.0,0.0
152.5124243669546,27.0,0.0
152.51329691011438,26.0,0.0
152.5189224928276,25.0,0.0
152.52592029951498,26.0,0.0
152.53714416903696,27.0,0.0
152.546621972925,28.0,0.0
152.55296860602826,27.0,0.0
152.57316287371856,28.0,0.0
152.57658640772155,29.0,0.0
152.58471221489546,30.0,0.0
152.585076464485,29.0,0.0
152.58872863536206,28.0,0.0
152.59933825125404,27.0,0.0
152.6029964157578,26.0,0.0
152.61568675601674,25.0,0.0
152.61581969958436,24.0,0.0
152.62034524368926,23.0,0.0
152.62785481666666,22.0,0.0
152.64196458459583,23.0,0.0
152.64640170950446,22.0,0.0
152.65086638326605,23.0,0.0
152.67773866950105,24.0,0.0
152.6832500316746,25.0,0.0
152.70420998595844,26.0,0.0
152.70508431498186,25.0,0.0
152.71150075836962,26.0,0.0
152.72145069978478,25.0,0.0
152.72395257626513,24.0,0.0
152.73117998666737,25.0,0.0
152.73216022122955,24.0,0.0
152.73332073115262,23.0,0.0
152.734512115355,24.0,0.0
152.75596050039297,25.0,0.0
152.75870829014042,24.0,0.0
152.76742163747215,23.0,0.0
152.78921661626327,22.0,0.0
152.79112986656133,21.0,0.0
152.79287223300315,22.0,0.0
152.80881877349356,21.0,0.0
152.82321487279492,20.0,0.0
152.82329251418932,19.0,0.0
152.83306276995623,18.0,0.0
152.83428354153483,19.0,0.0
152.85048304107855,18.0,0.0
152.8572283930376,19.0,0.0
152.85827243708476,18.0,0.0
152.86591387150813,19.0,0.0
152.87961209290881,20.0,0.0
152.890937023258,19.0,0.0
152.9039561742931,18.0,0.0
152.92325508377263,17.0,0.0
152.93471360200206,16.0,0.0
152.95282386450904,15.0,0.0
152.9543506609625,14.0,0.0
152.96577571375133,13.0,0.0
152.97376136516255,12.0,0.0
152.97507090973755,13.0,0.0
153.01919048358099,12.0,0.0
153.0303372305857,11.0,0.0
153.0424979473206,10.0,0.0
153.04703470251795,9.0,0.0
153.06223504393762,8.0,0.0
153.06919139742564,7.0,0.0
153.08062685712238,6.0,0.0
153.09679818100437,5.0,0.0
153.1095851154222,4.0,0.0
153.1423325638752,3.0,0.0
153.14566405781517,4.0,0.0
153.14860913915712,5.0,0.0
153.1818537185494,4.0,0.0
153.1869828619749,3.0,0.0
153.19165384066153,4.0,0.0
153.20725059567366,3.0,0.0
153.2125955395318,4.0,0.0
153.21746466606768,3.0,0.0
153.2193831836358,2.0,0.0
153.2519468627276,1.0,0.0
153.30272220831807,2.0,0.0
153.31951612589896,1.0,0.0
153.34269078803777,2.0,0.0
153.38357055859564,1.0,0.0
153.38866728601985,2.0,0.0
153.41554721573067,1.0,0.0
153.42606635858635,0.0,0.0
153.4899948973863,1.0,0.0
153.5195314136422,2.0,0.0
153.5484877201143,1.0,0.0
153.5513715279124,2.0,0.0
153.5606006924177,1.0,0.0
153.5614811363681,0.0,0.0
153.60011541839,1.0,0.0
153.60350547832698,2.0,0.0
153.60993791791685,1.0,0.0
153.61076628601904,0.0,0.0
153.620949730001,1.0,0.0
153.62686665133688,0.0,0.0
153.64541662429897,1.0,0.0
153.65075799378656,0.0,0.0
153.73307746863426,1.0,0.0
153.73410458140333,2.0,0.0
153.7605031401421,3.0,0.0
153.77016366648866,4.0,0.0
153.79109234756484,3.0,0.0
153.79281201443303,2.0,0.0
153.79440883813407,3.0,0.0
153.79919633160412,2.0,0.0
153.79938815232435,3.0,0.0
153.85684455035616,2.0,0.0
153.87072966027728,1.0,0.0
153.87933680484264,2.0,0.0
153.88173479423503,1.0,0.0
153.88620676681947,0.0,0.0
153.88757180914513,1.0,0.0
153.8891877498635,2.0,0.0
153.88923866774581,3.0,0.0
153.90212585751684,2.0,0.0
153.9066008634053,3.0,0.0
153.9310964974399,4.0,0.0
153.93180380536575,3.0,0.0
153.9373021692432,2.0,0.0
153.9890679177651,1.0,0.0
153.9993993011788,0.0,0.0
154.04857157308288,1.0,0.0
154.05664900224485,0.0,0.0
154.28228171792958,1.0,0.0
154.31740902198104,0.0,0.0
154.33519685762207,1.0,0.0
154.3512890900775,2.0,0.0
154.3639595293747,3.0,0.0
154.37588271442297,2.0,0.0
154.38062540038683,1.0,0.0
154.3835973035024,0.0,0.0
154.40853096284775,1.0,0.0
154.44866222066895,0.0,0.0
154.45970910700646,1.0,0.0
154.47329687840258,0.0,0.0
154.5030002201481,1.0,0.0
154.5313338845184,0.0,0.0
154.5973606437453,1.0,0.0
154.6746071815219,2.0,0.0
154.7085563430026,1.0,0.0
154.71164398029694,0.0,0.0
154.73843099552525,1.0,0.0
154.74129864043695,2.0,0.0
154.7500023489005,1.0,0.0
154.7505220430372,0.0,0.0
154.78239376646448,1.0,0.0
154.78667659390914,0.0,0.0
154.79233178125673,1.0,0.0
154.80682967289445,0.0,0.0
154.82949781077858,1.0,0.0
154.83749404504033,2.0,0.0
154.91665598530994,1.0,0.0
154.9270493311606,2.0,0.0
154.9553599975996,3.0,0.0
154.95984948999703,2.0,0.0
154.96725071123302,1.0,0.0
155.03525062124586,0.0,0.0
155.0694211167825,1.0,0.0
155.0703431054459,0.0,0.0
155.08950149489738,1.0,0.0
155.09677544971362,0.0,0.0
155.1089649871119,1.0,0.0
155.11752755216767,2.0,0.0
155.13476426891526,3.0,0.0
155.16564775137073,2.0,0.0
155.1759618643574,1.0,0.0
155.2046326606851,0.0,0.0
155.20473214217085,1.0,0.0
155.22304968162564,0.0,0.0
155.24926034110874,1.0,0.0
155.26579334765975,0.0,0.0
155.26599196330284,1.0,0.0
155.28186373804778,0.0,0.0
155.3348219912727,1.0,0.0
155.33612469239245,2.0,0.0
155.37316157635914,1.0,0.0
155.38680179798126,0.0,0.0
155.45552219501303,1.0,0.0
155.46192494400702,0.0,0.0
155.48846391837995,1.0,0.0
155.49394933460826,0.0,0.0
155.50221248087647,1.0,0.0
155.5289434366928,0.0,0.0
155.55057101485716,1.0,0.0
155.55354402343627,2.0,0.0
155.5571042573212,3.0,0.0
155.56195293826448,2.0,0.0
155.56679803677588,1.0,0.0
155.57396037466535,2.0,0.0
155.5851374989606,1.0,0.0
155.6373371495968,2.0,0.0
155.64102051785733,1.0,0.0
155.64593627716118,2.0,0.0
155.65947620132337,1.0,0.0
155.67278621043778,0.0,0.0
155.72155728736465,1.0,0.0
155.7220297052501,2.0,0.0
155.73415325202168,1.0,0.0
155.76476752388768,0.0,0.0
155.78734337498827,1.0,0.0
155.79406603406954,2.0,0.0
155.80118258714106,3.0,0.0
155.80984791912516,2.0,0.0
155.81875377868914,1.0,0.0
155.8360259872709,2.0,0.0
155.83718451429363,1.0,0.0
155.85520482301834,2.0,0.0
155.85660984912116,1.0,0.0
155.86180732057815,0.0,0.0
155.86609067799222,1.0,0.0
155.88320212060347,0.0,0.0
155.9677462343109,1.0,0.0
155.98126946998366,2.0,0.0
155.9855398741272,1.0,0.0
155.98711052465873,0.0,0.0
155.99648410559547,1.0,0.0
156.01881121264927,0.0,0.0
156.04125309539526,1.0,0.0
156.0477587415573,2.0,0.0
156.10501216143,3.0,0.0
156.1182109849191,2.0,0.0
156.127178819036,1.0,0.0
156.1455149841107,0.0,0.0
156.14945298448137,1.0,0.0
156.15478922936066,2.0,0.0
156.17269293698854,1.0,0.0
156.17963287728216,0.0,0.0
156.2453938471922,1.0,0.0
156.2458797477553,0.0,0.0
156.2459422611224,1.0,0.0
156.24860897942943,2.0,0.0
156.25310403829093,1.0,0.0
156.27630822149507,0.0,0.0
156.32709914163243,1.0,0.0
156.3337472248862,0.0,0.0
156.38683761556263,1.0,0.0
156.38984971461565,2.0,0.0
156.39179815562548,1.0,0.0
156.39971314180514,2.0,0.0
156.44820055446533,3.0,0.0
156.45324736504043,2.0,0.0
156.45790809917628,1.0,0.0
156.48996643710677,0.0,0.0
156.52567834398238,1.0,0.0
156.52934808167976,2.0,0.0
156.5400997131178,1.0,0.0
156.54575423432684,0.0,0.0
156.56459121600597,1.0,0.0
156.5791287049414,2.0,0.0
156.58848560619933,1.0,0.0
156.58888464514007,0.0,0.0
156.63459756847035,1.0,0.0
156.63519230663798,2.0,0.0
156.64685832637122,1.0,0.0
156.65548511422384,0.0,0.0
156.6794599307733,1.0,0.0
156.69241172325013,2.0,0.0
156.70545294138068,3.0,0.0
156.7240213028381,2.0,0.0
156.7258113086416,3.0,0.0
156.74658145538766,4.0,0.0
156.74982058302598,3.0,0.0
156.7795766793982,4.0,0.0
156.77996701301095,5.0,0.0
156.7867409534601,6.0,0.0
156.80067718744004,5.0,0.0
156.84322066849336,4.0,0.0
156.86417802472218,5.0,0.0
156.89019635120968,6.0,0.0
156.8963568225332,5.0,0.0
156.8972801511124,6.0,0.0
156.9062126689549,5.0,0.0
156.91150633471077,6.0,0.0
156.9307173421058,7.0,0.0
156.93642125047643,8.0,0.0
156.94883024684864,9.0,0.0
156.9580678499377,8.0,0.0
156.98060866021996,9.0,0.0
156.99602704847678,10.0,0.0
156.9983959406366,9.0,0.0
156.99956327136874,8.0,0.0
157.01045855941373,7.0,0.0
157.01433356867028,6.0,0.0
157.01731463331575,7.0,0.0
157.02317975322353,6.0,0.0
157.02417119713766,5.0,0.0
157.03093523840056,4.0,0.0
157.03133498041822,3.0,0.0
157.04324720200364,4.0,0.0
157.0467604143463,3.0,0.0
157.04873025892445,2.0,0.0
157.04899064096406,1.0,0.0
157.0499621426938,2.0,0.0
157.05898822189081,1.0,0.0
157.07308731694005,0.0,0.0
157.134486801809,1.0,0.0
157.14695006168986,2.0,0.0
157.16366547397212,3.0,0.0
157.17114191099563,4.0,0.0
157.1751983580457,5.0,0.0
157.19767643130135,4.0,0.0
157.2062307584527,5.0,0.0
157.2081062032223,6.0,0.0
157.23846436424296,7.0,0.0
157.24439237323577,6.0,0.0
157.26903015210453,7.0,0.0
157.28962632201345,6.0,0.0
157.2997931111559,5.0,0.0
157.31699835298312,4.0,0.0
157.32647603203935,3.0,0.0
157.33078999758945,2.0,0.0
157.34791847853046,1.0,0.0
157.35337139530907,2.0,0.0
157.3613411387855,3.0,0.0
157.36242125914623,4.0,0.0
157.37256922960404,3.0,0.0
157.37871359237775,4.0,0.0
157.38542956000106,3.0,0.0
157.3975666394951,4.0,0.0
157.39856553638347,3.0,0.0
157.45392231212838,2.0,0.0
157.47685932729976,1.0,0.0
157.47856438003825,2.0,0.0
157.48420639619093,3.0,0.0
157.48521879939491,4.0,0.0
157.49557823339302,5.0,0.0
157.5036939107109,4.0,0.0
157.50528128518403,3.0,0.0
157.51069067306352,2.0,0.0
157.51247147755473,1.0,0.0
157.51514176940177,0.0,0.0
157.541246778671,1.0,0.0
157.54906903727596,2.0,0.0
157.55438817353547,1.0,0.0
157.55995691758957,0.0,0.0
157.57862938473284,1.0,0.0
157.58336802513986,0.0,0.0
157.58814927859052,1.0,0.0
157.5900992366762,2.0,0.0
157.60348239558326,3.0,0.0
157.60636625925608,2.0,0.0
157.60925764007396,3.0,0.0
157.61055844432917,2.0,0.0
157.62439393432956,1.0,0.0
157.62547542375668,2.0,0.0
157.63283210751163,3.0,0.0
157.63420560513893,4.0,0.0
157.64542305032737,5.0,0.0
157.65422632593712,6.0,0.0
157.66090879604133,5.0,0.0
157.66434828648553,6.0,0.0
157.66813215556095,5.0,0.0
157.67927989702744,4.0,0.0
157.68795305909933,3.0,0.0
157.7085324647679,2.0,0.0
157.72938840720465,1.0,0.0
157.73755312806242,2.0,0.0
157.74715332096793,3.0,0.0
157.761871164945,4.0,0.0
157.76368109662715,3.0,0.0
157.77199044245927,4.0,0.0
157.77568548921667,3.0,0.0
157.8013388581771,2.0,0.0
157.8148649630201,1.0,0.0
157.83275530364904,2.0,0.0
157.83731979999973,3.0,0.0
157.85129614458992,2.0,0.0
157.8533656777298,3.0,0.0
157.86401555837395,4.0,0.0
157.8648837067004,5.0,0.0
157.86529748361386,6.0,0.0
157.8767414605902,5.0,0.0
157.89598340745047,4.0,0.0
157.89630570555184,3.0,0.0
157.89649882827257,2.0,0.0
157.90411457963626,3.0,0.0
157.91045084447936,4.0,0.0
157.9185434591192,3.0,0.0
157.92539962082594,4.0,0.0
157.92910303746993,5.0,0.0
157.9331270492641,4.0,0.0
157.93641324957548,5.0,0.0
157.94370245742306,6.0,0.0
157.94875753628517,7.0,0.0
157.9488638453992,8.0,0.0
157.9547334050324,9.0,0.0
157.96491849539365,8.0,0.0
157.9657814885507,7.0,0.0
157.97627195032268,6.0,0.0
157.98164943756177,7.0,0.0
157.99694852942568,8.0,0.0
157.9995785631054,7.0,0.0
158.005688971311,6.0,0.0
158.01021456147834,7.0,0.0
158.01975483187482,6.0,0.0
158.03181169200477,5.0,0.0
158.03942214579325,4.0,0.0
158.05080209423934,3.0,0.0
158.0517913836218,4.0,0.0
158.05565330505627,3.0,0.0
158.06656230567322,2.0,0.0
158.07428851779414,3.0,0.0
158.07989692747043,2.0,0.0
158.0866884672917,1.0,0.0
158.08941526383586,0.0,0.0
158.11204196444723,1.0,0.0
158.13266145861536,0.0,0.0
158.1412558351889,1.0,0.0
158.1736527327858,2.0,0.0
158.19423959648347,3.0,0.0
158.1980680288858,4.0,0.0
158.22766970474584,5.0,0.0
158.23957905756654,6.0,0.0
158.2562878296236,5.0,0.0
158.25668904740817,4.0,0.0
158.2664336399603,3.0,0.0
158.2664753390705,4.0,0.0
158.2733140006223,5.0,0.0
158.286243197339,6.0,0.0
158.29214741705968,7.0,0.0
158.32001283714897,6.0,0.0
158.32223599132124,7.0,0.0
158.3386720879818,8.0,0.0
158.3481483106954,7.0,0.0
158.35384252073854,6.0,0.0
158.36237595602285,7.0,0.0
158.37094035144332,8.0,0.0
158.37111474084628,9.0,0.0
158.37148733708074,8.0,0.0
158.37622863192078,9.0,0.0
158.3838199222975,10.0,0.0
158.3859462367817,11.0,0.0
158.3882248188552,12.0,0.0
158.3983363395041,11.0,0.0
158.40317199083944,10.0,0.0
158.4208313013151,11.0,0.0
158.42475576407935,12.0,0.0
158.4332219432947,11.0,0.0
158.45556804255799,10.0,0.0
158.45982363942963,9.0,0.0
158.46144745681744,8.0,0.0
158.46534839685907,7.0,0.0
158.4717694525864,8.0,0.0
158.4743232335256,7.0,0.0
158.4774990452741,8.0,0.0
158.4851676065437,7.0,0.0
158.48733013573346,8.0,0.0
158.49002904495802,7.0,0.0
158.49536420491233,6.0,0.0
158.49627396454616,7.0,0.0
158.5111850976433,6.0,0.0
158.5240284920479,7.0,0.0
158.53149655938424,8.0,0.0
158.5361834593576,7.0,0.0
158.53658018270266,8.0,0.0
158.54159634829935,9.0,0.0
158.54356327762054,8.0,0.0
158.54807149933876,7.0,0.0
158.55191168517084,8.0,0.0
158.5568619266529,9.0,0.0
158.5596202949119,10.0,0.0
158.56975422404858,11.0,0.0
158.59054127988082,12.0,0.0
158.59886015472063,11.0,0.0
158.6175353000397,10.0,0.0
158.6200449872165,9.0,0.0
158.6332333110267,10.0,0.0
158.63650645827676,11.0,0.0
158.65708052329188,10.0,0.0
158.66292293523628,11.0,0.0
158.6684012500515,12.0,0.0
158.6694365582619,13.0,0.0
158.67689405259304,14.0,0.0
158.68940473266963,15.0,0.0
158.6908217609419,16.0,0.0
158.69193918797967,15.0,0.0
158.69451229353277,16.0,0.0
158.69626051409253,15.0,0.0
158.69767625845998,16.0,0.0
158.69816841046398,15.0,0.0
158.7032999070436,14.0,0.0
158.7129869365575,15.0,0.0
158.72728191285387,14.0,0.0
158.7285828512397,15.0,0.0
158.73522344307432,16.0,0.0
158.74954974869544,17.0,0.0
158.74957181898625,16.0,0.0
158.75155749271212,15.0,0.0
158.75332521724246,14.0,0.0
158.77305523191723,15.0,0.0
158.7792461244988,16.0,0.0
158.78066934066652,17.0,0.0
158.78404525566648,16.0,0.0
158.78854716925582,15.0,0.0
158.79156566797067,16.0,0.0
158.7929805221533,15.0,0.0
158.7967075517027,14.0,0.0
158.7975321163265,15.0,0.0
158.80773678989792,14.0,0.0
158.80883357036896,13.0,0.0
158.80948582042453,14.0,0.0
158.82217334854795,13.0,0.0
158.8274829062793,14.0,0.0
158.82881377890163,13.0,0.0
158.83654254155616,12.0,0.0
158.8416103027453,11.0,0.0
158.8445863306275,12.0,0.0
158.8699090494074,11.0,0.0
158.8745664885886,10.0,0.0
158.8819821270875,11.0,0.0
158.88944642834485,12.0,0.0
158.89158859957243,11.0,0.0
158.89262589438445,12.0,0.0
158.8927436680737,13.0,0.0
158.90531039787064,14.0,0.0
158.90909181947328,13.0,0.0
158.91074220334386,12.0,0.0
158.9134617296396,13.0,0.0
158.93294653159597,14.0,0.0
158.94039560363493,15.0,0.0
158.94188798180363,16.0,0.0
158.94541559335863,17.0,0.0
158.94754720190943,18.0,0.0
158.95469282491024,17.0,0.0
158.96948632507878,16.0,0.0
158.9750371681714,17.0,0.0
158.97625145110638,16.0,0.0
158.9823770714028,15.0,0.0
158.99449411979558,14.0,0.0
158.99602283873125,15.0,0.0
159.0099745102914,14.0,0.0
159.0144486344533,13.0,0.0
159.02284406022127,14.0,0.0
159.02413875210527,15.0,0.0
159.02868900745793,16.0,0.0
159.02875364435187,17.0,0.0
159.03265546352452,16.0,0.0
159.0363939496321,17.0,0.0
159.04140421954745,18.0,0.0
159.04456309620159,19.0,0.0
159.04465780030955,20.0,0.0
159.06999010886267,19.0,0.0
159.0771910946374,20.0,0.0
159.09984201415887,21.0,0.0
159.10985507090112,22.0,0.0
159.1166281591909,21.0,0.0
159.12660105376426,22.0,0.0
159.13650405128107,21.0,0.0
159.1370350867308,22.0,0.0
159.14265699275953,21.0,0.0
159.14827240287923,20.0,0.0
159.15428543045903,21.0,0.0
159.17026225610428,22.0,0.0
159.17604673315023,21.0,0.0
159.1766743783468,22.0,0.0
159.19303056060335,23.0,0.0
159.20010826429447,24.0,0.0
159.20691573743392,25.0,0.0
159.20837169579778,24.0,0.0
159.21009295293788,23.0,0.0
159.21685684623566,24.0,0.0
159.22138622523022,25.0,0.0
159.2319109582908,26.0,0.0
159.24080493178533,27.0,0.0
159.247097242276,28.0,0.0
159.2514799773479,29.0,0.0
159.25658047588868,28.0,0.0
159.2589382113747,29.0,0.0
159.26051402769758,30.0,0.0
159.26276157643116,29.0,0.0
159.26294225373684,30.0,0.0
159.27219376445973,31.0,0.0
159.30419823904322,32.0,0.0
159.30774607190457,31.0,0.0
159.3121580911112,30.0,0.0
159.3208434719672,29.0,0.0
159.32906021153866,28.0,0.0
159.33244803423975,29.0,0.0
159.333854514048,28.0,0.0
159.3341776879278,27.0,0.0
159.34219857118921,28.0,0.0
159.34539703682327,29.0,0.0
159.3486503654432,28.0,0.0
159.34943550894351,29.0,0.0
159.35818042195956,30.0,0.0
159.36473172643014,31.0,0.0
159.36696568719347,32.0,0.0
159.3747915921717,33.0,0.0
159.37633301548894,34.0,0.0
159.3816726961056,33.0,0.0
159.38427690128938,34.0,0.0
159.38946020914793,35.0,0.0
159.39130688508627,34.0,0.0
159.3954228921329,33.0,0.0
159.39663821776128,34.0,0.0
159.40523446414082,33.0,0.0
159.40615076128645,34.0,0.0
159.41469784467114,33.0,0.0
159.4227479368132,32.0,0.0
159.42845162151977,33.0,0.0
159.43100833358244,34.0,0.0
159.43748845900325,33.0,0.0
159.4416318893011,34.0,0.0
159.44500656244563,33.0,0.0
159.44797143546663,32.0,0.0
159.45101573206958,33.0,0.0
159.4558433404268,32.0,0.0
159.45610692124524,31.0,0.0
159.45773557458233,30.0,0.0
159.46065184349223,31.0,0.0
159.46087306643764,32.0,0.0
159.46592691446142,33.0,0.0
159.46975297238595,34.0,0.0
159.47014307939486,33.0,0.0
159.47969848233976,32.0,0.0
159.48559040892079,33.0,0.0
159.4993944550798,32.0,0.0
159.50286662629833,31.0,0.0
159.50841828727297,30.0,0.0
159.5209560091568,31.0,0.0
159.52202068815694,32.0,0.0
159.52468211649557,33.0,0.0
159.53543767233344,34.0,0.0
159.5358346802828,33.0,0.0
159.5379496756195,32.0,0.0
159.5590446137503,33.0,0.0
159.5613812086418,32.0,0.0
159.5689193761759,31.0,0.0
159.57119951437554,30.0,0.0
159.57127127364058,31.0,0.0
159.5755774405107,30.0,0.0
159.57707056456613,29.0,0.0
159.57988933081256,28.0,0.0
159.57997653223444,29.0,0.0
159.58797287012766,30.0,0.0
159.60516223290008,31.0,0.0
159.60634527030382,30.0,0.0
159.61897309794963,29.0,0.0
159.6235239131969,28.0,0.0
159.6273252359229,29.0,0.0
159.64485882895846,28.0,0.0
159.64925838500506,29.0,0.0
159.64974902322365,28.0,0.0
159.65964779720397,29.0,0.0
159.67122024697684,30.0,0.0
159.68092689693032,31.0,0.0
159.68816160815032,32.0,0.0
159.68900822902063,31.0,0.0
159.69921949676282,30.0,0.0
159.71255786412965,31.0,0.0
159.71819817057255,30.0,0.0
159.7182520065005,31.0,0.0
159.7185903740081,30.0,0.0
159.72796968055508,31.0,0.0
159.73482941200564,32.0,0.0
159.7586019089181,31.0,0.0
159.7623795094064,30.0,0.0
159.7654971758202,29.0,0.0
159.77803209544038,28.0,0.0
159.78975864300776,27.0,0.0
159.79974671830033,26.0,0.0
159.80745601496406,25.0,0.0
159.80858423919213,26.0,0.0
159.80891788057227,27.0,0.0
159.8118113728813,26.0,0.0
159.8120079361558,27.0,0.0
159.8132737105417,28.0,0.0
159.81548684962377,29.0,0.0
159.81966030577146,28.0,0.0
159.82105516814684,29.0,0.0
159.82143359356235,30.0,0.0
159.82298597081746,31.0,0.0
159.82430987740804,30.0,0.0
159.8423834699392,29.0,0.0
159.84994602916967,30.0,0.0
159.85522641343857,31.0,0.0
159.86036647161734,32.0,0.0
159.86328464489446,33.0,0.0
159.86362098341255,32.0,0.0
159.8651412888034,33.0,0.0
159.868240853278,32.0,0.0
159.86942718433048,33.0,0.0
159.87307745337813,34.0,0.0
159.87466866174407,33.0,0.0
159.8766603394105,34.0,0.0
159.88334325731506,33.0,0.0
159.8836316336357,34.0,0.0
159.89893541924974,35.0,0.0
159.90237962357304,36.0,0.0
159.9034291714283,35.0,0.0
159.9120240272336,36.0,0.0
159.91593912854063,35.0,0.0
159.91627434628532,36.0,0.0
159.9196182979911,35.0,0.0
159.92674261585717,36.0,0.0
159.9404295114366,35.0,0.0
159.94484854718033,36.0,0.0
159.9450826132022,35.0,0.0
159.95145179784618,36.0,0.0
159.95585946039068,35.0,0.0
159.96186499816443,36.0,0.0
159.9728293751454,35.0,0.0
159.98009905525333,36.0,0.0
159.98349755756124,35.0,0.0
159.99352363469825,36.0,0.0
160.00038819424196,37.0,0.0
160.00211267808143,38.0,0.0
160.00706141740977,39.0,0.0
160.00903936595017,40.0,0.0
160.01847963544077,39.0,0.0
160.01926391862605,38.0,0.0
160.02049674826506,37.0,0.0
160.02077111268522,36.0,0.0
160.02840370456514,37.0,0.0
160.02972235124133,38.0,0.0
160.03051195175732,37.0,0.0
160.03071671020626,38.0,0.0
160.03644129575386,37.0,0.0
160.0410886099474,36.0,0.0
160.04483716762257,37.0,0.0
160.0457143380902,36.0,0.0
160.0495028876191,35.0,0.0
160.05623459264106,34.0,0.0
160.059284142723,33.0,0.0
160.06247618063276,34.0,0.0
160.06532769356502,33.0,0.0
160.06648035912468,32.0,0.0
160.06871636896634,31.0,0.0
160.07584773575206,32.0,0.0
160.0835592995341,31.0,0.0
160.08742324212295,32.0,0.0
160.1022113666434,33.0,0.0
160.10406272341928,34.0,0.0
160.11186604620426,35.0,0.0
160.1146713411425,34.0,0.0
160.11864205085902,35.0,0.0
160.12122789495572,34.0,0.0
160.12619933209217,35.0,0.0
160.13557102851186,36.0,0.0
160.136510412999,37.0,0.0
160.14673573090909,38.0,0.0
160.1473448003189,39.0,0.0
160.14961872233488,38.0,0.0
160.1605729874155,39.0,0.0
160.16598635235357,40.0,0.0
160.16810459956085,39.0,0.0
160.1818867059648,40.0,0.0
160.18703052463607,39.0,0.0
160.19037798638465,40.0,0.0
160.19050065748792,39.0,0.0
160.19103273386074,40.0,0.0
160.19162861118824,39.0,0.0
160.2035471820418,40.0,0.0
160.20402913599514,39.0,0.0
160.20931553075337,40.0,0.0
160.21434779049082,41.0,0.0
160.22115332831908,42.0,0.0
160.22617873797577,41.0,0.0
160.23159070079475,40.0,0.0
160.2326408492823,41.0,0.0
160.23298230303186,40.0,0.0
160.23474272257045,41.0,0.0
160.24482459049483,40.0,0.0
160.2535100567785,41.0,0.0
160.25637659835448,40.0,0.0
160.25954476998146,39.0,0.0
160.2662661222283,40.0,0.0
160.27125723596694,39.0,0.0
160.28154701284373,40.0,0.0
160.29064626374623,41.0,0.0
160.29144252533268,40.0,0.0
160.29869666946334,39.0,0.0
160.31593250047536,40.0,0.0
160.3179267266965,41.0,0.0
160.332737580782,42.0,0.0
160.33652116315974,43.0,0.0
160.35305191918115,44.0,0.0
160.3611849845153,45.0,0.0
160.37264900489453,46.0,0.0
160.37440124361302,47.0,0.0
160.38219645625335,48.0,0.0
160.382266945399,47.0,0.0
160.3858057380717,46.0,0.0
160.38901851593133,45.0,0.0
160.3936278992691,46.0,0.0
160.40573162876623,47.0,0.0
160.4105656111481,46.0,0.0
160.4229146673902,47.0,0.0
160.44256691349153,48.0,0.0
160.44595606163597,49.0,0.0
160.4494030735972,50.0,0.0
160.45577240875141,49.0,0.0
160.45608963887062,48.0,0.0
160.45893656331563,47.0,0.0
160.46189016335634,46.0,0.0
160.46322337899983,47.0,0.0
160.47402130163945,46.0,0.0
160.49110975030007,47.0,0.0
160.50618005545442,48.0,0.0
160.53354551678376,47.0,0.0
160.53540982147356,48.0,0.0
160.53753942780062,47.0,0.0
160.55831814112625,46.0,0.0
160.56028517275996,47.0,0.0
160.56109987742582,48.0,0.0
160.5659216759911,49.0,0.0
160.5783668306518,50.0,0.0
160.58084009584584,51.0,0.0
160.5813702056607,50.0,0.0
160.59810908029334,51.0,0.0
160.5989237750591,52.0,0.0
160.60333039970038,53.0,0.0
160.60411968081942,52.0,0.0
160.6067554901244,53.0,0.0
160.607218640787,52.0,0.0
160.61298233890395,51.0,0.0
160.62846482818225,50.0,0.0
160.63153839716637,51.0,0.0
160.63476105891647,50.0,0.0
160.64263989084287,49.0,0.0
160.64493424076474,48.0,0.0
160.64774742883918,49.0,0.0
160.64856189866904,50.0,0.0
160.6488299741366,51.0,0.0
160.6542512595719,50.0,0.0
160.6559918489539,51.0,0.0
160.65929692703318,52.0,0.0
160.65977333301066,51.0,0.0
160.66062242761194,52.0,0.0
160.67001655610176,53.0,0.0
160.6793508015894,54.0,0.0
160.6803074197705,53.0,0.0
160.6816582233413,52.0,0.0
160.68187884049823,51.0,0.0
160.69645404231133,50.0,0.0
160.69920017753998,49.0,0.0
160.6996617121535,50.0,0.0
160.70868228215483,51.0,0.0
160.72327746403482,52.0,0.0
160.72337522259926,53.0,0.0
160.73963325232822,52.0,0.0
160.74948419028433,51.0,0.0
160.7503733034772,52.0,0.0
160.75655573067775,51.0,0.0
160.76228536983749,50.0,0.0
160.76477671074653,51.0,0.0
160.7689203961678,52.0,0.0
160.77120692420922,53.0,0.0
160.77558179183868,52.0,0.0
160.7834403267848,51.0,0.0
160.78481547320075,50.0,0.0
160.79132969483595,49.0,0.0
160.79153537129494,48.0,0.0
160.79538964904492,47.0,0.0
160.7977853735659,48.0,0.0
160.80006240926923,47.0,0.0
160.80949877403955,48.0,0.0
160.81181452618497,49.0,0.0
160.8193426988287,50.0,0.0
160.82091842165133,51.0,0.0
160.82537723221208,52.0,0.0
160.82890557114717,51.0,0.0
160.8313881806307,52.0,0.0
160.8567350059347,53.0,0.0
160.85909405894827,54.0,0.0
160.86652195356393,53.0,0.0
160.8734209001977,52.0,0.0
160.8796511040366,51.0,0.0
160.88344907552334,52.0,0.0
160.88806544765916,53.0,0.0
160.9062274145191,54.0,0.0
160.91155652020043,55.0,0.0
160.91615464473728,54.0,0.0
160.93113017999838,55.0,0.0
160.93708218635413,54.0,0.0
160.9373064211798,55.0,0.0
160.94438633907978,56.0,0.0
160.94662274782965,57.0,0.0
160.9472980029054,56.0,0.0
160.95307760583708,57.0,0.0
160.9539249023888,58.0,0.0
160.95969705739407,59.0,0.0
160.96177612355166,58.0,0.0
160.96539718476714,59.0,0.0
160.9700091505461,58.0,0.0
160.97082825255873,57.0,0.0
160.9753245962531,56.0,0.0
160.98413914834282,55.0,0.0
160.98862352771135,54.0,0.0
161.0001770040816,55.0,0.0
161.00185251672914,56.0,0.0
161.01567541410694,57.0,0.0
161.0213791614472,56.0,0.0
161.02948289301992,55.0,0.0
161.03003194672974,54.0,0.0
161.03131618609663,55.0,0.0
161.03388574748837,54.0,0.0
161.0406961554205,55.0,0.0
161.04220546254297,56.0,0.0
161.0443208581525,57.0,0.0
161.04835667339762,56.0,0.0
161.05187037333002,55.0,0.0
161.05187750319115,54.0,0.0
161.05263496622558,53.0,0.0
161.06275919693834,52.0,0.0
161.06886690544218,51.0,0.0
161.07294612920177,52.0,0.0
161.08273152992976,51.0,0.0
161.08601924573657,50.0,0.0
161.09413108731937,51.0,0.0
161.09662096571427,50.0,0.0
161.10446395277813,51.0,0.0
161.12825028450612,52.0,0.0
161.13031525794628,53.0,0.0
161.13600741780718,54.0,0.0
161.13625073569926,53.0,0.0
161.13672788026298,54.0,0.0
161.13994125844815,53.0,0.0
161.15219860117844,54.0,0.0
161.15282230941202,55.0,0.0
161.16344752559226,56.0,0.0
161.16716869199914,57.0,0.0
161.1782866547892,58.0,0.0
161.18216646561714,59.0,0.0
161.1856490958918,60.0,0.0
161.18618880568403,61.0,0.0
161.19108299169588,62.0,0.0
161.193663778304,61.0,0.0
161.19752290163524,60.0,0.0
161.1993791321631,59.0,0.0
161.20274656446406,60.0,0.0
161.20658332177874,61.0,0.0
161.20676926229473,62.0,0.0
161.20932157166425,63.0,0.0
161.2133678266716,64.0,0.0
161.21527345925355,63.0,0.0
161.22092753675034,62.0,0.0
161.2240998190128,63.0,0.0
161.22523383805748,64.0,0.0
161.23112178575636,63.0,0.0
161.2400932408581,62.0,0.0
161.24372000855885,63.0,0.0
161.25103454309354,64.0,0.0
161.27004137222542,63.0,0.0
161.27189349152536,64.0,0.0
161.27637202329544,63.0,0.0
161.28032027324778,62.0,0.0
161.2854351484588,63.0,0.0
161.28600624261685,64.0,0.0
161.28766041122321,65.0,0.0
161.29561436623695,66.0,0.0
161.3047942081068,67.0,0.0
161.30869496687544,68.0,0.0
161.3119687545048,67.0,0.0
161.32097191734772,66.0,0.0
161.32442888727374,67.0,0.0
161.32737277502468,66.0,0.0
161.33411070405802,67.0,0.0
161.33933941010935,66.0,0.0
161.34406116788935,65.0,0.0
161.3480185032222,64.0,0.0
161.34998826343673,65.0,0.0
161.35110510786572,64.0,0.0
161.3522569764754,63.0,0.0
161.35452284356663,64.0,0.0
161.36506754883095,65.0,0.0
161.3724039219538,66.0,0.0
161.3824696505911,67.0,0.0
161.38921965516204,68.0,0.0
161.39725256637382,69.0,0.0
161.40339707868736,68.0,0.0
161.40844891352512,67.0,0.0
161.4087891736423,66.0,0.0
161.4234366046192,65.0,0.0
161.42577584914977,66.0,0.0
161.4328282065994,67.0,0.0
161.43562283707317,66.0,0.0
161.43679502913417,67.0,0.0
161.43815144890144,68.0,0.0
161.4442886284833,67.0,0.0
161.44913215679586,66.0,0.0
161.45414322520023,65.0,0.0
161.4628162845419,64.0,0.0
161.47187716416585,63.0,0.0
161.4783503151975,64.0,0.0
161.4823554104464,63.0,0.0
161.4921820938205,64.0,0.0
161.49270099839129,65.0,0.0
161.4927359472771,66.0,0.0
161.49604155417407,65.0,0.0
161.49623643497287,66.0,0.0
161.49724100668018,65.0,0.0
161.50189037652055,66.0,0.0
161.50697865555404,67.0,0.0
161.50742523164595,66.0,0.0
161.50880885586986,67.0,0.0
161.51958418277493,68.0,0.0
161.52519603383845,67.0,0.0
161.53432541592898,68.0,0.0
161.53499983884166,67.0,0.0
161.5359465012281,68.0,0.0
161.53889433289515,67.0,0.0
161.54066040384538,68.0,0.0
161.54076417513724,67.0,0.0
161.55281110248492,66.0,0.0
161.55298398070843,67.0,0.0
161.55481256469227,68.0,0.0
161.55896069211548,67.0,0.0
161.55905217221243,66.0,0.0
161.56007755452424,67.0,0.0
161.5658136015243,68.0,0.0
161.56867605725841,69.0,0.0
161.56956075253254,68.0,0.0
161.57627255001174,69.0,0.0
161.58341217134904,68.0,0.0
161.5869307553336,67.0,0.0
161.58839287537072,66.0,0.0
161.59780405917508,67.0,0.0
161.60045042922508,66.0,0.0
161.60252810954148,67.0,0.0
161.62002223950495,68.0,0.0
161.62196409520106,67.0,0.0
161.6276761384778,66.0,0.0
161.64223315155837,65.0,0.0
161.6543570188797,66.0,0.0
161.66182601757748,67.0,0.0
161.66473835401428,68.0,0.0
161.66936396479372,67.0,0.0
161.66956500721318,66.0,0.0
161.6734541570451,65.0,0.0
161.67577136715713,66.0,0.0
161.67630228903053,65.0,0.0
161.67887080825017,64.0,0.0
161.67951425174076,65.0,0.0
161.68089747572068,64.0,0.0
161.68307147936244,65.0,0.0
161.68742133793495,66.0,0.0
161.68956760994018,67.0,0.0
161.68998463002302,68.0,0.0
161.69161928226785,67.0,0.0
161.6933956626544,66.0,0.0
161.69775360880755,65.0,0.0
161.6981021591088,64.0,0.0
161.7065554116214,65.0,0.0
161.70948825934326,64.0,0.0
161.71069056439595,65.0,0.0
161.71247037860346,66.0,0.0
161.71494497518543,65.0,0.0
161.71627082519706,66.0,0.0
161.71928756097114,67.0,0.0
161.72895171101473,66.0,0.0
161.73053218443377,67.0,0.0
161.734235846398,68.0,0.0
161.74102595365156,67.0,0.0
161.7466412600302,68.0,0.0
161.7520582427042,69.0,0.0
161.75213889248866,70.0,0.0
161.76100986730495,71.0,0.0
161.77332903935803,70.0,0.0
161.77613438332662,71.0,0.0
161.77805724138088,72.0,0.0
161.7945218342279,71.0,0.0
161.7995367838234,70.0,0.0
161.80478570423674,69.0,0.0
161.81651807379765,68.0,0.0
161.82848594597726,69.0,0.0
161.82853258459394,68.0,0.0
161.83910700464935,67.0,0.0
161.8476019425953,68.0,0.0
161.84924131470817,67.0,0.0
161.85448243641457,68.0,0.0
161.85675076083015,67.0,0.0
161.86351665204916,66.0,0.0
161.87554001937625,65.0,0.0
161.87745425610115,66.0,0.0
161.87858758408834,65.0,0.0
161.88739350307443,64.0,0.0
161.90008056585387,65.0,0.0
161.9039924300368,64.0,0.0
161.9169689732892,65.0,0.0
161.91933919436588,64.0,0.0
161.93110138109915,63.0,0.0
161.93613375944136,64.0,0.0
161.9375334499296,63.0,0.0
161.95554500226115,62.0,0.0
161.95701326106962,63.0,0.0
161.98051196040052,64.0,0.0
161.98128796107977,65.0,0.0
161.98198937317156,66.0,0.0
161.98821159582292,65.0,0.0
161.99518266521116,64.0,0.0
161.99636469107665,63.0,0.0
162.00132248684875,62.0,0.0
162.00535144450203,61.0,0.0
162.0072475023361,60.0,0.0
162.0075261515357,59.0,0.0
162.01919378898168,60.0,0.0
162.02228334249517,61.0,0.0
162.02446907964722,60.0,0.0
162.03180142051067,59.0,0.0
162.0366866504523,58.0,0.0
162.0407093842496,59.0,0.0
162.0418017644956,60.0,0.0
162.04629409513947,59.0,0.0
162.0490096386108,60.0,0.0
162.05385038256594,61.0,0.0
162.05463803201977,60.0,0.0
162.06135987115098,61.0,0.0
162.06488725627472,62.0,0.0
162.07436729499244,63.0,0.0
162.0767480030408,64.0,0.0
162.0852488652207,63.0,0.0
162.08768199253743,62.0,0.0
162.09672213617014,61.0,0.0
162.10556939905533,62.0,0.0
162.11296157590107,61.0,0.0
162.11362805230843,62.0,0.0
162.11803102172797,63.0,0.0
162.1228801043732,64.0,0.0
162.135317942058,63.0,0.0
162.13538630361793,64.0,0.0
162.1398431751265,65.0,0.0
162.14008451107316,64.0,0.0
162.14362676579083,65.0,0.0
162.14888831860944,64.0,0.0
162.14994916099974,63.0,0.0
162.1613723441247,62.0,0.0
162.16528710891507,61.0,0.0
162.16965069167475,60.0,0.0
162.17388866866392,59.0,0.0
162.17612639701434,58.0,0.0
162.18349535852096,57.0,0.0
162.1898218459998,56.0,0.0
162.19141504365194,57.0,0.0
162.19774737069588,58.0,0.0
162.2070037951914,57.0,0.0
162.21336665404093,58.0,0.0
162.21612675195482,59.0,0.0
162.21921948299592,60.0,0.0
162.22181249670632,61.0,0.0
162.22379062808517,62.0,0.0
162.22774907737931,63.0,0.0
162.23041317367029,64.0,0.0
162.23915005251743,65.0,0.0
162.2413570361029,66.0,0.0
162.24281569707838,67.0,0.0
162.24893406127683,66.0,0.0
162.25938680902462,67.0,0.0
162.26538497833653,66.0,0.0
162.2661873320713,67.0,0.0
162.27269275879877,66.0,0.0
162.2796230945284,67.0,0.0
162.28201096460808,68.0,0.0
162.287045858633,69.0,0.0
162.2886267162832,70.0,0.0
162.28990212649916,69.0,0.0
162.29037426555107,68.0,0.0
162.2925770670922,67.0,0.0
162.3121640614851,68.0,0.0
162.31233758917395,67.0,0.0
162.3164904024419,66.0,0.0
162.31838791770684,67.0,0.0
162.319465054682,66.0,0.0
162.324511845988,65.0,0.0
162.33206608981413,64.0,0.0
162.34064156418526,65.0,0.0
162.34606604899898,64.0,0.0
162.34962293160294,63.0,0.0
162.35127273649454,62.0,0.0
162.35670577486806,63.0,0.0
162.3668054626468,64.0,0.0
162.38364659725758,65.0,0.0
162.3908319909467,64.0,0.0
162.3933585113785,65.0,0.0
162.39341084925738,64.0,0.0
162.3947437905768,63.0,0.0
162.40874273558234,64.0,0.0
162.4127214323543,65.0,0.0
162.41432875001385,64.0,0.0
162.4155116183397,65.0,0.0
162.4176326703635,66.0,0.0
162.41833518146532,67.0,0.0
162.42577705272157,68.0,0.0
162.42640952640636,69.0,0.0
162.4310485237782,68.0,0.0
162.4400789911171,69.0,0.0
162.44282014891573,70.0,0.0
162.45043962797334,71.0,0.0
162.455224375886,70.0,0.0
162.46410155807894,71.0,0.0
162.47294124902533,70.0,0.0
162.48560528718264,69.0,0.0
162.49422660468667,70.0,0.0
162.494894064905,71.0,0.0
162.49552123133532,70.0,0.0
162.49814847013474,71.0,0.0
162.50887668902294,72.0,0.0
162.52363445229997,73.0,0.0
162.5297100872706,72.0,0.0
162.53332549370904,71.0,0.0
162.54454052668035,72.0,0.0
162.54871255738178,73.0,0.0
162.55984226543436,74.0,0.0
162.56134017819872,75.0,0.0
162.5638716282761,74.0,0.0
162.57151925689666,75.0,0.0
162.57210766053967,76.0,0.0
162.5797232698504,77.0,0.0
162.57978740372798,78.0,0.0
162.58404353017582,77.0,0.0
162.59695112754804,78.0,0.0
162.60571570284563,79.0,0.0
162.60659562875128,78.0,0.0
162.60779408523157,79.0,0.0
162.6116288837435,78.0,0.0
162.62577916103203,79.0,0.0
162.62614206559894,80.0,0.0
162.63536634419188,81.0,0.0
162.63881532408664,82.0,0.0
162.64986906942076,81.0,0.0
162.65948445466515,80.0,0.0
162.6698362702177,81.0,0.0
162.67077191403152,82.0,0.0
162.67434645682945,81.0,0.0
162.70319103762233,82.0,0.0
162.70919797836743,81.0,0.0
162.715890789299,82.0,0.0
162.72911161665917,83.0,0.0
162.73508738998729,84.0,0.0
162.7410409997333,85.0,0.0
162.74310950917453,84.0,0.0
162.74522344459214,85.0,0.0
162.7452486068574,84.0,0.0
162.74672079864797,83.0,0.0
162.75414898654077,84.0,0.0
162.75471273584782,83.0,0.0
162.7736024249095,82.0,0.0
162.78279961253162,83.0,0.0
162.78919574783123,82.0,0.0
162.7932275099677,81.0,0.0
162.79368723828452,82.0,0.0
162.8107157309653,81.0,0.0
162.81871718911353,80.0,0.0
162.8236576029627,79.0,0.0
162.84114918455765,78.0,0.0
162.8442449821419,79.0,0.0
162.85234257481767,78.0,0.0
162.86160424329304,79.0,0.0
162.86240019026377,80.0,0.0
162.86528110462493,81.0,0.0
162.87383180472625,80.0,0.0
162.87801843391236,81.0,0.0
162.88049630445005,80.0,0.0
162.89532620041322,79.0,0.0
162.90162713024063,80.0,0.0
162.90385025932972,79.0,0.0
162.9105647464234,78.0,0.0
162.91730442895968,77.0,0.0
162.9200085516643,76.0,0.0
162.92304464833236,75.0,0.0
162.93843850149244,76.0,0.0
162.94473654029255,77.0,0.0
162.94862138514466,78.0,0.0
162.95027774694753,79.0,0.0
162.95327667830384,80.0,0.0
162.95937271279877,79.0,0.0
162.96093054971115,78.0,0.0
162.96215963577765,79.0,0.0
162.96283125824692,80.0,0.0
162.9672230417752,79.0,0.0
162.984560163019,80.0,0.0
162.98803163589523,81.0,0.0
162.99666183308364,82.0,0.0
163.0026887309452,81.0,0.0
163.00394906523374,80.0,0.0
163.01434949401562,79.0,0.0
163.02500275268417,78.0,0.0
163.02596483296412,77.0,0.0
163.03293571858825,76.0,0.0
163.03308650698642,75.0,0.0
163.037659440531,74.0,0.0
163.04257338298837,75.0,0.0
163.04490090667588,74.0,0.0
163.0454508352097,75.0,0.0
163.0461621100226,74.0,0.0
163.06298792267302,73.0,0.0
163.0699281848017,72.0,0.0
163.0715311799288,71.0,0.0
163.08101645082414,72.0,0.0
163.0845090331111,73.0,0.0
163.08877639151217,72.0,0.0
163.10235692424735,73.0,0.0
163.10345578185718,74.0,0.0
163.1046237054262,75.0,0.0
163.1055453729552,76.0,0.0
163.1079352371729,77.0,0.0
163.11717517621798,76.0,0.0
163.11833808628757,75.0,0.0
163.12411583121926,74.0,0.0
163.13427445239557,73.0,0.0
163.13796746652704,72.0,0.0
163.1409635197832,71.0,0.0
163.14140571355009,70.0,0.0
163.1422725654112,71.0,0.0
163.14771772818855,70.0,0.0
163.1488091512297,69.0,0.0
163.15991852896084,68.0,0.0
163.16762530567485,69.0,0.0
163.17352472360776,68.0,0.0
163.18159100534336,69.0,0.0
163.19074495467476,68.0,0.0
163.19300993705448,67.0,0.0
163.1931427429488,66.0,0.0
163.19490561194164,67.0,0.0
163.19627679738653,68.0,0.0
163.1975365960026,69.0,0.0
163.19755613891385,68.0,0.0
163.19790005614368,69.0,0.0
163.20595100045404,70.0,0.0
163.21050886163258,69.0,0.0
163.21252052326417,70.0,0.0
163.21314289823857,69.0,0.0
163.2193153069718,70.0,0.0
163.23120639391337,71.0,0.0
163.23127501162566,70.0,0.0
163.24007560473578,71.0,0.0
163.2401996035586,72.0,0.0
163.24052433664718,71.0,0.0
163.2481849995869,70.0,0.0
163.24951618574624,71.0,0.0
163.267031706309,72.0,0.0
163.27075771785312,73.0,0.0
163.27115156448264,72.0,0.0
163.27556826968146,71.0,0.0
163.27783541811823,70.0,0.0
163.28169428054227,69.0,0.0
163.28695377797519,68.0,0.0
163.29525792663648,67.0,0.0
163.29686885640615,66.0,0.0
163.29730118665117,65.0,0.0
163.29804538459854,64.0,0.0
163.3069089315951,65.0,0.0
163.30833983202766,66.0,0.0
163.3105624429933,65.0,0.0
163.31456957631664,64.0,0.0
163.32535378917459,65.0,0.0
163.33185385720958,64.0,0.0
163.35061937691455,63.0,0.0
163.35559452851737,62.0,0.0
163.35823898581532,61.0,0.0
163.36394760942042,60.0,0.0
163.36462654105512,59.0,0.0
163.36828218231994,58.0,0.0
163.38157498921882,57.0,0.0
163.38304776278858,58.0,0.0
163.38489804822797,57.0,0.0
163.38687196263513,56.0,0.0
163.38988080902573,57.0,0.0
163.39134718047382,58.0,0.0
163.39272752738603,59.0,0.0
163.40498954676315,60.0,0.0
163.4060352075876,61.0,0.0
163.40617258821928,62.0,0.0
163.40964765649719,63.0,0.0
163.4120687642868,62.0,0.0
163.41576619113297,63.0,0.0
163.42424116383708,64.0,0.0
163.43682919367745,63.0,0.0
163.43722964351696,62.0,0.0
163.44200867293304,61.0,0.0
163.4436860818463,62.0,0.0
163.44463130087792,61.0,0.0
163.45126082634542,60.0,0.0
163.4532079384462,61.0,0.0
163.45778908581315,60.0,0.0
163.46297197016628,59.0,0.0
163.46529272382247,60.0,0.0
163.46580925319904,59.0,0.0
163.46916729687553,58.0,0.0
163.47499067410664,57.0,0.0
163.47565285469207,58.0,0.0
163.4814552595689,59.0,0.0
163.48683527426124,60.0,0.0
163.4884613345825,61.0,0.0
163.49790580215213,60.0,0.0
163.49887350649453,61.0,0.0
163.5014210646688,62.0,0.0
163.50342254403128,61.0,0.0
163.51379553673587,60.0,0.0
163.51956352011115,59.0,0.0
163.52536382533816,60.0,0.0
163.53218126525286,61.0,0.0
163.53757540810884,62.0,0.0
163.54897626399676,63.0,0.0
163.5535055245987,62.0,0.0
163.5583058228831,63.0,0.0
163.5621997889637,64.0,0.0
163.56500985284197,63.0,0.0
163.57502142265434,64.0,0.0
163.5767293312452,65.0,0.0
163.57704260676314,66.0,0.0
163.57745488397586,65.0,0.0
163.5884797797879,64.0,0.0
163.59032985516689,65.0,0.0
163.59858121930975,64.0,0.0
163.60482961067453,65.0,0.0
163.60734912481087,66.0,0.0
163.61511278603822,67.0,0.0
163.61765032461355,68.0,0.0
163.62164993299282,69.0,0.0
163.6265337609864,68.0,0.0
163.64356880604512,67.0,0.0
163.6454087881499,68.0,0.0
163.6507872457193,67.0,0.0
163.679467621521,66.0,0.0
163.68487441221228,65.0,0.0
163.7056227563543,66.0,0.0
163.71080953313322,65.0,0.0
163.71084869370844,64.0,0.0
163.72156027649757,63.0,0.0
163.7219833192852,64.0,0.0
163.72929041544413,63.0,0.0
163.7308374498966,64.0,0.0
163.73920256900323,63.0,0.0
163.7440183608635,62.0,0.0
163.75054575559557,61.0,0.0
163.7602991260721,60.0,0.0
163.7640585676638,59.0,0.0
163.76957587096476,60.0,0.0
163.7732864981351,61.0,0.0
163.78186583346158,62.0,0.0
163.79015117817914,63.0,0.0
163.7994785601798,62.0,0.0
163.79948762819006,63.0,0.0
163.80725688715776,62.0,0.0
163.81308197542953,63.0,0.0
163.81822160224633,62.0,0.0
163.82642916703523,61.0,0.0
163.82849314754108,60.0,0.0
163.83273823396672,59.0,0.0
163.83423699300516,60.0,0.0
163.86132891330294,59.0,0.0
163.86146351292325,60.0,0.0
163.86453628439963,61.0,0.0
163.87252694324076,62.0,0.0
163.88158038625195,63.0,0.0
163.88603855738302,62.0,0.0
163.89114156838713,63.0,0.0
163.9064662721113,64.0,0.0
163.91041443112914,65.0,0.0
163.92176694106553,66.0,0.0
163.9331345634991,65.0,0.0
163.9359553653388,66.0,0.0
163.937512522591,67.0,0.0
163.93787600524533,66.0,0.0
163.94542543854374,67.0,0.0
163.94961843143926,66.0,0.0
163.95203936777912,65.0,0.0
163.96836361502727,64.0,0.0
163.97750199464568,63.0,0.0
163.99425993170195,62.0,0.0
163.99663597554917,63.0,0.0
164.0002768083172,64.0,0.0
164.00199844902676,63.0,0.0
164.00636201461026,62.0,0.0
164.00824600144662,63.0,0.0
164.01070920522915,64.0,0.0
164.01161933997588,65.0,0.0
164.0231067674002,64.0,0.0
164.02857710531603,63.0,0.0
164.02941854779183,64.0,0.0
164.03995852277308,65.0,0.0
164.04034576029628,66.0,0.0
164.04155201497076,67.0,0.0
164.04272096501703,68.0,0.0
164.04377073185293,69.0,0.0
164.05951821124256,68.0,0.0
164.06027912710422,69.0,0.0
164.0611063183041,70.0,0.0
164.06848677815793,69.0,0.0
164.08877350406348,70.0,0.0
164.0943633043195,69.0,0.0
164.0957987970319,70.0,0.0
164.10936776448688,69.0,0.0
164.11046545267723,68.0,0.0
164.1290860430268,67.0,0.0
164.12991586168832,68.0,0.0
164.13433666747008,67.0,0.0
164.13440688099317,66.0,0.0
164.14181490529177,65.0,0.0
164.1450875363113,64.0,0.0
164.15452381056144,65.0,0.0
164.15646628247242,66.0,0.0
164.1596032515616,65.0,0.0
164.1657229894841,64.0,0.0
164.17066879899366,63.0,0.0
164.18288376819874,64.0,0.0
164.18945238765758,63.0,0.0
164.19603183815087,62.0,0.0
164.20621339917162,63.0,0.0
164.24133722968713,64.0,0.0
164.24233671431708,63.0,0.0
164.25003688517702,62.0,0.0
164.25040033413535,63.0,0.0
164.26322707843042,64.0,0.0
164.2672897080968,63.0,0.0
164.2712196126437,64.0,0.0
164.27229105300378,63.0,0.0
164.27587746832765,62.0,0.0
164.27756736479657,61.0,0.0
164.28650871193037,62.0,0.0
164.28777443409766,63.0,0.0
164.3002513499274,64.0,0.0
164.3019365520685,65.0,0.0
164.3159098448583,66.0,0.0
164.3182204054154,65.0,0.0
164.326724425759,64.0,0.0
164.33128122760587,63.0,0.0
164.33185514294718,64.0,0.0
164.3327360119842,63.0,0.0
164.33285215945097,62.0,0.0
164.333548414317,61.0,0.0
164.3689806696737,62.0,0.0
164.3795250953678,61.0,0.0
164.38836386323553,60.0,0.0
164.3971140145745,59.0,0.0
164.39842975203345,60.0,0.0
164.40157639419445,61.0,0.0
164.40873419235373,60.0,0.0
164.4110590188147,61.0,0.0
164.41208123568268,60.0,0.0
164.41613521193824,59.0,0.0
164.4203972769761,58.0,0.0
164.42060212216654,57.0,0.0
164.4246875381094,56.0,0.0
164.4338633081806,57.0,0.0
164.4353124823938,58.0,0.0
164.4374314082372,57.0,0.0
164.442029041966,58.0,0.0
164.44396900757388,59.0,0.0
164.44516765739553,60.0,0.0
164.44737350852432,59.0,0.0
164.45363890054682,60.0,0.0
164.4606514617586,61.0,0.0
164.4631124105089,62.0,0.0
164.4673691078207,61.0,0.0
164.46921823474148,62.0,0.0
164.46929334019387,63.0,0.0
164.47206027287774,62.0,0.0
164.47686579087022,63.0,0.0
164.47993817365688,62.0,0.0
164.4887556636003,61.0,0.0
164.4982871791257,60.0,0.0
164.50213232709459,61.0,0.0
164.50381779221823,60.0,0.0
164.50910999237647,61.0,0.0
164.51247376427798,62.0,0.0
164.51399605891658,61.0,0.0
164.51870049844058,62.0,0.0
164.5214539027607,63.0,0.0
164.5286257816472,64.0,0.0
164.5305675434269,63.0,0.0
164.53965185476395,62.0,0.0
164.5407420703482,61.0,0.0
164.54173358009953,62.0,0.0
164.54583725377083,63.0,0.0
164.5625357015446,62.0,0.0
164.56318466468352,61.0,0.0
164.5970780238673,60.0,0.0
164.611299059062,59.0,0.0
164.61890898123153,60.0,0.0
164.62895237848142,61.0,0.0
164.64435463598886,60.0,0.0
164.6581349445861,59.0,0.0
164.6657490625671,58.0,0.0
164.665822086434,57.0,0.0
164.66951707129513,56.0,0.0
164.67183393900712,57.0,0.0
164.68415367094232,56.0,0.0
164.6884646128401,55.0,0.0
164.69363151892713,56.0,0.0
164.6936739706536,57.0,0.0
164.696791630741,58.0,0.0
164.69850092965086,57.0,0.0
164.70146550950804,56.0,0.0
164.70934462547058,55.0,0.0
164.71447312508073,56.0,0.0
164.72591895875954,55.0,0.0
164.73231686528948,56.0,0.0
164.73713598184372,55.0,0.0
164.74306437907083,56.0,0.0
164.74853945077584,57.0,0.0
164.75950911879934,58.0,0.0
164.7667932736579,57.0,0.0
164.77432029146394,58.0,0.0
164.77777339608977,59.0,0.0
164.7805649664785,60.0,0.0
164.7820202855247,61.0,0.0
164.7872000396533,60.0,0.0
164.8276439461356,61.0,0.0
164.82955477121996,60.0,0.0
164.83559653341388,59.0,0.0
164.8473263409888,58.0,0.0
164.8566062067934,57.0,0.0
164.8669091370595,56.0,0.0
164.86924851313964,55.0,0.0
164.8734635100141,54.0,0.0
164.87628493097162,55.0,0.0
164.87908255750546,54.0,0.0
164.88007281294657,55.0,0.0
164.89528855060166,56.0,0.0
164.8966148972945,55.0,0.0
164.8981681312909,54.0,0.0
164.90699453550315,53.0,0.0
164.90737282442927,54.0,0.0
164.91022696466248,53.0,0.0
164.92897392891038,52.0,0.0
164.93021892771472,53.0,0.0
164.93088504781443,54.0,0.0
164.9310381647579,55.0,0.0
164.94108848505152,54.0,0.0
164.95095003252123,55.0,0.0
164.96266631047394,56.0,0.0
164.9672586264174,55.0,0.0
164.98069479097313,54.0,0.0
164.98435100999288,53.0,0.0
164.9862278434944,54.0,0.0
164.9862862923138,53.0,0.0
164.99196757688185,52.0,0.0
165.0011775026105,53.0,0.0
165.00121416910682,52.0,0.0
165.00439749150436,53.0,0.0
165.01401716560326,52.0,0.0
165.01442879394375,53.0,0.0
165.0367444581183,52.0,0.0
165.03888279293332,53.0,0.0
165.04161077716205,52.0,0.0
165.04326029233485,51.0,0.0
165.04418400601676,52.0,0.0
165.06339623675132,53.0,0.0
165.06465825772818,54.0,0.0
165.06583708900445,55.0,0.0
165.06777513507473,56.0,0.0
165.06961419608177,57.0,0.0
165.07555404292802,58.0,0.0
165.08002150602445,57.0,0.0
165.08270983356243,56.0,0.0
165.08768344445724,57.0,0.0
165.08853713650532,58.0,0.0
165.0899759538943,57.0,0.0
165.09283055214289,58.0,0.0
165.09292631773053,57.0,0.0
165.0999222051017,58.0,0.0
165.11041216865107,59.0,0.0
165.11538213643286,60.0,0.0
165.12155315033857,59.0,0.0
165.1219322050343,60.0,0.0
165.12238444410377,59.0,0.0
165.12458950230965,60.0,0.0
165.12580064890918,59.0,0.0
165.14542121921997,58.0,0.0
165.14780868736727,57.0,0.0
165.15803315109287,56.0,0.0
165.16559280216262,57.0,0.0
165.1904230086337,58.0,0.0
165.19375016950113,59.0,0.0
165.19499666675273,60.0,0.0
165.2008659947399,59.0,0.0
165.2126683035723,58.0,0.0
165.23184693860583,59.0,0.0
165.24296213552486,60.0,0.0
165.25915032463357,59.0,0.0
165.26844782881986,60.0,0.0
165.2795028801967,59.0,0.0
165.28279593906126,58.0,0.0
165.2880074105079,59.0,0.0
165.28995680881835,58.0,0.0
165.30135744653973,59.0,0.0
165.30874978873518,58.0,0.0
165.3179999186888,59.0,0.0
165.3186716151903,60.0,0.0
165.31955833180174,59.0,0.0
165.32664460673516,58.0,0.0
165.32743406686515,57.0,0.0
165.33085103649896,56.0,0.0
165.33091894599815,57.0,0.0
165.33525232668572,58.0,0.0
165.33586674509385,59.0,0.0
165.33996606683073,60.0,0.0
165.34137084968154,59.0,0.0
165.34834283581728,60.0,0.0
165.36373730263205,61.0,0.0
165.36623253125754,62.0,0.0
165.37073877072515,63.0,0.0
165.3770824628475,62.0,0.0
165.37782757309162,63.0,0.0
165.37941871255958,64.0,0.0
165.38876686981465,63.0,0.0
165.39244527619502,64.0,0.0
165.3993830409446,63.0,0.0
165.40003531203422,64.0,0.0
165.40954571695377,65.0,0.0
165.41747485593436,66.0,0.0
165.42298144629964,67.0,0.0
165.42442331433054,68.0,0.0
165.42443535688147,67.0,0.0
165.43197283385058,68.0,0.0
165.44194976064378,69.0,0.0
165.4489849524344,70.0,0.0
165.45214371703852,69.0,0.0
165.45314147100788,68.0,0.0
165.47296297230073,69.0,0.0
165.4760185253612,70.0,0.0
165.48774616104603,69.0,0.0
165.49331781710038,68.0,0.0
165.49352892320735,67.0,0.0
165.49741885521922,68.0,0.0
165.50176438735969,69.0,0.0
165.50384086342413,68.0,0.0
165.51441151339762,69.0,0.0
165.519469126888,68.0,0.0
165.52939505492068,67.0,0.0
165.53143531706812,68.0,0.0
165.58855651693744,67.0,0.0
165.5903234238155,66.0,0.0
165.59675580364876,65.0,0.0
165.59781304544856,66.0,0.0
165.60119529522885,67.0,0.0
165.62428120811296,68.0,0.0
165.6258453392736,69.0,0.0
165.6320309489677,68.0,0.0
165.65074066733322,67.0,0.0
165.65203889151243,66.0,0.0
165.66953785276456,65.0,0.0
165.67817315217562,66.0,0.0
165.6863134026359,65.0,0.0
165.68773602001784,64.0,0.0
165.68776025057875,65.0,0.0
165.68864476233117,64.0,0.0
165.69502239941662,65.0,0.0
165.69848896377732,66.0,0.0
165.69994314924924,67.0,0.0
165.70325736808246,68.0,0.0
165.71422661107908,67.0,0.0
165.71982704780103,68.0,0.0
165.72736960982175,67.0,0.0
165.75486975251133,68.0,0.0
165.75490538770475,67.0,0.0
165.757994170259,68.0,0.0
165.75834483758285,67.0,0.0
165.7663366679466,66.0,0.0
165.76744670066455,65.0,0.0
165.78234850202782,64.0,0.0
165.7934828375157,63.0,0.0
165.7946938242437,62.0,0.0
165.81407156228772,63.0,0.0
165.81458210505411,64.0,0.0
165.826562457665,65.0,0.0
165.83073100785555,64.0,0.0
165.85450214697036,65.0,0.0
165.86196250613548,64.0,0.0
165.86241832044757,63.0,0.0
165.86252039224937,64.0,0.0
165.87190351681036,65.0,0.0
165.88227572178175,66.0,0.0
165.8947416031429,65.0,0.0
165.8965047837149,66.0,0.0
165.902839593636,65.0,0.0
165.9172477452697,66.0,0.0
165.91852918485966,65.0,0.0
165.92038494275087,66.0,0.0
165.93012524638308,65.0,0.0
165.9383988652917,66.0,0.0
165.94149068170302,67.0,0.0
165.94377200147926,66.0,0.0
165.95928191401515,65.0,0.0
165.96042874584398,64.0,0.0
165.96047144576798,63.0,0.0
165.96128322181448,64.0,0.0
165.9633301477173,63.0,0.0
165.96517107736955,62.0,0.0
165.96532883647325,61.0,0.0
165.96696917837983,62.0,0.0
165.96904463900256,61.0,0.0
165.96996448189344,62.0,0.0
165.97055013915252,63.0,0.0
165.975349939285,62.0,0.0
165.97605393963462,63.0,0.0
165.97792275268955,64.0,0.0
165.97905181507417,63.0,0.0
165.9820782707621,62.0,0.0
165.98309489883565,61.0,0.0
165.98657135091491,62.0,0.0
165.99104122160577,61.0,0.0
165.99658844027329,62.0,0.0
166.00350355423987,63.0,0.0
166.00471272735797,62.0,0.0
166.008618427871,61.0,0.0
166.0086788238437,62.0,0.0
166.01056221070897,61.0,0.0
166.01994024894634,60.0,0.0
166.05375844877568,61.0,0.0
166.05627323972175,60.0,0.0
166.06340894461283,61.0,0.0
166.0659613753545,60.0,0.0
166.06923362097305,59.0,0.0
166.07331257908095,60.0,0.0
166.07854203620624,59.0,0.0
166.079716331198,58.0,0.0
166.08007621212082,57.0,0.0
166.0869474077078,58.0,0.0
166.09098471532323,57.0,0.0
166.09159909006723,58.0,0.0
166.10095686064878,59.0,0.0
166.10505797708285,60.0,0.0
166.1116908784035,59.0,0.0
166.1174829295405,58.0,0.0
166.1239732769703,57.0,0.0
166.12651123508974,56.0,0.0
166.14107460962347,55.0,0.0
166.14192444867953,54.0,0.0
166.1446250142491,53.0,0.0
166.17395603055084,54.0,0.0
166.1782722669939,55.0,0.0
166.1901226543512,54.0,0.0
166.1950035364018,53.0,0.0
166.21769101082998,52.0,0.0
166.23209774875713,51.0,0.0
166.23631345721785,50.0,0.0
166.24009349523695,49.0,0.0
166.27037831204217,48.0,0.0
166.27137356314938,49.0,0.0
166.27829922924906,50.0,0.0
166.2785146762906,51.0,0.0
166.28612361801981,50.0,0.0
166.29222878918804,49.0,0.0
166.29897713152266,50.0,0.0
166.30931148944575,51.0,0.0
166.31968645350685,52.0,0.0
166.32172642742879,51.0,0.0
166.32265111408572,52.0,0.0
166.32339038722154,53.0,0.0
166.3292820814286,52.0,0.0
166.33260506430588,53.0,0.0
166.33509195251688,52.0,0.0
166.3419665841825,51.0,0.0
166.348205847632,50.0,0.0
166.37195049873097,49.0,0.0
166.375146649766,50.0,0.0
166.3765446765521,49.0,0.0
166.4104918522265,50.0,0.0
166.4172887469165,49.0,0.0
166.42583744375804,48.0,0.0
166.4313163732531,47.0,0.0
166.43816317674242,48.0,0.0
166.45289579299612,47.0,0.0
166.45731881717896,46.0,0.0
166.471573598698,45.0,0.0
166.47221557759693,44.0,0.0
166.47290932988574,45.0,0.0
166.48373349636654,46.0,0.0
166.49138323526847,45.0,0.0
166.49342407773347,44.0,0.0
166.50335893165453,43.0,0.0
166.5044002174186,42.0,0.0
166.5109591345425,41.0,0.0
166.53081381462988,40.0,0.0
166.5328951045567,39.0,0.0
166.53653849392938,38.0,0.0
166.56380212279228,37.0,0.0
166.56972932316057,36.0,0.0
166.577727590622,35.0,0.0
166.58846783271645,34.0,0.0
166.6053677890536,33.0,0.0
166.61032962305111,32.0,0.0
166.62780290582867,31.0,0.0
166.63252384826686,30.0,0.0
166.63461812533464,31.0,0.0
166.63877238665734,30.0,0.0
166.64929200177218,29.0,0.0
166.64954974264862,28.0,0.0
166.65354865547525,29.0,0.0
166.65495919731944,30.0,0.0
166.65600539297026,29.0,0.0
166.66521548658727,28.0,0.0
166.666981186724,27.0,0.0
166.6775798141499,28.0,0.0
166.69399015929534,29.0,0.0
166.69720703875524,28.0,0.0
166.7027106217166,29.0,0.0
166.70322818423,30.0,0.0
166.7046476144555,29.0,0.0
166.71090665567485,30.0,0.0
166.71399654181027,29.0,0.0
166.71446975701232,30.0,0.0
166.72874827371535,31.0,0.0
166.72985335741265,30.0,0.0
166.73328809744677,31.0,0.0
166.7350613437335,30.0,0.0
166.73694138182194,31.0,0.0
166.7513062920616,30.0,0.0
166.75203144651974,29.0,0.0
166.75247083313224,28.0,0.0
166.7786293032095,29.0,0.0
166.78364073049212,28.0,0.0
166.79191038541265,27.0,0.0
166.80169992706513,26.0,0.0
166.8064304015452,25.0,0.0
166.8205108036677,24.0,0.0
166.82729221023723,23.0,0.0
166.82797163455427,22.0,0.0
166.82996751123915,21.0,0.0
166.83634068704407,22.0,0.0
166.83661103045708,21.0,0.0
166.8446533509738,20.0,0.0
166.84529131553967,19.0,0.0
166.8473626147695,18.0,0.0
166.87163929051331,17.0,0.0
166.87392563290098,16.0,0.0
166.88261848989268,15.0,0.0
166.88738377261137,14.0,0.0
166.89042647545938,13.0,0.0
166.8926416989417,14.0,0.0
166.8973701707271,13.0,0.0
166.8999409032868,14.0,0.0
166.91189317655082,15.0,0.0
166.9231851782298,14.0,0.0
166.93812716309864,13.0,0.0
166.9391874335231,12.0,0.0
166.95475229973306,11.0,0.0
166.95969031497157,10.0,0.0
166.96247405800818,11.0,0.0
166.965335601795,12.0,0.0
166.99781021933848,13.0,0.0
167.0009252023038,14.0,0.0
167.03408674048927,15.0,0.0
167.03770405922765,14.0,0.0
167.04442691419587,13.0,0.0
167.0449306853054,12.0,0.0
167.06225782662983,13.0,0.0
167.06371598956295,12.0,0.0
167.06791644722315,11.0,0.0
167.0698542470596,10.0,0.0
167.0774779307707,11.0,0.0
167.07922154674938,10.0,0.0
167.08006221363377,9.0,0.0
167.08186158380948,10.0,0.0
167.08510660784475,9.0,0.0
167.0864233922161,8.0,0.0
167.1039595018988,9.0,0.0
167.10862404099976,8.0,0.0
167.10997928430368,7.0,0.0
167.11140726214643,6.0,0.0
167.11681696549672,7.0,0.0
167.12994921409546,6.0,0.0
167.13257651530787,5.0,0.0
167.13349904035766,6.0,0.0
167.14977970806484,5.0,0.0
167.16204593045853,4.0,0.0
167.16840676388279,5.0,0.0
167.17475148415141,6.0,0.0
167.17940801071356,5.0,0.0
167.18611720905938,6.0,0.0
167.1978187350336,5.0,0.0
167.2042007609396,6.0,0.0
167.21188244095273,5.0,0.0
167.22234780318925,4.0,0.0
167.2319456631955,3.0,0.0
167.23286586111382,2.0,0.0
167.24096186279868,1.0,0.0
167.25499760514555,0.0,0.0
167.2829182457929,1.0,0.0
167.30393803442777,2.0,0.0
167.30756313525046,1.0,0.0
167.31140216113857,2.0,0.0
167.32398875443806,3.0,0.0
167.33600460495632,4.0,0.0
167.33630941757883,3.0,0.0
167.34232254332,2.0,0.0
167.3551014836508,1.0,0.0
167.35611354039764,2.0,0.0
167.397418603578,1.0,0.0
167.41248894131465,2.0,0.0
167.42585414792944,1.0,0.0
167.42643807354415,0.0,0.0
167.42990820512912,1.0,0.0
167.43634458909503,2.0,0.0
167.44385597055293,1.0,0.0
167.49210869112935,2.0,0.0
167.49578303872767,3.0,0.0
167.4977276701162,2.0,0.0
167.5055542555677,1.0,0.0
167.50636221013224,2.0,0.0
167.52614088445674,1.0,0.0
167.52853168186454,2.0,0.0
167.5327658613958,3.0,0.0
167.5466631232287,4.0,0.0
167.55606701113356,3.0,0.0
167.56239541420223,2.0,0.0
167.58128863226662,1.0,0.0
167.59232888430134,0.0,0.0
167.60168612925364,1.0,0.0
167.60353422807572,0.0,0.0
167.60891596245335,1.0,0.0
167.61036580982534,2.0,0.0
167.61624370452364,3.0,0.0
167.6394557994663,4.0,0.0
167.64581343857935,3.0,0.0
167.64995290526014,4.0,0.0
167.66475247189604,5.0,0.0
167.67563135438058,6.0,0.0
167.69013118250712,7.0,0.0
167.6967274705651,6.0,0.0
167.70098753763335,7.0,0.0
167.702268220446,6.0,0.0
167.7029985356765,5.0,0.0
167.70887257852303,6.0,0.0
167.71464827972866,7.0,0.0
167.7194351396301,6.0,0.0
167.7200112369113,5.0,0.0
167.72344276218897,6.0,0.0
167.7264856121708,5.0,0.0
167.74154859613577,6.0,0.0
167.74433315843754,7.0,0.0
167.750905297613,6.0,0.0
167.77567765219266,5.0,0.0
167.8011676053243,6.0,0.0
167.81104296948763,7.0,0.0
167.81679566142756,6.0,0.0
167.82278373231398,7.0,0.0
167.82430291267178,6.0,0.0
167.8497888099295,5.0,0.0
167.85632329462086,4.0,0.0
167.87138251916855,3.0,0.0
167.90368063453838,4.0,0.0
167.90569282181806,5.0,0.0
167.9177833187112,4.0,0.0
167.92993711797024,5.0,0.0
167.9436179420177,4.0,0.0
167.95757209243428,3.0,0.0
167.96000549114163,2.0,0.0
167.9653461692153,1.0,0.0
167.98446784690356,0.0,0.0
167.99331486035942,1.0,0.0
167.99670661412074,0.0,0.0
167.9980423473619,1.0,0.0
167.99831398227602,2.0,0.0
168.02091719196395,3.0,0.0
168.02386486592079,2.0,0.0
168.02418981156882,1.0,0.0
168.03049883705967,0.0,0.0
168.08105065599142,1.0,0.0
168.10301142399572,0.0,0.0
168.1290784972132,1.0,0.0
168.14179870334783,2.0,0.0
168.14985447795488,3.0,0.0
168.15389098383315,2.0,0.0
168.15833986121606,1.0,0.0
168.17778367063366,2.0,0.0
168.18251311532893,1.0,0.0
168.19161458854865,2.0,0.0
168.19491780416922,3.0,0.0
168.2008346454768,2.0,0.0
168.21029301034253,3.0,0.0
168.2437697601986,2.0,0.0
168.24416784715172,3.0,0.0
168.24806717945108,4.0,0.0
168.25061996296947,3.0,0.0
168.2615199566252,4.0,0.0
168.28032489629214,3.0,0.0
168.28159652262488,4.0,0.0
168.2939881506355,3.0,0.0
168.29618295280488,2.0,0.0
168.299469070699,1.0,0.0
168.3275908785215,2.0,0.0
168.3362261631997,1.0,0.0
168.3554900150388,0.0,0.0
168.40517323201738,1.0,0.0
168.42286449343376,2.0,0.0
168.42458096325907,1.0,0.0
168.44128682325055,2.0,0.0
168.44369486919916,3.0,0.0
168.46517001136604,4.0,0.0
168.47163898412776,5.0,0.0
168.47195769534548,4.0,0.0
168.47648067301722,3.0,0.0
168.51268850313608,4.0,0.0
168.5259145551415,3.0,0.0
168.52960335857622,2.0,0.0
168.5407920948768,1.0,0.0
168.54569601614975,0.0,0.0
168.57075269974032,1.0,0.0
168.58718230385378,0.0,0.0
168.61675303851175,1.0,0.0
168.61786893192937,2.0,0.0
168.62001178271913,1.0,0.0
168.6254290402138,2.0,0.0
168.62871761159366,1.0,0.0
168.65298673064848,2.0,0.0
168.67638857653012,1.0,0.0
168.68190121858586,0.0,0.0
168.73557490876487,1.0,0.0
168.75548170370885,2.0,0.0
168.78281054371502,3.0,0.0
168.80610836963274,4.0,0.0
168.83346528203725,5.0,0.0
168.83447004347218,4.0,0.0
168.83961781468236,3.0,0.0
168.85358707487188,4.0,0.0
168.85460007542497,3.0,0.0
168.85840538986648,4.0,0.0
168.86423203671654,3.0,0.0
168.8967020083001,4.0,0.0
168.89780736919104,3.0,0.0
168.91460321899876,4.0,0.0
168.91901238853,5.0,0.0
168.93137719757556,4.0,0.0
168.93303458964508,3.0,0.0
168.93514033881448,2.0,0.0
168.9356609279446,1.0,0.0
168.95082444124623,2.0,0.0
168.9523449975315,3.0,0.0
168.96342008969395,2.0,0.0
168.9666463272188,3.0,0.0
168.97479537109382,4.0,0.0
168.9847651813716,3.0,0.0
168.9925233762381,2.0,0.0
168.9947827652406,3.0,0.0
169.00024430835683,4.0,0.0
169.0250236897454,3.0,0.0
169.02585434320966,2.0,0.0
169.02593269261774,1.0,0.0
169.04697113427792,0.0,0.0
169.05619676442674,1.0,0.0
169.05800154976816,0.0,0.0
169.0602022833702,1.0,0.0
169.08220130086374,0.0,0.0
169.0886582605896,1.0,0.0
169.10639027397025,0.0,0.0
169.1455528209456,1.0,0.0
169.1460512046571,0.0,0.0
169.25508972726647,1.0,0.0
169.28046928852538,0.0,0.0
169.31993004361945,1.0,0.0
169.3254702128806,0.0,0.0
169.40092601630525,1.0,0.0
169.40204493537706,0.0,0.0
169.53490793924612,1.0,0.0
169.54255760357728,2.0,0.0
169.54300959534643,1.0,0.0
169.54456410904288,0.0,0.0
169.6000690053269,1.0,0.0
169.62188137679416,0.0,0.0
169.64777792748106,1.0,0.0
169.65961571719708,0.0,0.0
169.6969673763429,1.0,0.0
169.70132020812636,2.0,0.0
169.70931230228769,1.0,0.0
169.72060327402085,0.0,0.0
169.76141328337195,1.0,0.0
169.7821937198874,2.0,0.0
169.80973670614145,3.0,0.0
169.82264773981464,2.0,0.0
169.84044913002765,1.0,0.0
169.86030015364716,0.0,0.0
169.88204159178304,1.0,0.0
169.888741985864,0.0,0.0
169.8970349880357,1.0,0.0
169.90917690928953,0.0,0.0
169.93479343230214,1.0,0.0
169.94116032734246,2.0,0.0
169.94619731754395,1.0,0.0
169.95586645158207,2.0,0.0
169.956638728364,1.0,0.0
169.9852863994589,0.0,0.0
170.0547033359436,1.0,0.0
170.07057137556743,0.0,0.0
170.09127910459614,1.0,0.0
170.0915301313117,0.0,0.0
170.16870570777544,1.0,0.0
170.17123933492508,2.0,0.0
170.20083797720946,1.0,0.0
170.20585430317422,0.0,0.0
170.21168295159595,1.0,0.0
170.21809615744672,0.0,0.0
170.25675366847224,1.0,0.0
170.27184953421175,0.0,0.0
170.31166611790167,1.0,0.0
170.3121968963996,0.0,0.0
170.31801803181762,1.0,0.0
170.3267554959248,0.0,0.0
170.34131835794003,1.0,0.0
170.35791522922565,0.0,0.0
170.36636502415598,1.0,0.0
170.36801977333997,2.0,0.0
170.36897228357756,1.0,0.0
170.3824883524898,2.0,0.0
170.3960365655403,3.0,0.0
170.42263818846956,2.0,0.0
170.43152138968205,1.0,0.0
170.44382595191928,2.0,0.0
170.45238010512813,3.0,0.0
170.47065011981223,4.0,0.0
170.47183407697156,3.0,0.0
170.4772261429731,2.0,0.0
170.48280674262318,1.0,0.0
170.4951981622623,2.0,0.0
170.51133611156266,3.0,0.0
170.51741186038223,4.0,0.0
170.52295040323747,5.0,0.0
170.54892829767465,4.0,0.0
170.5522603420446,5.0,0.0
170.55919684951294,6.0,0.0
170.55961927180095,5.0,0.0
170.5640558262137,4.0,0.0
170.58484937798002,5.0,0.0
170.60328693636032,4.0,0.0
170.6152172934542,3.0,0.0
170.6193283238928,2.0,0.0
170.62603580639157,1.0,0.0
170.63032709925804,0.0,0.0
170.661530513838,1.0,0.0
170.66508987790996,2.0,0.0
170.67091948237507,3.0,0.0
170.70447002315643,2.0,0.0
170.70851821581684,1.0,0.0
170.71930404625598,2.0,0.0
170.76621746557655,1.0,0.0
170.77191271700713,2.0,0.0
170.7758623448582,1.0,0.0
170.7853049148264,2.0,0.0
170.78730695591662,3.0,0.0
170.7879545395563,4.0,0.0
170.78931499820294,3.0,0.0
170.79524598989508,2.0,0.0
170.79611348327964,1.0,0.0
170.82198112495175,2.0,0.0
170.82902600431333,3.0,0.0
170.8302937005318,2.0,0.0
170.83386360554672,1.0,0.0
170.84076285608063,2.0,0.0
170.85976894053886,1.0,0.0
170.8646920581857,0.0,0.0
170.88028579060426,1.0,0.0
170.89257861709524,2.0,0.0
170.8952694883656,3.0,0.0
170.90796746086693,4.0,0.0
170.93498400726017,5.0,0.0
170.950186189779,6.0,0.0
170.95275757088694,7.0,0.0
170.9623488031442,6.0,0.0
170.96921649971662,5.0,0.0
170.9724700562763,6.0,0.0
170.97569159747613,5.0,0.0
170.97626497638424,6.0,0.0
170.97676590245965,7.0,0.0
170.97795472898073,6.0,0.0
171.01308393328497,5.0,0.0
171.01445163842814,6.0,0.0
171.01906567542983,5.0,0.0
171.0475874995345,6.0,0.0
171.0524560753571,7.0,0.0
171.05390124442036,8.0,0.0
171.0541073089112,7.0,0.0
171.07180028881373,6.0,0.0
171.08669780619343,5.0,0.0
171.08970557980305,4.0,0.0
171.0985022533774,3.0,0.0
171.10425983771495,2.0,0.0
171.11146810852912,3.0,0.0
171.11233223116653,2.0,0.0
171.11345179651312,3.0,0.0
171.12713619064323,2.0,0.0
171.12854181574693,3.0,0.0
171.13061288189652,4.0,0.0
171.136665912028,5.0,0.0
171.15798559010716,4.0,0.0
171.16889751100163,5.0,0.0
171.20162102109765,6.0,0.0
171.202599233991,7.0,0.0
171.2167457964598,8.0,0.0
171.22051152454713,7.0,0.0
171.23455381004294,6.0,0.0
171.25398078778613,7.0,0.0
171.2555963982307,8.0,0.0
171.26205562733927,7.0,0.0
171.27146646569426,6.0,0.0
171.27652065113426,7.0,0.0
171.27794327585943,6.0,0.0
171.28107798395456,7.0,0.0
171.28171483415002,6.0,0.0
171.30024134104835,7.0,0.0
171.31277996334165,6.0,0.0
171.32212613882706,5.0,0.0
171.33128226197312,6.0,0.0
171.33170512643972,7.0,0.0
171.34319415205874,8.0,0.0
171.34748907738336,9.0,0.0
171.35633415307922,8.0,0.0
171.36061111515107,7.0,0.0
171.3855970960455,8.0,0.0
171.40761113116767,7.0,0.0
171.4272896762925,6.0,0.0
171.4273345418037,7.0,0.0
171.43082419612162,6.0,0.0
171.46191073267113,7.0,0.0
171.46539610913916,8.0,0.0
171.46912005023057,7.0,0.0
171.474642852742,6.0,0.0
171.47504555267292,7.0,0.0
171.47833896507422,8.0,0.0
171.51045090175276,9.0,0.0
171.51086940866995,8.0,0.0
171.5124831910852,9.0,0.0
171.5230566552699,8.0,0.0
171.5231016559395,9.0,0.0
171.5247538330416,10.0,0.0
171.5277191322081,9.0,0.0
171.53775066156606,8.0,0.0
171.55108173376067,9.0,0.0
171.55285514599555,8.0,0.0
171.55970486758054,9.0,0.0
171.5747412874962,10.0,0.0
171.57573371768416,11.0,0.0
171.57678352984294,10.0,0.0
171.58248027124867,9.0,0.0
171.59936233642682,8.0,0.0
171.6059720670293,9.0,0.0
171.61725978975593,10.0,0.0
171.62159399732036,11.0,0.0
171.62628847449264,12.0,0.0
171.6392923866902,11.0,0.0
171.64638124767077,12.0,0.0
171.65621828204553,13.0,0.0
171.66045516795586,14.0,0.0
171.66444712972486,13.0,0.0
171.67958973176812,12.0,0.0
171.68045268651684,13.0,0.0
171.6899249299572,14.0,0.0
171.6975822465987,13.0,0.0
171.70091556322825,12.0,0.0
171.71241072614038,11.0,0.0
171.72125096927198,10.0,0.0
171.73063658488837,11.0,0.0
171.7348823292317,10.0,0.0
171.75305521919668,9.0,0.0
171.75982150280845,10.0,0.0
171.76114644333197,11.0,0.0
171.77169955912362,12.0,0.0
171.77938586310077,11.0,0.0
171.78546137477068,12.0,0.0
171.79053441198283,11.0,0.0
171.79160186971663,12.0,0.0
171.79213213614915,13.0,0.0
171.80411960499077,12.0,0.0
171.8063874414004,13.0,0.0
171.83934905434987,12.0,0.0
171.84664894306346,11.0,0.0
171.84980562427276,12.0,0.0
171.8525124028235,13.0,0.0
171.86940309805175,12.0,0.0
171.87072063378494,11.0,0.0
171.8755804827476,10.0,0.0
171.87819305431816,11.0,0.0
171.8790505678938,12.0,0.0
171.89919338112202,13.0,0.0
171.90139160745412,14.0,0.0
171.90252091165766,15.0,0.0
171.9057709164461,14.0,0.0
171.91461765398614,13.0,0.0
171.9216862822491,12.0,0.0
171.9236152223186,13.0,0.0
171.9240034632382,14.0,0.0
171.93910613921773,15.0,0.0
171.94203922146335,14.0,0.0
171.94756124085333,13.0,0.0
171.94811513280465,14.0,0.0
171.94920250923903,15.0,0.0
171.95207379554833,14.0,0.0
171.95225449509888,13.0,0.0
171.96213793809227,14.0,0.0
171.96865482837524,13.0,0.0
171.972036779929,12.0,0.0
171.99672423290198,11.0,0.0
171.99779490003505,12.0,0.0
172.00612899067045,13.0,0.0
172.00930293445765,12.0,0.0
172.019959625217,11.0,0.0
172.02164119259868,10.0,0.0
172.02755194752766,11.0,0.0
172.03525893618652,12.0,0.0
172.03664880315353,13.0,0.0
172.03987154121126,12.0,0.0
172.04460874286332,11.0,0.0
172.04581886450313,10.0,0.0
172.04823260719795,9.0,0.0
172.06545638987708,8.0,0.0
172.07445375375718,9.0,0.0
172.08157195051808,8.0,0.0
172.08691555853227,9.0,0.0
172.0874687639816,10.0,0.0
172.10126375299768,11.0,0.0
172.10249234895483,10.0,0.0
172.10864220177365,11.0,0.0
172.11438752585542,12.0,0.0
172.11643252217243,13.0,0.0
172.120776749401,14.0,0.0
172.12618022869006,15.0,0.0
172.12868989207976,14.0,0.0
172.13703323954908,15.0,0.0
172.13708411559497,14.0,0.0
172.14376247689103,13.0,0.0
172.14491940213924,12.0,0.0
172.1645580056813,11.0,0.0
172.16646115410674,10.0,0.0
172.1732989163453,9.0,0.0
172.18437880429923,10.0,0.0
172.19280842563583,9.0,0.0
172.22941426950868,8.0,0.0
172.23048498779303,7.0,0.0
172.23207864359512,8.0,0.0
172.23248629908653,9.0,0.0
172.23747794219798,8.0,0.0
172.24002901907662,7.0,0.0
172.24178367503134,6.0,0.0
172.2442716445342,5.0,0.0
172.24803135308716,4.0,0.0
172.24947061036607,5.0,0.0
172.25071669348432,6.0,0.0
172.25943279288236,7.0,0.0
172.27859831411098,6.0,0.0
172.30326600938398,5.0,0.0
172.30379533011458,4.0,0.0
172.32956215187937,5.0,0.0
172.33253335657295,4.0,0.0
172.33846360714486,5.0,0.0
172.3401744840701,4.0,0.0
172.34209187000192,5.0,0.0
172.34356262394752,6.0,0.0
172.34605780314592,7.0,0.0
172.3482030167653,6.0,0.0
172.35016451511595,5.0,0.0
172.35746493644385,4.0,0.0
172.3751198570982,3.0,0.0
172.40295256910704,2.0,0.0
172.44045228020644,3.0,0.0
172.44086482361294,2.0,0.0
172.44354255810663,3.0,0.0
172.4504031031468,2.0,0.0
172.47219405288686,1.0,0.0
172.4725305491158,0.0,0.0
172.48481862350616,1.0,0.0
172.524046837687,2.0,0.0
172.52623713944752,1.0,0.0
172.52816008681324,0.0,0.0
172.5594014525769,1.0,0.0
172.6060301898583,2.0,0.0
172.62561239920282,3.0,0.0
172.6256201263417,4.0,0.0
172.62746832480352,3.0,0.0
172.63184501195417,4.0,0.0
172.65501618328298,3.0,0.0
172.65793413109466,2.0,0.0
172.65918389538842,3.0,0.0
172.66596772787872,4.0,0.0
172.6662536105535,3.0,0.0
172.66987791141054,2.0,0.0
172.67261577063317,1.0,0.0
172.68883919360115,2.0,0.0
172.70522074015062,3.0,0.0
172.70645715191327,2.0,0.0
172.71675890700038,1.0,0.0
172.72691462354945,2.0,0.0
172.7283957309977,3.0,0.0
172.74573450185355,4.0,0.0
172.75644827895488,3.0,0.0
172.76859380406236,4.0,0.0
172.7690089584152,5.0,0.0
172.77095376292868,6.0,0.0
172.77504297697408,5.0,0.0
172.78011552953114,6.0,0.0
172.7803446265793,5.0,0.0
172.78333694662243,4.0,0.0
172.800458735246,3.0,0.0
172.8080321769178,4.0,0.0
172.82100124435277,5.0,0.0
172.83217509774144,4.0,0.0
172.8470543482332,3.0,0.0
172.850997900981,4.0,0.0
172.86072368575702,3.0,0.0
172.87465708100115,4.0,0.0
172.88605270815228,5.0,0.0
172.88911629279534,4.0,0.0
172.89313248222044,3.0,0.0
172.8988121411698,2.0,0.0
172.91094164123015,3.0,0.0
172.91286191280244,4.0,0.0
172.91465253730095,3.0,0.0
172.91565413841212,4.0,0.0
172.91643276419555,3.0,0.0
172.9174775880341,4.0,0.0
172.92120646808155,5.0,0.0
172.92129395910862,4.0,0.0
172.9342029888741,5.0,0.0
172.93428267547057,4.0,0.0
172.93762364670627,5.0,0.0
172.9406346554248,4.0,0.0
172.94468266707125,3.0,0.0
172.95085730482162,4.0,0.0
172.95090673654187,3.0,0.0
172.95555395430782,4.0,0.0
172.9677508193981,3.0,0.0
172.96958557457071,4.0,0.0
172.97392367904513,5.0,0.0
172.97430563337522,6.0,0.0
172.98071486812822,7.0,0.0
172.98579689178766,6.0,0.0
173.0091365162507,7.0,0.0
173.01473245026114,8.0,0.0
173.0222655158645,9.0,0.0
173.02574672031483,10.0,0.0
173.02769939338677,11.0,0.0
173.03887406121999,12.0,0.0
173.04479946043412,11.0,0.0
173.04901966399288,12.0,0.0
173.0566024977067,13.0,0.0
173.07166243151076,14.0,0.0
173.07267649202336,13.0,0.0
173.08369018447385,12.0,0.0
173.08919313162718,13.0,0.0
173.09371358384627,14.0,0.0
173.09936880193735,13.0,0.0
173.1078648486465,12.0,0.0
173.11966986575385,13.0,0.0
173.12231373670963,14.0,0.0
173.12719074851762,13.0,0.0
173.1310744766457,14.0,0.0
173.14036012244696,15.0,0.0
173.14965225598272,16.0,0.0
173.15597856492994,17.0,0.0
173.16219257875954,16.0,0.0
173.17522092940112,17.0,0.0
173.1846553325232,16.0,0.0
173.18562936395264,15.0,0.0
173.18894656884575,16.0,0.0
173.19046972437908,17.0,0.0
173.20040365619528,18.0,0.0
173.20357743467477,19.0,0.0
173.20390553450977,18.0,0.0
173.21008805346872,19.0,0.0
173.21267122884151,18.0,0.0
173.21987015755312,17.0,0.0
173.23224207457926,18.0,0.0
173.23762321626754,17.0,0.0
173.24306552897173,18.0,0.0
173.24327425743704,19.0,0.0
173.26703243189007,18.0,0.0
173.27074140267868,17.0,0.0
173.27409024902212,16.0,0.0
173.3167834026845,17.0,0.0
173.3310552625962,16.0,0.0
173.33151052569798,15.0,0.0
173.34226521512963,14.0,0.0
173.3456414314773,13.0,0.0
173.35341720976544,14.0,0.0
173.36943008200757,15.0,0.0
173.3724563408721,16.0,0.0
173.37597413863668,17.0,0.0
173.38461879261598,18.0,0.0
173.39549922040044,19.0,0.0
173.4060498935425,20.0,0.0
173.42440110583152,21.0,0.0
173.42503468362756,20.0,0.0
173.43558694874875,19.0,0.0
173.43877048828261,18.0,0.0
173.44092953092485,19.0,0.0
173.44207962208012,18.0,0.0
173.44600028831096,19.0,0.0
173.4608296269897,20.0,0.0
173.46146603151192,21.0,0.0
173.47474313861323,20.0,0.0
173.49764805534886,21.0,0.0
173.50390816190378,22.0,0.0
173.50716763027086,21.0,0.0
173.5327248444268,20.0,0.0
173.53746899693164,21.0,0.0
173.53945102663587,22.0,0.0
173.54070269672584,23.0,0.0
173.54481786321756,24.0,0.0
173.55000412034136,23.0,0.0
173.55331977430845,22.0,0.0
173.5598658747131,23.0,0.0
173.56301212722278,24.0,0.0
173.56424680560778,23.0,0.0
173.5670493543761,24.0,0.0
173.5675922527574,25.0,0.0
173.57796909599813,26.0,0.0
173.58001060044018,27.0,0.0
173.58070133621047,28.0,0.0
173.58144565269666,27.0,0.0
173.58464096974103,26.0,0.0
173.59155025116928,25.0,0.0
173.60852580198215,24.0,0.0
173.61357814523734,23.0,0.0
173.62535840863808,24.0,0.0
173.62919237362183,23.0,0.0
173.63802305068555,24.0,0.0
173.63884382301146,25.0,0.0
173.64337169856097,26.0,0.0
173.64984081123103,25.0,0.0
173.65145782387415,24.0,0.0
173.6551636514575,25.0,0.0
173.6563319718971,26.0,0.0
173.67002514314942,27.0,0.0
173.67238693205806,26.0,0.0
173.67682650746397,25.0,0.0
173.68621185705805,26.0,0.0
173.6893433015325,25.0,0.0
173.69982215638652,24.0,0.0
173.70346332771246,25.0,0.0
173.70419039819927,26.0,0.0
173.70948277735096,27.0,0.0
173.72085827254332,26.0,0.0
173.72311915374686,25.0,0.0
173.73316705902198,26.0,0.0
173.74069297729235,25.0,0.0
173.76804981192976,24.0,0.0
173.77186511431256,23.0,0.0
173.77950051624302,24.0,0.0
173.7977350179489,25.0,0.0
173.8107075773952,24.0,0.0
173.81852549851232,23.0,0.0
173.8307122206924,24.0,0.0
173.83208023363701,25.0,0.0
173.83259283937613,26.0,0.0
173.840828797557,27.0,0.0
173.8471097454096,28.0,0.0
173.85253480832654,29.0,0.0
173.86289896389152,28.0,0.0
173.86673847815067,29.0,0.0
173.86696536579507,28.0,0.0
173.87170290334498,27.0,0.0
173.8813052963022,28.0,0.0
173.88414680749918,27.0,0.0
173.8856334715361,28.0,0.0
173.88787842931512,29.0,0.0
173.8905457290759,30.0,0.0
173.8918100982558,31.0,0.0
173.90442528608642,32.0,0.0
173.9086219351492,31.0,0.0
173.91978400300118,32.0,0.0
173.9243326110299,31.0,0.0
173.94240959179925,30.0,0.0
173.94567751206162,31.0,0.0
173.9473225968039,32.0,0.0
173.94803307606392,33.0,0.0
173.95080662880721,34.0,0.0
173.95470795905467,35.0,0.0
173.95839590169325,34.0,0.0
173.96928649284325,35.0,0.0
173.97291491868023,34.0,0.0
173.9734039076415,33.0,0.0
173.9872122804714,32.0,0.0
173.98742846060753,33.0,0.0
173.995482815385,34.0,0.0
173.9964917430482,33.0,0.0
173.99941804438674,34.0,0.0
174.0039882989069,35.0,0.0
174.0065878734071,36.0,0.0
174.01476901734532,35.0,0.0
174.0152475457658,36.0,0.0
174.02085464783647,35.0,0.0
174.02343156854644,34.0,0.0
174.0296525138393,33.0,0.0
174.03098862155812,34.0,0.0
174.0350743806709,33.0,0.0
174.0537107842614,32.0,0.0
174.05661750648298,31.0,0.0
174.0591318348694,32.0,0.0
174.05928319973427,31.0,0.0
174.0669727450624,30.0,0.0
174.07799153209513,31.0,0.0
174.0849950622534,32.0,0.0
174.1175619304379,33.0,0.0
174.12282474495876,32.0,0.0
174.12350543084915,33.0,0.0
174.12452215935383,34.0,0.0
174.13167310378526,33.0,0.0
174.1542227059858,32.0,0.0
174.1548767919349,33.0,0.0
174.1635024791514,32.0,0.0
174.18374173884416,31.0,0.0
174.1862613487363,32.0,0.0
174.19280956283586,33.0,0.0
174.19757141225043,34.0,0.0
174.1983789038586,33.0,0.0
174.20027354581057,34.0,0.0
174.20932992927806,33.0,0.0
174.2138678947713,32.0,0.0
174.21752898117225,33.0,0.0
174.21948120061452,32.0,0.0
174.21965201828962,31.0,0.0
174.2298747470581,32.0,0.0
174.23029973703643,33.0,0.0
174.2311934592639,32.0,0.0
174.23315829221013,33.0,0.0
174.23478874525762,32.0,0.0
174.23710090497676,31.0,0.0
174.2406531131352,30.0,0.0
174.24093673912418,31.0,0.0
174.24141263302238,30.0,0.0
174.24329666394246,31.0,0.0
174.24381695167648,32.0,0.0
174.2521330029685,31.0,0.0
174.25398973819708,30.0,0.0
174.26001060669327,31.0,0.0
174.26476021872662,30.0,0.0
174.26863436126084,31.0,0.0
174.2818328454062,30.0,0.0
174.28186530366207,29.0,0.0
174.29012643048026,30.0,0.0
174.2958462479254,31.0,0.0
174.2962770546648,32.0,0.0
174.30360531966332,31.0,0.0
174.30374356721913,32.0,0.0
174.3210059979195,31.0,0.0
174.33118866694966,30.0,0.0
174.33652258928703,31.0,0.0
174.3366322744317,32.0,0.0
174.3376875170084,31.0,0.0
174.3424493097195,32.0,0.0
174.34586582415605,33.0,0.0
174.3462818525532,34.0,0.0
174.35146863231117,33.0,0.0
174.35605109482873,32.0,0.0
174.3644242356173,31.0,0.0
174.3668155017827,32.0,0.0
174.37125082687248,33.0,0.0
174.3806317307533,34.0,0.0
174.38305616017908,35.0,0.0
174.39525725071567,36.0,0.0
174.3959932937314,37.0,0.0
174.40046694417106,38.0,0.0
174.40385348558033,37.0,0.0
174.408632175941,38.0,0.0
174.40888663127853,39.0,0.0
174.41496506000666,40.0,0.0
174.4155989967443,39.0,0.0
174.4186009439063,40.0,0.0
174.4195206556545,41.0,0.0
174.42063549912734,42.0,0.0
174.42611440552432,43.0,0.0
174.42767847549496,44.0,0.0
174.4372861010334,45.0,0.0
174.4397133025733,46.0,0.0
174.45021412562974,45.0,0.0
174.4592056498673,46.0,0.0
174.4778719098736,47.0,0.0
174.4779269535221,46.0,0.0
174.4781646484712,47.0,0.0
174.49030147840418,48.0,0.0
174.4978463337824,49.0,0.0
174.50469964683708,48.0,0.0
174.5059682445536,49.0,0.0
174.5061862739614,50.0,0.0
174.51593032601016,51.0,0.0
174.52105161319452,50.0,0.0
174.53091839209495,49.0,0.0
174.5317801308279,50.0,0.0
174.53188633600305,51.0,0.0
174.5363685172857,50.0,0.0
174.5366642674454,49.0,0.0
174.5381936613537,50.0,0.0
174.54857812102895,51.0,0.0
174.5502047111797,50.0,0.0
174.5531007531254,49.0,0.0
174.55356226802587,48.0,0.0
174.55609204713426,49.0,0.0
174.55761561943163,50.0,0.0
174.5584172662587,51.0,0.0
174.55872355513702,52.0,0.0
174.5614260347236,51.0,0.0
174.5638686955731,50.0,0.0
174.57147976032408,49.0,0.0
174.5775388331573,50.0,0.0
174.5781123925266,49.0,0.0
174.57864496502444,48.0,0.0
174.58243008711466,49.0,0.0
174.58566026619673,48.0,0.0
174.59254356551202,47.0,0.0
174.59348360116252,46.0,0.0
174.59501259730064,47.0,0.0
174.59647296668797,46.0,0.0
174.60141741613933,47.0,0.0
174.6074383890628,48.0,0.0
174.60825100828092,47.0,0.0
174.61068601766647,46.0,0.0
174.6168533649759,45.0,0.0
174.62675008146886,44.0,0.0
174.63417414700598,43.0,0.0
174.64428604260965,42.0,0.0
174.64720897527621,43.0,0.0
174.6526405194759,42.0,0.0
174.6527423899182,43.0,0.0
174.6646642226222,42.0,0.0
174.67074850689772,43.0,0.0
174.67399530740627,44.0,0.0
174.6906469231761,45.0,0.0
174.6907654360078,46.0,0.0
174.69305344779053,45.0,0.0
174.70369687100703,44.0,0.0
174.7049286263317,45.0,0.0
174.70788099526627,44.0,0.0
174.72926240202347,43.0,0.0
174.73281137052152,44.0,0.0
174.73285467917532,43.0,0.0
174.73703422642927,44.0,0.0
174.74162919729216,43.0,0.0
174.74422073158277,44.0,0.0
174.7462284779108,43.0,0.0
174.74639224217668,44.0,0.0
174.74961825658679,45.0,0.0
174.75870868613902,44.0,0.0
174.77480598511144,45.0,0.0
174.7865219359932,44.0,0.0
174.80907432206084,43.0,0.0
174.817562812515,42.0,0.0
174.81794459783424,41.0,0.0
174.8254730808922,42.0,0.0
174.82815109844523,43.0,0.0
174.8327063480984,44.0,0.0
174.84024183146047,43.0,0.0
174.87092596038264,44.0,0.0
174.87138387496915,45.0,0.0
174.87585717916534,46.0,0.0
174.87963800619875,47.0,0.0
174.88323169544822,46.0,0.0
174.91122890310018,45.0,0.0
174.91415785178592,44.0,0.0
174.9198051577102,45.0,0.0
174.93418418800692,46.0,0.0
174.93785921293448,45.0,0.0
174.9381810013596,46.0,0.0
174.95681477778635,47.0,0.0
174.9582571469312,46.0,0.0
174.9644021801765,47.0,0.0
174.97444625390344,48.0,0.0
174.97617925581983,47.0,0.0
174.97805501942807,46.0,0.0
174.98236171771302,45.0,0.0
174.98398544817633,46.0,0.0
175.00685660399685,47.0,0.0
175.0083926505806,46.0,0.0
175.01023800874833,45.0,0.0
175.01463590449953,44.0,0.0
175.0198345081511,43.0,0.0
175.02048561485262,42.0,0.0
175.02173491273538,43.0,0.0
175.04072698429175,42.0,0.0
175.04322610400052,43.0,0.0
175.04374501560667,42.0,0.0
175.0466564551437,43.0,0.0
175.05500127708584,44.0,0.0
175.06269618174395,45.0,0.0
175.06508337185292,46.0,0.0
175.0766294957682,45.0,0.0
175.0881106790958,44.0,0.0
175.08878489700496,43.0,0.0
175.10232727029833,42.0,0.0
175.10698855124087,43.0,0.0
175.10730320950302,42.0,0.0
175.11402503158155,43.0,0.0
175.11872228733745,44.0,0.0
175.12033346728154,45.0,0.0
175.1237116751262,46.0,0.0
175.13540049858454,45.0,0.0
175.1403943250703,44.0,0.0
175.14787548645384,45.0,0.0
175.15358656210185,44.0,0.0
175.17404984126105,43.0,0.0
175.1755497269063,42.0,0.0
175.18172324692202,43.0,0.0
175.18173940812522,42.0,0.0
175.1857310012954,41.0,0.0
175.18997368766838,42.0,0.0
175.19822029006662,41.0,0.0
175.20683153920328,42.0,0.0
175.21609753748322,43.0,0.0
175.21953636943343,44.0,0.0
175.225527256936,45.0,0.0
175.2304870785505,46.0,0.0
175.2307199948135,47.0,0.0
175.2498876651261,48.0,0.0
175.25298989908399,49.0,0.0
175.2618794107735,50.0,0.0
175.2624637430734,51.0,0.0
175.26488617724576,52.0,0.0
175.27776435498197,53.0,0.0
175.27804096729892,54.0,0.0
175.2795454045192,55.0,0.0
175.28238050038198,56.0,0.0
175.29284679472335,57.0,0.0
175.29612968464522,58.0,0.0
175.29916349254896,59.0,0.0
175.30522745172357,58.0,0.0
175.30705346536675,59.0,0.0
175.3076652608391,58.0,0.0
175.31486597321683,59.0,0.0
175.31702853030308,58.0,0.0
175.3200688851353,59.0,0.0
175.32719128569428,60.0,0.0
175.3403473427116,61.0,0.0
175.35718094423524,62.0,0.0
175.3658617545424,63.0,0.0
175.3676415465772,62.0,0.0
175.37015031930335,63.0,0.0
175.37056598672294,64.0,0.0
175.3734647707194,65.0,0.0
175.37889705222952,66.0,0.0
175.3799647853914,67.0,0.0
175.38775069130295,66.0,0.0
175.38890257402434,65.0,0.0
175.40212280132766,66.0,0.0
175.40242739118443,65.0,0.0
175.4135765221825,66.0,0.0
175.41748553593334,65.0,0.0
175.4183858831022,64.0,0.0
175.425896790441,65.0,0.0
175.4271634459363,66.0,0.0
175.45708553980745,67.0,0.0
175.47278960636632,68.0,0.0
175.4748095066165,69.0,0.0
175.47965031331083,68.0,0.0
175.49308596350625,67.0,0.0
175.49368947256013,66.0,0.0
175.50641213359518,67.0,0.0
175.51707855131852,66.0,0.0
175.51786724937685,67.0,0.0
175.5199180238022,66.0,0.0
175.52730587700523,65.0,0.0
175.53524471381374,66.0,0.0
175.55171865014213,67.0,0.0
175.55466220690076,66.0,0.0
175.55500731697572,65.0,0.0
175.5581865934051,64.0,0.0
175.55933115978434,63.0,0.0
175.56112661492136,64.0,0.0
175.57551260489205,63.0,0.0
175.5822245933628,64.0,0.0
175.583749960746,65.0,0.0
175.60380375805985,64.0,0.0
175.60594331789912,65.0,0.0
175.60635084315498,66.0,0.0
175.60724266640224,67.0,0.0
175.6102131588398,68.0,0.0
175.61637293860102,69.0,0.0
175.6188433856231,68.0,0.0
175.61978567405998,67.0,0.0
175.61981299080364,66.0,0.0
175.61989544490496,67.0,0.0
175.62130156144565,66.0,0.0
175.62158539028837,65.0,0.0
175.64415444414186,66.0,0.0
175.64730802981944,67.0,0.0
175.6477588975882,66.0,0.0
175.64994480752472,67.0,0.0
175.6512839210902,66.0,0.0
175.65227595705343,67.0,0.0
175.6538430934544,68.0,0.0
175.66385786213397,67.0,0.0
175.67270245314322,68.0,0.0
175.68180386741238,69.0,0.0
175.70019945338686,70.0,0.0
175.7006927433407,69.0,0.0
175.70213534385437,70.0,0.0
175.70853946846285,69.0,0.0
175.71024348485835,68.0,0.0
175.71250676566729,69.0,0.0
175.72022900414092,68.0,0.0
175.7282667891865,69.0,0.0
175.73457995247762,70.0,0.0
175.73758541679467,69.0,0.0
175.7379845663256,70.0,0.0
175.74011716831774,69.0,0.0
175.7402164177894,68.0,0.0
175.74357198274947,67.0,0.0
175.74897271954802,66.0,0.0
175.75514711934753,67.0,0.0
175.75838232045248,66.0,0.0
175.75965019893897,67.0,0.0
175.76902549827423,66.0,0.0
175.77285966663678,65.0,0.0
175.77566106697532,64.0,0.0
175.78066165946709,65.0,0.0
175.781404438926,66.0,0.0
175.78279502355355,67.0,0.0
175.78891962764067,68.0,0.0
175.7902303912591,67.0,0.0
175.794665089999,68.0,0.0
175.79916997640814,69.0,0.0
175.80490878828158,70.0,0.0
175.8056217672826,71.0,0.0
175.81001746314496,70.0,0.0
175.81271387901134,71.0,0.0
175.81384073514252,70.0,0.0
175.8174558454861,69.0,0.0
175.82100045097476,70.0,0.0
175.82354662784397,69.0,0.0
175.83453698711583,68.0,0.0
175.83688669577967,69.0,0.0
175.83996072640238,70.0,0.0
175.8446357302579,69.0,0.0
175.86248297620614,70.0,0.0
175.87045153891884,71.0,0.0
175.87104104085984,72.0,0.0
175.87341631723308,73.0,0.0
175.88013211939466,72.0,0.0
175.88120370725508,71.0,0.0
175.8821052873664,70.0,0.0
175.88740034031275,71.0,0.0
175.8895582343551,70.0,0.0
175.89039327259175,71.0,0.0
175.9118082253607,72.0,0.0
175.91664489263295,73.0,0.0
175.92360655247822,72.0,0.0
175.94929447693033,71.0,0.0
175.9514162975033,70.0,0.0
175.95491341070698,69.0,0.0
175.9570307753306,68.0,0.0
175.9602016769974,69.0,0.0
175.9626599013118,70.0,0.0
175.96726846168337,71.0,0.0
175.9715868248176,72.0,0.0
175.9719098316133,71.0,0.0
175.97490508459578,72.0,0.0
175.9889094081822,73.0,0.0
175.98938991419126,72.0,0.0
175.99011034249511,73.0,0.0
175.9909605733052,74.0,0.0
175.99156138223543,75.0,0.0
175.9933009807963,76.0,0.0
175.99339163190638,75.0,0.0
175.99411116514096,76.0,0.0
175.99474544791354,75.0,0.0
175.9956593655881,74.0,0.0
176.00167389637446,75.0,0.0
176.0170336321756,76.0,0.0
176.02298260756046,75.0,0.0
176.03390085248188,74.0,0.0
176.0398961629136,75.0,0.0
176.04238775206596,76.0,0.0
176.04365078231461,75.0,0.0
176.068284014255,76.0,0.0
176.07150452361458,75.0,0.0
176.0803859403288,74.0,0.0
176.09644733173593,73.0,0.0
176.10097667555553,72.0,0.0
176.10832974915726,71.0,0.0
176.1095292990455,70.0,0.0
176.12112081736072,71.0,0.0
176.12628126521656,72.0,0.0
176.13590505083639,73.0,0.0
176.15075926208502,74.0,0.0
176.15555602148726,73.0,0.0
176.16322492431755,72.0,0.0
176.16956380186147,73.0,0.0
176.17211479702888,72.0,0.0
176.17673235919207,71.0,0.0
176.18469355928315,72.0,0.0
176.19013798806887,71.0,0.0
176.19441148819504,70.0,0.0
176.21064379388767,71.0,0.0
176.22050936883562,70.0,0.0
176.23642672453036,69.0,0.0
176.23665229319937,70.0,0.0
176.23688908501907,69.0,0.0
176.2433258235608,68.0,0.0
176.2472240171394,69.0,0.0
176.25055916135958,70.0,0.0
176.25103253697515,69.0,0.0
176.2528432554114,70.0,0.0
176.25401487617646,69.0,0.0
176.26692090704154,70.0,0.0
176.27154238741164,69.0,0.0
176.28541354111402,68.0,0.0
176.2857367386949,69.0,0.0
176.28952801879333,70.0,0.0
176.29945003628612,69.0,0.0
176.31221129931023,70.0,0.0
176.31443838895441,71.0,0.0
176.31588011009498,72.0,0.0
176.31956212313352,71.0,0.0
176.32183227236612,72.0,0.0
176.33963172208607,71.0,0.0
176.3410572902739,70.0,0.0
176.34160823247734,71.0,0.0
176.34614130428227,72.0,0.0
176.34799948758015,71.0,0.0
176.35328766278107,72.0,0.0
176.3606752379823,73.0,0.0
176.3658639696618,72.0,0.0
176.36901946795984,71.0,0.0
176.36902790726148,70.0,0.0
176.37480386651748,71.0,0.0
176.38059959352154,70.0,0.0
176.38148165555583,71.0,0.0
176.38785478569457,70.0,0.0
176.38861290365676,69.0,0.0
176.39081639561675,70.0,0.0
176.3982571307122,71.0,0.0
176.40430789233568,70.0,0.0
176.41195073341837,69.0,0.0
176.41407813128018,70.0,0.0
176.41592519876585,71.0,0.0
176.42348321805457,72.0,0.0
176.42452810637613,73.0,0.0
176.4257126591225,72.0,0.0
176.4286924914239,71.0,0.0
176.43080714782212,70.0,0.0
176.4318623712741,71.0,0.0
176.43629227218403,72.0,0.0
176.44379863334396,73.0,0.0
176.4493353148229,72.0,0.0
176.45032684223708,73.0,0.0
176.455432632965,72.0,0.0
176.47001835668405,71.0,0.0
176.4719988790573,72.0,0.0
176.4771765118555,73.0,0.0
176.48862504230604,72.0,0.0
176.48928053903262,73.0,0.0
176.51557207520494,74.0,0.0
176.52433031391377,73.0,0.0
176.52994683055252,72.0,0.0
176.53095205094274,71.0,0.0
176.53137887999648,72.0,0.0
176.53457067970695,71.0,0.0
176.53871661999682,72.0,0.0
176.53977220308096,71.0,0.0
176.5439493478828,70.0,0.0
176.55266712024275,71.0,0.0
176.56042114001232,72.0,0.0
176.57767521434877,71.0,0.0
176.58282987569083,72.0,0.0
176.58321215513,71.0,0.0
176.5944708111788,70.0,0.0
176.6032682683033,69.0,0.0
176.61049975884848,68.0,0.0
176.61126724556462,67.0,0.0
176.6131112320551,66.0,0.0
176.61598146404705,67.0,0.0
176.63113172972382,66.0,0.0
176.63392699902826,67.0,0.0
176.6381821715293,66.0,0.0
176.64341621759965,67.0,0.0
176.64460610601853,68.0,0.0
176.64577626773476,69.0,0.0
176.65085880397854,68.0,0.0
176.65644308467913,67.0,0.0
176.67732625570403,66.0,0.0
176.68834680727872,67.0,0.0
176.69103573750556,66.0,0.0
176.6914101461946,65.0,0.0
176.69181758234402,64.0,0.0
176.69307618083042,65.0,0.0
176.70342997507015,66.0,0.0
176.71988235553678,67.0,0.0
176.72013034809197,66.0,0.0
176.72131623612395,65.0,0.0
176.73107443034093,64.0,0.0
176.73184713835394,65.0,0.0
176.7325367222987,64.0,0.0
176.73262086078162,65.0,0.0
176.74861403355968,64.0,0.0
176.7550783940075,65.0,0.0
176.7656954399163,66.0,0.0
176.7788514422385,67.0,0.0
176.78356353717058,66.0,0.0
176.78633361891053,65.0,0.0
176.7865141741435,66.0,0.0
176.78710489120581,65.0,0.0
176.78746554703739,64.0,0.0
176.78918951413348,63.0,0.0
176.79794730334714,62.0,0.0
176.80614836257308,63.0,0.0
176.81035201782115,64.0,0.0
176.8125463618333,63.0,0.0
176.81780080013178,62.0,0.0
176.8218835530593,63.0,0.0
176.82590173625994,62.0,0.0
176.82750382234883,63.0,0.0
176.8331683235678,64.0,0.0
176.83545923854572,65.0,0.0
176.84210316135523,66.0,0.0
176.8476579963538,67.0,0.0
176.85257005174563,68.0,0.0
176.86008941694837,67.0,0.0
176.86484338712717,68.0,0.0
176.8652443492383,69.0,0.0
176.86889453445966,68.0,0.0
176.87002971289803,69.0,0.0
176.8701754307189,68.0,0.0
176.87146624835566,69.0,0.0
176.87429718256251,68.0,0.0
176.87552934767092,69.0,0.0
176.88052082864988,68.0,0.0
176.88471180281007,69.0,0.0
176.88663167381938,70.0,0.0
176.88894461391112,71.0,0.0
176.9206132159684,70.0,0.0
176.93160811884576,69.0,0.0
176.93370297775533,68.0,0.0
176.9347740075618,67.0,0.0
176.9450978817428,66.0,0.0
176.94830947832236,65.0,0.0
176.95442157193852,66.0,0.0
176.95928628148135,67.0,0.0
176.96078416441495,68.0,0.0
176.96185049808065,67.0,0.0
176.976193361865,68.0,0.0
176.9935609595446,67.0,0.0
176.9993044859648,66.0,0.0
177.01205401872582,67.0,0.0
177.0385820562513,66.0,0.0
177.04965283230243,67.0,0.0
177.0583702431694,68.0,0.0
177.05960239851302,67.0,0.0
177.0612996564649,68.0,0.0
177.0661152062633,69.0,0.0
177.06788721040746,70.0,0.0
177.06975342660851,71.0,0.0
177.0752279880865,72.0,0.0
177.07747796704058,73.0,0.0
177.0793860966054,74.0,0.0
177.08037329337563,73.0,0.0
177.08376679463936,74.0,0.0
177.08689578474645,75.0,0.0
177.087182603955,76.0,0.0
177.090764852511,75.0,0.0
177.10760355664607,74.0,0.0
177.1095160243813,75.0,0.0
177.110728485864,74.0,0.0
177.11269561049068,75.0,0.0
177.11554648374525,74.0,0.0
177.14302356047187,73.0,0.0
177.1474855324369,74.0,0.0
177.14989318704883,75.0,0.0
177.15417733930462,76.0,0.0
177.1747932911408,77.0,0.0
177.17550914265112,76.0,0.0
177.17957263896892,75.0,0.0
177.1884740634909,76.0,0.0
177.19292121715623,75.0,0.0
177.2005765814256,74.0,0.0
177.20592569790787,75.0,0.0
177.2069088708182,74.0,0.0
177.22142506436953,75.0,0.0
177.22855388965223,76.0,0.0
177.23876872872157,75.0,0.0
177.26003607827045,76.0,0.0
177.26228525899694,75.0,0.0
177.26318091635144,76.0,0.0
177.26860355662393,75.0,0.0
177.28068854221277,76.0,0.0
177.28479317523357,75.0,0.0
177.28935651421892,76.0,0.0
177.29440759835734,77.0,0.0
177.29734262144217,76.0,0.0
177.29889650987266,75.0,0.0
177.31127898568948,76.0,0.0
177.3127209183546,77.0,0.0
177.3237948586037,76.0,0.0
177.33911107314123,75.0,0.0
177.3394050554574,74.0,0.0
177.34108403030174,75.0,0.0
177.34516929976124,74.0,0.0
177.34812007402255,73.0,0.0
177.34936701826936,72.0,0.0
177.3543775971412,73.0,0.0
177.36140864864288,74.0,0.0
177.36335336900802,75.0,0.0
177.38263483495237,74.0,0.0
177.39654255646707,75.0,0.0
177.39931646165277,76.0,0.0
177.40666799723815,75.0,0.0
177.40932540506623,76.0,0.0
177.41109622455176,77.0,0.0
177.41437625932082,78.0,0.0
177.42302998193057,79.0,0.0
177.43685516705688,80.0,0.0
177.43924527040596,79.0,0.0
177.4415910414261,80.0,0.0
177.44178505613084,79.0,0.0
177.45299212940643,78.0,0.0
177.45333351490103,79.0,0.0
177.4577891426869,78.0,0.0
177.45881458624834,77.0,0.0
177.4646535076871,78.0,0.0
177.46516516371182,77.0,0.0
177.47217098188833,78.0,0.0
177.48021973761576,79.0,0.0
177.49084505801244,80.0,0.0
177.5091009737026,81.0,0.0
177.5173222269218,82.0,0.0
177.52743456180383,81.0,0.0
177.53483355915645,82.0,0.0
177.53777994312796,81.0,0.0
177.53788703410936,80.0,0.0
177.54307615005612,79.0,0.0
177.55215370716104,80.0,0.0
177.55649233022513,79.0,0.0
177.56427709965587,78.0,0.0
177.57445236483946,77.0,0.0
177.58227584291618,78.0,0.0
177.5841264234657,77.0,0.0
177.60172298336326,76.0,0.0
177.6066315222816,75.0,0.0
177.6080685117973,76.0,0.0
177.6145156283709,77.0,0.0
177.61997278163676,78.0,0.0
177.62565780539862,77.0,0.0
177.63150576684959,76.0,0.0
177.6315259496,75.0,0.0
177.63382013351787,74.0,0.0
177.63639961496196,75.0,0.0
177.63910689640136,76.0,0.0
177.6451014248735,75.0,0.0
177.64771984275615,76.0,0.0
177.6493962496864,77.0,0.0
177.6587100212799,76.0,0.0
177.66992647604113,77.0,0.0
177.6738405687407,76.0,0.0
177.68643815979192,75.0,0.0
177.70042079876956,74.0,0.0
177.70988432208713,75.0,0.0
177.71546637205313,74.0,0.0
177.71749442132955,73.0,0.0
177.7203265909616,72.0,0.0
177.72276532102424,73.0,0.0
177.73447919404637,72.0,0.0
177.73811649588748,71.0,0.0
177.74560492564459,72.0,0.0
177.75088663540387,71.0,0.0
177.75158343697453,70.0,0.0
177.7525380592052,69.0,0.0
177.76223535260328,70.0,0.0
177.7640934723943,69.0,0.0
177.7763535107025,70.0,0.0
177.77642016501733,69.0,0.0
177.7788587271687,68.0,0.0
177.7800007997041,69.0,0.0
177.7823698486398,68.0,0.0
177.78249839913565,69.0,0.0
177.78873404787828,70.0,0.0
177.79068267389468,69.0,0.0
177.8010132241008,68.0,0.0
177.8035506920444,67.0,0.0
177.80457042677065,68.0,0.0
177.80578129375928,67.0,0.0
177.81362060403941,68.0,0.0
177.82516286988553,67.0,0.0
177.83323210879738,68.0,0.0
177.83901074756096,69.0,0.0
177.85378409665478,68.0,0.0
177.86988047398086,69.0,0.0
177.8813576140381,70.0,0.0
177.88440750331452,69.0,0.0
177.8884340183601,70.0,0.0
177.89053524340704,71.0,0.0
177.89140430801746,72.0,0.0
177.90793796533973,73.0,0.0
177.91474188521715,72.0,0.0
177.92054533492322,73.0,0.0
177.92419420826815,74.0,0.0
177.92558906057903,73.0,0.0
177.92679791277976,72.0,0.0
177.93984033328385,71.0,0.0
177.95276323594123,70.0,0.0
177.963689423103,71.0,0.0
177.9685602386674,70.0,0.0
177.96878609545956,71.0,0.0
177.9719130522017,70.0,0.0
177.97719048884878,71.0,0.0
178.00005045592846,72.0,0.0
178.0051636529953,73.0,0.0
178.0120509668357,72.0,0.0
178.01871949837965,73.0,0.0
178.02294669712347,72.0,0.0
178.02439016018383,73.0,0.0
178.03122555063905,74.0,0.0
178.04536101006815,75.0,0.0
178.0472406529231,76.0,0.0
178.05027408907307,75.0,0.0
178.05877254743763,74.0,0.0
178.06085838797227,73.0,0.0
178.06116204302768,74.0,0.0
178.06274150747817,73.0,0.0
178.06530907785037,74.0,0.0
178.07001427788975,75.0,0.0
178.07236275170163,76.0,0.0
178.07582757019284,75.0,0.0
178.07696228351227,74.0,0.0
178.08026594009,73.0,0.0
178.08898105775057,74.0,0.0
178.09363349688948,75.0,0.0
178.1111979462533,76.0,0.0
178.11156762711394,75.0,0.0
178.11573815700547,74.0,0.0
178.12106637487784,75.0,0.0
178.12323059514983,76.0,0.0
178.12420688004755,75.0,0.0
178.12825026739338,76.0,0.0
178.13814956677587,77.0,0.0
178.14547131913272,78.0,0.0
178.1458755265007,77.0,0.0
178.15177980444147,78.0,0.0
178.1661057916875,77.0,0.0
178.16702444606972,78.0,0.0
178.1681390633821,77.0,0.0
178.173411819457,76.0,0.0
178.17410351201931,77.0,0.0
178.17611986714715,78.0,0.0
178.17959628685156,77.0,0.0
178.18504808970835,78.0,0.0
178.1898785842985,77.0,0.0
178.19073908492112,78.0,0.0
178.1916191159885,79.0,0.0
178.19972729331664,80.0,0.0
178.2004386656737,81.0,0.0
178.2023793878342,80.0,0.0
178.20535405954698,81.0,0.0
178.2094842026824,82.0,0.0
178.2115673264444,83.0,0.0
178.2203453903008,84.0,0.0
178.2244986366905,83.0,0.0
178.22708355800722,84.0,0.0
178.2354282272239,83.0,0.0
178.23683057783722,84.0,0.0
178.24721068140474,85.0,0.0
178.25376972627092,84.0,0.0
178.25556910295984,83.0,0.0
178.2628974200322,82.0,0.0
178.27034659843468,81.0,0.0
178.2726383614311,82.0,0.0
178.27909445033566,83.0,0.0
178.28358496154215,82.0,0.0
178.2888380798101,81.0,0.0
178.30178124755457,80.0,0.0
178.30716188212554,79.0,0.0
178.308702897396,78.0,0.0
178.3087125096135,77.0,0.0
178.3192887192998,76.0,0.0
178.32511934870737,75.0,0.0
178.33788038000696,76.0,0.0
178.34108782989313,75.0,0.0
178.34253470622954,76.0,0.0
178.3578339706455,75.0,0.0
178.36317089857644,76.0,0.0
178.3784338783051,75.0,0.0
178.37865599323828,76.0,0.0
178.3788337975712,75.0,0.0
178.37997521341933,74.0,0.0
178.40166100760953,75.0,0.0
178.40928220971597,76.0,0.0
178.4120798422815,75.0,0.0
178.4134715310195,76.0,0.0
178.41395632455527,77.0,0.0
178.44458748958283,76.0,0.0
178.45624418608352,75.0,0.0
178.46644507440655,76.0,0.0
178.46728416917145,77.0,0.0
178.47029393741283,78.0,0.0
178.4704394303825,77.0,0.0
178.47374866764025,76.0,0.0
178.48432699378446,77.0,0.0
178.48596707547208,78.0,0.0
178.49208321615117,79.0,0.0
178.5127780656068,80.0,0.0
178.51870781389263,79.0,0.0
178.52744312389385,80.0,0.0
178.53983519631194,81.0,0.0
178.5471966749613,80.0,0.0
178.57541271609003,79.0,0.0
178.57735627990942,80.0,0.0
178.5861519324832,81.0,0.0
178.5870627750482,82.0,0.0
178.59850173262012,83.0,0.0
178.60060727595038,84.0,0.0
178.60346762319,83.0,0.0
178.6063679040766,82.0,0.0
178.61479596975664,83.0,0.0
178.63510967302204,82.0,0.0
178.6593725235326,83.0,0.0
178.66000734743938,84.0,0.0
178.6665828443922,85.0,0.0
178.66662291379083,84.0,0.0
178.6717242719877,83.0,0.0
178.67421183109965,84.0,0.0
178.675307479367,83.0,0.0
178.67571285598504,84.0,0.0
178.6785803964033,83.0,0.0
178.6810412798298,82.0,0.0
178.7061882831166,81.0,0.0
178.71208340189025,80.0,0.0
178.72410974881282,81.0,0.0
178.7278746243258,80.0,0.0
178.7335068782872,81.0,0.0
178.73603468593947,82.0,0.0
178.73753138251504,83.0,0.0
178.73960520399433,82.0,0.0
178.74044589685312,83.0,0.0
178.74581100191952,84.0,0.0
178.74683566874955,85.0,0.0
178.7575566451864,84.0,0.0
178.7581963655325,85.0,0.0
178.7649410821489,86.0,0.0
178.76965970893602,87.0,0.0
178.77741760962283,86.0,0.0
178.7853887105764,85.0,0.0
178.78594888482147,84.0,0.0
178.7862408217898,83.0,0.0
178.80589961174593,82.0,0.0
178.80749388449414,81.0,0.0
178.82255286616925,82.0,0.0
178.82389431601072,83.0,0.0
178.8277198423285,84.0,0.0
178.828229975581,83.0,0.0
178.83035926423116,84.0,0.0
178.8430078704397,85.0,0.0
178.85031566536108,84.0,0.0
178.86088743990032,85.0,0.0
178.8853282385778,84.0,0.0
178.88945172611733,83.0,0.0
178.90131126210338,84.0,0.0
178.90676811496445,83.0,0.0
178.90677853858105,82.0,0.0
178.91156252049436,81.0,0.0
178.91991811273758,82.0,0.0
178.9213070119632,81.0,0.0
178.92757155558968,80.0,0.0
178.928809462796,81.0,0.0
178.92932522136445,80.0,0.0
178.92948812800418,79.0,0.0
178.93620822995658,78.0,0.0
178.93661866106524,79.0,0.0
178.9643674990521,78.0,0.0
178.9656883426628,77.0,0.0
178.97659519455257,76.0,0.0
178.97728356771742,77.0,0.0
178.9797578537963,76.0,0.0
178.9973922509688,75.0,0.0
179.005535357895,74.0,0.0
179.0183595554239,75.0,0.0
179.02828110615536,76.0,0.0
179.03192462532678,75.0,0.0
179.03807959713794,76.0,0.0
179.04929511077933,77.0,0.0
179.05128486999553,76.0,0.0
179.05201305720328,77.0,0.0
179.0529866674806,78.0,0.0
179.059625585248,79.0,0.0
179.07074686619097,78.0,0.0
179.0767250566223,77.0,0.0
179.09210754216875,76.0,0.0
179.09275759130807,75.0,0.0
179.0986137281801,76.0,0.0
179.10030838094306,75.0,0.0
179.118206232784,74.0,0.0
179.11993001130224,75.0,0.0
179.121408435828,76.0,0.0
179.1428642602446,75.0,0.0
179.15024227233368,76.0,0.0
179.15209735906504,77.0,0.0
179.1560520916888,78.0,0.0
179.16786787658697,77.0,0.0
179.16967904724487,78.0,0.0
179.17177151039928,77.0,0.0
179.1780712194672,76.0,0.0
179.18383066412434,75.0,0.0
179.1842746944475,76.0,0.0
179.18644421072295,75.0,0.0
179.19409116449816,76.0,0.0
179.19549484406613,75.0,0.0
179.20737075331851,74.0,0.0
179.21313706346587,75.0,0.0
179.2178904876418,76.0,0.0
179.21836243757,75.0,0.0
179.22374265481253,76.0,0.0
179.22478045074678,75.0,0.0
179.23351689092635,74.0,0.0
179.24448008570434,73.0,0.0
179.25134885633304,74.0,0.0
179.2520035362549,75.0,0.0
179.25604440941035,74.0,0.0
179.25667700245498,73.0,0.0
179.26138597544477,72.0,0.0
179.2810319316572,73.0,0.0
179.29785838440554,74.0,0.0
179.29869595345957,75.0,0.0
179.30918792806733,76.0,0.0
179.31475501182163,75.0,0.0
179.31645735678612,74.0,0.0
179.31698314982162,75.0,0.0
179.31855634209145,76.0,0.0
179.32279359598058,75.0,0.0
179.3372072287905,74.0,0.0
179.33833370043232,75.0,0.0
179.34764518702994,74.0,0.0
179.34791284780155,75.0,0.0
179.36507622958666,76.0,0.0
179.3660715709742,75.0,0.0
179.37105229318314,76.0,0.0
179.37475017714104,75.0,0.0
179.38109245645902,74.0,0.0
179.3848990720432,73.0,0.0
179.39775975201695,72.0,0.0
179.39968859589834,73.0,0.0
179.4050661822812,72.0,0.0
179.41004362052203,73.0,0.0
179.41058553411617,74.0,0.0
179.4189856002615,73.0,0.0
179.4238284642236,72.0,0.0
179.43476304498697,71.0,0.0
179.44043908558046,70.0,0.0
179.4449022559515,69.0,0.0
179.4497361006973,68.0,0.0
179.45108575214962,69.0,0.0
179.46082863882032,70.0,0.0
179.46712193381688,69.0,0.0
179.47347458105526,68.0,0.0
179.47777532193095,67.0,0.0
179.4830932923447,66.0,0.0
179.4860402852182,65.0,0.0
179.49386732391403,64.0,0.0
179.50732536370526,63.0,0.0
179.5079542205022,64.0,0.0
179.51184377469434,65.0,0.0
179.52246831816007,64.0,0.0
179.53311905721816,63.0,0.0
179.5337128135977,62.0,0.0
179.54867389932429,63.0,0.0
179.5496182226395,64.0,0.0
179.56927764545588,65.0,0.0
179.57221658080263,64.0,0.0
179.57888061707004,65.0,0.0
179.58408470286818,66.0,0.0
179.58912909795492,65.0,0.0
179.59543769282342,64.0,0.0
179.60078984585738,65.0,0.0
179.61635452095555,64.0,0.0
179.62150481401832,63.0,0.0
179.6233267075056,62.0,0.0
179.62689667756476,61.0,0.0
179.65118298926822,60.0,0.0
179.66553180411023,59.0,0.0
179.6704734370696,58.0,0.0
179.67490974487401,57.0,0.0
179.6831625526273,56.0,0.0
179.68766044211566,55.0,0.0
179.69007134121122,56.0,0.0
179.6957739620769,55.0,0.0
179.7177500100391,54.0,0.0
179.71922070872316,53.0,0.0
179.72889012042154,54.0,0.0
179.7327373722019,55.0,0.0
179.73628974137068,54.0,0.0
179.7429682404056,53.0,0.0
179.75144680218315,52.0,0.0
179.75687420034197,51.0,0.0
179.75831755349432,50.0,0.0
179.7660497852273,49.0,0.0
179.7665408154896,48.0,0.0
179.7671250771997,47.0,0.0
179.77155714141955,46.0,0.0
179.77603468691692,47.0,0.0
179.78817600771558,46.0,0.0
179.83352791471629,47.0,0.0
179.83362125086467,48.0,0.0
179.84192660016228,47.0,0.0
179.8422078042154,48.0,0.0
179.84775544332996,47.0,0.0
179.8505091510479,48.0,0.0
179.85125900821515,47.0,0.0
179.85843767923944,48.0,0.0
179.8719222371483,47.0,0.0
179.87696034576956,46.0,0.0
179.8781033999792,45.0,0.0
179.87995932511834,44.0,0.0
179.88582094930777,43.0,0.0
179.8924144280542,44.0,0.0
179.91243192591838,45.0,0.0
179.91456538856977,44.0,0.0
179.9255197297264,43.0,0.0
179.93745035945238,42.0,0.0
179.94332232371312,41.0,0.0
179.94494616820018,42.0,0.0
179.9473089790289,43.0,0.0
179.95044061734868,44.0,0.0
179.95085659412948,45.0,0.0
179.9527839965822,44.0,0.0
179.9700280060394,45.0,0.0
179.97166753991715,44.0,0.0
179.97510059768732,45.0,0.0
180.0021817935913,44.0,0.0
180.00412452932272,43.0,0.0
180.00709703737525,44.0,0.0
180.01682772490045,43.0,0.0
180.02096130402612,42.0,0.0
180.02602568403745,41.0,0.0
180.02621278529088,40.0,0.0
180.02775630172243,41.0,0.0
180.03092895941435,40.0,0.0
180.04348111179766,39.0,0.0
180.04682164480317,38.0,0.0
180.05773629088975,37.0,0.0
180.06364499573712,36.0,0.0
180.06370443920505,35.0,0.0
180.10467132191806,36.0,0.0
180.11780416656927,35.0,0.0
180.1433735280243,34.0,0.0
180.16704476292367,33.0,0.0
180.18130161428687,34.0,0.0
180.18549980696753,35.0,0.0
180.19660733097282,36.0,0.0
180.19912019407158,37.0,0.0
180.20016934691066,36.0,0.0
180.20739107867806,37.0,0.0
180.21084927132765,38.0,0.0
180.21107841203195,39.0,0.0
180.2254039975763,40.0,0.0
180.2271955086071,39.0,0.0
180.2345013056029,40.0,0.0
180.23712590285047,39.0,0.0
180.23759832810666,38.0,0.0
180.24160766967384,37.0,0.0
180.2450972355867,38.0,0.0
180.2453769937298,39.0,0.0
180.2474482067467,38.0,0.0
180.24890772628902,37.0,0.0
180.2529517325266,38.0,0.0
180.2665260364022,37.0,0.0
180.26967526705977,38.0,0.0
180.28275874029143,37.0,0.0
180.2853877786132,38.0,0.0
180.29000024672493,39.0,0.0
180.29289466642106,38.0,0.0
180.30426593760154,37.0,0.0
180.31584323639038,36.0,0.0
180.31673088828063,35.0,0.0
180.32293094612845,34.0,0.0
180.32660839513795,35.0,0.0
180.3272977246579,34.0,0.0
180.34235015783548,33.0,0.0
180.36002947979222,32.0,0.0
180.36004347328904,31.0,0.0
180.38885208079896,32.0,0.0
180.38968413489152,31.0,0.0
180.4027036572282,32.0,0.0
180.40365265154122,31.0,0.0
180.41151124152663,30.0,0.0
180.41265699589098,29.0,0.0
180.41580129855038,28.0,0.0
180.4186152249093,27.0,0.0
180.4267841086747,26.0,0.0
180.43349452457673,25.0,0.0
180.45560563516736,26.0,0.0
180.4742032657958,25.0,0.0
180.48530603989207,26.0,0.0
180.48579299432072,25.0,0.0
180.48855132674623,24.0,0.0
180.4903307899494,23.0,0.0
180.50264395613485,24.0,0.0
180.50269100720726,23.0,0.0
180.50864597773923,24.0,0.0
180.51301133016608,23.0,0.0
180.53707578140586,24.0,0.0
180.53990041777186,25.0,0.0
180.5458733201332,24.0,0.0
180.554909613983,23.0,0.0
180.5557300390373,24.0,0.0
180.56199632451973,23.0,0.0
180.58415878388442,22.0,0.0
180.58540829321979,21.0,0.0
180.59512292182424,20.0,0.0
180.61601811269014,21.0,0.0
180.62183571727135,20.0,0.0
180.62198272038077,19.0,0.0
180.62238741530714,20.0,0.0
180.6234102383952,19.0,0.0
180.6281495105399,20.0,0.0
180.6602013448476,19.0,0.0
180.66894329057388,18.0,0.0
180.6842535551333,19.0,0.0
180.68740760203715,20.0,0.0
180.6930630779022,19.0,0.0
180.70007610231616,20.0,0.0
180.71476933402943,21.0,0.0
180.7168874127129,20.0,0.0
180.7176041941988,21.0,0.0
180.7449288079386,22.0,0.0
180.76150891113662,21.0,0.0
180.76885846786078,20.0,0.0
180.77203121224068,19.0,0.0
180.7845905658377,20.0,0.0
180.78466958218323,21.0,0.0
180.78723533265452,20.0,0.0
180.80014233690986,19.0,0.0
180.808456425816,20.0,0.0
180.81017382810737,21.0,0.0
180.82508375891703,20.0,0.0
180.82683188286185,21.0,0.0
180.84859353489045,20.0,0.0
180.85246314284436,19.0,0.0
180.8626378735627,20.0,0.0
180.8652296335981,21.0,0.0
180.87185769883814,22.0,0.0
180.87372992980792,21.0,0.0
180.87800227611174,22.0,0.0
180.88197552581462,21.0,0.0
180.88378427173322,20.0,0.0
180.89008378971187,19.0,0.0
180.9187145021682,18.0,0.0
180.92221930632462,17.0,0.0
180.9254141880853,16.0,0.0
180.9344860311365,15.0,0.0
180.93802860746834,16.0,0.0
180.9447764085902,15.0,0.0
180.96012225329568,14.0,0.0
180.96445289071121,13.0,0.0
180.97229023061047,14.0,0.0
180.99553598065128,13.0,0.0
181.0030603081385,12.0,0.0
181.00749735100692,11.0,0.0
181.0078682067169,12.0,0.0
181.026045887773,11.0,0.0
181.0313191686002,10.0,0.0
181.04668931092166,9.0,0.0
181.05243975819084,8.0,0.0
181.05709548116565,9.0,0.0
181.0589646851489,8.0,0.0
181.0697996031694,7.0,0.0
181.0770781436383,6.0,0.0
181.09473899572603,5.0,0.0
181.09797658670493,4.0,0.0
181.10740486092791,5.0,0.0
181.1124107381258,4.0,0.0
181.12229058473446,5.0,0.0
181.1286623982415,4.0,0.0
181.13382350238163,3.0,0.0
181.14321776427516,2.0,0.0
181.14868880968234,1.0,0.0
181.15488205016695,0.0,0.0
181.16014055069613,1.0,0.0
181.16062341258916,0.0,0.0
181.17464364321722,1.0,0.0
181.175625800646,2.0,0.0
181.1957992259974,3.0,0.0
181.2059132799241,4.0,0.0
181.21803037566116,3.0,0.0
181.21983998416124,2.0,0.0
181.24420287654098,3.0,0.0
181.26591620591608,2.0,0.0
181.27261712362096,3.0,0.0
181.31400433330109,4.0,0.0
181.31864095896339,3.0,0.0
181.3233842605309,2.0,0.0
181.3317313385524,3.0,0.0
181.3468044736602,4.0,0.0
181.34899703447334,3.0,0.0
181.35327374995165,2.0,0.0
181.3754525384658,1.0,0.0
181.37697638810417,2.0,0.0
181.42328104971446,1.0,0.0
181.4683952350916,0.0,0.0
181.47495444588182,1.0,0.0
181.47917375151448,2.0,0.0
181.5068992326049,3.0,0.0
181.50928109603166,2.0,0.0
181.51641383250166,3.0,0.0
181.5376068004914,4.0,0.0
181.54026609151802,3.0,0.0
181.54392054443088,2.0,0.0
181.5532016226393,3.0,0.0
181.5534421019014,4.0,0.0
181.57367956395854,5.0,0.0
181.5776107782114,6.0,0.0
181.5859617444633,7.0,0.0
181.59533480871585,6.0,0.0
181.6070214087345,5.0,0.0
181.61441685363584,6.0,0.0
181.62482567959566,5.0,0.0
181.6435215652522,6.0,0.0
181.64885766335348,5.0,0.0
181.65344800944115,4.0,0.0
181.66766339505514,3.0,0.0
181.68120882423466,4.0,0.0
181.6950528671754,3.0,0.0
181.70512515317185,2.0,0.0
181.72314325584668,3.0,0.0
181.72565951647675,4.0,0.0
181.7384863997826,3.0,0.0
181.74147613976916,2.0,0.0
181.76300192351476,3.0,0.0
181.7682194714786,2.0,0.0
181.77120395794074,1.0,0.0
181.77692577943293,0.0,0.0
181.7837409109143,1.0,0.0
181.81700372531915,0.0,0.0
181.81934840152618,1.0,0.0
181.8205511560415,0.0,0.0
181.82639605345878,1.0,0.0
181.83513481875485,2.0,0.0
181.8403571135158,3.0,0.0
181.85148861111654,2.0,0.0
181.86114368609475,3.0,0.0
181.8839012447375,2.0,0.0
181.89326073167274,3.0,0.0
181.89595512827796,2.0,0.0
181.92274366677918,1.0,0.0
181.9386505596038,2.0,0.0
181.948259537965,1.0,0.0
181.96560591300488,0.0,0.0
182.0142030757101,1.0,0.0
182.0208605258681,0.0,0.0
182.02268349406125,1.0,0.0
182.03160563145155,2.0,0.0
182.03554681078595,1.0,0.0
182.0481072656786,0.0,0.0
182.05880962603203,1.0,0.0
182.0698244728144,0.0,0.0
182.0825675432817,1.0,0.0
182.08806939316017,0.0,0.0
182.11173766998343,1.0,0.0
182.11539396081264,0.0,0.0
182.11591432236256,1.0,0.0
182.1185236683255,0.0,0.0
182.12170609917084,1.0,0.0
182.14569408190877,0.0,0.0
182.30901970358184,1.0,0.0
182.3163489670821,0.0,0.0
182.3253975431596,1.0,0.0
182.3379958138734,2.0,0.0
182.33947298160686,3.0,0.0
182.34495453403983,2.0,0.0
182.35831878250832,3.0,0.0
182.35893994984698,2.0,0.0
182.36389689668124,3.0,0.0
182.36923646511053,2.0,0.0
182.3795583326463,1.0,0.0
182.38566092583417,0.0,0.0
182.38921892088922,1.0,0.0
182.39895916448503,2.0,0.0
182.40124606718854,1.0,0.0
182.43513425065095,0.0,0.0
182.493540302729,1.0,0.0
182.49838580568976,0.0,0.0
182.52911733016077,1.0,0.0
182.53116958422606,0.0,0.0
182.53467153446815,1.0,0.0
182.55648021138634,2.0,0.0
182.56784132327982,3.0,0.0
182.57116142039294,2.0,0.0
182.61274772223643,1.0,0.0
182.62940822150682,0.0,0.0
182.65575515255432,1.0,0.0
182.66061450049725,0.0,0.0
182.69690020360335,1.0,0.0
182.70149678089794,0.0,0.0
182.7086730883699,1.0,0.0
182.73802727100784,0.0,0.0
182.77290406856315,1.0,0.0
182.77625158643102,2.0,0.0
182.77944324800103,1.0,0.0
182.78325934691932,0.0,0.0
182.81498160521923,1.0,0.0
182.8425804595506,0.0,0.0
182.88305216408978,1.0,0.0
182.91591064324038,0.0,0.0
182.95827797141996,1.0,0.0
182.96598475245827,0.0,0.0
182.99290742482958,1.0,0.0
182.99901054881835,0.0,0.0
183.0802189071608,1.0,0.0
183.09572512254957,0.0,0.0
183.10876387333067,1.0,0.0
183.1206463902909,2.0,0.0
183.13767414338312,1.0,0.0
183.21396313171266,2.0,0.0
183.22889839933805,1.0,0.0
183.23096664243707,2.0,0.0
183.23099599478212,1.0,0.0
183.24630200180664,0.0,0.0
183.25433208570365,1.0,0.0
183.25988418042908,0.0,0.0
183.26802506105267,1.0,0.0
183.27410123957725,0.0,0.0
183.29874544060422,1.0,0.0
183.3400531454456,0.0,0.0
183.3621831588958,1.0,0.0
183.40453472706315,2.0,0.0
183.42447924957986,1.0,0.0
183.44685217712023,0.0,0.0
183.44876435692115,1.0,0.0
183.4723453575072,0.0,0.0
183.48409782700688,1.0,0.0
183.50076873578806,0.0,0.0
183.52288256333838,1.0,0.0
183.55135575623882,0.0,0.0
183.63703527740532,1.0,0.0
183.64436489643688,2.0,0.0
183.65030634996705,3.0,0.0
183.6663152542313,2.0,0.0
183.67765103988896,1.0,0.0
183.6829687165852,0.0,0.0
183.68993461874092,1.0,0.0
183.69622435267925,2.0,0.0
183.71623236436932,1.0,0.0
183.73100981721646,0.0,0.0
183.74559944327348,1.0,0.0
183.77888339409935,2.0,0.0
183.77920113863547,1.0,0.0
183.80680202174995,2.0,0.0
183.808832486476,3.0,0.0
183.83409810596828,2.0,0.0
183.83520845972137,1.0,0.0
183.84424199549548,2.0,0.0
183.8534950264338,3.0,0.0
183.85435300624363,2.0,0.0
183.8694154799978,3.0,0.0
183.8746235542076,4.0,0.0
183.88199581923814,3.0,0.0
183.89236913783895,2.0,0.0
183.91959282061956,3.0,0.0
183.9356144463937,2.0,0.0
183.93672037661975,1.0,0.0
183.93828589461842,2.0,0.0
183.94525297389364,1.0,0.0
183.9879020937114,0.0,0.0
184.03833915389077,1.0,0.0
184.05506055479754,2.0,0.0
184.05944205266871,3.0,0.0
184.0736080355232,2.0,0.0
184.09266242902703,1.0,0.0
184.1000676031393,0.0,0.0
184.12812018174182,1.0,0.0
184.15977774385522,2.0,0.0
184.1676806382431,3.0,0.0
184.16870893973763,2.0,0.0
184.17263227405186,1.0,0.0
184.21567875737014,2.0,0.0
184.2312950408093,3.0,0.0
184.24117400792966,4.0,0.0
184.24265544390005,5.0,0.0
184.2659794151964,4.0,0.0
184.27046257398555,5.0,0.0
184.27234004431463,4.0,0.0
184.28695938070123,5.0,0.0
184.29180523840404,6.0,0.0
184.3007877978242,5.0,0.0
184.311317060687,4.0,0.0
184.31506039191686,5.0,0.0
184.31623971159155,6.0,0.0
184.31765977839996,7.0,0.0
184.32516636954085,6.0,0.0
184.33238610811597,5.0,0.0
184.33334959185922,4.0,0.0
184.34807417220748,3.0,0.0
184.3651620288239,4.0,0.0
184.36534101424218,5.0,0.0
184.3710679899334,4.0,0.0
184.37180967751493,5.0,0.0
184.4043812354867,4.0,0.0
184.4170551987411,3.0,0.0
184.43193501614996,2.0,0.0
184.44078008797587,1.0,0.0
184.442631176574,2.0,0.0
184.44359332099754,3.0,0.0
184.44770902968386,2.0,0.0
184.45625234918808,1.0,0.0
184.46907131671526,2.0,0.0
184.4716957270747,1.0,0.0
184.48325899225037,2.0,0.0
184.49518523273446,3.0,0.0
184.50808157959352,2.0,0.0
184.52640169023363,1.0,0.0
184.53110647353193,2.0,0.0
184.53486749194258,1.0,0.0
184.53584442313732,2.0,0.0
184.5558622048707,1.0,0.0
184.56401233938294,0.0,0.0
184.5729391352749,1.0,0.0
184.60973008916957,2.0,0.0
184.61978768379575,1.0,0.0
184.63563804358796,2.0,0.0
184.63909040767595,1.0,0.0
184.64101795155884,0.0,0.0
184.7428916765775,1.0,0.0
184.74330706271365,2.0,0.0
184.75042092260148,3.0,0.0
184.7597921575875,2.0,0.0
184.79287313089395,3.0,0.0
184.79551052208427,2.0,0.0
184.7963465355624,3.0,0.0
184.80632597835665,4.0,0.0
184.80738959973277,5.0,0.0
184.8076065443678,4.0,0.0
184.8234649820497,5.0,0.0
184.82582790915285,4.0,0.0
184.8267984634114,5.0,0.0
184.8405050252309,4.0,0.0
184.85666958472078,5.0,0.0
184.85771530817365,4.0,0.0
184.86401770476297,5.0,0.0
184.8794196121056,4.0,0.0
184.88617174566997,3.0,0.0
184.89995139768325,4.0,0.0
184.91364967715057,5.0,0.0
184.9150640757589,4.0,0.0
184.91898719210093,3.0,0.0
184.93229286566267,2.0,0.0
184.94458424222455,1.0,0.0
184.9782311448501,0.0,0.0
185.01919553011768,1.0,0.0
185.03610429449887,0.0,0.0
185.06596487949005,1.0,0.0
185.07012309577917,2.0,0.0
185.07027500296968,3.0,0.0
185.0725239050278,2.0,0.0
185.08939422376574,1.0,0.0
185.09356753888233,2.0,0.0
185.0960566360717,1.0,0.0
185.10634493715472,2.0,0.0
185.11227150366983,1.0,0.0
185.1249926316173,2.0,0.0
185.14284458006824,1.0,0.0
185.1525668852136,2.0,0.0
185.15813522125003,1.0,0.0
185.1599287495538,2.0,0.0
185.16027679614686,3.0,0.0
185.16492676751358,2.0,0.0
185.17665938708456,3.0,0.0
185.1998426748768,4.0,0.0
185.21132126276993,3.0,0.0
185.2172995063397,2.0,0.0
185.234028567257,1.0,0.0
185.24197673996755,2.0,0.0
185.25864628674108,3.0,0.0
185.2778576201982,2.0,0.0
185.2869312143363,3.0,0.0
185.29037477638707,2.0,0.0
185.3068367941722,1.0,0.0
185.31816004168826,2.0,0.0
185.34031343852965,3.0,0.0
185.34940490071605,4.0,0.0
185.35965479154055,3.0,0.0
185.36738825644332,4.0,0.0
185.37495781610733,5.0,0.0
185.38488132385515,4.0,0.0
185.38722939925924,5.0,0.0
185.3905171094793,4.0,0.0
185.41623312722422,3.0,0.0
185.42523945187182,4.0,0.0
185.42922397027428,3.0,0.0
185.43058339964446,2.0,0.0
185.44899808700413,1.0,0.0
185.46863077210975,2.0,0.0
185.48339758336888,1.0,0.0
185.50348600134302,0.0,0.0
185.55340638915314,1.0,0.0
185.5674114842425,2.0,0.0
185.5684348602719,1.0,0.0
185.56922757235975,0.0,0.0
185.58887140034847,1.0,0.0
185.604893102322,0.0,0.0
185.61970822404223,1.0,0.0
185.62660773073654,0.0,0.0
185.629407629902,1.0,0.0
185.6526618378285,0.0,0.0
185.68344222391133,1.0,0.0
185.68421442708515,2.0,0.0
185.68883109614106,1.0,0.0
185.69067917443658,2.0,0.0
185.69832132554853,1.0,0.0
185.70175606594205,2.0,0.0
185.70720619230465,3.0,0.0
185.70962891428684,4.0,0.0
185.7224022574845,3.0,0.0
185.7314417926583,4.0,0.0
185.7386148844333,5.0,0.0
185.74736354868708,6.0,0.0
185.7503437965768,5.0,0.0
185.7593483116838,4.0,0.0
185.7838570724328,5.0,0.0
185.786855845607,4.0,0.0
185.795741150891,5.0,0.0
185.81369120059333,4.0,0.0
185.82219843478862,5.0,0.0
185.82841721720763,6.0,0.0
185.83228745594897,7.0,0.0
185.83313171704984,8.0,0.0
185.83684635480049,9.0,0.0
185.8465649539137,10.0,0.0
185.85576032104765,11.0,0.0
185.86377707183613,12.0,0.0
185.88043958994143,11.0,0.0
185.89177921787598,12.0,0.0
185.89210043997556,11.0,0.0
185.89369430507278,12.0,0.0
185.89809194594147,11.0,0.0
185.90602282691276,12.0,0.0
185.93997852965614,11.0,0.0
185.94031717277835,10.0,0.0
185.94495389683348,11.0,0.0
185.94737070554635,10.0,0.0
185.95465423690948,9.0,0.0
185.96022126690164,8.0,0.0
185.96103253697694,9.0,0.0
185.96596649295552,10.0,0.0
185.97458284439364,11.0,0.0
185.99348680735056,10.0,0.0
185.9935419325534,9.0,0.0
185.99568984139373,8.0,0.0
186.005309594078,9.0,0.0
186.01038384422674,10.0,0.0
186.01061242836153,11.0,0.0
186.01583352914838,10.0,0.0
186.03189582580916,11.0,0.0
186.0339862948138,12.0,0.0
186.0406940773221,11.0,0.0
186.0428919627386,10.0,0.0
186.0465821358499,9.0,0.0
186.05608340748333,8.0,0.0
186.06198041077946,7.0,0.0
186.0629143806624,6.0,0.0
186.08181119467315,5.0,0.0
186.08471138594314,4.0,0.0
186.09071415724523,5.0,0.0
186.09654775771222,4.0,0.0
186.105147510431,5.0,0.0
186.1133372116961,6.0,0.0
186.1150664610024,5.0,0.0
186.1183620579101,6.0,0.0
186.12810815145883,7.0,0.0
186.13450465222044,6.0,0.0
186.14162938199934,7.0,0.0
186.14541961519723,8.0,0.0
186.146599245671,9.0,0.0
186.14788008633317,10.0,0.0
186.1743363044145,9.0,0.0
186.18991163139074,10.0,0.0
186.19613507128,11.0,0.0
186.19821832914752,10.0,0.0
186.20248365485,9.0,0.0
186.20841392314685,8.0,0.0
186.2166764908325,9.0,0.0
186.21876344789686,8.0,0.0
186.22422443576423,7.0,0.0
186.2249137215942,8.0,0.0
186.23112091695998,7.0,0.0
186.23205700334847,8.0,0.0
186.23694775808198,7.0,0.0
186.23760637286733,8.0,0.0
186.23880050284419,7.0,0.0
186.2540362250724,6.0,0.0
186.26074788218222,5.0,0.0
186.2727103888549,4.0,0.0
186.27853556603927,3.0,0.0
186.3028872482828,2.0,0.0
186.309937113203,3.0,0.0
186.3179419531216,4.0,0.0
186.31938995928877,3.0,0.0
186.32442560491634,4.0,0.0
186.34549928553633,3.0,0.0
186.34620691399348,2.0,0.0
186.35048646650276,1.0,0.0
186.35259328938886,0.0,0.0
186.37357256433,1.0,0.0
186.37525462875723,2.0,0.0
186.39173149887822,1.0,0.0
186.40273628284405,2.0,0.0
186.40765273911876,1.0,0.0
186.42271698262658,2.0,0.0
186.42364223730016,1.0,0.0
186.43807975598108,2.0,0.0
186.4680739571147,3.0,0.0
186.47070329849058,4.0,0.0
186.47698203337123,5.0,0.0
186.48357892951816,6.0,0.0
186.48536727637637,5.0,0.0
186.49731280763496,4.0,0.0
186.4988460525627,3.0,0.0
186.50189194575174,4.0,0.0
186.50435238629018,5.0,0.0
186.51024835372573,6.0,0.0
186.5117253386825,7.0,0.0
186.51173091783753,8.0,0.0
186.51353704772782,9.0,0.0
186.5137544088498,8.0,0.0
186.51617782819795,7.0,0.0
186.52009297714085,8.0,0.0
186.52012016714735,7.0,0.0
186.53687258116588,8.0,0.0
186.54699807021677,9.0,0.0
186.54945934072154,8.0,0.0
186.5579508161418,7.0,0.0
186.5580317099652,6.0,0.0
186.56488225060022,7.0,0.0
186.5718998812832,8.0,0.0
186.58346206482744,7.0,0.0
186.58407032065764,8.0,0.0
186.5849023376668,9.0,0.0
186.5854076364004,10.0,0.0
186.58704248202318,9.0,0.0
186.60076939989264,10.0,0.0
186.60161857018332,11.0,0.0
186.61865901719693,10.0,0.0
186.62890912567408,11.0,0.0
186.63537096211186,12.0,0.0
186.6423492045388,11.0,0.0
186.65611567987966,12.0,0.0
186.6597780849053,11.0,0.0
186.6720943780114,12.0,0.0
186.67309798665414,13.0,0.0
186.67508776065318,12.0,0.0
186.6779120943523,11.0,0.0
186.68155148426993,12.0,0.0
186.68800280857647,13.0,0.0
186.6883597961614,12.0,0.0
186.69018948430437,13.0,0.0
186.69569914614024,14.0,0.0
186.6988217582246,15.0,0.0
186.7041523011507,16.0,0.0
186.70668048123366,15.0,0.0
186.712679738605,16.0,0.0
186.7137272328655,15.0,0.0
186.7140097537166,16.0,0.0
186.7157687883736,15.0,0.0
186.7275686626288,14.0,0.0
186.73118203102734,15.0,0.0
186.73586136110907,16.0,0.0
186.74123146675663,15.0,0.0
186.74588783365405,14.0,0.0
186.74625725129144,13.0,0.0
186.74888114304957,14.0,0.0
186.75709727667524,13.0,0.0
186.7604858160827,12.0,0.0
186.780039822154,11.0,0.0
186.7869154932857,10.0,0.0
186.78949269953387,11.0,0.0
186.79486615436298,12.0,0.0
186.79685296741346,13.0,0.0
186.80297358995628,14.0,0.0
186.80308943641018,15.0,0.0
186.80409490620443,16.0,0.0
186.8051533886302,17.0,0.0
186.81752138745676,18.0,0.0
186.82053799510592,17.0,0.0
186.82921037813725,16.0,0.0
186.84881418038202,17.0,0.0
186.85549388477946,18.0,0.0
186.8645543716264,19.0,0.0
186.86695167643452,18.0,0.0
186.87985241778603,19.0,0.0
186.8827598985995,18.0,0.0
186.89032480041976,17.0,0.0
186.89691102801595,16.0,0.0
186.90463880292708,15.0,0.0
186.90835143615382,16.0,0.0
186.90934266641767,15.0,0.0
186.9181471149347,16.0,0.0
186.92057997969346,15.0,0.0
186.92433259341152,14.0,0.0
186.93363241680572,13.0,0.0
186.93740022306375,14.0,0.0
186.93861616811114,13.0,0.0
186.94189835650585,12.0,0.0
186.9448890105552,11.0,0.0
186.95292876841705,12.0,0.0
186.96736666688105,13.0,0.0
186.9678454061009,12.0,0.0
186.9710637325992,13.0,0.0
186.98404760381825,14.0,0.0
186.9915551403445,13.0,0.0
187.0105666900088,12.0,0.0
187.0125520025946,11.0,0.0
187.0268030144256,12.0,0.0
187.03022019656868,13.0,0.0
187.04036214475093,14.0,0.0
187.04346003725584,13.0,0.0
187.0440012548935,12.0,0.0
187.04594787693873,13.0,0.0
187.04950039735215,14.0,0.0
187.05076180406047,15.0,0.0
187.06086563733166,14.0,0.0
187.06850978098632,15.0,0.0
187.07982692430843,14.0,0.0
187.0862676958638,13.0,0.0
187.08858152211963,14.0,0.0
187.0924270083259,15.0,0.0
187.09704402168802,14.0,0.0
187.0973213156242,15.0,0.0
187.10488994621178,16.0,0.0
187.1125261511724,17.0,0.0
187.11672013946202,16.0,0.0
187.1174725244498,15.0,0.0
187.12104296681136,14.0,0.0
187.15139067194576,13.0,0.0
187.15537151226548,12.0,0.0
187.15852872913376,13.0,0.0
187.1666157842759,14.0,0.0
187.16718055464585,13.0,0.0
187.19961023643904,12.0,0.0
187.20951241673677,13.0,0.0
187.21122504840994,12.0,0.0
187.21206797230056,13.0,0.0
187.2343938464591,12.0,0.0
187.2390508606923,13.0,0.0
187.2416632966843,14.0,0.0
187.24437775659055,13.0,0.0
187.2535214252053,14.0,0.0
187.2543209722112,15.0,0.0
187.25552324893212,16.0,0.0
187.25966944328894,17.0,0.0
187.27593317754923,18.0,0.0
187.27647018729098,19.0,0.0
187.2798931246148,20.0,0.0
187.28380075307894,21.0,0.0
187.29077213108516,22.0,0.0
187.29203107595725,21.0,0.0
187.29574215149762,22.0,0.0
187.2991469596025,21.0,0.0
187.30332374733567,22.0,0.0
187.30544229378378,21.0,0.0
187.306956403759,20.0,0.0
187.3075940752415,19.0,0.0
187.3121615763441,20.0,0.0
187.31425182520454,19.0,0.0
187.31737468567368,20.0,0.0
187.33505718776166,19.0,0.0
187.3402894405492,18.0,0.0
187.35023486333006,17.0,0.0
187.3515574760468,18.0,0.0
187.36657660433744,17.0,0.0
187.37957082240578,18.0,0.0
187.3827459439704,17.0,0.0
187.38491585065535,18.0,0.0
187.38805779413335,19.0,0.0
187.38888751782645,18.0,0.0
187.39222612946787,19.0,0.0
187.39651186428708,18.0,0.0
187.41022349330842,17.0,0.0
187.41166665077753,18.0,0.0
187.41666247291414,19.0,0.0
187.41782480661243,20.0,0.0
187.4184406445938,21.0,0.0
187.42000975233466,22.0,0.0
187.42843153282678,21.0,0.0
187.43159279290694,20.0,0.0
187.440848574731,21.0,0.0
187.4521408156968,20.0,0.0
187.45774175380456,19.0,0.0
187.45875305441717,18.0,0.0
187.4622817915367,17.0,0.0
187.46495154893492,18.0,0.0
187.46842015722126,19.0,0.0
187.47937396461478,20.0,0.0
187.48061376927345,21.0,0.0
187.48771317589,22.0,0.0
187.49331995969547,21.0,0.0
187.50003944138203,20.0,0.0
187.5068806801091,21.0,0.0
187.50818542506136,20.0,0.0
187.51302770910038,21.0,0.0
187.51543654434926,20.0,0.0
187.52232848453727,19.0,0.0
187.52337422385187,18.0,0.0
187.52557282917326,17.0,0.0
187.52713023044694,16.0,0.0
187.53015428068161,15.0,0.0
187.53162584640995,14.0,0.0
187.53861420630847,15.0,0.0
187.54024190841304,16.0,0.0
187.5464136702802,15.0,0.0
187.5644440494063,14.0,0.0
187.571946906946,13.0,0.0
187.57315388034723,12.0,0.0
187.58151176452932,11.0,0.0
187.58195256322207,10.0,0.0
187.58830375362118,9.0,0.0
187.59123214502844,10.0,0.0
187.5961033413808,11.0,0.0
187.5975980298602,12.0,0.0
187.59896816706413,11.0,0.0
187.60405237819762,10.0,0.0
187.6073185254153,11.0,0.0
187.6143560615126,12.0,0.0
187.6268936966341,13.0,0.0
187.6323737643306,14.0,0.0
187.63816939915938,15.0,0.0
187.6397865118116,14.0,0.0
187.6642830446298,15.0,0.0
187.66491173823786,14.0,0.0
187.68448852310868,13.0,0.0
187.68919185776465,14.0,0.0
187.69120771459893,15.0,0.0
187.7007250817947,16.0,0.0
187.7014099297686,15.0,0.0
187.71065965854575,14.0,0.0
187.71333946277056,15.0,0.0
187.727515332309,14.0,0.0
187.73235349099804,13.0,0.0
187.73273512236676,14.0,0.0
187.73348046637796,13.0,0.0
187.7358639002044,12.0,0.0
187.73726065557003,11.0,0.0
187.73847246110438,12.0,0.0
187.7494056803597,11.0,0.0
187.75405473154427,12.0,0.0
187.75688835268085,13.0,0.0
187.7581711853725,14.0,0.0
187.77033151695235,15.0,0.0
187.7730451881356,16.0,0.0
187.77903067799954,15.0,0.0
187.80039249013018,16.0,0.0
187.8112575241088,15.0,0.0
187.8135569294204,16.0,0.0
187.81382001305437,15.0,0.0
187.818013180185,14.0,0.0
187.82612365086123,15.0,0.0
187.82873783623486,16.0,0.0
187.82975909424306,15.0,0.0
187.83957996134367,16.0,0.0
187.87626767368852,15.0,0.0
187.87972249148174,14.0,0.0
187.88549463720688,13.0,0.0
187.88913824777143,12.0,0.0
187.89980125199543,13.0,0.0
187.92109847406348,12.0,0.0
187.92332553298473,11.0,0.0
187.92686274170433,12.0,0.0
187.93485696260862,11.0,0.0
187.93963964484198,10.0,0.0
187.94189647169986,9.0,0.0
187.94525159856008,10.0,0.0
187.95067124807926,11.0,0.0
187.95678264351642,12.0,0.0
187.96733282231324,13.0,0.0
187.96869751987757,14.0,0.0
187.988905615668,15.0,0.0
187.98911801571353,16.0,0.0
188.00601097758906,15.0,0.0
188.0076130865956,16.0,0.0
188.0087919074122,15.0,0.0
188.0106542140395,14.0,0.0
188.0133539459369,15.0,0.0
188.02419612424444,16.0,0.0
188.02483573770186,15.0,0.0
188.02812937237596,16.0,0.0
188.0299364909522,17.0,0.0
188.0355137025517,16.0,0.0
188.0498074753514,17.0,0.0
188.0559532739168,16.0,0.0
188.05993245469966,15.0,0.0
188.06615115104793,14.0,0.0
188.0749236460147,13.0,0.0
188.07556032667577,12.0,0.0
188.07964939023364,13.0,0.0
188.0804978088881,12.0,0.0
188.08437396002418,13.0,0.0
188.09391798006203,12.0,0.0
188.0945402435503,11.0,0.0
188.1183733382149,10.0,0.0
188.1241171089462,11.0,0.0
188.1339656019664,12.0,0.0
188.15254832707043,13.0,0.0
188.1562691111172,12.0,0.0
188.1607617011605,11.0,0.0
188.16880842622646,12.0,0.0
188.17253055086113,13.0,0.0
188.18082146703804,14.0,0.0
188.18655408426852,15.0,0.0
188.18936805237314,14.0,0.0
188.19893969336604,13.0,0.0
188.20330700383664,14.0,0.0
188.2040311688383,15.0,0.0
188.20634873125144,14.0,0.0
188.20664283543485,15.0,0.0
188.2077952882076,16.0,0.0
188.21004084892297,17.0,0.0
188.21315432879192,18.0,0.0
188.22592402642147,19.0,0.0
188.2294220198483,18.0,0.0
188.24474457502862,19.0,0.0
188.24533714846518,20.0,0.0
188.24537251168218,21.0,0.0
188.24597917646358,22.0,0.0
188.25745579442233,21.0,0.0
188.262330319538,20.0,0.0
188.2672047409777,19.0,0.0
188.26732315751096,18.0,0.0
188.26844807151411,19.0,0.0
188.2773528117468,20.0,0.0
188.29500957440558,19.0,0.0
188.29713115903402,18.0,0.0
188.30168052311444,19.0,0.0
188.31319037650525,20.0,0.0
188.3164692013122,19.0,0.0
188.32728642503022,20.0,0.0
188.34918237372978,21.0,0.0
188.35768331742435,22.0,0.0
188.35812409703945,23.0,0.0
188.3621766724019,24.0,0.0
188.36421334412816,23.0,0.0
188.36574928441635,22.0,0.0
188.36683706485508,23.0,0.0
188.36723271392995,24.0,0.0
188.37154132121788,23.0,0.0
188.37439527963525,22.0,0.0
188.38334998760578,21.0,0.0
188.3880561240731,20.0,0.0
188.39068200308418,21.0,0.0
188.39989304472752,22.0,0.0
188.40160009347034,21.0,0.0
188.40226840028592,20.0,0.0
188.4041721680745,19.0,0.0
188.4051652153882,20.0,0.0
188.41074372333193,21.0,0.0
188.41620064531838,20.0,0.0
188.41878952628883,19.0,0.0
188.42064992013428,18.0,0.0
188.42392855789888,19.0,0.0
188.42397919151247,20.0,0.0
188.4294518962243,21.0,0.0
188.43329791068666,22.0,0.0
188.44447164384343,23.0,0.0
188.45588049758044,22.0,0.0
188.46629648808826,21.0,0.0
188.47498231677622,22.0,0.0
188.4878565544314,23.0,0.0
188.4978438259413,24.0,0.0
188.51324940402648,25.0,0.0
188.51947010596265,26.0,0.0
188.51972379545833,27.0,0.0
188.521925532443,28.0,0.0
188.5305983685702,27.0,0.0
188.53658972655765,26.0,0.0
188.55724387486407,27.0,0.0
188.5669918624882,26.0,0.0
188.5679791399693,27.0,0.0
188.5690127585328,26.0,0.0
188.56971383389654,27.0,0.0
188.5741976426635,26.0,0.0
188.57429542824903,25.0,0.0
188.58607003773312,26.0,0.0
188.59074870070307,27.0,0.0
188.59471748172714,28.0,0.0
188.59522715797218,29.0,0.0
188.59555959839966,28.0,0.0
188.59824593563602,29.0,0.0
188.60746555667365,28.0,0.0
188.60788288596564,29.0,0.0
188.61063315476184,30.0,0.0
188.6164651316075,31.0,0.0
188.62230485151306,32.0,0.0
188.62237942784694,31.0,0.0
188.64315505134945,32.0,0.0
188.65584434270974,33.0,0.0
188.65668739376795,32.0,0.0
188.6575538961743,33.0,0.0
188.66165994584978,34.0,0.0
188.66709079463573,33.0,0.0
188.69483225036169,32.0,0.0
188.70227177079573,33.0,0.0
188.70449209828706,34.0,0.0
188.71018482220546,33.0,0.0
188.71104774074956,32.0,0.0
188.71433904936595,31.0,0.0
188.71495381745092,32.0,0.0
188.71556395455116,31.0,0.0
188.73235477493597,30.0,0.0
188.73417085017573,31.0,0.0
188.73492336320948,32.0,0.0
188.73679391849498,31.0,0.0
188.744823162876,32.0,0.0
188.7477558397234,33.0,0.0
188.74800164760666,32.0,0.0
188.74974880206184,33.0,0.0
188.75839086183322,32.0,0.0
188.7659290796486,33.0,0.0
188.7722287028916,34.0,0.0
188.773664773738,35.0,0.0
188.78293439976696,36.0,0.0
188.78419648137302,35.0,0.0
188.78552520546182,36.0,0.0
188.79652088456152,37.0,0.0
188.8111757988151,38.0,0.0
188.8223842106116,37.0,0.0
188.8420916593371,38.0,0.0
188.85014544011017,39.0,0.0
188.857267049353,38.0,0.0
188.86674914725677,37.0,0.0
188.86836656504371,38.0,0.0
188.88388292058616,37.0,0.0
188.88629409578616,38.0,0.0
188.8866147230432,37.0,0.0
188.88801976286874,38.0,0.0
188.89923517786661,37.0,0.0
188.9100813190994,36.0,0.0
188.91786290695566,35.0,0.0
188.9184566593836,34.0,0.0
188.92425522233435,33.0,0.0
188.92783087403,34.0,0.0
188.94199121152727,35.0,0.0
188.94378356077456,36.0,0.0
188.94833018385262,37.0,0.0
188.95964583166113,36.0,0.0
188.9641101544179,37.0,0.0
188.96566277410253,36.0,0.0
188.96712484135864,37.0,0.0
188.97104123248974,38.0,0.0
188.9776181132701,39.0,0.0
188.98001439253656,38.0,0.0
188.98616738540943,39.0,0.0
188.98655891360144,38.0,0.0
188.98767215083333,37.0,0.0
189.0022787395789,36.0,0.0
189.00380630752863,35.0,0.0
189.0087788928499,36.0,0.0
189.0107534855963,37.0,0.0
189.01591525803883,38.0,0.0
189.01667213895445,39.0,0.0
189.0188061304277,38.0,0.0
189.02359763695185,37.0,0.0
189.02611248791422,38.0,0.0
189.0325925043322,37.0,0.0
189.03530555948112,38.0,0.0
189.0472531318603,39.0,0.0
189.05114906408744,38.0,0.0
189.0527457849824,37.0,0.0
189.05704795070997,38.0,0.0
189.06964565536754,39.0,0.0
189.07240795292688,38.0,0.0
189.0813265738044,39.0,0.0
189.0893251568341,38.0,0.0
189.09010002683937,37.0,0.0
189.09176206821067,38.0,0.0
189.0931928134711,39.0,0.0
189.09479417282844,40.0,0.0
189.09497346830997,41.0,0.0
189.10223375422822,40.0,0.0
189.10638023105312,41.0,0.0
189.11646712763385,42.0,0.0
189.12540945023147,41.0,0.0
189.12590482653837,40.0,0.0
189.129252068459,41.0,0.0
189.13388714333692,42.0,0.0
189.13490737140364,41.0,0.0
189.1377026728039,40.0,0.0
189.1418556275783,41.0,0.0
189.1622161913086,40.0,0.0
189.167395771231,39.0,0.0
189.170099451037,40.0,0.0
189.174786588046,39.0,0.0
189.18094295932272,40.0,0.0
189.18423793381822,41.0,0.0
189.18970251207006,40.0,0.0
189.19363927138735,41.0,0.0
189.19779134623175,40.0,0.0
189.23024195267516,39.0,0.0
189.23091925588395,40.0,0.0
189.23218323324593,41.0,0.0
189.23926125268864,40.0,0.0
189.24058497460896,41.0,0.0
189.25105981128144,40.0,0.0
189.2521723419849,41.0,0.0
189.27865029723154,42.0,0.0
189.27876937094308,43.0,0.0
189.28389229641687,44.0,0.0
189.29279535431402,45.0,0.0
189.29510338509604,46.0,0.0
189.30464965017987,45.0,0.0
189.30966735841537,46.0,0.0
189.31807942441077,47.0,0.0
189.31905118660487,48.0,0.0
189.33259289404018,49.0,0.0
189.3326485074969,50.0,0.0
189.3355806111995,49.0,0.0
189.33854890029556,50.0,0.0
189.3398211583486,49.0,0.0
189.34037853927933,50.0,0.0
189.34658119559467,51.0,0.0
189.35678209781727,50.0,0.0
189.37147093225013,51.0,0.0
189.37982774188282,50.0,0.0
189.38050121585468,51.0,0.0
189.38362239219455,52.0,0.0
189.38446936877148,53.0,0.0
189.38586070640864,54.0,0.0
189.3902494919653,53.0,0.0
189.39508820217924,52.0,0.0
189.3952229109817,53.0,0.0
189.40427089022106,54.0,0.0
189.41016146169466,53.0,0.0
189.41049135083966,54.0,0.0
189.41521957125954,55.0,0.0
189.4256256014108,56.0,0.0
189.4292240178228,57.0,0.0
189.4440972795213,56.0,0.0
189.44818080283875,55.0,0.0
189.45727154796847,56.0,0.0
189.45759798634148,57.0,0.0
189.45814860816452,56.0,0.0
189.4599176296935,57.0,0.0
189.4699087371909,56.0,0.0
189.4727485805676,57.0,0.0
189.47456877734174,56.0,0.0
189.4811303547942,55.0,0.0
189.48383081264524,54.0,0.0
189.48661884544822,53.0,0.0
189.48696342520043,52.0,0.0
189.49294833256602,53.0,0.0
189.50221852815528,52.0,0.0
189.50767091576174,53.0,0.0
189.51598653589494,54.0,0.0
189.5161374857079,55.0,0.0
189.51731580564092,56.0,0.0
189.52102153662415,55.0,0.0
189.52406568152824,54.0,0.0
189.52481596426497,55.0,0.0
189.52498935958272,56.0,0.0
189.5282493230361,57.0,0.0
189.5324910432895,56.0,0.0
189.5412613745678,57.0,0.0
189.5432826949736,58.0,0.0
189.56213011320827,57.0,0.0
189.56331906840717,56.0,0.0
189.5719675329016,57.0,0.0
189.57292367438885,58.0,0.0
189.5770889904655,59.0,0.0
189.58010897986458,58.0,0.0
189.59024570134116,57.0,0.0
189.59495103198753,56.0,0.0
189.59897829774346,57.0,0.0
189.6039915650513,56.0,0.0
189.60657240054803,57.0,0.0
189.6104621499991,56.0,0.0
189.61718473108508,55.0,0.0
189.63538664423726,54.0,0.0
189.63543068065522,55.0,0.0
189.63631722441053,56.0,0.0
189.6385708948669,55.0,0.0
189.64606845608566,54.0,0.0
189.6480119993288,53.0,0.0
189.6509857089656,54.0,0.0
189.65277006568854,55.0,0.0
189.6556961953855,54.0,0.0
189.65760200609466,55.0,0.0
189.65802146599364,54.0,0.0
189.6619960813553,55.0,0.0
189.67249838919417,54.0,0.0
189.673294765199,55.0,0.0
189.68297705202383,56.0,0.0
189.68325496030948,57.0,0.0
189.68419310764276,58.0,0.0
189.68506589555847,57.0,0.0
189.6868974781557,58.0,0.0
189.6908498181174,59.0,0.0
189.69345284970328,60.0,0.0
189.6940264911086,59.0,0.0
189.70193127367307,60.0,0.0
189.70244184490727,61.0,0.0
189.70265172119423,60.0,0.0
189.70581957212417,59.0,0.0
189.70641404620386,58.0,0.0
189.71321895832156,59.0,0.0
189.71471253759043,58.0,0.0
189.72504475781452,57.0,0.0
189.72604128040268,58.0,0.0
189.7293551414092,57.0,0.0
189.74134934254573,58.0,0.0
189.74277241395149,57.0,0.0
189.7463641923151,58.0,0.0
189.7579314831066,57.0,0.0
189.75869060986952,58.0,0.0
189.7594412787433,59.0,0.0
189.7697637585591,60.0,0.0
189.77767197718833,61.0,0.0
189.77824168258775,62.0,0.0
189.78478399560203,63.0,0.0
189.78552903545238,64.0,0.0
189.80299568910624,65.0,0.0
189.80856362598524,64.0,0.0
189.81382159352646,65.0,0.0
189.81672742749518,66.0,0.0
189.8193784158168,67.0,0.0
189.82336630994675,68.0,0.0
189.8323981186071,67.0,0.0
189.8342008120758,66.0,0.0
189.84266668891297,65.0,0.0
189.84523034376423,64.0,0.0
189.86450052226402,63.0,0.0
189.86519850793258,64.0,0.0
189.86618054858315,63.0,0.0
189.8730319094098,62.0,0.0
189.87703651829625,63.0,0.0
189.88052250915644,62.0,0.0
189.88481471901596,63.0,0.0
189.8852522674076,62.0,0.0
189.8883131421796,61.0,0.0
189.90176339675358,62.0,0.0
189.90437805756656,61.0,0.0
189.90499742981288,62.0,0.0
189.90552892153687,61.0,0.0
189.9068595997131,62.0,0.0
189.91487185348242,63.0,0.0
189.91488136585605,64.0,0.0
189.91894453572445,65.0,0.0
189.9195870686651,66.0,0.0
189.92102544331954,67.0,0.0
189.9242425675591,66.0,0.0
189.92647687468673,67.0,0.0
189.9296615230363,68.0,0.0
189.93193118835902,67.0,0.0
189.93653381210385,66.0,0.0
189.94627420356423,65.0,0.0
189.9491220919201,64.0,0.0
189.9497439896219,65.0,0.0
189.9549022749396,66.0,0.0
189.95950146282777,67.0,0.0
189.96232953510108,68.0,0.0
189.96303152499019,67.0,0.0
189.9721936344042,66.0,0.0
189.9741359739571,65.0,0.0
189.9795422203821,64.0,0.0
189.9890576302108,65.0,0.0
189.98939414295347,64.0,0.0
189.99867347934082,65.0,0.0
189.9991720428167,66.0,0.0
190.00645926760706,67.0,0.0
190.01093341537884,68.0,0.0
190.0172236321479,67.0,0.0
190.01911353911052,66.0,0.0
190.03226682389413,65.0,0.0
190.0339452042412,64.0,0.0
190.03676642677905,63.0,0.0
190.04932250818325,64.0,0.0
190.0536296975381,63.0,0.0
190.06662786261361,64.0,0.0
190.0684489656105,65.0,0.0
190.06892023067954,66.0,0.0
190.0696882755372,67.0,0.0
190.0715128425704,68.0,0.0
190.0788814470968,69.0,0.0
190.0839558752677,70.0,0.0
190.08574192598635,71.0,0.0
190.0949437913582,72.0,0.0
190.10058559865237,73.0,0.0
190.10620367276974,72.0,0.0
190.10684624811594,73.0,0.0
190.10871479599572,72.0,0.0
190.11306767233253,73.0,0.0
190.11440228689773,74.0,0.0
190.12265203534858,73.0,0.0
190.13147611211286,72.0,0.0
190.1496824160291,71.0,0.0
190.1522184107995,70.0,0.0
190.1679410235972,69.0,0.0
190.17150293763007,68.0,0.0
190.17685218811653,67.0,0.0
190.18232539098773,68.0,0.0
190.18358237372456,69.0,0.0
190.18479471722694,70.0,0.0
190.19785494530535,69.0,0.0
190.2007386047138,70.0,0.0
190.2075707459244,71.0,0.0
190.20970575232968,72.0,0.0
190.21805957152714,73.0,0.0
190.22178480174134,72.0,0.0
190.24332062053637,71.0,0.0
190.24528308866027,70.0,0.0
190.2623723614912,71.0,0.0
190.26416119578272,70.0,0.0
190.2755944582793,71.0,0.0
190.27671029896993,70.0,0.0
190.27735016296242,71.0,0.0
190.27871239342767,70.0,0.0
190.28302930396367,69.0,0.0
190.28601860427665,70.0,0.0
190.2867306141856,69.0,0.0
190.29046866849703,70.0,0.0
190.2961607761369,69.0,0.0
190.30198468179728,68.0,0.0
190.3109456014983,69.0,0.0
190.311543462924,68.0,0.0
190.31249425733952,67.0,0.0
190.32251793047908,68.0,0.0
190.3252949120334,69.0,0.0
190.3327056710555,68.0,0.0
190.34425282135572,69.0,0.0
190.35625553898396,70.0,0.0
190.36787368216966,69.0,0.0
190.3751182383772,70.0,0.0
190.37902486313544,71.0,0.0
190.38101760811386,70.0,0.0
190.3812400375454,71.0,0.0
190.39567860650527,70.0,0.0
190.40905443301537,71.0,0.0
190.40955836645176,72.0,0.0
190.419374236667,71.0,0.0
190.42296810734732,72.0,0.0
190.42713042507717,73.0,0.0
190.43333458611707,74.0,0.0
190.4425258038664,75.0,0.0
190.4430370903591,74.0,0.0
190.44353620500686,73.0,0.0
190.45223844470738,72.0,0.0
190.45379115258748,73.0,0.0
190.45997373060783,72.0,0.0
190.46301707322962,73.0,0.0
190.47361730830988,74.0,0.0
190.47862263096007,73.0,0.0
190.48913891733895,72.0,0.0
190.49219750157494,73.0,0.0
190.50174429191893,74.0,0.0
190.50729746085315,73.0,0.0
190.5232300945422,74.0,0.0
190.52337092276198,75.0,0.0
190.5270753251882,74.0,0.0
190.53284946615938,73.0,0.0
190.5333916887838,74.0,0.0
190.5381907906097,73.0,0.0
190.53876061764768,72.0,0.0
190.54908284511683,71.0,0.0
190.55413225439295,70.0,0.0
190.56568674347625,71.0,0.0
190.56676740539797,70.0,0.0
190.5678015451294,69.0,0.0
190.57449888318658,68.0,0.0
190.58515420272502,69.0,0.0
190.58683667694132,70.0,0.0
190.5881701406062,71.0,0.0
190.58912578145188,70.0,0.0
190.59002226300132,69.0,0.0
190.5920776304812,70.0,0.0
190.5951297970376,69.0,0.0
190.59576032108555,70.0,0.0
190.59889402736454,69.0,0.0
190.6024613846831,68.0,0.0
190.63136891149273,67.0,0.0
190.63531627417876,68.0,0.0
190.63902658471716,67.0,0.0
190.64966175269723,68.0,0.0
190.65122578094815,69.0,0.0
190.65228121181613,70.0,0.0
190.655414337994,69.0,0.0
190.65908197890877,70.0,0.0
190.66008724186545,69.0,0.0
190.66088431716796,68.0,0.0
190.6628325675317,69.0,0.0
190.6632114535846,70.0,0.0
190.66399953306558,69.0,0.0
190.66522375493184,70.0,0.0
190.6745363862747,69.0,0.0
190.70342562973116,68.0,0.0
190.70688522228102,69.0,0.0
190.71077687480127,68.0,0.0
190.71367339968458,69.0,0.0
190.71414861044366,68.0,0.0
190.71595514390202,69.0,0.0
190.72960836867858,68.0,0.0
190.73032020733237,67.0,0.0
190.73330520338035,66.0,0.0
190.73361287653097,67.0,0.0
190.74084360374619,68.0,0.0
190.74128215450645,67.0,0.0
190.74749311413277,66.0,0.0
190.76315424476542,67.0,0.0
190.76611969619083,68.0,0.0
190.76657831915367,67.0,0.0
190.76747404667705,68.0,0.0
190.76910418508916,69.0,0.0
190.77281098764928,68.0,0.0
190.7745937752372,67.0,0.0
190.77531633932642,68.0,0.0
190.7759076602644,69.0,0.0
190.77688866316316,70.0,0.0
190.78302265822268,69.0,0.0
190.78556073297602,70.0,0.0
190.78696287403457,71.0,0.0
190.78832447309057,72.0,0.0
190.78946447804086,73.0,0.0
190.790758257955,72.0,0.0
190.79198553964295,73.0,0.0
190.79380161332608,74.0,0.0
190.80556049402998,73.0,0.0
190.81006958382704,72.0,0.0
190.81563539597778,71.0,0.0
190.82412951125053,70.0,0.0
190.83016800685292,71.0,0.0
190.8303645245343,72.0,0.0
190.83357499732782,71.0,0.0
190.83896340010625,70.0,0.0
190.8412734454077,69.0,0.0
190.84354375047397,70.0,0.0
190.8546182644842,69.0,0.0
190.86013989302788,70.0,0.0
190.8626118239694,69.0,0.0
190.86453042363007,70.0,0.0
190.86916255242917,69.0,0.0
190.88465317697109,70.0,0.0
190.88646931887433,71.0,0.0
190.88649995295526,70.0,0.0
190.8925429907703,71.0,0.0
190.89946652844407,72.0,0.0
190.9017065383014,71.0,0.0
190.90509725778176,72.0,0.0
190.90982919266236,73.0,0.0
190.91128660305438,74.0,0.0
190.9179921626493,75.0,0.0
190.9219673421208,76.0,0.0
190.92283645496755,77.0,0.0
190.92589892498694,78.0,0.0
190.92927705900624,79.0,0.0
190.93461370947665,78.0,0.0
190.93758690027343,77.0,0.0
190.9391498244459,78.0,0.0
190.95676632726085,77.0,0.0
190.9584043344554,78.0,0.0
190.96092366632718,79.0,0.0
190.9637448976319,78.0,0.0
190.96420786008673,77.0,0.0
190.97339362994052,76.0,0.0
190.9792501069092,75.0,0.0
190.9973413032883,76.0,0.0
191.0005318663981,77.0,0.0
191.027386129399,78.0,0.0
191.03214786218174,79.0,0.0
191.03604823942462,80.0,0.0
191.03727375080985,79.0,0.0
191.03749083854197,78.0,0.0
191.03941783132723,77.0,0.0
191.04001714768782,76.0,0.0
191.05733456089428,77.0,0.0
191.0581717134638,76.0,0.0
191.0716233884269,75.0,0.0
191.072134407154,74.0,0.0
191.0815560401733,75.0,0.0
191.08353799182316,76.0,0.0
191.08963386277065,75.0,0.0
191.0987517075215,74.0,0.0
191.1114337857736,73.0,0.0
191.12514906760416,74.0,0.0
191.13153315190237,73.0,0.0
191.13691928832841,74.0,0.0
191.1647933118226,73.0,0.0
191.16522360730067,74.0,0.0
191.1655369454262,75.0,0.0
191.174097744414,76.0,0.0
191.17465137071324,75.0,0.0
191.1774254620551,74.0,0.0
191.17944203518186,75.0,0.0
191.1801921470182,76.0,0.0
191.18372653099166,77.0,0.0
191.18781397174448,78.0,0.0
191.19129351899966,77.0,0.0
191.20545756590548,78.0,0.0
191.20723445657,77.0,0.0
191.2280678623941,76.0,0.0
191.22981176010038,75.0,0.0
191.23651989868523,74.0,0.0
191.2454380113883,75.0,0.0
191.24889777233628,74.0,0.0
191.25192246453645,73.0,0.0
191.25815834972684,74.0,0.0
191.2634390478871,73.0,0.0
191.26731932145833,74.0,0.0
191.27511861237778,73.0,0.0
191.2813199612365,72.0,0.0
191.28882794167293,73.0,0.0
191.28979688918233,72.0,0.0
191.29295534744944,73.0,0.0
191.31019226813788,74.0,0.0
191.3144261458584,75.0,0.0
191.3201338880489,76.0,0.0
191.32246375499318,77.0,0.0
191.32548987842725,76.0,0.0
191.33738171506545,77.0,0.0
191.3376235445112,76.0,0.0
191.34726045812093,75.0,0.0
191.35659614191826,76.0,0.0
191.35815578092678,77.0,0.0
191.35908877204562,78.0,0.0
191.35954323204507,77.0,0.0
191.36052008684823,76.0,0.0
191.36364953876966,75.0,0.0
191.36899755018152,76.0,0.0
191.3704463642992,75.0,0.0
191.37954333148883,76.0,0.0
191.38030323618412,75.0,0.0
191.41119431323787,74.0,0.0
191.41623173801813,75.0,0.0
191.41953491506015,74.0,0.0
191.42270705701807,75.0,0.0
191.4340712396721,76.0,0.0
191.4342011650449,77.0,0.0
191.43475485340196,78.0,0.0
191.44583245017708,79.0,0.0
191.44696485216272,78.0,0.0
191.44991986029476,79.0,0.0
191.45500811155645,80.0,0.0
191.47655275225392,81.0,0.0
191.4776625951378,82.0,0.0
191.48750676424186,83.0,0.0
191.4899390770863,84.0,0.0
191.50187723724636,83.0,0.0
191.50724718830233,84.0,0.0
191.50864046037609,85.0,0.0
191.51562416006732,84.0,0.0
191.52192526898847,85.0,0.0
191.53267114025857,86.0,0.0
191.55111138190196,85.0,0.0
191.55511525309544,86.0,0.0
191.55900640557053,87.0,0.0
191.561187596489,88.0,0.0
191.5617297981794,87.0,0.0
191.56497816474646,88.0,0.0
191.56566034015643,89.0,0.0
191.56719574813235,88.0,0.0
191.56781431790753,89.0,0.0
191.56930861845973,88.0,0.0
191.57305554007544,89.0,0.0
191.57484072849016,90.0,0.0
191.58168241169793,91.0,0.0
191.58468234083645,92.0,0.0
191.59343025565207,91.0,0.0
191.61566026600676,90.0,0.0
191.621942426058,89.0,0.0
191.6234751815686,90.0,0.0
191.62731699806687,89.0,0.0
191.62980115427808,88.0,0.0
191.630169026922,87.0,0.0
191.63247412773765,88.0,0.0
191.65762531971953,87.0,0.0
191.65878924498398,88.0,0.0
191.65991453808803,87.0,0.0
191.66080834088075,86.0,0.0
191.6650532601412,87.0,0.0
191.66647774813367,88.0,0.0
191.66946083846062,89.0,0.0
191.67646501445577,90.0,0.0
191.67675548895522,89.0,0.0
191.6815276519934,88.0,0.0
191.68198295741414,89.0,0.0
191.68404330194446,90.0,0.0
191.68906298219355,91.0,0.0
191.69145065906523,92.0,0.0
191.6950042573576,93.0,0.0
191.69998098718037,92.0,0.0
191.7042886974636,91.0,0.0
191.7142567980074,92.0,0.0
191.72557792724336,93.0,0.0
191.72594396643998,92.0,0.0
191.73706967587097,93.0,0.0
191.7396681238313,94.0,0.0
191.7432817625703,95.0,0.0
191.74740612434547,96.0,0.0
191.74836706932575,95.0,0.0
191.76926385559364,96.0,0.0
191.77443562027855,95.0,0.0
191.77888202324132,96.0,0.0
191.7902965160649,95.0,0.0
191.7926941875664,96.0,0.0
191.79336167645047,97.0,0.0
191.80987401635159,98.0,0.0
191.81657094788045,97.0,0.0
191.82641830355507,98.0,0.0
191.8372762786539,99.0,0.0
191.84646702525436,100.0,0.0
191.84838891656787,99.0,0.0
191.8603959854297,100.0,0.0
191.87389415095723,101.0,0.0
191.8756583810866,102.0,0.0
191.8840988048892,101.0,0.0
191.88686184061697,100.0,0.0
191.89246310751145,101.0,0.0
191.89358400805662,102.0,0.0
191.9034941568497,103.0,0.0
191.92171787159128,102.0,0.0
191.92498179953458,101.0,0.0
191.92790776282865,100.0,0.0
191.92888185824094,99.0,0.0
191.92941591725375,100.0,0.0
191.93033797120393,101.0,0.0
191.93429501014896,100.0,0.0
191.93882054138797,99.0,0.0
191.9632063706775,100.0,0.0
192.00342827264078,99.0,0.0
192.0125068444422,98.0,0.0
192.01272882137377,99.0,0.0
192.01400848667143,98.0,0.0
192.0167328331041,97.0,0.0
192.01952731165218,98.0,0.0
192.0208671743631,99.0,0.0
192.03751138618574,100.0,0.0
192.0411797338063,99.0,0.0
192.0413233816983,100.0,0.0
192.04261058515297,99.0,0.0
192.0609846160626,100.0,0.0
192.07325480287133,101.0,0.0
192.08178172692715,100.0,0.0
192.09403200286224,99.0,0.0
192.09498007602156,98.0,0.0
192.09782298424676,99.0,0.0
192.09795444786138,100.0,0.0
192.09803018117898,101.0,0.0
192.0995728335803,100.0,0.0
192.10677422236915,99.0,0.0
192.11216870415697,98.0,0.0
192.11810499035306,97.0,0.0
192.1197870272189,98.0,0.0
192.12791212908925,99.0,0.0
192.14044686360418,98.0,0.0
192.14357399810976,99.0,0.0
192.1476047210949,100.0,0.0
192.1499613336123,99.0,0.0
192.15664523147626,100.0,0.0
192.16016700803738,101.0,0.0
192.16043689258876,100.0,0.0
192.16045575148436,101.0,0.0
192.1764551726853,102.0,0.0
192.17853431237492,103.0,0.0
192.17885524044067,102.0,0.0
192.18523426005635,101.0,0.0
192.1986427459661,102.0,0.0
192.2002656573542,101.0,0.0
192.20391432415275,100.0,0.0
192.20433535925252,101.0,0.0
192.20531621385555,100.0,0.0
192.2116201392057,99.0,0.0
192.21373319439536,100.0,0.0
192.21474124649532,101.0,0.0
192.21639100061373,102.0,0.0
192.22633123502862,103.0,0.0
192.23813331820116,104.0,0.0
192.24696895072518,103.0,0.0
192.2515227823238,104.0,0.0
192.25930753673447,103.0,0.0
192.27061392985615,102.0,0.0
192.28028824109387,101.0,0.0
192.2901593832651,100.0,0.0
192.29782027886182,101.0,0.0
192.30777563389032,102.0,0.0
192.30874003586777,101.0,0.0
192.31141780216004,102.0,0.0
192.32508865472894,101.0,0.0
192.32596053253238,102.0,0.0
192.3283060770972,101.0,0.0
192.34389684029122,102.0,0.0
192.35276377310745,103.0,0.0
192.35907217227697,104.0,0.0
192.361757721718,103.0,0.0
192.36376038484204,102.0,0.0
192.36570898666747,103.0,0.0
192.37399832691733,102.0,0.0
192.37413936415305,103.0,0.0
192.37618830701075,102.0,0.0
192.38397327002028,101.0,0.0
192.39089273566384,100.0,0.0
192.4001741740187,101.0,0.0
192.40765401530638,100.0,0.0
192.41010524366754,99.0,0.0
192.4222300600701,100.0,0.0
192.43911682146455,99.0,0.0
192.43932614412918,98.0,0.0
192.44271727333074,97.0,0.0
192.44645454239634,98.0,0.0
192.4477805656288,99.0,0.0
192.44949220066707,100.0,0.0
192.4705373246384,101.0,0.0
192.47420638404589,100.0,0.0
192.4757604471799,99.0,0.0
192.4772237506894,100.0,0.0
192.49090618339676,101.0,0.0
192.49500720197238,102.0,0.0
192.50081810725993,103.0,0.0
192.51471216759955,104.0,0.0
192.5170653613791,103.0,0.0
192.5239233688291,102.0,0.0
192.52877699629278,101.0,0.0
192.53326462367536,102.0,0.0
192.53779574653865,103.0,0.0
192.54040959868098,104.0,0.0
192.54143077287955,103.0,0.0
192.54957655797259,102.0,0.0
192.5581157404796,103.0,0.0
192.5633656998368,102.0,0.0
192.57269980189452,103.0,0.0
192.57347801515627,102.0,0.0
192.57817776279057,103.0,0.0
192.5822972979979,102.0,0.0
192.58950425652006,103.0,0.0
192.6011729477152,104.0,0.0
192.60895841457926,105.0,0.0
192.6143699849772,106.0,0.0
192.6156344155467,105.0,0.0
192.6212049908439,104.0,0.0
192.62452528870475,105.0,0.0
192.6251561753684,106.0,0.0
192.6482037823968,107.0,0.0
192.65657143832627,106.0,0.0
192.65838065891296,105.0,0.0
192.66630660136587,106.0,0.0
192.66962554958866,105.0,0.0
192.67136883141853,106.0,0.0
192.67282312917234,105.0,0.0
192.68392477174874,104.0,0.0
192.687073899372,105.0,0.0
192.68754357454424,106.0,0.0
192.68876058005142,107.0,0.0
192.69202446981913,106.0,0.0
192.69425372443553,105.0,0.0
192.7002387278022,104.0,0.0
192.7031312965492,103.0,0.0
192.70338588652768,102.0,0.0
192.71620392498863,101.0,0.0
192.72208933717673,100.0,0.0
192.73730509135103,101.0,0.0
192.74068513846393,100.0,0.0
192.75635042099003,101.0,0.0
192.76286831282354,100.0,0.0
192.7644364570507,99.0,0.0
192.76749331825658,100.0,0.0
192.77795901591125,99.0,0.0
192.78237002798224,100.0,0.0
192.78790079513743,101.0,0.0
192.7939227182339,100.0,0.0
192.81294098280807,99.0,0.0
192.81473538793713,100.0,0.0
192.8188070772419,99.0,0.0
192.82133218156142,100.0,0.0
192.83828039468574,101.0,0.0
192.84546432781414,100.0,0.0
192.85129810281964,101.0,0.0
192.85854766692367,100.0,0.0
192.85898605068,101.0,0.0
192.8719688690829,102.0,0.0
192.87411604745975,103.0,0.0
192.89398364039982,102.0,0.0
192.89453491844776,103.0,0.0
192.89520259368365,104.0,0.0
192.89850544217177,105.0,0.0
192.90255774458345,106.0,0.0
192.90410536129576,107.0,0.0
192.9055834358104,106.0,0.0
192.9056015543499,105.0,0.0
192.91678768172144,104.0,0.0
192.92276535176072,103.0,0.0
192.9231559807804,104.0,0.0
192.92414421163747,105.0,0.0
192.9271776656402,106.0,0.0
192.93238787101816,107.0,0.0
192.93371640754665,106.0,0.0
192.94452426854997,107.0,0.0
192.94818823359472,108.0,0.0
192.9580209693697,109.0,0.0
192.96025720553385,108.0,0.0
192.96868345942804,107.0,0.0
192.9746909580143,108.0,0.0
192.97876247106288,109.0,0.0
192.99189097054037,110.0,0.0
193.00071753096728,111.0,0.0
193.00585648874124,110.0,0.0
193.01030045481815,111.0,0.0
193.0119230344381,110.0,0.0
193.0123496127892,111.0,0.0
193.01362299900188,112.0,0.0
193.01371893535205,111.0,0.0
193.01572160975857,112.0,0.0
193.0296008319028,111.0,0.0
193.03050678341822,110.0,0.0
193.04529351212054,111.0,0.0
193.0568451843111,112.0,0.0
193.07358275956923,111.0,0.0
193.08900987166396,110.0,0.0
193.08979843263313,111.0,0.0
193.0921699045455,110.0,0.0
193.09361935439983,111.0,0.0
193.10415190101003,112.0,0.0
193.1249824822776,111.0,0.0
193.12663210148824,110.0,0.0
193.13748061496497,109.0,0.0
193.1385127463464,108.0,0.0
193.1620871127213,107.0,0.0
193.16400119352554,106.0,0.0
193.1646533302917,105.0,0.0
193.1672609696562,104.0,0.0
193.17068051807678,105.0,0.0
193.17692422208466,104.0,0.0
193.18155642851647,105.0,0.0
193.19766414328438,106.0,0.0
193.22565801938907,107.0,0.0
193.22592398640415,108.0,0.0
193.2260370775282,109.0,0.0
193.22693664900171,108.0,0.0
193.2487599725795,107.0,0.0
193.26748828679948,106.0,0.0
193.27051720027114,105.0,0.0
193.27448176410337,104.0,0.0
193.27672956001072,103.0,0.0
193.27911518943972,104.0,0.0
193.28319267853928,105.0,0.0
193.29808076635408,104.0,0.0
193.3122136609395,103.0,0.0
193.31222251610959,104.0,0.0
193.31356643595421,103.0,0.0
193.3153905141495,104.0,0.0
193.32175738618147,103.0,0.0
193.3223501587829,104.0,0.0
193.3261127679147,105.0,0.0
193.3278164546657,106.0,0.0
193.3313406175408,105.0,0.0
193.331840381115,104.0,0.0
193.33315049055298,105.0,0.0
193.33561396911426,106.0,0.0
193.33779738630827,105.0,0.0
193.3647278735993,104.0,0.0
193.370298153742,105.0,0.0
193.38464212193375,104.0,0.0
193.39793712910446,105.0,0.0
193.40573926037163,104.0,0.0
193.41210996962707,103.0,0.0
193.43471512754905,104.0,0.0
193.43584576126636,105.0,0.0
193.4361879327431,104.0,0.0
193.43960077007958,103.0,0.0
193.4416890007598,104.0,0.0
193.44171649731905,103.0,0.0
193.442575220062,102.0,0.0
193.4553255945046,103.0,0.0
193.46763227932223,102.0,0.0
193.47018713240823,101.0,0.0
193.47973846429156,100.0,0.0
193.4879494750657,101.0,0.0
193.49059129574508,100.0,0.0
193.5003932775039,99.0,0.0
193.50670163708173,98.0,0.0
193.50990771088036,99.0,0.0
193.51893290012535,98.0,0.0
193.51901338210246,97.0,0.0
193.5196126985249,98.0,0.0
193.5258460147865,99.0,0.0
193.52690129340297,98.0,0.0
193.53465279299962,99.0,0.0
193.54440108625647,98.0,0.0
193.5456140841886,97.0,0.0
193.54582412278,96.0,0.0
193.55876736456636,95.0,0.0
193.56248630766157,96.0,0.0
193.5698593870089,95.0,0.0
193.575669784344,94.0,0.0
193.58065131378308,93.0,0.0
193.58129345008604,92.0,0.0
193.58714238989887,93.0,0.0
193.58898293136534,94.0,0.0
193.58989273783425,95.0,0.0
193.61109547571183,96.0,0.0
193.61817299517062,95.0,0.0
193.6186498960722,94.0,0.0
193.6243948219223,95.0,0.0
193.62455276441318,96.0,0.0
193.6261474234045,97.0,0.0
193.65286989614413,96.0,0.0
193.65875675163448,95.0,0.0
193.66931330919084,94.0,0.0
193.67132531705198,95.0,0.0
193.7064292790323,96.0,0.0
193.71104501245367,95.0,0.0
193.71104787554648,96.0,0.0
193.71323516420767,95.0,0.0
193.7221298266473,94.0,0.0
193.7275779850656,93.0,0.0
193.74322835112702,94.0,0.0
193.75970507733484,93.0,0.0
193.76396845668876,94.0,0.0
193.76436748257072,93.0,0.0
193.77630581614122,92.0,0.0
193.77659848866875,93.0,0.0
193.78257886445115,92.0,0.0
193.78583092561976,93.0,0.0
193.80080972720145,94.0,0.0
193.80212329742483,95.0,0.0
193.8092143085053,94.0,0.0
193.8169521579944,95.0,0.0
193.82665247286403,94.0,0.0
193.8319305423574,95.0,0.0
193.83615664570803,94.0,0.0
193.84255618393018,93.0,0.0
193.85268328304488,92.0,0.0
193.85762444494415,91.0,0.0
193.86925112932468,92.0,0.0
193.87708894371167,91.0,0.0
193.88458572739825,90.0,0.0
193.88491942857536,91.0,0.0
193.88734280696647,90.0,0.0
193.89117466802105,91.0,0.0
193.9120360852041,90.0,0.0
193.93998917233688,89.0,0.0
193.94898352000692,88.0,0.0
193.94969582537414,87.0,0.0
193.96193551303665,86.0,0.0
193.96205098739813,87.0,0.0
193.9654444734245,86.0,0.0
193.97543395932433,85.0,0.0
193.97954412929,86.0,0.0
193.9938701932338,85.0,0.0
193.99566849235256,86.0,0.0
194.00551978824427,85.0,0.0
194.00931806442375,86.0,0.0
194.01137431484094,87.0,0.0
194.0124838647436,88.0,0.0
194.01452066118907,89.0,0.0
194.01668237748171,90.0,0.0
194.02557528407448,89.0,0.0
194.03799158638543,90.0,0.0
194.03916904198135,89.0,0.0
194.05301571221253,90.0,0.0
194.0549284732412,89.0,0.0
194.08437996158275,88.0,0.0
194.08718065457853,89.0,0.0
194.09549871957472,88.0,0.0
194.10286041332577,89.0,0.0
194.1047254442495,88.0,0.0
194.1053589111496,89.0,0.0
194.10637679485873,88.0,0.0
194.11013566454872,87.0,0.0
194.11181421616143,88.0,0.0
194.11913431708862,87.0,0.0
194.12791989298364,86.0,0.0
194.13465325081958,85.0,0.0
194.14305501461416,84.0,0.0
194.15003090643216,83.0,0.0
194.15406361687857,82.0,0.0
194.16112775579313,81.0,0.0
194.16319849287726,80.0,0.0
194.1645040815781,79.0,0.0
194.16655165791096,78.0,0.0
194.17198679999882,77.0,0.0
194.18440714965035,76.0,0.0
194.21023704472293,77.0,0.0
194.2106347786432,76.0,0.0
194.22065127664365,75.0,0.0
194.22656338820488,74.0,0.0
194.22847526203424,75.0,0.0
194.23112911465992,74.0,0.0
194.23227524353223,73.0,0.0
194.24207026992474,72.0,0.0
194.2439377203599,73.0,0.0
194.25386051913898,72.0,0.0
194.26119579714197,71.0,0.0
194.27237014533736,72.0,0.0
194.27929380254426,73.0,0.0
194.28030021512254,74.0,0.0
194.28388504271143,75.0,0.0
194.28921174345402,74.0,0.0
194.29616699653886,75.0,0.0
194.2990026299583,74.0,0.0
194.30173965111425,75.0,0.0
194.30421231908383,74.0,0.0
194.30754534278336,73.0,0.0
194.31954400415347,72.0,0.0
194.32326981129336,71.0,0.0
194.37013870250038,70.0,0.0
194.3812879460854,69.0,0.0
194.3828238925825,70.0,0.0
194.39717892528282,69.0,0.0
194.40332656446103,70.0,0.0
194.42476378127284,71.0,0.0
194.4323618110462,70.0,0.0
194.4376365838991,69.0,0.0
194.44092191196208,68.0,0.0
194.44426872388192,69.0,0.0
194.45472727715523,68.0,0.0
194.46133187542225,69.0,0.0
194.46872255519258,70.0,0.0
194.4712829487664,71.0,0.0
194.47399333095876,72.0,0.0
194.47918757835959,71.0,0.0
194.4857960476894,70.0,0.0
194.49006639027695,69.0,0.0
194.49248541064867,68.0,0.0
194.50504297459798,67.0,0.0
194.51478908259168,66.0,0.0
194.51933388841636,67.0,0.0
194.5315228748163,66.0,0.0
194.5388975690406,67.0,0.0
194.56086075584483,66.0,0.0
194.5718126402811,65.0,0.0
194.58520434260677,64.0,0.0
194.58616997677203,63.0,0.0
194.5887968942653,62.0,0.0
194.5938833200501,61.0,0.0
194.59709230543436,62.0,0.0
194.6005160912737,61.0,0.0
194.60298142276076,62.0,0.0
194.60335840657592,63.0,0.0
194.6170901686881,62.0,0.0
194.61926836432772,63.0,0.0
194.62438687028796,62.0,0.0
194.62537526545435,63.0,0.0
194.6329395365846,62.0,0.0
194.6330321962985,61.0,0.0
194.63795944024244,60.0,0.0
194.64096430924866,59.0,0.0
194.64293605885288,58.0,0.0
194.64546394093713,57.0,0.0
194.6655271447584,58.0,0.0
194.66769478826777,57.0,0.0
194.67784694491255,58.0,0.0
194.67945156008267,57.0,0.0
194.68967388088342,56.0,0.0
194.6913390146251,57.0,0.0
194.69409982205752,56.0,0.0
194.696501589114,57.0,0.0
194.69697106793618,58.0,0.0
194.70171008899726,59.0,0.0
194.70830554084853,60.0,0.0
194.71131908821175,61.0,0.0
194.7118491932992,60.0,0.0
194.72857995446276,59.0,0.0
194.7391513421413,60.0,0.0
194.7398521329721,61.0,0.0
194.74084710068274,60.0,0.0
194.7412379700943,59.0,0.0
194.75176943836058,60.0,0.0
194.7590441190866,59.0,0.0
194.75988828887557,58.0,0.0
194.77298241793463,57.0,0.0
194.78249492647686,56.0,0.0
194.78443667277566,55.0,0.0
194.78829823922953,54.0,0.0
194.79059564603628,55.0,0.0
194.8101277482455,54.0,0.0
194.81714644890567,53.0,0.0
194.84083642789741,52.0,0.0
194.84589866421976,53.0,0.0
194.84792642904213,54.0,0.0
194.85562073704364,53.0,0.0
194.85604942616024,54.0,0.0
194.88722337684314,55.0,0.0
194.88728961035318,54.0,0.0
194.8975181129102,53.0,0.0
194.92388605185985,54.0,0.0
194.9248058267298,53.0,0.0
194.92921935619918,52.0,0.0
194.94812847091254,51.0,0.0
194.96066621234962,50.0,0.0
194.9642369573279,51.0,0.0
194.97696885206338,50.0,0.0
194.9773928262854,49.0,0.0
194.98220797653187,48.0,0.0
194.98291027862373,47.0,0.0
194.99195029384992,46.0,0.0
194.99641023309596,47.0,0.0
195.0041392716789,48.0,0.0
195.007372092483,49.0,0.0
195.0119809686073,50.0,0.0
195.0135081741432,49.0,0.0
195.0425684498988,48.0,0.0
195.049434826821,49.0,0.0
195.0591954753865,48.0,0.0
195.06827593509036,49.0,0.0
195.0698931887881,48.0,0.0
195.07091887977217,49.0,0.0
195.0745895410732,50.0,0.0
195.08631871549304,49.0,0.0
195.0972194036158,50.0,0.0
195.10451613752645,49.0,0.0
195.1077251480902,50.0,0.0
195.10892694592377,49.0,0.0
195.11396486182042,48.0,0.0
195.12308827372482,49.0,0.0
195.12840237147182,48.0,0.0
195.1403382057996,47.0,0.0
195.1427619137705,46.0,0.0
195.14678167596898,45.0,0.0
195.15182940902633,44.0,0.0
195.15427913709263,43.0,0.0
195.15832349175753,44.0,0.0
195.16738113369632,45.0,0.0
195.17290248092434,44.0,0.0
195.18468369798833,43.0,0.0
195.18803159286114,42.0,0.0
195.20244924063056,41.0,0.0
195.210400985823,42.0,0.0
195.21951928182457,41.0,0.0
195.22180411932416,42.0,0.0
195.25182221528087,41.0,0.0
195.2634775685517,42.0,0.0
195.26750195051915,41.0,0.0
195.27862109811701,40.0,0.0
195.28298729885074,39.0,0.0
195.28662252085758,40.0,0.0
195.28907974644147,41.0,0.0
195.30246799327128,42.0,0.0
195.3271135231375,41.0,0.0
195.34044122730342,40.0,0.0
195.34706213066602,39.0,0.0
195.34870326861667,38.0,0.0
195.3607411378879,39.0,0.0
195.37499323814663,38.0,0.0
195.38296099517268,39.0,0.0
195.3905836829338,38.0,0.0
195.39961329045352,37.0,0.0
195.40136835879397,38.0,0.0
195.40188176159617,37.0,0.0
195.4020864956266,36.0,0.0
195.42673577241598,35.0,0.0
195.43228271220826,36.0,0.0
195.43355871271152,37.0,0.0
195.4469346887736,36.0,0.0
195.45416659320497,37.0,0.0
195.454227722452,36.0,0.0
195.45699832773988,35.0,0.0
195.45782609902835,34.0,0.0
195.4690630588281,35.0,0.0
195.46968317378062,34.0,0.0
195.471671023458,33.0,0.0
195.4805831834222,34.0,0.0
195.48238794546745,35.0,0.0
195.48769230513818,34.0,0.0
195.49221681594267,33.0,0.0
195.53578649597765,32.0,0.0
195.5381004495907,33.0,0.0
195.5486150362793,32.0,0.0
195.558413130189,31.0,0.0
195.5595365869123,30.0,0.0
195.56928418729998,31.0,0.0
195.57089403424595,30.0,0.0
195.57431707610144,29.0,0.0
195.58908198403745,30.0,0.0
195.59614131103504,29.0,0.0
195.60006251996816,30.0,0.0
195.60927758856522,31.0,0.0
195.61710364322187,32.0,0.0
195.62110032637932,31.0,0.0
195.62387592347494,32.0,0.0
195.6311746087301,33.0,0.0
195.64136840684586,34.0,0.0
195.64558804753557,33.0,0.0
195.6568104423135,32.0,0.0
195.65964414893503,31.0,0.0
195.66757997954346,32.0,0.0
195.6814038774776,31.0,0.0
195.6816850909201,30.0,0.0
195.68999080824165,29.0,0.0
195.69478716741654,30.0,0.0
195.6993556419093,29.0,0.0
195.70836364023933,30.0,0.0
195.71021970250376,29.0,0.0
195.71722141801973,30.0,0.0
195.7214554064652,29.0,0.0
195.72445969197412,28.0,0.0
195.73532235315,29.0,0.0
195.73712186160122,28.0,0.0
195.754407043489,27.0,0.0
195.76281178165848,26.0,0.0
195.77941625380151,27.0,0.0
195.7796094096024,26.0,0.0
195.81815804204626,27.0,0.0
195.82110752155407,26.0,0.0
195.85542728957387,25.0,0.0
195.8795472671979,26.0,0.0
195.90288540085544,27.0,0.0
195.94835362880917,28.0,0.0
195.95001066547258,29.0,0.0
195.95445697201345,28.0,0.0
195.96487100904653,27.0,0.0
195.98098790338204,26.0,0.0
196.03059270625414,27.0,0.0
196.03252873641048,26.0,0.0
196.05670800290133,25.0,0.0
196.07738982251965,24.0,0.0
196.0849776727615,25.0,0.0
196.08640647639578,24.0,0.0
196.08980484051358,23.0,0.0
196.09550852691413,22.0,0.0
196.10047234169602,21.0,0.0
196.1054852086655,22.0,0.0
196.10622332767022,23.0,0.0
196.11607051167277,24.0,0.0
196.12025875096467,23.0,0.0
196.12759054644994,22.0,0.0
196.1282785381761,23.0,0.0
196.1458866402301,22.0,0.0
196.1462386320384,23.0,0.0
196.1572624873943,24.0,0.0
196.1655662624297,23.0,0.0
196.17322844186802,22.0,0.0
196.17395370432092,21.0,0.0
196.18865864929404,20.0,0.0
196.22190269473484,19.0,0.0
196.22390303416734,20.0,0.0
196.24054976183237,19.0,0.0
196.2411010762311,18.0,0.0
196.24362438624567,19.0,0.0
196.25039698125244,18.0,0.0
196.25838839973215,17.0,0.0
196.28090617683827,16.0,0.0
196.28138055694754,15.0,0.0
196.2855712972988,16.0,0.0
196.29127036834257,17.0,0.0
196.2953672051935,18.0,0.0
196.29851123730876,17.0,0.0
196.31339260754126,16.0,0.0
196.32570788740708,15.0,0.0
196.33362519236505,14.0,0.0
196.3346721694314,15.0,0.0
196.3465384898194,16.0,0.0
196.35250897182172,15.0,0.0
196.36591613619754,14.0,0.0
196.36860468108003,15.0,0.0
196.37381582212572,14.0,0.0
196.37444643224006,13.0,0.0
196.38200030386596,12.0,0.0
196.38620385262547,11.0,0.0
196.3927608462739,10.0,0.0
196.39985835739807,11.0,0.0
196.42163496945233,12.0,0.0
196.43124235646061,13.0,0.0
196.43877043843509,12.0,0.0
196.4448421829102,11.0,0.0
196.4950094764889,10.0,0.0
196.51066530758447,9.0,0.0
196.51255937276787,8.0,0.0
196.52052404470263,7.0,0.0
196.52314404891885,6.0,0.0
196.53386772220423,5.0,0.0
196.54589989488974,4.0,0.0
196.5705469105514,3.0,0.0
196.5838521057507,2.0,0.0
196.58521895450215,1.0,0.0
196.58945917263085,0.0,0.0
196.6079365649599,1.0,0.0
196.63668555464997,0.0,0.0
196.6417685948869,1.0,0.0
196.64444443324206,2.0,0.0
196.64462246319238,1.0,0.0
196.65324388045258,0.0,0.0
196.71934969147335,1.0,0.0
196.72490211931745,0.0,0.0
196.73223160594156,1.0,0.0
196.7397657359217,2.0,0.0
196.74036573481686,3.0,0.0
196.75147317725794,4.0,0.0
196.78341421435542,3.0,0.0
196.78666437135902,2.0,0.0
196.78878754560392,3.0,0.0
196.79143958792528,2.0,0.0
196.79324803424421,1.0,0.0
196.83555599100697,0.0,0.0
196.84038973809507,1.0,0.0
196.840886858606,0.0,0.0
196.87370082086636,1.0,0.0
196.88259396381284,0.0,0.0
196.88693464279328,1.0,0.0
196.91242109482164,0.0,0.0
196.9426172795917,1.0,0.0
196.96334671058275,0.0,0.0
196.97652100455943,1.0,0.0
196.9965839883823,0.0,0.0
197.024198795412,1.0,0.0
197.04267237176612,0.0,0.0
197.05697872053767,1.0,0.0
197.0944060083883,0.0,0.0
197.12570871403148,1.0,0.0
197.13080479703524,2.0,0.0
197.15975895101587,3.0,0.0
197.16810318494097,2.0,0.0
197.18237659647875,3.0,0.0
197.19176729603828,4.0,0.0
197.20621442246878,3.0,0.0
197.20990563264778,2.0,0.0
197.21935281124257,1.0,0.0
197.22743687989885,2.0,0.0
197.2590871303065,1.0,0.0
197.27743955134585,0.0,0.0
197.28678330262846,1.0,0.0
197.30078981627503,2.0,0.0
197.31144679268343,1.0,0.0
197.31166439149504,0.0,0.0
197.3278153690745,1.0,0.0
197.35713646033716,0.0,0.0
197.50000464011396,1.0,0.0
197.51313961298692,2.0,0.0
197.52285239161992,3.0,0.0
197.62264240788724,4.0,0.0
197.63614650673463,5.0,0.0
197.64720867351997,6.0,0.0
197.68284904858874,5.0,0.0
197.68886272783868,4.0,0.0
197.71534941105398,5.0,0.0
197.7206117556889,6.0,0.0
197.74769139273081,5.0,0.0
197.7805634499874,4.0,0.0
197.80184520283254,5.0,0.0
197.8019200890818,6.0,0.0
197.82422792856113,7.0,0.0
197.83936921688434,8.0,0.0
197.84137232426625,9.0,0.0
197.84710155938865,10.0,0.0
197.85915844549635,9.0,0.0
197.87289955375755,8.0,0.0
197.91478709648655,9.0,0.0
197.91548790863374,8.0,0.0
197.9306963596623,7.0,0.0
197.94649756440657,8.0,0.0
197.9591413655389,7.0,0.0
197.9772600284277,8.0,0.0
197.98247853110024,7.0,0.0
197.9878724821236,6.0,0.0
197.99501021048536,5.0,0.0
198.00049461302498,4.0,0.0
198.0022059268634,3.0,0.0
198.01523880668017,4.0,0.0
198.0297281810722,3.0,0.0
198.05126078044086,2.0,0.0
198.05592255493514,1.0,0.0
198.05612097211508,0.0,0.0
198.06294744210612,1.0,0.0
198.07125196732665,0.0,0.0
198.07589293390737,1.0,0.0
198.08018057108023,2.0,0.0
198.10045681681194,1.0,0.0
198.12550398003188,2.0,0.0
198.14128108236451,3.0,0.0
198.14135055390344,2.0,0.0
198.1715751957037,1.0,0.0
198.18301817448236,2.0,0.0
198.18397555964634,3.0,0.0
198.19427613525087,2.0,0.0
198.23983324536425,1.0,0.0
198.242950163121,0.0,0.0
198.26569375025616,1.0,0.0
198.29302421174486,2.0,0.0
198.31281955475313,3.0,0.0
198.34324684474117,2.0,0.0
198.35335281256167,1.0,0.0
198.36839937961494,2.0,0.0
198.3937009154383,1.0,0.0
198.4284101896971,2.0,0.0
198.44517570903793,1.0,0.0
198.44684479590896,0.0,0.0
198.48575162813455,1.0,0.0
198.50145471150987,0.0,0.0
198.54333162103578,1.0,0.0
198.54700993888957,2.0,0.0
198.55455385036097,1.0,0.0
198.57888948834284,0.0,0.0
198.5938908499844,1.0,0.0
198.6041666297736,0.0,0.0
198.63260237545938,1.0,0.0
198.73848824547318,2.0,0.0
198.75540394675141,1.0,0.0
198.75798978051662,2.0,0.0
198.7582997983455,3.0,0.0
198.77099213563662,2.0,0.0
198.7753409916812,1.0,0.0
198.82132968549573,2.0,0.0
198.8375918606795,1.0,0.0
198.87341134566316,0.0,0.0
198.91668662771676,1.0,0.0
198.92753462845093,0.0,0.0
198.9553568857491,1.0,0.0
198.96220386453604,0.0,0.0
199.05258109963415,1.0,0.0
199.05331619498546,0.0,0.0
199.16850330359588,1.0,0.0
199.1733101885582,0.0,0.0
199.19408196049653,1.0,0.0
199.20532514133353,2.0,0.0
199.2056604700398,3.0,0.0
199.20631320761083,2.0,0.0
199.2113050031928,1.0,0.0
199.2343971017287,0.0,0.0
199.23950512968963,1.0,0.0
199.26114987894385,0.0,0.0
199.29367717329336,1.0,0.0
199.30948508559086,0.0,0.0
199.40271647540902,1.0,0.0
199.4224714841459,0.0,0.0
199.42914302964417,1.0,0.0
199.43208186681687,2.0,0.0
199.45582568952366,1.0,0.0
199.48510549567774,0.0,0.0
199.56508766935264,1.0,0.0
199.58256281210004,2.0,0.0
199.60886172242195,1.0,0.0
199.62972967027733,0.0,0.0
199.65818961106723,1.0,0.0
199.67003051595563,2.0,0.0
199.6849922128917,1.0,0.0
199.69829461938073,0.0,0.0
199.77288749565201,1.0,0.0
199.77799731958302,0.0,0.0
199.82293347424186,1.0,0.0
199.82951325173187,2.0,0.0
199.85499968294724,1.0,0.0
199.85892056437586,2.0,0.0
199.86682243005563,1.0,0.0
199.89798927987624,2.0,0.0
199.9037709612443,1.0,0.0
199.9174112062368,0.0,0.0
199.95718221494846,1.0,0.0
199.9860346514744,0.0,0.0
200.0012859438573,1.0,0.0
200.05021499125036,0.0,0.0
200.0853259269338,1.0,0.0
200.0876961432443,0.0,0.0
200.09988240800197,1.0,0.0
200.10100977768803,0.0,0.0
200.1169194820831,1.0,0.0
200.14604411288812,2.0,0.0
200.1639979801191,3.0,0.0
200.17339612052353,2.0,0.0
200.18044013302784,1.0,0.0
200.1854367601285,0.0,0.0
200.19517180207112,1.0,0.0
200.1981697470691,0.0,0.0
200.21034815138546,1.0,0.0
200.21445396714574,0.0,0.0
200.2329486355356,1.0,0.0
200.24598373169553,0.0,0.0
200.31276234984873,1.0,0.0
200.3141919908672,0.0,0.0
200.34653665113257,1.0,0.0
200.3474522002442,0.0,0.0
200.36970727269693,1.0,0.0
200.3716998546783,0.0,0.0
200.375162624204,1.0,0.0
200.399860544045,0.0,0.0
200.39992440873007,1.0,0.0
200.4056564225015,0.0,0.0
200.40834960132094,1.0,0.0
200.42149217736105,2.0,0.0
200.43852666536722,3.0,0.0
200.4413333028429,4.0,0.0
200.4462276120511,5.0,0.0
200.44661339654823,6.0,0.0
200.45278532900204,5.0,0.0
200.45374670179206,6.0,0.0
200.45705528084423,5.0,0.0
200.45961369736727,4.0,0.0
200.46323053763868,5.0,0.0
200.46412175756026,4.0,0.0
200.46887425106837,3.0,0.0
200.4785446405202,4.0,0.0
200.48461050576063,5.0,0.0
200.4957719763495,6.0,0.0
200.49772155122758,7.0,0.0
200.50408292625082,6.0,0.0
200.51766112735007,5.0,0.0
200.52668511076078,6.0,0.0
200.5379199027519,5.0,0.0
200.5413357597157,4.0,0.0
200.5415884524746,3.0,0.0
200.54840787065228,2.0,0.0
200.55776557650972,1.0,0.0
200.57191158748796,2.0,0.0
200.57317819397394,1.0,0.0
200.57523776645644,2.0,0.0
200.58181170869128,3.0,0.0
200.59046066495924,2.0,0.0
200.59567390932116,1.0,0.0
200.6170198708207,2.0,0.0
200.6375907888437,3.0,0.0
200.64469167592813,2.0,0.0
200.65082993344149,3.0,0.0
200.6573572130013,2.0,0.0
200.66543352932877,3.0,0.0
200.68465015840124,4.0,0.0
200.696402426128,3.0,0.0
200.7068413068502,4.0,0.0
200.71979489717356,3.0,0.0
200.72681237611977,4.0,0.0
200.73989203643993,3.0,0.0
200.745254390034,4.0,0.0
200.75354034397475,3.0,0.0
200.76309016434126,4.0,0.0
200.76572400870288,3.0,0.0
200.78735418482736,4.0,0.0
200.78867298900656,3.0,0.0
200.79188246689168,4.0,0.0
200.8033937024268,5.0,0.0
200.81324818419952,4.0,0.0
200.83666228516074,3.0,0.0
200.87135432245958,2.0,0.0
200.87822564774413,3.0,0.0
200.88843631942902,4.0,0.0
200.88918930161967,5.0,0.0
200.91469438700688,6.0,0.0
200.91682507865602,7.0,0.0
200.92620742080317,8.0,0.0
200.93747981652498,9.0,0.0
200.9375942328557,10.0,0.0
200.94446779632733,11.0,0.0
200.94521728843569,12.0,0.0
200.97471262457728,13.0,0.0
200.98495249003855,12.0,0.0
200.9877837065408,11.0,0.0
200.99145786557912,12.0,0.0
201.00142238082051,13.0,0.0
201.0087598808042,12.0,0.0
201.01551904640496,13.0,0.0
201.02420622453394,12.0,0.0
201.0341136195426,13.0,0.0
201.03638104430033,12.0,0.0
201.03968458698168,11.0,0.0
201.04226447460482,12.0,0.0
201.05254641614113,13.0,0.0
201.05608261285167,12.0,0.0
201.0606478123942,11.0,0.0
201.06387265254943,12.0,0.0
201.06469904091088,11.0,0.0
201.0821554258318,12.0,0.0
201.09241138459123,13.0,0.0
201.10182853989085,12.0,0.0
201.1178617929751,11.0,0.0
201.1236678741636,10.0,0.0
201.13712903614234,9.0,0.0
201.1543397008443,8.0,0.0
201.17649825986896,9.0,0.0
201.188097531369,8.0,0.0
201.19901555907416,9.0,0.0
201.19926381969015,8.0,0.0
201.20606626628677,7.0,0.0
201.2072598879702,6.0,0.0
201.20884782259648,7.0,0.0
201.21974331026684,8.0,0.0
201.22398234281326,9.0,0.0
201.22815087761305,10.0,0.0
201.24331339305095,9.0,0.0
201.24578707797022,8.0,0.0
201.24656924698638,9.0,0.0
201.25296700496438,8.0,0.0
201.25622890412276,7.0,0.0
201.263759350778,8.0,0.0
201.27046167294327,9.0,0.0
201.2722960322738,8.0,0.0
201.27755148522914,9.0,0.0
201.28883812172748,8.0,0.0
201.2896688160281,7.0,0.0
201.29087895542315,6.0,0.0
201.3085670359517,5.0,0.0
201.31207916322995,4.0,0.0
201.3247162828484,5.0,0.0
201.32665388997756,6.0,0.0
201.33060677511676,7.0,0.0
201.37593676874116,6.0,0.0
201.38398857474806,7.0,0.0
201.38910570082513,6.0,0.0
201.403797032826,7.0,0.0
201.40415242665895,6.0,0.0
201.40732177816832,5.0,0.0
201.418120262362,4.0,0.0
201.41925782000254,3.0,0.0
201.42039523583864,4.0,0.0
201.42719026232695,3.0,0.0
201.44273139825665,4.0,0.0
201.4466565088688,3.0,0.0
201.45793264947088,4.0,0.0
201.4620930336231,3.0,0.0
201.4849696523119,2.0,0.0
201.48607802684725,3.0,0.0
201.49524689136277,4.0,0.0
201.50636643754328,5.0,0.0
201.51080888423894,6.0,0.0
201.5210633515705,7.0,0.0
201.52549087512935,6.0,0.0
201.53833407000957,7.0,0.0
201.5477408440317,6.0,0.0
201.55169523742583,7.0,0.0
201.55358302411537,8.0,0.0
201.55492264948714,7.0,0.0
201.55674187296614,8.0,0.0
201.56154478510584,7.0,0.0
201.58061853407128,8.0,0.0
201.6199806592795,7.0,0.0
201.62180298456192,8.0,0.0
201.62339343972016,9.0,0.0
201.6362048713401,10.0,0.0
201.6402496877029,11.0,0.0
201.64616888601302,10.0,0.0
201.65313529301577,9.0,0.0
201.6691482641972,8.0,0.0
201.67341812828877,9.0,0.0
201.67995023912485,10.0,0.0
201.68029913998294,9.0,0.0
201.6855977712994,10.0,0.0
201.69378398639876,11.0,0.0
201.697547062991,10.0,0.0
201.70201232619627,11.0,0.0
201.70882541006196,12.0,0.0
201.7138802093478,13.0,0.0
201.71722549695585,14.0,0.0
201.71806156576125,15.0,0.0
201.71972235000243,16.0,0.0
201.72054576270463,15.0,0.0
201.72129240493405,14.0,0.0
201.72598832271277,13.0,0.0
201.73695628246793,14.0,0.0
201.7378321748185,13.0,0.0
201.74820529261277,14.0,0.0
201.76628148607261,15.0,0.0
201.7690388155893,16.0,0.0
201.77006987695174,15.0,0.0
201.7753865613543,16.0,0.0
201.77707343635586,17.0,0.0
201.7776269808846,18.0,0.0
201.77934835942648,19.0,0.0
201.795072486885,18.0,0.0
201.80093773143477,19.0,0.0
201.8060388137774,20.0,0.0
201.81915942226428,21.0,0.0
201.82839941342084,22.0,0.0
201.86274287066274,23.0,0.0
201.86308883369503,24.0,0.0
201.86337316257968,25.0,0.0
201.86904910039618,26.0,0.0
201.87115268130879,27.0,0.0
201.87276861655582,28.0,0.0
201.87445081626672,29.0,0.0
201.88815531460799,28.0,0.0
201.90205901217948,29.0,0.0
201.90560733436166,28.0,0.0
201.9078113302644,27.0,0.0
201.92161228824992,28.0,0.0
201.92296048616706,27.0,0.0
201.92392880478516,26.0,0.0
201.92456616753793,27.0,0.0
201.92645262583522,28.0,0.0
201.92816413257995,27.0,0.0
201.94338023075923,26.0,0.0
201.95956182957548,25.0,0.0
201.97123082840636,26.0,0.0
201.97512800061602,27.0,0.0
201.9857236102876,28.0,0.0
201.9868729882372,29.0,0.0
201.99233998069806,30.0,0.0
201.99638547788987,31.0,0.0
202.00525261204896,30.0,0.0
202.00954619492765,31.0,0.0
202.01313210383887,32.0,0.0
202.01931316153292,33.0,0.0
202.02249005844033,32.0,0.0
202.02991254291535,33.0,0.0
202.03390232352208,34.0,0.0
202.03646606923354,35.0,0.0
202.03847999072883,36.0,0.0
202.04031841101462,37.0,0.0
202.0517338808602,38.0,0.0
202.0541175172117,37.0,0.0
202.06609134819297,38.0,0.0
202.06989624057516,37.0,0.0
202.07663515163736,36.0,0.0
202.0775998241005,37.0,0.0
202.09015337705628,36.0,0.0
202.1031282706317,35.0,0.0
202.10802751316626,34.0,0.0
202.11395336640555,33.0,0.0
202.15421850660056,34.0,0.0
202.15470325391067,35.0,0.0
202.1573188280137,34.0,0.0
202.16544491371297,33.0,0.0
202.1737429506946,34.0,0.0
202.18601009681532,33.0,0.0
202.2064712889423,34.0,0.0
202.21548292242096,35.0,0.0
202.21974656832506,34.0,0.0
202.22233929979924,35.0,0.0
202.22639379436393,34.0,0.0
202.22790681521738,35.0,0.0
202.2288932511197,36.0,0.0
202.23425626599885,35.0,0.0
202.23724233167943,36.0,0.0
202.24384905863613,37.0,0.0
202.24479445085672,36.0,0.0
202.2455499757902,37.0,0.0
202.24852458658123,36.0,0.0
202.24937307413572,37.0,0.0
202.26688794430115,36.0,0.0
202.26755758123716,35.0,0.0
202.28880958599913,34.0,0.0
202.2888166933297,33.0,0.0
202.29656164434414,32.0,0.0
202.2973182487222,31.0,0.0
202.30166006865488,30.0,0.0
202.31255846756966,29.0,0.0
202.32020986277615,28.0,0.0
202.33496186145058,29.0,0.0
202.34390257694665,28.0,0.0
202.34607588483647,27.0,0.0
202.34673397242773,26.0,0.0
202.35143391642518,25.0,0.0
202.3628321343901,26.0,0.0
202.39799943129034,25.0,0.0
202.4052106566287,24.0,0.0
202.4062644831005,23.0,0.0
202.41600133198727,24.0,0.0
202.44765819190334,25.0,0.0
202.4479258837584,26.0,0.0
202.448392151957,25.0,0.0
202.4526593107949,26.0,0.0
202.45342928694308,25.0,0.0
202.4581129108819,24.0,0.0
202.48785875758784,25.0,0.0
202.49788741111095,26.0,0.0
202.49919366226845,25.0,0.0
202.4995526073779,26.0,0.0
202.5016805824646,27.0,0.0
202.52547289457883,28.0,0.0
202.5264113863752,27.0,0.0
202.52923575541809,26.0,0.0
202.52939844289705,25.0,0.0
202.5325612119495,24.0,0.0
202.53673426233652,25.0,0.0
202.54540762464953,24.0,0.0
202.5535007272322,25.0,0.0
202.56894200259973,26.0,0.0
202.5835151787156,27.0,0.0
202.5889285093692,26.0,0.0
202.60202186440682,27.0,0.0
202.61788366191803,26.0,0.0
202.61831541202835,27.0,0.0
202.62425661423114,26.0,0.0
202.6336427365419,25.0,0.0
202.6385587702113,24.0,0.0
202.64384672365605,25.0,0.0
202.64397188192243,24.0,0.0
202.65350675927849,23.0,0.0
202.6540790219397,24.0,0.0
202.65462484273272,23.0,0.0
202.6571260496544,24.0,0.0
202.65839261369092,25.0,0.0
202.66655617518882,26.0,0.0
202.6692656297962,27.0,0.0
202.67643974313674,28.0,0.0
202.6964804684966,27.0,0.0
202.6994218340421,28.0,0.0
202.71102361764707,27.0,0.0
202.71362219723216,26.0,0.0
202.72026517770882,27.0,0.0
202.7217567453449,28.0,0.0
202.723443729943,29.0,0.0
202.74322450842146,30.0,0.0
202.75774059055118,31.0,0.0
202.76450614366166,30.0,0.0
202.77674005598146,31.0,0.0
202.77760236817588,32.0,0.0
202.78160904732835,31.0,0.0
202.78472833445915,32.0,0.0
202.79394790764636,31.0,0.0
202.79812365682827,32.0,0.0
202.80572920807646,33.0,0.0
202.82214183457813,32.0,0.0
202.82517578051528,31.0,0.0
202.82621171568763,32.0,0.0
202.82632221723702,33.0,0.0
202.8277622963182,34.0,0.0
202.83188607041552,33.0,0.0
202.84956427509803,34.0,0.0
202.85051075753833,33.0,0.0
202.8561574182766,32.0,0.0
202.86366156903503,33.0,0.0
202.8644803642168,34.0,0.0
202.86793137047331,33.0,0.0
202.88004023754883,34.0,0.0
202.89033599426125,33.0,0.0
202.89370621558052,34.0,0.0
202.90709915902087,33.0,0.0
202.9082614132583,32.0,0.0
202.91147788394403,31.0,0.0
202.93269822230963,30.0,0.0
202.93518738063005,29.0,0.0
202.93584610764435,28.0,0.0
202.9385722615863,29.0,0.0
202.94304600870925,30.0,0.0
202.9584128529186,31.0,0.0
202.96143415674456,30.0,0.0
202.97056357847075,31.0,0.0
202.97509048048326,30.0,0.0
202.98069065669446,29.0,0.0
202.9836941953961,30.0,0.0
202.9843486549037,29.0,0.0
202.98872140164121,28.0,0.0
203.0006650610872,27.0,0.0
203.0014375581711,26.0,0.0
203.01151784558346,27.0,0.0
203.0158370789272,26.0,0.0
203.01708224271258,25.0,0.0
203.01718491743176,26.0,0.0
203.0266493015136,27.0,0.0
203.0279950669556,26.0,0.0
203.02863704836923,27.0,0.0
203.0304393741778,26.0,0.0
203.03769789380814,25.0,0.0
203.04215467975953,24.0,0.0
203.04348878463747,23.0,0.0
203.0443704083087,22.0,0.0
203.04669995861903,21.0,0.0
203.05074805493078,20.0,0.0
203.05328066834264,19.0,0.0
203.05547878816716,20.0,0.0
203.05628032621584,21.0,0.0
203.06911553477426,22.0,0.0
203.07083224429638,23.0,0.0
203.07429455912143,24.0,0.0
203.0808204718064,23.0,0.0
203.099095673637,22.0,0.0
203.10550311506756,21.0,0.0
203.10652928816435,20.0,0.0
203.10922640718988,19.0,0.0
203.1126125233119,20.0,0.0
203.1136002978631,21.0,0.0
203.1189989838016,22.0,0.0
203.1216219816225,23.0,0.0
203.1372531078061,22.0,0.0
203.14390260036566,23.0,0.0
203.1470208782473,22.0,0.0
203.15282348496515,21.0,0.0
203.15450376764483,20.0,0.0
203.15460484438623,21.0,0.0
203.15882731074686,20.0,0.0
203.1591742425193,19.0,0.0
203.16483041497696,20.0,0.0
203.17920260769029,21.0,0.0
203.19000012938153,20.0,0.0
203.20170266421835,21.0,0.0
203.20475682322916,20.0,0.0
203.207453764387,19.0,0.0
203.2089215468081,18.0,0.0
203.21280561681382,17.0,0.0
203.22088300553474,18.0,0.0
203.2277263596253,19.0,0.0
203.2280298403786,18.0,0.0
203.23433001064785,19.0,0.0
203.2396935902118,18.0,0.0
203.24578296396936,17.0,0.0
203.24593229161036,16.0,0.0
203.24661585152265,15.0,0.0
203.24757339812737,16.0,0.0
203.25201332293375,15.0,0.0
203.25328086644487,16.0,0.0
203.2621674952426,17.0,0.0
203.26592334058194,16.0,0.0
203.26733430401654,15.0,0.0
203.26936298805103,16.0,0.0
203.2717647808932,17.0,0.0
203.27337172715264,18.0,0.0
203.2791241598078,17.0,0.0
203.29643573253023,16.0,0.0
203.29761118308545,17.0,0.0
203.30318110267896,16.0,0.0
203.31234620993246,15.0,0.0
203.31673652057128,16.0,0.0
203.3422652494761,15.0,0.0
203.34821713204067,14.0,0.0
203.3504881620056,15.0,0.0
203.35339219480275,14.0,0.0
203.3622974495583,15.0,0.0
203.3640311368045,14.0,0.0
203.3651281928269,15.0,0.0
203.3701867434872,16.0,0.0
203.37302596292432,15.0,0.0
203.3789154353116,16.0,0.0
203.39458343972905,17.0,0.0
203.4040137019155,16.0,0.0
203.41573679139034,15.0,0.0
203.41739369618483,16.0,0.0
203.4179114551294,17.0,0.0
203.42209071722792,18.0,0.0
203.42896789896108,19.0,0.0
203.43190117139994,20.0,0.0
203.4327980737874,21.0,0.0
203.43352404710822,20.0,0.0
203.43581350146835,21.0,0.0
203.4363987337909,22.0,0.0
203.44015583746707,23.0,0.0
203.4425220513951,24.0,0.0
203.4426726042244,25.0,0.0
203.4464537039266,24.0,0.0
203.44926363395234,25.0,0.0
203.45172115881505,26.0,0.0
203.46723166126975,25.0,0.0
203.46996963311895,26.0,0.0
203.47599462410855,25.0,0.0
203.4803284161046,24.0,0.0
203.4806599208341,25.0,0.0
203.486068679407,24.0,0.0
203.49264650984767,25.0,0.0
203.493318847628,26.0,0.0
203.49588606156422,27.0,0.0
203.51065407736456,26.0,0.0
203.51436964141033,27.0,0.0
203.5189789643955,28.0,0.0
203.5200487213204,27.0,0.0
203.5308836056576,26.0,0.0
203.53887315864594,25.0,0.0
203.5393629283204,24.0,0.0
203.54989209425807,25.0,0.0
203.55147810558586,26.0,0.0
203.55783914585425,25.0,0.0
203.569074553719,24.0,0.0
203.57713850991533,23.0,0.0
203.5819942157647,24.0,0.0
203.59363267791892,23.0,0.0
203.59537827248698,24.0,0.0
203.59590352284462,23.0,0.0
203.61083939693933,22.0,0.0
203.61290551062638,23.0,0.0
203.6220458015964,24.0,0.0
203.62605538278382,25.0,0.0
203.62859067172604,26.0,0.0
203.63069148809328,27.0,0.0
203.64008556930773,28.0,0.0
203.64442834056695,27.0,0.0
203.64855336118953,26.0,0.0
203.6649650095703,25.0,0.0
203.66892422136112,24.0,0.0
203.67431432792907,23.0,0.0
203.67623194908177,22.0,0.0
203.6896584972537,21.0,0.0
203.70724409049066,22.0,0.0
203.70741243733053,23.0,0.0
203.71074258190575,24.0,0.0
203.71784879563032,23.0,0.0
203.71872393399494,24.0,0.0
203.73102205049557,23.0,0.0
203.74315972624606,24.0,0.0
203.74858427680195,25.0,0.0
203.75218275177215,24.0,0.0
203.75308209134135,25.0,0.0
203.75537574229455,26.0,0.0
203.75725853398143,27.0,0.0
203.7593920810344,28.0,0.0
203.76582304733253,29.0,0.0
203.76979835108696,28.0,0.0
203.7718431479379,29.0,0.0
203.77704077809267,28.0,0.0
203.77759447844062,29.0,0.0
203.77782266082014,30.0,0.0
203.78300479183486,31.0,0.0
203.78763691102972,32.0,0.0
203.79580312965234,33.0,0.0
203.7984929729238,32.0,0.0
203.79956576252098,33.0,0.0
203.80589982392243,34.0,0.0
203.81032924713287,35.0,0.0
203.8175238451818,36.0,0.0
203.83303299969603,35.0,0.0
203.83395899599788,34.0,0.0
203.83439763923073,35.0,0.0
203.85108279867475,36.0,0.0
203.8628159799452,35.0,0.0
203.87879387671012,34.0,0.0
203.8844189542968,35.0,0.0
203.885277423574,34.0,0.0
203.89892662992256,33.0,0.0
203.89965773676644,32.0,0.0
203.90582534498577,33.0,0.0
203.9083865677921,32.0,0.0
203.90900224444968,33.0,0.0
203.90949192917572,32.0,0.0
203.9139434335086,33.0,0.0
203.9215539574351,32.0,0.0
203.9304121898502,31.0,0.0
203.9436676570462,32.0,0.0
203.94850078114544,33.0,0.0
203.95190440121624,34.0,0.0
203.95872703973058,35.0,0.0
203.96254187949876,36.0,0.0
203.96389410958852,35.0,0.0
203.96546182416074,36.0,0.0
203.96588316368627,37.0,0.0
203.96907113647535,36.0,0.0
203.96975389674384,37.0,0.0
203.97033622187186,36.0,0.0
203.97594372561477,35.0,0.0
203.98201714182147,34.0,0.0
203.98265848450887,33.0,0.0
204.00799564295895,34.0,0.0
204.01278256539305,35.0,0.0
204.0169093676835,36.0,0.0
204.03835017840476,37.0,0.0
204.05404316153349,36.0,0.0
204.0648618684601,37.0,0.0
204.06625638440298,38.0,0.0
204.06642011972318,39.0,0.0
204.06908879563542,40.0,0.0
204.0746295047409,41.0,0.0
204.08169231774852,42.0,0.0
204.0895606900785,43.0,0.0
204.09411415647662,42.0,0.0
204.0976983025194,43.0,0.0
204.10302705054974,42.0,0.0
204.1058481116145,41.0,0.0
204.1062980993372,40.0,0.0
204.11647777510765,41.0,0.0
204.11705739175184,42.0,0.0
204.11852459088772,43.0,0.0
204.11909266037506,42.0,0.0
204.12099499140547,43.0,0.0
204.12385002273908,42.0,0.0
204.13936167768387,43.0,0.0
204.14716415060892,42.0,0.0
204.16003006899655,43.0,0.0
204.16633412217584,44.0,0.0
204.16691773806755,45.0,0.0
204.16702726643325,44.0,0.0
204.17062474282224,45.0,0.0
204.19077005084392,46.0,0.0
204.19236166773615,47.0,0.0
204.2073296402641,46.0,0.0
204.2112090891542,45.0,0.0
204.21404405600302,44.0,0.0
204.22248647651944,43.0,0.0
204.2339486522382,42.0,0.0
204.24607837276963,41.0,0.0
204.2507184840955,42.0,0.0
204.25109221897947,43.0,0.0
204.25740895559625,44.0,0.0
204.26202239635995,45.0,0.0
204.26601480509308,46.0,0.0
204.26877565634973,45.0,0.0
204.2693729615637,44.0,0.0
204.2723196816339,45.0,0.0
204.27716171295793,44.0,0.0
204.27903027115732,43.0,0.0
204.28378716251822,44.0,0.0
204.28788992690033,43.0,0.0
204.28795807657278,44.0,0.0
204.2892060344054,43.0,0.0
204.29126331567625,44.0,0.0
204.2946851411649,45.0,0.0
204.29661461386377,44.0,0.0
204.30077746620194,45.0,0.0
204.30100089485688,44.0,0.0
204.30326190063275,45.0,0.0
204.30480981147474,44.0,0.0
204.3062579541871,43.0,0.0
204.30962987105494,44.0,0.0
204.31020946341863,45.0,0.0
204.31747618066865,46.0,0.0
204.3193480577277,45.0,0.0
204.33220864481794,44.0,0.0
204.3433340784516,45.0,0.0
204.35319067321888,46.0,0.0
204.3565926909904,47.0,0.0
204.36417696888228,48.0,0.0
204.3645799290634,47.0,0.0
204.3865257498903,48.0,0.0
204.39121093620352,47.0,0.0
204.39894837336965,48.0,0.0
204.39957895534914,49.0,0.0
204.40095358840384,50.0,0.0
204.4067281462291,51.0,0.0
204.40890217602058,52.0,0.0
204.4097126646609,53.0,0.0
204.40978428061572,52.0,0.0
204.4173792281939,53.0,0.0
204.42493681067342,52.0,0.0
204.45947819010829,53.0,0.0
204.46662923380308,54.0,0.0
204.4700135083496,55.0,0.0
204.4740009038293,56.0,0.0
204.474637419441,55.0,0.0
204.47492403936621,54.0,0.0
204.4768707512066,55.0,0.0
204.48338142230944,56.0,0.0
204.48363687429767,55.0,0.0
204.4838894056628,56.0,0.0
204.49093868548334,55.0,0.0
204.49458201806166,56.0,0.0
204.49528300375195,57.0,0.0
204.50070572783804,56.0,0.0
204.50850567887971,55.0,0.0
204.51304306633756,56.0,0.0
204.5175559610635,57.0,0.0
204.51783285200736,56.0,0.0
204.5255811523825,57.0,0.0
204.52677372070576,58.0,0.0
204.5287843166739,59.0,0.0
204.53510717407053,58.0,0.0
204.5413916442583,59.0,0.0
204.54854674287853,60.0,0.0
204.55190730230254,61.0,0.0
204.55652292019516,60.0,0.0
204.56427807508945,61.0,0.0
204.5644122285617,60.0,0.0
204.5663118394269,61.0,0.0
204.57544291891708,60.0,0.0
204.5764567258302,61.0,0.0
204.57915998640624,60.0,0.0
204.58994893065108,61.0,0.0
204.59711740330374,62.0,0.0
204.60302327376942,61.0,0.0
204.60308055066406,60.0,0.0
204.60784452950276,59.0,0.0
204.60794610292734,58.0,0.0
204.60851256162218,57.0,0.0
204.61349167598195,58.0,0.0
204.61736990848183,59.0,0.0
204.61860681052488,60.0,0.0
204.62245667727169,59.0,0.0
204.63085821185513,60.0,0.0
204.63176997992167,61.0,0.0
204.6404111814674,62.0,0.0
204.64682339381758,63.0,0.0
204.66166459254782,64.0,0.0
204.68243817360752,65.0,0.0
204.68355938659505,66.0,0.0
204.68963964790024,65.0,0.0
204.69397957564846,66.0,0.0
204.6990703505538,65.0,0.0
204.7008179671536,66.0,0.0
204.70384545835856,65.0,0.0
204.7097593562784,66.0,0.0
204.70994776729555,65.0,0.0
204.71040071206554,66.0,0.0
204.7120360382385,67.0,0.0
204.7156889009979,68.0,0.0
204.7170322818264,67.0,0.0
204.72438787081597,68.0,0.0
204.7262407951128,69.0,0.0
204.74284396780183,68.0,0.0
204.75448330616385,69.0,0.0
204.77110407570638,70.0,0.0
204.77608239609373,69.0,0.0
204.78603260193546,68.0,0.0
204.7881969411272,69.0,0.0
204.78906586908818,70.0,0.0
204.7940915017247,69.0,0.0
204.79472768272646,70.0,0.0
204.79736362151814,71.0,0.0
204.79911363774562,72.0,0.0
204.80378426201418,73.0,0.0
204.8054156142892,72.0,0.0
204.81273121770755,71.0,0.0
204.81357717130766,72.0,0.0
204.8153592612793,73.0,0.0
204.81703640260807,74.0,0.0
204.81769621386385,75.0,0.0
204.81912772241625,74.0,0.0
204.8232050504999,75.0,0.0
204.826863065345,74.0,0.0
204.83454732297932,73.0,0.0
204.8357218824783,74.0,0.0
204.83858053425288,75.0,0.0
204.84139805272233,76.0,0.0
204.85364396313386,75.0,0.0
204.856844612658,76.0,0.0
204.85879637817942,75.0,0.0
204.86008591886548,76.0,0.0
204.87400067368,77.0,0.0
204.87736484734427,78.0,0.0
204.87744295828827,77.0,0.0
204.8931305589742,78.0,0.0
204.89433934057791,79.0,0.0
204.90363637673548,80.0,0.0
204.91632507843593,81.0,0.0
204.9166172252829,82.0,0.0
204.9257246429908,83.0,0.0
204.93768450204732,82.0,0.0
204.94397991648762,81.0,0.0
204.94709840252702,80.0,0.0
204.94710514487014,79.0,0.0
204.95194607776148,80.0,0.0
204.97246529774785,81.0,0.0
204.9794605331363,80.0,0.0
204.98019094431922,81.0,0.0
204.98306313629897,80.0,0.0
204.98889410862844,79.0,0.0
204.99033702787654,78.0,0.0
204.99582590909736,79.0,0.0
204.99596908009522,80.0,0.0
205.00124634453869,81.0,0.0
205.00391985460018,82.0,0.0
205.0090412934588,83.0,0.0
205.0182803898206,82.0,0.0
205.0197605130988,83.0,0.0
205.02021243365002,84.0,0.0
205.02136393078266,85.0,0.0
205.0316511567052,86.0,0.0
205.03439581749137,85.0,0.0
205.03820386262737,86.0,0.0
205.0506878285109,87.0,0.0
205.0636235236365,86.0,0.0
205.06850765063723,87.0,0.0
205.0810356297451,86.0,0.0
205.09194541065236,85.0,0.0
205.09528027402678,86.0,0.0
205.09757063293475,85.0,0.0
205.09896318344283,84.0,0.0
205.1113906926224,83.0,0.0
205.11140182950632,84.0,0.0
205.1138836806049,83.0,0.0
205.12305001323668,82.0,0.0
205.12380151037627,83.0,0.0
205.12721404662463,84.0,0.0
205.13199773417668,83.0,0.0
205.13211733256895,82.0,0.0
205.1360191400432,83.0,0.0
205.14458151705963,84.0,0.0
205.16221636400073,83.0,0.0
205.16250371055958,84.0,0.0
205.1667921633073,83.0,0.0
205.17093712756792,84.0,0.0
205.18440891423833,83.0,0.0
205.1881416365205,82.0,0.0
205.18878094347627,81.0,0.0
205.19621925504845,82.0,0.0
205.1972806098412,81.0,0.0
205.20769270884747,80.0,0.0
205.2084009685125,79.0,0.0
205.2197217063917,80.0,0.0
205.2200666483405,79.0,0.0
205.22074235086063,78.0,0.0
205.2417574480264,79.0,0.0
205.24283807647777,78.0,0.0
205.24650168639744,79.0,0.0
205.24950007699536,80.0,0.0
205.2531898426882,81.0,0.0
205.25408221283124,82.0,0.0
205.25456062155442,83.0,0.0
205.26650058935564,82.0,0.0
205.27121412948742,83.0,0.0
205.27306398418028,82.0,0.0
205.2754294684741,81.0,0.0
205.27582661428514,80.0,0.0
205.28286191024867,79.0,0.0
205.29243568548435,78.0,0.0
205.29470636532693,77.0,0.0
205.29673739275066,78.0,0.0
205.30140186464837,77.0,0.0
205.3149185816085,78.0,0.0
205.32044902273853,79.0,0.0
205.32421114094038,80.0,0.0
205.3272023059997,81.0,0.0
205.32946190825152,82.0,0.0
205.33001641297886,81.0,0.0
205.33739777125177,80.0,0.0
205.3593058056257,79.0,0.0
205.36113117378324,80.0,0.0
205.3626782780534,81.0,0.0
205.3643618071051,80.0,0.0
205.36447889053653,79.0,0.0
205.3702848034155,80.0,0.0
205.37560414875932,81.0,0.0
205.38318593012215,80.0,0.0
205.38989787796538,81.0,0.0
205.39829986966268,80.0,0.0
205.39906991133668,79.0,0.0
205.4272813212183,80.0,0.0
205.42869698352857,79.0,0.0
205.43365328102203,78.0,0.0
205.44961142193617,77.0,0.0
205.4553596367545,76.0,0.0
205.45966103060834,75.0,0.0
205.4644947782916,76.0,0.0
205.46856649626096,77.0,0.0
205.47306717150641,78.0,0.0
205.47875089578352,79.0,0.0
205.4862657189365,78.0,0.0
205.4925210390886,79.0,0.0
205.49947948233276,80.0,0.0
205.50285103094788,81.0,0.0
205.50733173769652,80.0,0.0
205.5174038989751,81.0,0.0
205.551330918678,82.0,0.0
205.56126483636967,81.0,0.0
205.5649771704878,82.0,0.0
205.5683888650695,83.0,0.0
205.5701982636207,82.0,0.0
205.57252927446393,83.0,0.0
205.58192669146857,82.0,0.0
205.58457556744716,81.0,0.0
205.5874130071536,80.0,0.0
205.59332732503643,79.0,0.0
205.6061899484671,80.0,0.0
205.6079528910276,79.0,0.0
205.61666960762486,78.0,0.0
205.6245039452783,77.0,0.0
205.62668249417212,76.0,0.0
205.6267463872722,77.0,0.0
205.62714519198292,76.0,0.0
205.62847844320493,77.0,0.0
205.63565642419928,78.0,0.0
205.63603125527672,79.0,0.0
205.64216237839983,80.0,0.0
205.6433498972571,81.0,0.0
205.64374074557992,80.0,0.0
205.64754324360104,79.0,0.0
205.64804786356558,80.0,0.0
205.65641409305744,81.0,0.0
205.66145723382436,80.0,0.0
205.6628487681884,81.0,0.0
205.66490684980704,82.0,0.0
205.6698499010327,83.0,0.0
205.68307143546943,82.0,0.0
205.6907300523561,81.0,0.0
205.69318730853306,80.0,0.0
205.6949619322114,81.0,0.0
205.70049127055108,80.0,0.0
205.70807928515205,81.0,0.0
205.71281686278314,80.0,0.0
205.71384442981514,81.0,0.0
205.7160983334039,80.0,0.0
205.733923152036,81.0,0.0
205.7339583543425,82.0,0.0
205.7352237756229,81.0,0.0
205.73872839773088,82.0,0.0
205.75057568664258,83.0,0.0
205.76528533889535,84.0,0.0
205.7710332362852,83.0,0.0
205.77457372872837,82.0,0.0
205.7787163977489,81.0,0.0
205.78405150065294,82.0,0.0
205.79805855701113,81.0,0.0
205.80511671735925,82.0,0.0
205.8065778080455,83.0,0.0
205.80832774790034,84.0,0.0
205.80974967119369,83.0,0.0
205.82695976333233,84.0,0.0
205.82716370153003,83.0,0.0
205.8282494899639,84.0,0.0
205.8297261743005,83.0,0.0
205.85077536399638,84.0,0.0
205.85289825446887,85.0,0.0
205.86448156555133,86.0,0.0
205.87243766849753,85.0,0.0
205.87528886466677,84.0,0.0
205.88091566451186,85.0,0.0
205.8819764696355,84.0,0.0
205.88250882681953,83.0,0.0
205.88547122327955,82.0,0.0
205.8926879709523,83.0,0.0
205.89719591407152,84.0,0.0
205.89954908310466,83.0,0.0
205.90277938902068,84.0,0.0
205.92923885142937,83.0,0.0
205.9297356461416,82.0,0.0
205.93042756748602,83.0,0.0
205.937160518859,84.0,0.0
205.94013658556437,83.0,0.0
205.960070250462,84.0,0.0
205.9668454171645,85.0,0.0
205.96948958601453,84.0,0.0
205.98088475269458,83.0,0.0
205.98193141899856,82.0,0.0
205.98261046651882,81.0,0.0
206.0066526738125,80.0,0.0
206.00801571376456,81.0,0.0
206.012495862339,80.0,0.0
206.01410920261,79.0,0.0
206.01669934408451,78.0,0.0
206.01973837332997,77.0,0.0
206.0263987197869,78.0,0.0
206.02755419544334,79.0,0.0
206.0290779299542,80.0,0.0
206.02924154311785,81.0,0.0
206.031585529989,82.0,0.0
206.03573001442837,81.0,0.0
206.0408866218172,82.0,0.0
206.0456905394878,83.0,0.0
206.04981550216132,84.0,0.0
206.052227520867,85.0,0.0
206.05232123314744,84.0,0.0
206.0572826259557,85.0,0.0
206.06297482033915,84.0,0.0
206.06480755667508,85.0,0.0
206.0876043049851,84.0,0.0
206.09110806072965,83.0,0.0
206.1219526051804,82.0,0.0
206.12633529798876,81.0,0.0
206.12920729380977,80.0,0.0
206.13380615091347,81.0,0.0
206.134842443001,82.0,0.0
206.13936965949506,81.0,0.0
206.14303747774014,82.0,0.0
206.15117368937737,83.0,0.0
206.15952290497663,84.0,0.0
206.17956067480046,83.0,0.0
206.18262628657686,82.0,0.0
206.183366592644,83.0,0.0
206.18773636804613,84.0,0.0
206.19132116216707,85.0,0.0
206.19518308645704,86.0,0.0
206.1952748454439,87.0,0.0
206.1966029631041,88.0,0.0
206.1999812047097,87.0,0.0
206.20390237846325,88.0,0.0
206.21012554240053,87.0,0.0
206.21530796858485,88.0,0.0
206.2205402054189,89.0,0.0
206.22271339662646,90.0,0.0
206.2327598593037,91.0,0.0
206.23460366541764,90.0,0.0
206.2351021379641,89.0,0.0
206.23941129375575,90.0,0.0
206.24446706443157,91.0,0.0
206.2759372050862,92.0,0.0
206.2784536885535,93.0,0.0
206.27945084744616,92.0,0.0
206.3061114192029,93.0,0.0
206.30855527723782,92.0,0.0
206.31989828293138,91.0,0.0
206.3204472811628,92.0,0.0
206.3258414921619,91.0,0.0
206.33028631302798,90.0,0.0
206.33534801656856,89.0,0.0
206.33591004404767,88.0,0.0
206.34749319831795,87.0,0.0
206.3516064839146,86.0,0.0
206.35506493311848,85.0,0.0
206.3558134952156,86.0,0.0
206.35610033219075,87.0,0.0
206.3588436035671,86.0,0.0
206.36938970021131,87.0,0.0
206.37384309536586,88.0,0.0
206.37995985120006,89.0,0.0
206.38495573799884,90.0,0.0
206.39481008687895,91.0,0.0
206.4125150091929,92.0,0.0
206.41708033474197,93.0,0.0
206.41901840809703,94.0,0.0
206.425626468678,95.0,0.0
206.42572665760147,96.0,0.0
206.4315202082745,95.0,0.0
206.4428744647862,96.0,0.0
206.44601510109612,95.0,0.0
206.454718063972,96.0,0.0
206.45763187949592,95.0,0.0
206.46103168420998,96.0,0.0
206.4698750281459,97.0,0.0
206.46990889950112,96.0,0.0
206.47144910819364,95.0,0.0
206.47153021786934,94.0,0.0
206.47296793470466,93.0,0.0
206.47730767055958,94.0,0.0
206.48745941366337,95.0,0.0
206.49503834917428,96.0,0.0
206.5008529067752,97.0,0.0
206.5042879173798,98.0,0.0
206.5191732526069,97.0,0.0
206.52639546032933,96.0,0.0
206.53471893787884,97.0,0.0
206.5365644564034,96.0,0.0
206.53771273495718,95.0,0.0
206.5446636682398,96.0,0.0
206.55079321051602,97.0,0.0
206.5583842421367,96.0,0.0
206.5606864531563,97.0,0.0
206.56090539421746,98.0,0.0
206.56120729189672,97.0,0.0
206.56764205826047,96.0,0.0
206.57135198338688,97.0,0.0
206.57307615995427,98.0,0.0
206.57336620546897,97.0,0.0
206.57427139791446,96.0,0.0
206.57565137732763,97.0,0.0
206.58708071821968,98.0,0.0
206.58880817526955,97.0,0.0
206.5930479253823,96.0,0.0
206.5943465537452,95.0,0.0
206.59487964477407,94.0,0.0
206.59916989134732,93.0,0.0
206.60574258373447,94.0,0.0
206.61242022908084,95.0,0.0
206.62012841644426,96.0,0.0
206.62719497675158,95.0,0.0
206.63716346974624,96.0,0.0
206.6384808048378,97.0,0.0
206.64152103653961,98.0,0.0
206.64182866671413,97.0,0.0
206.64288622320217,98.0,0.0
206.65256591945823,97.0,0.0
206.65376383227573,96.0,0.0
206.6555710380277,95.0,0.0
206.66652874973934,96.0,0.0
206.66717844670958,97.0,0.0
206.67135988794394,96.0,0.0
206.6748925878052,95.0,0.0
206.6965206681157,94.0,0.0
206.7101686028833,95.0,0.0
206.72213798859502,94.0,0.0
206.72421732664975,93.0,0.0
206.7339997726458,92.0,0.0
206.73494761865126,91.0,0.0
206.7589184697714,92.0,0.0
206.76490065633575,93.0,0.0
206.77595014774306,94.0,0.0
206.78307576130723,95.0,0.0
206.78756967429132,94.0,0.0
206.79144322379645,93.0,0.0
206.79377314190873,92.0,0.0
206.79797842162733,91.0,0.0
206.80498986454634,90.0,0.0
206.80753754307534,89.0,0.0
206.80922474537246,90.0,0.0
206.8102175534427,91.0,0.0
206.8143738697817,90.0,0.0
206.8174017901609,89.0,0.0
206.8249339232347,88.0,0.0
206.83575260455598,89.0,0.0
206.8437857966556,88.0,0.0
206.84482082904316,87.0,0.0
206.84536098599662,88.0,0.0
206.87933380162332,87.0,0.0
206.9035215552265,86.0,0.0
206.9104166849732,85.0,0.0
206.91486095557346,84.0,0.0
206.9212819453646,85.0,0.0
206.9378755089329,84.0,0.0
206.93925159494677,85.0,0.0
206.93956503308257,86.0,0.0
206.94801996096498,85.0,0.0
206.95097483330238,86.0,0.0
206.95799098986248,85.0,0.0
206.96816469543828,84.0,0.0
206.9777743402331,83.0,0.0
206.99218031208025,84.0,0.0
206.9959281553041,83.0,0.0
207.00254379286153,82.0,0.0
207.00442387819376,81.0,0.0
207.0224810102167,80.0,0.0
207.02432274637778,81.0,0.0
207.03183178194385,82.0,0.0
207.04685379672966,83.0,0.0
207.05564822235073,82.0,0.0
207.05784362597043,83.0,0.0
207.07321798651822,82.0,0.0
207.07362330502073,81.0,0.0
207.0738230752331,80.0,0.0
207.0788448802546,79.0,0.0
207.09165971479607,78.0,0.0
207.09198145531144,77.0,0.0
207.10113436583197,78.0,0.0
207.1060842655446,77.0,0.0
207.10972029326302,78.0,0.0
207.11359428549125,79.0,0.0
207.12770356564096,78.0,0.0
207.1331851647208,79.0,0.0
207.14276965731025,78.0,0.0
207.1448466020988,77.0,0.0
207.1607260144162,78.0,0.0
207.16278398468714,79.0,0.0
207.1687529224945,78.0,0.0
207.17251907845633,79.0,0.0
207.18228663304066,78.0,0.0
207.20070452123966,77.0,0.0
207.2100201760996,78.0,0.0
207.21003313842317,77.0,0.0
207.21644472933028,76.0,0.0
207.22348773262152,75.0,0.0
207.2350904610922,74.0,0.0
207.2505804385763,73.0,0.0
207.2587842109777,72.0,0.0
207.2658545744127,73.0,0.0
207.27049437844167,72.0,0.0
207.27625803905786,73.0,0.0
207.28302913417164,72.0,0.0
207.2849859759156,73.0,0.0
207.28572895465607,74.0,0.0
207.30025752953017,75.0,0.0
207.30176464832795,76.0,0.0
207.30973894798453,75.0,0.0
207.31804036164485,76.0,0.0
207.31849275711133,77.0,0.0
207.32213078370003,78.0,0.0
207.32368272995214,77.0,0.0
207.33954742339148,76.0,0.0
207.346504893747,75.0,0.0
207.35181861016832,74.0,0.0
207.3731182939895,73.0,0.0
207.37558733376733,72.0,0.0
207.38570956061864,71.0,0.0
207.39305700764194,72.0,0.0
207.40911365971377,73.0,0.0
207.41269685312298,72.0,0.0
207.4141706657985,71.0,0.0
207.42490408337463,72.0,0.0
207.4333785615121,73.0,0.0
207.43365369927895,74.0,0.0
207.44240448432473,75.0,0.0
207.4438994692943,74.0,0.0
207.44552968387094,75.0,0.0
207.44780794121144,76.0,0.0
207.45071745535253,75.0,0.0
207.45116997167662,74.0,0.0
207.45548307635812,75.0,0.0
207.46248731946295,74.0,0.0
207.46265091470835,73.0,0.0
207.46833537952438,74.0,0.0
207.47316779404886,75.0,0.0
207.47428159019452,76.0,0.0
207.48338468107752,77.0,0.0
207.50308843623395,78.0,0.0
207.5191940491865,77.0,0.0
207.52161363560901,78.0,0.0
207.5247688762251,79.0,0.0
207.53222265574874,78.0,0.0
207.53469187448002,79.0,0.0
207.53605691374008,78.0,0.0
207.54184844064787,77.0,0.0
207.54234000370136,76.0,0.0
207.54576146135372,75.0,0.0
207.54948334824672,76.0,0.0
207.55137867575445,75.0,0.0
207.55380791497842,74.0,0.0
207.5584509014569,75.0,0.0
207.56243188180207,74.0,0.0
207.56677207459538,75.0,0.0
207.5830801238188,74.0,0.0
207.59666402293846,75.0,0.0
207.59912474432656,76.0,0.0
207.59976402334632,75.0,0.0
207.61113187386718,76.0,0.0
207.61174005740332,77.0,0.0
207.61215181218506,78.0,0.0
207.62010595767447,79.0,0.0
207.62234564813832,80.0,0.0
207.6229152271997,79.0,0.0
207.64351446981706,78.0,0.0
207.6519202775033,79.0,0.0
207.65752782416888,78.0,0.0
207.6674037309108,77.0,0.0
207.6681856768273,78.0,0.0
207.67298494678968,79.0,0.0
207.67600478563028,78.0,0.0
207.67952611207593,77.0,0.0
207.68611031156533,76.0,0.0
207.68726953387352,77.0,0.0
207.70199163597673,78.0,0.0
207.70251207064405,77.0,0.0
207.71208897375902,78.0,0.0
207.73899516477985,79.0,0.0
207.7393596982056,78.0,0.0
207.7476007614073,79.0,0.0
207.74786398660646,80.0,0.0
207.75189674558789,81.0,0.0
207.75621408619898,80.0,0.0
207.75724367712877,81.0,0.0
207.76896630164035,80.0,0.0
207.77407076230674,81.0,0.0
207.7782009584787,80.0,0.0
207.78313058629936,79.0,0.0
207.78323727773414,78.0,0.0
207.78465508465032,79.0,0.0
207.79146515916153,80.0,0.0
207.79225053464245,79.0,0.0
207.79267602029037,80.0,0.0
207.80775526544858,79.0,0.0
207.82964465034362,78.0,0.0
207.8413414327223,79.0,0.0
207.84502325650428,78.0,0.0
207.86472562763575,77.0,0.0
207.87453971726094,76.0,0.0
207.88480353574698,75.0,0.0
207.89261493016798,76.0,0.0
207.89978414068543,75.0,0.0
207.9021212484833,74.0,0.0
207.90578119349803,75.0,0.0
207.91139452289858,74.0,0.0
207.91859619903897,73.0,0.0
207.92006557072588,74.0,0.0
207.92422942561436,75.0,0.0
207.92744790802092,74.0,0.0
207.93478124080752,75.0,0.0
207.9372983919533,76.0,0.0
207.95744321965822,77.0,0.0
207.96118844195368,76.0,0.0
207.96362106164477,77.0,0.0
207.9677713491663,76.0,0.0
207.96850667885766,75.0,0.0
207.97048848397307,74.0,0.0
207.97334036103288,73.0,0.0
207.97465191635752,72.0,0.0
207.97477755894505,71.0,0.0
207.99182858896557,70.0,0.0
207.99343635834538,71.0,0.0
208.01622441495613,72.0,0.0
208.01727653628535,71.0,0.0
208.017954576849,72.0,0.0
208.02676427459824,73.0,0.0
208.0304960985872,74.0,0.0
208.03571206675343,73.0,0.0
208.03739383527656,72.0,0.0
208.04165192538665,73.0,0.0
208.05454062782147,72.0,0.0
208.05988505629998,73.0,0.0
208.0781147146167,74.0,0.0
208.08319175833878,73.0,0.0
208.09164227072247,74.0,0.0
208.09280899750522,73.0,0.0
208.10846620668755,72.0,0.0
208.1192530389251,73.0,0.0
208.12050201079404,74.0,0.0
208.1388105881325,75.0,0.0
208.1433838664809,76.0,0.0
208.1480471756699,77.0,0.0
208.14914109979236,76.0,0.0
208.15085341777453,75.0,0.0
208.1575814291826,76.0,0.0
208.16029919277514,75.0,0.0
208.17492600330985,74.0,0.0
208.18029552290233,75.0,0.0
208.1803860445,74.0,0.0
208.18165129085776,73.0,0.0
208.1886285345329,72.0,0.0
208.19039870493273,73.0,0.0
208.201810727492,74.0,0.0
208.2032681231583,75.0,0.0
208.20973924974126,74.0,0.0
208.21760554266737,75.0,0.0
208.22383688941937,76.0,0.0
208.23589713032464,77.0,0.0
208.2461544489293,78.0,0.0
208.25670315582036,79.0,0.0
208.26388595059635,78.0,0.0
208.27049064034412,79.0,0.0
208.28203113974223,78.0,0.0
208.28320692264137,79.0,0.0
208.28873440424204,78.0,0.0
208.2903519495766,77.0,0.0
208.29470362666865,76.0,0.0
208.2966505681101,75.0,0.0
208.30349667672823,74.0,0.0
208.30448162040233,75.0,0.0
208.31698595659228,74.0,0.0
208.33022989387797,73.0,0.0
208.33025072189412,72.0,0.0
208.33874694093382,73.0,0.0
208.3449021806765,72.0,0.0
208.34876320631489,71.0,0.0
208.36909377015755,70.0,0.0
208.3862951802158,69.0,0.0
208.38635585224782,68.0,0.0
208.39678388680045,69.0,0.0
208.39803044341957,68.0,0.0
208.39840339507825,69.0,0.0
208.40828272390792,68.0,0.0
208.40852898509365,67.0,0.0
208.41516357336977,66.0,0.0
208.41812262722462,67.0,0.0
208.42671830391268,66.0,0.0
208.42773051831867,67.0,0.0
208.43211173567693,68.0,0.0
208.46360536743987,69.0,0.0
208.47243378467127,68.0,0.0
208.48398678379982,69.0,0.0
208.4914289524045,70.0,0.0
208.49861814894405,69.0,0.0
208.5023964272223,70.0,0.0
208.5136548331232,69.0,0.0
208.5142372177547,68.0,0.0
208.52123791694666,67.0,0.0
208.52411787736165,66.0,0.0
208.52965228488708,65.0,0.0
208.53225292861103,64.0,0.0
208.54867534694247,63.0,0.0
208.56730057873222,62.0,0.0
208.5874900454984,61.0,0.0
208.58930843006522,62.0,0.0
208.59373882401255,61.0,0.0
208.59573832895094,60.0,0.0
208.5983231081093,61.0,0.0
208.60284026144862,62.0,0.0
208.6175113010686,61.0,0.0
208.61829985091157,60.0,0.0
208.63079290817606,59.0,0.0
208.63166975161866,60.0,0.0
208.63524568938192,61.0,0.0
208.6373090622766,62.0,0.0
208.6381360787992,61.0,0.0
208.66070338211892,62.0,0.0
208.66084468516394,61.0,0.0
208.66449779651242,62.0,0.0
208.6783691440878,61.0,0.0
208.69172904645347,60.0,0.0
208.70222563815355,59.0,0.0
208.70370385568586,58.0,0.0
208.71791635270202,57.0,0.0
208.7189118980672,56.0,0.0
208.73028913939248,57.0,0.0
208.74290156398072,56.0,0.0
208.7507753743827,55.0,0.0
208.75675168300435,54.0,0.0
208.75735796361036,55.0,0.0
208.75751515692482,54.0,0.0
208.76053930224313,55.0,0.0
208.76430755054267,56.0,0.0
208.76457836650962,55.0,0.0
208.77568496800842,56.0,0.0
208.79019390243099,55.0,0.0
208.80946585831146,54.0,0.0
208.81190499642364,55.0,0.0
208.82133215723272,54.0,0.0
208.82199211545995,55.0,0.0
208.83782888833358,54.0,0.0
208.83999261448588,55.0,0.0
208.84680731286142,54.0,0.0
208.85334610800865,53.0,0.0
208.85419797187575,52.0,0.0
208.85754975421986,53.0,0.0
208.86771255127255,52.0,0.0
208.86863652672446,51.0,0.0
208.87722546010107,50.0,0.0
208.8773409601433,51.0,0.0
208.8777315526203,50.0,0.0
208.88743987424402,51.0,0.0
208.89065729677574,50.0,0.0
208.8929866309857,51.0,0.0
208.89734628413558,50.0,0.0
208.90759519500546,49.0,0.0
208.91841295290814,50.0,0.0
208.92095162248486,51.0,0.0
208.9492388107572,52.0,0.0
208.96185306420517,53.0,0.0
208.96264243484396,52.0,0.0
208.96386082450297,53.0,0.0
208.96713581380862,54.0,0.0
208.97529158354354,53.0,0.0
208.9753863118579,52.0,0.0
208.9802433439853,51.0,0.0
208.98293061383086,52.0,0.0
208.98869146063024,51.0,0.0
208.99195016089683,50.0,0.0
208.99212768440472,51.0,0.0
209.0002691217856,50.0,0.0
209.00695672378467,51.0,0.0
209.01278567200353,50.0,0.0
209.01455623794092,49.0,0.0
209.0173649363504,50.0,0.0
209.02354413844017,51.0,0.0
209.06276596307907,50.0,0.0
209.09128084906428,51.0,0.0
209.0962981636188,50.0,0.0
209.10016529166205,49.0,0.0
209.12618677418965,48.0,0.0
209.12693386821635,47.0,0.0
209.12969940300562,46.0,0.0
209.12973702277523,45.0,0.0
209.14682532613912,44.0,0.0
209.151428021889,43.0,0.0
209.15723196687392,42.0,0.0
209.15900805102797,43.0,0.0
209.1608272819076,42.0,0.0
209.16161159746665,43.0,0.0
209.16952883779948,42.0,0.0
209.17662670111082,43.0,0.0
209.17758775972297,44.0,0.0
209.18207679172292,43.0,0.0
209.18307824038448,42.0,0.0
209.18317741886418,41.0,0.0
209.18363201914792,40.0,0.0
209.18482742372885,41.0,0.0
209.1927341821514,42.0,0.0
209.1933906329964,43.0,0.0
209.19725963665502,42.0,0.0
209.21297391333133,43.0,0.0
209.22206513262822,42.0,0.0
209.22379967749367,43.0,0.0
209.23149936813343,42.0,0.0
209.25188748819,43.0,0.0
209.28122761733664,42.0,0.0
209.28665211302862,41.0,0.0
209.2892882221579,42.0,0.0
209.29344094281842,43.0,0.0
209.29546626045774,44.0,0.0
209.2993751170577,45.0,0.0
209.32308776044565,44.0,0.0
209.33620450769124,43.0,0.0
209.34340915045613,44.0,0.0
209.3467432283963,43.0,0.0
209.3907570412825,42.0,0.0
209.39458331214257,41.0,0.0
209.40078544362166,42.0,0.0
209.40616440741815,41.0,0.0
209.41582178163435,40.0,0.0
209.4338163932889,39.0,0.0
209.44699059429936,38.0,0.0
209.46326344582192,37.0,0.0
209.46458232808516,36.0,0.0
209.47574998500107,35.0,0.0
209.4766104832684,34.0,0.0
209.48487074663737,33.0,0.0
209.4880213692282,32.0,0.0
209.49442651825643,33.0,0.0
209.50013373555535,34.0,0.0
209.508530675916,33.0,0.0
209.5170217786024,32.0,0.0
209.5197474599878,33.0,0.0
209.5197526862051,32.0,0.0
209.5292987291248,33.0,0.0
209.52942346030255,32.0,0.0
209.53132752983092,31.0,0.0
209.5357569081208,30.0,0.0
209.53828832015176,29.0,0.0
209.5450413419138,28.0,0.0
209.54794037459118,27.0,0.0
209.5526248369429,26.0,0.0
209.56553628555656,27.0,0.0
209.56830696427906,26.0,0.0
209.57439460773105,27.0,0.0
209.60014439643672,28.0,0.0
209.6063108580068,27.0,0.0
209.63367024128618,28.0,0.0
209.63911615743746,27.0,0.0
209.6398194638146,28.0,0.0
209.64364567572318,29.0,0.0
209.6670509189553,28.0,0.0
209.67700648586833,27.0,0.0
209.6770905736101,26.0,0.0
209.6886040123572,25.0,0.0
209.70166302219786,26.0,0.0
209.7019285535782,27.0,0.0
209.71374625982824,28.0,0.0
209.71453687125526,27.0,0.0
209.71502821879622,26.0,0.0
209.7174812529046,27.0,0.0
209.71869452938444,26.0,0.0
209.73181877121465,25.0,0.0
209.74616913641333,24.0,0.0
209.75703570996288,23.0,0.0
209.7775693842679,22.0,0.0
209.78639798327887,21.0,0.0
209.7870464206125,22.0,0.0
209.7967199151963,23.0,0.0
209.8013231178684,24.0,0.0
209.81040076354046,23.0,0.0
209.8195442974851,22.0,0.0
209.8220619245499,23.0,0.0
209.83169935985146,22.0,0.0
209.83225520162333,21.0,0.0
209.8364324608582,20.0,0.0
209.85318946252562,19.0,0.0
209.8545209263267,20.0,0.0
209.85932932455074,21.0,0.0
209.8595411838961,20.0,0.0
209.86115423054696,21.0,0.0
209.8670458657396,20.0,0.0
209.87455744910577,21.0,0.0
209.88114770698812,22.0,0.0
209.89340609822128,23.0,0.0
209.89823860019297,24.0,0.0
209.90986351467103,25.0,0.0
209.91247912779397,26.0,0.0
209.92821422483863,25.0,0.0
209.9426324404032,24.0,0.0
209.94454443055176,23.0,0.0
209.96016481885152,22.0,0.0
209.97184835490478,23.0,0.0
209.98505196542717,22.0,0.0
210.00096467496613,23.0,0.0
210.00128408971418,22.0,0.0
210.01448985641028,23.0,0.0
210.01936355533212,24.0,0.0
210.02206987591512,25.0,0.0
210.0371872456184,24.0,0.0
210.04151916884578,25.0,0.0
210.06017614987906,24.0,0.0
210.0740204407953,25.0,0.0
210.08107943584685,26.0,0.0
210.0884618049073,25.0,0.0
210.09332203604603,24.0,0.0
210.09465010563565,23.0,0.0
210.11509496117847,24.0,0.0
210.12361260626753,23.0,0.0
210.12850936801755,22.0,0.0
210.1355720808047,21.0,0.0
210.1368574480098,20.0,0.0
210.15737037943123,19.0,0.0
210.16895721539458,20.0,0.0
210.17276264095827,19.0,0.0
210.1931768084828,20.0,0.0
210.20659999079015,19.0,0.0
210.21096977299993,18.0,0.0
210.21199899675855,17.0,0.0
210.2130317709669,18.0,0.0
210.21335524437848,17.0,0.0
210.21984065883478,16.0,0.0
210.2233095656036,15.0,0.0
210.23086140924542,16.0,0.0
210.2332370739014,15.0,0.0
210.23514245083746,14.0,0.0
210.24430276685894,13.0,0.0
210.2523977118695,12.0,0.0
210.25346122053026,11.0,0.0
210.27557656333602,12.0,0.0
210.27607456610872,11.0,0.0
210.27637384652868,12.0,0.0
210.2765262165146,11.0,0.0
210.29276310609131,12.0,0.0
210.30536024980753,11.0,0.0
210.30616729946883,12.0,0.0
210.31938397167636,11.0,0.0
210.32076671769607,12.0,0.0
210.3457443327079,13.0,0.0
210.34796164192426,14.0,0.0
210.34828618282162,13.0,0.0
210.34902066555097,14.0,0.0
210.35458980081845,13.0,0.0
210.364091664481,14.0,0.0
210.36956547059356,15.0,0.0
210.37491254529013,14.0,0.0
210.3750769273044,13.0,0.0
210.38140122177268,12.0,0.0
210.41399704238884,13.0,0.0
210.4246592694152,12.0,0.0
210.4343464873413,11.0,0.0
210.4377315931136,10.0,0.0
210.440856059141,11.0,0.0
210.44397639976413,12.0,0.0
210.46756298148335,11.0,0.0
210.47201698916888,10.0,0.0
210.4778755529622,9.0,0.0
210.4855957698658,8.0,0.0
210.49084395094496,7.0,0.0
210.51290149114027,6.0,0.0
210.54844436202265,5.0,0.0
210.55619553620673,6.0,0.0
210.5904241395031,5.0,0.0
210.5923132447761,4.0,0.0
210.6028181090533,5.0,0.0
210.61428186888475,4.0,0.0
210.64176766122338,3.0,0.0
210.6422074766193,4.0,0.0
210.64920957405627,3.0,0.0
210.65882434192716,2.0,0.0
210.66797887613922,1.0,0.0
210.6716178458495,0.0,0.0
210.67193561919234,1.0,0.0
210.68218541774374,0.0,0.0
210.7344719934938,1.0,0.0
210.7417149744529,0.0,0.0
210.76740320268965,1.0,0.0
210.79078043816355,0.0,0.0
210.81350514059793,1.0,0.0
210.83930788554142,2.0,0.0
210.84083059007295,3.0,0.0
210.84537707682057,4.0,0.0
210.8578875182822,3.0,0.0
210.85813509999156,2.0,0.0
210.8822958748875,1.0,0.0
210.88379943843012,0.0,0.0
210.94475217309616,1.0,0.0
210.9502245281797,0.0,0.0
210.99207403772277,1.0,0.0
211.01903657520415,0.0,0.0
211.0225525311308,1.0,0.0
211.0371116942992,2.0,0.0
211.0951710865698,1.0,0.0
211.0961821134786,0.0,0.0
211.11904046989613,1.0,0.0
211.12209224683457,2.0,0.0
211.1225819517866,3.0,0.0
211.13523548737172,4.0,0.0
211.13630522687518,3.0,0.0
211.13886237252603,2.0,0.0
211.15494833089178,1.0,0.0
211.16689142984836,2.0,0.0
211.17158324130673,1.0,0.0
211.17305934789525,0.0,0.0
211.17883301690213,1.0,0.0
211.1803853090924,0.0,0.0
211.2068462845581,1.0,0.0
211.2391775095481,2.0,0.0
211.24200306874263,3.0,0.0
211.24293793226312,4.0,0.0
211.2651506516509,3.0,0.0
211.26572508620814,2.0,0.0
211.28294498552236,1.0,0.0
211.29790083901352,2.0,0.0
211.34688386701345,1.0,0.0
211.3483685219296,0.0,0.0
211.44841734960605,1.0,0.0
211.46854755316883,0.0,0.0
211.5159696655355,1.0,0.0
211.55320838812148,2.0,0.0
211.55460272753282,3.0,0.0
211.57697615120895,2.0,0.0
211.58112812748936,3.0,0.0
211.5849851958794,2.0,0.0
211.61894083701964,1.0,0.0
211.6193142701016,2.0,0.0
211.62115182453033,1.0,0.0
211.63099950876213,2.0,0.0
211.63219873735042,1.0,0.0
211.63797953806252,2.0,0.0
211.6422320922389,1.0,0.0
211.65224450282372,0.0,0.0
211.73064359743012,1.0,0.0
211.73344642081943,2.0,0.0
211.74132662595042,1.0,0.0
211.79962260530766,2.0,0.0
211.80976506374228,1.0,0.0
211.8147059973883,2.0,0.0
211.8175651451544,1.0,0.0
211.8194485842471,0.0,0.0
211.82192371345766,1.0,0.0
211.82419363163146,0.0,0.0
211.92357516678942,1.0,0.0
211.93423440541898,2.0,0.0
211.96368082759085,1.0,0.0
211.9928754138041,2.0,0.0
211.99592635226662,3.0,0.0
212.00298600000127,4.0,0.0
212.00500049511945,5.0,0.0
212.02116702264988,4.0,0.0
212.02146300188178,3.0,0.0
212.03882148433158,4.0,0.0
212.04062508794874,5.0,0.0
212.05856351827038,4.0,0.0
212.08809127620907,5.0,0.0
212.09147665272468,4.0,0.0
212.0937981239607,3.0,0.0
212.11230826678974,2.0,0.0
212.11723233536898,1.0,0.0
212.11957898594792,2.0,0.0
212.13455423837868,1.0,0.0
212.13848705084337,0.0,0.0
212.14307445900573,1.0,0.0
212.1668648857188,2.0,0.0
212.1739838887806,1.0,0.0
212.2297818989703,0.0,0.0
212.23718773691687,1.0,0.0
212.24039963038953,0.0,0.0
212.25557046850685,1.0,0.0
212.26045592877625,2.0,0.0
212.27374464123466,1.0,0.0
212.27616819208856,0.0,0.0
212.2921788269097,1.0,0.0
212.3007475446736,2.0,0.0
212.3197682575529,1.0,0.0
212.32605406683206,2.0,0.0
212.33438621155625,3.0,0.0
212.35488444927753,2.0,0.0
212.35820707127417,1.0,0.0
212.36704372943487,2.0,0.0
212.379139785589,3.0,0.0
212.37959608342646,2.0,0.0
212.39416078873182,3.0,0.0
212.39895735663026,2.0,0.0
212.39957858427877,3.0,0.0
212.4139539464201,2.0,0.0
212.44516499891026,1.0,0.0
212.46632727602523,0.0,0.0
212.4673694245033,1.0,0.0
212.48792154936075,2.0,0.0
212.5083467632442,3.0,0.0
212.509161401846,2.0,0.0
212.5149863597808,3.0,0.0
212.5184159022611,2.0,0.0
212.5191559255802,1.0,0.0
212.5313038853407,2.0,0.0
212.53778232715132,1.0,0.0
212.55422493176377,0.0,0.0
212.59125856071216,1.0,0.0
212.59938194086254,0.0,0.0
212.6223664325485,1.0,0.0
212.64279183915846,2.0,0.0
212.65270822912612,1.0,0.0
212.68432944998872,0.0,0.0
212.73317695404248,1.0,0.0
212.73464862871182,0.0,0.0
212.7891442201519,1.0,0.0
212.8067596918749,2.0,0.0
212.8206862901896,1.0,0.0
212.84882323460874,0.0,0.0
212.96177374004245,1.0,0.0
212.96862776941938,2.0,0.0
212.97291600322683,1.0,0.0
212.97307725450628,2.0,0.0
212.9756707767863,1.0,0.0
212.9801059048733,2.0,0.0
212.98136022917487,1.0,0.0
212.99385358156812,0.0,0.0
213.00135945912595,1.0,0.0
213.00143290251557,2.0,0.0
213.0098891137134,1.0,0.0
213.04151838070814,0.0,0.0
213.09877923373887,1.0,0.0
213.10885063621438,0.0,0.0
213.1111420227663,1.0,0.0
213.11157617249947,2.0,0.0
213.12097291412826,1.0,0.0
213.1210516926317,0.0,0.0
213.14555638294817,1.0,0.0
213.14834207371536,0.0,0.0
213.157933195464,1.0,0.0
213.1587151462887,0.0,0.0
213.16402892236994,1.0,0.0
213.16451995259388,0.0,0.0
213.21864868193282,1.0,0.0
213.25567889601086,2.0,0.0
213.25647948732313,1.0,0.0
213.2604581246516,0.0,0.0
213.260681699408,1.0,0.0
213.2734278106355,0.0,0.0
213.28140564398439,1.0,0.0
213.31082824827095,2.0,0.0
213.32485062334902,1.0,0.0
213.3279288308802,0.0,0.0
213.32937789029108,1.0,0.0
213.33604369493932,0.0,0.0
213.3603340419482,1.0,0.0
213.42111361532855,2.0,0.0
213.43627176509654,1.0,0.0
213.44936130572034,2.0,0.0
213.4721834478256,3.0,0.0
213.48761848157054,4.0,0.0
213.50962994975032,3.0,0.0
213.51073007409897,2.0,0.0
213.5245663733433,3.0,0.0
213.52749352550433,2.0,0.0
213.53568666755035,1.0,0.0
213.55034493292604,2.0,0.0
213.55066154801455,1.0,0.0
213.5640297331141,2.0,0.0
213.56900694254227,3.0,0.0
213.57130761440166,4.0,0.0
213.58725996619387,3.0,0.0
213.61866519246394,2.0,0.0
213.6194629785924,1.0,0.0
213.629502665586,2.0,0.0
213.6298017707009,1.0,0.0
213.63208678804375,2.0,0.0
213.63767526857507,1.0,0.0
213.66665400770296,2.0,0.0
213.69522266787544,1.0,0.0
213.7259504626424,0.0,0.0
213.73000096212263,1.0,0.0
213.73358951233482,0.0,0.0
213.75484899044756,1.0,0.0
213.7587014838565,0.0,0.0
213.78988006191568,1.0,0.0
213.7954869339187,0.0,0.0
213.81999482316394,1.0,0.0
213.82371239513864,2.0,0.0
213.85193191608616,3.0,0.0
213.85550589088527,2.0,0.0
213.85557862319033,3.0,0.0
213.85591708322593,2.0,0.0
213.85883343431954,1.0,0.0
213.87627012550286,2.0,0.0
213.88090299458935,3.0,0.0
213.88298533146866,2.0,0.0
213.88391568559868,1.0,0.0
213.88406121050963,2.0,0.0
213.88719653593253,3.0,0.0
213.88975280557,4.0,0.0
213.89211815182927,3.0,0.0
213.90409682439386,4.0,0.0
213.9151968203158,5.0,0.0
213.93247617785107,4.0,0.0
213.94016464586684,5.0,0.0
213.95163787520653,4.0,0.0
213.9559447557909,3.0,0.0
213.9679651127473,2.0,0.0
213.97608443592358,3.0,0.0
213.97703262480226,2.0,0.0
213.98722242385682,3.0,0.0
213.9976476027995,2.0,0.0
213.99971820094174,1.0,0.0
214.0104391034361,2.0,0.0
214.01569401977122,1.0,0.0
214.0222584517078,0.0,0.0
214.02627790740507,1.0,0.0
214.03137331190842,0.0,0.0
214.03645816083664,1.0,0.0
214.0494222227811,0.0,0.0
214.0638010933093,1.0,0.0
214.07831694233798,0.0,0.0
214.0813186152427,1.0,0.0
214.1412506256489,2.0,0.0
214.14343936217932,3.0,0.0
214.17022245915433,2.0,0.0
214.1754416951099,3.0,0.0
214.19122183984823,4.0,0.0
214.21245786959759,5.0,0.0
214.21560970880645,6.0,0.0
214.2229204945601,5.0,0.0
214.25927573706016,4.0,0.0
214.27877911192903,3.0,0.0
214.2864714580238,4.0,0.0
214.29289810007472,3.0,0.0
214.2962204455086,2.0,0.0
214.30078017349018,3.0,0.0
214.30259790077938,2.0,0.0
214.30393049311155,3.0,0.0
214.32849889547143,4.0,0.0
214.3320187476002,3.0,0.0
214.33362608542964,2.0,0.0
214.334582846243,1.0,0.0
214.33729079479878,0.0,0.0
214.34518972970895,1.0,0.0
214.34813347173923,2.0,0.0
214.35224735972088,1.0,0.0
214.37217442489865,2.0,0.0
214.37361543220328,3.0,0.0
214.38478593409087,2.0,0.0
214.38758313508814,1.0,0.0
214.41485613406863,2.0,0.0
214.4210679437827,3.0,0.0
214.43856588944487,2.0,0.0
214.44347316121102,3.0,0.0
214.4453557129591,2.0,0.0
214.46767247203607,1.0,0.0
214.47717837618762,2.0,0.0
214.48458522376512,1.0,0.0
214.48878403693033,0.0,0.0
214.5057622157059,1.0,0.0
214.51247541378,2.0,0.0
214.51275189745522,1.0,0.0
214.5138327912644,2.0,0.0
214.53571202175144,1.0,0.0
214.5410425088645,0.0,0.0
214.54498813530793,1.0,0.0
214.5490962860826,2.0,0.0
214.54946188607505,3.0,0.0
214.5619963266527,2.0,0.0
214.562705664207,3.0,0.0
214.57028714558007,4.0,0.0
214.57657970008904,3.0,0.0
214.58125720486944,2.0,0.0
214.598344316599,3.0,0.0
214.6240356038387,4.0,0.0
214.64551689260858,5.0,0.0
214.6527639786776,4.0,0.0
214.65828836686433,5.0,0.0
214.67028264736393,4.0,0.0
214.68373009448447,5.0,0.0
214.6866661066821,6.0,0.0
214.6967997775605,5.0,0.0
214.69722707846813,6.0,0.0
214.70015882042247,5.0,0.0
214.70241819361746,4.0,0.0
214.70841037826614,3.0,0.0
214.71241483785838,4.0,0.0
214.71315477809068,3.0,0.0
214.7143013129828,4.0,0.0
214.7202960666691,3.0,0.0
214.7379304526598,4.0,0.0
214.73979114500625,3.0,0.0
214.74116109113018,2.0,0.0
214.74272716118014,3.0,0.0
214.7743854149175,2.0,0.0
214.79464402870062,3.0,0.0
214.80073118564383,2.0,0.0
214.803647146532,3.0,0.0
214.81381600074292,2.0,0.0
214.8146361382695,1.0,0.0
214.82589520689268,2.0,0.0
214.82812038009527,3.0,0.0
214.8322947424389,2.0,0.0
214.8334950807283,3.0,0.0
214.84379287856007,4.0,0.0
214.84702494047653,5.0,0.0
214.85841854686012,6.0,0.0
214.86173337943572,5.0,0.0
214.89209008365972,4.0,0.0
214.89459117521378,3.0,0.0
214.8967130543548,4.0,0.0
214.90361016153756,3.0,0.0
214.91831250042193,4.0,0.0
214.9186820861525,3.0,0.0
214.92875267570324,2.0,0.0
214.93910447272873,3.0,0.0
214.98239141393532,2.0,0.0
214.98333918694902,3.0,0.0
214.98709837092937,2.0,0.0
214.98730936952612,1.0,0.0
214.99341154432906,0.0,0.0
215.02214817531816,1.0,0.0
215.02630519691505,0.0,0.0
215.0431131366885,1.0,0.0
215.04512547251173,0.0,0.0
215.08907509525827,1.0,0.0
215.089659885402,0.0,0.0
215.10572140973062,1.0,0.0
215.10696662259136,2.0,0.0
215.1103613202716,1.0,0.0
215.12207219986837,0.0,0.0
215.12634209286256,1.0,0.0
215.1328003125364,0.0,0.0
215.14112935170104,1.0,0.0
215.1411582309748,0.0,0.0
215.14582803545176,1.0,0.0
215.15474220207398,0.0,0.0
215.16074996949797,1.0,0.0
215.18890396002948,2.0,0.0
215.19224399889623,1.0,0.0
215.20214380283042,2.0,0.0
215.21087808015295,3.0,0.0
215.2278074759075,4.0,0.0
215.23363076325114,3.0,0.0
215.24465038120314,2.0,0.0
215.2450314232249,3.0,0.0
215.2460057756886,2.0,0.0
215.24769630485915,1.0,0.0
215.27151228178536,2.0,0.0
215.27873245192728,3.0,0.0
215.28026406977884,4.0,0.0
215.28123982227683,5.0,0.0
215.29103893298796,4.0,0.0
215.29132265289704,5.0,0.0
215.3050515824743,4.0,0.0
215.3054258494586,3.0,0.0
215.32526884729182,2.0,0.0
215.32770984542134,1.0,0.0
215.33849954379292,2.0,0.0
215.33938525499548,1.0,0.0
215.3444285920001,0.0,0.0
215.3789280809007,1.0,0.0
215.38531639085704,2.0,0.0
215.40323290792935,3.0,0.0
215.40378261320924,4.0,0.0
215.40484452069035,5.0,0.0
215.41099997038094,6.0,0.0
215.4140526670496,5.0,0.0
215.41879834838582,4.0,0.0
215.4201397517255,3.0,0.0
215.42108378767006,2.0,0.0
215.4268306296329,1.0,0.0
215.42891784337436,2.0,0.0
215.437325544048,1.0,0.0
215.44792284103258,2.0,0.0
215.45186207878538,1.0,0.0
215.45583045572127,2.0,0.0
215.460271667475,1.0,0.0
215.4676510348887,2.0,0.0
215.46897003642147,3.0,0.0
215.48500816626992,4.0,0.0
215.50632159153918,5.0,0.0
215.507253404115,6.0,0.0
215.5125488098531,5.0,0.0
215.51256328799582,6.0,0.0
215.5130183983153,5.0,0.0
215.51687205298708,4.0,0.0
215.5174249474209,5.0,0.0
215.51857875907115,4.0,0.0
215.52145524100698,5.0,0.0
215.52711260104797,6.0,0.0
215.53873807728712,5.0,0.0
215.54432420379837,4.0,0.0
215.54770548197038,5.0,0.0
215.5486606411249,6.0,0.0
215.55163998116487,7.0,0.0
215.55400188213417,6.0,0.0
215.5567774219338,5.0,0.0
215.55724417404437,6.0,0.0
215.56792188482237,5.0,0.0
215.5685507207574,6.0,0.0
215.57521459550247,7.0,0.0
215.57635763797853,8.0,0.0
215.5793379634595,9.0,0.0
215.58447924051458,8.0,0.0
215.59688484440585,9.0,0.0
215.59689151771028,10.0,0.0
215.61716562815914,9.0,0.0
215.62235881681025,8.0,0.0
215.6242745938518,9.0,0.0
215.64154133841052,8.0,0.0
215.64528434367406,9.0,0.0
215.64719267932702,8.0,0.0
215.65512452738184,7.0,0.0
215.6569577259706,6.0,0.0
215.66345876464086,5.0,0.0
215.6643426683637,4.0,0.0
215.67457917218394,3.0,0.0
215.685780283137,2.0,0.0
215.68722240610484,1.0,0.0
215.69276234636456,0.0,0.0
215.71034784226626,1.0,0.0
215.7162403140387,2.0,0.0
215.71792950861752,1.0,0.0
215.7217704475418,2.0,0.0
215.73319923427437,1.0,0.0
215.73698202046188,2.0,0.0
215.74096587554854,3.0,0.0
215.74727720749172,4.0,0.0
215.74902327281998,3.0,0.0
215.74978395842325,2.0,0.0
215.7562686930463,3.0,0.0
215.76700935655052,2.0,0.0
215.78721785466928,3.0,0.0
215.80546817247262,4.0,0.0
215.8106020024964,5.0,0.0
215.83342664896293,6.0,0.0
215.83580816551984,5.0,0.0
215.8396014614619,6.0,0.0
215.84650205158295,7.0,0.0
215.85061728435716,8.0,0.0
215.85859359058978,9.0,0.0
215.86596584063048,8.0,0.0
215.8671472538165,9.0,0.0
215.870124130225,8.0,0.0
215.87541073904782,9.0,0.0
215.87653544995052,10.0,0.0
215.88030318070642,9.0,0.0
215.88117880341048,10.0,0.0
215.8849429526439,9.0,0.0
215.894793090527,8.0,0.0
215.89796603167548,9.0,0.0
215.91024324208973,10.0,0.0
215.91181370798085,9.0,0.0
215.92379491442946,8.0,0.0
215.92877368068895,9.0,0.0
215.93821556498705,8.0,0.0
215.94055801702078,7.0,0.0
215.94676670912477,8.0,0.0
215.94751775807765,9.0,0.0
215.95374487795354,10.0,0.0
215.96484960179973,9.0,0.0
215.97762088150992,8.0,0.0
215.98354552359086,9.0,0.0
215.98713623876165,8.0,0.0
215.99027124000222,7.0,0.0
215.99366585913225,6.0,0.0
215.9950802867926,5.0,0.0
215.9992650048045,6.0,0.0
215.9997163226287,5.0,0.0
216.02401938132527,4.0,0.0
216.03125680433808,3.0,0.0
216.05573940478624,2.0,0.0
216.06302675809147,3.0,0.0
216.06743111867547,4.0,0.0
216.06841874839495,5.0,0.0
216.07145190112143,4.0,0.0
216.07220827793594,5.0,0.0
216.07339863318728,6.0,0.0
216.07467868546038,7.0,0.0
216.08080969493287,8.0,0.0
216.08485640755157,9.0,0.0
216.08598370100682,10.0,0.0
216.0999682031872,9.0,0.0
216.10080273104614,10.0,0.0
216.104375685651,11.0,0.0
216.1133306757151,10.0,0.0
216.1189585648138,9.0,0.0
216.12575678376766,10.0,0.0
216.12579723062245,11.0,0.0
216.1330054458698,12.0,0.0
216.13362760677632,13.0,0.0
216.13427189198998,14.0,0.0
216.15819932459004,15.0,0.0
216.17004826780385,14.0,0.0
216.17824267788518,15.0,0.0
216.19487322575662,14.0,0.0
216.20336968561884,15.0,0.0
216.20535737853123,16.0,0.0
216.20805763236893,15.0,0.0
216.21467680560295,14.0,0.0
216.22012260001017,13.0,0.0
216.2295978063065,12.0,0.0
216.2384388378016,13.0,0.0
216.24664174749643,12.0,0.0
216.25497402882465,13.0,0.0
216.25966341132354,14.0,0.0
216.28007666364564,13.0,0.0
216.30384223136411,12.0,0.0
216.3093898229524,13.0,0.0
216.31710885268078,12.0,0.0
216.31877918214144,11.0,0.0
216.32848720068785,12.0,0.0
216.3385938990183,13.0,0.0
216.3434921034185,14.0,0.0
216.34437523444154,13.0,0.0
216.35728602435825,14.0,0.0
216.36138981974057,13.0,0.0
216.36749887081066,12.0,0.0
216.38131115667903,11.0,0.0
216.38180895299539,10.0,0.0
216.3819794536501,11.0,0.0
216.39533983260065,10.0,0.0
216.40211447112733,11.0,0.0
216.40446792896154,10.0,0.0
216.4092432023865,11.0,0.0
216.4122874401895,10.0,0.0
216.42451468866471,11.0,0.0
216.4279549271289,12.0,0.0
216.42810785033927,13.0,0.0
216.43237579016252,14.0,0.0
216.43438518414493,13.0,0.0
216.43811860520347,12.0,0.0
216.44041195726422,13.0,0.0
216.44483888433626,12.0,0.0
216.46046830949248,11.0,0.0
216.4640592806483,12.0,0.0
216.47331608932245,13.0,0.0
216.4776412346638,12.0,0.0
216.49218242788766,11.0,0.0
216.50442100289513,12.0,0.0
216.51464208850635,11.0,0.0
216.51652707722232,12.0,0.0
216.5213630815745,13.0,0.0
216.53037369391953,14.0,0.0
216.53094961765896,15.0,0.0
216.53269353315358,16.0,0.0
216.5380601693455,17.0,0.0
216.54126624634702,16.0,0.0
216.54759263017584,15.0,0.0
216.55465257434977,16.0,0.0
216.55875652368445,15.0,0.0
216.56115879674022,16.0,0.0
216.57081713522817,17.0,0.0
216.5711593370384,18.0,0.0
216.5774049023653,17.0,0.0
216.57824218725648,16.0,0.0
216.58616864694272,17.0,0.0
216.58678721122084,16.0,0.0
216.59165173158968,17.0,0.0
216.60361047218058,16.0,0.0
216.6087665300094,17.0,0.0
216.61141525704937,16.0,0.0
216.6152758287097,15.0,0.0
216.63804254873787,14.0,0.0
216.64402976773522,15.0,0.0
216.6529328019419,14.0,0.0
216.65450269293237,15.0,0.0
216.65498091233655,14.0,0.0
216.6563715438544,15.0,0.0
216.68249194073522,14.0,0.0
216.68919610220163,13.0,0.0
216.69585930205218,14.0,0.0
216.7009371906627,15.0,0.0
216.71311522812664,16.0,0.0
216.71813024839105,15.0,0.0
216.7199884209976,16.0,0.0
216.72332114275187,15.0,0.0
216.72544606134403,16.0,0.0
216.7306756666423,17.0,0.0
216.73802858315932,18.0,0.0
216.73906818245823,17.0,0.0
216.7395199049526,18.0,0.0
216.74344020589785,19.0,0.0
216.74707632125725,20.0,0.0
216.75800161927435,19.0,0.0
216.7609682086751,20.0,0.0
216.7665469541095,19.0,0.0
216.76891457955054,20.0,0.0
216.78240504893552,19.0,0.0
216.78386595976664,20.0,0.0
216.78501334432337,21.0,0.0
216.79097029687085,22.0,0.0
216.79197932712853,21.0,0.0
216.81047215084743,22.0,0.0
216.82621400809214,21.0,0.0
216.8363034680847,20.0,0.0
216.86067977752626,19.0,0.0
216.86551929167754,20.0,0.0
216.87953344546762,19.0,0.0
216.89138593304017,18.0,0.0
216.89574954518176,17.0,0.0
216.89883966339713,16.0,0.0
216.8996615277345,17.0,0.0
216.90072689555433,18.0,0.0
216.90375254796794,17.0,0.0
216.91714449832543,18.0,0.0
216.91820856036347,19.0,0.0
216.92071299464814,20.0,0.0
216.9256606205463,21.0,0.0
216.92693567508186,20.0,0.0
216.94224497935403,21.0,0.0
216.95389732363287,22.0,0.0
216.96051644459828,23.0,0.0
216.96546413199172,22.0,0.0
216.97007822959972,23.0,0.0
216.97597720634116,22.0,0.0
216.99037083755556,23.0,0.0
216.99427341244703,24.0,0.0
217.00460341687372,25.0,0.0
217.00781309499698,26.0,0.0
217.0186882558856,27.0,0.0
217.01913612000118,28.0,0.0
217.01990317109443,29.0,0.0
217.02059097049175,28.0,0.0
217.025625281083,29.0,0.0
217.0265346019604,30.0,0.0
217.04467044354436,31.0,0.0
217.04675793964648,30.0,0.0
217.0470685185847,31.0,0.0
217.05812700842898,32.0,0.0
217.05966752006609,31.0,0.0
217.06888204526953,32.0,0.0
217.0705565361836,33.0,0.0
217.08951831849006,34.0,0.0
217.09938895600536,35.0,0.0
217.10215914570153,34.0,0.0
217.1035201152098,35.0,0.0
217.1070620287316,34.0,0.0
217.11459560006813,35.0,0.0
217.1177676534489,36.0,0.0
217.11883030649327,37.0,0.0
217.11909725746838,38.0,0.0
217.12053688529414,39.0,0.0
217.12782016238955,40.0,0.0
217.1391354120334,39.0,0.0
217.1453403374168,38.0,0.0
217.1562707212939,39.0,0.0
217.16430978723392,40.0,0.0
217.1884410874215,41.0,0.0
217.1910273291427,42.0,0.0
217.1916205957078,41.0,0.0
217.19223719662773,42.0,0.0
217.19373617178417,41.0,0.0
217.1968107844579,42.0,0.0
217.1977067866801,41.0,0.0
217.19934118882642,40.0,0.0
217.20138983510728,41.0,0.0
217.2093868921858,40.0,0.0
217.21090304617312,39.0,0.0
217.2192033954819,40.0,0.0
217.22101627756902,41.0,0.0
217.22194266332465,40.0,0.0
217.2269767802121,41.0,0.0
217.23161775910185,42.0,0.0
217.2431519194529,43.0,0.0
217.24477645476892,44.0,0.0
217.24925227503667,45.0,0.0
217.25320100287544,46.0,0.0
217.26219025096245,47.0,0.0
217.2635688622112,46.0,0.0
217.268412598071,45.0,0.0
217.2753111900222,46.0,0.0
217.28712102923873,47.0,0.0
217.28763840870803,48.0,0.0
217.29677745175223,47.0,0.0
217.29718299798336,48.0,0.0
217.32383154745494,49.0,0.0
217.33154228196594,48.0,0.0
217.34001457005263,47.0,0.0
217.34307785552792,48.0,0.0
217.34614590509952,49.0,0.0
217.34635501941068,48.0,0.0
217.3683653518371,47.0,0.0
217.37173722098967,48.0,0.0
217.38711570080517,49.0,0.0
217.39494987242912,50.0,0.0
217.39810197898933,49.0,0.0
217.40689367776568,48.0,0.0
217.41030177214557,49.0,0.0
217.41046788585865,50.0,0.0
217.41529100793437,51.0,0.0
217.4184377128731,50.0,0.0
217.42218573607283,49.0,0.0
217.4227435683824,50.0,0.0
217.42614857132727,51.0,0.0
217.42871546582785,52.0,0.0
217.43025102623793,53.0,0.0
217.43521966267977,54.0,0.0
217.4360294346788,55.0,0.0
217.438700064376,54.0,0.0
217.44113739475407,53.0,0.0
217.4432206156279,52.0,0.0
217.45104314765496,53.0,0.0
217.45225390718457,52.0,0.0
217.45567574187487,51.0,0.0
217.45762770537735,52.0,0.0
217.4578578668581,53.0,0.0
217.46068585598937,54.0,0.0
217.4643379456154,53.0,0.0
217.47085862428173,54.0,0.0
217.47696211485444,55.0,0.0
217.48421933594295,56.0,0.0
217.49056097757116,57.0,0.0
217.49096173418522,56.0,0.0
217.4925276667659,55.0,0.0
217.497020741323,56.0,0.0
217.499816944288,57.0,0.0
217.51952396481383,58.0,0.0
217.5235139978181,59.0,0.0
217.53135338514628,60.0,0.0
217.531386060443,59.0,0.0
217.53646127111477,60.0,0.0
217.53647413001553,61.0,0.0
217.54440026230395,62.0,0.0
217.54808016020488,61.0,0.0
217.5495155932868,62.0,0.0
217.5583819412084,63.0,0.0
217.56054089667813,64.0,0.0
217.56365761220442,65.0,0.0
217.57776522016943,66.0,0.0
217.57787703705705,65.0,0.0
217.5821266107498,66.0,0.0
217.58969236355946,65.0,0.0
217.59898358891863,66.0,0.0
217.60182194335061,65.0,0.0
217.60256435705705,66.0,0.0
217.6032400219212,65.0,0.0
217.61628033941486,64.0,0.0
217.61647325453404,63.0,0.0
217.6185516758268,62.0,0.0
217.62096933761623,63.0,0.0
217.62147393987914,64.0,0.0
217.62540451803267,63.0,0.0
217.62562125552427,62.0,0.0
217.62734075573837,61.0,0.0
217.6312579565741,62.0,0.0
217.637451146474,63.0,0.0
217.64321010118772,64.0,0.0
217.64512331883196,65.0,0.0
217.64602315041202,66.0,0.0
217.65383634478073,67.0,0.0
217.65614426431904,68.0,0.0
217.65782292767594,69.0,0.0
217.65884528642624,70.0,0.0
217.6792590834686,69.0,0.0
217.68080587692114,70.0,0.0
217.68271875306797,69.0,0.0
217.68609136974138,70.0,0.0
217.6938818167547,71.0,0.0
217.70652920678486,72.0,0.0
217.7168505031298,73.0,0.0
217.72337174096955,72.0,0.0
217.7314432468141,71.0,0.0
217.73159080250403,70.0,0.0
217.7343662631992,71.0,0.0
217.74012816453066,72.0,0.0
217.74119553130572,73.0,0.0
217.74154188398066,74.0,0.0
217.7506963970306,73.0,0.0
217.75464740054133,72.0,0.0
217.75831951006555,71.0,0.0
217.76526855581153,72.0,0.0
217.76681800919255,73.0,0.0
217.7697933714786,72.0,0.0
217.77184587062217,73.0,0.0
217.78066109973628,74.0,0.0
217.79482394207622,75.0,0.0
217.80035915774124,74.0,0.0
217.8143883892402,73.0,0.0
217.81825549458082,72.0,0.0
217.81935375420514,73.0,0.0
217.83614257809904,72.0,0.0
217.83793159471662,73.0,0.0
217.83877107496846,74.0,0.0
217.84218487113966,75.0,0.0
217.84455043199858,76.0,0.0
217.84614439589254,75.0,0.0
217.85358733294186,74.0,0.0
217.85897330610675,75.0,0.0
217.86531666665516,74.0,0.0
217.8807037203089,75.0,0.0
217.88100450992732,74.0,0.0
217.88138567289988,73.0,0.0
217.8888023301371,74.0,0.0
217.9018322453976,75.0,0.0
217.91293051953042,76.0,0.0
217.91764688381468,77.0,0.0
217.92128167640624,78.0,0.0
217.9338629386718,77.0,0.0
217.93765459306687,76.0,0.0
217.9377059440189,75.0,0.0
217.93795309784517,74.0,0.0
217.93806158532675,73.0,0.0
217.9402602625568,72.0,0.0
217.9422929527771,73.0,0.0
217.94582070546744,74.0,0.0
217.9500492903611,75.0,0.0
217.95232088005037,76.0,0.0
217.9628135105801,77.0,0.0
217.97763641128762,78.0,0.0
217.9814834644319,79.0,0.0
217.9818392636854,80.0,0.0
217.98248766246118,81.0,0.0
217.9835942901896,80.0,0.0
217.99209509651968,81.0,0.0
217.9980088627069,82.0,0.0
217.99949171004462,83.0,0.0
218.00101988631525,84.0,0.0
218.00723421782305,85.0,0.0
218.01424656955214,86.0,0.0
218.0170769461342,85.0,0.0
218.01962195422863,86.0,0.0
218.02005132168506,87.0,0.0
218.02241895500313,88.0,0.0
218.02980774206802,89.0,0.0
218.03100081774258,90.0,0.0
218.03223991823893,91.0,0.0
218.0352367053097,90.0,0.0
218.04028624241852,91.0,0.0
218.0569412644812,92.0,0.0
218.05913589221726,93.0,0.0
218.06745739442965,92.0,0.0
218.07243550550382,93.0,0.0
218.0730143416308,94.0,0.0
218.07920685781997,93.0,0.0
218.09788738695607,94.0,0.0
218.09911758844532,95.0,0.0
218.09922727424805,96.0,0.0
218.10413399908322,97.0,0.0
218.1075325145394,98.0,0.0
218.1192924179493,99.0,0.0
218.1220360796513,98.0,0.0
218.12454458475423,97.0,0.0
218.12881939589724,98.0,0.0
218.13372565601563,99.0,0.0
218.1502884520218,100.0,0.0
218.1519755823478,99.0,0.0
218.15226105198036,100.0,0.0
218.1542376848949,101.0,0.0
218.1566485869273,100.0,0.0
218.1570423621301,101.0,0.0
218.1696402841285,102.0,0.0
218.17844550726156,103.0,0.0
218.17966979014093,104.0,0.0
218.20563105911566,105.0,0.0
218.21112528764982,104.0,0.0
218.21344021289767,103.0,0.0
218.21595249615737,104.0,0.0
218.236233463279,103.0,0.0
218.23990279499057,102.0,0.0
218.250191139511,101.0,0.0
218.26967628534496,100.0,0.0
218.27089859811574,101.0,0.0
218.2721016178655,100.0,0.0
218.27675996430386,101.0,0.0
218.27802073024358,102.0,0.0
218.28688460088307,103.0,0.0
218.29592378566122,104.0,0.0
218.30461412294633,105.0,0.0
218.30855721733298,104.0,0.0
218.31261092671872,105.0,0.0
218.31826276025853,106.0,0.0
218.33789425938312,107.0,0.0
218.33889101340617,106.0,0.0
218.33974745406897,105.0,0.0
218.34786270768706,106.0,0.0
218.3598727160239,105.0,0.0
218.36110535689986,104.0,0.0
218.36985537993633,103.0,0.0
218.3699319712877,102.0,0.0
218.3941237912795,101.0,0.0
218.40079862652271,102.0,0.0
218.4017225274013,103.0,0.0
218.40880548549706,102.0,0.0
218.4093745016958,103.0,0.0
218.4111309791931,104.0,0.0
218.41830263772852,105.0,0.0
218.4183464188317,104.0,0.0
218.42601754416154,105.0,0.0
218.4348842335953,104.0,0.0
218.4351070018596,103.0,0.0
218.44642847582043,104.0,0.0
218.44692686358403,103.0,0.0
218.45687705028195,102.0,0.0
218.4587084790922,101.0,0.0
218.4608239146227,100.0,0.0
218.46931029427842,101.0,0.0
218.47228042060814,102.0,0.0
218.4795813254087,101.0,0.0
218.48336736035714,100.0,0.0
218.4960850871299,99.0,0.0
218.4996765777494,100.0,0.0
218.50096911048064,99.0,0.0
218.5031723613741,98.0,0.0
218.50903769105477,97.0,0.0
218.53044868571465,96.0,0.0
218.54887718639992,95.0,0.0
218.55187414556985,96.0,0.0
218.5568822499911,97.0,0.0
218.55897160956755,96.0,0.0
218.56367710365552,95.0,0.0
218.5694733882879,94.0,0.0
218.57643411041747,95.0,0.0
218.57973228997122,94.0,0.0
218.58027270437222,95.0,0.0
218.58131849475203,94.0,0.0
218.5875784433713,95.0,0.0
218.58795956742324,96.0,0.0
218.60034374142103,97.0,0.0
218.6021011266123,98.0,0.0
218.60439552897455,99.0,0.0
218.62968599473453,98.0,0.0
218.63413516837102,97.0,0.0
218.63913522886918,98.0,0.0
218.6402661805434,99.0,0.0
218.6448963127443,100.0,0.0
218.65146855098322,101.0,0.0
218.65247384371878,102.0,0.0
218.6557775848604,103.0,0.0
218.65688737362117,102.0,0.0
218.65745422573676,101.0,0.0
218.66003194203748,100.0,0.0
218.66215866498567,99.0,0.0
218.67899801945802,100.0,0.0
218.68414707394513,101.0,0.0
218.68537614167838,102.0,0.0
218.68990743025162,101.0,0.0
218.6931029694003,102.0,0.0
218.6932390553837,103.0,0.0
218.69334509579323,104.0,0.0
218.6976695540015,105.0,0.0
218.70986459816316,106.0,0.0
218.71332970185924,107.0,0.0
218.71929043753997,108.0,0.0
218.72378724382511,107.0,0.0
218.72534976003422,108.0,0.0
218.73271989193444,107.0,0.0
218.7332049302087,108.0,0.0
218.7340438139745,109.0,0.0
218.73566396684427,108.0,0.0
218.7387089328096,109.0,0.0
218.74339961158674,110.0,0.0
218.7508179846904,111.0,0.0
218.75121269419262,110.0,0.0
218.76296122449224,109.0,0.0
218.767941547953,110.0,0.0
218.76795969685438,111.0,0.0
218.77009599001545,112.0,0.0
218.7932652540792,113.0,0.0
218.7995830491372,112.0,0.0
218.80362990105377,111.0,0.0
218.80481373146858,110.0,0.0
218.8147074642033,111.0,0.0
218.82287718482917,110.0,0.0
218.82908116331083,109.0,0.0
218.84710773633384,108.0,0.0
218.84772916974964,107.0,0.0
218.8577868188133,108.0,0.0
218.8694543736702,109.0,0.0
218.87704779246036,110.0,0.0
218.88030006198048,109.0,0.0
218.88147589558366,110.0,0.0
218.88277513800654,111.0,0.0
218.8834036839207,112.0,0.0
218.88360651675666,111.0,0.0
218.8843967305663,112.0,0.0
218.8859096146502,111.0,0.0
218.88641246411768,110.0,0.0
218.9291714330634,111.0,0.0
218.93140714178682,112.0,0.0
218.9423967828644,113.0,0.0
218.9447550155156,114.0,0.0
218.9448894079401,113.0,0.0
218.95220314004675,114.0,0.0
218.95592317799512,115.0,0.0
218.95963988171107,114.0,0.0
218.96412211523784,115.0,0.0
218.96488545108525,114.0,0.0
218.96519574285531,115.0,0.0
218.96699847671445,116.0,0.0
218.97422812834736,117.0,0.0
218.97452739212088,118.0,0.0
218.9756695258151,119.0,0.0
218.979287436021,120.0,0.0
218.9876831705758,121.0,0.0
218.9912036907715,120.0,0.0
218.99313840787053,121.0,0.0
218.99673740392106,120.0,0.0
219.00085367274184,121.0,0.0
219.00231714031517,120.0,0.0
219.0111750975002,121.0,0.0
219.01688594623178,122.0,0.0
219.0192326631276,121.0,0.0
219.0206767718645,120.0,0.0
219.02386116811036,121.0,0.0
219.03574207294466,122.0,0.0
219.04119830631777,123.0,0.0
219.04492749756375,122.0,0.0
219.04851128126663,121.0,0.0
219.05031174566062,120.0,0.0
219.05120990777857,119.0,0.0
219.05349577009935,120.0,0.0
219.05374191032178,121.0,0.0
219.0610507963048,122.0,0.0
219.06119416548762,123.0,0.0
219.06559372962215,124.0,0.0
219.07123136508866,123.0,0.0
219.07522372884802,122.0,0.0
219.07853937183958,123.0,0.0
219.08395944543597,122.0,0.0
219.08679313812632,123.0,0.0
219.08905693716613,122.0,0.0
219.10738029918033,123.0,0.0
219.11603595451632,122.0,0.0
219.11724564679844,123.0,0.0
219.1315537328077,122.0,0.0
219.13372224567323,121.0,0.0
219.1341961431797,122.0,0.0
219.13550937498152,121.0,0.0
219.13726447028424,122.0,0.0
219.13772611180636,121.0,0.0
219.14402857334318,120.0,0.0
219.14486580202322,121.0,0.0
219.1521314400145,122.0,0.0
219.1540151976672,123.0,0.0
219.1548071722363,124.0,0.0
219.16878454142045,123.0,0.0
219.17075039696957,122.0,0.0
219.1732181364263,123.0,0.0
219.17474875654318,122.0,0.0
219.18068398826819,121.0,0.0
219.18153304896236,120.0,0.0
219.19551629600258,121.0,0.0
219.19678942326408,120.0,0.0
219.20528688674784,121.0,0.0
219.20595714991077,122.0,0.0
219.21210373893572,123.0,0.0
219.21473272706612,122.0,0.0
219.21847593786453,121.0,0.0
219.22117465931282,122.0,0.0
219.2374355280473,121.0,0.0
219.23888289452833,120.0,0.0
219.2460490418038,121.0,0.0
219.24979058624808,122.0,0.0
219.25075185657133,123.0,0.0
219.25888447746408,124.0,0.0
219.26218985644766,125.0,0.0
219.26673630779933,124.0,0.0
219.27841069335943,123.0,0.0
219.28889629212014,122.0,0.0
219.29331302296913,123.0,0.0
219.29940328522775,124.0,0.0
219.3005418210338,125.0,0.0
219.30054463615397,124.0,0.0
219.30989765818555,125.0,0.0
219.31225003598723,126.0,0.0
219.31513685701609,127.0,0.0
219.31932701599104,126.0,0.0
219.3240499409224,127.0,0.0
219.3262444905497,128.0,0.0
219.327937285354,129.0,0.0
219.33222596022173,128.0,0.0
219.33366581169113,129.0,0.0
219.36019358051865,128.0,0.0
219.36240201077936,129.0,0.0
219.36278341246538,130.0,0.0
219.37383282611782,129.0,0.0
219.37609983309994,130.0,0.0
219.3773296819229,129.0,0.0
219.3777055637347,128.0,0.0
219.3797827348805,129.0,0.0
219.38868284650377,130.0,0.0
219.39488084175494,129.0,0.0
219.40183201467994,128.0,0.0
219.41566058322658,127.0,0.0
219.4210339778702,126.0,0.0
219.42184205045015,127.0,0.0
219.42670130251304,128.0,0.0
219.42728553397572,129.0,0.0
219.43067047363206,128.0,0.0
219.43720864917682,129.0,0.0
219.4424837196063,128.0,0.0
219.44667318656056,129.0,0.0
219.44787719208145,128.0,0.0
219.4505486663696,129.0,0.0
219.45058275728445,130.0,0.0
219.4575777437604,131.0,0.0
219.46847990592775,132.0,0.0
219.47182204670358,133.0,0.0
219.4806978497121,132.0,0.0
219.48083951891937,133.0,0.0
219.4832609159703,134.0,0.0
219.4847313182655,135.0,0.0
219.48483144724477,134.0,0.0
219.49494419849887,133.0,0.0
219.49857093394115,134.0,0.0
219.51346338336404,135.0,0.0
219.51407125468853,136.0,0.0
219.53365733562364,137.0,0.0
219.53951950411107,138.0,0.0
219.5552175872643,137.0,0.0
219.55716721969628,136.0,0.0
219.5585694452336,135.0,0.0
219.56033305751816,136.0,0.0
219.57097356422335,135.0,0.0
219.576178637286,134.0,0.0
219.58427854688125,135.0,0.0
219.59038796472325,134.0,0.0
219.5966858373412,135.0,0.0
219.59910473060523,134.0,0.0
219.60616082151282,135.0,0.0
219.61118486569958,136.0,0.0
219.61622450753333,137.0,0.0
219.6193713240035,138.0,0.0
219.62127443675308,139.0,0.0
219.62195164678226,140.0,0.0
219.6241747326677,139.0,0.0
219.62587096621195,140.0,0.0
219.64652013848186,141.0,0.0
219.6503736948279,142.0,0.0
219.65152874371515,143.0,0.0
219.65883065993535,142.0,0.0
219.66718630990292,143.0,0.0
219.674971980024,144.0,0.0
219.67867126382683,145.0,0.0
219.68852326096348,146.0,0.0
219.69096852366462,145.0,0.0
219.6939519103802,146.0,0.0
219.69659902038936,147.0,0.0
219.70333429530976,148.0,0.0
219.7122437717178,147.0,0.0
219.71390506124106,148.0,0.0
219.71696328836427,149.0,0.0
219.72010125870807,148.0,0.0
219.72421366209844,147.0,0.0
219.73054793539455,146.0,0.0
219.74352711596364,147.0,0.0
219.75175912959372,148.0,0.0
219.7541596276361,149.0,0.0
219.78528175240228,150.0,0.0
219.79470242516018,151.0,0.0
219.79625409673318,152.0,0.0
219.8009277504239,151.0,0.0
219.80852173619834,152.0,0.0
219.8108574583514,153.0,0.0
219.81198948511036,154.0,0.0
219.8140293132197,153.0,0.0
219.81736747617654,154.0,0.0
219.8196313674612,153.0,0.0
219.81980453061524,152.0,0.0
219.82010383359287,151.0,0.0
219.8369556828977,152.0,0.0
219.839835789023,153.0,0.0
219.84656766382366,154.0,0.0
219.8469888716446,155.0,0.0
219.8501012119967,154.0,0.0
219.86403992315266,155.0,0.0
219.86526530565365,154.0,0.0
219.8718521030635,153.0,0.0
219.88226050764175,154.0,0.0
219.8845402939296,155.0,0.0
219.88751575386684,154.0,0.0
219.89551349361236,153.0,0.0
219.90129339833567,154.0,0.0
219.90441816096782,155.0,0.0
219.90796468261152,156.0,0.0
219.9164578098313,157.0,0.0
219.9216630354939,158.0,0.0
219.93662668284665,159.0,0.0
219.95188023670735,158.0,0.0
219.95980088286734,157.0,0.0
219.9682437582157,158.0,0.0
219.9830255249255,159.0,0.0
219.9908599975611,160.0,0.0
219.99953639243222,159.0,0.0
220.0110693317564,160.0,0.0
220.01862984810344,159.0,0.0
220.02712604231718,160.0,0.0
220.03213557005256,159.0,0.0
220.03592580462652,160.0,0.0
220.03636993875236,161.0,0.0
220.03868923763852,162.0,0.0
220.03985830433302,163.0,0.0
220.04010462999688,162.0,0.0
220.04739890666474,163.0,0.0
220.04889267264676,162.0,0.0
220.06058693837605,161.0,0.0
220.06645797032422,160.0,0.0
220.06750737739318,159.0,0.0
220.07040580802047,158.0,0.0
220.07118551027327,157.0,0.0
220.07392526921228,156.0,0.0
220.07905222822134,157.0,0.0
220.09625506809743,158.0,0.0
220.109544903516,157.0,0.0
220.1114876398195,158.0,0.0
220.1138710069603,159.0,0.0
220.11588959069888,158.0,0.0
220.11982219070197,157.0,0.0
220.12036265643513,158.0,0.0
220.12835401480598,157.0,0.0
220.1289207125961,158.0,0.0
220.1299598675526,157.0,0.0
220.13042597815678,158.0,0.0
220.13564159472293,159.0,0.0
220.15440906121648,160.0,0.0
220.15498835519728,161.0,0.0
220.15588453623053,162.0,0.0
220.15834415297934,163.0,0.0
220.1621373646003,162.0,0.0
220.16373137464328,163.0,0.0
220.17049782548474,164.0,0.0
220.17362894269053,165.0,0.0
220.17819655856962,166.0,0.0
220.18771492450824,167.0,0.0
220.19395842521786,168.0,0.0
220.19989114941455,167.0,0.0
220.20756126020405,168.0,0.0
220.21425668090885,167.0,0.0
220.21593854761085,168.0,0.0
220.22717826336526,167.0,0.0
220.22737630844682,168.0,0.0
220.22801831715287,169.0,0.0
220.23412456227928,170.0,0.0
220.23741575135904,169.0,0.0
220.24055447508664,170.0,0.0
220.24452187191326,171.0,0.0
220.2459041390498,172.0,0.0
220.24812019907955,171.0,0.0
220.24856316771476,170.0,0.0
220.2534960340772,171.0,0.0
220.26415427411757,170.0,0.0
220.26416713159674,171.0,0.0
220.27092400947646,172.0,0.0
220.2738837077849,171.0,0.0
220.27466250167808,170.0,0.0
220.2808411039246,171.0,0.0
220.28105406220038,172.0,0.0
220.2855363322051,173.0,0.0
220.28927788885755,172.0,0.0
220.29387446633814,171.0,0.0
220.29498663822562,170.0,0.0
220.29718873943122,171.0,0.0
220.29725532740224,172.0,0.0
220.29909417612132,171.0,0.0
220.3038282708717,172.0,0.0
220.30880680101322,173.0,0.0
220.311353771673,174.0,0.0
220.31216816268264,175.0,0.0
220.3125590078418,176.0,0.0
220.32146964532814,177.0,0.0
220.3252735636322,178.0,0.0
220.32772009501997,177.0,0.0
220.33186019581865,176.0,0.0
220.3352655992917,175.0,0.0
220.33700346237097,176.0,0.0
220.33723744714652,177.0,0.0
220.3384298413179,176.0,0.0
220.34077986532114,177.0,0.0
220.34345935647255,178.0,0.0
220.3443383265962,179.0,0.0
220.35173067214933,178.0,0.0
220.35317476964363,179.0,0.0
220.3534822940425,178.0,0.0
220.35867910834583,179.0,0.0
220.36265598050383,180.0,0.0
220.36346890246676,179.0,0.0
220.36434855941565,178.0,0.0
220.36979184770576,179.0,0.0
220.37685901563773,180.0,0.0
220.37742479036584,181.0,0.0
220.38034053787914,182.0,0.0
220.38344646774715,183.0,0.0
220.3925494900011,184.0,0.0
220.3926283983425,185.0,0.0
220.39316041768834,186.0,0.0
220.40077409761633,185.0,0.0
220.40562250453848,184.0,0.0
220.4096968512173,183.0,0.0
220.41440115539828,182.0,0.0
220.4151366646457,181.0,0.0
220.41679352902588,182.0,0.0
220.41720942766065,183.0,0.0
220.42166126596962,184.0,0.0
220.4218193172221,183.0,0.0
220.42279145133375,182.0,0.0
220.42502800141853,181.0,0.0
220.42683977420768,180.0,0.0
220.4283190992046,181.0,0.0
220.44017377456498,182.0,0.0
220.44251813405276,181.0,0.0
220.44382650957104,182.0,0.0
220.44664279615552,183.0,0.0
220.45202502090663,182.0,0.0
220.45433632203944,181.0,0.0
220.46576827658325,182.0,0.0
220.47008943024045,183.0,0.0
220.47128179427602,184.0,0.0
220.47317473149099,183.0,0.0
220.48160712909214,182.0,0.0
220.4820927879431,183.0,0.0
220.49493419225715,184.0,0.0
220.50018334819734,185.0,0.0
220.50082261750399,184.0,0.0
220.50551008958894,183.0,0.0
220.50975394058858,184.0,0.0
220.51360883877868,183.0,0.0
220.51480312208204,184.0,0.0
220.52717714394163,185.0,0.0
220.52852925986173,184.0,0.0
220.52995960483557,185.0,0.0
220.53128582869184,186.0,0.0
220.5319378229447,185.0,0.0
220.5328848458492,186.0,0.0
220.53409798714992,187.0,0.0
220.534905886544,186.0,0.0
220.53532745230672,185.0,0.0
220.53636484501914,186.0,0.0
220.54102157792943,185.0,0.0
220.54770432528346,186.0,0.0
220.54884183413503,187.0,0.0
220.54915740910536,188.0,0.0
220.5494444120089,189.0,0.0
220.55041862897357,190.0,0.0
220.55755436093455,191.0,0.0
220.5578142037585,190.0,0.0
220.56317510414883,191.0,0.0
220.56355782062587,190.0,0.0
220.56895703704794,189.0,0.0
220.57008033452973,190.0,0.0
220.5727497792067,189.0,0.0
220.57632256876792,188.0,0.0
220.57825971980373,189.0,0.0
220.57872028907,188.0,0.0
220.58204954366903,189.0,0.0
220.58343200711275,188.0,0.0
220.59146984813464,189.0,0.0
220.59317267113934,190.0,0.0
220.5959037320448,191.0,0.0
220.59842885880133,190.0,0.0
220.60076126518106,191.0,0.0
220.6079115146314,192.0,0.0
220.6177846836147,193.0,0.0
220.62662447334483,194.0,0.0
220.6415980344299,193.0,0.0
220.64197673510736,194.0,0.0
220.64697143917255,195.0,0.0
220.66197380815288,196.0,0.0
220.6623119062222,197.0,0.0
220.66276913685147,196.0,0.0
220.66476341412627,195.0,0.0
220.6687714669652,196.0,0.0
220.68558221162417,197.0,0.0
220.69238044942122,198.0,0.0
220.6959344548529,197.0,0.0
220.696385151083,196.0,0.0
220.7044313976249,197.0,0.0
220.70555422095913,198.0,0.0
220.7069155662426,199.0,0.0
220.71492047405303,200.0,0.0
220.72235770977542,199.0,0.0
220.72406640857187,200.0,0.0
220.73071611129598,201.0,0.0
220.73149409383075,200.0,0.0
220.7436590834501,199.0,0.0
220.74786104164113,200.0,0.0
220.75613835509864,201.0,0.0
220.75706472844672,202.0,0.0
220.764083013386,201.0,0.0
220.7807856465313,202.0,0.0
220.7988241628501,203.0,0.0
220.79979561019232,204.0,0.0
220.80077455394579,203.0,0.0
220.80315432394275,202.0,0.0
220.80351943314383,203.0,0.0
220.8035450232325,202.0,0.0
220.8061781159732,201.0,0.0
220.8085622073406,200.0,0.0
220.82029371506476,199.0,0.0
220.8204633261505,198.0,0.0
220.82496935461074,197.0,0.0
220.82691123297334,198.0,0.0
220.82842765021348,199.0,0.0
220.8284553989335,198.0,0.0
220.83290077735072,197.0,0.0
220.83979329996856,198.0,0.0
220.8448906520278,197.0,0.0
220.85521623793417,198.0,0.0
220.85680811668058,197.0,0.0
220.86310453398445,196.0,0.0
220.86797963294822,197.0,0.0
220.8720530925244,196.0,0.0
220.87276663230185,195.0,0.0
220.8730732027135,196.0,0.0
220.8751124988168,197.0,0.0
220.87805495483315,198.0,0.0
220.8786996225005,199.0,0.0
220.87934765136174,198.0,0.0
220.88616169655458,197.0,0.0
220.88823509509905,198.0,0.0
220.89399589401668,199.0,0.0
220.89535141765185,200.0,0.0
220.89576277627475,201.0,0.0
220.90438413504864,202.0,0.0
220.90597059185424,201.0,0.0
220.91513003922165,202.0,0.0
220.93439600395902,203.0,0.0
220.93576470070215,204.0,0.0
220.93648543996875,203.0,0.0
220.94194136726378,204.0,0.0
220.9473547631259,205.0,0.0
220.95206230533535,206.0,0.0
220.95582299729824,205.0,0.0
220.9589732073536,204.0,0.0
220.9598701152489,203.0,0.0
220.96660443588493,204.0,0.0
220.96983044748492,205.0,0.0
220.97440134545022,206.0,0.0
220.98871506968132,205.0,0.0
220.99046624324436,206.0,0.0
220.9983740574777,205.0,0.0
221.00109679001412,204.0,0.0
221.00127270487076,203.0,0.0
221.00298545059914,202.0,0.0
221.00458290092735,201.0,0.0
221.00520122915765,200.0,0.0
221.0105830120876,199.0,0.0
221.01369209033865,200.0,0.0
221.01424749066658,199.0,0.0
221.01997218813153,200.0,0.0
221.03450027088587,201.0,0.0
221.03639538167806,202.0,0.0
221.04343829876095,201.0,0.0
221.04569769443637,200.0,0.0
221.04831303881022,199.0,0.0
221.05192328802082,200.0,0.0
221.0530092119082,199.0,0.0
221.08007947978984,198.0,0.0
221.08206901378608,197.0,0.0
221.08282399123385,196.0,0.0
221.08867256491476,195.0,0.0
221.09178145221387,196.0,0.0
221.10378782345214,197.0,0.0
221.1042841381187,198.0,0.0
221.11184203574783,199.0,0.0
221.11305761603066,200.0,0.0
221.1161141483121,201.0,0.0
221.1180766420736,202.0,0.0
221.12908949335912,203.0,0.0
221.12966095237928,202.0,0.0
221.13413613910458,201.0,0.0
221.13478428127303,202.0,0.0
221.14511774858028,203.0,0.0
221.15227779935455,202.0,0.0
221.15508505404785,201.0,0.0
221.15868506477787,200.0,0.0
221.1603999440151,201.0,0.0
221.16570187236968,202.0,0.0
221.16606562918088,201.0,0.0
221.171803934716,200.0,0.0
221.17337776650882,199.0,0.0
221.17985567180895,200.0,0.0
221.18345182653576,199.0,0.0
221.19342138528125,198.0,0.0
221.19613324884963,199.0,0.0
221.20045288074542,200.0,0.0
221.20555697874724,201.0,0.0
221.2163450482357,200.0,0.0
221.21994106231028,201.0,0.0
221.22102083544067,200.0,0.0
221.2241930978905,201.0,0.0
221.22771969005169,202.0,0.0
221.22957271325757,203.0,0.0
221.22981289502388,204.0,0.0
221.23355926624845,203.0,0.0
221.2336165403293,204.0,0.0
221.23441551654128,203.0,0.0
221.23621731300227,204.0,0.0
221.2474395433588,203.0,0.0
221.25207631046442,204.0,0.0
221.25312497377493,205.0,0.0
221.26038510370637,206.0,0.0
221.27390842376022,205.0,0.0
221.28240868024835,204.0,0.0
221.28371090354477,205.0,0.0
221.28740413218586,206.0,0.0
221.30154492926917,207.0,0.0
221.3033774073435,208.0,0.0
221.3034785400061,209.0,0.0
221.30820929753594,208.0,0.0
221.31882257875418,207.0,0.0
221.33431480231872,206.0,0.0
221.34578946508225,205.0,0.0
221.36029301981566,204.0,0.0
221.36166447216593,203.0,0.0
221.36204679590898,202.0,0.0
221.36412752218658,203.0,0.0
221.3662485453314,204.0,0.0
221.3748942944682,205.0,0.0
221.3868432188363,206.0,0.0
221.39441622547284,205.0,0.0
221.40856933270547,206.0,0.0
221.413727740891,207.0,0.0
221.41702797780405,208.0,0.0
221.41903762124693,207.0,0.0
221.4203969922682,206.0,0.0
221.42124956597766,205.0,0.0
221.42199960361071,204.0,0.0
221.4222571445531,205.0,0.0
221.43252703526653,206.0,0.0
221.4356810500613,207.0,0.0
221.44658494839763,208.0,0.0
221.45456961829996,209.0,0.0
221.45710588040606,210.0,0.0
221.46889509624526,211.0,0.0
221.4746003718235,210.0,0.0
221.47633443155325,209.0,0.0
221.4838920123177,208.0,0.0
221.48415339946223,209.0,0.0
221.4849233581637,210.0,0.0
221.48631604893455,211.0,0.0
221.4884089832343,212.0,0.0
221.49941145722494,213.0,0.0
221.5059088032363,214.0,0.0
221.50990004854864,215.0,0.0
221.51803092749975,216.0,0.0
221.5211290020524,215.0,0.0
221.5219852222016,214.0,0.0
221.52916475255162,213.0,0.0
221.53247796346497,212.0,0.0
221.53250470842252,213.0,0.0
221.54161145291405,212.0,0.0
221.5439925863997,211.0,0.0
221.54463906833365,212.0,0.0
221.5453520560038,211.0,0.0
221.54727461112128,210.0,0.0
221.57138611121258,211.0,0.0
221.57208498886376,212.0,0.0
221.5754985620886,211.0,0.0
221.57715652592583,212.0,0.0
221.58263741754993,211.0,0.0
221.58544612933196,210.0,0.0
221.58631595926485,209.0,0.0
221.6068045349589,210.0,0.0
221.6071158323443,211.0,0.0
221.6312127876913,212.0,0.0
221.63157344809517,213.0,0.0
221.63454453717011,212.0,0.0
221.6543343232494,213.0,0.0
221.6626332453312,212.0,0.0
221.6717120604401,211.0,0.0
221.6757152475667,210.0,0.0
221.67792565690092,209.0,0.0
221.67894018232508,208.0,0.0
221.68103695345295,207.0,0.0
221.68975697886074,208.0,0.0
221.69108190134932,209.0,0.0
221.6913638371474,210.0,0.0
221.6981290603377,209.0,0.0
221.6989133257076,210.0,0.0
221.70210965073085,209.0,0.0
221.70491216205573,210.0,0.0
221.70554919904941,209.0,0.0
221.7111992584593,208.0,0.0
221.71165263445607,207.0,0.0
221.72230989805936,206.0,0.0
221.72359471697254,205.0,0.0
221.72364051116267,206.0,0.0
221.72391540108646,207.0,0.0
221.7304808137158,208.0,0.0
221.73425948940738,207.0,0.0
221.74040253789275,206.0,0.0
221.7539282949567,205.0,0.0
221.75613465102197,204.0,0.0
221.7572999154056,203.0,0.0
221.7602897697716,202.0,0.0
221.76116311781874,201.0,0.0
221.7707000620253,200.0,0.0
221.77151086608083,201.0,0.0
221.77544936951594,200.0,0.0
221.7804160721473,199.0,0.0
221.78068370868075,200.0,0.0
221.78312544515413,199.0,0.0
221.788468653088,200.0,0.0
221.7894921833363,199.0,0.0
221.79466489118133,200.0,0.0
221.79793695370236,199.0,0.0
221.80073982267558,198.0,0.0
221.80217931276795,197.0,0.0
221.80688871700707,198.0,0.0
221.81421661349714,199.0,0.0
221.8178870929118,200.0,0.0
221.82604066380364,199.0,0.0
221.82939741176114,200.0,0.0
221.83254137085666,201.0,0.0
221.83419079695432,202.0,0.0
221.83633172954893,201.0,0.0
221.83929736085054,200.0,0.0
221.84283733973453,199.0,0.0
221.84420880461136,200.0,0.0
221.84658915440642,199.0,0.0
221.85001545152755,200.0,0.0
221.85323301287585,199.0,0.0
221.85843109515375,198.0,0.0
221.8608975499257,199.0,0.0
221.86288544192882,200.0,0.0
221.86391685604815,201.0,0.0
221.86953380994672,200.0,0.0
221.8799973656583,199.0,0.0
221.89013002634044,200.0,0.0
221.89025713416686,199.0,0.0
221.90160985160918,198.0,0.0
221.90937155304348,199.0,0.0
221.9132843879431,200.0,0.0
221.91970329526228,199.0,0.0
221.93114907029963,198.0,0.0
221.93320939455037,199.0,0.0
221.9392072389441,200.0,0.0
221.9434526152885,199.0,0.0
221.94563944004668,198.0,0.0
221.9537253658519,197.0,0.0
221.96668242071848,196.0,0.0
221.9671127659958,197.0,0.0
221.97127353475386,196.0,0.0
221.97780817586562,197.0,0.0
221.9796377097895,196.0,0.0
221.9914053430818,197.0,0.0
221.9918603426583,196.0,0.0
221.99750672668432,195.0,0.0
222.0018857944683,194.0,0.0
222.01545317727803,193.0,0.0
222.01851046357726,192.0,0.0
222.0236406767174,191.0,0.0
222.03873145161327,192.0,0.0
222.04976639360052,191.0,0.0
222.0572559954788,192.0,0.0
222.0573153392742,191.0,0.0
222.0607216794479,192.0,0.0
222.06149831899148,191.0,0.0
222.06934109994256,190.0,0.0
222.06995635810938,191.0,0.0
222.0710555964726,190.0,0.0
222.073439357518,189.0,0.0
222.07505618657763,190.0,0.0
222.07743702293078,191.0,0.0
222.07937475343792,190.0,0.0
222.09267783771847,191.0,0.0
222.09367761524484,190.0,0.0
222.09514104438287,189.0,0.0
222.09905203752314,188.0,0.0
222.10273493302307,187.0,0.0
222.1114386334343,188.0,0.0
222.1120125870224,187.0,0.0
222.1120832012311,188.0,0.0
222.11674541907956,189.0,0.0
222.1246743670347,190.0,0.0
222.13043021406975,191.0,0.0
222.13417250717316,192.0,0.0
222.14004747999854,191.0,0.0
222.14338029115328,192.0,0.0
222.1435921439757,193.0,0.0
222.14487532054,194.0,0.0
222.14951952835577,193.0,0.0
222.15188958050805,194.0,0.0
222.1569760072469,195.0,0.0
222.16094420592717,196.0,0.0
222.16837118233494,195.0,0.0
222.1686710791432,196.0,0.0
222.1736277561612,197.0,0.0
222.1755401287688,198.0,0.0
222.1780424165454,197.0,0.0
222.19689680040094,196.0,0.0
222.20209523601724,197.0,0.0
222.20256084275957,196.0,0.0
222.21116480730865,195.0,0.0
222.22139409395814,194.0,0.0
222.22506763885508,193.0,0.0
222.2304825844423,194.0,0.0
222.23898744876703,193.0,0.0
222.2420381070231,194.0,0.0
222.24509292150623,193.0,0.0
222.24598540728235,192.0,0.0
222.24912762612357,193.0,0.0
222.25436174229668,192.0,0.0
222.25666860560682,191.0,0.0
222.2598652503736,190.0,0.0
222.2613133750235,191.0,0.0
222.26170074181906,190.0,0.0
222.26262048220192,189.0,0.0
222.26614083728552,188.0,0.0
222.2950038368982,189.0,0.0
222.3031085751713,188.0,0.0
222.31109170479635,189.0,0.0
222.31228624082283,188.0,0.0
222.32183195694031,189.0,0.0
222.3230330783329,188.0,0.0
222.3500992724585,189.0,0.0
222.35194945990935,188.0,0.0
222.35697236830643,189.0,0.0
222.3597832648949,188.0,0.0
222.3686933060556,189.0,0.0
222.36891017054438,190.0,0.0
222.3710505843097,189.0,0.0
222.37199012289875,188.0,0.0
222.373229361092,187.0,0.0
222.3759585726874,188.0,0.0
222.37950107704876,189.0,0.0
222.38348988674431,188.0,0.0
222.3928972303113,187.0,0.0
222.3996169476672,188.0,0.0
222.4021966108214,187.0,0.0
222.40761166019308,186.0,0.0
222.41327845511415,185.0,0.0
222.41337934239021,184.0,0.0
222.41544425228253,183.0,0.0
222.415471673204,184.0,0.0
222.42778023924092,183.0,0.0
222.42835331400175,184.0,0.0
222.4307328386175,185.0,0.0
222.43819313094565,184.0,0.0
222.44678478114977,185.0,0.0
222.44895803459679,186.0,0.0
222.44985046158507,185.0,0.0
222.46359107503656,186.0,0.0
222.4723249979117,187.0,0.0
222.47744931013494,188.0,0.0
222.4836178446495,189.0,0.0
222.50999851126906,188.0,0.0
222.5111586800429,187.0,0.0
222.51472183530373,186.0,0.0
222.53055549078613,185.0,0.0
222.5555253824842,186.0,0.0
222.56053942195908,187.0,0.0
222.57976231561506,186.0,0.0
222.60774432328304,185.0,0.0
222.6083324140244,184.0,0.0
222.6089512722491,183.0,0.0
222.62075325630641,182.0,0.0
222.62694476228188,181.0,0.0
222.6295613731869,182.0,0.0
222.63197273362513,181.0,0.0
222.63451147759682,180.0,0.0
222.63841356918851,179.0,0.0
222.65034485056253,180.0,0.0
222.6505976246108,179.0,0.0
222.65256976172648,178.0,0.0
222.68052368711113,177.0,0.0
222.68062812850525,178.0,0.0
222.68295046725697,179.0,0.0
222.69536589747202,178.0,0.0
222.70522611712263,179.0,0.0
222.7077233342317,180.0,0.0
222.7162964411911,179.0,0.0
222.72436175555907,178.0,0.0
222.72607055885268,177.0,0.0
222.72638322307395,176.0,0.0
222.73884015757366,177.0,0.0
222.74093837715398,176.0,0.0
222.74436687794028,175.0,0.0
222.74939152576164,176.0,0.0
222.75634008886382,177.0,0.0
222.75792175393892,176.0,0.0
222.7587130111272,177.0,0.0
222.77006159433856,176.0,0.0
222.77466858452604,177.0,0.0
222.77721914709505,178.0,0.0
222.78107170803065,177.0,0.0
222.78924568395618,176.0,0.0
222.79383699516333,175.0,0.0
222.79435773049397,176.0,0.0
222.80069641919857,177.0,0.0
222.80219337760502,178.0,0.0
222.8054234578268,177.0,0.0
222.8054602453205,176.0,0.0
222.80649820666096,175.0,0.0
222.8107122777912,176.0,0.0
222.81170453037302,177.0,0.0
222.81185374383986,178.0,0.0
222.81884436970134,177.0,0.0
222.82380496566472,176.0,0.0
222.8270944733135,175.0,0.0
222.82780082588013,174.0,0.0
222.84667173221274,175.0,0.0
222.8703860988409,176.0,0.0
222.87412248490477,175.0,0.0
222.87567974621982,176.0,0.0
222.88081566653733,177.0,0.0
222.8909593460353,178.0,0.0
222.90636587876162,179.0,0.0
222.90933329020837,178.0,0.0
222.9177475027422,177.0,0.0
222.93145259867535,176.0,0.0
222.9460942788801,175.0,0.0
222.9564543721439,174.0,0.0
222.96259167294397,173.0,0.0
222.96597510534744,172.0,0.0
222.97224271402067,171.0,0.0
222.97682988041186,172.0,0.0
222.9882124947759,171.0,0.0
222.99235574998212,172.0,0.0
222.99555701891228,173.0,0.0
222.99610941763686,172.0,0.0
222.99615178307394,171.0,0.0
223.01913810060742,170.0,0.0
223.02208405248825,171.0,0.0
223.03963074461035,172.0,0.0
223.0460010795136,171.0,0.0
223.0490545925307,170.0,0.0
223.0558630403715,169.0,0.0
223.05953835724793,168.0,0.0
223.0647862255611,169.0,0.0
223.06573272140432,168.0,0.0
223.0703234010735,169.0,0.0
223.07483218447916,168.0,0.0
223.07508801255855,169.0,0.0
223.084744759248,168.0,0.0
223.0861994795651,167.0,0.0
223.09653681129726,168.0,0.0
223.11714806127856,167.0,0.0
223.1257436818353,168.0,0.0
223.12770938532762,169.0,0.0
223.12779632610008,170.0,0.0
223.13530237142203,169.0,0.0
223.1400093679257,168.0,0.0
223.1428774484982,169.0,0.0
223.15491105767518,168.0,0.0
223.1635430027242,167.0,0.0
223.16429535990545,168.0,0.0
223.16792118311636,167.0,0.0
223.17072059102009,166.0,0.0
223.1770975635229,167.0,0.0
223.1772070537155,166.0,0.0
223.17776544220098,165.0,0.0
223.1790702202975,166.0,0.0
223.17975867890743,165.0,0.0
223.1898542185357,166.0,0.0
223.19189310176313,167.0,0.0
223.19283137489725,168.0,0.0
223.19465417289848,167.0,0.0
223.1965597829827,168.0,0.0
223.20151771614968,169.0,0.0
223.20210992592908,170.0,0.0
223.2021418907844,169.0,0.0
223.20731559568642,170.0,0.0
223.21539251573301,169.0,0.0
223.22165077430725,168.0,0.0
223.22171298814445,169.0,0.0
223.23277181692802,170.0,0.0
223.23402879372242,169.0,0.0
223.23644449780664,170.0,0.0
223.2436973876424,171.0,0.0
223.2470585918042,170.0,0.0
223.25394522560202,169.0,0.0
223.253956449218,168.0,0.0
223.25796958123414,169.0,0.0
223.26125735973227,168.0,0.0
223.26695959144837,167.0,0.0
223.27663465513137,168.0,0.0
223.2778899168894,167.0,0.0
223.28529322065694,166.0,0.0
223.28974106674508,165.0,0.0
223.2944999967077,164.0,0.0
223.29869367506976,163.0,0.0
223.3006283465958,162.0,0.0
223.3182613949006,161.0,0.0
223.32751890963462,160.0,0.0
223.3365562810274,161.0,0.0
223.35370758106973,162.0,0.0
223.35428690992913,161.0,0.0
223.35993792075524,160.0,0.0
223.36390978345787,161.0,0.0
223.3699865447591,160.0,0.0
223.37788789379735,159.0,0.0
223.38100014899925,160.0,0.0
223.38258915280636,159.0,0.0
223.383678943887,158.0,0.0
223.39902739559707,157.0,0.0
223.41318071746684,156.0,0.0
223.41798399381685,155.0,0.0
223.42055519100208,154.0,0.0
223.4268933116861,155.0,0.0
223.43127981303033,154.0,0.0
223.43145334506795,155.0,0.0
223.43784403480603,154.0,0.0
223.45304442751493,153.0,0.0
223.453312000736,154.0,0.0
223.45472482489947,153.0,0.0
223.45579566968135,154.0,0.0
223.45795384853793,153.0,0.0
223.4600326979199,154.0,0.0
223.46304266921436,155.0,0.0
223.47676437749575,156.0,0.0
223.48071055833316,157.0,0.0
223.48157743491103,156.0,0.0
223.4839068366857,155.0,0.0
223.4900056636504,156.0,0.0
223.49568042915675,155.0,0.0
223.4957730603871,154.0,0.0
223.4958816624766,153.0,0.0
223.50178700985435,152.0,0.0
223.5181805553883,151.0,0.0
223.5192910817466,150.0,0.0
223.53341632018294,149.0,0.0
223.54262862051104,150.0,0.0
223.55032695525168,149.0,0.0
223.5508717876232,150.0,0.0
223.5727210106366,151.0,0.0
223.57906314530112,150.0,0.0
223.58038625698885,151.0,0.0
223.58854701973695,150.0,0.0
223.5928331395255,149.0,0.0
223.59396027052242,148.0,0.0
223.60960314344482,149.0,0.0
223.61041152166302,148.0,0.0
223.61135938685567,149.0,0.0
223.61195709530742,150.0,0.0
223.61580567543493,151.0,0.0
223.61920013659136,150.0,0.0
223.62428052008812,151.0,0.0
223.630556818044,152.0,0.0
223.63140498967653,151.0,0.0
223.63827601430745,152.0,0.0
223.6561882501033,151.0,0.0
223.66268270847402,152.0,0.0
223.66810817308084,153.0,0.0
223.67716119400276,152.0,0.0
223.67780042640425,151.0,0.0
223.6781954174137,150.0,0.0
223.6805650691473,149.0,0.0
223.6810177807827,150.0,0.0
223.6906070677078,151.0,0.0
223.69945213681518,150.0,0.0
223.6995786591308,151.0,0.0
223.70922871522544,150.0,0.0
223.71075740715742,151.0,0.0
223.71185715068745,150.0,0.0
223.73267509065997,149.0,0.0
223.7396807446283,150.0,0.0
223.7411328818331,151.0,0.0
223.74507394939326,152.0,0.0
223.7466933876208,151.0,0.0
223.74690755831676,150.0,0.0
223.75229351913114,151.0,0.0
223.7524430102081,150.0,0.0
223.75659145927594,149.0,0.0
223.76283090157003,148.0,0.0
223.76723175951196,147.0,0.0
223.77250493287232,146.0,0.0
223.77729379843856,145.0,0.0
223.7861943446788,146.0,0.0
223.78650804812963,145.0,0.0
223.80355911209645,144.0,0.0
223.80891218927584,143.0,0.0
223.81483210128616,142.0,0.0
223.81947843673436,143.0,0.0
223.81969280263723,144.0,0.0
223.82105015853332,143.0,0.0
223.82539850874736,142.0,0.0
223.82688151905103,143.0,0.0
223.82899967847396,144.0,0.0
223.83885491615627,143.0,0.0
223.8470552104101,144.0,0.0
223.8552036631288,145.0,0.0
223.86712452526942,144.0,0.0
223.87981326056308,143.0,0.0
223.89682366298206,142.0,0.0
223.89901815245796,141.0,0.0
223.89927376204298,142.0,0.0
223.8994381175888,141.0,0.0
223.9087883798531,140.0,0.0
223.91415920644062,141.0,0.0
223.91590836822914,140.0,0.0
223.92293322426528,139.0,0.0
223.92963451230386,138.0,0.0
223.9381280002341,137.0,0.0
223.94448300210703,136.0,0.0
223.94458605312107,135.0,0.0
223.9453235977534,134.0,0.0
223.95371470200135,133.0,0.0
223.9552726327597,134.0,0.0
223.9620882990401,133.0,0.0
223.97301098574198,134.0,0.0
223.98597580179313,133.0,0.0
223.99364410427353,132.0,0.0
223.99514715446418,133.0,0.0
223.99775835285087,134.0,0.0
224.00071376302955,133.0,0.0
224.00990665297547,134.0,0.0
224.01411944689252,133.0,0.0
224.0284387299886,134.0,0.0
224.03101494941922,135.0,0.0
224.03294676036057,136.0,0.0
224.0456716674768,135.0,0.0
224.04835492059732,136.0,0.0
224.04996760057585,137.0,0.0
224.0560962049891,138.0,0.0
224.07028969930622,137.0,0.0
224.0753259919024,136.0,0.0
224.07875806760023,135.0,0.0
224.08498439286012,134.0,0.0
224.08832658123023,133.0,0.0
224.08934266333853,132.0,0.0
224.0942435673234,131.0,0.0
224.0983302333642,132.0,0.0
224.1007722367208,131.0,0.0
224.10105642110332,132.0,0.0
224.1107091007762,131.0,0.0
224.11377882528905,130.0,0.0
224.11509176528642,129.0,0.0
224.13023729341526,130.0,0.0
224.13589961162745,131.0,0.0
224.14063877594091,130.0,0.0
224.14146153049063,129.0,0.0
224.1453001530627,128.0,0.0
224.1532336061878,127.0,0.0
224.15352323189748,126.0,0.0
224.15861404187774,127.0,0.0
224.16357406699896,126.0,0.0
224.17185213593578,125.0,0.0
224.17955447872583,126.0,0.0
224.1857854560438,127.0,0.0
224.19031553730096,126.0,0.0
224.19823408604194,127.0,0.0
224.199001142708,126.0,0.0
224.20226971991377,127.0,0.0
224.20257106039955,128.0,0.0
224.20591492704773,129.0,0.0
224.2261751962588,128.0,0.0
224.23737143268232,127.0,0.0
224.2384451347565,126.0,0.0
224.24693098619923,125.0,0.0
224.2472586399171,126.0,0.0
224.25088804574702,127.0,0.0
224.26101930870382,128.0,0.0
224.2626039123228,129.0,0.0
224.2653894585979,128.0,0.0
224.2663250856929,127.0,0.0
224.28053553379584,126.0,0.0
224.28200723342573,127.0,0.0
224.2924718845079,128.0,0.0
224.29259042387474,127.0,0.0
224.30533391118968,128.0,0.0
224.30993283458517,127.0,0.0
224.31114206467535,126.0,0.0
224.31364330444254,127.0,0.0
224.31676594645725,126.0,0.0
224.33038057263232,127.0,0.0
224.33139610426693,128.0,0.0
224.3314445259824,129.0,0.0
224.3318799483415,128.0,0.0
224.33219363960413,127.0,0.0
224.33369115132624,126.0,0.0
224.34482445032262,125.0,0.0
224.349627290499,124.0,0.0
224.3519979756776,123.0,0.0
224.3662986022764,122.0,0.0
224.37042479841307,121.0,0.0
224.37236977094085,122.0,0.0
224.37263184828615,121.0,0.0
224.3842022303653,122.0,0.0
224.38954386189582,121.0,0.0
224.39343392785057,120.0,0.0
224.4038180240387,121.0,0.0
224.4044086024656,120.0,0.0
224.40611025497918,119.0,0.0
224.43122578240707,118.0,0.0
224.4314860985783,117.0,0.0
224.43228705468633,118.0,0.0
224.45371724783058,117.0,0.0
224.45472337587373,116.0,0.0
224.45615596630972,117.0,0.0
224.45740112128317,118.0,0.0
224.4580767887837,117.0,0.0
224.47559118410615,116.0,0.0
224.48377457045802,117.0,0.0
224.48743029562056,116.0,0.0
224.49321413824524,115.0,0.0
224.49717806137735,116.0,0.0
224.50500468186632,117.0,0.0
224.51802261697762,116.0,0.0
224.5306673616493,115.0,0.0
224.54451058545706,114.0,0.0
224.5494637391169,113.0,0.0
224.55769126991524,112.0,0.0
224.5580205675672,113.0,0.0
224.5593286063366,114.0,0.0
224.56353615343667,113.0,0.0
224.5694934551624,112.0,0.0
224.5709067600872,113.0,0.0
224.5768485232547,112.0,0.0
224.64132180415112,111.0,0.0
224.64642210923594,112.0,0.0
224.64778070138098,113.0,0.0
224.66084191290838,112.0,0.0
224.66964284317382,111.0,0.0
224.71500179172594,110.0,0.0
224.7366510935885,109.0,0.0
224.74144933626383,108.0,0.0
224.7503442016479,109.0,0.0
224.7522787693388,110.0,0.0
224.75361512295987,109.0,0.0
224.75372180329612,108.0,0.0
224.75724835138686,107.0,0.0
224.78768992187324,106.0,0.0
224.79195357100554,105.0,0.0
224.80728637133285,104.0,0.0
224.810577041988,103.0,0.0
224.81146497560275,102.0,0.0
224.81223588791403,101.0,0.0
224.8262489532901,102.0,0.0
224.8321142364474,103.0,0.0
224.83666588137066,104.0,0.0
224.84141767103813,103.0,0.0
224.8436073617907,102.0,0.0
224.85363709222636,101.0,0.0
224.8554551097336,100.0,0.0
224.86746207687702,101.0,0.0
224.8683493526243,100.0,0.0
224.87699715869647,99.0,0.0
224.89836357225312,100.0,0.0
224.90056490211188,99.0,0.0
224.9162921839308,98.0,0.0
224.9252671524672,99.0,0.0
224.92886690734,98.0,0.0
224.94286659084983,99.0,0.0
224.96404811651948,98.0,0.0
224.97362340737402,97.0,0.0
224.97590904143445,96.0,0.0
224.98992222802596,95.0,0.0
224.99605597537325,94.0,0.0
225.00392229765097,93.0,0.0
225.0092477789583,92.0,0.0
225.01960458922562,91.0,0.0
225.07778740313225,90.0,0.0
225.08872729015812,89.0,0.0
225.09330478492245,88.0,0.0
225.10069156037414,87.0,0.0
225.11313706747288,86.0,0.0
225.1242887163393,85.0,0.0
225.1262545077703,84.0,0.0
225.13011645963627,85.0,0.0
225.14323697655252,86.0,0.0
225.160393661659,85.0,0.0
225.16428756857988,84.0,0.0
225.1771176469217,83.0,0.0
225.18241471944813,82.0,0.0
225.20070677822585,81.0,0.0
225.20764401811772,80.0,0.0
225.21839128240094,81.0,0.0
225.22115019476666,82.0,0.0
225.23390311901238,81.0,0.0
225.25146432886834,80.0,0.0
225.26031528357933,79.0,0.0
225.27735328204002,78.0,0.0
225.28142863376104,79.0,0.0
225.30379131936652,80.0,0.0
225.3091049894323,79.0,0.0
225.31416716485907,78.0,0.0
225.3253669780917,77.0,0.0
225.3396326940777,76.0,0.0
225.34228513278532,75.0,0.0
225.3550256861595,76.0,0.0
225.35705500005963,75.0,0.0
225.36731799367902,74.0,0.0
225.37057538045912,75.0,0.0
225.3712458866636,74.0,0.0
225.3743192268195,73.0,0.0
225.38106529551425,72.0,0.0
225.3856980273998,71.0,0.0
225.39470342812743,72.0,0.0
225.4003831846097,71.0,0.0
225.40597092554938,70.0,0.0
225.41239253226232,69.0,0.0
225.4167246223418,68.0,0.0
225.42294669512592,67.0,0.0
225.43250439035023,66.0,0.0
225.4335136535873,65.0,0.0
225.44595587577956,66.0,0.0
225.4477321688715,67.0,0.0
225.45426794934426,66.0,0.0
225.45627884510483,67.0,0.0
225.47089469376178,66.0,0.0
225.47353401606856,67.0,0.0
225.47487331731907,66.0,0.0
225.4823455907852,65.0,0.0
225.48318159092167,66.0,0.0
225.49733721288666,65.0,0.0
225.5074591226332,64.0,0.0
225.51434180562975,65.0,0.0
225.53227740188734,64.0,0.0
225.53289352650089,63.0,0.0
225.54340127115017,64.0,0.0
225.5439706421476,63.0,0.0
225.5557973286566,62.0,0.0
225.55744290479709,61.0,0.0
225.56320923843717,62.0,0.0
225.5657334652996,61.0,0.0
225.56904934742303,62.0,0.0
225.576666013707,63.0,0.0
225.57980573462456,64.0,0.0
225.59025666860683,65.0,0.0
225.59630347452034,64.0,0.0
225.60267301265614,65.0,0.0
225.60365937929961,64.0,0.0
225.61121077860304,63.0,0.0
225.62182830415207,62.0,0.0
225.6219277571834,61.0,0.0
225.62900733191074,62.0,0.0
225.63478321900726,61.0,0.0
225.6368437894064,62.0,0.0
225.6397355626152,61.0,0.0
225.65223382999633,60.0,0.0
225.6583434927971,59.0,0.0
225.65912773636052,60.0,0.0
225.66427425606494,61.0,0.0
225.67278001688416,60.0,0.0
225.67564991048533,59.0,0.0
225.6817783535032,60.0,0.0
225.69221112667663,59.0,0.0
225.70120448632002,60.0,0.0
225.70397156327655,59.0,0.0
225.70737265617316,58.0,0.0
225.7092307873744,57.0,0.0
225.71146654185358,56.0,0.0
225.7168934956196,55.0,0.0
225.72213560781526,54.0,0.0
225.72632420575835,53.0,0.0
225.73687381631424,52.0,0.0
225.74648540033667,51.0,0.0
225.75202523138606,52.0,0.0
225.75536653143718,51.0,0.0
225.76024820480166,52.0,0.0
225.7605574003265,53.0,0.0
225.76505264127468,52.0,0.0
225.78093119100947,51.0,0.0
225.8029650526965,52.0,0.0
225.82053652734965,53.0,0.0
225.83703417039976,52.0,0.0
225.84466637415716,51.0,0.0
225.8596907502402,50.0,0.0
225.87430163157418,51.0,0.0
225.8752567643124,50.0,0.0
225.87682681765324,49.0,0.0
225.87948077537627,48.0,0.0
225.89503190208683,47.0,0.0
225.8968360751369,46.0,0.0
225.90048167806074,45.0,0.0
225.9185399851921,44.0,0.0
225.9279169295011,43.0,0.0
225.9381832417745,44.0,0.0
225.94449196886436,43.0,0.0
225.95407098604807,42.0,0.0
225.9686667078482,41.0,0.0
225.97002393842294,40.0,0.0
225.9807880307148,39.0,0.0
225.9911735303227,38.0,0.0
225.99462732362164,37.0,0.0
226.00301596440167,36.0,0.0
226.02384219590476,37.0,0.0
226.044422302825,38.0,0.0
226.04911740537074,37.0,0.0
226.06805294342422,36.0,0.0
226.06977810444553,35.0,0.0
226.0727351154866,34.0,0.0
226.08273437940218,33.0,0.0
226.0862407338056,32.0,0.0
226.09390935389868,31.0,0.0
226.1000144987015,30.0,0.0
226.10565818515937,31.0,0.0
226.11976702939108,30.0,0.0
226.13739975370106,29.0,0.0
226.13808666199736,30.0,0.0
226.1790282215554,29.0,0.0
226.18145060384052,28.0,0.0
226.19331034048895,27.0,0.0
226.20032660412014,28.0,0.0
226.2131951085692,27.0,0.0
226.2145259086655,26.0,0.0
226.24077543825715,25.0,0.0
226.24780324637368,26.0,0.0
226.26478158549864,27.0,0.0
226.32928776794373,26.0,0.0
226.3371879395817,25.0,0.0
226.3410649315836,24.0,0.0
226.34812406483363,23.0,0.0
226.3536578348769,22.0,0.0
226.35838439971516,21.0,0.0
226.40711170730813,20.0,0.0
226.41016368989418,21.0,0.0
226.41273564612752,20.0,0.0
226.41350433460792,19.0,0.0
226.41828241283727,20.0,0.0
226.4253573882316,21.0,0.0
226.4265833537959,20.0,0.0
226.4313853926405,19.0,0.0
226.43512351524458,20.0,0.0
226.43647296355724,19.0,0.0
226.46165882048032,18.0,0.0
226.4640126765825,17.0,0.0
226.47332179242218,16.0,0.0
226.48168382586263,15.0,0.0
226.5000057159618,16.0,0.0
226.50234099425109,15.0,0.0
226.5027159372836,14.0,0.0
226.5179307911728,13.0,0.0
226.52575950049496,14.0,0.0
226.54104085291016,13.0,0.0
226.5486405684696,12.0,0.0
226.57172778074067,11.0,0.0
226.58021186215208,10.0,0.0
226.59496231274372,9.0,0.0
226.5985091132138,8.0,0.0
226.60350637139607,7.0,0.0
226.61156508498118,6.0,0.0
226.64639020828986,5.0,0.0
226.67068891328242,6.0,0.0
226.67549798733646,7.0,0.0
226.68188110199574,6.0,0.0
226.68803182575502,5.0,0.0
226.6900307254903,4.0,0.0
226.69315290668402,3.0,0.0
226.7005930025716,4.0,0.0
226.72404306335756,3.0,0.0
226.7265096158531,4.0,0.0
226.72835928846095,3.0,0.0
226.74255767961023,2.0,0.0
226.76342513428534,1.0,0.0
226.79318358564663,2.0,0.0
226.80212779024066,1.0,0.0
226.80953284276947,0.0,0.0
226.9014059334588,1.0,0.0
226.9176239756246,2.0,0.0
226.9206030395684,1.0,0.0
226.93227946801673,0.0,0.0
226.9732729125984,1.0,0.0
227.0448131489159,0.0,0.0
227.09871419436396,1.0,0.0
227.11163799426689,0.0,0.0
227.1131186266408,1.0,0.0
227.11634587726178,0.0,0.0
227.1292552272626,1.0,0.0
227.13420390419816,2.0,0.0
227.14362964236574,1.0,0.0
227.15201757073243,0.0,0.0
227.20503066636755,1.0,0.0
227.20850662684506,2.0,0.0
227.2141406296354,1.0,0.0
227.2292284479984,0.0,0.0
227.24307648676842,1.0,0.0
227.245246321371,2.0,0.0
227.2624416340066,1.0,0.0
227.2625350903588,0.0,0.0
227.39100781163518,1.0,0.0
227.41257851008714,2.0,0.0
227.4156980318856,3.0,0.0
227.4166616517181,2.0,0.0
227.42266639528881,3.0,0.0
227.43876377828718,2.0,0.0
227.45350054173883,1.0,0.0
227.4829618352717,2.0,0.0
227.4853040967433,1.0,0.0
227.4963247874872,2.0,0.0
227.51017477478874,3.0,0.0
227.52494427640883,2.0,0.0
227.52567634352076,3.0,0.0
227.5288775712826,2.0,0.0
227.55908307510703,1.0,0.0
227.56851091732872,0.0,0.0
227.60424339643347,1.0,0.0
227.61259894699205,0.0,0.0
227.65715836447205,1.0,0.0
227.66217403979837,0.0,0.0
227.71411287969903,1.0,0.0
227.77502507346267,0.0,0.0
227.7783635762259,1.0,0.0
227.79033929220645,0.0,0.0
227.79053737170182,1.0,0.0
227.8383712345991,0.0,0.0
227.9007196668897,1.0,0.0
227.92248805732777,2.0,0.0
227.93444547986752,3.0,0.0
227.9395488201949,2.0,0.0
227.95388364692155,1.0,0.0
227.963649539559,0.0,0.0
228.09330959180647,1.0,0.0
228.10423283330044,0.0,0.0
228.11157676195384,1.0,0.0
228.13254376293273,0.0,0.0
228.22023682415906,1.0,0.0
228.22212507204964,0.0,0.0
228.28722881881833,1.0,0.0
228.31721331253235,0.0,0.0
228.33620788339095,1.0,0.0
228.34046654793428,2.0,0.0
228.3518896740174,1.0,0.0
228.35755483109415,0.0,0.0
228.35915111110245,1.0,0.0
228.36341008819778,0.0,0.0
228.41712321646943,1.0,0.0
228.41713919814094,0.0,0.0
228.428689094157,1.0,0.0
228.43506629846988,2.0,0.0
228.4590657062135,1.0,0.0
228.49354414635377,2.0,0.0
228.5241630943261,3.0,0.0
228.52717731410453,2.0,0.0
228.5496497338732,3.0,0.0
228.55031601972865,2.0,0.0
228.5812531712936,1.0,0.0
228.59392848170964,0.0,0.0
228.59777298096006,1.0,0.0
228.61596145811896,0.0,0.0
228.65007201824045,1.0,0.0
228.65481505387893,0.0,0.0
228.7811904531817,1.0,0.0
228.82047869429292,2.0,0.0
228.8254611659307,1.0,0.0
228.85541104432235,0.0,0.0
228.94968516443163,1.0,0.0
228.9599740953571,0.0,0.0
228.96534844686863,1.0,0.0
228.99358017592962,0.0,0.0
229.09853582948335,1.0,0.0
229.1029128684809,0.0,0.0
229.14835959526982,1.0,0.0
229.1636061881017,0.0,0.0
229.17772521518157,1.0,0.0
229.18344523079048,0.0,0.0
229.1840196013787,1.0,0.0
229.18618455779978,0.0,0.0
229.19594694865006,1.0,0.0
229.20715660989768,0.0,0.0
229.2116245120343,1.0,0.0
229.2492726444201,2.0,0.0
229.2556297621748,1.0,0.0
229.26396013643603,0.0,0.0
229.2714097953895,1.0,0.0
229.2746388293372,2.0,0.0
229.2933682796969,3.0,0.0
229.3033972176753,2.0,0.0
229.31708091700654,1.0,0.0
229.33380456488555,2.0,0.0
229.3352223378378,3.0,0.0
229.34968773249412,2.0,0.0
229.37999011071238,1.0,0.0
229.42445378027904,2.0,0.0
229.43297484009977,1.0,0.0
229.44041900610583,0.0,0.0
229.46708050537043,1.0,0.0
229.50014866720647,2.0,0.0
229.51078864909772,3.0,0.0
229.54227573153537,2.0,0.0
229.55399929814214,1.0,0.0
229.55833089803528,2.0,0.0
229.56046992816857,3.0,0.0
229.57918760628908,2.0,0.0
229.58096677368576,3.0,0.0
229.5825917816906,4.0,0.0
229.59847081999226,3.0,0.0
229.63036016983048,2.0,0.0
229.63643072271736,3.0,0.0
229.64870761985296,4.0,0.0
229.65349947563922,3.0,0.0
229.6562706673493,2.0,0.0
229.6583510446681,1.0,0.0
229.66266097504268,0.0,0.0
229.74635218410603,1.0,0.0
229.76051696409394,2.0,0.0
229.79005711176737,1.0,0.0
229.79897174418485,0.0,0.0
229.8382759333581,1.0,0.0
229.8517986473008,0.0,0.0
229.8762094213526,1.0,0.0
229.886612937831,0.0,0.0
229.97173958936997,1.0,0.0
229.99602817646624,2.0,0.0
229.99970862995582,1.0,0.0
230.0222684523902,2.0,0.0
230.04067739938532,3.0,0.0
230.06653029498347,4.0,0.0
230.06779613265812,3.0,0.0
230.0696735993384,2.0,0.0
230.07566483181193,3.0,0.0
230.09045938663004,4.0,0.0
230.10861974682265,5.0,0.0
230.11051414246361,6.0,0.0
230.1214895305478,7.0,0.0
230.14149536112785,8.0,0.0
230.14660113183447,7.0,0.0
230.1640187721536,8.0,0.0
230.170211852298,7.0,0.0
230.1902535195176,8.0,0.0
230.19690583047898,9.0,0.0
230.21668437567462,10.0,0.0
230.23611919079133,11.0,0.0
230.2493151998158,10.0,0.0
230.2632462141641,9.0,0.0
230.2763719304189,10.0,0.0
230.29082221075032,9.0,0.0
230.29804700249187,8.0,0.0
230.302662854946,9.0,0.0
230.32916635780825,8.0,0.0
230.3302825261404,9.0,0.0
230.3331256400937,10.0,0.0
230.34295361029893,9.0,0.0
230.35410057794556,8.0,0.0
230.36532416296367,7.0,0.0
230.3654452921048,8.0,0.0
230.37223424784395,9.0,0.0
230.37859313968627,8.0,0.0
230.3870613717981,7.0,0.0
230.40197303304728,6.0,0.0
230.41223739672066,7.0,0.0
230.42685520139725,8.0,0.0
230.45278700542406,7.0,0.0
230.45561363008957,8.0,0.0
230.4630070500258,7.0,0.0
230.4645191837437,8.0,0.0
230.48583617196738,9.0,0.0
230.48787705860715,10.0,0.0
230.4991621234585,11.0,0.0
230.52019133406574,12.0,0.0
230.52085999010248,13.0,0.0
230.55294127382749,12.0,0.0
230.5571170685623,13.0,0.0
230.56321220073656,12.0,0.0
230.5640932100671,11.0,0.0
230.57129325494185,10.0,0.0
230.58527322591078,11.0,0.0
230.58712251320148,12.0,0.0
230.58896038275384,11.0,0.0
230.59147708541877,10.0,0.0
230.61157134934837,9.0,0.0
230.61235179142943,8.0,0.0
230.62360678958285,7.0,0.0
230.62709414429017,6.0,0.0
230.62947986656565,7.0,0.0
230.6340518179182,6.0,0.0
230.64097353092427,5.0,0.0
230.64910895903583,6.0,0.0
230.67935004108514,7.0,0.0
230.70652860760143,6.0,0.0
230.7172383328404,7.0,0.0
230.73110940235853,8.0,0.0
230.74767004209437,7.0,0.0
230.7523895010496,6.0,0.0
230.75561627376138,5.0,0.0
230.75633509114812,4.0,0.0
230.756362220416,3.0,0.0
230.75651743988206,4.0,0.0
230.76129358951462,5.0,0.0
230.7689827163778,4.0,0.0
230.77823601902094,5.0,0.0
230.78477237082865,4.0,0.0
230.7890789749863,5.0,0.0
230.79210414816137,4.0,0.0
230.81771090969627,5.0,0.0
230.82534995492315,4.0,0.0
230.83685080638628,3.0,0.0
230.8579350635116,4.0,0.0
230.8581676116874,3.0,0.0
230.86656029714686,4.0,0.0
230.87239975717418,5.0,0.0
230.89721986450428,6.0,0.0
230.90938192093702,7.0,0.0
230.91814616453618,8.0,0.0
230.93281288059185,9.0,0.0
230.93617257887362,10.0,0.0
230.93786789700425,11.0,0.0
230.94479520666812,10.0,0.0
230.94787669318404,9.0,0.0
230.9518024391653,8.0,0.0
230.96057060183566,9.0,0.0
230.96570736784273,10.0,0.0
230.97021212973755,11.0,0.0
230.97374606415474,10.0,0.0
230.97836070069144,9.0,0.0
230.97967437007367,8.0,0.0
230.9927475988665,9.0,0.0
231.0012417395676,8.0,0.0
231.00818345200187,9.0,0.0
231.00830129173198,10.0,0.0
231.0273877852403,9.0,0.0
231.04432937476724,8.0,0.0
231.04487495703373,7.0,0.0
231.0455387349082,6.0,0.0
231.0474809587842,5.0,0.0
231.04940310972964,6.0,0.0
231.05510611688047,7.0,0.0
231.06671372270142,6.0,0.0
231.0680088615159,7.0,0.0
231.07354160638124,8.0,0.0
231.09475772417468,7.0,0.0
231.09489572385186,8.0,0.0
231.0972781545869,9.0,0.0
231.10245225787133,8.0,0.0
231.10575866208532,7.0,0.0
231.109289124726,8.0,0.0
231.1292801868513,7.0,0.0
231.13472172169455,8.0,0.0
231.1394798657723,7.0,0.0
231.15611630963556,8.0,0.0
231.15612640862037,9.0,0.0
231.15793650979708,10.0,0.0
231.158436953172,9.0,0.0
231.20317143135847,10.0,0.0
231.20342286720594,11.0,0.0
231.21348386112146,10.0,0.0
231.2218706832353,9.0,0.0
231.22391461916473,10.0,0.0
231.2388999557302,9.0,0.0
231.24025378603324,10.0,0.0
231.24050248647148,9.0,0.0
231.24291413149675,10.0,0.0
231.24540696276813,9.0,0.0
231.25325588299063,8.0,0.0
231.27337331493655,7.0,0.0
231.2754973570209,8.0,0.0
231.28358850327743,9.0,0.0
231.29635385661206,8.0,0.0
231.30130046805067,9.0,0.0
231.30564850267265,8.0,0.0
231.30772878028088,7.0,0.0
231.3135149142908,6.0,0.0
231.31698958902717,7.0,0.0
231.3197819534028,6.0,0.0
231.31978565794392,7.0,0.0
231.32268275987215,8.0,0.0
231.32278269259075,9.0,0.0
231.32721041067683,8.0,0.0
231.34030741589814,9.0,0.0
231.3419088858846,8.0,0.0
231.34470213744748,9.0,0.0
231.3464520556599,10.0,0.0
231.34989451983822,9.0,0.0
231.35249310823346,10.0,0.0
231.35293226935565,9.0,0.0
231.3548613325741,8.0,0.0
231.35550513304943,9.0,0.0
231.36673501091553,10.0,0.0
231.37632585774793,11.0,0.0
231.38384691504942,10.0,0.0
231.38527575247872,9.0,0.0
231.385809854076,10.0,0.0
231.4146758096085,9.0,0.0
231.44288506918423,10.0,0.0
231.44794134625462,9.0,0.0
231.44923837456048,10.0,0.0
231.45278662557973,11.0,0.0
231.46208885905352,10.0,0.0
231.47097017892065,11.0,0.0
231.47183526168206,12.0,0.0
231.47568210100377,11.0,0.0
231.51985069428815,10.0,0.0
231.532138614627,11.0,0.0
231.53458848399356,10.0,0.0
231.53582664789823,9.0,0.0
231.53672360716783,10.0,0.0
231.53739234442216,11.0,0.0
231.53982106634768,10.0,0.0
231.54122450615145,9.0,0.0
231.56452380944134,10.0,0.0
231.57300974734204,9.0,0.0
231.58110830563734,8.0,0.0
231.5836787660347,7.0,0.0
231.58630122934088,8.0,0.0
231.59061509699367,9.0,0.0
231.61222054860096,8.0,0.0
231.62449631089837,7.0,0.0
231.63866233171788,6.0,0.0
231.6424350581788,7.0,0.0
231.64425621315235,8.0,0.0
231.64601500775106,9.0,0.0
231.66646256252162,10.0,0.0
231.6671406246876,9.0,0.0
231.6739064758836,10.0,0.0
231.67428494316786,9.0,0.0
231.68482414102417,10.0,0.0
231.7085021687047,11.0,0.0
231.73527774969125,12.0,0.0
231.7383005436197,13.0,0.0
231.74030276865489,12.0,0.0
231.74261820192416,13.0,0.0
231.7636268977678,12.0,0.0
231.76858852876018,13.0,0.0
231.77627508024332,14.0,0.0
231.80036935936215,15.0,0.0
231.81007446697146,16.0,0.0
231.8181425394907,17.0,0.0
231.81997791157715,16.0,0.0
231.8323846226025,15.0,0.0
231.8371990594487,16.0,0.0
231.83848186725314,17.0,0.0
231.83925103929113,16.0,0.0
231.83928409050844,15.0,0.0
231.8402174430836,16.0,0.0
231.84088198332572,15.0,0.0
231.84297758102903,16.0,0.0
231.84451453248394,17.0,0.0
231.8646095093584,16.0,0.0
231.87463055155695,15.0,0.0
231.88242704079926,14.0,0.0
231.88271667447643,13.0,0.0
231.90533146103778,12.0,0.0
231.90763778927493,13.0,0.0
231.9168527671074,14.0,0.0
231.91760180344136,15.0,0.0
231.93019318447517,14.0,0.0
231.96423700871614,13.0,0.0
231.96883489861546,12.0,0.0
231.9688955998073,13.0,0.0
231.97284463591876,14.0,0.0
231.97546002670953,15.0,0.0
231.9755701729885,16.0,0.0
231.97786457919236,17.0,0.0
231.98342292871502,18.0,0.0
231.98549474210284,17.0,0.0
231.98577236811633,18.0,0.0
231.98642328529846,17.0,0.0
231.98676900990043,18.0,0.0
231.99306501561955,19.0,0.0
231.99326352867445,18.0,0.0
231.99882495479602,19.0,0.0
232.00484356808244,20.0,0.0
232.0051648972278,19.0,0.0
232.00681676346142,20.0,0.0
232.01547998409268,19.0,0.0
232.01773687580555,18.0,0.0
232.02576225210754,19.0,0.0
232.039292525367,20.0,0.0
232.0396056210643,19.0,0.0
232.04056531861556,20.0,0.0
232.04099379929693,21.0,0.0
232.04300611027944,20.0,0.0
232.0516465674981,19.0,0.0
232.05603720498874,20.0,0.0
232.0658756942326,21.0,0.0
232.07388261713874,22.0,0.0
232.08208440440987,23.0,0.0
232.09674875336916,22.0,0.0
232.1004440987631,23.0,0.0
232.11528879064008,24.0,0.0
232.1170079758885,23.0,0.0
232.1287393329639,22.0,0.0
232.13424230783593,21.0,0.0
232.13642013682016,22.0,0.0
232.13651807167355,21.0,0.0
232.14051358448543,22.0,0.0
232.14136459004985,23.0,0.0
232.15881367436737,24.0,0.0
232.15925346360132,23.0,0.0
232.16132679662476,24.0,0.0
232.16667549640871,25.0,0.0
232.1840353129973,24.0,0.0
232.18660257467113,23.0,0.0
232.19660481594278,22.0,0.0
232.1978528775495,23.0,0.0
232.20187281709914,24.0,0.0
232.20454110814052,25.0,0.0
232.20707567157442,26.0,0.0
232.20933636705038,27.0,0.0
232.2103589744669,26.0,0.0
232.2133576093936,27.0,0.0
232.21511945971181,28.0,0.0
232.2235808783749,27.0,0.0
232.23085344032603,26.0,0.0
232.24620941589853,25.0,0.0
232.2507498747509,26.0,0.0
232.26800059424633,25.0,0.0
232.27128452558992,26.0,0.0
232.2719728276284,27.0,0.0
232.28424075991026,26.0,0.0
232.2912206612632,25.0,0.0
232.29290780135,24.0,0.0
232.3095715850046,23.0,0.0
232.32857683642462,22.0,0.0
232.34002549555336,21.0,0.0
232.34070075356266,20.0,0.0
232.3412815256929,19.0,0.0
232.35175618766027,18.0,0.0
232.35276718183104,17.0,0.0
232.3685576773375,18.0,0.0
232.37002570922996,19.0,0.0
232.37397236819095,18.0,0.0
232.38265604492187,17.0,0.0
232.39107811192608,18.0,0.0
232.39281116605608,19.0,0.0
232.40052705508188,20.0,0.0
232.4056966995979,21.0,0.0
232.40700566869043,22.0,0.0
232.41163377995423,21.0,0.0
232.4137197306619,20.0,0.0
232.42947517544602,19.0,0.0
232.4347943821283,20.0,0.0
232.4363663090398,19.0,0.0
232.43694548649012,18.0,0.0
232.44130359184808,17.0,0.0
232.44902874756463,16.0,0.0
232.4519264363885,15.0,0.0
232.4537829868009,16.0,0.0
232.4585067103675,17.0,0.0
232.46058725972273,18.0,0.0
232.4734917026296,19.0,0.0
232.47418636971668,20.0,0.0
232.48162547881316,19.0,0.0
232.48268550742148,20.0,0.0
232.48438553732626,21.0,0.0
232.48824516995782,22.0,0.0
232.4975523107425,23.0,0.0
232.50754482381566,24.0,0.0
232.51178244068694,25.0,0.0
232.51559665007713,24.0,0.0
232.53124288251547,25.0,0.0
232.53139610523178,24.0,0.0
232.54075996411004,23.0,0.0
232.54726225279788,22.0,0.0
232.54777737065393,21.0,0.0
232.5652540311281,22.0,0.0
232.57836698471425,21.0,0.0
232.58489666412825,20.0,0.0
232.6069708903777,19.0,0.0
232.60719397920772,18.0,0.0
232.640169318338,19.0,0.0
232.65463033026452,20.0,0.0
232.6603629056889,19.0,0.0
232.66523414813304,18.0,0.0
232.67325120885855,19.0,0.0
232.6923223190594,18.0,0.0
232.69352041809995,19.0,0.0
232.69448754859232,18.0,0.0
232.6976917333081,17.0,0.0
232.69922901866926,18.0,0.0
232.7050178086324,17.0,0.0
232.70701027993792,18.0,0.0
232.70849828894566,17.0,0.0
232.71278259867543,18.0,0.0
232.71558637776155,19.0,0.0
232.71616804174008,20.0,0.0
232.71661785428316,21.0,0.0
232.72007938330412,20.0,0.0
232.72747363620226,19.0,0.0
232.7420118668388,20.0,0.0
232.74264688046756,21.0,0.0
232.74883369426058,22.0,0.0
232.74968454242074,21.0,0.0
232.76738435050422,22.0,0.0
232.77670269171142,21.0,0.0
232.7770977223443,20.0,0.0
232.7780510741882,21.0,0.0
232.78008770684048,20.0,0.0
232.78207533227916,19.0,0.0
232.79691364015662,20.0,0.0
232.8038594773736,21.0,0.0
232.81902396939662,22.0,0.0
232.8232380707782,21.0,0.0
232.8254934644853,20.0,0.0
232.83070625433714,19.0,0.0
232.83265963592723,18.0,0.0
232.8615124109454,17.0,0.0
232.86231701505898,16.0,0.0
232.8627631753967,17.0,0.0
232.86419881198998,18.0,0.0
232.8704923712991,19.0,0.0
232.8728335382426,18.0,0.0
232.8796545336306,17.0,0.0
232.89730172660123,18.0,0.0
232.90639437089072,19.0,0.0
232.91292550585,20.0,0.0
232.91581604907415,21.0,0.0
232.9382980448422,20.0,0.0
232.9397613534773,21.0,0.0
232.94118444634958,20.0,0.0
232.94197189424986,19.0,0.0
232.94356930900395,20.0,0.0
232.9440063761824,19.0,0.0
232.94760988827522,18.0,0.0
232.9504526858216,17.0,0.0
232.95887878114732,16.0,0.0
232.96535650874344,17.0,0.0
232.972520034764,16.0,0.0
232.9768790107771,15.0,0.0
232.97926418811682,16.0,0.0
232.98598984704907,17.0,0.0
232.9869964263236,18.0,0.0
232.99716836127885,17.0,0.0
233.01308327680027,18.0,0.0
233.03244619784545,19.0,0.0
233.03998606613294,20.0,0.0
233.0463311977313,21.0,0.0
233.04778491543314,22.0,0.0
233.05433855908183,23.0,0.0
233.05874288559966,24.0,0.0
233.06972876799477,25.0,0.0
233.07569298933487,26.0,0.0
233.0807128763168,27.0,0.0
233.09780995899612,26.0,0.0
233.09872036672294,27.0,0.0
233.10538015706257,26.0,0.0
233.105873252823,25.0,0.0
233.10820989792666,26.0,0.0
233.1170988234331,25.0,0.0
233.12421727669417,24.0,0.0
233.12959013022876,23.0,0.0
233.13235834726498,22.0,0.0
233.13542063232578,23.0,0.0
233.14173482316986,24.0,0.0
233.1634403335259,25.0,0.0
233.16962396783904,26.0,0.0
233.17236007462253,25.0,0.0
233.18222359071896,24.0,0.0
233.1829857369392,25.0,0.0
233.2094442197849,24.0,0.0
233.23678443423907,23.0,0.0
233.2389470375023,24.0,0.0
233.23981990355657,25.0,0.0
233.24984400301284,24.0,0.0
233.2513842376946,23.0,0.0
233.2598389506314,22.0,0.0
233.26012576178795,23.0,0.0
233.26848327853688,24.0,0.0
233.27593301014068,25.0,0.0
233.27644076409052,24.0,0.0
233.2806915813995,25.0,0.0
233.2876479879581,26.0,0.0
233.29072280628787,25.0,0.0
233.31326750280613,26.0,0.0
233.31490438095784,27.0,0.0
233.31687221523674,28.0,0.0
233.31824823057278,27.0,0.0
233.32078146787754,28.0,0.0
233.32209257430543,29.0,0.0
233.3222019779934,30.0,0.0
233.33253963738795,29.0,0.0
233.33992493340054,30.0,0.0
233.34060694314124,31.0,0.0
233.3554842758644,30.0,0.0
233.3581401329259,29.0,0.0
233.3589805622276,28.0,0.0
233.36145401219505,27.0,0.0
233.3692097711848,28.0,0.0
233.37399244583352,29.0,0.0
233.37548205928414,28.0,0.0
233.37660607853033,27.0,0.0
233.38640091020588,26.0,0.0
233.39660946465102,27.0,0.0
233.3967601932931,26.0,0.0
233.3984226080689,27.0,0.0
233.40821471505825,26.0,0.0
233.4186947523022,25.0,0.0
233.42580084503385,26.0,0.0
233.43466334876555,27.0,0.0
233.441970086412,28.0,0.0
233.44469644284212,29.0,0.0
233.45102831152997,30.0,0.0
233.45171816841,29.0,0.0
233.47188307502753,30.0,0.0
233.4730895501423,31.0,0.0
233.475489210086,32.0,0.0
233.47675538531507,31.0,0.0
233.48324114713728,32.0,0.0
233.48933279222666,31.0,0.0
233.49365258683355,32.0,0.0
233.49591148164527,33.0,0.0
233.49729011361623,34.0,0.0
233.50866818709093,35.0,0.0
233.5208056275408,34.0,0.0
233.52619267783297,35.0,0.0
233.5384056848133,34.0,0.0
233.55548357132403,35.0,0.0
233.55941816159157,36.0,0.0
233.56186044559968,35.0,0.0
233.56221037131556,34.0,0.0
233.56266063475786,35.0,0.0
233.56666490859388,34.0,0.0
233.5753827993687,35.0,0.0
233.57889107295304,36.0,0.0
233.58193923987432,37.0,0.0
233.58919711783076,36.0,0.0
233.59676442987887,35.0,0.0
233.60496558072114,36.0,0.0
233.6068864159123,37.0,0.0
233.61772447460504,36.0,0.0
233.61798811048672,35.0,0.0
233.619375873972,34.0,0.0
233.6246015927909,35.0,0.0
233.65103455487548,34.0,0.0
233.65782115360503,35.0,0.0
233.65846168747186,36.0,0.0
233.66586040417343,35.0,0.0
233.67017297038242,34.0,0.0
233.67114873513367,33.0,0.0
233.6724486891678,34.0,0.0
233.6812270076689,33.0,0.0
233.6830045561882,32.0,0.0
233.70379911614006,31.0,0.0
233.70916856394206,32.0,0.0
233.7272704511216,31.0,0.0
233.72895616295315,30.0,0.0
233.73029593363262,31.0,0.0
233.73477084574256,32.0,0.0
233.7371880271675,31.0,0.0
233.7481376904303,30.0,0.0
233.74864438211696,31.0,0.0
233.7613541089193,30.0,0.0
233.76478683545707,31.0,0.0
233.76532268680162,30.0,0.0
233.7679185848434,31.0,0.0
233.76859118165467,30.0,0.0
233.7722916744249,29.0,0.0
233.77415623315346,30.0,0.0
233.79651335807907,29.0,0.0
233.79823142353106,28.0,0.0
233.80018609790258,27.0,0.0
233.80897786369798,28.0,0.0
233.812064650394,27.0,0.0
233.8127382405713,26.0,0.0
233.81287713282978,25.0,0.0
233.82047853933466,26.0,0.0
233.8214951527058,27.0,0.0
233.82359345491216,26.0,0.0
233.82540697261086,25.0,0.0
233.828827358423,26.0,0.0
233.8334403385834,25.0,0.0
233.8365574390193,26.0,0.0
233.84567090344848,27.0,0.0
233.84644691072492,26.0,0.0
233.8633615646936,25.0,0.0
233.87281028944074,24.0,0.0
233.87646729391614,23.0,0.0
233.8891328738823,22.0,0.0
233.88938486795476,23.0,0.0
233.896507766988,22.0,0.0
233.89916980236427,23.0,0.0
233.8994645552866,22.0,0.0
233.9040609305892,21.0,0.0
233.90973437705478,20.0,0.0
233.91262239652607,21.0,0.0
233.92689825002304,22.0,0.0
233.9331260462962,21.0,0.0
233.9366139209905,22.0,0.0
233.95340491819294,23.0,0.0
233.96510251868202,22.0,0.0
233.96662219818248,21.0,0.0
233.9698441246277,20.0,0.0
233.97028769382302,19.0,0.0
233.97096275693883,20.0,0.0
233.9830958573865,21.0,0.0
233.98372555797692,20.0,0.0
233.98776774174667,19.0,0.0
234.00307383040627,20.0,0.0
234.0065779748374,21.0,0.0
234.0488630476792,22.0,0.0
234.0530225055829,21.0,0.0
234.05377864072938,20.0,0.0
234.06135406169594,19.0,0.0
234.06722488490567,18.0,0.0
234.07784804090034,19.0,0.0
234.08367590532984,20.0,0.0
234.08409171305698,21.0,0.0
234.086652582473,22.0,0.0
234.1119635723517,21.0,0.0
234.1133692227245,20.0,0.0
234.12090524000166,19.0,0.0
234.1253118313978,20.0,0.0
234.12753972346434,19.0,0.0
234.13434237946927,18.0,0.0
234.13591858122095,17.0,0.0
234.15111262149975,18.0,0.0
234.15600934442745,19.0,0.0
234.16710594307884,20.0,0.0
234.16980035493168,21.0,0.0
234.17919240203744,20.0,0.0
234.2058067269478,21.0,0.0
234.21176439024177,22.0,0.0
234.21256104411984,21.0,0.0
234.21745043983327,20.0,0.0
234.22650229505396,19.0,0.0
234.23119086907647,20.0,0.0
234.2331547643558,21.0,0.0
234.23674856590233,22.0,0.0
234.24295700014045,23.0,0.0
234.24624730552608,24.0,0.0
234.25517480460297,23.0,0.0
234.26824512101464,24.0,0.0
234.27603306923945,25.0,0.0
234.28193818368362,24.0,0.0
234.28885498407598,25.0,0.0
234.2895042645943,24.0,0.0
234.29689546095105,23.0,0.0
234.30298744737016,24.0,0.0
234.31942089351278,25.0,0.0
234.3194560356995,26.0,0.0
234.32209811639746,27.0,0.0
234.32709949602034,28.0,0.0
234.33209663734266,27.0,0.0
234.3445035862272,28.0,0.0
234.34921874864165,27.0,0.0
234.3722642087838,26.0,0.0
234.3792559846375,27.0,0.0
234.38010596926836,28.0,0.0
234.38613059151902,27.0,0.0
234.3947636954898,28.0,0.0
234.40397652464415,29.0,0.0
234.41744406680178,28.0,0.0
234.41863525716124,27.0,0.0
234.42711864757052,26.0,0.0
234.427515370018,25.0,0.0
234.42955470416894,24.0,0.0
234.4303467289385,25.0,0.0
234.43362905339814,24.0,0.0
234.43604170335942,25.0,0.0
234.43707230556004,26.0,0.0
234.44808812813045,25.0,0.0
234.44869975998697,26.0,0.0
234.44940502126246,25.0,0.0
234.4531553650071,24.0,0.0
234.46025266746722,23.0,0.0
234.4653075512521,22.0,0.0
234.466553526995,21.0,0.0
234.46950212572557,22.0,0.0
234.47561787030605,21.0,0.0
234.47815681111035,22.0,0.0
234.48048194511506,21.0,0.0
234.4810181805877,22.0,0.0
234.5031412219296,23.0,0.0
234.5127033214218,24.0,0.0
234.5253398042707,25.0,0.0
234.53651178998945,26.0,0.0
234.53981218836947,27.0,0.0
234.540606759957,28.0,0.0
234.54539016873818,29.0,0.0
234.55300675816443,28.0,0.0
234.55493151441155,27.0,0.0
234.5583956700003,28.0,0.0
234.5664506825018,27.0,0.0
234.5805877128484,28.0,0.0
234.58145219099947,27.0,0.0
234.59416856642562,28.0,0.0
234.5997846935729,27.0,0.0
234.60367677308028,28.0,0.0
234.60570858770672,27.0,0.0
234.60622975566582,26.0,0.0
234.61511514413218,25.0,0.0
234.62408020874557,24.0,0.0
234.63012363365135,25.0,0.0
234.6339874908029,26.0,0.0
234.63825083992703,25.0,0.0
234.6384487905454,24.0,0.0
234.64311418538753,25.0,0.0
234.64625030677456,24.0,0.0
234.66083212555313,25.0,0.0
234.66473102069034,26.0,0.0
234.66605762778218,25.0,0.0
234.66841362550713,26.0,0.0
234.6708394571765,27.0,0.0
234.6713055177811,26.0,0.0
234.67310633284865,27.0,0.0
234.6785086714096,28.0,0.0
234.68727539294798,29.0,0.0
234.69453280436406,28.0,0.0
234.69965450248773,27.0,0.0
234.69967003753388,26.0,0.0
234.7037138623735,25.0,0.0
234.70418687115102,26.0,0.0
234.71857104255307,25.0,0.0
234.7265720594401,26.0,0.0
234.72734188066252,27.0,0.0
234.7300109419062,28.0,0.0
234.7462815920979,27.0,0.0
234.74923957277318,26.0,0.0
234.76421131843819,27.0,0.0
234.76486231908825,26.0,0.0
234.77299805854392,27.0,0.0
234.77706931204125,28.0,0.0
234.78424249880962,29.0,0.0
234.78488001883105,30.0,0.0
234.81324665636953,29.0,0.0
234.81523959654803,30.0,0.0
234.82085274293874,29.0,0.0
234.83071392047077,28.0,0.0
234.84065838379246,27.0,0.0
234.85678524889627,26.0,0.0
234.8571242040308,25.0,0.0
234.86991342635795,24.0,0.0
234.87429844543047,23.0,0.0
234.8779263230536,22.0,0.0
234.87801619698854,23.0,0.0
234.8780433304377,22.0,0.0
234.88431718427154,21.0,0.0
234.88693593374887,22.0,0.0
234.88910505571897,23.0,0.0
234.89533706819773,22.0,0.0
234.8985364548679,23.0,0.0
234.89945255512623,24.0,0.0
234.89997990356494,23.0,0.0
234.9091073614518,22.0,0.0
234.92277987084367,21.0,0.0
234.92957169279472,20.0,0.0
234.93341362138705,21.0,0.0
234.953700826552,22.0,0.0
234.9649825373346,23.0,0.0
234.9710211332913,22.0,0.0
234.97671418587743,21.0,0.0
234.981269671364,22.0,0.0
234.9882887281483,23.0,0.0
234.98895863999095,24.0,0.0
235.00019935640788,23.0,0.0
235.00249493363148,24.0,0.0
235.0148682556446,23.0,0.0
235.01739816634785,24.0,0.0
235.02204053793216,25.0,0.0
235.0257031372398,26.0,0.0
235.02601719236478,25.0,0.0
235.027642733224,26.0,0.0
235.03419088282934,27.0,0.0
235.0451525744171,26.0,0.0
235.05202333467443,27.0,0.0
235.05562829847796,26.0,0.0
235.05679548809857,25.0,0.0
235.06444574619943,26.0,0.0
235.08175545104015,27.0,0.0
235.08569866499758,26.0,0.0
235.08881453842196,25.0,0.0
235.090929462898,24.0,0.0
235.09466220681023,25.0,0.0
235.10635063587722,26.0,0.0
235.11993040089135,27.0,0.0
235.12257420662166,28.0,0.0
235.12688619372852,29.0,0.0
235.13845398371868,30.0,0.0
235.14548884687076,29.0,0.0
235.14555683153512,30.0,0.0
235.15248968731575,29.0,0.0
235.15300900691204,30.0,0.0
235.16413164889687,31.0,0.0
235.16776661769848,30.0,0.0
235.16943957952722,29.0,0.0
235.17746268652635,30.0,0.0
235.17789221209785,29.0,0.0
235.17953632668414,30.0,0.0
235.18070738332835,31.0,0.0
235.1862324192993,30.0,0.0
235.19864960161186,31.0,0.0
235.2014645660715,30.0,0.0
235.2071533597544,29.0,0.0
235.21835798409583,28.0,0.0
235.22500169015657,29.0,0.0
235.23870260567375,28.0,0.0
235.24133329259,29.0,0.0
235.25902740934916,28.0,0.0
235.26324300544772,29.0,0.0
235.26618355241325,28.0,0.0
235.266691090654,27.0,0.0
235.27726909178017,28.0,0.0
235.28321181745332,29.0,0.0
235.28448569921923,28.0,0.0
235.28750431465755,27.0,0.0
235.28967578870194,26.0,0.0
235.29640170715805,27.0,0.0
235.321888814191,28.0,0.0
235.3248695085461,29.0,0.0
235.33552990784005,30.0,0.0
235.33931690166878,31.0,0.0
235.33939362688963,32.0,0.0
235.35136851471668,31.0,0.0
235.3605198042259,30.0,0.0
235.371766192993,31.0,0.0
235.3860018819179,30.0,0.0
235.3929153309544,31.0,0.0
235.39959500676358,32.0,0.0
235.40131678791667,31.0,0.0
235.40318748718275,30.0,0.0
235.41146130484384,31.0,0.0
235.42146613902617,32.0,0.0
235.4225447576745,31.0,0.0
235.42406388409856,30.0,0.0
235.43021663050828,31.0,0.0
235.43882603328203,32.0,0.0
235.4440667757504,33.0,0.0
235.4488123453838,32.0,0.0
235.45513655491104,33.0,0.0
235.47330005331287,34.0,0.0
235.48003059248717,33.0,0.0
235.48059524544138,34.0,0.0
235.49220340730562,35.0,0.0
235.49253775734638,36.0,0.0
235.49947926697934,37.0,0.0
235.50372634578324,36.0,0.0
235.50599844985362,37.0,0.0
235.5066618234559,38.0,0.0
235.512165970541,39.0,0.0
235.51545769280713,40.0,0.0
235.52038864857326,41.0,0.0
235.52074665249003,42.0,0.0
235.52236297041068,41.0,0.0
235.5275327496174,40.0,0.0
235.54221112743568,41.0,0.0
235.54339421096702,40.0,0.0
235.54695626817104,41.0,0.0
235.55015734751416,40.0,0.0
235.55600444037185,39.0,0.0
235.5649593787454,40.0,0.0
235.56618073780012,41.0,0.0
235.56793907781156,42.0,0.0
235.57156090299023,43.0,0.0
235.57848975265972,44.0,0.0
235.59217905820725,45.0,0.0
235.59492532224957,46.0,0.0
235.60463557380172,45.0,0.0
235.60728941509075,46.0,0.0
235.61314025473735,45.0,0.0
235.6144119555013,44.0,0.0
235.61573948057983,43.0,0.0
235.61751862934037,42.0,0.0
235.62823119526564,43.0,0.0
235.6283625721555,42.0,0.0
235.63070820851968,41.0,0.0
235.6409259126811,40.0,0.0
235.66297674231896,39.0,0.0
235.66465643357856,40.0,0.0
235.6823238382686,39.0,0.0
235.68547284928272,40.0,0.0
235.69738047326857,39.0,0.0
235.697564372071,40.0,0.0
235.70407180817494,39.0,0.0
235.71337800458804,40.0,0.0
235.7141127179059,41.0,0.0
235.71724580247587,40.0,0.0
235.71768357875823,41.0,0.0
235.72314981784427,40.0,0.0
235.73261643165844,41.0,0.0
235.74038406602236,42.0,0.0
235.76398893636005,41.0,0.0
235.78188638465346,42.0,0.0
235.7829547853315,41.0,0.0
235.78460231043533,40.0,0.0
235.78644515669956,41.0,0.0
235.78955673523896,42.0,0.0
235.7914728198604,43.0,0.0
235.79601030311358,44.0,0.0
235.79603825084848,43.0,0.0
235.79709668849853,44.0,0.0
235.79773537425524,43.0,0.0
235.806234189604,42.0,0.0
235.80738392890038,41.0,0.0
235.8196430030466,40.0,0.0
235.82208700122806,41.0,0.0
235.82446648748083,42.0,0.0
235.8256055372056,41.0,0.0
235.8354925736551,42.0,0.0
235.84212338882782,41.0,0.0
235.8445026291337,42.0,0.0
235.84618212269297,41.0,0.0
235.8510512615001,42.0,0.0
235.85400601231282,41.0,0.0
235.85916041559761,42.0,0.0
235.86080241182628,43.0,0.0
235.8660555647333,44.0,0.0
235.87174496750603,45.0,0.0
235.87653077287067,46.0,0.0
235.88560241786067,45.0,0.0
235.8907210523794,44.0,0.0
235.91962290248875,43.0,0.0
235.926951647513,44.0,0.0
235.92911250093826,43.0,0.0
235.92920105304597,44.0,0.0
235.93375092727075,43.0,0.0
235.93530384724178,44.0,0.0
235.93553303818916,43.0,0.0
235.94050883989965,44.0,0.0
235.94132320568053,43.0,0.0
235.94697851384134,42.0,0.0
235.94835267496018,41.0,0.0
235.95415819135954,40.0,0.0
235.9550181897489,39.0,0.0
235.95805122519647,40.0,0.0
235.96438465172992,39.0,0.0
235.96456501875946,38.0,0.0
235.96987261325083,37.0,0.0
235.97150394673116,36.0,0.0
235.97293669640803,35.0,0.0
235.97885240750375,34.0,0.0
235.97972292929663,33.0,0.0
236.0065692586551,34.0,0.0
236.01296439312426,35.0,0.0
236.02209741256965,34.0,0.0
236.0235551916914,35.0,0.0
236.0239001261029,36.0,0.0
236.02465074021796,37.0,0.0
236.02857266474717,38.0,0.0
236.02950580015698,37.0,0.0
236.03068983379362,38.0,0.0
236.04018285829736,39.0,0.0
236.04532955795662,40.0,0.0
236.0456539854006,39.0,0.0
236.06340875213294,38.0,0.0
236.0660369611447,37.0,0.0
236.07281100370852,36.0,0.0
236.08060422122944,35.0,0.0
236.09455819764133,34.0,0.0
236.09508502206992,33.0,0.0
236.10003574677384,34.0,0.0
236.10636440686412,35.0,0.0
236.11147628752497,36.0,0.0
236.111799897972,37.0,0.0
236.1194647260424,36.0,0.0
236.11973336746533,35.0,0.0
236.12510491439866,36.0,0.0
236.1255074209106,35.0,0.0
236.14464705860294,36.0,0.0
236.1531972969731,35.0,0.0
236.15662299378053,36.0,0.0
236.15801581331223,35.0,0.0
236.1674119337269,36.0,0.0
236.17129607747168,37.0,0.0
236.17213758100675,36.0,0.0
236.17232118839578,37.0,0.0
236.18139771993933,36.0,0.0
236.18490010893373,37.0,0.0
236.18525093816476,38.0,0.0
236.18570828814242,37.0,0.0
236.18789208136354,36.0,0.0
236.18897119996612,35.0,0.0
236.19663627185903,36.0,0.0
236.20201305482453,35.0,0.0
236.24318093925808,34.0,0.0
236.24743828451685,35.0,0.0
236.24835337220364,36.0,0.0
236.2554919256426,37.0,0.0
236.26683948421058,38.0,0.0
236.2750659921703,39.0,0.0
236.27792360595618,38.0,0.0
236.28287076851956,37.0,0.0
236.2990024344315,36.0,0.0
236.31069454276812,35.0,0.0
236.3248990829889,36.0,0.0
236.3325024795716,35.0,0.0
236.33967230785282,36.0,0.0
236.34486984085262,35.0,0.0
236.37086056772497,34.0,0.0
236.3778239002685,33.0,0.0
236.39045292505472,32.0,0.0
236.3924167628089,31.0,0.0
236.3927339427034,32.0,0.0
236.41070998818864,33.0,0.0
236.42595781155939,32.0,0.0
236.4262484370807,31.0,0.0
236.430053059998,32.0,0.0
236.43070862900655,33.0,0.0
236.4317685205611,32.0,0.0
236.43374935110606,33.0,0.0
236.4696018786318,32.0,0.0
236.4731468907622,33.0,0.0
236.4854858571051,34.0,0.0
236.48873914751545,35.0,0.0
236.50654261721925,36.0,0.0
236.51465187607195,37.0,0.0
236.51823095272732,38.0,0.0
236.52263532536034,37.0,0.0
236.52339725752503,38.0,0.0
236.53409573798547,37.0,0.0
236.53898100768907,38.0,0.0
236.5424486084319,37.0,0.0
236.54867810445066,36.0,0.0
236.54906761565834,37.0,0.0
236.55411400488816,36.0,0.0
236.56910388975916,37.0,0.0
236.57252266185415,38.0,0.0
236.57814178823148,39.0,0.0
236.57881800616593,40.0,0.0
236.58346317047364,41.0,0.0
236.58676148594623,42.0,0.0
236.59333045045764,43.0,0.0
236.60252443503123,44.0,0.0
236.60641494962906,43.0,0.0
236.60896076523258,42.0,0.0
236.60917166284625,43.0,0.0
236.6134541755161,44.0,0.0
236.61756285386681,45.0,0.0
236.6197248015356,46.0,0.0
236.62170649758275,47.0,0.0
236.62487387251358,46.0,0.0
236.62614759936253,45.0,0.0
236.62816708283492,46.0,0.0
236.6306011868068,47.0,0.0
236.63597002930078,48.0,0.0
236.64201588262918,47.0,0.0
236.65165334998017,48.0,0.0
236.65207821612074,49.0,0.0
236.67027410995274,50.0,0.0
236.6728052116803,51.0,0.0
236.6827747852376,50.0,0.0
236.68566482258424,49.0,0.0
236.68699650631697,50.0,0.0
236.6876511565855,49.0,0.0
236.68979137385725,50.0,0.0
236.69707680538664,51.0,0.0
236.69903451932967,52.0,0.0
236.70015122708008,51.0,0.0
236.7011765949943,50.0,0.0
236.70397717346563,49.0,0.0
236.70901844493912,48.0,0.0
236.71694846112194,47.0,0.0
236.7402611036381,46.0,0.0
236.7493291919379,45.0,0.0
236.75680564248793,46.0,0.0
236.76152253771798,47.0,0.0
236.76901216332323,46.0,0.0
236.77689751725225,45.0,0.0
236.77877479813324,46.0,0.0
236.7942532543499,45.0,0.0
236.79534695460114,46.0,0.0
236.79594911538132,45.0,0.0
236.8048573039135,46.0,0.0
236.81039017848178,45.0,0.0
236.81560550650755,44.0,0.0
236.82785912431092,45.0,0.0
236.82827395649502,46.0,0.0
236.83298552069053,45.0,0.0
236.83970946299019,46.0,0.0
236.85633293025086,45.0,0.0
236.85780808429422,44.0,0.0
236.87406053743806,45.0,0.0
236.87561650945887,46.0,0.0
236.88536482660885,47.0,0.0
236.88927090797694,48.0,0.0
236.89872580975197,49.0,0.0
236.90578893252788,50.0,0.0
236.91806875040416,49.0,0.0
236.92024337236012,50.0,0.0
236.92136249324096,49.0,0.0
236.94146514408322,48.0,0.0
236.94342641033444,47.0,0.0
236.9720866395082,46.0,0.0
236.9731485521408,47.0,0.0
236.97621152172817,46.0,0.0
236.9830607158329,47.0,0.0
236.9874243004114,48.0,0.0
236.99222441159873,49.0,0.0
236.9974875419065,48.0,0.0
237.00007800450936,47.0,0.0
237.00340411513628,48.0,0.0
237.00514087450944,49.0,0.0
237.01973851456628,50.0,0.0
237.04262240493142,49.0,0.0
237.05100000270883,48.0,0.0
237.06001427863805,49.0,0.0
237.0601064140217,50.0,0.0
237.06573541427935,51.0,0.0
237.06576149705438,50.0,0.0
237.0729574660347,49.0,0.0
237.08159557873307,48.0,0.0
237.08204508275574,49.0,0.0
237.08570406574313,48.0,0.0
237.0965007114671,49.0,0.0
237.1064965372911,48.0,0.0
237.1204965695323,47.0,0.0
237.12078366672526,48.0,0.0
237.12696407550737,49.0,0.0
237.13653132570025,48.0,0.0
237.1423089419144,47.0,0.0
237.14684466786892,48.0,0.0
237.15278038738515,49.0,0.0
237.1543873137836,50.0,0.0
237.1612826337097,49.0,0.0
237.17082814839983,50.0,0.0
237.17381306866307,49.0,0.0
237.1760632100444,48.0,0.0
237.17616946653064,49.0,0.0
237.19244092415997,48.0,0.0
237.20835240308114,47.0,0.0
237.20860739725296,48.0,0.0
237.2093145260855,49.0,0.0
237.20935097780196,50.0,0.0
237.20949982271188,51.0,0.0
237.2131805081238,52.0,0.0
237.21340103263475,51.0,0.0
237.21473537601784,52.0,0.0
237.21942362379122,51.0,0.0
237.2235855429423,52.0,0.0
237.2268674915301,53.0,0.0
237.23600725263051,52.0,0.0
237.23656916997464,53.0,0.0
237.24079308254036,52.0,0.0
237.2531196488008,51.0,0.0
237.26046264807903,50.0,0.0
237.2623508079477,49.0,0.0
237.2722826831288,48.0,0.0
237.27559517231586,47.0,0.0
237.28341880656234,48.0,0.0
237.29369955157173,49.0,0.0
237.2938444581269,50.0,0.0
237.29395911746556,49.0,0.0
237.30306405332598,50.0,0.0
237.31464017315,51.0,0.0
237.3305178961731,52.0,0.0
237.33497032071404,51.0,0.0
237.34073406796668,52.0,0.0
237.34173214384035,51.0,0.0
237.34690023976958,52.0,0.0
237.35148826072725,53.0,0.0
237.36250521625757,52.0,0.0
237.36460708115737,51.0,0.0
237.36558101239282,52.0,0.0
237.36729285937955,51.0,0.0
237.3678141563746,52.0,0.0
237.37310566955347,51.0,0.0
237.3739712826596,52.0,0.0
237.3874086609003,53.0,0.0
237.39570594674856,52.0,0.0
237.40465645883774,53.0,0.0
237.4166675413124,54.0,0.0
237.4242553618418,55.0,0.0
237.4256698807884,54.0,0.0
237.4365566893244,53.0,0.0
237.4395355254992,52.0,0.0
237.4430471887491,51.0,0.0
237.45037009241963,52.0,0.0
237.4511420744983,51.0,0.0
237.45417558688962,52.0,0.0
237.45632565372097,53.0,0.0
237.4583146203896,54.0,0.0
237.46191526567725,55.0,0.0
237.46388993977814,56.0,0.0
237.46463422812627,57.0,0.0
237.4758295988579,56.0,0.0
237.4869984530511,57.0,0.0
237.48804660639814,58.0,0.0
237.488794474984,59.0,0.0
237.493417120306,58.0,0.0
237.49519529413442,57.0,0.0
237.49852708218683,58.0,0.0
237.50040694952398,59.0,0.0
237.5077460717819,60.0,0.0
237.5171668403999,59.0,0.0
237.5311850705667,58.0,0.0
237.54108149757838,57.0,0.0
237.5423500194487,58.0,0.0
237.54871422882556,57.0,0.0
237.55224797195058,58.0,0.0
237.55264978684517,57.0,0.0
237.56443164515596,56.0,0.0
237.5750373521245,55.0,0.0
237.58368757002543,56.0,0.0
237.58655756184916,57.0,0.0
237.5948965325377,58.0,0.0
237.59558406851818,59.0,0.0
237.6002462364675,60.0,0.0
237.6014832466266,59.0,0.0
237.61018751167552,60.0,0.0
237.61921250937053,59.0,0.0
237.62065899346823,60.0,0.0
237.62580081203544,59.0,0.0
237.62818587788004,58.0,0.0
237.64193724089193,59.0,0.0
237.64292127474698,58.0,0.0
237.6429754586546,59.0,0.0
237.64694356727318,58.0,0.0
237.66170597602704,57.0,0.0
237.69179574446207,58.0,0.0
237.6960059927861,59.0,0.0
237.69901175728126,58.0,0.0
237.71026742677168,57.0,0.0
237.71817904716116,56.0,0.0
237.7231865154731,55.0,0.0
237.72629125197767,54.0,0.0
237.73113261860985,53.0,0.0
237.73564546208505,54.0,0.0
237.73958378682764,55.0,0.0
237.7482200997855,56.0,0.0
237.75187831956598,57.0,0.0
237.75476613754796,56.0,0.0
237.76035617588775,55.0,0.0
237.76095249050533,56.0,0.0
237.76183190586596,55.0,0.0
237.76248346828794,56.0,0.0
237.77251016991386,55.0,0.0
237.7754480435127,56.0,0.0
237.7792351390324,55.0,0.0
237.79757646368395,54.0,0.0
237.80412614456623,53.0,0.0
237.81117390142907,54.0,0.0
237.81198388695285,53.0,0.0
237.81876756297308,54.0,0.0
237.8233358558063,55.0,0.0
237.82453998112607,54.0,0.0
237.8277238908022,53.0,0.0
237.84198439883994,54.0,0.0
237.85171121203965,55.0,0.0
237.85245622713308,54.0,0.0
237.8645401502184,53.0,0.0
237.86965474953513,54.0,0.0
237.87664248069441,53.0,0.0
237.88107136280195,52.0,0.0
237.89540531105794,51.0,0.0
237.913483265755,50.0,0.0
237.9137336910026,49.0,0.0
237.92035842562453,50.0,0.0
237.92834368073358,51.0,0.0
237.93256650665398,52.0,0.0
237.93884063670134,51.0,0.0
237.94311396425368,52.0,0.0
237.9433963443142,53.0,0.0
237.94657344631187,54.0,0.0
237.94660512264068,55.0,0.0
237.94742360503105,54.0,0.0
237.94867627397832,55.0,0.0
237.94872577009465,54.0,0.0
237.94905866735778,53.0,0.0
237.94930765885655,54.0,0.0
237.9499388763649,53.0,0.0
237.95437179037583,54.0,0.0
237.95779407650775,55.0,0.0
237.9722461558537,54.0,0.0
237.9875216083712,55.0,0.0
237.99690515277908,54.0,0.0
238.018123710082,55.0,0.0
238.0240023994069,54.0,0.0
238.02873870330015,53.0,0.0
238.02965675274936,52.0,0.0
238.0310884619669,53.0,0.0
238.03111281774804,52.0,0.0
238.0320399770705,53.0,0.0
238.04480890617626,54.0,0.0
238.0651074424017,53.0,0.0
238.07071712985325,52.0,0.0
238.08086372545117,51.0,0.0
238.09747314330338,52.0,0.0
238.10799972388747,53.0,0.0
238.1339092287231,54.0,0.0
238.14214388853298,53.0,0.0
238.1424230203505,54.0,0.0
238.14386706610148,53.0,0.0
238.14444028297356,52.0,0.0
238.1451079678867,51.0,0.0
238.1487706516245,50.0,0.0
238.14906019882156,49.0,0.0
238.15362731849504,48.0,0.0
238.1551311894973,47.0,0.0
238.16192568225276,46.0,0.0
238.1688313165579,47.0,0.0
238.17057655454286,46.0,0.0
238.1777988819712,47.0,0.0
238.17956345145203,48.0,0.0
238.18802105246976,47.0,0.0
238.21175644992073,48.0,0.0
238.2205343948788,47.0,0.0
238.22740869774114,46.0,0.0
238.236634459788,47.0,0.0
238.24323888142712,46.0,0.0
238.24876997826294,47.0,0.0
238.2513986724105,48.0,0.0
238.26112927575363,49.0,0.0
238.26527011107285,48.0,0.0
238.27198798246093,47.0,0.0
238.28272709205874,48.0,0.0
238.28493059729178,47.0,0.0
238.28651886318517,48.0,0.0
238.29259745984035,47.0,0.0
238.3034900656324,46.0,0.0
238.31959114417816,47.0,0.0
238.32269831972243,48.0,0.0
238.34336777484074,47.0,0.0
238.34394774386126,48.0,0.0
238.35534561072302,47.0,0.0
238.3755972606424,48.0,0.0
238.38293613253202,49.0,0.0
238.38613009499733,50.0,0.0
238.39566242196108,49.0,0.0
238.41505505930078,48.0,0.0
238.41697698441163,47.0,0.0
238.42297082975853,48.0,0.0
238.44304750695352,47.0,0.0
238.44631727946782,46.0,0.0
238.447074870556,47.0,0.0
238.44859124597713,48.0,0.0
238.45147641120369,47.0,0.0
238.46086225529362,46.0,0.0
238.46347393217144,45.0,0.0
238.4829986586378,44.0,0.0
238.48926556013024,43.0,0.0
238.4898686333531,42.0,0.0
238.5020553101046,41.0,0.0
238.50818903653646,40.0,0.0
238.53162754082157,39.0,0.0
238.53633944134012,38.0,0.0
238.54843101293324,37.0,0.0
238.5638873983143,36.0,0.0
238.56741121635756,37.0,0.0
238.57312937372345,36.0,0.0
238.57996039677118,35.0,0.0
238.59117927003976,34.0,0.0
238.59522214175985,33.0,0.0
238.610159769487,34.0,0.0
238.61169102753698,33.0,0.0
238.62304609665048,34.0,0.0
238.62909578553607,33.0,0.0
238.63038808519218,34.0,0.0
238.6393499561849,35.0,0.0
238.64573512780973,36.0,0.0
238.66399942652737,35.0,0.0
238.66410953828458,34.0,0.0
238.66491734474562,35.0,0.0
238.66869540433447,34.0,0.0
238.68406998971523,35.0,0.0
238.68440442931677,34.0,0.0
238.68982488753892,33.0,0.0
238.69136121001182,32.0,0.0
238.6924621530153,33.0,0.0
238.69848907244386,32.0,0.0
238.70930543737535,33.0,0.0
238.7178510012635,32.0,0.0
238.73002953733914,33.0,0.0
238.7348690536672,32.0,0.0
238.73890914050182,33.0,0.0
238.73983488299214,34.0,0.0
238.76187387654463,35.0,0.0
238.76368174663187,34.0,0.0
238.76959121309045,33.0,0.0
238.77594501181542,34.0,0.0
238.77624053093186,33.0,0.0
238.77945310436982,32.0,0.0
238.77964894744352,33.0,0.0
238.7808423694073,34.0,0.0
238.7813854590301,33.0,0.0
238.78191747211253,34.0,0.0
238.78527827178527,33.0,0.0
238.79490817906486,32.0,0.0
238.80092219895687,31.0,0.0
238.80389294906004,30.0,0.0
238.80501712214578,31.0,0.0
238.80835902356327,30.0,0.0
238.8102166480549,31.0,0.0
238.8149014900166,30.0,0.0
238.81547338757142,29.0,0.0
238.81683639565557,30.0,0.0
238.82518372951546,31.0,0.0
238.82817198344722,32.0,0.0
238.8292433270055,33.0,0.0
238.83047670644788,34.0,0.0
238.84712671635123,35.0,0.0
238.85796625129242,34.0,0.0
238.8675104593912,33.0,0.0
238.87424666631748,34.0,0.0
238.87538448764292,33.0,0.0
238.87609771724874,32.0,0.0
238.87848416836613,31.0,0.0
238.8860389253357,30.0,0.0
238.89992602211424,31.0,0.0
238.90824547318442,30.0,0.0
238.910585904468,29.0,0.0
238.917082573734,30.0,0.0
238.92503143750773,29.0,0.0
238.92570599038672,30.0,0.0
238.9292572424349,29.0,0.0
238.93279805636013,30.0,0.0
238.93971841422461,29.0,0.0
238.94594626509343,30.0,0.0
238.95089385613124,29.0,0.0
238.95354240314515,30.0,0.0
238.9540101647964,29.0,0.0
238.96230011773665,28.0,0.0
238.96474257226043,27.0,0.0
238.99167826185717,26.0,0.0
238.99816647255813,25.0,0.0
238.99817330926606,24.0,0.0
239.00158414515263,23.0,0.0
239.00362642217758,22.0,0.0
239.00843570652168,21.0,0.0
239.0117370420457,20.0,0.0
239.01513477892334,19.0,0.0
239.02343318313686,20.0,0.0
239.02853257289397,19.0,0.0
239.03582194613938,18.0,0.0
239.05293150401909,19.0,0.0
239.05938691237495,18.0,0.0
239.0611121203354,17.0,0.0
239.07588699136585,16.0,0.0
239.07898101154672,15.0,0.0
239.0808361911738,14.0,0.0
239.0817931971349,15.0,0.0
239.08219978722968,16.0,0.0
239.0868038335919,15.0,0.0
239.09396728176048,14.0,0.0
239.0961216731999,15.0,0.0
239.1006138320871,14.0,0.0
239.1091495213969,13.0,0.0
239.1100827350254,12.0,0.0
239.11044856460157,11.0,0.0
239.1183339960733,10.0,0.0
239.11974462018551,9.0,0.0
239.12311982571848,10.0,0.0
239.1315752702182,9.0,0.0
239.14202219262614,8.0,0.0
239.1432249348042,7.0,0.0
239.1470074310558,6.0,0.0
239.1541564868479,7.0,0.0
239.1614524115253,6.0,0.0
239.16242478682386,7.0,0.0
239.1748335325614,6.0,0.0
239.17874562412473,5.0,0.0
239.1843230827857,6.0,0.0
239.1917956269621,5.0,0.0
239.20421398705747,6.0,0.0
239.20950824328273,5.0,0.0
239.21458946553804,4.0,0.0
239.2233060798422,5.0,0.0
239.22535710664656,4.0,0.0
239.2272315597459,5.0,0.0
239.22796981051584,4.0,0.0
239.2291969921804,5.0,0.0
239.25405305169622,4.0,0.0
239.27738214361815,3.0,0.0
239.2924394968647,2.0,0.0
239.29316404356408,1.0,0.0
239.29788523158186,0.0,0.0
239.34367647518494,1.0,0.0
239.37986196801978,2.0,0.0
239.3816291967973,1.0,0.0
239.41512868436104,0.0,0.0
239.46241900742703,1.0,0.0
239.46770505676753,2.0,0.0
239.4708853076706,1.0,0.0
239.47097615475786,2.0,0.0
239.47461457431268,1.0,0.0
239.49797281154173,2.0,0.0
239.5205341950754,1.0,0.0
239.52878638612103,0.0,0.0
239.5660795918038,1.0,0.0
239.58921557090045,2.0,0.0
239.61206764101033,1.0,0.0
239.63254118790485,2.0,0.0
239.63277867626752,3.0,0.0
239.64530758895307,4.0,0.0
239.64844764358708,3.0,0.0
239.67419402641062,4.0,0.0
239.67426936003028,3.0,0.0
239.6798766479058,4.0,0.0
239.68543568429885,3.0,0.0
239.6915219543671,4.0,0.0
239.718559873792,5.0,0.0
239.72386579382328,6.0,0.0
239.73133860420774,5.0,0.0
239.76019894378544,6.0,0.0
239.76108002722265,5.0,0.0
239.76188769297747,4.0,0.0
239.7733352690223,3.0,0.0
239.77584273601508,4.0,0.0
239.81640573587603,5.0,0.0
239.82935431568504,4.0,0.0
239.84374817629384,3.0,0.0
239.84454722934532,2.0,0.0
239.8545941635391,1.0,0.0
239.86339131864162,0.0,0.0
239.906284761614,1.0,0.0
239.91971538824475,2.0,0.0
239.929819770701,1.0,0.0
239.93020911272336,2.0,0.0
239.95513301362962,1.0,0.0
239.96371923712113,0.0,0.0
239.987537035013,1.0,0.0
240.02211731954839,0.0,0.0
240.0866144456457,1.0,0.0
240.0888854575022,0.0,0.0
240.1186423187413,1.0,0.0
240.12662149015733,0.0,0.0
240.14653541221833,1.0,0.0
240.15420273174,2.0,0.0
240.15747179288292,1.0,0.0
240.17517043079224,0.0,0.0
240.18601158939703,1.0,0.0
240.18617506933938,2.0,0.0
240.18872928305885,1.0,0.0
240.19632288000855,2.0,0.0
240.20609713760587,3.0,0.0
240.20905301371005,4.0,0.0
240.21852192386913,3.0,0.0
240.2471283914278,2.0,0.0
240.2611917595877,1.0,0.0
240.26965869072635,0.0,0.0
240.30587359475797,1.0,0.0
240.307353409005,2.0,0.0
240.33984469777042,1.0,0.0
240.34421941931362,0.0,0.0
240.36089437248447,1.0,0.0
240.4036784977654,2.0,0.0
240.4129557949611,1.0,0.0
240.42184576973796,0.0,0.0
240.42961614702386,1.0,0.0
240.4306083525042,2.0,0.0
240.44111666612778,3.0,0.0
240.44687330193645,2.0,0.0
240.44881903802678,1.0,0.0
240.46458087683033,0.0,0.0
240.4870652744802,1.0,0.0
240.49105342508153,2.0,0.0
240.5137157712445,1.0,0.0
240.53310703692725,2.0,0.0
240.53418088532808,3.0,0.0
240.53739892832988,4.0,0.0
240.54830347948752,5.0,0.0
240.5502338316222,6.0,0.0
240.55210407809196,5.0,0.0
240.55665391450373,6.0,0.0
240.55853890738936,7.0,0.0
240.5594661607464,6.0,0.0
240.56235099240874,7.0,0.0
240.56595599316827,6.0,0.0
240.56692538918688,5.0,0.0
240.57793288791993,6.0,0.0
240.58189037001756,7.0,0.0
240.5869657653021,6.0,0.0
240.59427794459222,7.0,0.0
240.59842808120885,6.0,0.0
240.60699700375508,5.0,0.0
240.61616365193743,4.0,0.0
240.61818301026645,5.0,0.0
240.62614131807644,4.0,0.0
240.6387114795932,5.0,0.0
240.64109002924945,4.0,0.0
240.6460093745417,3.0,0.0
240.64619360127568,4.0,0.0
240.67417738596512,3.0,0.0
240.68480425372294,2.0,0.0
240.68786469458422,3.0,0.0
240.6913549700981,2.0,0.0
240.7079355556699,3.0,0.0
240.70879080843707,2.0,0.0
240.71234141147494,1.0,0.0
240.71392517153058,0.0,0.0
240.7313262466969,1.0,0.0
240.7408862649622,2.0,0.0
240.7484940196238,3.0,0.0
240.75028926218727,4.0,0.0
240.7520369502798,5.0,0.0
240.7538751576392,4.0,0.0
240.76263482944265,5.0,0.0
240.77031993300548,4.0,0.0
240.77933430876132,3.0,0.0
240.7817674986508,2.0,0.0
240.78541192391958,1.0,0.0
240.81222996262716,0.0,0.0
240.82860921169552,1.0,0.0
240.8425592039156,2.0,0.0
240.8486556074409,3.0,0.0
240.8503602574184,2.0,0.0
240.8550295254486,3.0,0.0
240.85603069784844,2.0,0.0
240.86455383691094,1.0,0.0
240.9150964796741,0.0,0.0
240.95512606005576,1.0,0.0
240.96275572368884,0.0,0.0
240.98805031084,1.0,0.0
240.9918102769748,0.0,0.0
240.99779834496863,1.0,0.0
241.0005822347975,0.0,0.0
241.01267136802878,1.0,0.0
241.0224882033433,2.0,0.0
241.02595069632378,3.0,0.0
241.0510142157171,4.0,0.0
241.05566174095097,3.0,0.0
241.07646526887433,2.0,0.0
241.08392615819363,3.0,0.0
241.08665312647088,4.0,0.0
241.09127246077549,3.0,0.0
241.09200840474105,2.0,0.0
241.09447281680343,3.0,0.0
241.09964516808407,2.0,0.0
241.0997255515016,3.0,0.0
241.11655391558003,4.0,0.0
241.1298112679938,3.0,0.0
241.1358238021786,2.0,0.0
241.155308427879,1.0,0.0
241.19422879402896,0.0,0.0
241.2105279742564,1.0,0.0
241.23588396151368,0.0,0.0
241.24360109795796,1.0,0.0
241.27354768814652,2.0,0.0
241.31774267545043,3.0,0.0
241.31901304146467,2.0,0.0
241.31922312584615,1.0,0.0
241.3270753767676,2.0,0.0
241.32956724615835,1.0,0.0
241.34515937667825,2.0,0.0
241.34815849298784,3.0,0.0
241.37480957537397,2.0,0.0
241.3814631389407,3.0,0.0
241.38282362423402,2.0,0.0
241.39226340374583,3.0,0.0
241.39980473834666,2.0,0.0
241.41298640027966,1.0,0.0
241.41551507235988,0.0,0.0
241.41764273642582,1.0,0.0
241.42265448138494,2.0,0.0
241.45641219430001,3.0,0.0
241.46029285818594,4.0,0.0
241.46687769122107,3.0,0.0
241.47042735760664,4.0,0.0
241.47708925720355,5.0,0.0
241.48178792186863,4.0,0.0
241.48586160299237,3.0,0.0
241.49606054688581,4.0,0.0
241.5191723630693,3.0,0.0
241.55229928525594,2.0,0.0
241.55504029505926,1.0,0.0
241.56342876866648,2.0,0.0
241.5675709186226,3.0,0.0
241.5683593745741,2.0,0.0
241.57964364401232,1.0,0.0
241.6019724099034,2.0,0.0
241.60533141585745,1.0,0.0
241.6228620464562,0.0,0.0
241.6280161195915,1.0,0.0
241.6282519699838,2.0,0.0
241.63910008735215,3.0,0.0
241.64125787331872,2.0,0.0
241.65938384462652,1.0,0.0
241.6642315580963,2.0,0.0
241.6655733935318,1.0,0.0
241.67531153697306,2.0,0.0
241.6919551265,3.0,0.0
241.72126392607015,2.0,0.0
241.74240963233788,1.0,0.0
241.74665745135306,2.0,0.0
241.7548249278562,3.0,0.0
241.7560024409986,4.0,0.0
241.7681758515028,3.0,0.0
241.77735882477486,4.0,0.0
241.78215412645025,5.0,0.0
241.7868802656973,4.0,0.0
241.791213552969,5.0,0.0
241.83573370569695,6.0,0.0
241.83992865643955,5.0,0.0
241.8564846393074,4.0,0.0
241.87016006732435,3.0,0.0
241.87129263493668,2.0,0.0
241.87153432713583,3.0,0.0
241.87486776533478,2.0,0.0
241.8856089115438,3.0,0.0
241.89990494748997,2.0,0.0
241.90482244093224,1.0,0.0
241.90641452748278,0.0,0.0
241.98001703926684,1.0,0.0
241.99314429749327,0.0,0.0
241.99361731869072,1.0,0.0
241.99740090812767,2.0,0.0
242.01199479488182,3.0,0.0
242.01201019591477,2.0,0.0
242.02091221503684,1.0,0.0
242.03003528019823,0.0,0.0
242.05098951411068,1.0,0.0
242.05791588592498,2.0,0.0
242.07947961157066,1.0,0.0
242.0927860347208,0.0,0.0
242.13736099473147,1.0,0.0
242.13752005192805,2.0,0.0
242.14716304412937,1.0,0.0
242.14853218802227,2.0,0.0
242.16357409056158,1.0,0.0
242.1679228897241,0.0,0.0
242.19513102605265,1.0,0.0
242.22206278582468,2.0,0.0
242.22930967680816,1.0,0.0
242.2523193072382,0.0,0.0
242.2714156574202,1.0,0.0
242.30884023297062,0.0,0.0
242.37805211003962,1.0,0.0
242.39070114099317,0.0,0.0
242.431361208332,1.0,0.0
242.43800791036887,2.0,0.0
242.44767665510525,1.0,0.0
242.45628482116547,0.0,0.0
242.45976130688604,1.0,0.0
242.47522882112014,0.0,0.0
242.4989866006943,1.0,0.0
242.5191773066141,2.0,0.0
242.5501965569276,1.0,0.0
242.5539884123107,0.0,0.0
242.62078663447016,1.0,0.0
242.63461718316887,2.0,0.0
242.64282381159603,1.0,0.0
242.65760861876961,2.0,0.0
242.66160143471075,3.0,0.0
242.66629229484562,4.0,0.0
242.67832372793973,5.0,0.0
242.68079575542345,6.0,0.0
242.69783139405888,7.0,0.0
242.70125175627595,8.0,0.0
242.70315407854454,7.0,0.0
242.71721577463651,6.0,0.0
242.71738286737093,5.0,0.0
242.7262169245646,6.0,0.0
242.7312825904924,5.0,0.0
242.7421298658378,6.0,0.0
242.75113200469337,5.0,0.0
242.75206830394103,6.0,0.0
242.7547404944902,5.0,0.0
242.76648212233172,4.0,0.0
242.7866726322103,3.0,0.0
242.79385357671518,4.0,0.0
242.80624516359538,3.0,0.0
242.80862488923032,4.0,0.0
242.81153409359788,5.0,0.0
242.81439469313906,4.0,0.0
242.81988993226858,5.0,0.0
242.82218054181882,4.0,0.0
242.83802244178827,5.0,0.0
242.84560637383296,4.0,0.0
242.86023806614037,3.0,0.0
242.86099057163082,4.0,0.0
242.86473198261055,3.0,0.0
242.88541713459782,2.0,0.0
242.90347402648638,1.0,0.0
242.93158019029926,0.0,0.0
242.9395818326798,1.0,0.0
242.94061901491307,0.0,0.0
242.9507911352868,1.0,0.0
242.95975019524136,2.0,0.0
242.9865268160641,3.0,0.0
242.99993357505366,2.0,0.0
243.00020422219745,1.0,0.0
243.00486144259497,0.0,0.0
243.04432172273945,1.0,0.0
243.04526778075112,0.0,0.0
243.0538932495674,1.0,0.0
243.0583767202834,2.0,0.0
243.0607169035403,3.0,0.0
243.06106673551406,2.0,0.0
243.06282344322932,3.0,0.0
243.0785010347443,4.0,0.0
243.0907482363301,3.0,0.0
243.12811907960102,2.0,0.0
243.13474496406195,1.0,0.0
243.14537148376328,2.0,0.0
243.14576933580352,3.0,0.0
243.15681453152362,2.0,0.0
243.16816380970621,1.0,0.0
243.19810500478158,2.0,0.0
243.20367103690387,3.0,0.0
243.20951447958072,4.0,0.0
243.22155453123372,3.0,0.0
243.24135100258846,2.0,0.0
243.245307402002,1.0,0.0
243.25877584028066,2.0,0.0
243.26072580320618,3.0,0.0
243.26617399752598,4.0,0.0
243.2852431512693,5.0,0.0
243.2865770277756,6.0,0.0
243.30302520348448,7.0,0.0
243.30486596981356,6.0,0.0
243.31518212249037,5.0,0.0
243.3395668511969,4.0,0.0
243.35979355841252,3.0,0.0
243.36127835953857,4.0,0.0
243.3658137229288,3.0,0.0
243.3660950524273,2.0,0.0
243.3773887028102,3.0,0.0
243.3897247962581,2.0,0.0
243.39492092713272,1.0,0.0
243.44237521339156,2.0,0.0
243.45248569838049,1.0,0.0
243.4644823069718,2.0,0.0
243.4726031440413,3.0,0.0
243.49558155036527,4.0,0.0
243.4991406537437,3.0,0.0
243.51807019511432,4.0,0.0
243.51928965596835,3.0,0.0
243.53065215703683,2.0,0.0
243.54575526502137,1.0,0.0
243.5543815563113,2.0,0.0
243.56645540880893,1.0,0.0
243.56720868139763,0.0,0.0
243.57407816788194,1.0,0.0
243.57780485629436,0.0,0.0
243.59543575999595,1.0,0.0
243.59584010515354,2.0,0.0
243.59640618279323,3.0,0.0
243.61568871587966,4.0,0.0
243.62458736182228,3.0,0.0
243.6286727787736,4.0,0.0
243.6424136340257,3.0,0.0
243.65077194225236,2.0,0.0
243.66502824725555,1.0,0.0
243.6838627055843,0.0,0.0
243.7305563701509,1.0,0.0
243.73370971227175,2.0,0.0
243.76044874415422,3.0,0.0
243.76068399385653,2.0,0.0
243.76506150516832,3.0,0.0
243.76846987028281,4.0,0.0
243.79518748335005,5.0,0.0
243.79581143082143,6.0,0.0
243.79821531651868,5.0,0.0
243.80734392911697,4.0,0.0
243.81159312546123,3.0,0.0
243.8157679303527,4.0,0.0
243.81966131098343,3.0,0.0
243.8312972130049,4.0,0.0
243.83308393728475,5.0,0.0
243.8341462276751,6.0,0.0
243.83847572627423,7.0,0.0
243.84426703548473,6.0,0.0
243.84433359276144,5.0,0.0
243.84588004230528,6.0,0.0
243.8510697779883,7.0,0.0
243.8728485233823,8.0,0.0
243.88831937539683,7.0,0.0
243.89138140589324,6.0,0.0
243.89617409902684,7.0,0.0
243.89890548355658,6.0,0.0
243.90908302927087,7.0,0.0
243.91069354516364,6.0,0.0
243.9128289666003,5.0,0.0
243.9184105362826,4.0,0.0
243.93437888708235,5.0,0.0
243.94203094024698,6.0,0.0
243.94863282624573,7.0,0.0
243.9646479430714,8.0,0.0
243.965094763212,9.0,0.0
243.97178914727013,8.0,0.0
243.97399293300074,7.0,0.0
243.97486225495922,8.0,0.0
243.97743621080969,7.0,0.0
243.99047117736725,6.0,0.0
244.0161925854672,7.0,0.0
244.03495599729675,8.0,0.0
244.0429722984304,9.0,0.0
244.05743959972472,10.0,0.0
244.0642111783515,9.0,0.0
244.06821080176948,8.0,0.0
244.10122112990038,9.0,0.0
244.10916965891593,8.0,0.0
244.1112929065344,7.0,0.0
244.1116674833733,6.0,0.0
244.11389821052597,7.0,0.0
244.12166650180848,8.0,0.0
244.1297279891792,7.0,0.0
244.13358522648156,8.0,0.0
244.15696992799377,7.0,0.0
244.16735837445,6.0,0.0
244.1783030582664,7.0,0.0
244.17980106974164,8.0,0.0
244.1876575333829,7.0,0.0
244.202817668573,6.0,0.0
244.20799512621292,7.0,0.0
244.21298043263428,8.0,0.0
244.21656022511397,7.0,0.0
244.21835685410213,6.0,0.0
244.22326113417438,7.0,0.0
244.22525699481855,6.0,0.0
244.22670637623656,5.0,0.0
244.23274296072617,6.0,0.0
244.2488988297543,7.0,0.0
244.26549639049463,8.0,0.0
244.26588433444627,7.0,0.0
244.26739899687826,6.0,0.0
244.28506603304973,5.0,0.0
244.3045916956703,4.0,0.0
244.30705009044303,5.0,0.0
244.31345314620182,6.0,0.0
244.31903870584844,5.0,0.0
244.32719966515006,4.0,0.0
244.32952789441129,5.0,0.0
244.34342807371812,6.0,0.0
244.35984368705041,5.0,0.0
244.37121450739554,6.0,0.0
244.377459771635,7.0,0.0
244.39947792168275,6.0,0.0
244.40199021066456,7.0,0.0
244.43855709076826,6.0,0.0
244.44479400317886,5.0,0.0
244.44900501152588,6.0,0.0
244.45579225541655,7.0,0.0
244.45815827923184,8.0,0.0
244.4748215381463,7.0,0.0
244.47712890708573,8.0,0.0
244.47753103131473,7.0,0.0
244.49333098229937,8.0,0.0
244.51116516177981,7.0,0.0
244.51558924274525,8.0,0.0
244.51588073808668,9.0,0.0
244.51625963372697,8.0,0.0
244.51837685457545,7.0,0.0
244.51991737250538,8.0,0.0
244.52135851745626,9.0,0.0
244.52868287499436,8.0,0.0
244.52980203459822,9.0,0.0
244.5329332337157,10.0,0.0
244.55305840698466,11.0,0.0
244.5602865206315,10.0,0.0
244.56070574154126,9.0,0.0
244.57236768257528,8.0,0.0
244.58260453867112,7.0,0.0
244.58639526646567,6.0,0.0
244.5897473838999,7.0,0.0
244.5931915925628,6.0,0.0
244.59471970947698,7.0,0.0
244.59628442266958,8.0,0.0
244.60431247963692,9.0,0.0
244.61868652822628,8.0,0.0
244.62126282762932,9.0,0.0
244.62624251008256,10.0,0.0
244.6269024877572,11.0,0.0
244.63065212789016,10.0,0.0
244.63138287584619,11.0,0.0
244.63592608525948,12.0,0.0
244.6489263961632,13.0,0.0
244.65859077177896,14.0,0.0
244.66768466432492,15.0,0.0
244.6736912948281,16.0,0.0
244.67535081702468,17.0,0.0
244.6764363447641,16.0,0.0
244.68901043597856,15.0,0.0
244.69032497334646,14.0,0.0
244.70058387733332,15.0,0.0
244.70273985943672,14.0,0.0
244.71322930948142,15.0,0.0
244.71410133892775,16.0,0.0
244.74068512832434,15.0,0.0
244.74810989184493,16.0,0.0
244.76282812173804,15.0,0.0
244.7656086891919,16.0,0.0
244.77647790758917,15.0,0.0
244.77826634420123,16.0,0.0
244.79201257019454,15.0,0.0
244.8100000213416,16.0,0.0
244.81185551169565,17.0,0.0
244.81199703994713,16.0,0.0
244.82883513176418,15.0,0.0
244.83000697991548,16.0,0.0
244.83064604526413,15.0,0.0
244.83090451068796,16.0,0.0
244.83941657963243,17.0,0.0
244.84059194211554,18.0,0.0
244.8528412762149,17.0,0.0
244.8570595554379,16.0,0.0
244.86045412744554,17.0,0.0
244.8686531949776,18.0,0.0
244.8812792199238,19.0,0.0
244.884150210278,18.0,0.0
244.89004089167824,19.0,0.0
244.90195822456096,18.0,0.0
244.90255987642908,19.0,0.0
244.90369962482455,20.0,0.0
244.90533175283434,19.0,0.0
244.90849668578917,18.0,0.0
244.9097525409181,19.0,0.0
244.91201666605667,18.0,0.0
244.91576754427967,17.0,0.0
244.91735059537774,18.0,0.0
244.91747897338172,17.0,0.0
244.9268446229591,18.0,0.0
244.93057076207586,19.0,0.0
244.95442939523485,18.0,0.0
244.95564137570003,17.0,0.0
244.96589143852296,16.0,0.0
244.9698868269111,17.0,0.0
244.97524584017972,18.0,0.0
244.98098026129554,19.0,0.0
244.9882264580661,20.0,0.0
245.0170877642915,21.0,0.0
245.01840187411665,22.0,0.0
245.02246660852566,23.0,0.0
245.0328907540914,22.0,0.0
245.03641261492953,21.0,0.0
245.0426889497037,20.0,0.0
245.0442853529265,19.0,0.0
245.04577537202132,20.0,0.0
245.0516225630564,19.0,0.0
245.05204254607864,20.0,0.0
245.053459640175,21.0,0.0
245.05400429356106,20.0,0.0
245.05747322093828,21.0,0.0
245.0609822188609,22.0,0.0
245.06413294648277,23.0,0.0
245.06650845267518,24.0,0.0
245.07231331675948,25.0,0.0
245.07256517452,26.0,0.0
245.07530728404572,27.0,0.0
245.0768892769278,28.0,0.0
245.0820083804681,27.0,0.0
245.08296826175206,26.0,0.0
245.08734211532408,25.0,0.0
245.09178430009806,26.0,0.0
245.09818064707738,27.0,0.0
245.10031868772387,26.0,0.0
245.11522732855803,27.0,0.0
245.122778167552,26.0,0.0
245.13022656358055,25.0,0.0
245.1324263213196,24.0,0.0
245.1425215141524,25.0,0.0
245.14355499008673,24.0,0.0
245.14553556037987,23.0,0.0
245.148179880292,22.0,0.0
245.15152593268866,21.0,0.0
245.15479124539846,20.0,0.0
245.1598434778722,19.0,0.0
245.16926587638187,20.0,0.0
245.17036105669504,19.0,0.0
245.17837318021674,20.0,0.0
245.17927181162156,21.0,0.0
245.1846997947294,22.0,0.0
245.19433977068337,23.0,0.0
245.1993670060544,22.0,0.0
245.2023719092717,23.0,0.0
245.2037200865242,24.0,0.0
245.21129866589612,23.0,0.0
245.22021350366325,22.0,0.0
245.2332458889059,23.0,0.0
245.23540207042424,22.0,0.0
245.24527602411936,21.0,0.0
245.25552253088057,20.0,0.0
245.25717515519824,21.0,0.0
245.25829088959284,22.0,0.0
245.26355712354814,21.0,0.0
245.27176195771483,20.0,0.0
245.28292164974846,19.0,0.0
245.28722323384596,18.0,0.0
245.30090018468243,19.0,0.0
245.3028546011923,20.0,0.0
245.31554565048788,21.0,0.0
245.3237579118259,20.0,0.0
245.32450817984258,19.0,0.0
245.32768906987445,20.0,0.0
245.3393808121219,19.0,0.0
245.34548601478699,18.0,0.0
245.34559782792482,17.0,0.0
245.34637551999285,18.0,0.0
245.35243532015022,19.0,0.0
245.35606620772126,18.0,0.0
245.3634178435045,19.0,0.0
245.36466752688557,20.0,0.0
245.36879021237183,21.0,0.0
245.37374020556356,20.0,0.0
245.3817000694923,21.0,0.0
245.39696240980868,22.0,0.0
245.42221041020366,23.0,0.0
245.4367435562632,24.0,0.0
245.43775605737588,23.0,0.0
245.4393149950754,24.0,0.0
245.4405850521222,25.0,0.0
245.44560963266397,24.0,0.0
245.4501834736958,23.0,0.0
245.45287876735293,22.0,0.0
245.45430101637464,21.0,0.0
245.45661737572493,22.0,0.0
245.45802845039668,23.0,0.0
245.46220022941873,22.0,0.0
245.47805653752525,23.0,0.0
245.47916235518406,24.0,0.0
245.4902256541326,25.0,0.0
245.49343085157795,24.0,0.0
245.49918093307784,23.0,0.0
245.5057655051382,22.0,0.0
245.51784148041975,21.0,0.0
245.5236478569676,20.0,0.0
245.5352772732089,21.0,0.0
245.53660386064357,20.0,0.0
245.53807447112573,19.0,0.0
245.53990022997948,20.0,0.0
245.5516980772489,19.0,0.0
245.55467912864304,18.0,0.0
245.55544725439287,19.0,0.0
245.55779479719604,20.0,0.0
245.55945468374588,21.0,0.0
245.56938677669658,22.0,0.0
245.5752440424978,21.0,0.0
245.5754483475053,22.0,0.0
245.57947082805572,23.0,0.0
245.5933500937938,22.0,0.0
245.59828702303025,23.0,0.0
245.62089636701094,24.0,0.0
245.64523074921004,25.0,0.0
245.64719767578967,26.0,0.0
245.67371970968148,27.0,0.0
245.67463363954894,28.0,0.0
245.67588727640623,29.0,0.0
245.67689823143027,30.0,0.0
245.6884822584101,31.0,0.0
245.7005172188618,32.0,0.0
245.71426278382492,33.0,0.0
245.7186300223175,34.0,0.0
245.72298099352517,33.0,0.0
245.72434555955132,34.0,0.0
245.72537514269837,33.0,0.0
245.72982657529246,32.0,0.0
245.74220574639818,33.0,0.0
245.74274472009438,34.0,0.0
245.74385527229404,35.0,0.0
245.7591861437518,34.0,0.0
245.76113880193265,33.0,0.0
245.7633115379287,34.0,0.0
245.76548614174283,35.0,0.0
245.76742108898446,36.0,0.0
245.7681573948252,35.0,0.0
245.77161849708742,34.0,0.0
245.7746628225464,33.0,0.0
245.77550971482185,32.0,0.0
245.80271178519476,33.0,0.0
245.80935276186412,32.0,0.0
245.81225790108658,31.0,0.0
245.81887082886814,32.0,0.0
245.81955992334343,31.0,0.0
245.82116038740037,30.0,0.0
245.821272352644,31.0,0.0
245.82249925278367,30.0,0.0
245.83372251271945,31.0,0.0
245.83664785969924,30.0,0.0
245.845350629308,31.0,0.0
245.8471796887367,32.0,0.0
245.84750220235247,33.0,0.0
245.87956341868616,34.0,0.0
245.8838654495544,33.0,0.0
245.88485035391125,34.0,0.0
245.88568615734204,33.0,0.0
245.89455396968455,32.0,0.0
245.8947496335708,31.0,0.0
245.90094046473422,32.0,0.0
245.90428872564476,31.0,0.0
245.91238284336967,32.0,0.0
245.9136663795749,33.0,0.0
245.9139014092761,32.0,0.0
245.9161883272488,31.0,0.0
245.91810717728612,32.0,0.0
245.92183396500207,31.0,0.0
245.92273562969407,32.0,0.0
245.92379032170118,33.0,0.0
245.92448080587263,32.0,0.0
245.93399269489635,33.0,0.0
245.93461545023482,32.0,0.0
245.93461696557338,33.0,0.0
245.93719559734993,34.0,0.0
245.93816324098535,35.0,0.0
245.94263648632042,34.0,0.0
245.962140550699,35.0,0.0
245.9631089345633,36.0,0.0
245.97087804676454,35.0,0.0
245.9719796812761,34.0,0.0
245.97472072106663,35.0,0.0
245.9785299205359,34.0,0.0
245.98415140731805,35.0,0.0
245.98782023134532,36.0,0.0
245.9917049856226,35.0,0.0
245.99474872484524,36.0,0.0
245.99640142138378,37.0,0.0
246.00063233750498,38.0,0.0
246.01441156712204,39.0,0.0
246.01561419482167,38.0,0.0
246.01672387412907,37.0,0.0
246.01759163795938,38.0,0.0
246.01993782934053,39.0,0.0
246.02165089698514,40.0,0.0
246.0233214684031,41.0,0.0
246.02406070707804,42.0,0.0
246.0242419950443,41.0,0.0
246.02511418189218,42.0,0.0
246.03835092707584,41.0,0.0
246.04352046085907,40.0,0.0
246.04820015213406,39.0,0.0
246.0594227225534,40.0,0.0
246.0974674690697,39.0,0.0
246.11069747081052,38.0,0.0
246.11231000233695,39.0,0.0
246.11689906058808,40.0,0.0
246.11999787094783,41.0,0.0
246.12175781759737,40.0,0.0
246.12210534134135,41.0,0.0
246.1224361674834,42.0,0.0
246.12983133564404,43.0,0.0
246.13189053199002,42.0,0.0
246.1370398304325,43.0,0.0
246.13747985342354,44.0,0.0
246.14086882138648,45.0,0.0
246.15218117611414,44.0,0.0
246.1599832659761,43.0,0.0
246.16148513313252,42.0,0.0
246.16333401358074,43.0,0.0
246.16426308911585,44.0,0.0
246.16880352125835,43.0,0.0
246.17153267076705,42.0,0.0
246.1815228034489,41.0,0.0
246.18732838351116,42.0,0.0
246.19097408529078,41.0,0.0
246.192052070049,42.0,0.0
246.19447721302384,43.0,0.0
246.1956938644616,42.0,0.0
246.1974241759144,43.0,0.0
246.20811743054873,42.0,0.0
246.20975856039814,41.0,0.0
246.2192840941472,40.0,0.0
246.23056198180257,39.0,0.0
246.2350290638326,40.0,0.0
246.24069843844217,39.0,0.0
246.24489066757297,38.0,0.0
246.24968403764296,37.0,0.0
246.25128411905234,36.0,0.0
246.25200401839157,35.0,0.0
246.25937329439554,34.0,0.0
246.259583710495,35.0,0.0
246.26525441812612,36.0,0.0
246.26936394076017,37.0,0.0
246.27063391405872,38.0,0.0
246.27613800318562,39.0,0.0
246.28873458700994,40.0,0.0
246.2944520762225,41.0,0.0
246.30739053584216,40.0,0.0
246.31486116698048,39.0,0.0
246.3290165930765,40.0,0.0
246.33091723855708,39.0,0.0
246.33856622715254,38.0,0.0
246.33869996590437,37.0,0.0
246.34068047197954,36.0,0.0
246.34976464311458,37.0,0.0
246.37860814364683,38.0,0.0
246.38718225833125,39.0,0.0
246.39206766453,38.0,0.0
246.39342903369422,39.0,0.0
246.397512038212,40.0,0.0
246.40437854592145,41.0,0.0
246.41392232368034,42.0,0.0
246.4179812193407,43.0,0.0
246.44331495567428,42.0,0.0
246.4548057232313,41.0,0.0
246.45920045301858,40.0,0.0
246.47362353373794,39.0,0.0
246.47590926858823,40.0,0.0
246.492833584309,41.0,0.0
246.50140472161362,42.0,0.0
246.50653911043133,41.0,0.0
246.5089523026928,40.0,0.0
246.5133863936086,39.0,0.0
246.51395859412403,38.0,0.0
246.51556759427115,39.0,0.0
246.53617971875437,38.0,0.0
246.54230964826104,37.0,0.0
246.54743139627502,36.0,0.0
246.54874456387805,35.0,0.0
246.55837985918367,36.0,0.0
246.55930025427696,37.0,0.0
246.56875660562042,38.0,0.0
246.57691368295767,37.0,0.0
246.57847050981934,38.0,0.0
246.5848262824293,39.0,0.0
246.585764700493,38.0,0.0
246.58932067383174,37.0,0.0
246.595443022044,36.0,0.0
246.59784772970747,35.0,0.0
246.6048873124681,36.0,0.0
246.6085645842073,35.0,0.0
246.60938731551522,36.0,0.0
246.61093136527228,37.0,0.0
246.61517725946698,36.0,0.0
246.62355051529627,35.0,0.0
246.62729077241252,34.0,0.0
246.63510060228614,33.0,0.0
246.64099489101343,32.0,0.0
246.64661021355016,33.0,0.0
246.65519351098422,34.0,0.0
246.65791831065602,33.0,0.0
246.66015710302003,32.0,0.0
246.66225847123982,33.0,0.0
246.66571694666007,34.0,0.0
246.67097107627504,35.0,0.0
246.68030876106786,34.0,0.0
246.68105196769443,35.0,0.0
246.6927008061963,36.0,0.0
246.6936711753756,37.0,0.0
246.6952537492692,36.0,0.0
246.69674403316694,37.0,0.0
246.70254675378834,36.0,0.0
246.7055567694743,35.0,0.0
246.7079985736532,36.0,0.0
246.71420349119796,37.0,0.0
246.71751127885707,38.0,0.0
246.71959326987448,37.0,0.0
246.72666333324258,38.0,0.0
246.72771265775626,39.0,0.0
246.72791986716473,38.0,0.0
246.72893939038505,37.0,0.0
246.73139428132794,38.0,0.0
246.7330971894232,39.0,0.0
246.73574849402019,38.0,0.0
246.75999743120352,37.0,0.0
246.76370444148435,38.0,0.0
246.7735043974584,37.0,0.0
246.7766898798306,38.0,0.0
246.7859602651817,39.0,0.0
246.78844588005794,40.0,0.0
246.79372900196108,41.0,0.0
246.79842236595633,42.0,0.0
246.83087054970164,41.0,0.0
246.83639152335098,42.0,0.0
246.8457996637763,41.0,0.0
246.84596509407436,40.0,0.0
246.85423341693175,39.0,0.0
246.86059770730424,38.0,0.0
246.86497776939396,37.0,0.0
246.86718571050355,36.0,0.0
246.86848648893022,35.0,0.0
246.8777823153589,34.0,0.0
246.8803414710096,35.0,0.0
246.88102534354095,36.0,0.0
246.8890806937492,37.0,0.0
246.89517320737392,36.0,0.0
246.89625721036404,37.0,0.0
246.91275260656164,38.0,0.0
246.9146623028103,39.0,0.0
246.91667295341404,38.0,0.0
246.91894938781988,39.0,0.0
246.91979361490735,40.0,0.0
246.93561923163134,41.0,0.0
246.96219127144786,42.0,0.0
246.96361200628675,43.0,0.0
246.9643191686089,44.0,0.0
246.9660659726732,45.0,0.0
246.9693658912878,46.0,0.0
246.98024838206211,47.0,0.0
246.98761078791847,46.0,0.0
246.9899798320633,45.0,0.0
246.99555320377303,44.0,0.0
246.99564432397366,43.0,0.0
247.0018696336731,44.0,0.0
247.0071687735186,45.0,0.0
247.0101038240944,44.0,0.0
247.0109816244106,43.0,0.0
247.0137605000464,42.0,0.0
247.01759709078178,43.0,0.0
247.01861033307517,42.0,0.0
247.02371650619443,43.0,0.0
247.04745193751612,42.0,0.0
247.0532722774593,43.0,0.0
247.05535169296897,44.0,0.0
247.0590741705784,45.0,0.0
247.07340792303899,46.0,0.0
247.09122992728481,47.0,0.0
247.1018912828141,48.0,0.0
247.10538057216323,49.0,0.0
247.1058576691592,50.0,0.0
247.10688000222018,51.0,0.0
247.1134738022843,50.0,0.0
247.11685525173164,49.0,0.0
247.11959810789492,50.0,0.0
247.1258783532029,51.0,0.0
247.1310757718973,50.0,0.0
247.14759905531318,51.0,0.0
247.14813569622265,52.0,0.0
247.14982981386686,53.0,0.0
247.15045666414767,52.0,0.0
247.1507180952135,51.0,0.0
247.15263787735813,52.0,0.0
247.15327538427886,51.0,0.0
247.15492073969708,52.0,0.0
247.15555223393463,53.0,0.0
247.16754054705729,52.0,0.0
247.1681350403968,51.0,0.0
247.17140677524557,50.0,0.0
247.18022209117353,49.0,0.0
247.18811978395303,48.0,0.0
247.18815254324093,49.0,0.0
247.1967286971819,50.0,0.0
247.20757962043263,51.0,0.0
247.21631423550832,50.0,0.0
247.22372331591552,51.0,0.0
247.22661578589106,52.0,0.0
247.22710544848226,51.0,0.0
247.22751399475536,52.0,0.0
247.2291808999762,53.0,0.0
247.2381471427867,52.0,0.0
247.24069598285087,53.0,0.0
247.24119331352497,52.0,0.0
247.24548855898968,51.0,0.0
247.25897916246956,52.0,0.0
247.2647207035955,53.0,0.0
247.26748037657293,54.0,0.0
247.26886576966453,53.0,0.0
247.27460137708434,54.0,0.0
247.2838332372123,53.0,0.0
247.29214631515205,54.0,0.0
247.29236058471554,53.0,0.0
247.29662776662,54.0,0.0
247.305363846332,55.0,0.0
247.3059272754087,56.0,0.0
247.3130850854895,57.0,0.0
247.31852984199404,56.0,0.0
247.31957249885463,57.0,0.0
247.3276858116882,56.0,0.0
247.3329361295709,55.0,0.0
247.33926941258068,54.0,0.0
247.34091501067854,55.0,0.0
247.34263750819616,56.0,0.0
247.35377499607887,57.0,0.0
247.36690976002248,56.0,0.0
247.37957320095856,57.0,0.0
247.38311233956878,58.0,0.0
247.3901660391556,59.0,0.0
247.3988624000006,60.0,0.0
247.41296110724514,61.0,0.0
247.4136461000118,60.0,0.0
247.4203797539369,59.0,0.0
247.4207192377917,60.0,0.0
247.42947120184175,59.0,0.0
247.43954108902273,58.0,0.0
247.44484483390752,59.0,0.0
247.45607956452386,60.0,0.0
247.4611295167866,61.0,0.0
247.46145882974758,62.0,0.0
247.4654752005055,61.0,0.0
247.46648037330303,60.0,0.0
247.46754369926498,59.0,0.0
247.49301028399387,60.0,0.0
247.49617043607293,61.0,0.0
247.5029641247885,62.0,0.0
247.5044758117382,61.0,0.0
247.50802977981755,60.0,0.0
247.51147159084235,61.0,0.0
247.51170920402794,62.0,0.0
247.51741473152478,61.0,0.0
247.5227210638981,62.0,0.0
247.5304140602712,63.0,0.0
247.53715119401156,64.0,0.0
247.5506874929819,65.0,0.0
247.55312331320675,64.0,0.0
247.55325091941177,65.0,0.0
247.558055037704,64.0,0.0
247.5750003804262,63.0,0.0
247.57841010945123,64.0,0.0
247.58436363868242,65.0,0.0
247.59164609052644,66.0,0.0
247.59832126874736,67.0,0.0
247.5990370021517,66.0,0.0
247.60945124405606,67.0,0.0
247.61393335593536,68.0,0.0
247.63011224153115,69.0,0.0
247.6305949115231,70.0,0.0
247.63299197971267,71.0,0.0
247.63380070094829,70.0,0.0
247.63792077502478,71.0,0.0
247.6417314727376,72.0,0.0
247.645001796867,73.0,0.0
247.65501958742055,74.0,0.0
247.6596948020566,75.0,0.0
247.66183642272992,74.0,0.0
247.6684865014786,75.0,0.0
247.67126285465474,74.0,0.0
247.674301183105,75.0,0.0
247.69230308456173,76.0,0.0
247.70835484552265,75.0,0.0
247.71428629884642,76.0,0.0
247.730894284323,75.0,0.0
247.73131976529103,76.0,0.0
247.7333419239651,77.0,0.0
247.73515439718318,76.0,0.0
247.7358280556317,75.0,0.0
247.7482324251474,76.0,0.0
247.75599573784348,75.0,0.0
247.7620197881764,74.0,0.0
247.7764142617791,73.0,0.0
247.78058521019372,74.0,0.0
247.7818784648438,75.0,0.0
247.78288856635658,74.0,0.0
247.78474248058453,75.0,0.0
247.78749069425322,76.0,0.0
247.797271549774,75.0,0.0
247.8057347050337,74.0,0.0
247.81022438744293,73.0,0.0
247.81820444728842,72.0,0.0
247.81863964037413,73.0,0.0
247.82286381504179,74.0,0.0
247.8254089296159,73.0,0.0
247.83021289606057,72.0,0.0
247.8348476027981,73.0,0.0
247.8389838951131,72.0,0.0
247.84071169083848,71.0,0.0
247.84134666044022,70.0,0.0
247.84404635115794,71.0,0.0
247.84863268186896,70.0,0.0
247.84977485160525,71.0,0.0
247.8512493231501,72.0,0.0
247.85179895155227,71.0,0.0
247.85528144336197,70.0,0.0
247.86351787183466,69.0,0.0
247.86732706333004,70.0,0.0
247.86996953048012,69.0,0.0
247.87286565469367,68.0,0.0
247.87403879377823,69.0,0.0
247.8788630867287,68.0,0.0
247.88580414517065,67.0,0.0
247.88714446307864,66.0,0.0
247.88745369599926,65.0,0.0
247.88884207212476,66.0,0.0
247.89511231734355,67.0,0.0
247.91215086106052,68.0,0.0
247.91268044120454,67.0,0.0
247.9249872651387,66.0,0.0
247.92688140462056,65.0,0.0
247.92741295152518,66.0,0.0
247.93686574607608,65.0,0.0
247.93936182607126,66.0,0.0
247.94767498327045,65.0,0.0
247.95644110256617,66.0,0.0
247.95674863920516,67.0,0.0
247.9758134830487,68.0,0.0
247.97986881875553,69.0,0.0
247.985998106866,68.0,0.0
247.98761729023508,67.0,0.0
247.9893692795378,66.0,0.0
247.99084091940807,65.0,0.0
247.99312660277363,66.0,0.0
248.00029317271972,65.0,0.0
248.01178647594713,64.0,0.0
248.0131675037044,63.0,0.0
248.0145940309188,62.0,0.0
248.02066230557972,61.0,0.0
248.02143475242798,62.0,0.0
248.0338706154923,61.0,0.0
248.0562148452389,60.0,0.0
248.05661379555582,61.0,0.0
248.06091129322627,60.0,0.0
248.06359385834313,61.0,0.0
248.07884131311073,60.0,0.0
248.0801333060732,61.0,0.0
248.08324779493168,62.0,0.0
248.08435778110504,61.0,0.0
248.08961217238144,60.0,0.0
248.1053562288265,61.0,0.0
248.1172993196454,62.0,0.0
248.11861948861022,61.0,0.0
248.12461940226265,62.0,0.0
248.13195549562346,61.0,0.0
248.1350462560895,60.0,0.0
248.1426074668802,59.0,0.0
248.14271793188786,58.0,0.0
248.14906484886419,59.0,0.0
248.1518918545014,60.0,0.0
248.16225242175736,59.0,0.0
248.17536120494592,60.0,0.0
248.17729846029178,59.0,0.0
248.1819783722171,60.0,0.0
248.18364095984182,59.0,0.0
248.18396533452812,60.0,0.0
248.18728821079765,61.0,0.0
248.187337059935,62.0,0.0
248.19243094720642,61.0,0.0
248.19721353985312,60.0,0.0
248.19722563039196,61.0,0.0
248.19969682827858,60.0,0.0
248.21196838264314,59.0,0.0
248.21325207142502,60.0,0.0
248.21700304421663,61.0,0.0
248.22563246004052,60.0,0.0
248.22599620903316,61.0,0.0
248.2266629889291,60.0,0.0
248.23751113448628,59.0,0.0
248.24577133235582,58.0,0.0
248.245823449089,57.0,0.0
248.2467472376323,58.0,0.0
248.24759335594857,59.0,0.0
248.2500689698447,58.0,0.0
248.27712004947685,57.0,0.0
248.29394307233198,56.0,0.0
248.30145777619623,55.0,0.0
248.30305485817757,54.0,0.0
248.3048753729829,55.0,0.0
248.30753304514252,56.0,0.0
248.31474854404547,57.0,0.0
248.31670226864668,58.0,0.0
248.3224043883033,57.0,0.0
248.3294591542676,58.0,0.0
248.3306762478971,59.0,0.0
248.33737528008095,60.0,0.0
248.34285064934937,61.0,0.0
248.3472490455357,60.0,0.0
248.35483395481901,61.0,0.0
248.35571662107486,62.0,0.0
248.35821207636172,63.0,0.0
248.36171923498307,62.0,0.0
248.3648212761225,61.0,0.0
248.36648660500668,60.0,0.0
248.37062074929665,59.0,0.0
248.37124777608108,60.0,0.0
248.37189765169495,59.0,0.0
248.3733410699417,60.0,0.0
248.37414718708848,61.0,0.0
248.3837550130273,60.0,0.0
248.38921850054817,61.0,0.0
248.39396540785876,62.0,0.0
248.39758476392788,63.0,0.0
248.3980497093891,62.0,0.0
248.39817410649417,63.0,0.0
248.39959820640365,62.0,0.0
248.41375920723,63.0,0.0
248.41781806370864,64.0,0.0
248.4202747327747,63.0,0.0
248.4221603803342,62.0,0.0
248.42458291546455,63.0,0.0
248.43913687032878,64.0,0.0
248.44560325167237,65.0,0.0
248.4460280744627,64.0,0.0
248.45138599791724,65.0,0.0
248.46748908473543,66.0,0.0
248.47067653850507,65.0,0.0
248.4708523844476,66.0,0.0
248.4803314998895,65.0,0.0
248.48643649474747,66.0,0.0
248.49251591994354,67.0,0.0
248.49668138784583,68.0,0.0
248.50870478011052,69.0,0.0
248.50876379962517,70.0,0.0
248.5090560410096,71.0,0.0
248.5098994382572,72.0,0.0
248.51126245529974,73.0,0.0
248.5116278671923,72.0,0.0
248.51363527311784,73.0,0.0
248.5191617553451,74.0,0.0
248.5283959810003,75.0,0.0
248.52921024450112,74.0,0.0
248.5302329266391,75.0,0.0
248.5372729024454,76.0,0.0
248.543798603003,77.0,0.0
248.5573274225718,78.0,0.0
248.56479405315267,79.0,0.0
248.56682254102896,80.0,0.0
248.57072576687148,79.0,0.0
248.59400891543527,80.0,0.0
248.59830452021737,81.0,0.0
248.5997501174388,80.0,0.0
248.6125341112212,81.0,0.0
248.62941010281546,82.0,0.0
248.63201551333836,81.0,0.0
248.63367272744443,82.0,0.0
248.6366990300613,81.0,0.0
248.63786711833717,80.0,0.0
248.6404718625503,79.0,0.0
248.6443129782724,78.0,0.0
248.6488696966341,77.0,0.0
248.65128117880204,78.0,0.0
248.65240490247487,77.0,0.0
248.6544712705667,78.0,0.0
248.6545950517361,77.0,0.0
248.6703945226746,78.0,0.0
248.69150002375653,79.0,0.0
248.70025799501246,78.0,0.0
248.70105005286254,79.0,0.0
248.7051756353259,80.0,0.0
248.71210986458135,79.0,0.0
248.71532390013627,80.0,0.0
248.71964364578747,81.0,0.0
248.72952845965116,82.0,0.0
248.7359067885081,83.0,0.0
248.73619520582074,84.0,0.0
248.73884519376048,83.0,0.0
248.74513183448533,82.0,0.0
248.75682366528275,81.0,0.0
248.7570475995645,80.0,0.0
248.75807898470288,81.0,0.0
248.7609788422906,80.0,0.0
248.7754353245206,79.0,0.0
248.7805252832644,80.0,0.0
248.78125519337925,81.0,0.0
248.79072740502767,80.0,0.0
248.79437360584754,79.0,0.0
248.79759927761484,80.0,0.0
248.79760593151693,81.0,0.0
248.82342494157808,82.0,0.0
248.83362464041275,83.0,0.0
248.834978179374,82.0,0.0
248.83738064907317,83.0,0.0
248.8453041478838,82.0,0.0
248.84575955630385,83.0,0.0
248.84837798962138,84.0,0.0
248.8520235335068,85.0,0.0
248.86206468619767,84.0,0.0
248.8732292302511,83.0,0.0
248.8735723303343,82.0,0.0
248.88051658773128,83.0,0.0
248.8885063204225,84.0,0.0
248.89079104350924,85.0,0.0
248.89832556321448,86.0,0.0
248.9025383631672,85.0,0.0
248.906767693113,86.0,0.0
248.91081925676846,87.0,0.0
248.9229396210353,86.0,0.0
248.92861743198807,87.0,0.0
248.93595251077102,88.0,0.0
248.93876034229294,89.0,0.0
248.9404398324399,88.0,0.0
248.94877897920634,87.0,0.0
248.95091513604388,88.0,0.0
248.95431133125842,87.0,0.0
248.95529493718277,86.0,0.0
248.95652913658665,85.0,0.0
248.95739417495034,84.0,0.0
248.9691657796862,83.0,0.0
248.972617272222,84.0,0.0
248.9743044960899,83.0,0.0
248.97559325551669,84.0,0.0
248.98089675048064,85.0,0.0
248.98446028861218,86.0,0.0
248.99502383676523,85.0,0.0
249.01080688826033,86.0,0.0
249.01184379996735,87.0,0.0
249.0176332590793,88.0,0.0
249.0244384385279,89.0,0.0
249.0271890319902,90.0,0.0
249.02928559734923,91.0,0.0
249.03845799532775,90.0,0.0
249.04007663339456,89.0,0.0
249.04694630909145,88.0,0.0
249.04783090443237,89.0,0.0
249.04940228508346,90.0,0.0
249.06855663156264,91.0,0.0
249.0899206587104,90.0,0.0
249.0944050546075,91.0,0.0
249.09742350486687,92.0,0.0
249.10598410507723,91.0,0.0
249.11589061540775,90.0,0.0
249.11616367348537,89.0,0.0
249.1172649187099,88.0,0.0
249.11893539306456,89.0,0.0
249.11936851766743,88.0,0.0
249.12175738088283,89.0,0.0
249.12638524921732,88.0,0.0
249.14099664370673,87.0,0.0
249.14210682141177,88.0,0.0
249.1425157577942,87.0,0.0
249.14886976566197,86.0,0.0
249.15349897632933,85.0,0.0
249.16300088181424,86.0,0.0
249.17040191083146,87.0,0.0
249.171324380008,88.0,0.0
249.17667029235454,87.0,0.0
249.17770832077628,86.0,0.0
249.17843848148817,85.0,0.0
249.17885817546642,86.0,0.0
249.1897818374254,87.0,0.0
249.19257407930246,86.0,0.0
249.20047157240666,85.0,0.0
249.21219514089285,84.0,0.0
249.21379279042972,83.0,0.0
249.21685987077478,84.0,0.0
249.22395689191876,85.0,0.0
249.2243780815311,84.0,0.0
249.22515566853298,83.0,0.0
249.23830255644953,82.0,0.0
249.24608859370647,81.0,0.0
249.24891502476444,80.0,0.0
249.2512954405979,79.0,0.0
249.25149185792134,80.0,0.0
249.25186128683652,81.0,0.0
249.29884000739693,82.0,0.0
249.30159505034217,81.0,0.0
249.3022991734549,82.0,0.0
249.3049675161052,83.0,0.0
249.3070473259286,84.0,0.0
249.3100996565655,85.0,0.0
249.31553022911595,84.0,0.0
249.3201562319589,83.0,0.0
249.3292712373895,84.0,0.0
249.33148997649556,85.0,0.0
249.3367104170618,86.0,0.0
249.33766074735294,85.0,0.0
249.34019616497312,86.0,0.0
249.3410563328959,87.0,0.0
249.35374689460144,88.0,0.0
249.35898074531335,87.0,0.0
249.3615074037512,86.0,0.0
249.36413849182821,85.0,0.0
249.36635728628573,84.0,0.0
249.36811214994057,83.0,0.0
249.3694686733187,84.0,0.0
249.3806318006421,83.0,0.0
249.387653205141,84.0,0.0
249.40562560502806,85.0,0.0
249.41927631068612,84.0,0.0
249.42220963837843,85.0,0.0
249.42884849564345,84.0,0.0
249.4314330203816,83.0,0.0
249.43221896027276,82.0,0.0
249.4400237840742,83.0,0.0
249.4417635948334,82.0,0.0
249.44350211422952,83.0,0.0
249.44423951302318,82.0,0.0
249.47756022182725,81.0,0.0
249.48808349463133,82.0,0.0
249.4911215274743,81.0,0.0
249.50056452176187,82.0,0.0
249.50252539218832,83.0,0.0
249.50570165166067,82.0,0.0
249.5159263886822,83.0,0.0
249.51932900929174,82.0,0.0
249.52550839041214,81.0,0.0
249.5271867419492,82.0,0.0
249.52914397798446,83.0,0.0
249.5325753088165,82.0,0.0
249.55244799458987,83.0,0.0
249.560320645025,84.0,0.0
249.56261343737455,83.0,0.0
249.57422503144053,82.0,0.0
249.5750608779494,81.0,0.0
249.575096410313,80.0,0.0
249.57626570386884,81.0,0.0
249.58033509334308,82.0,0.0
249.5849811036816,83.0,0.0
249.5861509962137,82.0,0.0
249.5909369027282,83.0,0.0
249.60490768720408,82.0,0.0
249.61336374005947,83.0,0.0
249.61552642142144,82.0,0.0
249.6297651855399,83.0,0.0
249.64368847564003,84.0,0.0
249.66936676065535,83.0,0.0
249.66993487437088,84.0,0.0
249.67101596684319,85.0,0.0
249.676321202572,84.0,0.0
249.68131199291378,85.0,0.0
249.68245693728548,84.0,0.0
249.6876499492899,85.0,0.0
249.6919689480408,86.0,0.0
249.69868110824245,85.0,0.0
249.70313341494688,86.0,0.0
249.7089854494779,87.0,0.0
249.70994330700447,88.0,0.0
249.71060458724105,89.0,0.0
249.71972617396443,88.0,0.0
249.7199896305685,87.0,0.0
249.72717546098258,86.0,0.0
249.73382853330938,87.0,0.0
249.73768111076657,88.0,0.0
249.73951149235842,87.0,0.0
249.74075842743122,88.0,0.0
249.75783241145353,87.0,0.0
249.76240699330222,88.0,0.0
249.76711350870292,87.0,0.0
249.77374320114018,88.0,0.0
249.77940317091256,89.0,0.0
249.78703009216864,90.0,0.0
249.7888948349738,91.0,0.0
249.79028175884346,92.0,0.0
249.79669424944888,91.0,0.0
249.79845221154392,92.0,0.0
249.812754313013,93.0,0.0
249.8188547615008,94.0,0.0
249.83248410619328,95.0,0.0
249.83361209759082,94.0,0.0
249.83388862879218,93.0,0.0
249.84666538266163,94.0,0.0
249.85000289193124,93.0,0.0
249.859190855241,94.0,0.0
249.8730643937036,95.0,0.0
249.8827232437337,94.0,0.0
249.89085416008822,93.0,0.0
249.8959166974209,94.0,0.0
249.89784552806933,95.0,0.0
249.9127763279732,94.0,0.0
249.9192846808426,95.0,0.0
249.9219295456859,94.0,0.0
249.9219584618529,93.0,0.0
249.93146297982454,94.0,0.0
249.94492848502387,93.0,0.0
249.9479377544178,92.0,0.0
249.95561950780115,93.0,0.0
249.95873219366496,92.0,0.0
249.97775611063534,91.0,0.0
249.98182849834285,90.0,0.0
249.98548457411252,91.0,0.0
249.99227658782092,92.0,0.0
249.99593157785034,91.0,0.0
250.00167798773936,90.0,0.0
250.00202912467915,89.0,0.0
250.01436893125407,90.0,0.0
250.01883287171242,91.0,0.0
250.01965036188614,90.0,0.0
250.02024021544005,89.0,0.0
250.0202458278609,88.0,0.0
250.02864514750286,87.0,0.0
250.03816784952812,86.0,0.0
250.0384354616099,87.0,0.0
250.04080656433968,86.0,0.0
250.04110901347028,85.0,0.0
250.0450283796154,84.0,0.0
250.04686778295482,85.0,0.0
250.0481927237279,86.0,0.0
250.06221348293502,87.0,0.0
250.06378674523145,88.0,0.0
250.0658520276727,89.0,0.0
250.07435928506058,90.0,0.0
250.07889778016724,91.0,0.0
250.0799494996177,92.0,0.0
250.1070885185509,91.0,0.0
250.10982370377315,92.0,0.0
250.1192348002781,91.0,0.0
250.12569480165104,90.0,0.0
250.12795078693136,89.0,0.0
250.13612225249472,90.0,0.0
250.1405072430026,89.0,0.0
250.14344286917506,88.0,0.0
250.14565850114008,89.0,0.0
250.14737435840473,88.0,0.0
250.1510704509885,87.0,0.0
250.1511532839045,88.0,0.0
250.16024763278742,89.0,0.0
250.16997160408013,88.0,0.0
250.17341419520622,87.0,0.0
250.19853109454186,88.0,0.0
250.19914273865558,89.0,0.0
250.20030862338902,88.0,0.0
250.20206956733261,87.0,0.0
250.20991020415096,86.0,0.0
250.2179331240585,87.0,0.0
250.2213144048278,88.0,0.0
250.2453180077312,89.0,0.0
250.25347818554252,90.0,0.0
250.26079450506995,89.0,0.0
250.2621777612941,88.0,0.0
250.2673914092175,87.0,0.0
250.27150654652883,86.0,0.0
250.273153998295,87.0,0.0
250.27430394206988,86.0,0.0
250.27526999317013,85.0,0.0
250.27629676289436,86.0,0.0
250.28003041090628,85.0,0.0
250.28713853487005,84.0,0.0
250.29205864095653,83.0,0.0
250.30320651831457,84.0,0.0
250.3032355636771,83.0,0.0
250.30500138837002,82.0,0.0
250.31360869717435,81.0,0.0
250.3188590186524,82.0,0.0
250.31992434703122,83.0,0.0
250.32684996406942,84.0,0.0
250.3556720519117,83.0,0.0
250.36797968156685,82.0,0.0
250.369388346815,81.0,0.0
250.37129519718087,82.0,0.0
250.37151682326618,81.0,0.0
250.3745320598072,80.0,0.0
250.38204626876833,79.0,0.0
250.38299403508725,80.0,0.0
250.3950768410353,81.0,0.0
250.3954747180734,82.0,0.0
250.39888096612103,83.0,0.0
250.40582620727986,82.0,0.0
250.40590372759647,81.0,0.0
250.40662058283553,80.0,0.0
250.41278808808997,81.0,0.0
250.41355664431876,80.0,0.0
250.41802777814272,81.0,0.0
250.4208792205404,82.0,0.0
250.4289681684819,83.0,0.0
250.43290206917743,82.0,0.0
250.4462062335389,81.0,0.0
250.45404581069238,82.0,0.0
250.4550907240518,81.0,0.0
250.4673822656819,82.0,0.0
250.47195375765088,83.0,0.0
250.4734987382935,84.0,0.0
250.47617316667416,85.0,0.0
250.50150670512713,84.0,0.0
250.50297618476398,85.0,0.0
250.51607290775243,84.0,0.0
250.52409218509501,85.0,0.0
250.53017095951705,84.0,0.0
250.53269097447276,85.0,0.0
250.53625508349057,84.0,0.0
250.53907281952203,83.0,0.0
250.54105504782856,84.0,0.0
250.54462889878397,83.0,0.0
250.5547648625536,82.0,0.0
250.55507827037135,81.0,0.0
250.5660070230574,82.0,0.0
250.5736041912129,81.0,0.0
250.58035511854172,82.0,0.0
250.5878769996824,83.0,0.0
250.59091189279255,82.0,0.0
250.59323952666642,83.0,0.0
250.60610081162045,82.0,0.0
250.6095520017838,81.0,0.0
250.6112202571869,82.0,0.0
250.61226237280061,83.0,0.0
250.6198517760679,82.0,0.0
250.6228152412275,83.0,0.0
250.62424609198652,82.0,0.0
250.62885278505848,83.0,0.0
250.6306476094393,82.0,0.0
250.6360518079764,83.0,0.0
250.6409410651976,82.0,0.0
250.64137814666012,83.0,0.0
250.64607994961858,84.0,0.0
250.65074195006522,83.0,0.0
250.65548188834683,84.0,0.0
250.65715647732154,85.0,0.0
250.6668552552544,86.0,0.0
250.67087092809143,87.0,0.0
250.67610083641256,88.0,0.0
250.68014239761516,89.0,0.0
250.68219776724234,88.0,0.0
250.71666938842722,87.0,0.0
250.7209828814732,86.0,0.0
250.72376884756886,85.0,0.0
250.72768481208507,84.0,0.0
250.73147164019335,83.0,0.0
250.7327528921846,84.0,0.0
250.73763701313118,85.0,0.0
250.74323750947352,84.0,0.0
250.744651431122,83.0,0.0
250.7509164389834,84.0,0.0
250.7639870045708,83.0,0.0
250.76421886742253,82.0,0.0
250.77393000218055,81.0,0.0
250.77438814904832,82.0,0.0
250.77588176604266,83.0,0.0
250.7775888557348,82.0,0.0
250.78797026035986,83.0,0.0
250.79402588742585,82.0,0.0
250.79712043475266,83.0,0.0
250.81042076680066,82.0,0.0
250.82515923377505,83.0,0.0
250.83591677040914,82.0,0.0
250.8393323572863,81.0,0.0
250.84457588625864,80.0,0.0
250.86520999096294,79.0,0.0
250.8688038219921,78.0,0.0
250.87964027680783,77.0,0.0
250.88117067985695,78.0,0.0
250.89072214276854,77.0,0.0
250.89287164942525,76.0,0.0
250.90627746407466,75.0,0.0
250.90863845139557,74.0,0.0
250.91142799631734,75.0,0.0
250.93824563403396,74.0,0.0
250.94017811830085,75.0,0.0
250.94112883964237,74.0,0.0
250.94261916417454,73.0,0.0
250.94477271417165,72.0,0.0
250.95673794683293,71.0,0.0
250.9597431716527,72.0,0.0
250.96708339450169,71.0,0.0
250.97107816653792,72.0,0.0
250.97255126338845,73.0,0.0
250.97476196678303,72.0,0.0
250.98205395220407,71.0,0.0
250.9923008551445,70.0,0.0
250.9950524170583,69.0,0.0
251.02044589830837,68.0,0.0
251.02823303910245,69.0,0.0
251.02861924185314,68.0,0.0
251.03994819633874,67.0,0.0
251.04448284638275,68.0,0.0
251.0453448890038,69.0,0.0
251.05067630426578,68.0,0.0
251.05404848942345,69.0,0.0
251.05597172526436,70.0,0.0
251.0645322673357,69.0,0.0
251.06469108973602,70.0,0.0
251.06889091600937,69.0,0.0
251.07168616716635,70.0,0.0
251.0759556199701,71.0,0.0
251.09916142157755,72.0,0.0
251.09946095799046,73.0,0.0
251.1094273305526,72.0,0.0
251.11776893528727,71.0,0.0
251.12697673124305,70.0,0.0
251.13225545823968,69.0,0.0
251.13261318311325,68.0,0.0
251.14602584945507,69.0,0.0
251.15322628169775,68.0,0.0
251.15773406088124,69.0,0.0
251.16271960863003,68.0,0.0
251.16430486922934,67.0,0.0
251.18083702583232,66.0,0.0
251.18866820678056,67.0,0.0
251.19705134785224,68.0,0.0
251.20911069749852,67.0,0.0
251.2098631288705,66.0,0.0
251.21445805681523,65.0,0.0
251.22662486258469,66.0,0.0
251.23051266459535,65.0,0.0
251.24080743509256,64.0,0.0
251.2424067235279,65.0,0.0
251.27129594354236,66.0,0.0
251.27146585119797,67.0,0.0
251.2829595911586,66.0,0.0
251.28731709937153,67.0,0.0
251.2895388629044,68.0,0.0
251.29345394892925,69.0,0.0
251.29920817257232,68.0,0.0
251.30223663454433,67.0,0.0
251.30791540559326,68.0,0.0
251.32368711270635,69.0,0.0
251.3410538722025,68.0,0.0
251.34578392562213,67.0,0.0
251.3460175488147,66.0,0.0
251.34714937842338,65.0,0.0
251.35858800401786,66.0,0.0
251.36148899346773,67.0,0.0
251.36955270965916,68.0,0.0
251.3699389287511,67.0,0.0
251.3731826654451,68.0,0.0
251.3734089346515,67.0,0.0
251.3986766702794,66.0,0.0
251.4035241611217,65.0,0.0
251.40551815985302,64.0,0.0
251.406851700181,63.0,0.0
251.41380470049225,64.0,0.0
251.41402513730768,65.0,0.0
251.4368129415913,64.0,0.0
251.43809130401684,65.0,0.0
251.4390318447463,64.0,0.0
251.44645413327902,65.0,0.0
251.4556705009809,66.0,0.0
251.45622156666022,67.0,0.0
251.4656921602676,66.0,0.0
251.4715349713432,65.0,0.0
251.47171327188295,64.0,0.0
251.48434001169866,65.0,0.0
251.4850484388447,64.0,0.0
251.49830593914052,63.0,0.0
251.49838819889314,62.0,0.0
251.51214963605418,61.0,0.0
251.5218799073299,62.0,0.0
251.5271358279106,61.0,0.0
251.54301813448953,62.0,0.0
251.54348061041696,63.0,0.0
251.54428548767206,62.0,0.0
251.54574833182934,61.0,0.0
251.54763450658504,62.0,0.0
251.550217947132,63.0,0.0
251.55375464756625,62.0,0.0
251.55603079499903,61.0,0.0
251.55764255406052,62.0,0.0
251.56753117799698,63.0,0.0
251.5687583228899,62.0,0.0
251.57298968100716,61.0,0.0
251.57460383212504,60.0,0.0
251.58888229180948,59.0,0.0
251.58997692544213,58.0,0.0
251.59406442189857,57.0,0.0
251.59890731808935,56.0,0.0
251.61279676446122,55.0,0.0
251.61917976968414,56.0,0.0
251.62146009781912,57.0,0.0
251.62508425286194,56.0,0.0
251.6322397911542,57.0,0.0
251.63685151034565,56.0,0.0
251.63991287929684,55.0,0.0
251.64837581778613,56.0,0.0
251.65091631249015,57.0,0.0
251.65712463789538,58.0,0.0
251.663600550287,59.0,0.0
251.66401349369087,58.0,0.0
251.67661464516004,57.0,0.0
251.67724231731182,56.0,0.0
251.68429012369245,55.0,0.0
251.70426290595293,54.0,0.0
251.71654432530866,53.0,0.0
251.72106143557775,52.0,0.0
251.74247396086352,53.0,0.0
251.7537550240559,52.0,0.0
251.77300404469358,51.0,0.0
251.77544803019154,50.0,0.0
251.77606064918646,49.0,0.0
251.7774702862818,48.0,0.0
251.78025013037455,49.0,0.0
251.7882241526753,48.0,0.0
251.79132111112014,47.0,0.0
251.8196205499501,48.0,0.0
251.82545442610072,49.0,0.0
251.84148635758805,48.0,0.0
251.8484419540127,47.0,0.0
251.84887594573428,48.0,0.0
251.8503293105795,47.0,0.0
251.85480122258375,48.0,0.0
251.86025329776203,49.0,0.0
251.8754408313309,48.0,0.0
251.88797322616296,47.0,0.0
251.88920131164807,48.0,0.0
251.89441995991328,49.0,0.0
251.91176859199336,48.0,0.0
251.91825878477817,49.0,0.0
251.91876841208347,48.0,0.0
251.9219577734047,47.0,0.0
251.93482721599023,46.0,0.0
251.93999783248069,45.0,0.0
251.9507547959692,46.0,0.0
251.95700276816834,47.0,0.0
251.95976960142187,46.0,0.0
251.96280977181672,45.0,0.0
251.9642856085412,44.0,0.0
251.96943669720054,43.0,0.0
251.96995840424037,42.0,0.0
251.97478168257095,43.0,0.0
251.98054111449798,42.0,0.0
251.9854156767323,41.0,0.0
251.98828176866405,40.0,0.0
251.9884962004041,39.0,0.0
251.99229476691553,38.0,0.0
251.9926937905791,39.0,0.0
251.9934984831375,38.0,0.0
252.01357807242883,39.0,0.0
252.01448970694642,38.0,0.0
252.01966545510885,39.0,0.0
252.02269438640513,40.0,0.0
252.0308599435956,39.0,0.0
252.03670131080437,38.0,0.0
252.03922486004507,37.0,0.0
252.09797411018846,36.0,0.0
252.10841538274875,35.0,0.0
252.11138549864876,36.0,0.0
252.11204601202556,35.0,0.0
252.1187047032283,34.0,0.0
252.12206004740108,33.0,0.0
252.12289732210104,32.0,0.0
252.13002401397105,31.0,0.0
252.1442242126697,30.0,0.0
252.16043520636407,31.0,0.0
252.16489149906525,30.0,0.0
252.16630023073893,29.0,0.0
252.18213759329018,30.0,0.0
252.19128807541415,31.0,0.0
252.21115653482406,30.0,0.0
252.2124496158553,29.0,0.0
252.21649357890863,30.0,0.0
252.21896611485965,29.0,0.0
252.22296956331883,30.0,0.0
252.2258730740467,29.0,0.0
252.2278898198234,28.0,0.0
252.22932857349244,27.0,0.0
252.23891573142248,28.0,0.0
252.24447581400383,29.0,0.0
252.248314163831,28.0,0.0
252.24954168499585,29.0,0.0
252.26057549338972,28.0,0.0
252.26123816692365,27.0,0.0
252.26789184086206,28.0,0.0
252.2707386676966,27.0,0.0
252.28108357024405,28.0,0.0
252.28286428958958,29.0,0.0
252.28811969668067,28.0,0.0
252.29830223493272,29.0,0.0
252.30966697421226,30.0,0.0
252.31866443353255,29.0,0.0
252.32614653810757,28.0,0.0
252.32883631546386,27.0,0.0
252.32910352137995,26.0,0.0
252.33752446644556,27.0,0.0
252.3410735186702,26.0,0.0
252.3466191688699,25.0,0.0
252.35595585104844,26.0,0.0
252.3572337397912,25.0,0.0
252.37203964261664,24.0,0.0
252.38614648340217,23.0,0.0
252.4221868843882,22.0,0.0
252.42243661023736,21.0,0.0
252.42725176258264,20.0,0.0
252.42937970141247,19.0,0.0
252.43499137288873,20.0,0.0
252.46981966428066,19.0,0.0
252.4714264400379,18.0,0.0
252.4854002860576,19.0,0.0
252.49431869357963,18.0,0.0
252.5099425483998,17.0,0.0
252.51521922072115,16.0,0.0
252.51609963977904,15.0,0.0
252.5317966718289,14.0,0.0
252.53343284595266,13.0,0.0
252.5384460073817,12.0,0.0
252.5441186528549,11.0,0.0
252.54427888140995,12.0,0.0
252.5449303448808,11.0,0.0
252.54755750657975,10.0,0.0
252.56724722505282,9.0,0.0
252.5703701881511,10.0,0.0
252.5813939025247,9.0,0.0
252.58352771952445,10.0,0.0
252.5885561234598,9.0,0.0
252.61952710416358,10.0,0.0
252.62989453619275,9.0,0.0
252.6298971076285,10.0,0.0
252.63670415785,9.0,0.0
252.63703415800728,8.0,0.0
252.641674146618,7.0,0.0
252.64727139023356,6.0,0.0
252.65112480395712,5.0,0.0
252.67298090889452,4.0,0.0
252.69474640046636,3.0,0.0
252.7043208297127,2.0,0.0
252.71692998243532,1.0,0.0
252.72859172235422,2.0,0.0
252.73845150928636,3.0,0.0
252.74070657491475,2.0,0.0
252.74927998514832,3.0,0.0
252.75800020131837,2.0,0.0
252.75903074735717,3.0,0.0
252.7615245568889,4.0,0.0
252.7624404373646,3.0,0.0
252.7701258241241,2.0,0.0
252.7778585149974,1.0,0.0
252.7784831769977,0.0,0.0
252.7809583607481,1.0,0.0
252.79641673683483,2.0,0.0
252.80131931525213,3.0,0.0
252.81386205717413,2.0,0.0
252.8228734297211,1.0,0.0
252.83556566413455,2.0,0.0
252.83637591233187,1.0,0.0
252.8373422621986,0.0,0.0
252.8420964444216,1.0,0.0
252.8530695164387,2.0,0.0
252.85497969684909,1.0,0.0
252.86096075997156,2.0,0.0
252.87022576717823,1.0,0.0
252.8802027520136,2.0,0.0
252.88898934610566,1.0,0.0
252.92375952299747,2.0,0.0
252.924989130875,3.0,0.0
252.9435645525734,2.0,0.0
252.953438578641,1.0,0.0
252.96096724840535,2.0,0.0
252.980254834961,1.0,0.0
252.9841032657291,2.0,0.0
252.99556719144502,3.0,0.0
253.01065177035352,2.0,0.0
253.01288118512952,3.0,0.0
253.01779383249578,2.0,0.0
253.0239035459301,3.0,0.0
253.02682932443935,2.0,0.0
253.05306706704343,3.0,0.0
253.0592813076781,2.0,0.0
253.0614810759895,1.0,0.0
253.06250212429023,0.0,0.0
253.105498875408,1.0,0.0
253.1195743255308,0.0,0.0
253.22698813895457,1.0,0.0
253.34573482863513,2.0,0.0
253.35614843600558,1.0,0.0
253.36110783443013,0.0,0.0
253.36199642843147,1.0,0.0
253.36595367853133,2.0,0.0
253.3762135955578,1.0,0.0
253.38534960519317,2.0,0.0
253.38873460895834,1.0,0.0
253.39151863507706,0.0,0.0
253.39418483424416,1.0,0.0
253.39830773148717,0.0,0.0
253.46380452025065,1.0,0.0
253.48693595625426,0.0,0.0
253.518112873495,1.0,0.0
253.52054830740641,0.0,0.0
253.5273795857808,1.0,0.0
253.53582991995057,2.0,0.0
253.54553118447586,1.0,0.0
253.55058751059923,0.0,0.0
253.58158628898198,1.0,0.0
253.58726180969694,0.0,0.0
253.68140803854848,1.0,0.0
253.6977922240844,0.0,0.0
253.70779717037271,1.0,0.0
253.73423560828095,0.0,0.0
253.7508258043572,1.0,0.0
253.76385091571902,0.0,0.0
253.78521289658025,1.0,0.0
253.80052937467374,2.0,0.0
253.81602733102415,3.0,0.0
253.83480625278025,4.0,0.0
253.8351207201757,5.0,0.0
253.83850711596443,6.0,0.0
253.86208141287804,5.0,0.0
253.88216401657724,6.0,0.0
253.88248678614875,5.0,0.0
253.92163548129014,4.0,0.0
253.9347013228632,5.0,0.0
253.94290181255417,4.0,0.0
253.94430099688907,5.0,0.0
253.95460832980552,4.0,0.0
253.95575397833625,3.0,0.0
253.9694565086026,4.0,0.0
253.97344091583105,3.0,0.0
253.97805264528944,2.0,0.0
253.98701135960403,3.0,0.0
254.00961527955823,2.0,0.0
254.02088751000724,3.0,0.0
254.02208799235189,2.0,0.0
254.0250080690523,1.0,0.0
254.04470738317443,2.0,0.0
254.04668994794133,1.0,0.0
254.05102586020482,2.0,0.0
254.06347501334952,3.0,0.0
254.06749503979734,2.0,0.0
254.09661628375346,3.0,0.0
254.10300905181256,2.0,0.0
254.107944731344,1.0,0.0
254.13906513308305,0.0,0.0
254.15334912809573,1.0,0.0
254.16202239416725,0.0,0.0
254.1688318459726,1.0,0.0
254.17050203487958,0.0,0.0
254.18981960779743,1.0,0.0
254.21030325368562,0.0,0.0
254.22486616886616,1.0,0.0
254.2459869714061,2.0,0.0
254.2633178083594,1.0,0.0
254.26362545225425,0.0,0.0
254.27094667991716,1.0,0.0
254.27569729581668,2.0,0.0
254.27580065393283,1.0,0.0
254.2896763430184,2.0,0.0
254.30178911777705,1.0,0.0
254.3112136527718,2.0,0.0
254.33540517726067,1.0,0.0
254.35115012499483,2.0,0.0
254.35257838171356,1.0,0.0
254.39104210189228,0.0,0.0
254.3984328951587,1.0,0.0
254.4054773393948,0.0,0.0
254.42046091671696,1.0,0.0
254.4334268750071,2.0,0.0
254.43969098071275,3.0,0.0
254.4439316323175,4.0,0.0
254.4513594293775,3.0,0.0
254.45473953051413,2.0,0.0
254.45604492007632,3.0,0.0
254.4714639056246,4.0,0.0
254.49626882161863,3.0,0.0
254.50167377866933,2.0,0.0
254.50848011126024,3.0,0.0
254.5166866723991,2.0,0.0
254.52639021116573,1.0,0.0
254.5306850451905,2.0,0.0
254.53584694266817,1.0,0.0
254.5455100189258,2.0,0.0
254.5532135756749,1.0,0.0
254.55544912139706,2.0,0.0
254.55662663177233,3.0,0.0
254.56807707634692,4.0,0.0
254.57735079359412,5.0,0.0
254.58225234851795,4.0,0.0
254.58449218779225,3.0,0.0
254.5845849037683,2.0,0.0
254.5984826544042,1.0,0.0
254.6014597824149,2.0,0.0
254.60748629549474,1.0,0.0
254.62066108474312,0.0,0.0
254.6892767054721,1.0,0.0
254.72375213099295,0.0,0.0
254.81445067260378,1.0,0.0
254.81752375438313,2.0,0.0
254.81826706748498,1.0,0.0
254.85005736923776,0.0,0.0
254.89804678471475,1.0,0.0
254.94080785672395,0.0,0.0
254.95267155356697,1.0,0.0
254.9614246574701,2.0,0.0
254.96840612196235,3.0,0.0
254.97841871327046,4.0,0.0
255.0320164515918,5.0,0.0
255.06317907377533,4.0,0.0
255.06574106700634,3.0,0.0
255.06702359361446,2.0,0.0
255.07474650588134,3.0,0.0
255.07918944888036,4.0,0.0
255.08642642582882,3.0,0.0
255.08916178429186,2.0,0.0
255.0908573702671,3.0,0.0
255.09186546019535,4.0,0.0
255.0950467929243,3.0,0.0
255.1046678660401,4.0,0.0
255.1235018014159,5.0,0.0
255.1356403013631,4.0,0.0
255.15145457577347,3.0,0.0
255.17588514228166,2.0,0.0
255.17611331101463,1.0,0.0
255.18180281738313,2.0,0.0
255.1853266140218,1.0,0.0
255.2107263554734,2.0,0.0
255.2310368590094,1.0,0.0
255.24002728869112,2.0,0.0
255.25889173606242,1.0,0.0
255.2606480992502,2.0,0.0
255.26187586138786,1.0,0.0
255.2644121001221,2.0,0.0
255.28168985775775,1.0,0.0
255.28184010373036,2.0,0.0
255.3002639773877,1.0,0.0
255.31360511738478,0.0,0.0
255.33032045877107,1.0,0.0
255.33212498146003,2.0,0.0
255.33375361562025,1.0,0.0
255.34334981839203,0.0,0.0
255.34755330349495,1.0,0.0
255.37373000236764,0.0,0.0
255.38830076792365,1.0,0.0
255.40332606379184,0.0,0.0
255.40334446691426,1.0,0.0
255.4092593607757,0.0,0.0
255.42876239132718,1.0,0.0
255.43166341441253,0.0,0.0
255.43561236748886,1.0,0.0
255.45238336811832,0.0,0.0
255.47054551794923,1.0,0.0
255.47404191351154,2.0,0.0
255.47866548941892,1.0,0.0
255.48521730843538,0.0,0.0
255.52395630572138,1.0,0.0
255.57144043164027,0.0,0.0
255.583219736793,1.0,0.0
255.59417740148868,0.0,0.0
255.6281965434423,1.0,0.0
255.6459196626678,0.0,0.0
255.65070246037598,1.0,0.0
255.6960717924129,2.0,0.0
255.72554219535598,3.0,0.0
255.7331439454602,2.0,0.0
255.7563528535464,3.0,0.0
255.76212437481902,4.0,0.0
255.7630060589969,3.0,0.0
255.76915164755968,2.0,0.0
255.7705660765406,3.0,0.0
255.78604389071552,2.0,0.0
255.79699855041432,1.0,0.0
255.8283083550241,2.0,0.0
255.83250373252477,1.0,0.0
255.85987525823063,2.0,0.0
255.87382246203865,1.0,0.0
255.87950176492762,2.0,0.0
255.88535383785248,3.0,0.0
255.90860107310286,2.0,0.0
255.9185086005854,3.0,0.0
255.919461360027,4.0,0.0
255.92370117967425,3.0,0.0
255.94058433737524,4.0,0.0
255.94080460821618,3.0,0.0
255.9457010366575,2.0,0.0
255.9547684389476,3.0,0.0
255.96311598918234,4.0,0.0
255.97141799843527,5.0,0.0
255.98303926384054,4.0,0.0
255.98460995471504,5.0,0.0
255.98536679449353,4.0,0.0
255.99415362737855,3.0,0.0
256.00291729848874,2.0,0.0
256.0052513071323,1.0,0.0
256.0129770934564,0.0,0.0
256.0415372906258,1.0,0.0
256.0636553146069,0.0,0.0
256.14338263193616,1.0,0.0
256.1760344403221,0.0,0.0
256.2057369708245,1.0,0.0
256.2128101671756,2.0,0.0
256.22355257834306,3.0,0.0
256.2345772593743,4.0,0.0
256.2486553754726,5.0,0.0
256.2524758482007,6.0,0.0
256.2590070783273,5.0,0.0
256.2877931584491,6.0,0.0
256.28988781645535,5.0,0.0
256.29317504433607,6.0,0.0
256.3144825715181,7.0,0.0
256.3153144741538,6.0,0.0
256.3159081731663,5.0,0.0
256.3374519649776,4.0,0.0
256.34034812145626,3.0,0.0
256.35486273885346,4.0,0.0
256.3580359683028,5.0,0.0
256.3649885556401,6.0,0.0
256.36549916128644,5.0,0.0
256.36737790903015,4.0,0.0
256.37349180559147,3.0,0.0
256.37487598796196,4.0,0.0
256.3789902506717,3.0,0.0
256.40824486188836,2.0,0.0
256.41111799106574,3.0,0.0
256.4188226181459,4.0,0.0
256.43126120082894,5.0,0.0
256.43317032057405,6.0,0.0
256.4339186020382,5.0,0.0
256.43423658807245,4.0,0.0
256.4492608294087,3.0,0.0
256.4520082552017,4.0,0.0
256.46742390620284,5.0,0.0
256.4779800051559,6.0,0.0
256.482635939632,7.0,0.0
256.4932761306751,8.0,0.0
256.49566745693943,9.0,0.0
256.50748639367504,8.0,0.0
256.5241324536095,9.0,0.0
256.54029343330194,8.0,0.0
256.5472506517161,9.0,0.0
256.5529618041369,10.0,0.0
256.55679094521616,11.0,0.0
256.56365384390864,12.0,0.0
256.564208314668,11.0,0.0
256.56436627168756,12.0,0.0
256.564379098569,11.0,0.0
256.5742991277668,10.0,0.0
256.57496542379613,9.0,0.0
256.57528697270527,8.0,0.0
256.5840725804627,9.0,0.0
256.5871942931079,8.0,0.0
256.5895902602161,7.0,0.0
256.591832924869,8.0,0.0
256.61035437828275,9.0,0.0
256.6139507782155,8.0,0.0
256.6263449572933,7.0,0.0
256.6342490026689,8.0,0.0
256.63529211607647,7.0,0.0
256.63734606394434,8.0,0.0
256.6483975386326,7.0,0.0
256.6489659938557,6.0,0.0
256.6572644633808,7.0,0.0
256.6727205300981,6.0,0.0
256.6828042833339,5.0,0.0
256.68941284404457,6.0,0.0
256.6948308819751,5.0,0.0
256.71217038092817,4.0,0.0
256.7148419588551,5.0,0.0
256.72097182829,4.0,0.0
256.7271190953012,3.0,0.0
256.7330083997565,4.0,0.0
256.7383265681912,5.0,0.0
256.7477610223774,6.0,0.0
256.7486341100301,5.0,0.0
256.74896254832873,4.0,0.0
256.750024456221,3.0,0.0
256.75754888598425,4.0,0.0
256.75841001852245,3.0,0.0
256.76297880081916,2.0,0.0
256.7724951123165,1.0,0.0
256.77641324056066,2.0,0.0
256.78092057078834,1.0,0.0
256.78191900236106,2.0,0.0
256.79578682983475,1.0,0.0
256.79663931592466,0.0,0.0
256.7975548562286,1.0,0.0
256.80588508621486,0.0,0.0
256.82894298648847,1.0,0.0
256.83189530950756,2.0,0.0
256.86016154720454,1.0,0.0
256.86609283344654,0.0,0.0
256.9028454087675,1.0,0.0
256.90494154659416,2.0,0.0
256.93874338477417,3.0,0.0
256.95305487252045,4.0,0.0
256.96793585580775,3.0,0.0
256.9873328606432,2.0,0.0
256.99607864098454,3.0,0.0
256.99607896154373,4.0,0.0
256.99775674652744,5.0,0.0
257.0063153908307,6.0,0.0
257.0076966625237,7.0,0.0
257.0262151293642,8.0,0.0
257.0296260821109,9.0,0.0
257.0311460328877,8.0,0.0
257.03316084000915,7.0,0.0
257.03595779232745,6.0,0.0
257.0385567922982,5.0,0.0
257.0516626809573,6.0,0.0
257.0617835950918,5.0,0.0
257.0658005829305,6.0,0.0
257.07220316231974,7.0,0.0
257.09190984861806,8.0,0.0
257.09415867697277,9.0,0.0
257.09855265407305,8.0,0.0
257.09877994789093,7.0,0.0
257.10276782904856,8.0,0.0
257.10675130583707,7.0,0.0
257.1107178359897,6.0,0.0
257.115533730576,7.0,0.0
257.1296724435377,8.0,0.0
257.13263434548884,7.0,0.0
257.1428391765987,6.0,0.0
257.1629592616684,5.0,0.0
257.1767218708351,4.0,0.0
257.1778546929371,3.0,0.0
257.18312648269995,4.0,0.0
257.1883771734329,5.0,0.0
257.19953601265956,4.0,0.0
257.1998619704451,3.0,0.0
257.2117400107908,4.0,0.0
257.21374988085876,3.0,0.0
257.2200901166896,4.0,0.0
257.2427103930774,5.0,0.0
257.24682549306664,4.0,0.0
257.24764109183207,3.0,0.0
257.24824786853225,4.0,0.0
257.25452603081703,5.0,0.0
257.2663426525616,6.0,0.0
257.27288861678414,5.0,0.0
257.29332866913245,6.0,0.0
257.2990142512687,7.0,0.0
257.3092040562305,8.0,0.0
257.3178322263142,7.0,0.0
257.32500869659987,8.0,0.0
257.3300592859833,7.0,0.0
257.3367733098868,6.0,0.0
257.34013066162504,5.0,0.0
257.34307769510144,6.0,0.0
257.34568728363814,7.0,0.0
257.35139618050295,6.0,0.0
257.36364948547555,5.0,0.0
257.37375092485775,4.0,0.0
257.3788148163356,5.0,0.0
257.3868945692194,4.0,0.0
257.3958360522553,5.0,0.0
257.4051600550784,6.0,0.0
257.41497684887895,7.0,0.0
257.4193068127293,6.0,0.0
257.4206466618259,7.0,0.0
257.42093458143864,6.0,0.0
257.43573570988417,5.0,0.0
257.44700073432153,4.0,0.0
257.44832332841906,5.0,0.0
257.449225491843,6.0,0.0
257.45152080931325,5.0,0.0
257.4554413624617,4.0,0.0
257.45630493441786,3.0,0.0
257.4586308259895,2.0,0.0
257.4733573705072,3.0,0.0
257.48056802763443,4.0,0.0
257.49932524889863,3.0,0.0
257.50227622172565,4.0,0.0
257.5081854516627,5.0,0.0
257.51049693335324,4.0,0.0
257.51735640415507,5.0,0.0
257.52109323897366,6.0,0.0
257.52297961200907,7.0,0.0
257.52612151979895,6.0,0.0
257.53511001165145,7.0,0.0
257.53615659736215,8.0,0.0
257.55120693035684,9.0,0.0
257.5529863380092,8.0,0.0
257.5614340974045,7.0,0.0
257.57425673139517,8.0,0.0
257.583533979664,9.0,0.0
257.5913024479884,10.0,0.0
257.59330911217023,9.0,0.0
257.6118853747785,8.0,0.0
257.6125661737115,7.0,0.0
257.6206684830687,8.0,0.0
257.64202503620925,7.0,0.0
257.6507207709307,8.0,0.0
257.65444044288716,9.0,0.0
257.66544818206756,10.0,0.0
257.6933146881478,9.0,0.0
257.6969345459977,8.0,0.0
257.6992975740804,9.0,0.0
257.72335001585935,10.0,0.0
257.7339854014969,11.0,0.0
257.7359487435392,10.0,0.0
257.7364451084567,11.0,0.0
257.74003869784275,12.0,0.0
257.74731665118094,13.0,0.0
257.74767793886963,12.0,0.0
257.74887438186755,13.0,0.0
257.75292842873057,12.0,0.0
257.7558346532783,13.0,0.0
257.7607202654846,12.0,0.0
257.76520160768894,13.0,0.0
257.7846728746042,14.0,0.0
257.78703829648543,15.0,0.0
257.7946187746198,16.0,0.0
257.7969652002028,15.0,0.0
257.8095122654525,14.0,0.0
257.8297228304016,15.0,0.0
257.8323556052876,16.0,0.0
257.8368380032148,17.0,0.0
257.844354032085,16.0,0.0
257.84819248486565,17.0,0.0
257.8508370156159,16.0,0.0
257.85695387389165,17.0,0.0
257.8737406001063,18.0,0.0
257.8743659456753,19.0,0.0
257.87842890192707,20.0,0.0
257.8875451077868,21.0,0.0
257.8927699417754,22.0,0.0
257.8963773714576,21.0,0.0
257.902797406235,22.0,0.0
257.9141920392035,21.0,0.0
257.91461945135393,22.0,0.0
257.93483817991813,21.0,0.0
257.93752249641864,22.0,0.0
257.95888783604215,21.0,0.0
257.96380836195453,20.0,0.0
257.97030594625795,19.0,0.0
257.97960862519193,20.0,0.0
257.9845506637976,19.0,0.0
257.98637619994764,20.0,0.0
257.9965209933774,21.0,0.0
257.9969906668304,22.0,0.0
258.0009793612828,23.0,0.0
258.00510910100706,22.0,0.0
258.0056251069537,23.0,0.0
258.01163252329627,24.0,0.0
258.01252975758064,25.0,0.0
258.03260991623046,26.0,0.0
258.03368597094556,27.0,0.0
258.0353290666745,28.0,0.0
258.0492344592084,27.0,0.0
258.0493970417385,28.0,0.0
258.0586712582883,27.0,0.0
258.0590299603628,28.0,0.0
258.09279523537725,27.0,0.0
258.09444365239204,28.0,0.0
258.1012053886525,27.0,0.0
258.1098835698714,26.0,0.0
258.1123449903002,25.0,0.0
258.1162197483945,24.0,0.0
258.11624722134735,25.0,0.0
258.123276832546,24.0,0.0
258.1345983387642,23.0,0.0
258.151500383206,24.0,0.0
258.154961304533,25.0,0.0
258.16175229150946,26.0,0.0
258.16829278108895,27.0,0.0
258.1765537948334,28.0,0.0
258.1845453400314,27.0,0.0
258.1848795130558,28.0,0.0
258.18521418136095,27.0,0.0
258.18724082739095,26.0,0.0
258.1915509680168,27.0,0.0
258.1957801298135,26.0,0.0
258.1973966353283,25.0,0.0
258.2137870066839,26.0,0.0
258.2148041865017,27.0,0.0
258.2292005240926,26.0,0.0
258.23708873549486,27.0,0.0
258.2484202327841,28.0,0.0
258.24861455602047,27.0,0.0
258.2582187310809,26.0,0.0
258.2763619046292,25.0,0.0
258.3028613556212,24.0,0.0
258.3064118442242,25.0,0.0
258.30746814427664,24.0,0.0
258.30766394403645,23.0,0.0
258.30930779221325,24.0,0.0
258.314458034969,25.0,0.0
258.32477447460536,24.0,0.0
258.33126308373124,23.0,0.0
258.3363271378192,24.0,0.0
258.33855893080164,23.0,0.0
258.3543178052122,22.0,0.0
258.36010218085556,23.0,0.0
258.36884802834277,22.0,0.0
258.3754424010151,23.0,0.0
258.3769497653224,24.0,0.0
258.3888533481308,25.0,0.0
258.39062708785383,24.0,0.0
258.39554228679737,25.0,0.0
258.39721095919504,24.0,0.0
258.4172894872429,23.0,0.0
258.4180166130039,22.0,0.0
258.4194318278481,21.0,0.0
258.43030648066167,20.0,0.0
258.43788931796604,19.0,0.0
258.44061456370946,18.0,0.0
258.45007640297945,17.0,0.0
258.47210386295484,18.0,0.0
258.4926431359726,17.0,0.0
258.5015265468703,18.0,0.0
258.5023584962806,19.0,0.0
258.5134956719929,20.0,0.0
258.5178165448769,19.0,0.0
258.5233407531631,20.0,0.0
258.52413631155065,21.0,0.0
258.5330206824898,20.0,0.0
258.53387831040277,19.0,0.0
258.54870860550096,20.0,0.0
258.5754303125641,21.0,0.0
258.5776585044304,22.0,0.0
258.58023267320846,23.0,0.0
258.58863169966475,22.0,0.0
258.5916262308226,23.0,0.0
258.593103423881,24.0,0.0
258.5952245709566,25.0,0.0
258.59708355174007,26.0,0.0
258.6002353881718,27.0,0.0
258.6042999626632,28.0,0.0
258.61805903161934,27.0,0.0
258.62057832790526,28.0,0.0
258.6265580914826,29.0,0.0
258.6379568693235,30.0,0.0
258.64556563015617,31.0,0.0
258.65036975329616,32.0,0.0
258.6552116008414,31.0,0.0
258.6791219348339,30.0,0.0
258.68251026936554,31.0,0.0
258.6942582360075,30.0,0.0
258.7154637683843,29.0,0.0
258.7209104397779,30.0,0.0
258.72375508283574,31.0,0.0
258.72541044914794,30.0,0.0
258.73746893907384,31.0,0.0
258.7496815852424,32.0,0.0
258.76010340672417,33.0,0.0
258.7620732368429,34.0,0.0
258.76903387116084,33.0,0.0
258.779380798052,34.0,0.0
258.78333476117314,35.0,0.0
258.78754887850334,36.0,0.0
258.797145500602,37.0,0.0
258.8022539537994,38.0,0.0
258.805566343372,37.0,0.0
258.81416591823125,36.0,0.0
258.8280979634363,35.0,0.0
258.8377846792569,36.0,0.0
258.8424545785527,35.0,0.0
258.8439958594909,36.0,0.0
258.8441132441521,37.0,0.0
258.86018105921585,36.0,0.0
258.8641604111603,37.0,0.0
258.86509061665015,36.0,0.0
258.8742618148364,37.0,0.0
258.89212006698847,38.0,0.0
258.8921282354485,37.0,0.0
258.89479168070284,38.0,0.0
258.9203286987616,39.0,0.0
258.9206743404356,38.0,0.0
258.9222281877067,37.0,0.0
258.9314118843277,38.0,0.0
258.9424948929671,39.0,0.0
258.9583135528428,38.0,0.0
258.96394492747356,37.0,0.0
258.96682565006853,36.0,0.0
258.9706249014562,37.0,0.0
258.9812942597099,38.0,0.0
258.9870561048063,37.0,0.0
258.9945275664866,38.0,0.0
259.0033799820625,39.0,0.0
259.0091021193119,40.0,0.0
259.0164900674212,41.0,0.0
259.02798299308466,40.0,0.0
259.0288172207661,41.0,0.0
259.0312037855151,42.0,0.0
259.0365825320287,41.0,0.0
259.043169920315,42.0,0.0
259.0711181425272,43.0,0.0
259.0732974243649,44.0,0.0
259.07523489258995,43.0,0.0
259.07724124451727,44.0,0.0
259.07905998758315,43.0,0.0
259.0800242074418,44.0,0.0
259.08132248283675,43.0,0.0
259.08162288627153,42.0,0.0
259.0846777502195,41.0,0.0
259.0955321126943,42.0,0.0
259.11591000669813,43.0,0.0
259.122534026307,44.0,0.0
259.1373294347746,45.0,0.0
259.1375926541895,44.0,0.0
259.13777785657203,45.0,0.0
259.1432967855418,46.0,0.0
259.14524167347287,47.0,0.0
259.14742615060686,48.0,0.0
259.1479158292503,49.0,0.0
259.1539723652764,48.0,0.0
259.1630897058478,47.0,0.0
259.1662673806966,46.0,0.0
259.16627810962683,47.0,0.0
259.16933179855704,48.0,0.0
259.17483856704837,49.0,0.0
259.1769246995351,48.0,0.0
259.1802745412262,49.0,0.0
259.189083767649,48.0,0.0
259.1892877572863,49.0,0.0
259.1920698813129,48.0,0.0
259.1940642095004,49.0,0.0
259.1994281951701,48.0,0.0
259.2032618641708,49.0,0.0
259.2038346392325,50.0,0.0
259.20610798545255,49.0,0.0
259.20745593607086,48.0,0.0
259.21372660885527,49.0,0.0
259.2142863339285,50.0,0.0
259.2204743749163,49.0,0.0
259.2208099144533,48.0,0.0
259.228387475142,49.0,0.0
259.2302502902736,48.0,0.0
259.23559129533254,49.0,0.0
259.2444685369893,48.0,0.0
259.24812583642307,49.0,0.0
259.2631897775786,50.0,0.0
259.26752208376786,51.0,0.0
259.2818695197831,50.0,0.0
259.28246967029787,49.0,0.0
259.28595639719504,50.0,0.0
259.28732444628173,49.0,0.0
259.28773947354216,48.0,0.0
259.2902504835809,47.0,0.0
259.29412229885634,46.0,0.0
259.2996977586826,45.0,0.0
259.308017874768,46.0,0.0
259.30872108733877,45.0,0.0
259.3093930986355,46.0,0.0
259.33509362768507,45.0,0.0
259.3437827966252,46.0,0.0
259.34583410153084,45.0,0.0
259.35383667354756,46.0,0.0
259.3558159054858,47.0,0.0
259.3569405869972,46.0,0.0
259.3577618718225,47.0,0.0
259.35992957574683,48.0,0.0
259.3766164198665,49.0,0.0
259.38475362148665,50.0,0.0
259.38582283249815,49.0,0.0
259.3889192907892,50.0,0.0
259.414045542289,51.0,0.0
259.4167066245621,52.0,0.0
259.4197640088627,51.0,0.0
259.4254571304047,50.0,0.0
259.42959152529573,51.0,0.0
259.43075951801575,52.0,0.0
259.4390956267534,51.0,0.0
259.4398970552406,52.0,0.0
259.4456889092128,51.0,0.0
259.4478700169617,52.0,0.0
259.4493753823923,51.0,0.0
259.45795381190686,52.0,0.0
259.4583809210223,51.0,0.0
259.4671895606058,50.0,0.0
259.4673200341842,49.0,0.0
259.47576456734004,50.0,0.0
259.47791698185154,49.0,0.0
259.48656693092397,48.0,0.0
259.4946015061646,47.0,0.0
259.5031787675864,46.0,0.0
259.5076886210718,45.0,0.0
259.5128076726789,46.0,0.0
259.52515908901654,47.0,0.0
259.53218610484,46.0,0.0
259.53476323465844,47.0,0.0
259.53622230026735,46.0,0.0
259.5456787013507,45.0,0.0
259.5527862528362,46.0,0.0
259.5529630121687,45.0,0.0
259.55349484322545,46.0,0.0
259.5629316920146,45.0,0.0
259.5653598145209,44.0,0.0
259.56877516766536,45.0,0.0
259.5717700519993,46.0,0.0
259.57605817485853,47.0,0.0
259.5798401411458,48.0,0.0
259.58313159453184,47.0,0.0
259.5921770639575,46.0,0.0
259.59754874055477,45.0,0.0
259.602010738185,44.0,0.0
259.6031267722857,45.0,0.0
259.6075879055469,46.0,0.0
259.61005358195996,47.0,0.0
259.6121567727039,48.0,0.0
259.6145195770143,49.0,0.0
259.62818483338424,48.0,0.0
259.633293387311,49.0,0.0
259.6350391208213,48.0,0.0
259.64560606346254,49.0,0.0
259.6492704939523,48.0,0.0
259.65252518427167,47.0,0.0
259.6589417111819,46.0,0.0
259.66069995816935,47.0,0.0
259.67612920863166,48.0,0.0
259.68535844103644,47.0,0.0
259.70236703441753,46.0,0.0
259.7074279962579,47.0,0.0
259.70797091140855,48.0,0.0
259.718314205273,49.0,0.0
259.7198364041159,50.0,0.0
259.7263092712727,51.0,0.0
259.72883608596896,50.0,0.0
259.73123677654036,49.0,0.0
259.73424965830327,50.0,0.0
259.74003471750996,49.0,0.0
259.7495057261956,48.0,0.0
259.7509105361733,49.0,0.0
259.75395099775386,48.0,0.0
259.7542308919351,49.0,0.0
259.7689857956424,50.0,0.0
259.78711673330383,51.0,0.0
259.7875695483438,50.0,0.0
259.80321969778925,51.0,0.0
259.8050282031297,50.0,0.0
259.80868833511823,51.0,0.0
259.8173698373637,50.0,0.0
259.81770989567207,49.0,0.0
259.82477730318686,50.0,0.0
259.82907713299187,51.0,0.0
259.8353199416455,50.0,0.0
259.83865004613045,51.0,0.0
259.83948668508356,50.0,0.0
259.84093879666005,49.0,0.0
259.8422890213984,50.0,0.0
259.8440497934921,51.0,0.0
259.8524957828711,52.0,0.0
259.85481014162843,53.0,0.0
259.855903338904,52.0,0.0
259.8634407188002,51.0,0.0
259.8645311846063,52.0,0.0
259.8830476560975,53.0,0.0
259.8840534476452,52.0,0.0
259.8846345618677,53.0,0.0
259.8882941063738,54.0,0.0
259.9204919522475,53.0,0.0
259.92138995115175,52.0,0.0
259.9270667684664,53.0,0.0
259.92774271816216,54.0,0.0
259.93813677371594,55.0,0.0
259.93819243505277,56.0,0.0
259.9558806715438,55.0,0.0
259.9612274154313,56.0,0.0
259.9824647202067,55.0,0.0
259.98276984164,56.0,0.0
259.9947578577223,55.0,0.0
260.0067023884136,54.0,0.0
260.0137867046705,53.0,0.0
260.01518826033805,54.0,0.0
260.0217149672816,55.0,0.0
260.03140593476445,54.0,0.0
260.04155973535075,55.0,0.0
260.04388506521957,56.0,0.0
260.05045889916744,57.0,0.0
260.05550737761604,58.0,0.0
260.065651290386,57.0,0.0
260.0685215412781,58.0,0.0
260.0700638013067,59.0,0.0
260.0723095747102,60.0,0.0
260.0760960686178,61.0,0.0
260.0779768646968,62.0,0.0
260.09862248127814,63.0,0.0
260.10486578492004,64.0,0.0
260.1162901895679,63.0,0.0
260.12088285153686,62.0,0.0
260.12951539934693,61.0,0.0
260.1336779488551,62.0,0.0
260.13398952796786,61.0,0.0
260.14799619818746,60.0,0.0
260.14978475812325,59.0,0.0
260.163566158972,60.0,0.0
260.17415779135206,59.0,0.0
260.180668666645,58.0,0.0
260.1817711929626,59.0,0.0
260.1827371778457,58.0,0.0
260.20433745405575,57.0,0.0
260.207193057147,58.0,0.0
260.2101147035676,57.0,0.0
260.21814588799987,58.0,0.0
260.2310013718479,59.0,0.0
260.2454941787978,60.0,0.0
260.25969426004565,59.0,0.0
260.2764152656472,58.0,0.0
260.2827552563386,59.0,0.0
260.28748404677754,58.0,0.0
260.2971982115068,59.0,0.0
260.29728313598565,58.0,0.0
260.3073174330917,57.0,0.0
260.3264997748229,56.0,0.0
260.3273907940774,55.0,0.0
260.33219231017983,54.0,0.0
260.33355216071294,55.0,0.0
260.3338238715646,54.0,0.0
260.33586182128533,55.0,0.0
260.34169419526944,56.0,0.0
260.3424957335942,55.0,0.0
260.3451398916322,54.0,0.0
260.3474575139688,53.0,0.0
260.3492145624319,54.0,0.0
260.3492590970871,53.0,0.0
260.3575723753575,52.0,0.0
260.36765258168117,53.0,0.0
260.36961045230663,54.0,0.0
260.3736152229051,53.0,0.0
260.37637085561545,54.0,0.0
260.38139601340725,53.0,0.0
260.38484028607644,52.0,0.0
260.38820231334466,53.0,0.0
260.39670120193813,52.0,0.0
260.3992772584346,51.0,0.0
260.4011698438934,50.0,0.0
260.40997281404003,49.0,0.0
260.41102049647463,48.0,0.0
260.4130448158317,49.0,0.0
260.4142359175913,50.0,0.0
260.4184791319365,49.0,0.0
260.45124102205375,48.0,0.0
260.45261806460667,49.0,0.0
260.4613562672245,48.0,0.0
260.4618074143604,49.0,0.0
260.47173958573774,50.0,0.0
260.4720770092395,49.0,0.0
260.4752429482069,50.0,0.0
260.47621911239145,51.0,0.0
260.4841546449574,52.0,0.0
260.5301589595613,51.0,0.0
260.53730797089725,52.0,0.0
260.53988309915724,53.0,0.0
260.5476514394694,52.0,0.0
260.55781550315766,53.0,0.0
260.57133565093596,52.0,0.0
260.5834897596494,51.0,0.0
260.59084614744677,50.0,0.0
260.59188915884044,51.0,0.0
260.5977149049039,50.0,0.0
260.6033705383776,49.0,0.0
260.6033959730953,50.0,0.0
260.6102755512611,51.0,0.0
260.6175580774771,50.0,0.0
260.6274270998944,49.0,0.0
260.6292645872619,48.0,0.0
260.6341665961317,47.0,0.0
260.63516529962163,46.0,0.0
260.637700275324,47.0,0.0
260.63894404242075,48.0,0.0
260.658432067276,49.0,0.0
260.6676766969826,50.0,0.0
260.66804246806123,51.0,0.0
260.6693524166095,52.0,0.0
260.68306908780204,51.0,0.0
260.693347908702,52.0,0.0
260.6938950769443,51.0,0.0
260.69426206779093,50.0,0.0
260.69758688889846,51.0,0.0
260.70202512058415,52.0,0.0
260.7030660988141,51.0,0.0
260.70511296348195,52.0,0.0
260.7063278941464,53.0,0.0
260.7113726870306,52.0,0.0
260.711884381201,51.0,0.0
260.7164709761398,52.0,0.0
260.7176991978997,51.0,0.0
260.7184342204788,52.0,0.0
260.7245546759244,53.0,0.0
260.72484682415205,52.0,0.0
260.72631085226874,51.0,0.0
260.7377946932789,52.0,0.0
260.74017842118883,51.0,0.0
260.74901051274463,52.0,0.0
260.76476948221824,53.0,0.0
260.7704675340658,52.0,0.0
260.7844437248694,51.0,0.0
260.7886141149348,52.0,0.0
260.7925378649662,53.0,0.0
260.79429303563506,52.0,0.0
260.80144534016137,53.0,0.0
260.80197142899164,52.0,0.0
260.8107089891748,53.0,0.0
260.81293346767313,54.0,0.0
260.81612544347865,55.0,0.0
260.83872628015064,54.0,0.0
260.8455469535283,55.0,0.0
260.84697458648753,56.0,0.0
260.85705260672216,55.0,0.0
260.86004537326846,54.0,0.0
260.86115761906274,53.0,0.0
260.86858839802045,52.0,0.0
260.86875624800086,53.0,0.0
260.879015942589,52.0,0.0
260.87917955980623,53.0,0.0
260.88427307350605,52.0,0.0
260.89155886536975,51.0,0.0
260.8957340383195,52.0,0.0
260.89710506062886,51.0,0.0
260.9038812762448,50.0,0.0
260.90979709594114,51.0,0.0
260.91308741528326,50.0,0.0
260.9181643094961,51.0,0.0
260.9246071725872,50.0,0.0
260.9262472503871,51.0,0.0
260.93094231157704,50.0,0.0
260.9332758359981,49.0,0.0
260.93750006370345,48.0,0.0
260.9415743361912,49.0,0.0
260.94240823756815,48.0,0.0
260.9438561832352,49.0,0.0
260.94752721508144,50.0,0.0
260.9477621505147,49.0,0.0
260.94782810831714,50.0,0.0
260.9542035326885,51.0,0.0
260.95493699155617,52.0,0.0
260.9640884390507,51.0,0.0
260.97603093708494,52.0,0.0
260.97924765527074,53.0,0.0
260.9811079221547,54.0,0.0
260.9845207519845,53.0,0.0
260.98841204688637,52.0,0.0
260.9916267734363,53.0,0.0
261.0336532731125,54.0,0.0
261.0384356367116,53.0,0.0
261.04032079142775,52.0,0.0
261.0406701962245,51.0,0.0
261.0475501725181,50.0,0.0
261.0519434536783,49.0,0.0
261.0522785129779,50.0,0.0
261.05987917026766,51.0,0.0
261.07856938638963,50.0,0.0
261.0858842463186,51.0,0.0
261.0881356269897,52.0,0.0
261.09053913351335,51.0,0.0
261.0923617106281,50.0,0.0
261.0962870771821,51.0,0.0
261.0971956730928,52.0,0.0
261.1031225848458,53.0,0.0
261.1100874035876,52.0,0.0
261.1141590920322,53.0,0.0
261.11475473299487,52.0,0.0
261.12901296164915,53.0,0.0
261.15347825183517,54.0,0.0
261.1614729373465,55.0,0.0
261.1627857789532,56.0,0.0
261.1662808105416,57.0,0.0
261.1798949954034,56.0,0.0
261.1823445304812,57.0,0.0
261.1888776083966,58.0,0.0
261.18970098747667,59.0,0.0
261.1905847435314,58.0,0.0
261.1976655121041,59.0,0.0
261.20880966720745,60.0,0.0
261.20928190717234,61.0,0.0
261.2115079016527,62.0,0.0
261.2266467648804,61.0,0.0
261.24100563630566,60.0,0.0
261.24659212267505,61.0,0.0
261.2492273929196,62.0,0.0
261.25468762939556,63.0,0.0
261.25727512543074,62.0,0.0
261.2704647035836,63.0,0.0
261.2780534324466,64.0,0.0
261.2797174311297,63.0,0.0
261.28341637350394,62.0,0.0
261.2853502221311,63.0,0.0
261.2875206303226,64.0,0.0
261.294186087785,65.0,0.0
261.31207527078396,66.0,0.0
261.3150445103568,67.0,0.0
261.3222220527425,66.0,0.0
261.32475826106605,67.0,0.0
261.33217532590004,66.0,0.0
261.3390587065648,67.0,0.0
261.34383867536593,68.0,0.0
261.3444232946194,69.0,0.0
261.34699080299276,68.0,0.0
261.3481272538718,69.0,0.0
261.34931732086204,70.0,0.0
261.35173077986525,69.0,0.0
261.3550449245389,70.0,0.0
261.3692459412486,69.0,0.0
261.3702557921038,68.0,0.0
261.375432610326,69.0,0.0
261.3879679242497,70.0,0.0
261.3922555166535,69.0,0.0
261.3994369870656,70.0,0.0
261.39947092058554,71.0,0.0
261.40258400083286,70.0,0.0
261.4035759277507,71.0,0.0
261.41338943500324,72.0,0.0
261.4201016640684,71.0,0.0
261.42100446506356,72.0,0.0
261.4450440253422,73.0,0.0
261.44854166286825,74.0,0.0
261.4578650885109,73.0,0.0
261.4675777936227,74.0,0.0
261.4733292129847,75.0,0.0
261.47358285971376,74.0,0.0
261.48080796951683,75.0,0.0
261.4898199463026,74.0,0.0
261.4930837794818,73.0,0.0
261.49421908109105,74.0,0.0
261.4979429921623,73.0,0.0
261.50572972842383,74.0,0.0
261.5129158051574,75.0,0.0
261.5131301653468,74.0,0.0
261.5195642571104,75.0,0.0
261.52672374316654,76.0,0.0
261.5271622614328,77.0,0.0
261.53290288665903,76.0,0.0
261.53299401939904,75.0,0.0
261.53457159008866,74.0,0.0
261.5412990993415,73.0,0.0
261.5441338950409,74.0,0.0
261.55038360652054,75.0,0.0
261.5678239987182,76.0,0.0
261.5860998818902,75.0,0.0
261.58617630458735,76.0,0.0
261.59694063320643,77.0,0.0
261.5974163081444,76.0,0.0
261.60496971877484,75.0,0.0
261.60833266505944,76.0,0.0
261.6143270270205,75.0,0.0
261.6228123489146,76.0,0.0
261.6318815740977,77.0,0.0
261.6362123363069,76.0,0.0
261.6515973352419,75.0,0.0
261.65442011074595,76.0,0.0
261.6592383815847,77.0,0.0
261.67352744208074,76.0,0.0
261.6736586030055,77.0,0.0
261.6765476481261,76.0,0.0
261.68491375123,75.0,0.0
261.6874804558748,76.0,0.0
261.6946630983525,75.0,0.0
261.7035498832594,74.0,0.0
261.70590563209254,73.0,0.0
261.71476833929626,72.0,0.0
261.72448074896107,73.0,0.0
261.74625471289744,74.0,0.0
261.7521685081795,73.0,0.0
261.7583047541694,74.0,0.0
261.768792014762,73.0,0.0
261.76957094394186,74.0,0.0
261.7896239503419,75.0,0.0
261.79609298435156,74.0,0.0
261.7973860681174,73.0,0.0
261.80087535397547,74.0,0.0
261.80157500734276,75.0,0.0
261.80325312209743,76.0,0.0
261.80343995470287,75.0,0.0
261.80368513748067,76.0,0.0
261.80554828122064,75.0,0.0
261.80727139078294,76.0,0.0
261.81811200440654,77.0,0.0
261.81991689317687,78.0,0.0
261.8325044187893,79.0,0.0
261.83413262802657,80.0,0.0
261.83807610571233,79.0,0.0
261.839123170501,80.0,0.0
261.84268380823397,81.0,0.0
261.8494359897551,82.0,0.0
261.8716536456536,81.0,0.0
261.880273286149,80.0,0.0
261.8826672854492,81.0,0.0
261.8930446973881,82.0,0.0
261.8996924168224,81.0,0.0
261.9071936649788,80.0,0.0
261.9100415857755,81.0,0.0
261.9151333045443,82.0,0.0
261.9436518123745,81.0,0.0
261.95398696446654,80.0,0.0
261.9661026628775,81.0,0.0
261.9667629350221,82.0,0.0
261.96782640138315,81.0,0.0
261.9841725687465,82.0,0.0
261.99064447283,83.0,0.0
261.9967371609062,84.0,0.0
261.99757795971,85.0,0.0
262.00631807009194,84.0,0.0
262.0072912425595,85.0,0.0
262.01075437985315,86.0,0.0
262.01725405514543,85.0,0.0
262.02392247873445,84.0,0.0
262.025171556521,85.0,0.0
262.02716571282633,84.0,0.0
262.03070994744957,85.0,0.0
262.0377177668445,84.0,0.0
262.04143526668446,83.0,0.0
262.0669905413748,82.0,0.0
262.07726766786374,83.0,0.0
262.07776001143225,84.0,0.0
262.08428086105073,83.0,0.0
262.0876440648436,84.0,0.0
262.0996865262713,83.0,0.0
262.10988299538195,84.0,0.0
262.1136864846708,85.0,0.0
262.11533382628846,86.0,0.0
262.1204218759174,85.0,0.0
262.1232899385351,84.0,0.0
262.1280637937417,83.0,0.0
262.1280829622923,82.0,0.0
262.13092001443624,81.0,0.0
262.13242643141814,80.0,0.0
262.13482981347283,79.0,0.0
262.13958386451026,80.0,0.0
262.1406541831843,79.0,0.0
262.1423922851418,80.0,0.0
262.1482061432018,81.0,0.0
262.15299323076175,80.0,0.0
262.1611401868127,81.0,0.0
262.16393563223835,80.0,0.0
262.1677852668388,81.0,0.0
262.1747629974011,82.0,0.0
262.1929420974039,81.0,0.0
262.1945103948123,80.0,0.0
262.20736089560637,79.0,0.0
262.2073965699508,78.0,0.0
262.211587184914,79.0,0.0
262.21883872841926,80.0,0.0
262.21942166977203,79.0,0.0
262.2297624109454,78.0,0.0
262.2304566051735,79.0,0.0
262.2327814811646,78.0,0.0
262.2408621547545,79.0,0.0
262.2438836256184,80.0,0.0
262.2452953617524,79.0,0.0
262.2528738663878,80.0,0.0
262.25295150116943,79.0,0.0
262.2575470122251,80.0,0.0
262.265756896487,81.0,0.0
262.2662594250347,82.0,0.0
262.26820972589826,83.0,0.0
262.2695031863515,84.0,0.0
262.2720178254695,83.0,0.0
262.2859598595785,82.0,0.0
262.2886194881555,83.0,0.0
262.2913855752505,84.0,0.0
262.2988271801311,83.0,0.0
262.30126881886713,84.0,0.0
262.31166817522404,83.0,0.0
262.3126225527507,84.0,0.0
262.31467343039435,83.0,0.0
262.3171797148052,82.0,0.0
262.34439413966743,83.0,0.0
262.34612150373357,84.0,0.0
262.3544664588662,85.0,0.0
262.3549460015032,86.0,0.0
262.3553068791368,87.0,0.0
262.35679105781264,86.0,0.0
262.35939010338336,87.0,0.0
262.36438315086093,88.0,0.0
262.36626405786825,89.0,0.0
262.3701412363144,90.0,0.0
262.3759782845953,91.0,0.0
262.3804950165393,90.0,0.0
262.3917630689221,89.0,0.0
262.4088523622059,88.0,0.0
262.4212129457677,89.0,0.0
262.4227606486063,88.0,0.0
262.42339690254227,87.0,0.0
262.42502033947625,86.0,0.0
262.4294914017105,87.0,0.0
262.4398636593027,88.0,0.0
262.4417242483851,87.0,0.0
262.44237455880346,88.0,0.0
262.4424397441924,89.0,0.0
262.44790449960203,88.0,0.0
262.4630981441915,87.0,0.0
262.46854857886444,86.0,0.0
262.47558746371516,87.0,0.0
262.4830494477309,88.0,0.0
262.4852022010631,89.0,0.0
262.50381771617054,88.0,0.0
262.5071442415989,89.0,0.0
262.5115561916971,90.0,0.0
262.5118977582212,89.0,0.0
262.5185887296659,88.0,0.0
262.52293816855536,89.0,0.0
262.53001898692327,90.0,0.0
262.5332121570395,91.0,0.0
262.53368270193437,90.0,0.0
262.5407449738222,91.0,0.0
262.5475594350456,92.0,0.0
262.5510524086329,91.0,0.0
262.55981863062146,92.0,0.0
262.56003290474547,91.0,0.0
262.5629154154864,92.0,0.0
262.57605396966903,93.0,0.0
262.5815380029965,94.0,0.0
262.58956964564334,95.0,0.0
262.5897259422066,96.0,0.0
262.597491784504,95.0,0.0
262.60111654238864,96.0,0.0
262.6046222689311,95.0,0.0
262.6048092933344,94.0,0.0
262.6084031653492,93.0,0.0
262.61010250605875,94.0,0.0
262.61627081072953,93.0,0.0
262.6198138306444,92.0,0.0
262.6293754869775,93.0,0.0
262.63749195204355,94.0,0.0
262.6400779529125,93.0,0.0
262.6403567940725,92.0,0.0
262.64533356905906,91.0,0.0
262.6498067532029,92.0,0.0
262.6562410188766,93.0,0.0
262.65783976704313,94.0,0.0
262.6659485817207,93.0,0.0
262.67058495157903,94.0,0.0
262.6796764817075,95.0,0.0
262.6846664132861,96.0,0.0
262.69208342083226,97.0,0.0
262.7024555558073,98.0,0.0
262.70386924476884,97.0,0.0
262.71828469745543,96.0,0.0
262.7195155253772,95.0,0.0
262.7274454411435,96.0,0.0
262.7353803210404,95.0,0.0
262.7357929920858,96.0,0.0
262.7457920901083,97.0,0.0
262.7516341093559,96.0,0.0
262.75424528622597,95.0,0.0
262.757704747271,96.0,0.0
262.7601909017617,95.0,0.0
262.76295063380803,96.0,0.0
262.7659342925673,95.0,0.0
262.7675393118209,96.0,0.0
262.77162564526594,97.0,0.0
262.7757059676718,96.0,0.0
262.78229636680885,97.0,0.0
262.80604733968477,98.0,0.0
262.81118436779593,97.0,0.0
262.8264794884343,96.0,0.0
262.83452357258057,95.0,0.0
262.8390167954953,96.0,0.0
262.84334106580786,95.0,0.0
262.8610229012973,96.0,0.0
262.8627527463992,97.0,0.0
262.8649618529843,96.0,0.0
262.8713217969286,95.0,0.0
262.87277947036824,96.0,0.0
262.8791381424724,95.0,0.0
262.8813718193501,94.0,0.0
262.88700245960297,95.0,0.0
262.8906626911517,96.0,0.0
262.89194171951306,97.0,0.0
262.894962145518,98.0,0.0
262.90223344045893,97.0,0.0
262.90934332204523,98.0,0.0
262.9155767101442,97.0,0.0
262.92070593118694,98.0,0.0
262.92146688620767,99.0,0.0
262.935580037535,98.0,0.0
262.94450547022905,97.0,0.0
262.94592004745743,98.0,0.0
262.94671898342733,99.0,0.0
262.94705363923543,100.0,0.0
262.95386419539767,99.0,0.0
262.9619327439746,100.0,0.0
262.96330665796364,99.0,0.0
262.97232157421087,98.0,0.0
262.9807515853977,99.0,0.0
262.98091480767624,100.0,0.0
262.9833859003435,99.0,0.0
262.98383821049134,98.0,0.0
262.98589705074414,99.0,0.0
262.9894303355892,100.0,0.0
262.98944268546717,99.0,0.0
262.9956881577256,98.0,0.0
263.00498869151835,99.0,0.0
263.01130901330316,100.0,0.0
263.01359295729816,99.0,0.0
263.019048906763,98.0,0.0
263.03455369385676,99.0,0.0
263.03476179574636,100.0,0.0
263.03942156715635,99.0,0.0
263.0480792149688,98.0,0.0
263.0555460485488,99.0,0.0
263.0562171501209,100.0,0.0
263.06039671969984,101.0,0.0
263.06617930836006,102.0,0.0
263.06990176926246,103.0,0.0
263.07061597549654,104.0,0.0
263.07257700497763,103.0,0.0
263.07283395554185,102.0,0.0
263.0781382050569,101.0,0.0
263.0835937356262,100.0,0.0
263.0863439358474,99.0,0.0
263.08664886602435,98.0,0.0
263.09299024113164,97.0,0.0
263.1086218314242,96.0,0.0
263.1138849030815,97.0,0.0
263.12046240274304,96.0,0.0
263.1225133328284,97.0,0.0
263.15180602220437,96.0,0.0
263.1627711046843,95.0,0.0
263.16356472491185,94.0,0.0
263.1680886144477,95.0,0.0
263.1683754070711,94.0,0.0
263.18176306597104,95.0,0.0
263.1849017594209,94.0,0.0
263.1919214341674,95.0,0.0
263.2053173338097,96.0,0.0
263.20685870537255,97.0,0.0
263.2070552440538,96.0,0.0
263.2103323057394,95.0,0.0
263.2110252945674,94.0,0.0
263.23425636238716,93.0,0.0
263.2355300840453,94.0,0.0
263.23689664516263,93.0,0.0
263.23918427006447,94.0,0.0
263.24795765720586,93.0,0.0
263.2533868879804,92.0,0.0
263.2537105288372,93.0,0.0
263.25755055847884,92.0,0.0
263.26036577252387,93.0,0.0
263.26999302322656,92.0,0.0
263.2783195789846,93.0,0.0
263.2929590146768,92.0,0.0
263.2948560141521,93.0,0.0
263.29490811741675,92.0,0.0
263.29885115689285,93.0,0.0
263.31704292197617,92.0,0.0
263.3225547246241,91.0,0.0
263.32346092359364,92.0,0.0
263.33485902881006,93.0,0.0
263.34142439449937,92.0,0.0
263.34195154873936,91.0,0.0
263.3546071839848,90.0,0.0
263.35469179145707,91.0,0.0
263.3572815132831,90.0,0.0
263.36086066619305,91.0,0.0
263.3639009005818,90.0,0.0
263.3639785317312,89.0,0.0
263.36694041099554,88.0,0.0
263.36991394524176,87.0,0.0
263.3710067679105,86.0,0.0
263.3738252865474,87.0,0.0
263.37683002685895,86.0,0.0
263.37713281985674,87.0,0.0
263.39046878753805,86.0,0.0
263.3907063404196,85.0,0.0
263.3946514566348,84.0,0.0
263.398966899342,85.0,0.0
263.4006855993791,84.0,0.0
263.4343498451182,85.0,0.0
263.4423933045417,84.0,0.0
263.45381325801003,83.0,0.0
263.454177466343,82.0,0.0
263.46174659316495,83.0,0.0
263.4626600903684,82.0,0.0
263.4630975169362,83.0,0.0
263.466283369869,82.0,0.0
263.46805832372803,83.0,0.0
263.4710886102363,82.0,0.0
263.47226809639807,81.0,0.0
263.47538250764256,80.0,0.0
263.479279559816,79.0,0.0
263.48880333356476,78.0,0.0
263.50029135492707,77.0,0.0
263.5078921384565,78.0,0.0
263.53192955627804,77.0,0.0
263.5411261786763,78.0,0.0
263.5482267808692,79.0,0.0
263.5602828874802,78.0,0.0
263.561041546743,77.0,0.0
263.56241012258783,76.0,0.0
263.571308354773,75.0,0.0
263.57742445847765,74.0,0.0
263.58632752142955,73.0,0.0
263.5865260674327,74.0,0.0
263.5979874548278,75.0,0.0
263.5996967330438,76.0,0.0
263.60858001594323,77.0,0.0
263.6117202249802,78.0,0.0
263.61955119338614,77.0,0.0
263.6210713295771,78.0,0.0
263.6242740479408,77.0,0.0
263.6340630459991,76.0,0.0
263.6374991982444,77.0,0.0
263.63958937857336,78.0,0.0
263.6399535498836,77.0,0.0
263.64038638203243,78.0,0.0
263.6415301563058,79.0,0.0
263.64361150449093,78.0,0.0
263.6445846447625,77.0,0.0
263.64511610234285,76.0,0.0
263.64739371392403,77.0,0.0
263.64746606522795,76.0,0.0
263.6503951170007,77.0,0.0
263.6547378019878,76.0,0.0
263.65917347557627,75.0,0.0
263.6607764335303,74.0,0.0
263.66138079224584,75.0,0.0
263.6631507613706,74.0,0.0
263.6672094599011,75.0,0.0
263.6680251611941,76.0,0.0
263.685993919831,77.0,0.0
263.6885246901656,78.0,0.0
263.6903969569649,79.0,0.0
263.69355115546654,78.0,0.0
263.6945348900902,77.0,0.0
263.69806191407065,78.0,0.0
263.6990133018079,79.0,0.0
263.7131755880624,80.0,0.0
263.7156862917761,79.0,0.0
263.72535536840587,80.0,0.0
263.73706867543814,81.0,0.0
263.74870462438616,80.0,0.0
263.7525950740831,81.0,0.0
263.7667589115081,82.0,0.0
263.7674870997182,83.0,0.0
263.77328690822566,82.0,0.0
263.7773773679942,83.0,0.0
263.7810202453016,84.0,0.0
263.7844445751512,85.0,0.0
263.79128783722945,86.0,0.0
263.7919662373857,87.0,0.0
263.8040046417435,86.0,0.0
263.80774048813316,87.0,0.0
263.8087029579809,88.0,0.0
263.8136142860517,89.0,0.0
263.82461806342707,88.0,0.0
263.82735506761816,89.0,0.0
263.82817047090674,90.0,0.0
263.83107314566,89.0,0.0
263.8401272578569,88.0,0.0
263.8428661552464,87.0,0.0
263.8499510850674,86.0,0.0
263.857899314696,87.0,0.0
263.8580309015819,88.0,0.0
263.8588224155349,89.0,0.0
263.86396328609464,90.0,0.0
263.8672516856307,91.0,0.0
263.8707304176408,92.0,0.0
263.88513997721236,93.0,0.0
263.90228126072776,92.0,0.0
263.9033485787658,91.0,0.0
263.90968413089627,92.0,0.0
263.9174373571664,93.0,0.0
263.9354083103212,94.0,0.0
263.93550276139604,93.0,0.0
263.93723805723704,92.0,0.0
263.9431277814642,93.0,0.0
263.96427316291664,92.0,0.0
263.9653207125917,93.0,0.0
263.9682643862773,94.0,0.0
263.9734732121967,93.0,0.0
263.97384374689597,94.0,0.0
264.00258635825554,93.0,0.0
264.0049041477132,94.0,0.0
264.00788661355676,93.0,0.0
264.0159988262672,92.0,0.0
264.01685093421054,91.0,0.0
264.02068658671124,90.0,0.0
264.0215902366789,89.0,0.0
264.02432914835873,88.0,0.0
264.02492772226367,87.0,0.0
264.0288029952699,88.0,0.0
264.0308832473063,87.0,0.0
264.04926395900947,86.0,0.0
264.05181031268023,87.0,0.0
264.0528255809108,86.0,0.0
264.0575718907067,85.0,0.0
264.06002775918705,86.0,0.0
264.06264934338475,87.0,0.0
264.06273380904094,88.0,0.0
264.06493849394684,87.0,0.0
264.0701300432039,86.0,0.0
264.07166681350805,85.0,0.0
264.0803273951497,84.0,0.0
264.08305242619,83.0,0.0
264.08809206864487,84.0,0.0
264.0937369595032,85.0,0.0
264.0945220405348,84.0,0.0
264.09507647429547,83.0,0.0
264.0957565563258,84.0,0.0
264.0971665277373,83.0,0.0
264.10092595684637,84.0,0.0
264.10550705951806,83.0,0.0
264.1098545559471,82.0,0.0
264.1105652201749,81.0,0.0
264.11309091531393,80.0,0.0
264.1138048775499,81.0,0.0
264.1345965536164,82.0,0.0
264.1391267933014,81.0,0.0
264.14302375634804,82.0,0.0
264.15536254640233,81.0,0.0
264.1633572295969,82.0,0.0
264.1670247439958,83.0,0.0
264.16963172226843,82.0,0.0
264.1739418861556,83.0,0.0
264.17698541832584,84.0,0.0
264.1770632715338,83.0,0.0
264.216102707301,82.0,0.0
264.2165231828293,81.0,0.0
264.2320025836426,82.0,0.0
264.23839608072063,81.0,0.0
264.2429823010239,80.0,0.0
264.25018873530576,81.0,0.0
264.2681404012472,80.0,0.0
264.2746169633594,81.0,0.0
264.2843673635274,80.0,0.0
264.2959804841929,79.0,0.0
264.3096353976439,80.0,0.0
264.3106999929891,79.0,0.0
264.32267645794207,80.0,0.0
264.3244898497539,79.0,0.0
264.3350956471748,78.0,0.0
264.33977592868547,77.0,0.0
264.35626922630894,78.0,0.0
264.36623025533964,77.0,0.0
264.3663423843915,78.0,0.0
264.37754253576253,79.0,0.0
264.4010298654977,80.0,0.0
264.4125916395463,79.0,0.0
264.4178007280985,80.0,0.0
264.41802746340545,79.0,0.0
264.4240511321392,78.0,0.0
264.4246363540726,77.0,0.0
264.43117630706905,78.0,0.0
264.4324486241403,79.0,0.0
264.4332980369912,80.0,0.0
264.43918607209974,79.0,0.0
264.45640492666655,78.0,0.0
264.4824761911185,79.0,0.0
264.49462608992667,78.0,0.0
264.5088895988381,79.0,0.0
264.51306656007057,78.0,0.0
264.5170909790793,77.0,0.0
264.52019204177776,76.0,0.0
264.52213279149424,77.0,0.0
264.53055088361623,78.0,0.0
264.53601572362663,79.0,0.0
264.5407988640844,80.0,0.0
264.56976935895744,79.0,0.0
264.6173378104853,78.0,0.0
264.63489280715555,77.0,0.0
264.6434381414253,76.0,0.0
264.66426249847666,75.0,0.0
264.6758383243749,74.0,0.0
264.67933489878516,75.0,0.0
264.6891799537872,76.0,0.0
264.7012050615789,75.0,0.0
264.7095612115462,74.0,0.0
264.7144136929719,75.0,0.0
264.7425391970234,74.0,0.0
264.7473082448949,73.0,0.0
264.7481370878431,74.0,0.0
264.76876627240534,75.0,0.0
264.7740709278669,76.0,0.0
264.7801870055192,75.0,0.0
264.7828914663723,76.0,0.0
264.7835598309536,77.0,0.0
264.786501813826,76.0,0.0
264.786712902813,77.0,0.0
264.78889619474785,76.0,0.0
264.820566099791,77.0,0.0
264.82494631408457,76.0,0.0
264.8301258052072,75.0,0.0
264.83523667534183,74.0,0.0
264.8389988070586,73.0,0.0
264.8410814775345,72.0,0.0
264.8484950150501,73.0,0.0
264.85145511875464,74.0,0.0
264.85998320721853,73.0,0.0
264.86049085498604,72.0,0.0
264.86328716076054,73.0,0.0
264.86510895811716,72.0,0.0
264.8692280958564,71.0,0.0
264.90235004752896,72.0,0.0
264.9127119925738,71.0,0.0
264.9187221095205,70.0,0.0
264.9192181428954,71.0,0.0
264.9278755591864,72.0,0.0
264.9295646590044,73.0,0.0
264.93345140893166,74.0,0.0
264.93712853431305,75.0,0.0
264.94804575799355,76.0,0.0
264.9600524626147,77.0,0.0
264.96629433757005,76.0,0.0
264.9675366590778,75.0,0.0
264.9779629667978,74.0,0.0
264.987007117603,75.0,0.0
265.0119426922085,74.0,0.0
265.0175955820569,73.0,0.0
265.0269518655178,74.0,0.0
265.03338803109875,73.0,0.0
265.04560276035534,74.0,0.0
265.05397562776125,73.0,0.0
265.06663325084014,72.0,0.0
265.0732023091837,73.0,0.0
265.07458987651887,72.0,0.0
265.07736403421484,73.0,0.0
265.0792196912149,72.0,0.0
265.0930913884623,73.0,0.0
265.09635937735624,72.0,0.0
265.0986781084646,71.0,0.0
265.09919055108713,70.0,0.0
265.10158564022277,71.0,0.0
265.11473111793885,70.0,0.0
265.1152378589669,69.0,0.0
265.12278180613555,68.0,0.0
265.1281556733172,69.0,0.0
265.14792759144814,68.0,0.0
265.14795604824457,69.0,0.0
265.1498056093958,68.0,0.0
265.1524780270617,69.0,0.0
265.1628544028768,68.0,0.0
265.1630813475549,67.0,0.0
265.1644049540687,68.0,0.0
265.1691083544072,67.0,0.0
265.187661456487,66.0,0.0
265.188671002264,65.0,0.0
265.1956706145071,64.0,0.0
265.1967828417176,65.0,0.0
265.199436071125,64.0,0.0
265.20281404715104,63.0,0.0
265.20731507832795,62.0,0.0
265.2128183921588,61.0,0.0
265.2141443898143,60.0,0.0
265.2252417067956,61.0,0.0
265.23411473002943,62.0,0.0
265.23627186845044,61.0,0.0
265.26742880133685,60.0,0.0
265.2697666891477,59.0,0.0
265.2722713581669,60.0,0.0
265.27340528866495,61.0,0.0
265.27545316623093,60.0,0.0
265.27684472314286,59.0,0.0
265.27934677427226,60.0,0.0
265.28961035315183,59.0,0.0
265.29162939999884,60.0,0.0
265.29842256485944,59.0,0.0
265.30157078926374,58.0,0.0
265.30613170088867,59.0,0.0
265.31778016147007,58.0,0.0
265.3248207773661,57.0,0.0
265.32972225248847,56.0,0.0
265.33154266965647,55.0,0.0
265.3341009090239,56.0,0.0
265.33571633245697,55.0,0.0
265.3373533772308,54.0,0.0
265.3417805057232,55.0,0.0
265.3496943686604,54.0,0.0
265.35178137155947,53.0,0.0
265.363230326594,52.0,0.0
265.3639651372987,51.0,0.0
265.3706171738935,50.0,0.0
265.38195494823765,49.0,0.0
265.3825685835451,48.0,0.0
265.38927023806303,47.0,0.0
265.40805513713417,46.0,0.0
265.4094936674689,47.0,0.0
265.4473004822058,48.0,0.0
265.45464782147263,47.0,0.0
265.4643756254588,48.0,0.0
265.4654466221057,47.0,0.0
265.46634130754506,48.0,0.0
265.46651973528583,49.0,0.0
265.4881682459059,48.0,0.0
265.49051730804257,49.0,0.0
265.4936921623959,48.0,0.0
265.49702362755534,47.0,0.0
265.5029197003222,46.0,0.0
265.5105253415775,45.0,0.0
265.5109644360845,46.0,0.0
265.5115227403352,47.0,0.0
265.52179324041884,48.0,0.0
265.52289748780856,47.0,0.0
265.534695178293,46.0,0.0
265.5574221521887,45.0,0.0
265.56027970864625,44.0,0.0
265.5624331519279,45.0,0.0
265.5643192808706,44.0,0.0
265.5745238364119,45.0,0.0
265.58270278939295,44.0,0.0
265.5840855485512,43.0,0.0
265.593682937834,42.0,0.0
265.6017293623635,41.0,0.0
265.60614767337734,40.0,0.0
265.6123253276695,41.0,0.0
265.61532682183145,42.0,0.0
265.6178100316292,41.0,0.0
265.6186783390468,40.0,0.0
265.6240425464932,39.0,0.0
265.6249180985433,38.0,0.0
265.62750473655115,37.0,0.0
265.6284763808057,36.0,0.0
265.6366472442545,35.0,0.0
265.64608035993916,36.0,0.0
265.65696338688673,35.0,0.0
265.65975661168426,36.0,0.0
265.66444976142293,35.0,0.0
265.69399581653556,36.0,0.0
265.6986223031785,37.0,0.0
265.7100562468545,36.0,0.0
265.72557019944986,37.0,0.0
265.72998719939034,36.0,0.0
265.7348115793933,35.0,0.0
265.73928827022905,36.0,0.0
265.7425201456319,35.0,0.0
265.7597186035674,34.0,0.0
265.7627000065551,33.0,0.0
265.76893527476165,34.0,0.0
265.7697985254488,33.0,0.0
265.77323211216924,32.0,0.0
265.7957307466357,31.0,0.0
265.80374639427265,30.0,0.0
265.8103567942543,29.0,0.0
265.81194135273347,28.0,0.0
265.8159529238067,29.0,0.0
265.8194988658491,30.0,0.0
265.8231521137705,29.0,0.0
265.8244524017574,28.0,0.0
265.8434283370143,29.0,0.0
265.84895280039825,30.0,0.0
265.85528347795463,31.0,0.0
265.8772372611916,32.0,0.0
265.88922480293223,31.0,0.0
265.8972549692684,32.0,0.0
265.90383420539587,33.0,0.0
265.91985016567645,34.0,0.0
265.9427241672946,33.0,0.0
265.95107896968295,34.0,0.0
265.9541525939509,35.0,0.0
265.9687558201055,34.0,0.0
266.0005278879276,33.0,0.0
266.00554649873135,32.0,0.0
266.00946281577893,31.0,0.0
266.00965698189236,32.0,0.0
266.01206031954274,31.0,0.0
266.01287642167074,32.0,0.0
266.0131586768471,31.0,0.0
266.0135871866481,30.0,0.0
266.0136926297723,29.0,0.0
266.0206436439558,30.0,0.0
266.02495730904053,31.0,0.0
266.03538231840224,30.0,0.0
266.0370787331454,29.0,0.0
266.0434325179221,28.0,0.0
266.0504759847258,27.0,0.0
266.05290881812846,28.0,0.0
266.05403224791144,29.0,0.0
266.06814468887933,30.0,0.0
266.0703210574163,29.0,0.0
266.0816658758739,28.0,0.0
266.08949237673227,29.0,0.0
266.1039673107617,30.0,0.0
266.12246434616986,29.0,0.0
266.13551749797017,28.0,0.0
266.1380768054335,27.0,0.0
266.13940245325534,26.0,0.0
266.1398472321669,27.0,0.0
266.1410969943447,26.0,0.0
266.1426751827657,25.0,0.0
266.15062313067335,26.0,0.0
266.1616830932984,25.0,0.0
266.1892169741017,24.0,0.0
266.1895409103969,23.0,0.0
266.19261708732313,24.0,0.0
266.1958232595276,23.0,0.0
266.19765253484036,24.0,0.0
266.20075416748216,23.0,0.0
266.20800158550804,24.0,0.0
266.2142041263045,25.0,0.0
266.2286342243342,24.0,0.0
266.2314366044558,25.0,0.0
266.23339600069517,24.0,0.0
266.2590038068463,23.0,0.0
266.2900762341975,22.0,0.0
266.2922812084003,21.0,0.0
266.30057638511613,20.0,0.0
266.3075878305492,19.0,0.0
266.31553407053804,18.0,0.0
266.31596292838435,17.0,0.0
266.3249617292795,16.0,0.0
266.3279754464803,17.0,0.0
266.32936403793474,18.0,0.0
266.3417232453497,17.0,0.0
266.3515542595021,18.0,0.0
266.3536663281706,19.0,0.0
266.3576485560391,18.0,0.0
266.35991860168986,17.0,0.0
266.36113856133153,16.0,0.0
266.369691466115,17.0,0.0
266.36979225820323,16.0,0.0
266.37961945873667,17.0,0.0
266.382488729764,18.0,0.0
266.38421647884104,17.0,0.0
266.39310880119007,18.0,0.0
266.40819840131655,19.0,0.0
266.42297969444587,18.0,0.0
266.4244226783574,17.0,0.0
266.4358002178261,16.0,0.0
266.455049675008,15.0,0.0
266.45826650934083,14.0,0.0
266.4829116554474,15.0,0.0
266.4874276416109,14.0,0.0
266.50238954869934,13.0,0.0
266.5093335135944,12.0,0.0
266.51326611605674,13.0,0.0
266.51781757819936,12.0,0.0
266.52377999448913,13.0,0.0
266.5308538930879,14.0,0.0
266.55571520421273,15.0,0.0
266.5615644058992,16.0,0.0
266.56283166938346,15.0,0.0
266.5690927627856,14.0,0.0
266.58327269510016,13.0,0.0
266.5876197331032,12.0,0.0
266.6187808943752,13.0,0.0
266.62262769962985,14.0,0.0
266.62315828149616,13.0,0.0
266.6267686653643,14.0,0.0
266.644474189145,15.0,0.0
266.6522651856139,14.0,0.0
266.65876733053534,13.0,0.0
266.6873676966482,14.0,0.0
266.69541540728295,13.0,0.0
266.6976790639387,14.0,0.0
266.7268179082491,13.0,0.0
266.72756310938416,14.0,0.0
266.73099414219934,13.0,0.0
266.73262570958497,12.0,0.0
266.7346864451652,11.0,0.0
266.73704938573246,12.0,0.0
266.74418853894105,13.0,0.0
266.75146891119846,12.0,0.0
266.7556980582652,13.0,0.0
266.75884856905117,12.0,0.0
266.7604861316441,11.0,0.0
266.76334814993544,10.0,0.0
266.76708612548464,11.0,0.0
266.77451484637004,12.0,0.0
266.80191499184696,11.0,0.0
266.8132364385757,10.0,0.0
266.8143589049809,9.0,0.0
266.81584279487294,8.0,0.0
266.8161402846656,7.0,0.0
266.82569549364894,6.0,0.0
266.8270484077333,5.0,0.0
266.83572174083633,4.0,0.0
266.8542909982874,3.0,0.0
266.8647352029164,2.0,0.0
266.8788133520308,3.0,0.0
266.8813206803441,2.0,0.0
266.88452095491647,3.0,0.0
266.89278472136436,2.0,0.0
266.916469194188,3.0,0.0
266.9240150256098,2.0,0.0
266.95203294606983,3.0,0.0
266.9589307104867,4.0,0.0
266.96397652441783,3.0,0.0
266.97144397318004,2.0,0.0
266.9763147549526,1.0,0.0
266.9909255443606,2.0,0.0
266.9912263826483,3.0,0.0
267.00155492046343,2.0,0.0
267.0019076635377,3.0,0.0
267.02737137355825,2.0,0.0
267.03212428143075,3.0,0.0
267.04013237307123,2.0,0.0
267.0404153440575,1.0,0.0
267.07831243040147,0.0,0.0
267.1108117529921,1.0,0.0
267.12332953525174,2.0,0.0
267.13499706633814,3.0,0.0
267.1407940646073,4.0,0.0
267.1421543877844,3.0,0.0
267.15589435120467,4.0,0.0
267.1577324643486,5.0,0.0
267.1709445700114,6.0,0.0
267.1771796558102,5.0,0.0
267.18335619060304,6.0,0.0
267.19006167942143,7.0,0.0
267.1925467644044,6.0,0.0
267.1948498869875,5.0,0.0
267.1987381302378,6.0,0.0
267.237255800465,5.0,0.0
267.24137380727683,4.0,0.0
267.2705071689543,3.0,0.0
267.272867813936,4.0,0.0
267.2759458772072,3.0,0.0
267.28066477610537,4.0,0.0
267.3008379651857,3.0,0.0
267.3447392016021,2.0,0.0
267.3507159761336,3.0,0.0
267.3524897021843,4.0,0.0
267.3843146997382,3.0,0.0
267.38644880390774,4.0,0.0
267.3865620138006,3.0,0.0
267.38979671499794,4.0,0.0
267.3915328430499,5.0,0.0
267.40841806488345,4.0,0.0
267.4177292044016,3.0,0.0
267.4278626471906,4.0,0.0
267.4398787973139,3.0,0.0
267.4509534759557,2.0,0.0
267.45382128254886,1.0,0.0
267.46674440040414,2.0,0.0
267.46782106438815,3.0,0.0
267.4740123119124,2.0,0.0
267.4806807534297,1.0,0.0
267.4811541317476,0.0,0.0
267.4966364644031,1.0,0.0
267.5220505919941,2.0,0.0
267.52737864402854,1.0,0.0
267.5305992717679,2.0,0.0
267.5457620456722,1.0,0.0
267.58321635403684,0.0,0.0
267.601861217769,1.0,0.0
267.63045152970494,2.0,0.0
267.63609195185984,3.0,0.0
267.63753978170104,2.0,0.0
267.65676913342503,1.0,0.0
267.67383223185,0.0,0.0
267.6937772151159,1.0,0.0
267.6990257389235,2.0,0.0
267.71241249063377,3.0,0.0
267.7129811762111,4.0,0.0
267.71518513458807,3.0,0.0
267.7155263719277,2.0,0.0
267.7388823945384,1.0,0.0
267.7427282508461,2.0,0.0
267.74280299143555,3.0,0.0
267.75817272377736,2.0,0.0
267.75929474468484,1.0,0.0
267.7618913144499,2.0,0.0
267.76499572108537,1.0,0.0
267.80595918488723,0.0,0.0
267.8168378846735,1.0,0.0
267.8211806530073,2.0,0.0
267.8328903888042,1.0,0.0
267.83413775082533,0.0,0.0
268.0325376962302,1.0,0.0
268.04315735252743,0.0,0.0
268.04562094165357,1.0,0.0
268.1322494143906,0.0,0.0
268.26217113105747,1.0,0.0
268.2840132908761,0.0,0.0
268.3367775111643,1.0,0.0
268.33797833804584,0.0,0.0
268.34831320628274,1.0,0.0
268.3669577293423,2.0,0.0
268.3689241000581,1.0,0.0
268.38638240949723,0.0,0.0
268.460794806941,1.0,0.0
268.50183895354456,0.0,0.0
268.52384121568684,1.0,0.0
268.52672068931093,0.0,0.0
268.5338802428856,1.0,0.0
268.5352680366586,0.0,0.0
268.55469560841914,1.0,0.0
268.57145638973753,2.0,0.0
268.6159798124885,1.0,0.0
268.6506980380105,0.0,0.0
268.6751502083361,1.0,0.0
268.68100436677764,2.0,0.0
268.7320490554597,1.0,0.0
268.7399939599926,2.0,0.0
268.74463808827863,3.0,0.0
268.7809635198759,4.0,0.0
268.7921981556645,3.0,0.0
268.82113421556176,4.0,0.0
268.8232810848688,3.0,0.0
268.82432654233133,2.0,0.0
268.8584060458185,3.0,0.0
268.87579033799943,4.0,0.0
268.87856888918174,3.0,0.0
268.8844504508869,2.0,0.0
268.88866256770325,3.0,0.0
268.8961772117966,2.0,0.0
268.90256539711993,1.0,0.0
268.96191606443375,0.0,0.0
269.02691182957597,1.0,0.0
269.0611059398262,0.0,0.0
269.0706835957302,1.0,0.0
269.1107978176462,0.0,0.0
269.12234634957815,1.0,0.0
269.1341578925067,0.0,0.0
269.20710939543017,1.0,0.0
269.21826723961635,0.0,0.0
269.220371393928,1.0,0.0
269.24751877758496,0.0,0.0
269.30462141798904,1.0,0.0
269.3209027227763,0.0,0.0
269.33180105495734,1.0,0.0
269.3916659469805,0.0,0.0
269.42614143852495,1.0,0.0
269.43217634669895,0.0,0.0
269.4930492903661,1.0,0.0
269.4971021721328,2.0,0.0
269.51293990415917,1.0,0.0
269.5149835568235,0.0,0.0
269.5300832637957,1.0,0.0
269.5344733094774,2.0,0.0
269.5427965522932,1.0,0.0
269.5757007656625,2.0,0.0
269.5863372687115,1.0,0.0
269.5922458100074,2.0,0.0
269.6377635839227,3.0,0.0
269.64749718174124,2.0,0.0
269.65619437497867,1.0,0.0
269.6694184953462,0.0,0.0
269.6835953935843,1.0,0.0
269.69816788235573,2.0,0.0
269.7101234105821,1.0,0.0
269.7157508571889,0.0,0.0
269.72808463162056,1.0,0.0
269.7407504784586,2.0,0.0
269.7563820857052,3.0,0.0
269.7621368263332,4.0,0.0
269.76969725864774,5.0,0.0
269.77136932424895,6.0,0.0
269.7880335462698,5.0,0.0
269.8010166755018,4.0,0.0
269.80394928461556,3.0,0.0
269.8295667445668,4.0,0.0
269.83759834296677,5.0,0.0
269.8380821296431,6.0,0.0
269.83862977064564,5.0,0.0
269.84067486128066,4.0,0.0
269.853853281109,3.0,0.0
269.8593685734173,4.0,0.0
269.8636838172016,5.0,0.0
269.8664560103309,4.0,0.0
269.87402899477127,3.0,0.0
269.8914456228776,2.0,0.0
269.89282776633155,1.0,0.0
269.90085073161276,2.0,0.0
269.90324022252895,1.0,0.0
269.95053507695553,2.0,0.0
269.95692773283116,1.0,0.0
269.9650783474127,2.0,0.0
269.9675763806897,3.0,0.0
269.9678283629198,2.0,0.0
269.9813906599029,1.0,0.0
269.9878165971891,0.0,0.0
269.99327624878447,1.0,0.0
269.99525673747996,0.0,0.0
270.02330937387904,1.0,0.0
270.0782444958221,0.0,0.0
270.08771661945315,1.0,0.0
270.1238557345146,2.0,0.0
270.20717495970064,3.0,0.0
270.20792354298413,4.0,0.0
270.2088267116718,5.0,0.0
270.21310558657626,4.0,0.0
270.2274205146273,5.0,0.0
270.25448422564483,6.0,0.0
270.26567354084966,5.0,0.0
270.2700111924582,6.0,0.0
270.2832460183811,5.0,0.0
270.2884146961396,4.0,0.0
270.2884243277292,5.0,0.0
270.2931635022084,4.0,0.0
270.31569933875096,5.0,0.0
270.3157032421613,4.0,0.0
270.32106553254465,5.0,0.0
270.33321893646735,4.0,0.0
270.3413055963034,5.0,0.0
270.3429331471569,4.0,0.0
270.3488636730411,5.0,0.0
270.3594171717476,6.0,0.0
270.35979474987255,5.0,0.0
270.36519823223455,4.0,0.0
270.37687323666756,5.0,0.0
270.38306733499996,6.0,0.0
270.3879177466816,7.0,0.0
270.3998347290467,6.0,0.0
270.42689192579996,5.0,0.0
270.44078270234166,6.0,0.0
270.4485424425265,7.0,0.0
270.4502701271895,8.0,0.0
270.46175410111675,7.0,0.0
270.4634481177117,6.0,0.0
270.4767003782134,5.0,0.0
270.4874689386301,6.0,0.0
270.48785173379133,7.0,0.0
270.49695446551385,8.0,0.0
270.51201452471804,7.0,0.0
270.5397646614155,6.0,0.0
270.55885135534714,5.0,0.0
270.55922112665036,6.0,0.0
270.5659229599612,5.0,0.0
270.5677117853079,4.0,0.0
270.56820813145265,5.0,0.0
270.5823867642068,4.0,0.0
270.58411029988673,5.0,0.0
270.58644091922133,6.0,0.0
270.6029721265719,7.0,0.0
270.6054489176449,6.0,0.0
270.60693872120055,7.0,0.0
270.61421570562624,8.0,0.0
270.6163425969165,7.0,0.0
270.62019227714666,6.0,0.0
270.6214935023026,7.0,0.0
270.63734941695276,6.0,0.0
270.6447326296369,7.0,0.0
270.6662266327225,8.0,0.0
270.6696625321942,7.0,0.0
270.67176367261595,6.0,0.0
270.67876682897577,5.0,0.0
270.68623388279815,6.0,0.0
270.68849448929876,5.0,0.0
270.6913745508163,4.0,0.0
270.6919708462269,3.0,0.0
270.71993498830244,2.0,0.0
270.7232138503096,1.0,0.0
270.72526293897914,0.0,0.0
270.75864086039803,1.0,0.0
270.76071813180977,2.0,0.0
270.7863337526326,1.0,0.0
270.7934695016818,0.0,0.0
270.8292016734311,1.0,0.0
270.8472378529738,2.0,0.0
270.848354356746,3.0,0.0
270.85156493946533,2.0,0.0
270.8724946392932,1.0,0.0
270.89321503116213,2.0,0.0
270.89804394188747,3.0,0.0
270.90717299857255,2.0,0.0
270.9156755077156,3.0,0.0
270.93761422868045,4.0,0.0
270.9421018462875,3.0,0.0
270.94420657820655,2.0,0.0
270.9670943675292,1.0,0.0
271.00350573685665,0.0,0.0
271.0054182518989,1.0,0.0
271.00652536344984,2.0,0.0
271.0173005766559,3.0,0.0
271.0187176776567,2.0,0.0
271.0190051078093,1.0,0.0
271.05837764669644,2.0,0.0
271.0599120833102,3.0,0.0
271.062055357437,2.0,0.0
271.0713359259951,3.0,0.0
271.0825363203737,2.0,0.0
271.1070062539477,3.0,0.0
271.1137017418739,4.0,0.0
271.12526570749867,3.0,0.0
271.12740545078753,2.0,0.0
271.13379868746506,3.0,0.0
271.1414741815141,2.0,0.0
271.14491486071773,1.0,0.0
271.1563505319912,0.0,0.0
271.1842417819552,1.0,0.0
271.20796665563387,2.0,0.0
271.2142104672677,1.0,0.0
271.22663243240356,2.0,0.0
271.2385406172177,3.0,0.0
271.25104314195175,2.0,0.0
271.2541720834114,3.0,0.0
271.25662800714434,2.0,0.0
271.2588648827901,3.0,0.0
271.2671291084067,4.0,0.0
271.33711573004564,3.0,0.0
271.3435348561006,2.0,0.0
271.34762850216845,3.0,0.0
271.3553782489833,2.0,0.0
271.35942167211397,1.0,0.0
271.3684431148479,0.0,0.0
271.3823618147773,1.0,0.0
271.3851821482777,2.0,0.0
271.3861573443412,1.0,0.0
271.4046195413718,0.0,0.0
271.40581542606765,1.0,0.0
271.40817485262625,0.0,0.0
271.413289431906,1.0,0.0
271.4422566318448,0.0,0.0
271.44854203046435,1.0,0.0
271.4508082068826,0.0,0.0
271.46417579167644,1.0,0.0
271.4655278464989,2.0,0.0
271.46610275073783,3.0,0.0
271.5053954956643,2.0,0.0
271.5209637844456,1.0,0.0
271.5404680492676,0.0,0.0
271.5479082326533,1.0,0.0
271.5522148449025,2.0,0.0
271.5614954447183,1.0,0.0
271.57906362854413,0.0,0.0
271.58926561207784,1.0,0.0
271.5958294974422,0.0,0.0
271.6220386980107,1.0,0.0
271.6239039467359,2.0,0.0
271.6301373668144,3.0,0.0
271.6377787889925,4.0,0.0
271.6420275716441,5.0,0.0
271.64798185313754,4.0,0.0
271.6617053546423,3.0,0.0
271.6649615665756,2.0,0.0
271.6714663532228,1.0,0.0
271.69034713937333,0.0,0.0
271.69561383914026,1.0,0.0
271.69952757599833,2.0,0.0
271.71232481803105,1.0,0.0
271.7123877325172,0.0,0.0
271.73354308132906,1.0,0.0
271.7608849906218,0.0,0.0
271.77445029538313,1.0,0.0
271.7769023417342,2.0,0.0
271.77783016637545,3.0,0.0
271.7820294693842,2.0,0.0
271.7976164625049,1.0,0.0
271.8025276120942,2.0,0.0
271.80842064944835,3.0,0.0
271.8200017862904,2.0,0.0
271.8277066435113,3.0,0.0
271.84411639520135,2.0,0.0
271.84451477419117,3.0,0.0
271.8470449198392,2.0,0.0
271.8487914684451,3.0,0.0
271.85470213001565,4.0,0.0
271.85852192449283,5.0,0.0
271.8610480408264,6.0,0.0
271.86460049487636,5.0,0.0
271.87143318328054,6.0,0.0
271.8779198146622,5.0,0.0
271.8879971539852,4.0,0.0
271.8929750479985,5.0,0.0
271.89383247482635,4.0,0.0
271.90358756538274,5.0,0.0
271.9045987397329,6.0,0.0
271.91878409944457,5.0,0.0
271.92396522115496,4.0,0.0
271.92751388492394,3.0,0.0
271.9295241997916,4.0,0.0
271.93153720196653,5.0,0.0
271.9347649330569,6.0,0.0
271.9352539229042,7.0,0.0
271.9515107705094,8.0,0.0
271.95858165015295,7.0,0.0
271.96597084153035,8.0,0.0
271.97194432369895,7.0,0.0
271.97576528471865,8.0,0.0
271.9776773476077,9.0,0.0
271.9793778306269,10.0,0.0
271.9839219793592,9.0,0.0
271.9979262063363,10.0,0.0
272.01053824263136,9.0,0.0
272.03162931711495,8.0,0.0
272.0348284390129,9.0,0.0
272.0354850157168,8.0,0.0
272.0503009831959,9.0,0.0
272.06708852759226,8.0,0.0
272.07064544254393,9.0,0.0
272.09093434538113,10.0,0.0
272.0968155918324,11.0,0.0
272.0969028835674,10.0,0.0
272.1045883039734,9.0,0.0
272.10529440339485,8.0,0.0
272.10780629447993,9.0,0.0
272.11000570367,10.0,0.0
272.11269901892547,11.0,0.0
272.1265773654925,10.0,0.0
272.12775662029554,9.0,0.0
272.1334513820975,8.0,0.0
272.1415769704684,9.0,0.0
272.1446688900202,8.0,0.0
272.1452988577922,7.0,0.0
272.1642007926142,8.0,0.0
272.19038833920126,9.0,0.0
272.19305982605084,8.0,0.0
272.20240044739035,9.0,0.0
272.2070193723134,8.0,0.0
272.20825647644284,9.0,0.0
272.20961687446254,8.0,0.0
272.2267613764251,7.0,0.0
272.23320952879465,8.0,0.0
272.23447932008554,7.0,0.0
272.2410416430483,6.0,0.0
272.2436776919393,7.0,0.0
272.2595392633649,6.0,0.0
272.2617445823422,7.0,0.0
272.2678252353025,6.0,0.0
272.2684564867936,5.0,0.0
272.2727094234386,6.0,0.0
272.27799204070897,5.0,0.0
272.2788745503983,6.0,0.0
272.28494154399556,7.0,0.0
272.2988102497666,8.0,0.0
272.3056812132999,7.0,0.0
272.30627453164846,6.0,0.0
272.31328138496025,5.0,0.0
272.3253274374161,6.0,0.0
272.32912180012926,7.0,0.0
272.3372451817819,6.0,0.0
272.3460438386407,7.0,0.0
272.3545763437619,6.0,0.0
272.35728595344403,5.0,0.0
272.35837436168697,6.0,0.0
272.3601106478047,7.0,0.0
272.3637995887795,6.0,0.0
272.3646406908481,5.0,0.0
272.3764886004341,4.0,0.0
272.38955995325875,3.0,0.0
272.3931140680378,2.0,0.0
272.4166216288764,1.0,0.0
272.41843806580334,2.0,0.0
272.419578830065,1.0,0.0
272.45553600499903,2.0,0.0
272.4618920182861,3.0,0.0
272.4661375909712,2.0,0.0
272.4819406351739,3.0,0.0
272.4995503536885,4.0,0.0
272.5142762202967,5.0,0.0
272.5170385781197,4.0,0.0
272.52711556885293,5.0,0.0
272.5356456392287,4.0,0.0
272.53771649789866,5.0,0.0
272.5391812595287,6.0,0.0
272.5425349127344,7.0,0.0
272.54375553405106,6.0,0.0
272.55108603959985,7.0,0.0
272.5530409794662,8.0,0.0
272.55741012764975,7.0,0.0
272.5809123545759,6.0,0.0
272.59301341896725,5.0,0.0
272.59591902776504,6.0,0.0
272.5962830105837,7.0,0.0
272.6020768527691,6.0,0.0
272.60560960763604,7.0,0.0
272.6138833212086,8.0,0.0
272.62402825859584,9.0,0.0
272.6243991749943,10.0,0.0
272.6273236988439,9.0,0.0
272.6277237348427,10.0,0.0
272.6339481971077,11.0,0.0
272.63589377509885,12.0,0.0
272.65030726564726,11.0,0.0
272.651101365224,10.0,0.0
272.65708291473965,9.0,0.0
272.66130079193584,10.0,0.0
272.6710245827854,11.0,0.0
272.6771919026297,12.0,0.0
272.67743647201155,11.0,0.0
272.678327755789,12.0,0.0
272.68234359287794,11.0,0.0
272.69175031774336,10.0,0.0
272.69886337578913,9.0,0.0
272.7070931283982,8.0,0.0
272.7126198256986,7.0,0.0
272.71403888246124,8.0,0.0
272.7156255384525,7.0,0.0
272.7202344971348,8.0,0.0
272.72528570463027,9.0,0.0
272.72772369226215,8.0,0.0
272.7298737524423,7.0,0.0
272.7387897476573,8.0,0.0
272.73975568164514,9.0,0.0
272.7569501294567,8.0,0.0
272.7603855564148,7.0,0.0
272.76397299019936,8.0,0.0
272.7659018870818,7.0,0.0
272.7789295740027,8.0,0.0
272.7936495737625,9.0,0.0
272.8012826434304,10.0,0.0
272.8101768439539,11.0,0.0
272.8133852855827,10.0,0.0
272.81384995151393,11.0,0.0
272.81815182900465,12.0,0.0
272.8212956721353,11.0,0.0
272.83920360932694,10.0,0.0
272.840122241135,11.0,0.0
272.84683547328933,12.0,0.0
272.8498878166953,13.0,0.0
272.8635400296538,12.0,0.0
272.8648501390786,11.0,0.0
272.8792983210515,10.0,0.0
272.88211657733547,9.0,0.0
272.88289531534053,8.0,0.0
272.88334186671955,9.0,0.0
272.8920294354078,8.0,0.0
272.8933444225818,7.0,0.0
272.90403887551304,8.0,0.0
272.90747711543196,9.0,0.0
272.9150357977217,10.0,0.0
272.91842894788846,9.0,0.0
272.92622417740574,8.0,0.0
272.92985137696144,7.0,0.0
272.93882880935394,6.0,0.0
272.93942445720864,5.0,0.0
272.940100433167,6.0,0.0
272.9417575910836,5.0,0.0
272.9560996408222,6.0,0.0
272.97260851028005,7.0,0.0
272.9859545443663,8.0,0.0
272.9905455151071,7.0,0.0
272.9929310977996,6.0,0.0
273.0063570586508,7.0,0.0
273.00820619495613,8.0,0.0
273.01202029722936,9.0,0.0
273.0201914486884,8.0,0.0
273.0368302672819,9.0,0.0
273.0397193659489,8.0,0.0
273.04437349550506,9.0,0.0
273.045227815683,10.0,0.0
273.05414818471957,11.0,0.0
273.05514298055937,12.0,0.0
273.0603744090791,13.0,0.0
273.0675040268192,14.0,0.0
273.07624544425056,13.0,0.0
273.0767333952628,12.0,0.0
273.07939495420453,13.0,0.0
273.08267641065294,14.0,0.0
273.08520445605336,15.0,0.0
273.0877003911916,16.0,0.0
273.09892333541234,15.0,0.0
273.1021362981558,14.0,0.0
273.1025775770672,13.0,0.0
273.1035721648884,14.0,0.0
273.10372821871425,15.0,0.0
273.11147605251915,14.0,0.0
273.1167523205901,15.0,0.0
273.12067761289086,14.0,0.0
273.12198604918393,15.0,0.0
273.12223065233854,16.0,0.0
273.1283488569191,17.0,0.0
273.13107953574166,16.0,0.0
273.14383336523707,15.0,0.0
273.1456339782873,16.0,0.0
273.1466352497207,15.0,0.0
273.14761220509666,14.0,0.0
273.1566105969103,15.0,0.0
273.1617732016515,14.0,0.0
273.1746930521124,15.0,0.0
273.1940213884295,16.0,0.0
273.195966774367,17.0,0.0
273.2027943251561,16.0,0.0
273.2094203565214,15.0,0.0
273.22856781570636,14.0,0.0
273.23188134602196,13.0,0.0
273.23688059911115,14.0,0.0
273.237258403841,15.0,0.0
273.24130661688696,16.0,0.0
273.24607939428927,17.0,0.0
273.2734935926824,18.0,0.0
273.2751531120428,17.0,0.0
273.27864058285206,18.0,0.0
273.27907300288655,17.0,0.0
273.2875993901091,16.0,0.0
273.3073313537195,17.0,0.0
273.30777814318196,16.0,0.0
273.30865176473765,15.0,0.0
273.3181696058749,14.0,0.0
273.3240597790531,13.0,0.0
273.32988935371816,12.0,0.0
273.3309918015456,11.0,0.0
273.3331095245575,12.0,0.0
273.33737973915964,11.0,0.0
273.3381368324541,12.0,0.0
273.3459540803516,13.0,0.0
273.34860125293073,14.0,0.0
273.35813799462636,13.0,0.0
273.3611503495381,14.0,0.0
273.36122912926993,15.0,0.0
273.3639607675872,14.0,0.0
273.364015904689,13.0,0.0
273.3653891500775,14.0,0.0
273.3766617949684,13.0,0.0
273.38640417951143,12.0,0.0
273.3959234546933,11.0,0.0
273.39703561207597,12.0,0.0
273.3981298135967,13.0,0.0
273.4099058819447,14.0,0.0
273.41570448782494,13.0,0.0
273.41659957898617,14.0,0.0
273.4193953672773,15.0,0.0
273.4205605623774,16.0,0.0
273.42794225869847,15.0,0.0
273.43507383098455,16.0,0.0
273.440342332553,15.0,0.0
273.4442725910254,14.0,0.0
273.4444732676392,13.0,0.0
273.44452051856,14.0,0.0
273.45844218640025,13.0,0.0
273.4632986742276,12.0,0.0
273.4691336881735,11.0,0.0
273.47112842959433,10.0,0.0
273.4735390863926,11.0,0.0
273.47371147419335,12.0,0.0
273.4778701829061,13.0,0.0
273.4842608138318,14.0,0.0
273.4876762931213,15.0,0.0
273.4967271704062,14.0,0.0
273.5069340391754,13.0,0.0
273.51298214810345,14.0,0.0
273.5131914443883,15.0,0.0
273.51622639175696,14.0,0.0
273.5184616004075,13.0,0.0
273.5184918980495,12.0,0.0
273.51864663514453,13.0,0.0
273.5245595861647,14.0,0.0
273.53806751451805,15.0,0.0
273.53914490376286,14.0,0.0
273.5413699139818,13.0,0.0
273.5474742416138,12.0,0.0
273.54850921128684,13.0,0.0
273.56372541062075,12.0,0.0
273.5639879748138,11.0,0.0
273.580568054226,12.0,0.0
273.5823892837168,13.0,0.0
273.5852240317718,14.0,0.0
273.58904968647676,15.0,0.0
273.5899707537111,16.0,0.0
273.596734996825,15.0,0.0
273.5971393868075,16.0,0.0
273.60314951710893,15.0,0.0
273.6104700928109,14.0,0.0
273.614858956781,15.0,0.0
273.6208979010233,16.0,0.0
273.6323629922676,15.0,0.0
273.6408520232609,16.0,0.0
273.6487535354624,17.0,0.0
273.65448234338197,18.0,0.0
273.6556612074153,17.0,0.0
273.656755595693,16.0,0.0
273.6573382648295,17.0,0.0
273.6644337711801,18.0,0.0
273.6656691216742,19.0,0.0
273.66576551010155,20.0,0.0
273.66677512372206,21.0,0.0
273.6725106405452,22.0,0.0
273.6726334869156,23.0,0.0
273.6811358374727,22.0,0.0
273.6914667368303,21.0,0.0
273.6982239307472,22.0,0.0
273.69978105122624,23.0,0.0
273.70685138488955,22.0,0.0
273.7219417638236,21.0,0.0
273.7326022940267,22.0,0.0
273.7358836026265,21.0,0.0
273.73756019794,22.0,0.0
273.74351208205684,23.0,0.0
273.7452395299027,24.0,0.0
273.7456849340209,25.0,0.0
273.74729915753164,26.0,0.0
273.74756361053164,27.0,0.0
273.74821914722804,28.0,0.0
273.7488589986517,27.0,0.0
273.7490161163686,26.0,0.0
273.76219688923743,27.0,0.0
273.7623901718309,26.0,0.0
273.76288309360126,27.0,0.0
273.77683038359385,26.0,0.0
273.78251925909206,25.0,0.0
273.7872163525491,26.0,0.0
273.7882706795825,27.0,0.0
273.8015667785096,28.0,0.0
273.80450419218,29.0,0.0
273.8050524784858,28.0,0.0
273.80695927839963,27.0,0.0
273.8278221770848,26.0,0.0
273.8289237716399,27.0,0.0
273.8377463924916,26.0,0.0
273.8574320464684,27.0,0.0
273.8603480622272,28.0,0.0
273.87109715458234,29.0,0.0
273.87835848867826,30.0,0.0
273.8807274603354,31.0,0.0
273.88168715444147,30.0,0.0
273.88457526492516,29.0,0.0
273.8953207060825,28.0,0.0
273.90043777685895,27.0,0.0
273.90045069513263,28.0,0.0
273.90953163970414,27.0,0.0
273.9171290864353,26.0,0.0
273.91756928612733,25.0,0.0
273.9200893256355,24.0,0.0
273.92183484141685,23.0,0.0
273.926993890185,24.0,0.0
273.9303243542516,25.0,0.0
273.94783355086287,24.0,0.0
273.9707014172167,25.0,0.0
273.98389318004104,24.0,0.0
273.98878722791454,23.0,0.0
274.00392543215247,24.0,0.0
274.01016893715695,23.0,0.0
274.01593791492195,24.0,0.0
274.0292015646977,25.0,0.0
274.0309271715018,24.0,0.0
274.03579558665365,23.0,0.0
274.03669779228187,24.0,0.0
274.03894669617785,23.0,0.0
274.04549762525124,24.0,0.0
274.04716935214697,23.0,0.0
274.0536620686857,24.0,0.0
274.05810446340536,23.0,0.0
274.0650608888759,22.0,0.0
274.06615959011344,21.0,0.0
274.06677214095276,20.0,0.0
274.069744096145,21.0,0.0
274.07694712930106,22.0,0.0
274.07740464114596,23.0,0.0
274.0789279318404,24.0,0.0
274.0928012815479,25.0,0.0
274.0956702097465,26.0,0.0
274.099083426899,25.0,0.0
274.0994710226597,24.0,0.0
274.11407866837504,25.0,0.0
274.1141768367537,26.0,0.0
274.1162227356789,25.0,0.0
274.1185339685674,26.0,0.0
274.12550264024566,25.0,0.0
274.12722982334157,26.0,0.0
274.1472049661411,27.0,0.0
274.152241781237,28.0,0.0
274.1541597174707,29.0,0.0
274.16161821320463,30.0,0.0
274.16747147222287,29.0,0.0
274.1703413227936,30.0,0.0
274.1786292726767,31.0,0.0
274.17959616800647,32.0,0.0
274.18003779125314,31.0,0.0
274.180947984858,30.0,0.0
274.1903023820057,29.0,0.0
274.19279283831486,30.0,0.0
274.20756821038015,31.0,0.0
274.21467518138905,32.0,0.0
274.214683376585,33.0,0.0
274.21724385874325,34.0,0.0
274.2194369796269,33.0,0.0
274.22087282493163,32.0,0.0
274.22804443707514,33.0,0.0
274.2308506749701,34.0,0.0
274.23402261361923,33.0,0.0
274.23553848441844,32.0,0.0
274.23570646123767,33.0,0.0
274.2419487518292,34.0,0.0
274.2462853161145,35.0,0.0
274.24938534906374,36.0,0.0
274.2523825689499,37.0,0.0
274.2620709573516,38.0,0.0
274.2633085222465,37.0,0.0
274.2643795640232,38.0,0.0
274.2781850132601,37.0,0.0
274.28008299926563,36.0,0.0
274.28527979312514,37.0,0.0
274.2867895220939,36.0,0.0
274.2911652612757,35.0,0.0
274.29536242952315,36.0,0.0
274.29906899255434,37.0,0.0
274.2995592216872,38.0,0.0
274.3009240239968,39.0,0.0
274.3034110020373,38.0,0.0
274.30423446949476,39.0,0.0
274.3086349269776,38.0,0.0
274.3180102140207,37.0,0.0
274.31827866632165,38.0,0.0
274.32221470253296,39.0,0.0
274.32379265927193,38.0,0.0
274.32428553092416,37.0,0.0
274.32467745028924,36.0,0.0
274.3251044107302,35.0,0.0
274.3289891610242,34.0,0.0
274.33063087038687,35.0,0.0
274.33196897998897,34.0,0.0
274.3385837767359,35.0,0.0
274.342655641054,36.0,0.0
274.3448993868431,37.0,0.0
274.345560473438,38.0,0.0
274.3493648435511,37.0,0.0
274.3520811794471,38.0,0.0
274.3525389395268,39.0,0.0
274.35382911546907,40.0,0.0
274.3590371714787,39.0,0.0
274.3629399139223,38.0,0.0
274.37804475681605,39.0,0.0
274.37989988856714,38.0,0.0
274.38663279993943,37.0,0.0
274.38866750632184,36.0,0.0
274.39045890893595,37.0,0.0
274.3913188834354,36.0,0.0
274.39462433990155,35.0,0.0
274.4090535428084,34.0,0.0
274.40920566232415,33.0,0.0
274.41329053856964,34.0,0.0
274.42080581568183,35.0,0.0
274.42175590770324,34.0,0.0
274.42595367142303,33.0,0.0
274.428249800135,32.0,0.0
274.42906417977485,33.0,0.0
274.44381359247706,34.0,0.0
274.4439741071075,33.0,0.0
274.44809616962715,32.0,0.0
274.4484573870764,31.0,0.0
274.4509924851868,32.0,0.0
274.4519329484741,33.0,0.0
274.4720453713142,34.0,0.0
274.48063485275617,35.0,0.0
274.4820022752486,34.0,0.0
274.4920507447622,33.0,0.0
274.4930293308035,32.0,0.0
274.4930464199069,31.0,0.0
274.49878754474224,30.0,0.0
274.50130967690166,31.0,0.0
274.50495517492175,32.0,0.0
274.51035237614025,33.0,0.0
274.5166516510275,32.0,0.0
274.524367061964,33.0,0.0
274.530431910403,34.0,0.0
274.531099088815,35.0,0.0
274.5332676060479,34.0,0.0
274.53618045282946,33.0,0.0
274.5397334972364,34.0,0.0
274.546333270104,35.0,0.0
274.5516774596234,34.0,0.0
274.55300121396107,35.0,0.0
274.5549415238186,36.0,0.0
274.5588997658783,37.0,0.0
274.56399818951394,36.0,0.0
274.5744447036279,37.0,0.0
274.5840525537827,36.0,0.0
274.5911564527632,37.0,0.0
274.5953188033789,36.0,0.0
274.60125098560616,35.0,0.0
274.60885628264305,36.0,0.0
274.60947417525136,37.0,0.0
274.6112033345055,36.0,0.0
274.6196751975229,37.0,0.0
274.6240078629614,38.0,0.0
274.62874864937845,39.0,0.0
274.63356328276905,38.0,0.0
274.6346831504463,39.0,0.0
274.6360389996836,40.0,0.0
274.63756906563066,41.0,0.0
274.643593893911,42.0,0.0
274.64682791077587,41.0,0.0
274.65017870884867,42.0,0.0
274.6535414446451,43.0,0.0
274.66183449638686,42.0,0.0
274.6623238554562,43.0,0.0
274.6799326538336,44.0,0.0
274.68078119715466,43.0,0.0
274.6821296283757,44.0,0.0
274.6846643482981,45.0,0.0
274.6886951224851,44.0,0.0
274.6954367162338,43.0,0.0
274.69788351531435,42.0,0.0
274.698094137102,43.0,0.0
274.6997011486979,44.0,0.0
274.7049507372159,43.0,0.0
274.7165140034848,42.0,0.0
274.7198124340523,43.0,0.0
274.7348172147086,42.0,0.0
274.7473581453557,43.0,0.0
274.7497632846553,44.0,0.0
274.7498895401598,45.0,0.0
274.7578018047256,46.0,0.0
274.7585035262373,45.0,0.0
274.7712929370993,44.0,0.0
274.7713159168635,43.0,0.0
274.77762537321604,42.0,0.0
274.7790484700755,41.0,0.0
274.78125785411834,42.0,0.0
274.7841615927331,43.0,0.0
274.7847131915665,44.0,0.0
274.7890413719336,43.0,0.0
274.80310766614946,42.0,0.0
274.80817188477283,43.0,0.0
274.80947181763395,42.0,0.0
274.8097319443226,43.0,0.0
274.81409503095136,42.0,0.0
274.8167613468487,41.0,0.0
274.83745097394427,42.0,0.0
274.8425479550041,41.0,0.0
274.8458131071253,42.0,0.0
274.84923128048484,41.0,0.0
274.85155233259803,40.0,0.0
274.8525050683277,41.0,0.0
274.8532529442684,42.0,0.0
274.85629365791385,41.0,0.0
274.85700218185667,40.0,0.0
274.8577283165044,41.0,0.0
274.8698562311339,40.0,0.0
274.8740395390121,39.0,0.0
274.8789762122641,40.0,0.0
274.8808986829324,41.0,0.0
274.8841526616726,40.0,0.0
274.89305970268947,39.0,0.0
274.9062108190365,40.0,0.0
274.90839430770575,41.0,0.0
274.9085104851032,42.0,0.0
274.90970679311886,43.0,0.0
274.9280782284208,42.0,0.0
274.9305121972397,41.0,0.0
274.94838688695216,42.0,0.0
274.95501753256195,41.0,0.0
274.95663980752863,42.0,0.0
274.960612156862,43.0,0.0
274.96622042899406,44.0,0.0
274.9709220012177,43.0,0.0
274.9722882838911,44.0,0.0
274.97307878333265,43.0,0.0
274.9794103045059,42.0,0.0
274.9810937484515,41.0,0.0
274.9816107287106,42.0,0.0
274.9846536103076,43.0,0.0
274.98572774287817,42.0,0.0
274.9867005389676,43.0,0.0
274.98958387511834,42.0,0.0
274.9913251166664,43.0,0.0
274.9929811785336,44.0,0.0
275.00185636581654,45.0,0.0
275.00741125494784,44.0,0.0
275.0093395570348,45.0,0.0
275.019868727704,44.0,0.0
275.02716039070407,43.0,0.0
275.0286755888332,44.0,0.0
275.0291444950718,45.0,0.0
275.0329793740338,44.0,0.0
275.0336017798936,43.0,0.0
275.03503270245034,44.0,0.0
275.04572152778763,45.0,0.0
275.0495198165396,46.0,0.0
275.06767283705176,45.0,0.0
275.07798618436055,46.0,0.0
275.080377779467,47.0,0.0
275.0859767288264,46.0,0.0
275.08720924681285,47.0,0.0
275.0894369945043,46.0,0.0
275.09384680717335,45.0,0.0
275.0942034860491,44.0,0.0
275.09475591073726,45.0,0.0
275.1027385205483,46.0,0.0
275.1035373433528,47.0,0.0
275.1059152398885,46.0,0.0
275.12736740998946,47.0,0.0
275.13177427641307,48.0,0.0
275.13318556265415,47.0,0.0
275.1337199855605,48.0,0.0
275.13655411553356,49.0,0.0
275.1544758201766,50.0,0.0
275.1553414029931,51.0,0.0
275.16534105712356,50.0,0.0
275.17558324082864,49.0,0.0
275.1764348099701,50.0,0.0
275.1783096912878,49.0,0.0
275.185750277815,50.0,0.0
275.186744010838,51.0,0.0
275.18865683731434,52.0,0.0
275.1940169404625,51.0,0.0
275.1992310923652,52.0,0.0
275.2100122441572,51.0,0.0
275.2120789371127,52.0,0.0
275.2250298375858,53.0,0.0
275.2257561305512,54.0,0.0
275.2277749403433,53.0,0.0
275.24742802834277,54.0,0.0
275.24789065600885,55.0,0.0
275.25395440203096,56.0,0.0
275.25783887785536,55.0,0.0
275.26455772353273,54.0,0.0
275.26716008659525,53.0,0.0
275.2690547919567,54.0,0.0
275.2705997652108,55.0,0.0
275.2734734364143,54.0,0.0
275.279545562551,53.0,0.0
275.28055210946553,52.0,0.0
275.28263426406124,53.0,0.0
275.285690879553,54.0,0.0
275.28676178257507,53.0,0.0
275.28783075453515,54.0,0.0
275.30665774234893,55.0,0.0
275.3158191383961,54.0,0.0
275.3160511575058,55.0,0.0
275.32110197917143,56.0,0.0
275.33187037011476,55.0,0.0
275.3370165545072,56.0,0.0
275.33964703308595,57.0,0.0
275.34269732384587,58.0,0.0
275.35452128206197,59.0,0.0
275.36108628986614,60.0,0.0
275.3637603414014,61.0,0.0
275.3669061039734,62.0,0.0
275.3787794278133,63.0,0.0
275.3875307545861,64.0,0.0
275.3942502323242,65.0,0.0
275.39537030497786,64.0,0.0
275.39874963772934,65.0,0.0
275.3988040467693,64.0,0.0
275.40555660639706,65.0,0.0
275.41707583704004,66.0,0.0
275.41873436720624,67.0,0.0
275.41960511471507,68.0,0.0
275.42761304940365,69.0,0.0
275.4338134607962,70.0,0.0
275.4385017883337,69.0,0.0
275.4406117234769,68.0,0.0
275.44643684504985,67.0,0.0
275.4585033057108,68.0,0.0
275.46656541316145,69.0,0.0
275.4783808473565,70.0,0.0
275.48031646697723,69.0,0.0
275.4893229675155,68.0,0.0
275.4924980163266,69.0,0.0
275.49402672741485,70.0,0.0
275.49831029226584,71.0,0.0
275.49857073050373,70.0,0.0
275.50979478651874,69.0,0.0
275.5118966362345,68.0,0.0
275.5119628849801,67.0,0.0
275.5260315883314,66.0,0.0
275.5296088049286,67.0,0.0
275.5314529939754,66.0,0.0
275.53680953692486,65.0,0.0
275.53716215357554,64.0,0.0
275.55249959490965,63.0,0.0
275.559526578637,64.0,0.0
275.5638033128157,65.0,0.0
275.5786325936191,66.0,0.0
275.58040364602766,67.0,0.0
275.58052266084087,68.0,0.0
275.5898446288304,67.0,0.0
275.5987116069548,66.0,0.0
275.59920072650965,67.0,0.0
275.6004590963492,68.0,0.0
275.60099991902285,69.0,0.0
275.6028728370093,70.0,0.0
275.6132903841695,69.0,0.0
275.61909210731903,68.0,0.0
275.6232685848299,69.0,0.0
275.6246368298037,70.0,0.0
275.62569213888395,71.0,0.0
275.62956590964603,70.0,0.0
275.63401517587073,71.0,0.0
275.6384121613132,72.0,0.0
275.65577205367725,71.0,0.0
275.6561221714695,70.0,0.0
275.65658726653726,69.0,0.0
275.6621268954923,68.0,0.0
275.66427789793903,67.0,0.0
275.66971692010657,66.0,0.0
275.6730674217562,67.0,0.0
275.6738206923692,68.0,0.0
275.68026354326724,69.0,0.0
275.6823846532114,70.0,0.0
275.6857054414106,71.0,0.0
275.68809634344854,72.0,0.0
275.68817877538424,73.0,0.0
275.6917422663065,72.0,0.0
275.69583660178796,71.0,0.0
275.69961071555883,70.0,0.0
275.7036952485482,69.0,0.0
275.70803276437357,70.0,0.0
275.713505484978,69.0,0.0
275.71609894787895,68.0,0.0
275.71882458661815,67.0,0.0
275.7191919918569,66.0,0.0
275.7326766911742,67.0,0.0
275.73450360173365,66.0,0.0
275.740098357115,65.0,0.0
275.7490131771349,64.0,0.0
275.7523261280596,63.0,0.0
275.7590540534643,64.0,0.0
275.76040209775135,63.0,0.0
275.76963580470556,64.0,0.0
275.7753701840503,65.0,0.0
275.79294799778825,66.0,0.0
275.79431687761877,65.0,0.0
275.79847457359153,64.0,0.0
275.808101754745,65.0,0.0
275.8111513052792,66.0,0.0
275.81326311213064,67.0,0.0
275.8158858949379,68.0,0.0
275.8159110611652,67.0,0.0
275.81695591650197,66.0,0.0
275.82105908982146,65.0,0.0
275.8265111665357,66.0,0.0
275.82995997146975,65.0,0.0
275.8454070843562,66.0,0.0
275.84825668183464,67.0,0.0
275.84881868808554,68.0,0.0
275.850771367528,67.0,0.0
275.8527604519575,66.0,0.0
275.8551697330341,65.0,0.0
275.8583587920519,66.0,0.0
275.8586892953902,67.0,0.0
275.86805268705723,68.0,0.0
275.86914237081567,67.0,0.0
275.87089644070414,68.0,0.0
275.8743322133351,67.0,0.0
275.880614507462,66.0,0.0
275.8813293153415,67.0,0.0
275.88155383402824,66.0,0.0
275.8885369973059,65.0,0.0
275.8932455964152,64.0,0.0
275.89350874181093,63.0,0.0
275.90117888119676,64.0,0.0
275.90659498668833,63.0,0.0
275.9107350893344,64.0,0.0
275.9195202205136,65.0,0.0
275.9277237901498,64.0,0.0
275.9325760538492,65.0,0.0
275.9413764437614,64.0,0.0
275.94309540065655,65.0,0.0
275.95755657786225,64.0,0.0
275.959840916552,63.0,0.0
275.9607319656472,64.0,0.0
275.9812021204037,65.0,0.0
275.981339902713,66.0,0.0
275.98797336349986,67.0,0.0
275.9898061133701,68.0,0.0
275.9904600778445,69.0,0.0
275.991828082825,70.0,0.0
275.9949441193523,71.0,0.0
276.00501988952516,72.0,0.0
276.00646470979194,71.0,0.0
276.0192988239878,72.0,0.0
276.02287292994276,71.0,0.0
276.0258978935311,70.0,0.0
276.0325634251269,71.0,0.0
276.0357041232531,70.0,0.0
276.03607597186056,71.0,0.0
276.04127690401737,72.0,0.0
276.0416823985525,71.0,0.0
276.04529068270404,72.0,0.0
276.05106452357893,73.0,0.0
276.06554682221537,74.0,0.0
276.0691400521203,75.0,0.0
276.07203133973815,76.0,0.0
276.09523664067484,75.0,0.0
276.0999007739988,74.0,0.0
276.1037992007852,75.0,0.0
276.10623049171306,76.0,0.0
276.1071763936501,77.0,0.0
276.1100608970601,76.0,0.0
276.1176597055762,75.0,0.0
276.1196425532597,76.0,0.0
276.1262176183685,77.0,0.0
276.1443278140974,76.0,0.0
276.1463611683673,77.0,0.0
276.1530708304073,78.0,0.0
276.1660504333057,77.0,0.0
276.16928080126655,78.0,0.0
276.1704550627058,79.0,0.0
276.171171583401,80.0,0.0
276.1777609208003,81.0,0.0
276.19011921735336,80.0,0.0
276.19082870004775,81.0,0.0
276.20566928958914,82.0,0.0
276.2075465830719,83.0,0.0
276.2089084575035,84.0,0.0
276.20971596756,85.0,0.0
276.2169749801923,86.0,0.0
276.2241420387243,87.0,0.0
276.22425816262637,86.0,0.0
276.2244576021533,87.0,0.0
276.2255471267381,88.0,0.0
276.2258543785906,87.0,0.0
276.22907916625394,86.0,0.0
276.2400381898975,85.0,0.0
276.24237983362224,84.0,0.0
276.24247542888236,83.0,0.0
276.2439262486945,84.0,0.0
276.24441076732495,85.0,0.0
276.25223343435084,86.0,0.0
276.25431114152303,87.0,0.0
276.2568671212247,88.0,0.0
276.2593788191573,87.0,0.0
276.26114221061914,88.0,0.0
276.2623486635164,89.0,0.0
276.26738732154627,90.0,0.0
276.27254957224756,91.0,0.0
276.2803666581904,90.0,0.0
276.28078305165184,89.0,0.0
276.323795944383,90.0,0.0
276.32665003382624,91.0,0.0
276.326943338314,90.0,0.0
276.3435100167455,91.0,0.0
276.3444094463767,90.0,0.0
276.3470593473155,91.0,0.0
276.3573032768958,90.0,0.0
276.3604121554154,91.0,0.0
276.3658135178895,92.0,0.0
276.36995801490565,93.0,0.0
276.3702204596647,94.0,0.0
276.3706219178818,95.0,0.0
276.37074469964244,96.0,0.0
276.372643710031,95.0,0.0
276.38509286021826,94.0,0.0
276.38766743113763,95.0,0.0
276.38848802629747,96.0,0.0
276.39392408877995,97.0,0.0
276.40176550232337,98.0,0.0
276.40550076337354,99.0,0.0
276.4179902879596,100.0,0.0
276.4204414482497,99.0,0.0
276.422427298317,98.0,0.0
276.4239690214837,97.0,0.0
276.4260603229006,96.0,0.0
276.4267190045197,95.0,0.0
276.42938379699734,96.0,0.0
276.43087715861725,95.0,0.0
276.4340813864042,96.0,0.0
276.4373183851057,97.0,0.0
276.43744964844547,96.0,0.0
276.4406044266528,95.0,0.0
276.44424507500406,94.0,0.0
276.45157448860266,93.0,0.0
276.45722241751355,92.0,0.0
276.46505411986203,91.0,0.0
276.47459133987775,90.0,0.0
276.4749324675092,89.0,0.0
276.4872021809249,90.0,0.0
276.487883994682,91.0,0.0
276.4884289362065,92.0,0.0
276.49829210599404,91.0,0.0
276.50393449020754,90.0,0.0
276.50570981043205,89.0,0.0
276.5198789445749,88.0,0.0
276.5201179038561,89.0,0.0
276.52092077117595,90.0,0.0
276.53348994074383,91.0,0.0
276.5336142393124,92.0,0.0
276.53749826060005,91.0,0.0
276.54515436070244,92.0,0.0
276.55346220672544,91.0,0.0
276.55966931224265,92.0,0.0
276.5616769313627,91.0,0.0
276.56570457652015,92.0,0.0
276.57093841406953,93.0,0.0
276.58080884167026,94.0,0.0
276.58332240041267,95.0,0.0
276.5837109782918,96.0,0.0
276.58437511205955,97.0,0.0
276.59514925375066,98.0,0.0
276.6005272481404,99.0,0.0
276.6134343367666,100.0,0.0
276.61578477868943,99.0,0.0
276.621928051387,98.0,0.0
276.6254272175232,97.0,0.0
276.62550032217416,96.0,0.0
276.62727333433276,97.0,0.0
276.62738102604396,96.0,0.0
276.6359307263034,97.0,0.0
276.6366495305082,98.0,0.0
276.6399273485521,97.0,0.0
276.67100020138747,96.0,0.0
276.67275582026895,97.0,0.0
276.6774256099806,98.0,0.0
276.6783993606791,97.0,0.0
276.68442178265656,96.0,0.0
276.6879503787818,97.0,0.0
276.6909702915933,96.0,0.0
276.7028087925826,97.0,0.0
276.70368541441724,98.0,0.0
276.7083141514658,99.0,0.0
276.71189748836326,100.0,0.0
276.7147495512703,99.0,0.0
276.72311217893696,100.0,0.0
276.7274640533301,99.0,0.0
276.7291902609532,98.0,0.0
276.7299388196554,99.0,0.0
276.7310523790545,98.0,0.0
276.7332874949492,99.0,0.0
276.7533805809971,100.0,0.0
276.7612114111696,99.0,0.0
276.7633690933526,98.0,0.0
276.76890638143806,99.0,0.0
276.7709712719978,100.0,0.0
276.7782314704074,101.0,0.0
276.78567087903883,100.0,0.0
276.78640916640484,99.0,0.0
276.78760896690136,98.0,0.0
276.78946992861637,97.0,0.0
276.7904488286795,98.0,0.0
276.79178382888887,97.0,0.0
276.7988476511845,98.0,0.0
276.8033513457609,99.0,0.0
276.80900449914367,98.0,0.0
276.80923341524704,97.0,0.0
276.811661844938,98.0,0.0
276.82129006718844,97.0,0.0
276.8287036675985,98.0,0.0
276.8488566086368,99.0,0.0
276.85016794757075,100.0,0.0
276.8623316747282,99.0,0.0
276.86273763967273,98.0,0.0
276.86551662188305,99.0,0.0
276.8664220498029,100.0,0.0
276.8703647476437,99.0,0.0
276.88796488686654,100.0,0.0
276.8882429067222,101.0,0.0
276.9011247628305,100.0,0.0
276.90233424800164,101.0,0.0
276.91063387057034,102.0,0.0
276.9152005393839,101.0,0.0
276.9199166081284,102.0,0.0
276.921399180782,101.0,0.0
276.922280394028,100.0,0.0
276.92732814501267,99.0,0.0
276.9277676995413,98.0,0.0
276.93008633418975,97.0,0.0
276.93157752781906,98.0,0.0
276.9315828719558,99.0,0.0
276.9342743863134,100.0,0.0
276.9377299455753,101.0,0.0
276.93872112929273,102.0,0.0
276.9413479446505,101.0,0.0
276.94748443309396,102.0,0.0
276.9476959073704,101.0,0.0
276.9483263095481,100.0,0.0
276.9509853440216,101.0,0.0
276.95750335744356,100.0,0.0
276.9643312217589,101.0,0.0
276.9775664556478,102.0,0.0
276.9805956601641,101.0,0.0
276.98295926888704,100.0,0.0
276.9901071084847,99.0,0.0
276.9911543499617,98.0,0.0
276.99738368317304,97.0,0.0
276.9975553191364,96.0,0.0
277.00119226254714,97.0,0.0
277.0054910655968,96.0,0.0
277.0098314008011,95.0,0.0
277.01125853146334,96.0,0.0
277.01602284492077,97.0,0.0
277.02008195417943,98.0,0.0
277.0238230800921,97.0,0.0
277.0336375644241,96.0,0.0
277.0429713308366,95.0,0.0
277.0439556845875,94.0,0.0
277.0460589914686,93.0,0.0
277.0468751263815,94.0,0.0
277.0491614897737,95.0,0.0
277.05241695774805,96.0,0.0
277.055919674244,95.0,0.0
277.0581666844412,96.0,0.0
277.05868042926716,95.0,0.0
277.06454144468796,96.0,0.0
277.0684088413252,95.0,0.0
277.0767335885715,96.0,0.0
277.08473070409093,97.0,0.0
277.0852061070574,96.0,0.0
277.0856491892596,95.0,0.0
277.08702945855345,94.0,0.0
277.0906392862777,95.0,0.0
277.0966576607812,94.0,0.0
277.1051978053286,95.0,0.0
277.114730161988,96.0,0.0
277.1310363619694,97.0,0.0
277.1332294749329,96.0,0.0
277.1336903480321,97.0,0.0
277.1493682294953,96.0,0.0
277.149724525828,97.0,0.0
277.1510022472934,96.0,0.0
277.1547913176648,97.0,0.0
277.17792756322336,96.0,0.0
277.17874131208816,95.0,0.0
277.18016900603607,96.0,0.0
277.1820983250755,95.0,0.0
277.1853680729819,96.0,0.0
277.1867019453115,97.0,0.0
277.1904861022132,98.0,0.0
277.1943190583229,99.0,0.0
277.1978611728463,100.0,0.0
277.1997471168599,101.0,0.0
277.2000488022607,102.0,0.0
277.2091373420453,103.0,0.0
277.21251086973194,104.0,0.0
277.2137680813604,105.0,0.0
277.216157989006,104.0,0.0
277.21656512083024,105.0,0.0
277.2173502370775,106.0,0.0
277.2317465426872,105.0,0.0
277.24271944982104,106.0,0.0
277.2428228854607,107.0,0.0
277.24498199528983,106.0,0.0
277.25202386820246,105.0,0.0
277.2522844818312,104.0,0.0
277.2656071748313,105.0,0.0
277.26744939462964,104.0,0.0
277.2707643458726,103.0,0.0
277.27241223481315,102.0,0.0
277.28450722087007,103.0,0.0
277.28617024870704,102.0,0.0
277.2886594219205,103.0,0.0
277.28927207158563,104.0,0.0
277.29225406376537,103.0,0.0
277.2926291710473,104.0,0.0
277.29623274162344,103.0,0.0
277.2982913930448,102.0,0.0
277.30495963424835,101.0,0.0
277.32084311822933,102.0,0.0
277.3236259393981,101.0,0.0
277.3301215010154,100.0,0.0
277.3348500380802,99.0,0.0
277.34108786723846,98.0,0.0
277.34922710418556,99.0,0.0
277.3498081777194,100.0,0.0
277.353185606988,99.0,0.0
277.3606372219767,98.0,0.0
277.3631656798137,97.0,0.0
277.3677903853374,98.0,0.0
277.3816430222133,99.0,0.0
277.3827894324972,100.0,0.0
277.3853441945675,101.0,0.0
277.3890340367224,102.0,0.0
277.3927518605933,103.0,0.0
277.3951127923593,104.0,0.0
277.3993501304074,103.0,0.0
277.41094227727285,104.0,0.0
277.42844277296643,103.0,0.0
277.4302422218176,104.0,0.0
277.43205624077024,103.0,0.0
277.4477504977665,104.0,0.0
277.45690128362276,105.0,0.0
277.46185607207985,104.0,0.0
277.47073215390685,105.0,0.0
277.47877481598306,106.0,0.0
277.47942696501445,105.0,0.0
277.48533715245964,104.0,0.0
277.48540972430584,103.0,0.0
277.5043382622703,104.0,0.0
277.512318748915,103.0,0.0
277.51411045168436,104.0,0.0
277.5183262522438,103.0,0.0
277.5239688689923,102.0,0.0
277.52584338679094,103.0,0.0
277.536532188323,104.0,0.0
277.54025967173266,103.0,0.0
277.5538019518334,104.0,0.0
277.56681589559656,103.0,0.0
277.567332027769,104.0,0.0
277.56837804388374,105.0,0.0
277.5691872225577,106.0,0.0
277.57341302098655,107.0,0.0
277.57511291618863,106.0,0.0
277.57775270186625,105.0,0.0
277.5846499548192,104.0,0.0
277.58864170463147,105.0,0.0
277.58871805402583,106.0,0.0
277.5898684549514,107.0,0.0
277.5910356045888,108.0,0.0
277.5911962568709,109.0,0.0
277.59419972820723,108.0,0.0
277.59454717856136,109.0,0.0
277.59897205204965,110.0,0.0
277.59973895245815,109.0,0.0
277.6022587792799,110.0,0.0
277.6089409187152,111.0,0.0
277.617838507867,110.0,0.0
277.62167352061493,111.0,0.0
277.62172452815844,112.0,0.0
277.6422141616709,113.0,0.0
277.645899629452,112.0,0.0
277.64748783077215,111.0,0.0
277.66442959640466,112.0,0.0
277.6649322712545,113.0,0.0
277.6682615721977,112.0,0.0
277.6755135944757,113.0,0.0
277.68474790469423,112.0,0.0
277.68688535329227,111.0,0.0
277.71165535114903,112.0,0.0
277.71321202867307,111.0,0.0
277.7168507866577,112.0,0.0
277.72323609697963,113.0,0.0
277.7329372884967,112.0,0.0
277.74989102454225,111.0,0.0
277.75431832304207,112.0,0.0
277.7616283083643,111.0,0.0
277.77326039938634,110.0,0.0
277.79741769487686,111.0,0.0
277.8010896903456,110.0,0.0
277.8017841864179,111.0,0.0
277.8033062890148,110.0,0.0
277.81639111485725,111.0,0.0
277.8169245561115,110.0,0.0
277.81883819927225,111.0,0.0
277.8302209184877,110.0,0.0
277.8437472825091,109.0,0.0
277.84779216698706,108.0,0.0
277.8490226341858,107.0,0.0
277.8547934853881,108.0,0.0
277.85790465092794,107.0,0.0
277.85885203610076,108.0,0.0
277.8589815999073,107.0,0.0
277.86485374348064,106.0,0.0
277.87917002542474,107.0,0.0
277.880163119039,106.0,0.0
277.8843069772988,107.0,0.0
277.8862306937297,106.0,0.0
277.89798696196385,107.0,0.0
277.90598628441774,108.0,0.0
277.90680343965306,109.0,0.0
277.91380643227325,108.0,0.0
277.91597027028786,107.0,0.0
277.9243348111072,108.0,0.0
277.9260219170289,109.0,0.0
277.9420728116565,110.0,0.0
277.9456715837487,109.0,0.0
277.9481078051921,110.0,0.0
277.96085601414256,111.0,0.0
277.96226746253234,110.0,0.0
277.9653986565248,111.0,0.0
277.9745758645398,112.0,0.0
277.97610604492803,111.0,0.0
277.98196352029925,110.0,0.0
277.9846804590708,109.0,0.0
277.99927203903053,108.0,0.0
278.0011018415488,109.0,0.0
278.00417673306464,110.0,0.0
278.01371338313976,109.0,0.0
278.0162919128658,108.0,0.0
278.02219196399847,109.0,0.0
278.024221297681,110.0,0.0
278.02683462283056,109.0,0.0
278.02967188938726,108.0,0.0
278.0376776075403,107.0,0.0
278.0438213513511,106.0,0.0
278.044038755361,105.0,0.0
278.05056061631893,104.0,0.0
278.05467722881167,103.0,0.0
278.0844739285635,104.0,0.0
278.0859442043689,105.0,0.0
278.0868018088511,104.0,0.0
278.0934558972352,103.0,0.0
278.10026732028786,104.0,0.0
278.1086957812894,103.0,0.0
278.12317835322085,102.0,0.0
278.12786261404597,101.0,0.0
278.1291592935277,100.0,0.0
278.1292910339593,99.0,0.0
278.1305726626659,100.0,0.0
278.1361489428392,99.0,0.0
278.1376283295601,100.0,0.0
278.1401021966403,101.0,0.0
278.14731298888114,102.0,0.0
278.15053332921127,101.0,0.0
278.15240608557053,100.0,0.0
278.15664403701373,99.0,0.0
278.1569797963799,98.0,0.0
278.1573641268634,99.0,0.0
278.1573877857267,100.0,0.0
278.15794267936474,99.0,0.0
278.16305760344306,100.0,0.0
278.16857568050966,99.0,0.0
278.1729924698885,100.0,0.0
278.1752985325137,101.0,0.0
278.1774152899359,100.0,0.0
278.179985748053,101.0,0.0
278.1844056137026,102.0,0.0
278.1850421251271,103.0,0.0
278.1904611987043,102.0,0.0
278.19082340860933,101.0,0.0
278.2017777454396,100.0,0.0
278.21143871580347,101.0,0.0
278.2116027396641,102.0,0.0
278.2117437554198,103.0,0.0
278.2243560468283,102.0,0.0
278.2351384536569,101.0,0.0
278.2353432278485,102.0,0.0
278.23789664138815,103.0,0.0
278.245068329756,102.0,0.0
278.2486337359318,103.0,0.0
278.2499977189336,104.0,0.0
278.2533347806117,103.0,0.0
278.25871833868416,102.0,0.0
278.2629696657424,101.0,0.0
278.2663453473965,100.0,0.0
278.28568735099117,99.0,0.0
278.2873562077415,98.0,0.0
278.29187087959883,99.0,0.0
278.29470482321506,100.0,0.0
278.29857656664666,99.0,0.0
278.3029031458045,98.0,0.0
278.30713484328345,99.0,0.0
278.31543715080386,100.0,0.0
278.3168623202437,101.0,0.0
278.3278778211828,100.0,0.0
278.3281901652167,99.0,0.0
278.33994128244854,100.0,0.0
278.34371392879586,99.0,0.0
278.34482942754795,100.0,0.0
278.3463333760351,101.0,0.0
278.37048769200385,100.0,0.0
278.37138731947744,99.0,0.0
278.37724876732653,98.0,0.0
278.37922699027575,97.0,0.0
278.37922814128854,98.0,0.0
278.3794041562014,97.0,0.0
278.38223506324454,98.0,0.0
278.38485195199826,99.0,0.0
278.3878351137056,98.0,0.0
278.3926899570183,99.0,0.0
278.3940756383802,98.0,0.0
278.40885701874805,97.0,0.0
278.40912265016783,96.0,0.0
278.4211776784939,97.0,0.0
278.4228930494277,96.0,0.0
278.42696510076377,97.0,0.0
278.43853119923386,98.0,0.0
278.4424038485843,99.0,0.0
278.4433594347564,98.0,0.0
278.4435396378949,97.0,0.0
278.4531906307357,96.0,0.0
278.4563910157122,95.0,0.0
278.4667219734162,94.0,0.0
278.4718593819527,93.0,0.0
278.47474841304194,94.0,0.0
278.48271059878886,95.0,0.0
278.50238845320786,96.0,0.0
278.51677922601704,95.0,0.0
278.51921647166745,94.0,0.0
278.52102108522195,95.0,0.0
278.54241127812395,94.0,0.0
278.5562483099176,95.0,0.0
278.56165571563395,94.0,0.0
278.56250897682315,95.0,0.0
278.56528395603937,94.0,0.0
278.56868214729633,95.0,0.0
278.5725349658305,96.0,0.0
278.58138536886383,95.0,0.0
278.5971011283705,96.0,0.0
278.60428179858053,97.0,0.0
278.6047908350928,96.0,0.0
278.6217587811555,95.0,0.0
278.6236063700729,94.0,0.0
278.6325332700487,93.0,0.0
278.63709293723514,92.0,0.0
278.6484949653181,91.0,0.0
278.6543976968595,90.0,0.0
278.65760057582713,89.0,0.0
278.66132497681684,90.0,0.0
278.6670001367092,89.0,0.0
278.6716767994045,90.0,0.0
278.680935034805,91.0,0.0
278.6896301610373,90.0,0.0
278.70374930902756,91.0,0.0
278.7085632884688,92.0,0.0
278.7127262062668,93.0,0.0
278.7240258334906,92.0,0.0
278.7247442789441,93.0,0.0
278.7349861650339,94.0,0.0
278.73503530531684,93.0,0.0
278.7352718782795,94.0,0.0
278.7386844579002,93.0,0.0
278.74096522690706,94.0,0.0
278.7436142781233,93.0,0.0
278.74403567446325,92.0,0.0
278.7509423145562,93.0,0.0
278.75713391680654,92.0,0.0
278.767243322327,91.0,0.0
278.7760581630339,92.0,0.0
278.7808870158474,93.0,0.0
278.78243209082393,92.0,0.0
278.8032522294342,93.0,0.0
278.8142337994953,92.0,0.0
278.8528996727135,91.0,0.0
278.8574495166778,90.0,0.0
278.86409804424756,91.0,0.0
278.8663053246682,92.0,0.0
278.86652155214205,91.0,0.0
278.8775824308559,90.0,0.0
278.8821887672792,89.0,0.0
278.88433003968333,90.0,0.0
278.88746578513775,91.0,0.0
278.894654267229,90.0,0.0
278.90405136799336,89.0,0.0
278.90665846475684,88.0,0.0
278.91695010812435,87.0,0.0
278.91937194527816,88.0,0.0
278.9222396583076,89.0,0.0
278.93674942980937,88.0,0.0
278.94136472553265,89.0,0.0
278.9430860030707,90.0,0.0
278.9469818092385,89.0,0.0
278.9532893197524,90.0,0.0
278.95590674324984,91.0,0.0
278.9617047078698,92.0,0.0
278.9758398437192,91.0,0.0
278.9771286881391,90.0,0.0
278.9794405647147,89.0,0.0
278.9866141134214,88.0,0.0
278.99800055671875,89.0,0.0
279.00010554841435,88.0,0.0
279.00784611489564,87.0,0.0
279.0104651559385,88.0,0.0
279.01733378023005,87.0,0.0
279.0265977508667,86.0,0.0
279.04733307192777,87.0,0.0
279.06160551257017,86.0,0.0
279.0663682725197,87.0,0.0
279.06809975777054,88.0,0.0
279.06972087156015,89.0,0.0
279.0716040635828,88.0,0.0
279.0778313882074,89.0,0.0
279.09785151136145,90.0,0.0
279.0982082207984,89.0,0.0
279.10919145983917,88.0,0.0
279.1134762502195,89.0,0.0
279.1169817758875,88.0,0.0
279.1196816936053,89.0,0.0
279.12244920346166,90.0,0.0
279.13359344580147,91.0,0.0
279.1557706764244,92.0,0.0
279.1582573000189,93.0,0.0
279.16644806636407,94.0,0.0
279.16717172565404,93.0,0.0
279.1757395235449,92.0,0.0
279.1757672815477,91.0,0.0
279.17612195477034,92.0,0.0
279.1799121995938,91.0,0.0
279.1909021947884,90.0,0.0
279.19830249585345,89.0,0.0
279.19878246111085,88.0,0.0
279.2005188886209,87.0,0.0
279.2025814827791,86.0,0.0
279.21180540513734,87.0,0.0
279.21496668318326,86.0,0.0
279.22253057209053,87.0,0.0
279.22744434623024,86.0,0.0
279.2318083189177,87.0,0.0
279.23317403851576,88.0,0.0
279.2358092928881,87.0,0.0
279.24668285667997,86.0,0.0
279.2644825204406,87.0,0.0
279.2653703495954,86.0,0.0
279.26948365116544,85.0,0.0
279.2745462220682,86.0,0.0
279.2825586340563,87.0,0.0
279.28900771638297,86.0,0.0
279.2915802573871,87.0,0.0
279.29163543578375,86.0,0.0
279.29264722801867,85.0,0.0
279.3024054295678,86.0,0.0
279.30688620016963,87.0,0.0
279.3267927344161,86.0,0.0
279.33068523215667,85.0,0.0
279.3449816463977,84.0,0.0
279.3450089833299,85.0,0.0
279.34634280878566,84.0,0.0
279.37675423567663,85.0,0.0
279.3858357659024,86.0,0.0
279.3931995987292,87.0,0.0
279.4108118762366,86.0,0.0
279.4119288529777,85.0,0.0
279.41804011937734,84.0,0.0
279.42181294291464,83.0,0.0
279.4252646124275,84.0,0.0
279.42916530729934,85.0,0.0
279.43030028661815,84.0,0.0
279.43257113636867,83.0,0.0
279.43493135067285,84.0,0.0
279.4352943048117,83.0,0.0
279.4391398626742,82.0,0.0
279.44070173016627,83.0,0.0
279.442089360091,84.0,0.0
279.45274311767446,85.0,0.0
279.4552807365503,86.0,0.0
279.47153862719244,85.0,0.0
279.478619991047,84.0,0.0
279.48730388219565,83.0,0.0
279.4877262452407,84.0,0.0
279.4916177480012,83.0,0.0
279.50354664790433,84.0,0.0
279.50504773446715,83.0,0.0
279.5086528795269,82.0,0.0
279.51220852425314,81.0,0.0
279.51541476697406,80.0,0.0
279.52092601580654,79.0,0.0
279.5289852693111,78.0,0.0
279.5344794578954,79.0,0.0
279.5356118957362,80.0,0.0
279.53695264009025,81.0,0.0
279.5501407491441,82.0,0.0
279.55395164747165,83.0,0.0
279.5593531006518,82.0,0.0
279.5767447322254,81.0,0.0
279.5808440532508,82.0,0.0
279.58370784313234,81.0,0.0
279.592448714933,80.0,0.0
279.59452966368826,79.0,0.0
279.59545446769425,80.0,0.0
279.6072171645324,79.0,0.0
279.60792665352454,78.0,0.0
279.61415004124757,79.0,0.0
279.61623977591375,78.0,0.0
279.61950501153274,77.0,0.0
279.62017156628303,76.0,0.0
279.62199624488017,75.0,0.0
279.6435097969637,74.0,0.0
279.64390214783435,73.0,0.0
279.6519116346539,74.0,0.0
279.66146429531324,73.0,0.0
279.66385855987096,74.0,0.0
279.66521262966313,75.0,0.0
279.670591286593,74.0,0.0
279.6792971385953,75.0,0.0
279.68640782401405,74.0,0.0
279.6952452574317,73.0,0.0
279.6971187779437,74.0,0.0
279.70837286357073,73.0,0.0
279.7179938165734,72.0,0.0
279.72166830092283,73.0,0.0
279.7325772369316,72.0,0.0
279.7414352934542,71.0,0.0
279.7417412652023,70.0,0.0
279.75023124261196,69.0,0.0
279.7532657688195,70.0,0.0
279.7595032972649,69.0,0.0
279.7630848839437,68.0,0.0
279.7762499634441,67.0,0.0
279.7800982711218,68.0,0.0
279.7836751665997,67.0,0.0
279.79661117241085,66.0,0.0
279.8037378085876,65.0,0.0
279.8091919531904,64.0,0.0
279.8179631546608,63.0,0.0
279.81966766269704,62.0,0.0
279.8351002085208,61.0,0.0
279.8400327891724,60.0,0.0
279.8436345081245,59.0,0.0
279.84562813169504,58.0,0.0
279.85897541086763,59.0,0.0
279.8644419447121,60.0,0.0
279.8715566982056,59.0,0.0
279.8720521519109,58.0,0.0
279.87963426431884,59.0,0.0
279.8812662680704,58.0,0.0
279.8897667678654,57.0,0.0
279.90401823932405,58.0,0.0
279.9051390175888,59.0,0.0
279.91334492988943,58.0,0.0
279.9323996984029,59.0,0.0
279.9398896732358,60.0,0.0
279.9467053438473,61.0,0.0
279.9501610534142,60.0,0.0
279.95081974541927,59.0,0.0
279.9523148057952,58.0,0.0
279.957812310145,59.0,0.0
279.9636322848713,58.0,0.0
279.9689375147172,57.0,0.0
279.97758212331274,58.0,0.0
279.9796783659863,57.0,0.0
279.9806861425697,56.0,0.0
279.98936379497076,57.0,0.0
279.9914451414272,58.0,0.0
279.99815427835864,59.0,0.0
280.0068155485829,60.0,0.0
280.0071090638363,59.0,0.0
280.01059184044925,60.0,0.0
280.01877257276925,59.0,0.0
280.02423507623246,60.0,0.0
280.026158205559,59.0,0.0
280.03416582211497,60.0,0.0
280.03814059134754,59.0,0.0
280.0443850927615,60.0,0.0
280.06288513855935,59.0,0.0
280.0653211363756,60.0,0.0
280.07087417867217,59.0,0.0
280.07887576506164,60.0,0.0
280.08735107377964,59.0,0.0
280.09436413753315,60.0,0.0
280.09798234080256,59.0,0.0
280.1021994727151,58.0,0.0
280.1071850879381,59.0,0.0
280.1073290859282,58.0,0.0
280.1179318619292,59.0,0.0
280.11902822961065,58.0,0.0
280.1247901800263,59.0,0.0
280.1356599401815,58.0,0.0
280.1358214882338,59.0,0.0
280.13998426169655,60.0,0.0
280.14415452719453,59.0,0.0
280.1801322866542,60.0,0.0
280.18826134576693,61.0,0.0
280.18884475198547,60.0,0.0
280.19493281442135,59.0,0.0
280.20039220699107,60.0,0.0
280.20092600304406,61.0,0.0
280.2056184082644,60.0,0.0
280.207991833858,61.0,0.0
280.220480062527,62.0,0.0
280.2400919058681,61.0,0.0
280.2409703518637,60.0,0.0
280.2603358021029,59.0,0.0
280.2626348373421,60.0,0.0
280.2711769321019,61.0,0.0
280.2752052344485,60.0,0.0
280.286931941782,59.0,0.0
280.30945709665275,60.0,0.0
280.31053642175516,61.0,0.0
280.31184224445536,60.0,0.0
280.3159025088467,61.0,0.0
280.3185436589958,62.0,0.0
280.32367638463137,63.0,0.0
280.3309664224073,62.0,0.0
280.3320920459817,61.0,0.0
280.3374749559243,60.0,0.0
280.3513245752026,59.0,0.0
280.38675090427694,58.0,0.0
280.39848724734816,57.0,0.0
280.4052429673347,56.0,0.0
280.40805677986197,55.0,0.0
280.4149530400274,56.0,0.0
280.42984007886577,55.0,0.0
280.43431607807884,54.0,0.0
280.45149585686653,53.0,0.0
280.46467850823063,52.0,0.0
280.4740556877227,53.0,0.0
280.47882838015516,54.0,0.0
280.4817166288187,55.0,0.0
280.4891985648546,54.0,0.0
280.49147666628977,55.0,0.0
280.52284931203906,54.0,0.0
280.53453718670454,53.0,0.0
280.5365512169054,52.0,0.0
280.5400226600335,53.0,0.0
280.55540434840697,52.0,0.0
280.5656278847267,53.0,0.0
280.5660185470187,52.0,0.0
280.5691804807848,51.0,0.0
280.5774547557551,50.0,0.0
280.5788469713872,49.0,0.0
280.57969263983625,48.0,0.0
280.5798242608231,47.0,0.0
280.5809449425491,46.0,0.0
280.59022817282306,45.0,0.0
280.5920281349127,44.0,0.0
280.61635628788787,45.0,0.0
280.61855149051127,44.0,0.0
280.6203530612293,45.0,0.0
280.63723887322817,46.0,0.0
280.6427003789954,47.0,0.0
280.6472145978046,48.0,0.0
280.65363775347737,47.0,0.0
280.6622189263194,46.0,0.0
280.66380638544115,47.0,0.0
280.68110070122475,46.0,0.0
280.6829698258172,45.0,0.0
280.70290695652443,46.0,0.0
280.72648627108947,47.0,0.0
280.7288607841884,48.0,0.0
280.7316540763654,47.0,0.0
280.7448995726703,46.0,0.0
280.7473817578853,45.0,0.0
280.7558541497865,46.0,0.0
280.75587616595357,47.0,0.0
280.7649113344221,48.0,0.0
280.7843208989881,49.0,0.0
280.79222457862153,50.0,0.0
280.80248193166875,49.0,0.0
280.82155579968617,48.0,0.0
280.8331077864555,49.0,0.0
280.8479884275597,50.0,0.0
280.8646387717301,49.0,0.0
280.8648666632974,48.0,0.0
280.86816778965874,49.0,0.0
280.88204419189594,48.0,0.0
280.88527227467017,47.0,0.0
280.89764491166915,48.0,0.0
280.905244837767,47.0,0.0
280.9112932462054,46.0,0.0
280.9183386485826,45.0,0.0
280.9244054818155,44.0,0.0
280.93062105840005,45.0,0.0
280.9411167948468,44.0,0.0
280.95135346347496,43.0,0.0
280.96437692877976,42.0,0.0
280.9707640068395,43.0,0.0
280.9863697773999,44.0,0.0
281.01209831766147,43.0,0.0
281.0135116779241,42.0,0.0
281.0141727318616,43.0,0.0
281.01739822542396,44.0,0.0
281.017740101877,43.0,0.0
281.03385087244067,42.0,0.0
281.04517498026826,43.0,0.0
281.0499443999325,42.0,0.0
281.0544771797023,43.0,0.0
281.0547543155692,42.0,0.0
281.07043736279206,41.0,0.0
281.1011770953701,40.0,0.0
281.1045726002367,39.0,0.0
281.1079288404808,38.0,0.0
281.1394538904023,37.0,0.0
281.14452977329563,36.0,0.0
281.145361468316,35.0,0.0
281.1573980729065,36.0,0.0
281.1576934470604,35.0,0.0
281.1728446964457,34.0,0.0
281.1835389827325,35.0,0.0
281.1837643646362,36.0,0.0
281.19490039288274,37.0,0.0
281.20770753843055,38.0,0.0
281.2090759301513,39.0,0.0
281.2334756230186,40.0,0.0
281.2405083418671,41.0,0.0
281.25366592986666,42.0,0.0
281.2572480860266,43.0,0.0
281.26123999581813,44.0,0.0
281.26214221776536,45.0,0.0
281.26559215208454,44.0,0.0
281.2698751553292,43.0,0.0
281.27582540891615,42.0,0.0
281.2878569601521,41.0,0.0
281.2894197495743,40.0,0.0
281.2939311886057,39.0,0.0
281.29672445151795,40.0,0.0
281.30473892276177,41.0,0.0
281.3221999988782,40.0,0.0
281.32603825564934,39.0,0.0
281.3303323770775,38.0,0.0
281.3311507843575,37.0,0.0
281.3399981746134,36.0,0.0
281.3483688145902,35.0,0.0
281.35301233868284,34.0,0.0
281.3599710074111,33.0,0.0
281.36432578908494,34.0,0.0
281.3707899566215,33.0,0.0
281.38039652897174,34.0,0.0
281.38463514327765,35.0,0.0
281.3939775292753,34.0,0.0
281.3962975949046,33.0,0.0
281.3982624973652,32.0,0.0
281.3991784069144,31.0,0.0
281.40441362094674,30.0,0.0
281.42581141134383,29.0,0.0
281.43915863404095,28.0,0.0
281.44479282868576,29.0,0.0
281.45063773674633,28.0,0.0
281.45660092319264,27.0,0.0
281.4594919322242,28.0,0.0
281.46426973966834,27.0,0.0
281.48648497446817,28.0,0.0
281.50266670121994,27.0,0.0
281.50376501286803,26.0,0.0
281.5141888386833,25.0,0.0
281.547127047304,24.0,0.0
281.552702242303,23.0,0.0
281.5554337873416,24.0,0.0
281.5663535015157,23.0,0.0
281.5720859356838,22.0,0.0
281.59186696794137,21.0,0.0
281.59265228534855,20.0,0.0
281.6159140792204,19.0,0.0
281.6159775869299,18.0,0.0
281.61905357641206,19.0,0.0
281.6219351726941,18.0,0.0
281.63703274783086,19.0,0.0
281.64508061782504,20.0,0.0
281.6869153169384,19.0,0.0
281.704176208903,18.0,0.0
281.7175439732679,17.0,0.0
281.7183909242308,18.0,0.0
281.7533112767678,17.0,0.0
281.75592200761093,16.0,0.0
281.7612945345362,15.0,0.0
281.78948146046486,14.0,0.0
281.7930170202279,13.0,0.0
281.7946820769003,12.0,0.0
281.79944719934576,11.0,0.0
281.8014990716694,12.0,0.0
281.80582752911056,11.0,0.0
281.8100710167898,10.0,0.0
281.81825031830266,9.0,0.0
281.82328005034196,8.0,0.0
281.8249619660177,7.0,0.0
281.8254485684783,6.0,0.0
281.82776783001424,5.0,0.0
281.8468468776514,6.0,0.0
281.85383542859057,5.0,0.0
281.86014569045983,4.0,0.0
281.87318714318604,3.0,0.0
281.8808947703484,4.0,0.0
281.8829365858642,5.0,0.0
281.8991075381839,4.0,0.0
281.9308987467247,3.0,0.0
281.94744460042705,2.0,0.0
281.9544475374935,1.0,0.0
281.98489372481214,2.0,0.0
282.0110254013295,1.0,0.0
282.0267294066961,2.0,0.0
282.0455741732313,1.0,0.0
282.05783364193604,0.0,0.0
282.07509644051197,1.0,0.0
282.07803083131296,2.0,0.0
282.08178539584594,1.0,0.0
282.0915424358803,0.0,0.0
282.10298348944343,1.0,0.0
282.1036266045255,0.0,0.0
282.1365030477294,1.0,0.0
282.14140478365425,2.0,0.0
282.1432747821807,3.0,0.0
282.1480333825803,2.0,0.0
282.16099831144857,1.0,0.0
282.17348853420197,0.0,0.0
282.2712073568483,1.0,0.0
282.2880466856665,0.0,0.0
282.29255886365826,1.0,0.0
282.29895100695563,2.0,0.0
282.3021331495505,3.0,0.0
282.3033416172426,4.0,0.0
282.33411021888696,3.0,0.0
282.3484420994204,2.0,0.0
282.35329469459293,3.0,0.0
282.35596629964465,2.0,0.0
282.3592724092581,1.0,0.0
282.3931161202908,0.0,0.0
282.41212075372016,1.0,0.0
282.41929538773127,0.0,0.0
282.42961696140094,1.0,0.0
282.44247845709265,2.0,0.0
282.45504155392314,3.0,0.0
282.4553010747989,2.0,0.0
282.4803980258607,1.0,0.0
282.48992234903943,0.0,0.0
282.544745155257,1.0,0.0
282.54864322748125,0.0,0.0
282.5827517204336,1.0,0.0
282.5920712570292,0.0,0.0
282.5984608931244,1.0,0.0
282.60076482063243,0.0,0.0
282.6132845462498,1.0,0.0
282.62234157045316,2.0,0.0
282.62626091184296,1.0,0.0
282.6321829732304,0.0,0.0
282.65037356341475,1.0,0.0
282.6558005718942,2.0,0.0
282.6608312567763,3.0,0.0
282.67368770702245,2.0,0.0
282.6815979945129,3.0,0.0
282.68436013203274,2.0,0.0
282.70089813553943,3.0,0.0
282.716674265389,2.0,0.0
282.7352812386031,1.0,0.0
282.7547440258475,0.0,0.0
282.76930255035717,1.0,0.0
282.77880867043405,0.0,0.0
282.8858306102541,1.0,0.0
282.90187268003467,2.0,0.0
282.9050700980872,1.0,0.0
282.90725836455465,2.0,0.0
282.94183143921407,3.0,0.0
282.9734033415719,2.0,0.0
282.9837890939067,1.0,0.0
282.98544052806557,0.0,0.0
283.0185547874606,1.0,0.0
283.0426371103356,2.0,0.0
283.0444913626667,1.0,0.0
283.04866803736115,0.0,0.0
283.0719345298503,1.0,0.0
283.0765175157322,0.0,0.0
283.08636135979884,1.0,0.0
283.10191764142627,0.0,0.0
283.2167207164214,1.0,0.0
283.2221797079713,0.0,0.0
283.2726725379657,1.0,0.0
283.2899270816587,2.0,0.0
283.311096687868,3.0,0.0
283.31293547886185,2.0,0.0
283.3176047524534,1.0,0.0
283.3265208684411,0.0,0.0
283.3267548124076,1.0,0.0
283.3304961106826,2.0,0.0
283.34071730457975,3.0,0.0
283.3484314018692,2.0,0.0
283.3635321770949,1.0,0.0
283.36413984495914,2.0,0.0
283.37675757861217,1.0,0.0
283.4354150233019,0.0,0.0
283.51468997606463,1.0,0.0
283.5146916486996,2.0,0.0
283.5371764907014,1.0,0.0
283.55780733837713,2.0,0.0
283.56666348005007,3.0,0.0
283.57264836689865,4.0,0.0
283.57342330681365,3.0,0.0
283.58316973962525,4.0,0.0
283.5895249600947,5.0,0.0
283.5934022491072,6.0,0.0
283.5954265175266,5.0,0.0
283.6054780949293,6.0,0.0
283.6244211609812,5.0,0.0
283.6413955304262,4.0,0.0
283.66351147278345,5.0,0.0
283.6643533528046,4.0,0.0
283.6719721548879,3.0,0.0
283.68516990967555,4.0,0.0
283.70667834750964,3.0,0.0
283.72150495270995,2.0,0.0
283.7512066832176,1.0,0.0
283.77285022218376,0.0,0.0
283.8476630984623,1.0,0.0
283.8536972776609,2.0,0.0
283.88769461806953,1.0,0.0
283.89655448362316,2.0,0.0
283.913034081355,3.0,0.0
283.95017714397386,2.0,0.0
283.96280756493263,1.0,0.0
283.976672618638,0.0,0.0
284.04880251914165,1.0,0.0
284.0882681075371,0.0,0.0
284.1040202674673,1.0,0.0
284.10695168568077,0.0,0.0
284.2131460358339,1.0,0.0
284.21603884352083,0.0,0.0
284.2163443398295,1.0,0.0
284.2264173120801,0.0,0.0
284.2463827972427,1.0,0.0
284.29772394467767,0.0,0.0
284.33630603065143,1.0,0.0
284.3642910857348,2.0,0.0
284.36924033747766,1.0,0.0
284.382053573913,0.0,0.0
284.3922510412663,1.0,0.0
284.40650460148765,2.0,0.0
284.43259536574584,1.0,0.0
284.4342739865952,0.0,0.0
284.4375378921549,1.0,0.0
284.52028620024197,2.0,0.0
284.52242545657936,1.0,0.0
284.57821920032603,0.0,0.0
284.5885118642375,1.0,0.0
284.5894979753846,0.0,0.0
284.62056562994445,1.0,0.0
284.6221502943404,2.0,0.0
284.6298425141913,1.0,0.0
284.6543106311446,0.0,0.0
284.71307443594725,1.0,0.0
284.7327577941684,0.0,0.0
284.75157928627016,1.0,0.0
284.7856163829044,0.0,0.0
284.8779576722939,1.0,0.0
284.8834645587026,0.0,0.0
284.92011593862384,1.0,0.0
284.9207411463985,0.0,0.0
284.93411867054846,1.0,0.0
284.9455866766559,2.0,0.0
285.0151893517674,3.0,0.0
285.02153086439216,4.0,0.0
285.02504847285365,3.0,0.0
285.0455334977032,2.0,0.0
285.06184969558836,1.0,0.0
285.0678550174704,2.0,0.0
285.07528024833346,1.0,0.0
285.0799301390067,2.0,0.0
285.0846909213183,1.0,0.0
285.1132140394422,2.0,0.0
285.11339147485313,3.0,0.0
285.11504628378344,4.0,0.0
285.1420228911896,3.0,0.0
285.1431768090313,2.0,0.0
285.1528993912019,1.0,0.0
285.15510626326613,0.0,0.0
285.1688608287697,1.0,0.0
285.18553819437864,0.0,0.0
285.1928983245196,1.0,0.0
285.19637993393894,0.0,0.0
285.22546038491896,1.0,0.0
285.2303492442198,0.0,0.0
285.235804006643,1.0,0.0
285.266405656312,2.0,0.0
285.27359806648906,1.0,0.0
285.3110695451408,2.0,0.0
285.3313641834794,1.0,0.0
285.3364845874245,2.0,0.0
285.34503244088137,1.0,0.0
285.3971861187953,2.0,0.0
285.3982777395835,3.0,0.0
285.400353348065,4.0,0.0
285.40413676896077,5.0,0.0
285.40639665403006,4.0,0.0
285.41356216344155,3.0,0.0
285.4246937139897,2.0,0.0
285.4427159952749,1.0,0.0
285.4449511121288,2.0,0.0
285.48139623887283,1.0,0.0
285.48990609537077,0.0,0.0
285.5043596671357,1.0,0.0
285.5145340945961,2.0,0.0
285.5224127206875,3.0,0.0
285.5339045964337,4.0,0.0
285.5530663514289,3.0,0.0
285.559745667092,4.0,0.0
285.5617049000547,5.0,0.0
285.5618100565169,4.0,0.0
285.56238481825216,3.0,0.0
285.5655438154122,2.0,0.0
285.5680004918083,3.0,0.0
285.572084253098,4.0,0.0
285.5751247647819,5.0,0.0
285.57523474058706,6.0,0.0
285.5815984062422,5.0,0.0
285.59230759828694,6.0,0.0
285.5926089362369,7.0,0.0
285.5947762883329,8.0,0.0
285.5968290152275,7.0,0.0
285.5975727218301,8.0,0.0
285.60058371886356,9.0,0.0
285.6111734788685,8.0,0.0
285.61975565160975,9.0,0.0
285.6290142685694,10.0,0.0
285.64004382326976,11.0,0.0
285.6444986515649,10.0,0.0
285.66369861818094,9.0,0.0
285.67607274378577,10.0,0.0
285.68283805232244,9.0,0.0
285.7126235052508,10.0,0.0
285.71373515964376,9.0,0.0
285.7149442312717,8.0,0.0
285.7169298862775,9.0,0.0
285.72803602415263,8.0,0.0
285.7286965954022,7.0,0.0
285.7304543948227,6.0,0.0
285.73320663605415,7.0,0.0
285.74066624492326,6.0,0.0
285.7413642558011,7.0,0.0
285.75687018197505,6.0,0.0
285.7695530187347,7.0,0.0
285.7738981800449,6.0,0.0
285.79128043878234,7.0,0.0
285.7947604880783,6.0,0.0
285.80187145416414,5.0,0.0
285.8024306350896,4.0,0.0
285.8043647985209,5.0,0.0
285.82563032900805,4.0,0.0
285.83360158054273,5.0,0.0
285.83613925031204,6.0,0.0
285.8376023642243,7.0,0.0
285.8401277822311,8.0,0.0
285.8469924146632,9.0,0.0
285.85768514797746,8.0,0.0
285.86256054683173,7.0,0.0
285.87948708927087,6.0,0.0
285.88188034650904,5.0,0.0
285.88875640643903,6.0,0.0
285.89013634526503,5.0,0.0
285.8919537853631,4.0,0.0
285.90502372159176,5.0,0.0
285.9091268332778,6.0,0.0
285.92253969833365,5.0,0.0
285.9266641528397,6.0,0.0
285.94617891300925,7.0,0.0
285.95425109985365,8.0,0.0
285.96415531467414,7.0,0.0
285.96777426276594,6.0,0.0
285.9692265691662,7.0,0.0
285.9852255574146,6.0,0.0
285.99235482172304,7.0,0.0
285.99754895254875,8.0,0.0
286.00457245759605,9.0,0.0
286.00857754766224,8.0,0.0
286.0270000034244,7.0,0.0
286.0308696663395,6.0,0.0
286.0313484384905,7.0,0.0
286.0313497662799,8.0,0.0
286.0324736462679,7.0,0.0
286.04268018689635,6.0,0.0
286.04337450428346,7.0,0.0
286.0434203374328,8.0,0.0
286.05224618648657,9.0,0.0
286.07069139908066,10.0,0.0
286.0710565749578,9.0,0.0
286.0756935088368,10.0,0.0
286.08331789467803,9.0,0.0
286.1014465740242,8.0,0.0
286.14366599214827,9.0,0.0
286.1601395145535,10.0,0.0
286.1680933749467,9.0,0.0
286.1847128248266,8.0,0.0
286.19399874846357,7.0,0.0
286.19919991243586,6.0,0.0
286.20001699816294,5.0,0.0
286.2060038324438,4.0,0.0
286.21124577487376,3.0,0.0
286.23741475710966,2.0,0.0
286.2450981969042,3.0,0.0
286.2543488681704,2.0,0.0
286.25965408467806,1.0,0.0
286.2682393473263,2.0,0.0
286.2755118115292,1.0,0.0
286.29268713261285,2.0,0.0
286.29861882501314,1.0,0.0
286.3086383057078,0.0,0.0
286.3124272323531,1.0,0.0
286.3205693875489,2.0,0.0
286.3283979938781,3.0,0.0
286.3306700597647,4.0,0.0
286.3403824741523,3.0,0.0
286.3422810515626,2.0,0.0
286.3472742050633,3.0,0.0
286.3508326564069,4.0,0.0
286.39148386225185,5.0,0.0
286.40388923783297,4.0,0.0
286.40436267152353,3.0,0.0
286.4329624058785,4.0,0.0
286.43326987351634,3.0,0.0
286.43737344597696,4.0,0.0
286.468095061224,5.0,0.0
286.46961490831546,4.0,0.0
286.48449311254257,3.0,0.0
286.49350244457037,4.0,0.0
286.50435799406694,3.0,0.0
286.5079720042775,2.0,0.0
286.5146318598834,3.0,0.0
286.52338526071804,4.0,0.0
286.5339979691329,3.0,0.0
286.54782988332494,2.0,0.0
286.5662497870307,1.0,0.0
286.5715669053437,0.0,0.0
286.59231808467496,1.0,0.0
286.6137809486278,0.0,0.0
286.62221551746154,1.0,0.0
286.6335613659597,2.0,0.0
286.6341809457259,1.0,0.0
286.6347355851518,0.0,0.0
286.6404185073603,1.0,0.0
286.64738563606056,2.0,0.0
286.65433515132537,1.0,0.0
286.6627439689685,2.0,0.0
286.6895196252997,3.0,0.0
286.6971041690579,2.0,0.0
286.6988991965057,3.0,0.0
286.7046863094461,2.0,0.0
286.7048471213396,3.0,0.0
286.7089691680433,4.0,0.0
286.7176678898635,5.0,0.0
286.7214481571762,6.0,0.0
286.72302623230433,7.0,0.0
286.7303809248971,6.0,0.0
286.736851168134,7.0,0.0
286.74221914287324,6.0,0.0
286.7429675028849,7.0,0.0
286.7480427390405,8.0,0.0
286.75724969607114,9.0,0.0
286.76094833618475,8.0,0.0
286.76191505196357,9.0,0.0
286.7945779113546,10.0,0.0
286.80566807174426,9.0,0.0
286.81209857406947,8.0,0.0
286.8181185996052,7.0,0.0
286.82331419924054,8.0,0.0
286.83309103865133,7.0,0.0
286.8379889262417,6.0,0.0
286.8453329375358,5.0,0.0
286.846152477963,6.0,0.0
286.85165087259475,5.0,0.0
286.8560794976633,4.0,0.0
286.85803200884897,5.0,0.0
286.8730481274298,6.0,0.0
286.8957987622695,5.0,0.0
286.9115625806511,4.0,0.0
286.9203945278132,5.0,0.0
286.9286407249809,4.0,0.0
286.929241235584,3.0,0.0
286.9326953622469,4.0,0.0
286.93575411801953,3.0,0.0
286.93757055005966,4.0,0.0
286.93873881351163,3.0,0.0
286.9388761777846,2.0,0.0
286.95556293416956,1.0,0.0
286.9580445107669,0.0,0.0
286.9621867958115,1.0,0.0
286.97176092310224,2.0,0.0
286.9764307852005,3.0,0.0
286.988517985273,4.0,0.0
287.0216631808361,5.0,0.0
287.023009516423,4.0,0.0
287.02367262922667,3.0,0.0
287.05855368736417,2.0,0.0
287.06680133194374,1.0,0.0
287.0672209678411,0.0,0.0
287.069044015933,1.0,0.0
287.0797226598045,2.0,0.0
287.0808820843852,3.0,0.0
287.0833978898015,2.0,0.0
287.08945333949555,1.0,0.0
287.1141038887901,2.0,0.0
287.11702821547084,1.0,0.0
287.12166283484135,2.0,0.0
287.12907206232865,3.0,0.0
287.1348131769912,4.0,0.0
287.13783472835013,5.0,0.0
287.1506891004194,4.0,0.0
287.1523722672616,5.0,0.0
287.155255227611,4.0,0.0
287.1602271436467,3.0,0.0
287.16989490080374,2.0,0.0
287.1811370532034,1.0,0.0
287.1821792383382,2.0,0.0
287.18710516090744,3.0,0.0
287.1936680256285,4.0,0.0
287.20033364433016,3.0,0.0
287.2086075669754,4.0,0.0
287.23213210321967,5.0,0.0
287.2490216916614,4.0,0.0
287.2498557235383,5.0,0.0
287.25042111064425,6.0,0.0
287.25815751146354,5.0,0.0
287.26182911715466,4.0,0.0
287.279673801185,5.0,0.0
287.2878499478161,6.0,0.0
287.2890638840927,7.0,0.0
287.29442813982286,6.0,0.0
287.30685997126756,7.0,0.0
287.3085460667156,8.0,0.0
287.3114092112851,9.0,0.0
287.3118090241453,10.0,0.0
287.31488729535874,11.0,0.0
287.32001644135283,10.0,0.0
287.32051378182484,9.0,0.0
287.32567696531936,8.0,0.0
287.3282316819329,9.0,0.0
287.3332362767588,8.0,0.0
287.3371479522329,9.0,0.0
287.3438230905248,8.0,0.0
287.3552211802843,9.0,0.0
287.3552612659116,8.0,0.0
287.3697187777197,7.0,0.0
287.3761871643264,6.0,0.0
287.3768602728526,5.0,0.0
287.38799870611325,6.0,0.0
287.3974719058085,5.0,0.0
287.4005384011834,4.0,0.0
287.40918197233736,3.0,0.0
287.4108872010213,4.0,0.0
287.41551621975134,3.0,0.0
287.4155844450748,4.0,0.0
287.4173953097466,5.0,0.0
287.41884579673547,6.0,0.0
287.4200108959457,7.0,0.0
287.42284611372247,6.0,0.0
287.42339452815054,7.0,0.0
287.4235474897281,6.0,0.0
287.428068328671,7.0,0.0
287.42968521109907,8.0,0.0
287.4326768086732,7.0,0.0
287.4723332888715,8.0,0.0
287.47324145965547,9.0,0.0
287.4870732301512,8.0,0.0
287.4905498145613,9.0,0.0
287.4919387156758,8.0,0.0
287.49654529862573,7.0,0.0
287.49698809358614,8.0,0.0
287.50360832252585,9.0,0.0
287.5087769335561,10.0,0.0
287.5103522017358,9.0,0.0
287.511774532515,8.0,0.0
287.5160577285719,7.0,0.0
287.51608378978665,8.0,0.0
287.5221351279485,9.0,0.0
287.52569583551644,10.0,0.0
287.52701480822265,9.0,0.0
287.5282991228253,10.0,0.0
287.53100865238986,9.0,0.0
287.53548647683283,8.0,0.0
287.5694923611442,7.0,0.0
287.57501783998964,8.0,0.0
287.5762544726498,7.0,0.0
287.5816524304743,6.0,0.0
287.5867212117178,7.0,0.0
287.58679565427855,8.0,0.0
287.5907682154998,9.0,0.0
287.59693146119605,8.0,0.0
287.60085633086464,7.0,0.0
287.6014915339728,6.0,0.0
287.6019618861621,5.0,0.0
287.6038456424737,6.0,0.0
287.61948405164736,5.0,0.0
287.6262322596312,6.0,0.0
287.62650517854394,5.0,0.0
287.63061326736465,4.0,0.0
287.63259476011825,5.0,0.0
287.63822689396756,4.0,0.0
287.65481281584033,5.0,0.0
287.6621112563877,6.0,0.0
287.66889567210495,7.0,0.0
287.67031029048377,8.0,0.0
287.6716406815366,9.0,0.0
287.6896270388508,10.0,0.0
287.68979241826503,9.0,0.0
287.69129022906435,10.0,0.0
287.70435529345775,11.0,0.0
287.71450163813967,12.0,0.0
287.72768935763236,11.0,0.0
287.736637888085,12.0,0.0
287.74058415686727,13.0,0.0
287.7445167968585,14.0,0.0
287.76559637503846,15.0,0.0
287.7665998361199,14.0,0.0
287.776205784759,13.0,0.0
287.7788684730901,14.0,0.0
287.7813311647246,15.0,0.0
287.7858758715275,14.0,0.0
287.7985522517146,13.0,0.0
287.7992325512286,14.0,0.0
287.8027361477787,15.0,0.0
287.80720296587646,14.0,0.0
287.8216810350431,15.0,0.0
287.83033633469284,14.0,0.0
287.83338082881426,13.0,0.0
287.84331785202284,14.0,0.0
287.8518283454985,15.0,0.0
287.85304487744276,16.0,0.0
287.8587336308561,15.0,0.0
287.8628233795029,14.0,0.0
287.87099448993035,15.0,0.0
287.8719600673462,16.0,0.0
287.87975178619746,17.0,0.0
287.88710995084676,18.0,0.0
287.8879194744393,19.0,0.0
287.89865435658936,20.0,0.0
287.90031463649325,19.0,0.0
287.9144607950057,20.0,0.0
287.91766775205616,19.0,0.0
287.91869131825206,18.0,0.0
287.921062924159,17.0,0.0
287.93537081516655,18.0,0.0
287.9445397482276,19.0,0.0
287.95251192523557,18.0,0.0
287.9598399807408,17.0,0.0
287.9776836320945,18.0,0.0
287.98050207081525,19.0,0.0
287.98257025926233,20.0,0.0
287.99824746050285,19.0,0.0
288.0017952811066,18.0,0.0
288.0044643096619,17.0,0.0
288.00472175272466,18.0,0.0
288.0118656764184,19.0,0.0
288.0141527476973,20.0,0.0
288.0147715828904,19.0,0.0
288.0179923716172,20.0,0.0
288.0236528813257,21.0,0.0
288.0277002437716,20.0,0.0
288.0293080484872,19.0,0.0
288.0318898440795,20.0,0.0
288.04223735069263,21.0,0.0
288.0484496487626,22.0,0.0
288.05048230939224,21.0,0.0
288.0508058086187,20.0,0.0
288.0520583310991,19.0,0.0
288.0550795080147,18.0,0.0
288.06067963272926,17.0,0.0
288.0610184841617,16.0,0.0
288.06545852721246,15.0,0.0
288.06964037850275,14.0,0.0
288.07222522976446,15.0,0.0
288.0731166578254,14.0,0.0
288.0857546377962,13.0,0.0
288.0875046145686,12.0,0.0
288.0961768162303,13.0,0.0
288.10021827475424,14.0,0.0
288.11162324643135,13.0,0.0
288.1145584840143,14.0,0.0
288.1253331717749,13.0,0.0
288.130661940113,14.0,0.0
288.1335937854433,15.0,0.0
288.14044917620436,14.0,0.0
288.1443866063414,15.0,0.0
288.1449135450316,16.0,0.0
288.1465717100667,15.0,0.0
288.1482054488254,14.0,0.0
288.14885795395884,15.0,0.0
288.1515216753494,16.0,0.0
288.15302611944315,17.0,0.0
288.1538605494043,16.0,0.0
288.15980811423225,17.0,0.0
288.1605552631998,18.0,0.0
288.16064372227163,19.0,0.0
288.16470097637904,20.0,0.0
288.1685307111927,21.0,0.0
288.17910433942615,22.0,0.0
288.19742464420614,23.0,0.0
288.19835481140774,22.0,0.0
288.2004850309664,23.0,0.0
288.2063312686107,24.0,0.0
288.2092762334041,25.0,0.0
288.2126255526876,24.0,0.0
288.22657934741585,23.0,0.0
288.226709409835,24.0,0.0
288.2300667035082,25.0,0.0
288.242065887606,24.0,0.0
288.24265626167534,23.0,0.0
288.24900290107746,24.0,0.0
288.25781858470526,25.0,0.0
288.25846897917535,24.0,0.0
288.26238146108966,23.0,0.0
288.26798218353156,22.0,0.0
288.26798580931995,23.0,0.0
288.268257957851,22.0,0.0
288.2755331144164,23.0,0.0
288.2796166826629,24.0,0.0
288.29296430852105,23.0,0.0
288.2979389416888,24.0,0.0
288.3037803098736,25.0,0.0
288.30412179510324,26.0,0.0
288.3078967226194,27.0,0.0
288.31776826239815,28.0,0.0
288.31936063071936,27.0,0.0
288.3217281224075,28.0,0.0
288.3272832745328,27.0,0.0
288.3409889981619,26.0,0.0
288.3468760383909,27.0,0.0
288.3475845934998,26.0,0.0
288.3516553738457,27.0,0.0
288.35721443257427,28.0,0.0
288.3696811175301,27.0,0.0
288.37454187810476,28.0,0.0
288.37953547434495,27.0,0.0
288.37998744195943,28.0,0.0
288.38558974536096,27.0,0.0
288.3929419954707,26.0,0.0
288.40373121353736,27.0,0.0
288.4052525237343,28.0,0.0
288.40746229234054,27.0,0.0
288.4146678047156,26.0,0.0
288.4166125502017,25.0,0.0
288.4323533421429,24.0,0.0
288.43959037829984,23.0,0.0
288.440628989647,24.0,0.0
288.44381219565577,25.0,0.0
288.45379183588875,24.0,0.0
288.455250217521,25.0,0.0
288.4622920207568,26.0,0.0
288.46653448263925,25.0,0.0
288.4665999410644,26.0,0.0
288.46795306950526,27.0,0.0
288.48629357240515,28.0,0.0
288.4952429479703,29.0,0.0
288.4966685545778,28.0,0.0
288.50333442859375,29.0,0.0
288.50616813591546,28.0,0.0
288.5094442170488,29.0,0.0
288.5098579042161,28.0,0.0
288.5118767891615,29.0,0.0
288.51265780971465,28.0,0.0
288.52510737411,27.0,0.0
288.5256459344092,28.0,0.0
288.5272230179588,29.0,0.0
288.5388990808494,30.0,0.0
288.5516511222787,31.0,0.0
288.55291884797623,32.0,0.0
288.5548787984314,33.0,0.0
288.55637165546466,32.0,0.0
288.5587851118337,31.0,0.0
288.5602337464953,30.0,0.0
288.56315883023274,31.0,0.0
288.5678326387553,32.0,0.0
288.5788649807035,33.0,0.0
288.5804547648731,32.0,0.0
288.59061009524186,33.0,0.0
288.5985453725024,34.0,0.0
288.5986243281086,35.0,0.0
288.60291974463775,34.0,0.0
288.60472069806445,33.0,0.0
288.62497317112775,34.0,0.0
288.62694537746523,33.0,0.0
288.63110392737246,32.0,0.0
288.6489187091848,31.0,0.0
288.64989216365876,32.0,0.0
288.65355552899183,31.0,0.0
288.6592580626427,32.0,0.0
288.6610335934513,31.0,0.0
288.6748885830868,32.0,0.0
288.68399662659135,33.0,0.0
288.6845476131073,34.0,0.0
288.6861534387057,33.0,0.0
288.68841694525975,32.0,0.0
288.6898147733596,33.0,0.0
288.69385920381285,34.0,0.0
288.70395038774467,35.0,0.0
288.7133090060758,36.0,0.0
288.7211530842402,37.0,0.0
288.7228327860265,36.0,0.0
288.7266437151767,35.0,0.0
288.72693463242854,36.0,0.0
288.72902581064574,35.0,0.0
288.73342038304855,36.0,0.0
288.7385592366403,35.0,0.0
288.75269971283524,34.0,0.0
288.75565859996226,35.0,0.0
288.75897590539614,34.0,0.0
288.76155143443856,33.0,0.0
288.7661980936904,34.0,0.0
288.7699198088614,33.0,0.0
288.7716504115176,34.0,0.0
288.77876583957556,35.0,0.0
288.780685939485,36.0,0.0
288.7838458250418,37.0,0.0
288.79411817259546,38.0,0.0
288.7968829982858,37.0,0.0
288.7974663821511,36.0,0.0
288.79843785094266,35.0,0.0
288.80138811961405,36.0,0.0
288.8048541637591,37.0,0.0
288.8132448008566,36.0,0.0
288.8223055932962,35.0,0.0
288.8232304594507,36.0,0.0
288.8298536095057,37.0,0.0
288.8550394730729,38.0,0.0
288.8588800983282,39.0,0.0
288.86721159879045,40.0,0.0
288.8702721798163,41.0,0.0
288.8712335367894,42.0,0.0
288.874211335086,43.0,0.0
288.8854613747284,44.0,0.0
288.88631266670177,43.0,0.0
288.8893765604029,44.0,0.0
288.8914490932874,45.0,0.0
288.89300060395476,44.0,0.0
288.8931824871934,45.0,0.0
288.89426203298217,44.0,0.0
288.89461540566685,45.0,0.0
288.90104906962586,44.0,0.0
288.90695919467794,45.0,0.0
288.9103416468504,44.0,0.0
288.910843933206,45.0,0.0
288.9140998421597,44.0,0.0
288.91560874311205,45.0,0.0
288.92432918332605,44.0,0.0
288.9312601757819,43.0,0.0
288.9416011009709,42.0,0.0
288.9428624083388,43.0,0.0
288.9480656300303,42.0,0.0
288.95268487208455,43.0,0.0
288.9546861297225,42.0,0.0
288.9551353022434,41.0,0.0
288.9565317103867,42.0,0.0
288.97601185164905,41.0,0.0
289.00704388649734,42.0,0.0
289.01068344385635,41.0,0.0
289.01121683709306,42.0,0.0
289.0149856168874,43.0,0.0
289.0167819574355,44.0,0.0
289.0237039380372,43.0,0.0
289.03318105999705,44.0,0.0
289.04138174954073,43.0,0.0
289.0444314622223,44.0,0.0
289.04492099174337,45.0,0.0
289.046856190929,46.0,0.0
289.04953199264804,45.0,0.0
289.05045025783534,46.0,0.0
289.064958613845,47.0,0.0
289.06681372501487,48.0,0.0
289.06739999904966,47.0,0.0
289.0675023790841,46.0,0.0
289.0700261807988,47.0,0.0
289.0731871572688,48.0,0.0
289.07534499074876,47.0,0.0
289.07857618734334,46.0,0.0
289.08394265881134,47.0,0.0
289.08529628688984,46.0,0.0
289.0866326346684,45.0,0.0
289.093091953226,46.0,0.0
289.10705460510746,45.0,0.0
289.1076913399411,44.0,0.0
289.1106022684595,45.0,0.0
289.1225014476644,44.0,0.0
289.1249436595701,45.0,0.0
289.1256899284553,44.0,0.0
289.1276240381151,45.0,0.0
289.13229094822736,46.0,0.0
289.13409784882566,45.0,0.0
289.1356807286771,46.0,0.0
289.14521989442073,47.0,0.0
289.1505580308159,48.0,0.0
289.15400949939846,47.0,0.0
289.1541920700562,48.0,0.0
289.16021998833804,49.0,0.0
289.1769862975319,50.0,0.0
289.17894045253416,51.0,0.0
289.1795666707461,50.0,0.0
289.1852569820506,51.0,0.0
289.1854338429277,52.0,0.0
289.20183280228355,53.0,0.0
289.20846896941356,52.0,0.0
289.2207412788711,53.0,0.0
289.2209776156904,54.0,0.0
289.2219497018201,55.0,0.0
289.22734286275556,56.0,0.0
289.2334801698635,55.0,0.0
289.24734732857775,56.0,0.0
289.2512116582575,55.0,0.0
289.254656546153,54.0,0.0
289.2621049244303,53.0,0.0
289.2695241207714,54.0,0.0
289.27303666682764,53.0,0.0
289.278425845872,54.0,0.0
289.2811745600351,55.0,0.0
289.2866762318453,54.0,0.0
289.29770892565176,55.0,0.0
289.2988502321055,56.0,0.0
289.3060691258271,57.0,0.0
289.31561934515065,56.0,0.0
289.3179492324852,55.0,0.0
289.31998403308467,56.0,0.0
289.3200386178751,55.0,0.0
289.3234869820893,56.0,0.0
289.3295144300415,57.0,0.0
289.33782472830967,58.0,0.0
289.3406430430672,59.0,0.0
289.3413870139011,60.0,0.0
289.34197805612996,61.0,0.0
289.35110642040974,60.0,0.0
289.3527340017231,59.0,0.0
289.35462123520625,58.0,0.0
289.3575382598803,59.0,0.0
289.35855155385286,60.0,0.0
289.36013295049366,61.0,0.0
289.3642006861202,62.0,0.0
289.3812846629305,63.0,0.0
289.3823324564779,62.0,0.0
289.3841933716165,63.0,0.0
289.38805882167236,62.0,0.0
289.39097364525543,63.0,0.0
289.39761604018173,64.0,0.0
289.4078293776359,63.0,0.0
289.40990542950436,62.0,0.0
289.41598627217115,63.0,0.0
289.4260044491099,64.0,0.0
289.4300975722835,63.0,0.0
289.4366287154544,62.0,0.0
289.45331548731014,63.0,0.0
289.46417700550114,64.0,0.0
289.47484799332705,63.0,0.0
289.4786945585707,64.0,0.0
289.48247403870226,65.0,0.0
289.49571607406216,64.0,0.0
289.49900055781137,63.0,0.0
289.5017004613064,64.0,0.0
289.50568241943023,65.0,0.0
289.5150833208801,66.0,0.0
289.51675512542613,67.0,0.0
289.51853487714016,68.0,0.0
289.52381548660435,69.0,0.0
289.532420244449,68.0,0.0
289.53761710317855,67.0,0.0
289.54022266747245,66.0,0.0
289.54402821821907,67.0,0.0
289.5477166121349,68.0,0.0
289.54908421664834,69.0,0.0
289.55377312577343,70.0,0.0
289.5638709265344,69.0,0.0
289.56669605270645,70.0,0.0
289.56789835419653,69.0,0.0
289.57079711634753,68.0,0.0
289.57491151752515,69.0,0.0
289.5775894824654,70.0,0.0
289.5810459385272,69.0,0.0
289.58222513624867,70.0,0.0
289.59262894535277,71.0,0.0
289.60064316605457,70.0,0.0
289.61007481418227,71.0,0.0
289.6226508136905,72.0,0.0
289.6248152137973,71.0,0.0
289.62685653108144,70.0,0.0
289.632244892168,69.0,0.0
289.6330157771171,70.0,0.0
289.64025199916364,69.0,0.0
289.64034803750604,70.0,0.0
289.64212884726277,69.0,0.0
289.64499122022863,70.0,0.0
289.65083305070095,71.0,0.0
289.68667206030426,72.0,0.0
289.69056416697106,71.0,0.0
289.7026659027918,72.0,0.0
289.7102929048064,73.0,0.0
289.7152400188672,72.0,0.0
289.7252897928184,73.0,0.0
289.73002022621426,72.0,0.0
289.73118854760946,71.0,0.0
289.73264749040385,72.0,0.0
289.73836339994244,73.0,0.0
289.7412107496859,74.0,0.0
289.74413363127576,73.0,0.0
289.74849179692836,72.0,0.0
289.75624215457566,71.0,0.0
289.7565972886601,70.0,0.0
289.757788635126,69.0,0.0
289.7650557746278,70.0,0.0
289.7754768451993,71.0,0.0
289.77612475220667,72.0,0.0
289.77819033625207,71.0,0.0
289.7788601709231,72.0,0.0
289.78155804880936,71.0,0.0
289.78586925155327,72.0,0.0
289.79533014807237,71.0,0.0
289.7989868690128,70.0,0.0
289.80481044212127,69.0,0.0
289.81084703186383,70.0,0.0
289.8208517491112,69.0,0.0
289.8233715209615,68.0,0.0
289.82546359953875,67.0,0.0
289.83767630701993,68.0,0.0
289.84082860450184,67.0,0.0
289.8418091640619,66.0,0.0
289.84248748364075,67.0,0.0
289.8482549032308,66.0,0.0
289.8564558169528,65.0,0.0
289.85831243390754,64.0,0.0
289.85982953700136,65.0,0.0
289.8691540334299,66.0,0.0
289.870928332671,67.0,0.0
289.8726220588713,68.0,0.0
289.88972145597353,69.0,0.0
289.9049567080416,68.0,0.0
289.90933646889755,69.0,0.0
289.90988239592195,68.0,0.0
289.9103944924286,67.0,0.0
289.91103645254975,66.0,0.0
289.91618024444745,65.0,0.0
289.919442617856,66.0,0.0
289.9197053506423,67.0,0.0
289.92115853414265,68.0,0.0
289.93731210942684,67.0,0.0
289.94241310269643,68.0,0.0
289.9440842870778,69.0,0.0
289.95279284126417,70.0,0.0
289.9654579360926,69.0,0.0
289.970779498322,70.0,0.0
289.9751816544058,71.0,0.0
289.9776603607528,70.0,0.0
289.98367405210877,71.0,0.0
289.9842355879969,70.0,0.0
289.98622703049756,69.0,0.0
289.9865827021877,68.0,0.0
289.99560639893025,69.0,0.0
290.00029243066035,68.0,0.0
290.0047123926194,67.0,0.0
290.00588324762674,66.0,0.0
290.01112521579444,65.0,0.0
290.01580122047505,64.0,0.0
290.03167751991117,65.0,0.0
290.0380391018435,66.0,0.0
290.0535642594764,65.0,0.0
290.0609141099858,66.0,0.0
290.06728268367607,65.0,0.0
290.07033392959295,64.0,0.0
290.0703738233499,65.0,0.0
290.0737429173118,66.0,0.0
290.08019793987637,67.0,0.0
290.08417720488575,66.0,0.0
290.0911695513527,67.0,0.0
290.0914839455866,66.0,0.0
290.09149706803134,67.0,0.0
290.0923779160821,68.0,0.0
290.1067406490685,69.0,0.0
290.12883515920794,70.0,0.0
290.13069894415605,71.0,0.0
290.1337503318964,70.0,0.0
290.1616378030586,69.0,0.0
290.1702032523737,70.0,0.0
290.1712032009122,71.0,0.0
290.1712565271872,72.0,0.0
290.1812121954265,71.0,0.0
290.1869366811135,72.0,0.0
290.18835714456833,73.0,0.0
290.19022581638285,72.0,0.0
290.19724429067423,71.0,0.0
290.19777964208276,72.0,0.0
290.2080451738635,73.0,0.0
290.21039690343224,74.0,0.0
290.2127516318057,73.0,0.0
290.2242628294126,72.0,0.0
290.2279187336965,73.0,0.0
290.2378659516582,72.0,0.0
290.2396551915231,71.0,0.0
290.24566124514536,70.0,0.0
290.249160511929,71.0,0.0
290.24953312338783,70.0,0.0
290.2495786631975,71.0,0.0
290.2510830785705,70.0,0.0
290.2554098186123,71.0,0.0
290.2574600933063,72.0,0.0
290.2609427594707,71.0,0.0
290.2652830020889,72.0,0.0
290.2679694931967,71.0,0.0
290.29069474088254,70.0,0.0
290.29318875470227,69.0,0.0
290.29399053424777,68.0,0.0
290.29721692158256,69.0,0.0
290.30356745241346,70.0,0.0
290.3038514694521,71.0,0.0
290.31121863870754,70.0,0.0
290.3113436605466,69.0,0.0
290.32576025177724,68.0,0.0
290.3384083103611,69.0,0.0
290.34484639453626,70.0,0.0
290.34820443532993,69.0,0.0
290.35338091155336,68.0,0.0
290.36923470459635,67.0,0.0
290.37173946197106,68.0,0.0
290.3717800501237,69.0,0.0
290.3756998196772,70.0,0.0
290.3766129228807,69.0,0.0
290.3786735916529,70.0,0.0
290.38098913124526,71.0,0.0
290.3848717570108,72.0,0.0
290.38788695599953,73.0,0.0
290.3910288680432,74.0,0.0
290.39270320029675,75.0,0.0
290.3938659690638,74.0,0.0
290.3952625216502,73.0,0.0
290.39929327690913,72.0,0.0
290.4090296969158,73.0,0.0
290.41667818805263,74.0,0.0
290.4265448018782,73.0,0.0
290.42744745259535,74.0,0.0
290.4290227125562,75.0,0.0
290.43358425419694,74.0,0.0
290.4397633819534,75.0,0.0
290.441385256141,76.0,0.0
290.4697131929168,75.0,0.0
290.4708810499386,74.0,0.0
290.479102917668,75.0,0.0
290.480967759195,76.0,0.0
290.48391400748756,77.0,0.0
290.48756877393413,78.0,0.0
290.4916897052729,79.0,0.0
290.4929023004313,80.0,0.0
290.4993266158762,79.0,0.0
290.5029682944475,78.0,0.0
290.5042704904506,79.0,0.0
290.50427153488647,78.0,0.0
290.50588738820073,79.0,0.0
290.5138259638913,80.0,0.0
290.5141790382817,81.0,0.0
290.51491604864435,80.0,0.0
290.52413097375467,81.0,0.0
290.5304386481563,82.0,0.0
290.53143571086093,81.0,0.0
290.5396861012968,80.0,0.0
290.5405649180684,81.0,0.0
290.54223608324344,82.0,0.0
290.5456809602206,83.0,0.0
290.55124704259646,84.0,0.0
290.55199802640016,83.0,0.0
290.558545769359,82.0,0.0
290.55862191715937,81.0,0.0
290.55918529917767,82.0,0.0
290.5650129796697,81.0,0.0
290.5829723684452,82.0,0.0
290.5843675501155,81.0,0.0
290.5888006945223,82.0,0.0
290.5940465572184,81.0,0.0
290.6001771433805,80.0,0.0
290.6032623434869,81.0,0.0
290.6057429597955,80.0,0.0
290.6187831671178,81.0,0.0
290.6255005310825,80.0,0.0
290.627636051733,81.0,0.0
290.6324254537975,82.0,0.0
290.633400933385,83.0,0.0
290.6421080298768,84.0,0.0
290.65339569550116,85.0,0.0
290.6538387072405,84.0,0.0
290.6682649998591,85.0,0.0
290.6709869457897,86.0,0.0
290.67122075642015,85.0,0.0
290.67358289229264,84.0,0.0
290.6838704323131,85.0,0.0
290.6842908775638,86.0,0.0
290.7013196911479,85.0,0.0
290.7084079433333,84.0,0.0
290.723088969605,85.0,0.0
290.7350656181982,84.0,0.0
290.7375334495331,83.0,0.0
290.7382350546809,82.0,0.0
290.741112936826,81.0,0.0
290.7470958340027,82.0,0.0
290.75231059702855,83.0,0.0
290.76744681482927,84.0,0.0
290.76831648827084,85.0,0.0
290.77139648715405,86.0,0.0
290.7766298955102,85.0,0.0
290.7791521171958,84.0,0.0
290.79883344001894,85.0,0.0
290.80569754453296,84.0,0.0
290.80939244490975,85.0,0.0
290.8096864915182,84.0,0.0
290.8173774203511,83.0,0.0
290.8218994119883,84.0,0.0
290.82279367558914,85.0,0.0
290.82302989526755,84.0,0.0
290.828986190991,85.0,0.0
290.8391255017789,86.0,0.0
290.83946651658977,87.0,0.0
290.84052665072244,86.0,0.0
290.8425388739685,85.0,0.0
290.84530498119034,84.0,0.0
290.84674733220305,83.0,0.0
290.8467768773603,84.0,0.0
290.8507306370719,85.0,0.0
290.85120958669506,86.0,0.0
290.8550849194941,87.0,0.0
290.8568521335218,86.0,0.0
290.858454087116,85.0,0.0
290.8706592483101,84.0,0.0
290.87392979605204,85.0,0.0
290.8775560059155,86.0,0.0
290.8802805414025,85.0,0.0
290.88792013497095,86.0,0.0
290.8890241326488,87.0,0.0
290.9021219681999,88.0,0.0
290.9095364909089,89.0,0.0
290.9128113086947,88.0,0.0
290.92690275986155,89.0,0.0
290.9388616450874,90.0,0.0
290.94434023716167,89.0,0.0
290.94494364349305,90.0,0.0
290.9504499313924,91.0,0.0
290.9506716490069,90.0,0.0
290.95255016525215,91.0,0.0
290.9547572103704,92.0,0.0
290.954871140015,91.0,0.0
290.95805423856854,90.0,0.0
290.958153009104,89.0,0.0
290.9583935521646,88.0,0.0
290.96045754310217,89.0,0.0
290.9702517895177,90.0,0.0
290.97488387099304,91.0,0.0
290.97907074263486,90.0,0.0
290.98211802802854,89.0,0.0
290.9851887805366,88.0,0.0
290.9881288453733,89.0,0.0
290.99030495133474,90.0,0.0
290.9917344354207,91.0,0.0
290.99228762271537,92.0,0.0
290.9934349058749,91.0,0.0
290.9968603088033,92.0,0.0
290.99813563242293,91.0,0.0
291.00185558806817,90.0,0.0
291.00331938198883,91.0,0.0
291.005716563459,92.0,0.0
291.00903716068945,91.0,0.0
291.0153385749031,92.0,0.0
291.0162757551411,91.0,0.0
291.01883449784293,92.0,0.0
291.04681536444974,93.0,0.0
291.0488038805724,92.0,0.0
291.0559525187493,93.0,0.0
291.05854114275337,92.0,0.0
291.06400835312445,91.0,0.0
291.06536634619124,90.0,0.0
291.0731189828515,91.0,0.0
291.0836877585409,90.0,0.0
291.0983903938966,91.0,0.0
291.1014478655747,92.0,0.0
291.10273573481766,91.0,0.0
291.1145289755631,90.0,0.0
291.1184604005963,91.0,0.0
291.1307483164846,90.0,0.0
291.1334781770268,91.0,0.0
291.13731518312824,90.0,0.0
291.1522145236381,91.0,0.0
291.1536544695907,92.0,0.0
291.17286909410745,93.0,0.0
291.17786228351355,94.0,0.0
291.1981735865693,93.0,0.0
291.2048455722514,92.0,0.0
291.20638023679516,91.0,0.0
291.21740560481544,92.0,0.0
291.22106819256925,91.0,0.0
291.221479183333,92.0,0.0
291.22733261107425,93.0,0.0
291.2395097388605,92.0,0.0
291.24755866589413,91.0,0.0
291.2504706395568,90.0,0.0
291.2524563946391,91.0,0.0
291.2730548814537,92.0,0.0
291.2753931670025,93.0,0.0
291.29158530813766,92.0,0.0
291.2972377072999,91.0,0.0
291.3092536326594,90.0,0.0
291.32144774552506,91.0,0.0
291.3249542329094,90.0,0.0
291.32512697264116,89.0,0.0
291.3332327759876,88.0,0.0
291.3343884137691,89.0,0.0
291.3513440091817,88.0,0.0
291.3517727813013,89.0,0.0
291.3540104580159,90.0,0.0
291.354033001151,91.0,0.0
291.3550243161497,92.0,0.0
291.3593552924116,91.0,0.0
291.36216443230114,92.0,0.0
291.362248629464,91.0,0.0
291.37544307742655,92.0,0.0
291.37622847947637,91.0,0.0
291.376474787047,90.0,0.0
291.38504625784316,91.0,0.0
291.38997186288856,90.0,0.0
291.3946968781915,89.0,0.0
291.3982150220265,88.0,0.0
291.40223297502865,89.0,0.0
291.40399687722595,88.0,0.0
291.40420823624606,89.0,0.0
291.4057021081773,88.0,0.0
291.41503597590184,89.0,0.0
291.41510888900194,88.0,0.0
291.4160356829968,89.0,0.0
291.41667805674973,90.0,0.0
291.4227000010463,91.0,0.0
291.4241477082398,92.0,0.0
291.4312726995996,91.0,0.0
291.43354765583825,90.0,0.0
291.43737285067726,91.0,0.0
291.4393583754066,90.0,0.0
291.44371692929593,91.0,0.0
291.44416794494606,92.0,0.0
291.44597885130946,93.0,0.0
291.44627996351375,92.0,0.0
291.4528372604212,93.0,0.0
291.4569733310574,92.0,0.0
291.4613040533663,93.0,0.0
291.46388525880013,92.0,0.0
291.47979578345377,91.0,0.0
291.4803403090841,92.0,0.0
291.52047846325377,91.0,0.0
291.53107602901696,92.0,0.0
291.53155773851535,91.0,0.0
291.5375090060798,92.0,0.0
291.5386716045529,91.0,0.0
291.56149758143914,90.0,0.0
291.5638417143714,91.0,0.0
291.5775760161444,92.0,0.0
291.58484757733726,93.0,0.0
291.58740717322536,92.0,0.0
291.58821202048455,91.0,0.0
291.5905469113198,90.0,0.0
291.5947700162134,91.0,0.0
291.5974442946758,90.0,0.0
291.61366909006307,91.0,0.0
291.61379594371374,90.0,0.0
291.6158310160329,89.0,0.0
291.6236643105986,88.0,0.0
291.6255278289924,87.0,0.0
291.6276160559555,88.0,0.0
291.6332935766799,89.0,0.0
291.63873311453636,90.0,0.0
291.6457336511481,91.0,0.0
291.6615735168824,92.0,0.0
291.6698957541359,93.0,0.0
291.6708300215845,92.0,0.0
291.69058468458377,93.0,0.0
291.6995650272439,92.0,0.0
291.71391958232044,93.0,0.0
291.71925350703674,94.0,0.0
291.7216180360206,95.0,0.0
291.72267978825334,94.0,0.0
291.7255967904952,95.0,0.0
291.7479810334934,94.0,0.0
291.7494124971647,93.0,0.0
291.750830121076,92.0,0.0
291.7678707209756,91.0,0.0
291.77610864164575,90.0,0.0
291.7879946951116,91.0,0.0
291.8043835795814,92.0,0.0
291.805726604576,93.0,0.0
291.8204452089735,92.0,0.0
291.8219556542213,91.0,0.0
291.83593337523877,92.0,0.0
291.83658956416235,93.0,0.0
291.8443341253361,92.0,0.0
291.84465258426974,91.0,0.0
291.85228100326685,92.0,0.0
291.85302062399484,91.0,0.0
291.8575499860353,92.0,0.0
291.85783041833395,91.0,0.0
291.85840736831136,92.0,0.0
291.86072189082796,93.0,0.0
291.8620302165298,92.0,0.0
291.8632251731113,91.0,0.0
291.86624013090415,90.0,0.0
291.86775068359583,89.0,0.0
291.87358786814497,90.0,0.0
291.87605001318127,89.0,0.0
291.87784586727014,90.0,0.0
291.8797703332635,91.0,0.0
291.8882392169483,92.0,0.0
291.8955155791447,91.0,0.0
291.9078126876932,92.0,0.0
291.91080878077,93.0,0.0
291.912186186404,92.0,0.0
291.9240601610267,91.0,0.0
291.93206068503724,92.0,0.0
291.94112142288924,91.0,0.0
291.9429555396971,90.0,0.0
291.950894491278,89.0,0.0
291.95519973646793,88.0,0.0
291.96392779515526,87.0,0.0
291.9770981837329,88.0,0.0
291.9828326927536,89.0,0.0
291.98761310759863,90.0,0.0
291.98877524089926,91.0,0.0
291.98957664680506,92.0,0.0
291.9911531241751,93.0,0.0
292.0041986889801,92.0,0.0
292.01019469071093,91.0,0.0
292.0112487743534,92.0,0.0
292.0123224273714,91.0,0.0
292.0186467754035,90.0,0.0
292.02119435699285,89.0,0.0
292.02235238994456,88.0,0.0
292.02695658801025,89.0,0.0
292.035376727761,90.0,0.0
292.04183829835006,91.0,0.0
292.04425538993854,90.0,0.0
292.04471989396313,89.0,0.0
292.05847144943004,90.0,0.0
292.06098757071965,89.0,0.0
292.0632523235598,90.0,0.0
292.08197477155846,89.0,0.0
292.08438498404973,88.0,0.0
292.0863437211766,87.0,0.0
292.0876922008385,86.0,0.0
292.09334775001014,87.0,0.0
292.0964559494727,86.0,0.0
292.1140415600206,85.0,0.0
292.11710172323865,86.0,0.0
292.11882877581377,87.0,0.0
292.1272716321841,86.0,0.0
292.1293017493711,87.0,0.0
292.1387006336678,86.0,0.0
292.13888636659806,87.0,0.0
292.14543719432777,88.0,0.0
292.15424411504995,89.0,0.0
292.1545196311912,90.0,0.0
292.157522056904,91.0,0.0
292.16114947050573,92.0,0.0
292.1628744748677,93.0,0.0
292.1697184058832,94.0,0.0
292.1802577347269,95.0,0.0
292.18432735015074,96.0,0.0
292.1846254916798,95.0,0.0
292.1910152552162,94.0,0.0
292.20069222487723,95.0,0.0
292.2079563019857,96.0,0.0
292.2136146631364,97.0,0.0
292.21421811950137,98.0,0.0
292.2151492063926,97.0,0.0
292.22807649715855,96.0,0.0
292.2411494412208,95.0,0.0
292.2542295531073,96.0,0.0
292.2561296796374,95.0,0.0
292.26321196962124,94.0,0.0
292.264464276131,93.0,0.0
292.2729369249385,94.0,0.0
292.2748150829014,95.0,0.0
292.28174987070435,96.0,0.0
292.2851385221774,97.0,0.0
292.2859200873941,98.0,0.0
292.2956368233757,97.0,0.0
292.3018354117439,96.0,0.0
292.3048242724476,97.0,0.0
292.31481957036766,96.0,0.0
292.33117197941414,95.0,0.0
292.33303599169903,94.0,0.0
292.34827706391087,95.0,0.0
292.3535559703651,94.0,0.0
292.35536269186036,95.0,0.0
292.36319687258884,96.0,0.0
292.3720416287847,95.0,0.0
292.38986120601703,96.0,0.0
292.3981307678246,95.0,0.0
292.3983095945049,94.0,0.0
292.3990388375105,95.0,0.0
292.40898410325264,94.0,0.0
292.4118226565166,93.0,0.0
292.4209058529432,94.0,0.0
292.42283740607826,95.0,0.0
292.44377557254853,94.0,0.0
292.4491145359859,93.0,0.0
292.45212117246575,92.0,0.0
292.4637366736004,93.0,0.0
292.46572891698247,94.0,0.0
292.4667421388491,95.0,0.0
292.4719979922465,96.0,0.0
292.47353145596423,97.0,0.0
292.48288278455135,96.0,0.0
292.49004362468185,97.0,0.0
292.4936516501817,98.0,0.0
292.4957972762943,97.0,0.0
292.5040675909057,98.0,0.0
292.5071386416704,99.0,0.0
292.50887801183586,98.0,0.0
292.5119775863921,99.0,0.0
292.5134497728187,98.0,0.0
292.52096973050266,97.0,0.0
292.52371662841756,98.0,0.0
292.5258682452305,99.0,0.0
292.52660501589867,98.0,0.0
292.5322858630052,97.0,0.0
292.53237039700707,98.0,0.0
292.53899322643906,99.0,0.0
292.5407112750501,98.0,0.0
292.55644802983375,99.0,0.0
292.5578824983105,100.0,0.0
292.57881318732154,99.0,0.0
292.5808093964925,98.0,0.0
292.58086652187956,97.0,0.0
292.5853712721411,96.0,0.0
292.5864006666782,97.0,0.0
292.58694362017866,96.0,0.0
292.59805161703366,95.0,0.0
292.5980778625389,96.0,0.0
292.59830132014275,97.0,0.0
292.59903365321986,96.0,0.0
292.6034147034493,97.0,0.0
292.6130090888005,96.0,0.0
292.6185333227111,95.0,0.0
292.62114889723915,96.0,0.0
292.62129281429475,97.0,0.0
292.62574739537763,96.0,0.0
292.62612138192094,97.0,0.0
292.6268609995181,98.0,0.0
292.62887755970297,99.0,0.0
292.6348804666843,98.0,0.0
292.6355729887778,99.0,0.0
292.6362623645865,98.0,0.0
292.6473787720206,97.0,0.0
292.65270749050717,96.0,0.0
292.6733762321835,97.0,0.0
292.67841138959994,98.0,0.0
292.6802078420854,97.0,0.0
292.68930999541067,98.0,0.0
292.69278053088465,99.0,0.0
292.69660784815034,100.0,0.0
292.70696598337935,99.0,0.0
292.7088502922616,98.0,0.0
292.7164574741525,99.0,0.0
292.72006282489536,98.0,0.0
292.7379735905112,99.0,0.0
292.75925386668126,98.0,0.0
292.7594486640494,99.0,0.0
292.76197058102,98.0,0.0
292.76554448363044,99.0,0.0
292.7688022588056,98.0,0.0
292.77180218839646,97.0,0.0
292.7747475417764,96.0,0.0
292.77748569433646,97.0,0.0
292.77979883710606,96.0,0.0
292.7800694367263,95.0,0.0
292.7838448816483,94.0,0.0
292.78682220596346,95.0,0.0
292.7883644693294,96.0,0.0
292.7897862817988,97.0,0.0
292.7908718954939,96.0,0.0
292.7974632821547,97.0,0.0
292.7987300436068,96.0,0.0
292.8026907011187,97.0,0.0
292.8081994090424,96.0,0.0
292.81392512598956,95.0,0.0
292.8191809737706,96.0,0.0
292.8197358738597,95.0,0.0
292.8248040804422,94.0,0.0
292.82787562177424,95.0,0.0
292.83092464105863,96.0,0.0
292.83130480902446,97.0,0.0
292.83144288153505,98.0,0.0
292.8319362844344,97.0,0.0
292.8326839406105,98.0,0.0
292.8373193558702,99.0,0.0
292.84236773376807,100.0,0.0
292.8454697075694,101.0,0.0
292.8495298001364,100.0,0.0
292.85115376885074,99.0,0.0
292.85383851611465,100.0,0.0
292.8570456791994,99.0,0.0
292.8616485605739,100.0,0.0
292.8680468013268,99.0,0.0
292.8718577883506,98.0,0.0
292.8850865971501,99.0,0.0
292.88535040282176,98.0,0.0
292.8950631716941,99.0,0.0
292.9016988806757,100.0,0.0
292.9041430235638,99.0,0.0
292.90519128846614,100.0,0.0
292.9055581257992,101.0,0.0
292.9069298228738,100.0,0.0
292.9084864927897,99.0,0.0
292.9114493601633,100.0,0.0
292.9267174502963,99.0,0.0
292.94690196602073,100.0,0.0
292.95574589287986,99.0,0.0
292.9590538687713,100.0,0.0
292.95957913453816,99.0,0.0
292.96114393409965,98.0,0.0
292.968067553101,97.0,0.0
292.9769322525033,98.0,0.0
292.98097882666616,99.0,0.0
293.0039167172009,98.0,0.0
293.0054221485014,97.0,0.0
293.0205812390368,96.0,0.0
293.02123549897186,95.0,0.0
293.02835966787313,96.0,0.0
293.03607884966783,95.0,0.0
293.03755421574186,96.0,0.0
293.0403830394124,97.0,0.0
293.0447168540293,96.0,0.0
293.0621834851142,97.0,0.0
293.0629910210915,98.0,0.0
293.06511326357236,99.0,0.0
293.0699620570533,98.0,0.0
293.0735281535849,97.0,0.0
293.0749437636002,98.0,0.0
293.07636079504715,99.0,0.0
293.0839545936571,98.0,0.0
293.0889794182475,99.0,0.0
293.09102718394195,98.0,0.0
293.09967245627985,99.0,0.0
293.1043845476808,98.0,0.0
293.1093511368554,99.0,0.0
293.1215425818462,100.0,0.0
293.12496689628495,99.0,0.0
293.1259371365641,100.0,0.0
293.12741374653984,99.0,0.0
293.1315330967498,98.0,0.0
293.1333261103654,97.0,0.0
293.13919793848896,96.0,0.0
293.14399710031637,95.0,0.0
293.14516686516413,96.0,0.0
293.1492192972537,95.0,0.0
293.1498074358533,94.0,0.0
293.15020550426925,95.0,0.0
293.1585123406144,96.0,0.0
293.16894097252066,97.0,0.0
293.1849527794352,96.0,0.0
293.1874264173261,97.0,0.0
293.1925688335686,96.0,0.0
293.19592149805425,97.0,0.0
293.2011732856925,96.0,0.0
293.21428691804795,95.0,0.0
293.21430863896217,94.0,0.0
293.23932640909686,95.0,0.0
293.24155827103084,96.0,0.0
293.2493308697497,97.0,0.0
293.255712480707,96.0,0.0
293.26621306177174,97.0,0.0
293.2703459717312,98.0,0.0
293.27590378504146,97.0,0.0
293.2817159418162,96.0,0.0
293.2926245607744,95.0,0.0
293.2934251873264,94.0,0.0
293.29597633712626,93.0,0.0
293.303603212791,92.0,0.0
293.3107701502456,91.0,0.0
293.3179855642934,92.0,0.0
293.3283435373789,93.0,0.0
293.3329086104788,92.0,0.0
293.3346263888827,91.0,0.0
293.33916744352786,90.0,0.0
293.34009531769726,91.0,0.0
293.34974171615374,92.0,0.0
293.35556150596506,93.0,0.0
293.3582145681218,94.0,0.0
293.39735573956915,93.0,0.0
293.398232545817,92.0,0.0
293.4008063170643,91.0,0.0
293.4055379234226,92.0,0.0
293.40865269026483,91.0,0.0
293.41147684765787,90.0,0.0
293.412848027933,89.0,0.0
293.4143590679043,90.0,0.0
293.4159477127331,89.0,0.0
293.41803005838636,88.0,0.0
293.42209915739073,87.0,0.0
293.4331703661394,88.0,0.0
293.4348867220408,89.0,0.0
293.43562667742947,88.0,0.0
293.4437293394969,89.0,0.0
293.4462071948672,88.0,0.0
293.469227423851,89.0,0.0
293.47194180583386,90.0,0.0
293.47814391760465,89.0,0.0
293.48211326437723,88.0,0.0
293.48324423099865,87.0,0.0
293.48336755303563,86.0,0.0
293.4902257111073,87.0,0.0
293.4936289587347,88.0,0.0
293.50889532628,87.0,0.0
293.5105711141051,88.0,0.0
293.51579957687835,87.0,0.0
293.5255842937815,88.0,0.0
293.5326542684129,87.0,0.0
293.5361642107641,86.0,0.0
293.542172596504,87.0,0.0
293.5442625719032,86.0,0.0
293.5459570475268,87.0,0.0
293.54728367708367,88.0,0.0
293.54862046327065,89.0,0.0
293.549343292321,88.0,0.0
293.5510163751576,89.0,0.0
293.56509632064467,90.0,0.0
293.5711729307821,91.0,0.0
293.5755839329441,90.0,0.0
293.5789621264283,89.0,0.0
293.5854883054368,90.0,0.0
293.5857363408923,89.0,0.0
293.5923874884799,88.0,0.0
293.59278768987576,87.0,0.0
293.5983878835453,86.0,0.0
293.60207685418106,85.0,0.0
293.6118745585105,84.0,0.0
293.61947221105703,85.0,0.0
293.6352962908117,84.0,0.0
293.64014321887214,83.0,0.0
293.64044727180936,84.0,0.0
293.6612027867381,83.0,0.0
293.6625025086424,82.0,0.0
293.66712223052684,81.0,0.0
293.68216214474484,82.0,0.0
293.6879697488587,81.0,0.0
293.7003429454984,82.0,0.0
293.70556373015984,83.0,0.0
293.7070477642619,84.0,0.0
293.7104933837919,83.0,0.0
293.7127326954536,84.0,0.0
293.7142693938372,85.0,0.0
293.71675022679693,86.0,0.0
293.7248184024962,85.0,0.0
293.72797787185,84.0,0.0
293.7398293534552,83.0,0.0
293.742088775196,84.0,0.0
293.74302991403755,85.0,0.0
293.74786010723295,86.0,0.0
293.7503997591739,85.0,0.0
293.76305232972203,86.0,0.0
293.76349613609415,85.0,0.0
293.76631549176597,84.0,0.0
293.78565529662313,85.0,0.0
293.7880630882273,84.0,0.0
293.79038587956927,83.0,0.0
293.7908391289085,82.0,0.0
293.79758775465416,81.0,0.0
293.8053055871636,82.0,0.0
293.81926157388284,83.0,0.0
293.8197369135398,84.0,0.0
293.828553679018,85.0,0.0
293.82991439336786,86.0,0.0
293.83147345931883,87.0,0.0
293.83400399566943,88.0,0.0
293.84291461134984,89.0,0.0
293.8510008822978,90.0,0.0
293.8707672831788,91.0,0.0
293.8713344481939,92.0,0.0
293.87895923090144,91.0,0.0
293.8825075829405,92.0,0.0
293.8846382551,93.0,0.0
293.8870286917273,92.0,0.0
293.89246215828297,93.0,0.0
293.89488240175933,94.0,0.0
293.9110713111787,93.0,0.0
293.91184165551505,94.0,0.0
293.92622342960175,93.0,0.0
293.9270536931595,94.0,0.0
293.9309929801988,95.0,0.0
293.93339285903926,94.0,0.0
293.94631260368453,93.0,0.0
293.9493728683139,94.0,0.0
293.95128527874965,95.0,0.0
293.9683467506213,94.0,0.0
293.9684748390744,93.0,0.0
293.981344186777,92.0,0.0
293.99084599864756,93.0,0.0
293.9913945015631,92.0,0.0
293.9915808097466,91.0,0.0
293.99230501165766,90.0,0.0
293.993675401826,91.0,0.0
293.995097920746,90.0,0.0
294.01019111372307,91.0,0.0
294.02849562355823,92.0,0.0
294.0321818710402,93.0,0.0
294.048677534565,92.0,0.0
294.0558936549604,93.0,0.0
294.0581705930451,92.0,0.0
294.0648286881481,91.0,0.0
294.06805026504077,90.0,0.0
294.07448779598883,89.0,0.0
294.0768531438961,88.0,0.0
294.1018925133439,89.0,0.0
294.11801474730635,88.0,0.0
294.11946416855676,89.0,0.0
294.12188314903375,88.0,0.0
294.15572345413483,89.0,0.0
294.1571348846676,90.0,0.0
294.15799929671516,91.0,0.0
294.16804399207405,90.0,0.0
294.1804032388961,89.0,0.0
294.1811746134278,88.0,0.0
294.1841938069398,87.0,0.0
294.21449911764313,86.0,0.0
294.2182920627553,85.0,0.0
294.22657595958805,84.0,0.0
294.2268065472973,85.0,0.0
294.2388072296243,84.0,0.0
294.24978000838155,83.0,0.0
294.2537939619556,84.0,0.0
294.25644733209407,83.0,0.0
294.26297102510983,82.0,0.0
294.27182712466197,83.0,0.0
294.27592263874504,82.0,0.0
294.28265803171035,83.0,0.0
294.28419962794254,82.0,0.0
294.2888187376336,81.0,0.0
294.2956294486507,82.0,0.0
294.29698292787526,81.0,0.0
294.2986781644727,82.0,0.0
294.3092321488912,83.0,0.0
294.31479058633073,82.0,0.0
294.3214638109674,81.0,0.0
294.32393653862033,82.0,0.0
294.3334897518339,83.0,0.0
294.33777172135274,82.0,0.0
294.34339463933185,81.0,0.0
294.3443496331375,80.0,0.0
294.3531862271167,79.0,0.0
294.3631510151546,78.0,0.0
294.36822862086893,77.0,0.0
294.37192291004146,76.0,0.0
294.3733815169821,77.0,0.0
294.37655936007684,76.0,0.0
294.38579835506727,77.0,0.0
294.38995426318206,78.0,0.0
294.399751951407,79.0,0.0
294.4005427655418,78.0,0.0
294.40835541086943,79.0,0.0
294.41011179087224,78.0,0.0
294.4144906005046,79.0,0.0
294.41930594489054,78.0,0.0
294.42338158787305,79.0,0.0
294.4295151032937,80.0,0.0
294.44043621698285,81.0,0.0
294.4407553583641,80.0,0.0
294.45190462484845,79.0,0.0
294.4567470823344,80.0,0.0
294.45822875665846,79.0,0.0
294.4633026851084,78.0,0.0
294.471770869721,77.0,0.0
294.4720365001836,76.0,0.0
294.47927215599344,77.0,0.0
294.4844389238928,78.0,0.0
294.4916056585521,77.0,0.0
294.49426724827396,76.0,0.0
294.4949119045418,77.0,0.0
294.50491137779716,78.0,0.0
294.5095812590952,77.0,0.0
294.51588715233567,76.0,0.0
294.53046990295513,75.0,0.0
294.5733498203305,76.0,0.0
294.5796298405748,75.0,0.0
294.57993622824404,76.0,0.0
294.5821355017876,77.0,0.0
294.5913155375198,76.0,0.0
294.5945975078879,77.0,0.0
294.594932965029,78.0,0.0
294.595543025414,77.0,0.0
294.5993698567159,76.0,0.0
294.6065979336535,75.0,0.0
294.6147308265568,74.0,0.0
294.62568528489294,75.0,0.0
294.63378273362315,74.0,0.0
294.6561115301972,73.0,0.0
294.66916512307336,72.0,0.0
294.6817544187998,73.0,0.0
294.6836387735162,72.0,0.0
294.69078034246587,73.0,0.0
294.6912917347868,72.0,0.0
294.6966962396468,73.0,0.0
294.6989665757256,72.0,0.0
294.70277054983745,73.0,0.0
294.715860130645,74.0,0.0
294.72704307295646,75.0,0.0
294.73400808903676,76.0,0.0
294.7340690818648,77.0,0.0
294.7491815986445,78.0,0.0
294.75093988648024,79.0,0.0
294.7620937696245,78.0,0.0
294.76272606461885,77.0,0.0
294.7647049170384,76.0,0.0
294.7655521040769,77.0,0.0
294.7699090545955,76.0,0.0
294.7731674762774,77.0,0.0
294.77549248815853,78.0,0.0
294.79298008654166,77.0,0.0
294.81972161818885,76.0,0.0
294.82243838483544,77.0,0.0
294.83292805452277,78.0,0.0
294.8482592305154,77.0,0.0
294.852470005814,76.0,0.0
294.8571180906966,77.0,0.0
294.85716656921085,78.0,0.0
294.8589155496893,79.0,0.0
294.8610311968811,80.0,0.0
294.8681717550828,81.0,0.0
294.869144240362,80.0,0.0
294.8693902923152,81.0,0.0
294.8750136401929,82.0,0.0
294.88048647764685,81.0,0.0
294.8808964085152,80.0,0.0
294.8833932237219,79.0,0.0
294.89142488057774,80.0,0.0
294.8916238248188,79.0,0.0
294.8960323926408,78.0,0.0
294.914052752749,77.0,0.0
294.9165963344747,76.0,0.0
294.9169739447211,75.0,0.0
294.9180892405599,76.0,0.0
294.9259493339945,75.0,0.0
294.9275086586728,76.0,0.0
294.94406448137573,75.0,0.0
294.95119664284357,76.0,0.0
294.95502626470693,75.0,0.0
294.96777086938823,74.0,0.0
294.97416617848137,75.0,0.0
294.9777375257414,76.0,0.0
294.9878211186772,75.0,0.0
294.99711894007464,74.0,0.0
294.9973838496865,73.0,0.0
295.00306745779903,72.0,0.0
295.02715893309284,71.0,0.0
295.040742577372,70.0,0.0
295.0536940716402,69.0,0.0
295.0640597293337,68.0,0.0
295.0652126644708,69.0,0.0
295.0856424318179,70.0,0.0
295.08889914441056,71.0,0.0
295.1046306316739,70.0,0.0
295.12217759599525,69.0,0.0
295.1426290349306,68.0,0.0
295.14284022639856,67.0,0.0
295.1436801328626,66.0,0.0
295.1452971209215,67.0,0.0
295.1528030509087,66.0,0.0
295.156321975265,67.0,0.0
295.16307924154063,66.0,0.0
295.1653879869859,65.0,0.0
295.16640123539725,64.0,0.0
295.17274774296544,65.0,0.0
295.19147803287416,64.0,0.0
295.19528418999084,63.0,0.0
295.20768768400904,62.0,0.0
295.22844495234165,61.0,0.0
295.24044848374257,60.0,0.0
295.242385732472,59.0,0.0
295.2679594550755,58.0,0.0
295.2879982778539,57.0,0.0
295.3023732281488,56.0,0.0
295.30300015256364,57.0,0.0
295.3030678481,58.0,0.0
295.31734559401565,57.0,0.0
295.31935920096777,56.0,0.0
295.32155062299285,55.0,0.0
295.33758199958936,56.0,0.0
295.3383473888188,55.0,0.0
295.3446073350274,54.0,0.0
295.3490394912395,53.0,0.0
295.35894809793007,54.0,0.0
295.36521306986657,53.0,0.0
295.36916216409634,54.0,0.0
295.37030852136957,53.0,0.0
295.3740350795339,54.0,0.0
295.37620077616344,55.0,0.0
295.3773955825114,54.0,0.0
295.38167839410943,53.0,0.0
295.3923158163745,52.0,0.0
295.3968860025868,51.0,0.0
295.4363939409902,50.0,0.0
295.4395032379535,49.0,0.0
295.4544159882595,50.0,0.0
295.46311371727916,51.0,0.0
295.46476151668116,52.0,0.0
295.47694835560844,53.0,0.0
295.48018976590726,52.0,0.0
295.50363709654357,53.0,0.0
295.5260328915108,54.0,0.0
295.5319916681325,53.0,0.0
295.53531334883866,52.0,0.0
295.53665302363686,51.0,0.0
295.5378292699416,52.0,0.0
295.539682249933,51.0,0.0
295.5458272354123,50.0,0.0
295.5503765380959,49.0,0.0
295.5507651124274,50.0,0.0
295.5518734971093,49.0,0.0
295.5536803091662,50.0,0.0
295.5706791839596,49.0,0.0
295.57622447324485,50.0,0.0
295.57654859797276,49.0,0.0
295.58928926161866,48.0,0.0
295.5970281844378,49.0,0.0
295.59869629083687,50.0,0.0
295.60318992826586,49.0,0.0
295.6043225943014,48.0,0.0
295.60892934979256,47.0,0.0
295.6268822061452,46.0,0.0
295.6383981983075,45.0,0.0
295.64833148930745,44.0,0.0
295.6670675318857,43.0,0.0
295.68266558892293,42.0,0.0
295.68676234427915,43.0,0.0
295.6905442292077,44.0,0.0
295.7052864405279,43.0,0.0
295.71283083498736,42.0,0.0
295.7199273857906,41.0,0.0
295.7224247366903,40.0,0.0
295.72870065862895,39.0,0.0
295.7318634937448,40.0,0.0
295.7330752558836,41.0,0.0
295.74785715790296,40.0,0.0
295.74825925162395,39.0,0.0
295.76827368202544,38.0,0.0
295.76856494027675,39.0,0.0
295.78176435278016,40.0,0.0
295.782815260647,39.0,0.0
295.78791481247987,38.0,0.0
295.7894590902343,39.0,0.0
295.80653807830026,38.0,0.0
295.81939703738766,37.0,0.0
295.82225058517696,36.0,0.0
295.8428147637657,37.0,0.0
295.8460156510663,38.0,0.0
295.85743004168967,39.0,0.0
295.89649833273114,38.0,0.0
295.8984551542347,39.0,0.0
295.9052402274846,38.0,0.0
295.9100117645442,39.0,0.0
295.9117009752807,38.0,0.0
295.91792481779345,39.0,0.0
295.93573127688467,38.0,0.0
295.9392855223543,37.0,0.0
295.9513211556208,38.0,0.0
295.95920590609467,39.0,0.0
295.96056980747767,38.0,0.0
296.0046560365346,37.0,0.0
296.0096066557011,36.0,0.0
296.0190438416709,37.0,0.0
296.0194893215445,38.0,0.0
296.0203474539939,37.0,0.0
296.0261192458155,36.0,0.0
296.03700078001503,35.0,0.0
296.0415346395306,34.0,0.0
296.04969088787885,33.0,0.0
296.06613791867727,32.0,0.0
296.10031010675567,33.0,0.0
296.11405276255914,32.0,0.0
296.11791437494554,31.0,0.0
296.1319526780399,32.0,0.0
296.1527264362557,31.0,0.0
296.1546605836685,30.0,0.0
296.1598370583711,29.0,0.0
296.164719478081,28.0,0.0
296.16590969633063,27.0,0.0
296.16622422880505,26.0,0.0
296.16764517336657,27.0,0.0
296.20086817792287,26.0,0.0
296.2038146255316,25.0,0.0
296.2076348707121,26.0,0.0
296.2105890152549,25.0,0.0
296.21207306539293,26.0,0.0
296.21926317728753,25.0,0.0
296.22199046764615,24.0,0.0
296.22274768731313,23.0,0.0
296.23168451404837,24.0,0.0
296.24278510274127,23.0,0.0
296.24341746974187,22.0,0.0
296.24720366473053,23.0,0.0
296.26352427066547,22.0,0.0
296.2784667442824,21.0,0.0
296.2948109575333,20.0,0.0
296.2976710135098,19.0,0.0
296.2993810821369,18.0,0.0
296.3216417984916,19.0,0.0
296.3262829548426,18.0,0.0
296.33810322903145,17.0,0.0
296.3505739001434,16.0,0.0
296.3541727689042,15.0,0.0
296.3619750365593,14.0,0.0
296.3804543163524,13.0,0.0
296.38769024373585,14.0,0.0
296.39881271886486,13.0,0.0
296.4248223617631,12.0,0.0
296.42504746261767,11.0,0.0
296.4297056251925,10.0,0.0
296.44171261077685,9.0,0.0
296.4786252434385,8.0,0.0
296.48422742897,7.0,0.0
296.4888219971529,6.0,0.0
296.49403340123945,5.0,0.0
296.4968782903693,6.0,0.0
296.5053922676512,5.0,0.0
296.51782424817304,4.0,0.0
296.5333076097832,3.0,0.0
296.54825604939174,4.0,0.0
296.5680563485404,3.0,0.0
296.5688950343552,2.0,0.0
296.57058825874265,3.0,0.0
296.5712303004306,2.0,0.0
296.57440163420534,1.0,0.0
296.5795980391785,2.0,0.0
296.5934853537457,1.0,0.0
296.6072390849478,2.0,0.0
296.60975261828304,1.0,0.0
296.6129314366008,0.0,0.0
296.6310415931839,1.0,0.0
296.64674754540073,0.0,0.0
296.6683185993034,1.0,0.0
296.6697041470398,0.0,0.0
296.678569843932,1.0,0.0
296.685244592341,0.0,0.0
296.7218378367991,1.0,0.0
296.73251132763045,0.0,0.0
296.7483226891012,1.0,0.0
296.7527634266601,0.0,0.0
296.78070529507124,1.0,0.0
296.7809766818478,0.0,0.0
296.7813998595322,1.0,0.0
296.79787185115646,2.0,0.0
296.81754518674853,1.0,0.0
296.8354560164599,2.0,0.0
296.8394086479033,1.0,0.0
296.85685701385785,2.0,0.0
296.86354683697056,1.0,0.0
296.86480360617134,2.0,0.0
296.87656115878224,3.0,0.0
296.8889959670133,4.0,0.0
296.8912256347542,3.0,0.0
296.89951423593493,4.0,0.0
296.9043104971206,3.0,0.0
296.9084463070578,2.0,0.0
296.9100601935277,3.0,0.0
296.9131113732286,2.0,0.0
296.92485604361224,1.0,0.0
296.9254004438724,0.0,0.0
296.98904044046753,1.0,0.0
296.99444944584064,2.0,0.0
297.0316750144787,3.0,0.0
297.03912728711657,2.0,0.0
297.0502687852032,1.0,0.0
297.0505206404784,0.0,0.0
297.0698210616797,1.0,0.0
297.07398322349263,0.0,0.0
297.085304325183,1.0,0.0
297.11706447376025,0.0,0.0
297.16992130420914,1.0,0.0
297.21882363017295,0.0,0.0
297.2240144404452,1.0,0.0
297.22949441886897,2.0,0.0
297.2346538796275,1.0,0.0
297.2356956704896,0.0,0.0
297.23603118858523,1.0,0.0
297.2701560898614,2.0,0.0
297.2929553821859,3.0,0.0
297.29700572506067,2.0,0.0
297.3138730246105,1.0,0.0
297.33100287686415,0.0,0.0
297.4326811444228,1.0,0.0
297.4403511924273,2.0,0.0
297.44056626060944,1.0,0.0
297.44707269249915,2.0,0.0
297.44896107010226,3.0,0.0
297.45485842768215,2.0,0.0
297.46847067668546,1.0,0.0
297.4873543966853,0.0,0.0
297.4986641630859,1.0,0.0
297.51049919691434,2.0,0.0
297.5157448587151,1.0,0.0
297.5450706750749,0.0,0.0
297.6802357977997,1.0,0.0
297.6893500976996,0.0,0.0
297.6925502202668,1.0,0.0
297.70112992939517,0.0,0.0
297.7049638331708,1.0,0.0
297.70788836277865,0.0,0.0
297.717032484746,1.0,0.0
297.7478548761725,2.0,0.0
297.7973025455279,3.0,0.0
297.81818664127707,2.0,0.0
297.81843802938585,1.0,0.0
297.8226535006489,0.0,0.0
297.90441272302,1.0,0.0
297.90522182114324,2.0,0.0
297.9299567958577,1.0,0.0
297.9787137394349,2.0,0.0
297.99406005849056,1.0,0.0
297.99419774753574,2.0,0.0
298.0007059082437,1.0,0.0
298.02387782264526,0.0,0.0
298.038887323061,1.0,0.0
298.07028167292185,2.0,0.0
298.09104649680233,1.0,0.0
298.10843619579714,2.0,0.0
298.1104640838433,3.0,0.0
298.11726900239535,2.0,0.0
298.11923645016907,3.0,0.0
298.16607366873745,4.0,0.0
298.16832165306545,5.0,0.0
298.1868138563195,6.0,0.0
298.2006779576219,7.0,0.0
298.20399822795173,6.0,0.0
298.20621055553886,7.0,0.0
298.2158429286869,6.0,0.0
298.2308630986325,5.0,0.0
298.23703626888135,6.0,0.0
298.23991604022075,5.0,0.0
298.25769024523174,6.0,0.0
298.2580120596558,5.0,0.0
298.2759793167145,4.0,0.0
298.28267372383533,5.0,0.0
298.28609837042865,6.0,0.0
298.2974354169321,5.0,0.0
298.298992518629,6.0,0.0
298.3013941693649,5.0,0.0
298.3112261804003,4.0,0.0
298.3138792606558,5.0,0.0
298.31909177627523,4.0,0.0
298.3194156585636,5.0,0.0
298.32477184545576,4.0,0.0
298.34201979762844,3.0,0.0
298.37384698911325,2.0,0.0
298.3900762608132,1.0,0.0
298.4165890339537,0.0,0.0
298.48753448006613,1.0,0.0
298.4985721133518,0.0,0.0
298.565734538811,1.0,0.0
298.5811588012629,0.0,0.0
298.59079331033575,1.0,0.0
298.5913048379799,2.0,0.0
298.6080438092938,1.0,0.0
298.61158359253557,0.0,0.0
298.6220785431237,1.0,0.0
298.6402885242084,2.0,0.0
298.64993326752983,3.0,0.0
298.6576179641646,4.0,0.0
298.6647382967309,5.0,0.0
298.6807791296735,6.0,0.0
298.68115120051687,5.0,0.0
298.6831195478108,6.0,0.0
298.69475257126373,5.0,0.0
298.6949451852263,6.0,0.0
298.7170060619121,5.0,0.0
298.73361009722004,4.0,0.0
298.74745135277567,3.0,0.0
298.7494616996553,4.0,0.0
298.76084934268647,3.0,0.0
298.76769141531804,2.0,0.0
298.77793420538586,1.0,0.0
298.7793798466351,0.0,0.0
298.8246425159054,1.0,0.0
298.84451857521196,2.0,0.0
298.8490759921762,3.0,0.0
298.8775640013504,4.0,0.0
298.8906934167076,5.0,0.0
298.90095008453693,4.0,0.0
298.9169789879793,3.0,0.0
298.9344605591871,4.0,0.0
298.94476363128405,5.0,0.0
298.9463433433168,6.0,0.0
298.95404702795304,5.0,0.0
298.95650294186095,6.0,0.0
298.9783657984638,5.0,0.0
298.9784626654336,4.0,0.0
299.00197249594993,5.0,0.0
299.00409074824853,4.0,0.0
299.02646184100587,3.0,0.0
299.02943247168844,2.0,0.0
299.0373950712436,3.0,0.0
299.04081924695623,2.0,0.0
299.04208409541417,3.0,0.0
299.08815772358554,2.0,0.0
299.09042231655224,3.0,0.0
299.09207277566674,2.0,0.0
299.09956484604015,1.0,0.0
299.11577127454547,2.0,0.0
299.1474540749877,1.0,0.0
299.166058107846,2.0,0.0
299.1670325066879,1.0,0.0
299.19780772313914,2.0,0.0
299.1999563973029,1.0,0.0
299.20553106106166,2.0,0.0
299.2097272462598,3.0,0.0
299.21273774185977,4.0,0.0
299.2244417320323,3.0,0.0
299.22620647535825,2.0,0.0
299.2425569616386,3.0,0.0
299.25488989257025,2.0,0.0
299.2662530715042,1.0,0.0
299.2739449628085,0.0,0.0
299.3261930476891,1.0,0.0
299.33355218599746,2.0,0.0
299.33689713971876,1.0,0.0
299.34400157153334,0.0,0.0
299.3489439934334,1.0,0.0
299.35075048905554,0.0,0.0
299.3587375666748,1.0,0.0
299.3974823370968,0.0,0.0
299.4134063450839,1.0,0.0
299.4206263138211,0.0,0.0
299.42766452785764,1.0,0.0
299.42917205821084,2.0,0.0
299.4417101043195,1.0,0.0
299.4430285301637,0.0,0.0
299.45065969711186,1.0,0.0
299.4572924407792,0.0,0.0
299.47101331522924,1.0,0.0
299.4786597728368,2.0,0.0
299.4820866827418,1.0,0.0
299.50700195291887,2.0,0.0
299.5138295031161,1.0,0.0
299.5143418619806,0.0,0.0
299.52236858876523,1.0,0.0
299.5229870691972,0.0,0.0
299.5595206122736,1.0,0.0
299.5680153001951,0.0,0.0
299.56810099859587,1.0,0.0
299.5811584663242,0.0,0.0
299.58966031352907,1.0,0.0
299.5960856147334,2.0,0.0
299.60017466309864,1.0,0.0
299.60224239828756,0.0,0.0
299.6121190620833,1.0,0.0
299.6159087975956,2.0,0.0
299.63328967862134,1.0,0.0
299.650365194362,0.0,0.0
299.70588567160075,1.0,0.0
299.7124065637722,0.0,0.0
299.7361954818432,1.0,0.0
299.76964521584165,2.0,0.0
299.774768970814,3.0,0.0
299.7817172573322,4.0,0.0
299.7836397070591,3.0,0.0
299.79594848386245,4.0,0.0
299.80053496444833,3.0,0.0
299.8219803913654,2.0,0.0
299.84363445080305,1.0,0.0
299.85682488204327,0.0,0.0
299.88213609341426,1.0,0.0
299.92692569997854,0.0,0.0
299.9469366521405,1.0,0.0
299.96689460227446,2.0,0.0
299.98380490239805,1.0,0.0
299.98445266484083,2.0,0.0
299.9865096668104,3.0,0.0
299.98805700988976,4.0,0.0
299.99867950215634,5.0,0.0
300.00448105079823,6.0,0.0
300.00629029586275,5.0,0.0
300.0238161508877,4.0,0.0
300.03629363675816,3.0,0.0
300.0414444146717,2.0,0.0
300.04808351597006,1.0,0.0
300.0600803326813,2.0,0.0
300.066622537769,3.0,0.0
300.11215696948244,2.0,0.0
300.137759319898,1.0,0.0
300.1379484739611,0.0,0.0
300.13905825132935,1.0,0.0
300.14853358737685,0.0,0.0
300.1852186890139,1.0,0.0
300.1924194786393,2.0,0.0
300.20642524371203,1.0,0.0
300.2217738451873,0.0,0.0
300.22889319562256,1.0,0.0
300.2303720354611,0.0,0.0
300.2593845504116,1.0,0.0
300.26142765876955,2.0,0.0
300.26344726724926,3.0,0.0
300.2753187665713,4.0,0.0
300.286174598676,5.0,0.0
300.2931412378352,4.0,0.0
300.33636707564557,3.0,0.0
300.3390080858211,4.0,0.0
300.3448423688949,3.0,0.0
300.3532954339237,2.0,0.0
300.39655778699955,3.0,0.0
300.3982139405646,2.0,0.0
300.4217553770556,1.0,0.0
300.42271437595144,0.0,0.0
300.4300343159368,1.0,0.0
300.43654887090145,0.0,0.0
300.4689687289774,1.0,0.0
300.482649875404,2.0,0.0
300.4845103272825,3.0,0.0
300.4868777226877,2.0,0.0
300.4923972258577,1.0,0.0
300.4962152393066,2.0,0.0
300.50080760888557,3.0,0.0
300.5086944161953,2.0,0.0
300.5121968750884,3.0,0.0
300.5209884209007,2.0,0.0
300.52888561463453,1.0,0.0
300.532056376331,2.0,0.0
300.5362851998204,3.0,0.0
300.54896805455024,2.0,0.0
300.5496978339416,1.0,0.0
300.5912542181395,2.0,0.0
300.6031199966368,3.0,0.0
300.60722338631336,2.0,0.0
300.6130239483579,1.0,0.0
300.6218018325232,2.0,0.0
300.63171321068074,1.0,0.0
300.63570159442287,0.0,0.0
300.6717468376199,1.0,0.0
300.6818867422307,0.0,0.0
300.7334187399479,1.0,0.0
300.74050216759366,0.0,0.0
300.7498278564534,1.0,0.0
300.7558487547282,2.0,0.0
300.75685455259,3.0,0.0
300.7613327942394,4.0,0.0
300.778894290394,5.0,0.0
300.7809267274718,4.0,0.0
300.7978505449118,5.0,0.0
300.8104372265949,6.0,0.0
300.810501055149,7.0,0.0
300.8105767529057,8.0,0.0
300.8144580511596,9.0,0.0
300.81883141337346,8.0,0.0
300.83602323666184,9.0,0.0
300.8395919735184,8.0,0.0
300.8467412543216,7.0,0.0
300.85671450275254,6.0,0.0
300.86741322278334,5.0,0.0
300.87762834976155,6.0,0.0
300.9111157651892,5.0,0.0
300.91433226189685,4.0,0.0
300.91956468141484,3.0,0.0
300.9414287455837,4.0,0.0
300.94892122129875,3.0,0.0
300.94998818184064,4.0,0.0
300.9637810675611,5.0,0.0
300.97247934522454,6.0,0.0
300.9768011422417,7.0,0.0
300.9841806861725,8.0,0.0
301.00586862504895,7.0,0.0
301.0118757572734,8.0,0.0
301.01384559468545,9.0,0.0
301.0268670509197,10.0,0.0
301.03836796820997,9.0,0.0
301.0390280253974,10.0,0.0
301.05104581699806,9.0,0.0
301.0539445419869,10.0,0.0
301.0548987885615,11.0,0.0
301.0549605849627,12.0,0.0
301.0674618592943,11.0,0.0
301.0865252294123,12.0,0.0
301.1002685647199,13.0,0.0
301.10686499285265,12.0,0.0
301.108680872181,11.0,0.0
301.1111865956791,10.0,0.0
301.1171874381919,11.0,0.0
301.1287282479453,10.0,0.0
301.14117053887014,9.0,0.0
301.16068199905317,10.0,0.0
301.16264913365865,11.0,0.0
301.1675930320887,12.0,0.0
301.16914559826944,13.0,0.0
301.1739331123183,12.0,0.0
301.1745117644166,11.0,0.0
301.17664626143187,10.0,0.0
301.1838778471159,9.0,0.0
301.1926711774206,8.0,0.0
301.1949190152629,7.0,0.0
301.19916200978116,6.0,0.0
301.19920416183953,5.0,0.0
301.20631364043703,4.0,0.0
301.20661357520925,3.0,0.0
301.2227104703891,2.0,0.0
301.2457575576098,3.0,0.0
301.2475883345029,2.0,0.0
301.24973344088744,3.0,0.0
301.25274085290476,2.0,0.0
301.27900108858785,1.0,0.0
301.2827293387404,2.0,0.0
301.28537233816223,1.0,0.0
301.3046330646191,0.0,0.0
301.30504011913274,1.0,0.0
301.3141660974758,0.0,0.0
301.32027950787074,1.0,0.0
301.3275110366926,2.0,0.0
301.3321874178302,1.0,0.0
301.3458813160371,2.0,0.0
301.34934513074154,1.0,0.0
301.35121345298296,0.0,0.0
301.4023624042334,1.0,0.0
301.40971130005386,2.0,0.0
301.43716622596776,1.0,0.0
301.4612568076018,0.0,0.0
301.4658430902326,1.0,0.0
301.4667059455106,2.0,0.0
301.47172209072863,3.0,0.0
301.48443825403257,2.0,0.0
301.48615307989337,1.0,0.0
301.49349070550034,2.0,0.0
301.49818814346526,3.0,0.0
301.50258224427387,2.0,0.0
301.50877991913615,3.0,0.0
301.50962860840616,2.0,0.0
301.5120450766127,3.0,0.0
301.5175015067877,2.0,0.0
301.5185184902129,3.0,0.0
301.52605988208774,4.0,0.0
301.5314440604783,3.0,0.0
301.5333918675938,4.0,0.0
301.5610412103549,3.0,0.0
301.56129636378563,2.0,0.0
301.56666389760335,3.0,0.0
301.5676122688195,4.0,0.0
301.5742548601042,5.0,0.0
301.57663433335637,4.0,0.0
301.60070850242846,5.0,0.0
301.6126472261177,4.0,0.0
301.61361097910367,5.0,0.0
301.6176681432559,6.0,0.0
301.6185625851174,7.0,0.0
301.6396725630937,6.0,0.0
301.6405797534748,5.0,0.0
301.6495394710689,6.0,0.0
301.65441792994983,7.0,0.0
301.66039020575687,6.0,0.0
301.6637207373416,5.0,0.0
301.6646470637682,4.0,0.0
301.6711529201004,3.0,0.0
301.67738885241477,4.0,0.0
301.6842661044534,3.0,0.0
301.6859248654856,4.0,0.0
301.7143245342326,5.0,0.0
301.7157004544286,6.0,0.0
301.7159190593747,5.0,0.0
301.72892979305055,4.0,0.0
301.7621428707862,5.0,0.0
301.7625029548806,6.0,0.0
301.76504580748554,7.0,0.0
301.7754592969645,8.0,0.0
301.7779174497225,7.0,0.0
301.78339240804536,8.0,0.0
301.81508778313025,9.0,0.0
301.8264453316121,8.0,0.0
301.826669207034,9.0,0.0
301.82881475620303,8.0,0.0
301.8290743898622,7.0,0.0
301.82931774132936,6.0,0.0
301.83475029553676,7.0,0.0
301.8401735085734,8.0,0.0
301.8407151778695,7.0,0.0
301.8407803676712,8.0,0.0
301.84114338821905,7.0,0.0
301.8421444961559,8.0,0.0
301.8469044404236,7.0,0.0
301.8512507034641,8.0,0.0
301.85978078639715,7.0,0.0
301.87132238913716,8.0,0.0
301.87777093156325,7.0,0.0
301.8789397910381,8.0,0.0
301.8816136372928,7.0,0.0
301.886109443907,8.0,0.0
301.88640367087737,9.0,0.0
301.89150315424956,8.0,0.0
301.9042135567453,9.0,0.0
301.9177298087521,10.0,0.0
301.9298002081607,9.0,0.0
301.944144868342,8.0,0.0
301.9566327008786,7.0,0.0
301.96188070227544,6.0,0.0
301.9621638799386,7.0,0.0
301.9695455920118,8.0,0.0
301.9715733104995,7.0,0.0
301.9738128974636,8.0,0.0
301.9761190928475,9.0,0.0
301.9885925355618,8.0,0.0
301.99591813842306,7.0,0.0
301.99661138807653,8.0,0.0
302.0048057807568,9.0,0.0
302.00483619213037,8.0,0.0
302.00594454026293,7.0,0.0
302.0101126726853,8.0,0.0
302.0122614848594,9.0,0.0
302.0186959555663,8.0,0.0
302.0259221039497,9.0,0.0
302.0263511141303,8.0,0.0
302.0345700367955,7.0,0.0
302.0376100887071,8.0,0.0
302.0529170019029,7.0,0.0
302.068153502182,6.0,0.0
302.08507361943765,5.0,0.0
302.0871982802498,4.0,0.0
302.08827222046915,3.0,0.0
302.0935984596417,2.0,0.0
302.09435095037634,1.0,0.0
302.097544752754,2.0,0.0
302.1007694374602,3.0,0.0
302.1011206212814,2.0,0.0
302.10120398581876,3.0,0.0
302.1015505314694,2.0,0.0
302.1122003240488,3.0,0.0
302.1135266623009,4.0,0.0
302.1140664821691,3.0,0.0
302.12164069904645,2.0,0.0
302.12340260200864,1.0,0.0
302.12498448791564,0.0,0.0
302.16778883476263,1.0,0.0
302.169506085217,2.0,0.0
302.18887461519216,3.0,0.0
302.19033168412204,4.0,0.0
302.2073213243065,5.0,0.0
302.221300480836,4.0,0.0
302.23039473917464,5.0,0.0
302.2454298912169,6.0,0.0
302.2454989647253,7.0,0.0
302.2474169187428,6.0,0.0
302.2492917576966,7.0,0.0
302.25060461922874,8.0,0.0
302.2532384332993,7.0,0.0
302.2538544742656,6.0,0.0
302.26425727563054,7.0,0.0
302.2738730000126,6.0,0.0
302.2741519898455,7.0,0.0
302.28840559569494,8.0,0.0
302.2994310688453,7.0,0.0
302.303609903529,6.0,0.0
302.3261671314472,5.0,0.0
302.3320433538502,4.0,0.0
302.33671339146,5.0,0.0
302.35175294765185,6.0,0.0
302.3548701557158,7.0,0.0
302.3693089868205,8.0,0.0
302.3747508350826,7.0,0.0
302.3751591362242,8.0,0.0
302.37531377903144,9.0,0.0
302.3804481902775,10.0,0.0
302.3847640591855,11.0,0.0
302.38845558823,12.0,0.0
302.38881638884425,11.0,0.0
302.3955394941886,12.0,0.0
302.3956123065871,13.0,0.0
302.39909957770504,14.0,0.0
302.411254321891,15.0,0.0
302.41203022073927,16.0,0.0
302.41320051078816,15.0,0.0
302.4179043970394,16.0,0.0
302.4263590071167,15.0,0.0
302.4314757800262,16.0,0.0
302.43747899216896,17.0,0.0
302.4386916105069,16.0,0.0
302.4401043435504,17.0,0.0
302.44470990769673,16.0,0.0
302.45374072367946,17.0,0.0
302.45672409552475,16.0,0.0
302.4587452591844,15.0,0.0
302.45935743229114,14.0,0.0
302.46346430380385,15.0,0.0
302.4656828467129,16.0,0.0
302.46608774950516,15.0,0.0
302.46728319305925,14.0,0.0
302.4722891436211,15.0,0.0
302.4779331774999,14.0,0.0
302.47857020799916,15.0,0.0
302.4785853134808,16.0,0.0
302.4933648227588,15.0,0.0
302.49894110496916,14.0,0.0
302.5001915431572,13.0,0.0
302.50545744893174,14.0,0.0
302.5139491384003,15.0,0.0
302.5146075769456,16.0,0.0
302.5149429548098,15.0,0.0
302.52096784614866,16.0,0.0
302.53154316635073,15.0,0.0
302.54646602476726,16.0,0.0
302.5491487496848,17.0,0.0
302.54935907733807,16.0,0.0
302.5499272760546,15.0,0.0
302.55074634910454,16.0,0.0
302.5608115852128,17.0,0.0
302.5668141536671,16.0,0.0
302.5690891595402,17.0,0.0
302.5781848636098,18.0,0.0
302.5811845711171,19.0,0.0
302.6193842957331,18.0,0.0
302.62875486275124,17.0,0.0
302.64317442719687,16.0,0.0
302.6517808221672,17.0,0.0
302.6613236008415,18.0,0.0
302.6630109015025,19.0,0.0
302.66917855779496,18.0,0.0
302.67193593911185,17.0,0.0
302.67212276941456,16.0,0.0
302.6747059079618,15.0,0.0
302.67511235639364,16.0,0.0
302.6952879127788,17.0,0.0
302.70152023947213,18.0,0.0
302.7015213178419,17.0,0.0
302.70298610662235,16.0,0.0
302.7074026683985,17.0,0.0
302.7079213013102,16.0,0.0
302.711791136241,15.0,0.0
302.71681487881483,16.0,0.0
302.7314989976695,15.0,0.0
302.7517410186797,16.0,0.0
302.75455946533964,15.0,0.0
302.7561186650152,16.0,0.0
302.7569760013333,17.0,0.0
302.75772850204726,16.0,0.0
302.75853256342316,17.0,0.0
302.76651759785057,16.0,0.0
302.7667203145036,17.0,0.0
302.76695282443086,18.0,0.0
302.7693291689965,19.0,0.0
302.7738015576872,18.0,0.0
302.77597384712544,19.0,0.0
302.78195003063286,18.0,0.0
302.78649743789464,17.0,0.0
302.7882059551991,16.0,0.0
302.79009855855656,17.0,0.0
302.7913670029663,18.0,0.0
302.7984528973758,17.0,0.0
302.8001968912456,16.0,0.0
302.80496003769287,17.0,0.0
302.8056070674878,16.0,0.0
302.8077453924079,17.0,0.0
302.8080714513179,16.0,0.0
302.8204153570378,17.0,0.0
302.82308419974373,18.0,0.0
302.8308763923789,17.0,0.0
302.8311356175227,16.0,0.0
302.83548120930084,17.0,0.0
302.83712402780304,16.0,0.0
302.842199536227,17.0,0.0
302.85208136929856,16.0,0.0
302.858227643279,15.0,0.0
302.8604688609133,14.0,0.0
302.8620738829296,15.0,0.0
302.8649961977259,14.0,0.0
302.87274715702705,13.0,0.0
302.8770556395419,12.0,0.0
302.8808101765884,13.0,0.0
302.88866197098855,14.0,0.0
302.89296418864933,13.0,0.0
302.89767068613344,12.0,0.0
302.90220698493397,11.0,0.0
302.907067637667,10.0,0.0
302.9310333556815,9.0,0.0
302.9327808144958,8.0,0.0
302.9496151485678,9.0,0.0
302.96657285995946,8.0,0.0
302.9792839691412,7.0,0.0
302.98365596513344,8.0,0.0
302.9879331995225,7.0,0.0
302.9925045521039,8.0,0.0
302.99617576570006,9.0,0.0
303.0022795218312,8.0,0.0
303.0090193555623,9.0,0.0
303.0116163956101,10.0,0.0
303.01163700386644,11.0,0.0
303.01383249036786,12.0,0.0
303.0144651691667,11.0,0.0
303.0236318043614,12.0,0.0
303.0257649437436,13.0,0.0
303.0340134410054,14.0,0.0
303.0427395980735,15.0,0.0
303.0506749812571,14.0,0.0
303.0828987228955,13.0,0.0
303.08988193637686,14.0,0.0
303.1084546769941,15.0,0.0
303.120339513117,16.0,0.0
303.1382876551141,17.0,0.0
303.1494839848863,16.0,0.0
303.152193813353,17.0,0.0
303.15240690816427,18.0,0.0
303.1642466607008,19.0,0.0
303.1782877126069,20.0,0.0
303.1885312496192,21.0,0.0
303.18952778839747,20.0,0.0
303.1899475966727,21.0,0.0
303.1908500648377,20.0,0.0
303.19458598135225,19.0,0.0
303.1958681392575,18.0,0.0
303.1981371572869,17.0,0.0
303.1989400483132,18.0,0.0
303.2011385474033,19.0,0.0
303.2040689624062,20.0,0.0
303.2126323487459,21.0,0.0
303.225735659936,22.0,0.0
303.22642024379013,21.0,0.0
303.23281409845634,20.0,0.0
303.2334729632127,19.0,0.0
303.2392731269099,18.0,0.0
303.2521752378192,19.0,0.0
303.2593739237397,18.0,0.0
303.26475490339885,19.0,0.0
303.28084021825117,20.0,0.0
303.2865600023763,21.0,0.0
303.2964394816089,22.0,0.0
303.3068896646935,21.0,0.0
303.30995031578277,20.0,0.0
303.31098391361104,19.0,0.0
303.3135782086177,20.0,0.0
303.317461096565,21.0,0.0
303.32004077989575,22.0,0.0
303.3240358903027,23.0,0.0
303.32537885750736,24.0,0.0
303.3316009967069,23.0,0.0
303.33777253666443,24.0,0.0
303.3440318418828,23.0,0.0
303.3545417784281,24.0,0.0
303.36378655953905,25.0,0.0
303.3771226152303,24.0,0.0
303.3806928980836,25.0,0.0
303.38272939060175,26.0,0.0
303.3911935394823,27.0,0.0
303.4037126917724,28.0,0.0
303.40450951231855,29.0,0.0
303.40810689597583,28.0,0.0
303.4094374475194,29.0,0.0
303.41568062088186,30.0,0.0
303.4198261451967,31.0,0.0
303.4227787252365,32.0,0.0
303.4286455302609,31.0,0.0
303.43757417863884,32.0,0.0
303.4406457931929,33.0,0.0
303.44665385412014,34.0,0.0
303.4511350858987,33.0,0.0
303.4582610226815,32.0,0.0
303.4611011241834,33.0,0.0
303.46553544942697,34.0,0.0
303.469588993751,33.0,0.0
303.4780220706398,34.0,0.0
303.4834834813994,33.0,0.0
303.4836772506486,34.0,0.0
303.4849587237978,33.0,0.0
303.4862404965912,34.0,0.0
303.49004782082665,35.0,0.0
303.50487905757626,36.0,0.0
303.50525697694854,37.0,0.0
303.5056894448754,36.0,0.0
303.50811486505484,35.0,0.0
303.51430619264886,34.0,0.0
303.51693860011204,33.0,0.0
303.5242976632136,34.0,0.0
303.538693150261,35.0,0.0
303.5415298889783,36.0,0.0
303.55962462044926,35.0,0.0
303.56510711227145,34.0,0.0
303.5663691660044,33.0,0.0
303.57020283192026,32.0,0.0
303.5756048080612,31.0,0.0
303.58850891730697,32.0,0.0
303.5950354618512,33.0,0.0
303.6114019719476,32.0,0.0
303.6121635915972,31.0,0.0
303.6139552350601,32.0,0.0
303.6183663829352,33.0,0.0
303.6189285865189,32.0,0.0
303.6200640859031,33.0,0.0
303.62187853955646,34.0,0.0
303.6248227350106,35.0,0.0
303.63270983006277,34.0,0.0
303.6415815501557,35.0,0.0
303.6465273367372,34.0,0.0
303.64907936244805,33.0,0.0
303.64939388973534,34.0,0.0
303.66018876679374,35.0,0.0
303.66111701778374,36.0,0.0
303.66883582578123,37.0,0.0
303.6716849299175,36.0,0.0
303.6739146395108,37.0,0.0
303.6780593527477,36.0,0.0
303.6819067998038,37.0,0.0
303.6898806127891,38.0,0.0
303.7089720695019,37.0,0.0
303.711351377419,36.0,0.0
303.7187640905033,37.0,0.0
303.724373896668,38.0,0.0
303.7303692385983,37.0,0.0
303.7307127158007,38.0,0.0
303.7416948670765,37.0,0.0
303.74263226658405,36.0,0.0
303.74557843350226,37.0,0.0
303.7513686203355,36.0,0.0
303.75523866190815,35.0,0.0
303.7620846389795,36.0,0.0
303.7699494223234,35.0,0.0
303.77945563500606,36.0,0.0
303.7864071405281,37.0,0.0
303.79269900204446,38.0,0.0
303.79418730911925,37.0,0.0
303.79598286952233,38.0,0.0
303.80293281376856,39.0,0.0
303.80443133139687,38.0,0.0
303.80936476772735,37.0,0.0
303.81514149493825,38.0,0.0
303.817650117662,37.0,0.0
303.8183899900303,38.0,0.0
303.81879724193146,37.0,0.0
303.8200393830335,36.0,0.0
303.8220165809732,37.0,0.0
303.83399331435544,38.0,0.0
303.84434294078864,39.0,0.0
303.849067966684,40.0,0.0
303.8551820558311,41.0,0.0
303.86276395596894,40.0,0.0
303.8756974189665,39.0,0.0
303.8862768196599,38.0,0.0
303.8885908521731,37.0,0.0
303.8895021541329,38.0,0.0
303.9009282644027,37.0,0.0
303.90330962342387,36.0,0.0
303.90588655578966,37.0,0.0
303.9070332075756,36.0,0.0
303.90847639181453,37.0,0.0
303.91990484007795,38.0,0.0
303.9205187445046,39.0,0.0
303.92145274364003,38.0,0.0
303.92252569156545,39.0,0.0
303.9281488995672,40.0,0.0
303.9290760389705,39.0,0.0
303.95659071965486,38.0,0.0
303.95745153697885,39.0,0.0
303.9651619356923,40.0,0.0
303.97445104084466,41.0,0.0
303.9745994583126,40.0,0.0
303.9766665079,41.0,0.0
303.9821647710878,42.0,0.0
303.98773654390743,43.0,0.0
303.9910190348778,42.0,0.0
303.9936717155133,41.0,0.0
303.99526419724464,42.0,0.0
303.99539558203713,41.0,0.0
303.9963036737902,42.0,0.0
303.99734121135504,43.0,0.0
304.00614740625525,42.0,0.0
304.01393573624205,43.0,0.0
304.01982220088206,42.0,0.0
304.01991891969425,43.0,0.0
304.0383026883679,42.0,0.0
304.04142734076845,43.0,0.0
304.04620563906695,44.0,0.0
304.05469554840874,45.0,0.0
304.05711263267466,44.0,0.0
304.0599731912899,45.0,0.0
304.06118280173337,46.0,0.0
304.0656185099387,45.0,0.0
304.07027788132353,46.0,0.0
304.07852370656855,47.0,0.0
304.07978576349115,48.0,0.0
304.08045001152476,49.0,0.0
304.08373447026844,48.0,0.0
304.0901030767592,47.0,0.0
304.0971325064773,46.0,0.0
304.1040951334558,47.0,0.0
304.1082166524863,48.0,0.0
304.11413175413526,47.0,0.0
304.1142982541762,46.0,0.0
304.114629475025,45.0,0.0
304.11841028418485,46.0,0.0
304.1210376691147,45.0,0.0
304.12160701446925,46.0,0.0
304.1282143618357,47.0,0.0
304.13544856780385,48.0,0.0
304.1354635273678,47.0,0.0
304.13889515475626,48.0,0.0
304.1408650681866,49.0,0.0
304.14507974191446,50.0,0.0
304.14788551225416,51.0,0.0
304.1479444363073,52.0,0.0
304.1491599929508,51.0,0.0
304.1505834531111,50.0,0.0
304.1510573494779,49.0,0.0
304.1513944171689,50.0,0.0
304.1622743988756,49.0,0.0
304.1662721945083,50.0,0.0
304.17041509165995,49.0,0.0
304.1711443566114,50.0,0.0
304.18131801403325,51.0,0.0
304.18319841057246,50.0,0.0
304.1850972200729,49.0,0.0
304.186180682359,48.0,0.0
304.18816453117495,49.0,0.0
304.19379039034374,50.0,0.0
304.19809921363293,49.0,0.0
304.1994869393898,48.0,0.0
304.2084221326243,49.0,0.0
304.2107107088311,48.0,0.0
304.21276892575975,49.0,0.0
304.2181725764187,48.0,0.0
304.22692650744284,49.0,0.0
304.22780070534515,48.0,0.0
304.2303248625506,49.0,0.0
304.23930300173976,50.0,0.0
304.2395529567733,51.0,0.0
304.2405189096282,52.0,0.0
304.24207899505546,51.0,0.0
304.2479525505004,50.0,0.0
304.2555919492065,51.0,0.0
304.2620346823223,52.0,0.0
304.2641039533077,53.0,0.0
304.26692661876586,54.0,0.0
304.27267759767415,53.0,0.0
304.27337814077816,52.0,0.0
304.2880459726873,53.0,0.0
304.2882039589607,54.0,0.0
304.2929366632752,53.0,0.0
304.30011678390673,54.0,0.0
304.3095705591491,53.0,0.0
304.3119862842985,52.0,0.0
304.33291239956446,51.0,0.0
304.3381001278906,50.0,0.0
304.34136692618154,51.0,0.0
304.35197474403054,50.0,0.0
304.358612555538,51.0,0.0
304.3608504455139,50.0,0.0
304.3660886733654,49.0,0.0
304.36824357838555,50.0,0.0
304.3764739115898,51.0,0.0
304.378198236335,52.0,0.0
304.37836725997147,51.0,0.0
304.3800074482217,52.0,0.0
304.38018323761787,53.0,0.0
304.380390271367,54.0,0.0
304.3833288533356,55.0,0.0
304.38398101120725,56.0,0.0
304.3861803663424,57.0,0.0
304.3878695347509,56.0,0.0
304.3947918711378,55.0,0.0
304.3956086467549,56.0,0.0
304.39710154571003,55.0,0.0
304.4020024346449,56.0,0.0
304.4038227844581,55.0,0.0
304.4051807264714,54.0,0.0
304.40661138079514,53.0,0.0
304.41057481948445,52.0,0.0
304.4107748872727,53.0,0.0
304.41346283645225,52.0,0.0
304.4135512624342,51.0,0.0
304.42408307863127,50.0,0.0
304.4242110489349,51.0,0.0
304.42754870890485,52.0,0.0
304.43786691682556,53.0,0.0
304.44259111727735,54.0,0.0
304.44648473712317,53.0,0.0
304.44939715961743,54.0,0.0
304.4511308705005,55.0,0.0
304.4666061061853,56.0,0.0
304.4807935463946,57.0,0.0
304.48145817299,58.0,0.0
304.48395303721526,59.0,0.0
304.4850822754593,58.0,0.0
304.489206901893,59.0,0.0
304.490940761703,60.0,0.0
304.4946985390578,61.0,0.0
304.4991461401785,60.0,0.0
304.5030401501569,61.0,0.0
304.50691342735865,60.0,0.0
304.50877665167394,61.0,0.0
304.5134001403718,62.0,0.0
304.51900128098686,63.0,0.0
304.5193730426911,64.0,0.0
304.5329286545394,65.0,0.0
304.53385728366715,66.0,0.0
304.53538880434445,67.0,0.0
304.54353842440406,66.0,0.0
304.5519845423144,67.0,0.0
304.55501331049453,66.0,0.0
304.5593194486667,67.0,0.0
304.5613440327453,68.0,0.0
304.56201199498156,69.0,0.0
304.56263781171225,70.0,0.0
304.56394357049385,71.0,0.0
304.56594478037,72.0,0.0
304.57999439427556,71.0,0.0
304.583958016043,70.0,0.0
304.592364191347,69.0,0.0
304.60890488283195,70.0,0.0
304.6138373206512,71.0,0.0
304.6211357012786,70.0,0.0
304.6212493318896,71.0,0.0
304.6212951902756,72.0,0.0
304.628778918658,73.0,0.0
304.6385235696621,74.0,0.0
304.6556616486352,75.0,0.0
304.6688262870482,76.0,0.0
304.6736693127987,75.0,0.0
304.67633894526256,74.0,0.0
304.67749502307674,75.0,0.0
304.68948290660967,74.0,0.0
304.6908667654659,73.0,0.0
304.6934253756458,74.0,0.0
304.69942508086416,73.0,0.0
304.7108519060574,74.0,0.0
304.7216135006612,73.0,0.0
304.7355718653952,72.0,0.0
304.74315758592564,73.0,0.0
304.7507127683202,74.0,0.0
304.7580760728172,75.0,0.0
304.7650512976714,74.0,0.0
304.7695822567024,75.0,0.0
304.7718870529508,74.0,0.0
304.77407950359475,73.0,0.0
304.77664700270606,74.0,0.0
304.786402599529,73.0,0.0
304.7976615246939,74.0,0.0
304.81899384527526,73.0,0.0
304.8207232809795,74.0,0.0
304.8464610407762,75.0,0.0
304.84743316000777,76.0,0.0
304.8497905127739,77.0,0.0
304.8511099295856,78.0,0.0
304.85326725278316,77.0,0.0
304.86456220995854,78.0,0.0
304.877569502846,77.0,0.0
304.8777037958194,78.0,0.0
304.87994086163,77.0,0.0
304.88044095604863,76.0,0.0
304.884274760557,77.0,0.0
304.884832847936,78.0,0.0
304.88518071419105,79.0,0.0
304.90166595975376,80.0,0.0
304.9061998147746,81.0,0.0
304.9162956126838,82.0,0.0
304.9256226424268,81.0,0.0
304.9293780657071,80.0,0.0
304.93689612351704,79.0,0.0
304.9396654504786,78.0,0.0
304.96031419356257,79.0,0.0
304.96728342641745,78.0,0.0
304.9867786465977,79.0,0.0
304.9884489814454,80.0,0.0
304.9943538584712,79.0,0.0
305.0002660815157,80.0,0.0
305.0017911151828,79.0,0.0
305.0067132711741,80.0,0.0
305.0124096065239,79.0,0.0
305.02769104086053,80.0,0.0
305.0296265490451,79.0,0.0
305.0325562814838,80.0,0.0
305.03861704783316,79.0,0.0
305.0439496578421,80.0,0.0
305.0451136118372,81.0,0.0
305.051078776031,82.0,0.0
305.0583914538051,81.0,0.0
305.0655597760303,82.0,0.0
305.0731362467113,83.0,0.0
305.07786881952177,84.0,0.0
305.08475727861065,83.0,0.0
305.08856177469556,84.0,0.0
305.0906095073085,85.0,0.0
305.0949199920357,86.0,0.0
305.09755875033915,87.0,0.0
305.0976291059069,86.0,0.0
305.10490967481024,87.0,0.0
305.1065491289788,88.0,0.0
305.10988678100745,89.0,0.0
305.1105286057375,90.0,0.0
305.1111339067267,89.0,0.0
305.113448224782,90.0,0.0
305.11616256266916,89.0,0.0
305.11822029601655,90.0,0.0
305.12345083427346,91.0,0.0
305.12388937879507,92.0,0.0
305.12758034181064,91.0,0.0
305.136957777641,90.0,0.0
305.13732394470316,89.0,0.0
305.13924445723643,90.0,0.0
305.1436507571121,89.0,0.0
305.14513049005075,90.0,0.0
305.1518163684559,89.0,0.0
305.1533730034747,88.0,0.0
305.1604184705879,87.0,0.0
305.1799653101307,86.0,0.0
305.18072259611176,87.0,0.0
305.189521319142,88.0,0.0
305.19443810493283,89.0,0.0
305.2026951532651,88.0,0.0
305.2042351256875,87.0,0.0
305.2047919210341,88.0,0.0
305.20584637572523,89.0,0.0
305.21080947170293,90.0,0.0
305.2110974464784,89.0,0.0
305.2117182429857,88.0,0.0
305.21490383740627,89.0,0.0
305.217540783543,88.0,0.0
305.22595968625944,87.0,0.0
305.23216457997285,88.0,0.0
305.23393327669777,89.0,0.0
305.2376896043739,88.0,0.0
305.26373190124906,87.0,0.0
305.2646914321264,86.0,0.0
305.26581587909675,87.0,0.0
305.2678974913425,86.0,0.0
305.2799019885237,85.0,0.0
305.2941047542524,86.0,0.0
305.294183563062,87.0,0.0
305.30031343977026,86.0,0.0
305.3022794652889,87.0,0.0
305.3070534965238,88.0,0.0
305.32275743621346,89.0,0.0
305.3240039071292,90.0,0.0
305.32467639272016,89.0,0.0
305.3264852805961,90.0,0.0
305.3276125795665,91.0,0.0
305.33713451607076,92.0,0.0
305.3414618531053,93.0,0.0
305.3494827153866,92.0,0.0
305.35093959330476,91.0,0.0
305.3654740542615,90.0,0.0
305.36748843146773,91.0,0.0
305.3682180132731,90.0,0.0
305.36955942218293,91.0,0.0
305.37236979958516,92.0,0.0
305.37531110827837,93.0,0.0
305.37824347346196,92.0,0.0
305.3784902990543,93.0,0.0
305.37873881772174,92.0,0.0
305.38383737296147,91.0,0.0
305.3861002771686,92.0,0.0
305.4043089355708,93.0,0.0
305.40626322854763,92.0,0.0
305.4062829560767,91.0,0.0
305.4201445803794,92.0,0.0
305.42776027645016,91.0,0.0
305.4323016693236,92.0,0.0
305.44696049950875,91.0,0.0
305.45043893315903,90.0,0.0
305.4608624266109,91.0,0.0
305.4877164682276,92.0,0.0
305.49122619333906,91.0,0.0
305.49638504330153,92.0,0.0
305.49647024507567,93.0,0.0
305.5027790661826,92.0,0.0
305.508470367864,93.0,0.0
305.51832097298103,92.0,0.0
305.5208055226833,93.0,0.0
305.5208592890433,92.0,0.0
305.52625015451076,93.0,0.0
305.52648450937716,94.0,0.0
305.52968703845033,95.0,0.0
305.53378212076734,96.0,0.0
305.5367413022032,97.0,0.0
305.5399085317132,98.0,0.0
305.54092672904244,97.0,0.0
305.5457637741235,98.0,0.0
305.5473137275205,97.0,0.0
305.54926859303674,96.0,0.0
305.55286584141936,97.0,0.0
305.5532545957286,96.0,0.0
305.56465709957024,95.0,0.0
305.5708675313472,96.0,0.0
305.57215242748333,95.0,0.0
305.5731382029144,94.0,0.0
305.5741490323218,95.0,0.0
305.5766731690851,96.0,0.0
305.59294791463435,97.0,0.0
305.59655153898996,98.0,0.0
305.59742908585935,99.0,0.0
305.598840816682,98.0,0.0
305.6041284371854,99.0,0.0
305.6056076239226,98.0,0.0
305.6063599366108,97.0,0.0
305.60805963048574,98.0,0.0
305.6185653289132,99.0,0.0
305.6211907580284,98.0,0.0
305.62138866136087,97.0,0.0
305.62218595300027,96.0,0.0
305.6227776359888,95.0,0.0
305.62871506237116,96.0,0.0
305.6292808304057,95.0,0.0
305.6298073853231,96.0,0.0
305.64182610016957,97.0,0.0
305.6472088064389,98.0,0.0
305.64890946582875,97.0,0.0
305.6591087135026,98.0,0.0
305.6616630418338,97.0,0.0
305.66272428173374,96.0,0.0
305.667252699026,97.0,0.0
305.6707929550793,98.0,0.0
305.67798152327447,99.0,0.0
305.67923692199156,100.0,0.0
305.6903583093263,101.0,0.0
305.69796725962175,102.0,0.0
305.6983984520641,103.0,0.0
305.7060917400643,104.0,0.0
305.73001826853306,105.0,0.0
305.7320277006641,104.0,0.0
305.73543180935644,105.0,0.0
305.73721111636246,104.0,0.0
305.7380678192963,103.0,0.0
305.73988251656823,102.0,0.0
305.73994570753644,101.0,0.0
305.74357902983064,100.0,0.0
305.746287814612,101.0,0.0
305.74934494467226,100.0,0.0
305.7500976915362,99.0,0.0
305.7503379855198,100.0,0.0
305.75451189784485,99.0,0.0
305.76445061271664,98.0,0.0
305.7670372955858,97.0,0.0
305.7675205834412,98.0,0.0
305.78012158004105,97.0,0.0
305.7804036876381,96.0,0.0
305.78380620942346,95.0,0.0
305.7846426175177,94.0,0.0
305.78621086176673,93.0,0.0
305.7987380910977,94.0,0.0
305.8026880496739,95.0,0.0
305.8028489080601,94.0,0.0
305.80370140217417,95.0,0.0
305.81628287740773,94.0,0.0
305.81856584986497,95.0,0.0
305.821420730333,96.0,0.0
305.8235594147422,95.0,0.0
305.8356568536641,96.0,0.0
305.8433030540124,97.0,0.0
305.85533052757603,96.0,0.0
305.855897256234,97.0,0.0
305.8639023400993,98.0,0.0
305.8660155132689,99.0,0.0
305.86845132301414,100.0,0.0
305.8739705204253,101.0,0.0
305.8799113299868,102.0,0.0
305.88208020857235,103.0,0.0
305.88461542497066,102.0,0.0
305.8894580318577,101.0,0.0
305.9040590386515,102.0,0.0
305.908242678187,103.0,0.0
305.9172987223836,102.0,0.0
305.9271790659999,103.0,0.0
305.932896152403,102.0,0.0
305.93356119538475,101.0,0.0
305.9432616352742,100.0,0.0
305.956125479126,101.0,0.0
305.9576825618594,102.0,0.0
305.9635221389595,103.0,0.0
305.97892670958146,104.0,0.0
305.9836750622869,105.0,0.0
305.9905311007042,104.0,0.0
305.9984525122689,103.0,0.0
306.0058948395886,104.0,0.0
306.01514445040624,103.0,0.0
306.0158796953083,104.0,0.0
306.01825470494975,103.0,0.0
306.0372022036979,102.0,0.0
306.04349595262784,103.0,0.0
306.04633428096275,102.0,0.0
306.0467372063293,101.0,0.0
306.0508141984847,100.0,0.0
306.05123194100963,99.0,0.0
306.0596521067157,100.0,0.0
306.075176311859,101.0,0.0
306.0762523245879,102.0,0.0
306.0786724296247,101.0,0.0
306.0832137875102,100.0,0.0
306.1064489333964,101.0,0.0
306.1089898370104,100.0,0.0
306.11329218841996,99.0,0.0
306.11456711234626,98.0,0.0
306.1160251216267,99.0,0.0
306.1205943747624,100.0,0.0
306.1212006549421,99.0,0.0
306.1220878322922,98.0,0.0
306.1243914627573,99.0,0.0
306.1244038744215,100.0,0.0
306.1288259121981,101.0,0.0
306.1293980427715,102.0,0.0
306.14956647301625,101.0,0.0
306.1535103052016,100.0,0.0
306.15761925493393,101.0,0.0
306.17767868317577,100.0,0.0
306.1783859697398,99.0,0.0
306.1792485000741,98.0,0.0
306.1943311630979,97.0,0.0
306.1956483843073,98.0,0.0
306.19729468914284,99.0,0.0
306.2067758724355,98.0,0.0
306.209198810715,97.0,0.0
306.2098691403574,96.0,0.0
306.20999316716035,95.0,0.0
306.2111433422851,96.0,0.0
306.2199791436934,95.0,0.0
306.23377525369114,94.0,0.0
306.23958388040654,95.0,0.0
306.2430682023646,96.0,0.0
306.2480559188081,97.0,0.0
306.2484195750637,98.0,0.0
306.2520289188323,97.0,0.0
306.25447636211135,98.0,0.0
306.26450943436936,99.0,0.0
306.2693275812417,98.0,0.0
306.2726170056064,97.0,0.0
306.27331674866576,98.0,0.0
306.2733467209662,97.0,0.0
306.2759372919335,98.0,0.0
306.28178095455473,99.0,0.0
306.28741903539265,98.0,0.0
306.28757531085677,97.0,0.0
306.2895166738463,98.0,0.0
306.3042287784826,99.0,0.0
306.30507489880966,98.0,0.0
306.31631567202066,97.0,0.0
306.3202696008045,98.0,0.0
306.3204732578207,97.0,0.0
306.3226365906071,98.0,0.0
306.3235093969721,99.0,0.0
306.3279768000928,98.0,0.0
306.3298571708141,99.0,0.0
306.33666732099726,98.0,0.0
306.3468595456294,97.0,0.0
306.35064995823365,96.0,0.0
306.35173003052194,97.0,0.0
306.352038208733,98.0,0.0
306.3591301166506,99.0,0.0
306.36935337117905,100.0,0.0
306.3776959466015,99.0,0.0
306.3819394358239,100.0,0.0
306.3827428082947,101.0,0.0
306.3878567044543,102.0,0.0
306.3914830120667,101.0,0.0
306.40528447462293,102.0,0.0
306.41427778234316,103.0,0.0
306.41634313508393,102.0,0.0
306.42918262707377,101.0,0.0
306.4296081604003,102.0,0.0
306.4370892182463,101.0,0.0
306.43916124482604,102.0,0.0
306.4472946790644,101.0,0.0
306.4484693661072,102.0,0.0
306.4557915376061,103.0,0.0
306.46688032805764,102.0,0.0
306.4681437922267,103.0,0.0
306.46946935620616,104.0,0.0
306.4962471622986,105.0,0.0
306.4977156209712,106.0,0.0
306.49844940369485,107.0,0.0
306.50131036446214,108.0,0.0
306.5028283290783,107.0,0.0
306.50329658714867,106.0,0.0
306.5141837787132,105.0,0.0
306.52140156370933,104.0,0.0
306.52443045055844,105.0,0.0
306.5284872175469,106.0,0.0
306.53863388824334,107.0,0.0
306.5398634095779,108.0,0.0
306.5399720046479,107.0,0.0
306.54730348913216,108.0,0.0
306.5511130841121,107.0,0.0
306.5563824817763,108.0,0.0
306.5622112410178,107.0,0.0
306.5686838231454,108.0,0.0
306.57272921173137,107.0,0.0
306.5805280551488,108.0,0.0
306.59701615081633,107.0,0.0
306.59854019849973,108.0,0.0
306.60147182467506,107.0,0.0
306.6129882309081,108.0,0.0
306.61516049337393,107.0,0.0
306.6202615327563,106.0,0.0
306.6220051709694,107.0,0.0
306.62912869074023,106.0,0.0
306.63690044395685,107.0,0.0
306.6417875007984,108.0,0.0
306.6417946734994,109.0,0.0
306.65153171005477,108.0,0.0
306.6534149302563,109.0,0.0
306.65367796623707,108.0,0.0
306.656978128479,107.0,0.0
306.6661750049471,108.0,0.0
306.67081030427016,107.0,0.0
306.67106005446743,106.0,0.0
306.6725660586309,105.0,0.0
306.6774819297997,104.0,0.0
306.68344087752575,103.0,0.0
306.6855738371999,104.0,0.0
306.7066041541387,103.0,0.0
306.7077791829463,102.0,0.0
306.7115628423081,101.0,0.0
306.7162189653138,100.0,0.0
306.7194807673011,99.0,0.0
306.7270115800757,100.0,0.0
306.7303689174464,101.0,0.0
306.73156863444854,102.0,0.0
306.7422943534599,101.0,0.0
306.7484357159291,102.0,0.0
306.7495619616298,101.0,0.0
306.75122269971246,102.0,0.0
306.75213054567377,103.0,0.0
306.7558961889671,102.0,0.0
306.7572169012229,101.0,0.0
306.7591337270996,102.0,0.0
306.7618272004069,101.0,0.0
306.77440145578345,100.0,0.0
306.77928891431395,101.0,0.0
306.78625839264174,100.0,0.0
306.78887714837674,99.0,0.0
306.79283045654387,100.0,0.0
306.794473519922,99.0,0.0
306.8100126596765,100.0,0.0
306.8173987170966,99.0,0.0
306.8195341871057,98.0,0.0
306.82260309780327,97.0,0.0
306.83231100203375,96.0,0.0
306.8449365375652,97.0,0.0
306.84600731329795,98.0,0.0
306.84657226988907,99.0,0.0
306.850197749911,98.0,0.0
306.85748844390577,99.0,0.0
306.8577615137199,100.0,0.0
306.8650419661711,99.0,0.0
306.86566177686115,98.0,0.0
306.86707159742133,97.0,0.0
306.8694347787907,98.0,0.0
306.8698276506674,97.0,0.0
306.882399604909,96.0,0.0
306.89574598695543,95.0,0.0
306.89835881337734,94.0,0.0
306.9013179812,93.0,0.0
306.9023547107289,92.0,0.0
306.9111114722211,93.0,0.0
306.92910974867743,92.0,0.0
306.9321970667061,91.0,0.0
306.94882821769716,92.0,0.0
306.95431972441827,93.0,0.0
306.95938832652666,92.0,0.0
306.96403910281,91.0,0.0
306.97769291635257,92.0,0.0
306.9841702411677,93.0,0.0
306.9893682473275,92.0,0.0
307.0028475357756,93.0,0.0
307.0079077429202,92.0,0.0
307.0090004765255,91.0,0.0
307.00904663975405,90.0,0.0
307.01367848055753,89.0,0.0
307.01770879377693,88.0,0.0
307.03870418684755,89.0,0.0
307.04178381114644,90.0,0.0
307.044596936411,89.0,0.0
307.0535769637111,88.0,0.0
307.06118024480605,87.0,0.0
307.0768368924895,88.0,0.0
307.0768971514109,89.0,0.0
307.0777307009803,90.0,0.0
307.0779151262792,89.0,0.0
307.0820657064956,88.0,0.0
307.08300248735054,87.0,0.0
307.0919842003877,86.0,0.0
307.0924031037846,85.0,0.0
307.09639839077283,86.0,0.0
307.0994981629125,87.0,0.0
307.1133000228284,88.0,0.0
307.1224025361198,87.0,0.0
307.12665385500844,86.0,0.0
307.1284002014662,87.0,0.0
307.13700987625737,86.0,0.0
307.14733240024725,87.0,0.0
307.14802492156934,88.0,0.0
307.1711722932715,87.0,0.0
307.17516632366335,86.0,0.0
307.1966200674283,87.0,0.0
307.2069573558071,86.0,0.0
307.2071137280252,85.0,0.0
307.2122455668331,84.0,0.0
307.2137567145368,83.0,0.0
307.21392786699465,84.0,0.0
307.2141262107215,83.0,0.0
307.2169946818894,84.0,0.0
307.24351559693673,85.0,0.0
307.25866640779077,84.0,0.0
307.2591503560471,83.0,0.0
307.26642716102634,84.0,0.0
307.2736816580981,85.0,0.0
307.2756391796252,86.0,0.0
307.27987255479997,85.0,0.0
307.2832966049325,84.0,0.0
307.2889687687864,85.0,0.0
307.2927474021932,86.0,0.0
307.2967448556319,85.0,0.0
307.2969359691818,84.0,0.0
307.29831327946215,85.0,0.0
307.3011190868861,84.0,0.0
307.30604073314134,83.0,0.0
307.30797437771184,84.0,0.0
307.30838020645524,83.0,0.0
307.3172773518851,84.0,0.0
307.32091576710303,85.0,0.0
307.33040189642054,84.0,0.0
307.34967161511673,83.0,0.0
307.35132932777395,82.0,0.0
307.36024157422617,83.0,0.0
307.3657201244089,84.0,0.0
307.3679061931348,85.0,0.0
307.36826533963733,86.0,0.0
307.389613058,85.0,0.0
307.3941144928994,84.0,0.0
307.3957719912411,83.0,0.0
307.4050313338806,84.0,0.0
307.4096721170914,85.0,0.0
307.4103014027144,86.0,0.0
307.4113788748458,87.0,0.0
307.41570506474164,88.0,0.0
307.42059214592746,87.0,0.0
307.42702111407976,86.0,0.0
307.43164370111066,87.0,0.0
307.44845864090905,86.0,0.0
307.4488724954908,85.0,0.0
307.4661134559707,84.0,0.0
307.4817642600698,85.0,0.0
307.487565728587,86.0,0.0
307.487636071721,85.0,0.0
307.4905072774212,84.0,0.0
307.49704749564853,83.0,0.0
307.500005707473,84.0,0.0
307.5098804433641,83.0,0.0
307.51066224297,84.0,0.0
307.5124363788101,83.0,0.0
307.5195695525158,82.0,0.0
307.5202826613862,83.0,0.0
307.52065305064843,82.0,0.0
307.5219254181699,81.0,0.0
307.53282645995733,82.0,0.0
307.5352011946376,83.0,0.0
307.5498941310744,84.0,0.0
307.55858307944845,83.0,0.0
307.56231692469504,82.0,0.0
307.5775084946751,81.0,0.0
307.5776153141111,80.0,0.0
307.57837406102067,81.0,0.0
307.58613962308846,82.0,0.0
307.6053474845746,81.0,0.0
307.61561952574147,80.0,0.0
307.63183118124687,81.0,0.0
307.6604826388461,80.0,0.0
307.6627012508773,81.0,0.0
307.66787987792816,80.0,0.0
307.6689605230413,81.0,0.0
307.6730539606631,80.0,0.0
307.67400114886624,79.0,0.0
307.6820429218494,78.0,0.0
307.6847549653508,77.0,0.0
307.6936930222915,76.0,0.0
307.69899214453517,77.0,0.0
307.7101473262925,78.0,0.0
307.71966059631455,79.0,0.0
307.7263762581866,80.0,0.0
307.75301638793076,81.0,0.0
307.75728422070864,82.0,0.0
307.7596029831285,83.0,0.0
307.7726866833847,82.0,0.0
307.774501788547,83.0,0.0
307.7971221508498,84.0,0.0
307.8004550508457,83.0,0.0
307.80210925596646,84.0,0.0
307.80371073392865,83.0,0.0
307.8120691798913,84.0,0.0
307.81522945640296,85.0,0.0
307.8476973004996,84.0,0.0
307.84927848383114,85.0,0.0
307.8569957044566,84.0,0.0
307.85718604527557,85.0,0.0
307.8574893446094,84.0,0.0
307.8629797636763,83.0,0.0
307.86887175349824,82.0,0.0
307.87322887580325,81.0,0.0
307.88716778316433,82.0,0.0
307.8941635901525,81.0,0.0
307.9082020140427,80.0,0.0
307.91275639404876,81.0,0.0
307.91451801461716,80.0,0.0
307.9240724626317,79.0,0.0
307.93414160299346,78.0,0.0
307.9445420765121,79.0,0.0
307.9540913501566,80.0,0.0
307.9626395131663,81.0,0.0
307.96281271037606,80.0,0.0
307.96314325740104,81.0,0.0
307.9668435579327,82.0,0.0
307.97598456334794,83.0,0.0
307.99192447193616,84.0,0.0
307.99427628006816,85.0,0.0
307.9988595799824,84.0,0.0
307.99978333336963,85.0,0.0
308.00292304192385,84.0,0.0
308.00317075652873,85.0,0.0
308.0069174797484,84.0,0.0
308.0070048849332,83.0,0.0
308.0081718210681,84.0,0.0
308.00877355147475,85.0,0.0
308.0159438287109,84.0,0.0
308.01954079703614,83.0,0.0
308.02422453303825,82.0,0.0
308.02904662202786,83.0,0.0
308.029448938234,82.0,0.0
308.0301581778291,81.0,0.0
308.0362900791029,82.0,0.0
308.04264267123716,83.0,0.0
308.05582711100084,82.0,0.0
308.0593582137193,83.0,0.0
308.0604835393005,82.0,0.0
308.06111796939416,81.0,0.0
308.1120543189462,80.0,0.0
308.11996601073884,79.0,0.0
308.1448288258295,78.0,0.0
308.14849431536663,79.0,0.0
308.15950743128985,78.0,0.0
308.1625002502721,77.0,0.0
308.1660476328886,78.0,0.0
308.1669700565269,79.0,0.0
308.16749355604077,80.0,0.0
308.16882633081667,79.0,0.0
308.185567596708,78.0,0.0
308.2069141539007,77.0,0.0
308.2151822403576,78.0,0.0
308.2171793242694,79.0,0.0
308.2180360735776,80.0,0.0
308.2184933207249,81.0,0.0
308.2187506798116,82.0,0.0
308.22169504950125,81.0,0.0
308.22242795507594,82.0,0.0
308.22814579577897,81.0,0.0
308.2291260656071,82.0,0.0
308.2299070836996,83.0,0.0
308.23997545634387,84.0,0.0
308.24278023108013,85.0,0.0
308.245787433443,86.0,0.0
308.2501322823365,85.0,0.0
308.2522972410212,84.0,0.0
308.25855070088164,83.0,0.0
308.2695425007267,82.0,0.0
308.2697997431715,81.0,0.0
308.2713411181604,82.0,0.0
308.2826120674745,81.0,0.0
308.2836335515206,82.0,0.0
308.2863891482404,81.0,0.0
308.31600990600606,82.0,0.0
308.3172466163168,83.0,0.0
308.3199542893043,82.0,0.0
308.3354846239704,81.0,0.0
308.33862094702204,80.0,0.0
308.34421017921795,81.0,0.0
308.3542528744214,82.0,0.0
308.35755255732687,83.0,0.0
308.37582603411835,82.0,0.0
308.38668113920386,81.0,0.0
308.38779134189036,82.0,0.0
308.3931404064065,83.0,0.0
308.3989240088538,84.0,0.0
308.3993384767204,85.0,0.0
308.3997057710792,86.0,0.0
308.4007931951102,87.0,0.0
308.4030377346953,86.0,0.0
308.40317923944514,85.0,0.0
308.4153893570257,84.0,0.0
308.41747760789684,83.0,0.0
308.42524278392386,82.0,0.0
308.43479928853645,83.0,0.0
308.4403663363123,82.0,0.0
308.4452365876581,81.0,0.0
308.4454413077543,80.0,0.0
308.45065947284104,81.0,0.0
308.4521612458166,82.0,0.0
308.4581576697913,83.0,0.0
308.4614623021714,84.0,0.0
308.4665507975636,83.0,0.0
308.4670898410073,82.0,0.0
308.4753576466224,81.0,0.0
308.47932653628766,82.0,0.0
308.479445893321,83.0,0.0
308.4809608083566,82.0,0.0
308.48667347669,81.0,0.0
308.4876082418076,80.0,0.0
308.49028515816786,79.0,0.0
308.4994894483011,80.0,0.0
308.5105131518357,81.0,0.0
308.5193846328904,82.0,0.0
308.5215067996289,81.0,0.0
308.5229183084157,80.0,0.0
308.5257961640587,79.0,0.0
308.52785190850375,80.0,0.0
308.53746744758195,79.0,0.0
308.5426715038082,80.0,0.0
308.5440334233435,81.0,0.0
308.55105697467144,80.0,0.0
308.5691996138655,79.0,0.0
308.5704041714132,78.0,0.0
308.5795412919978,79.0,0.0
308.5848796731803,78.0,0.0
308.59190325541607,77.0,0.0
308.59281170222096,76.0,0.0
308.6143700399968,75.0,0.0
308.6145904494579,74.0,0.0
308.61628244208947,73.0,0.0
308.61854002798935,72.0,0.0
308.62328874061063,71.0,0.0
308.62333508008646,70.0,0.0
308.62625544986787,71.0,0.0
308.62977057075557,72.0,0.0
308.63209681651836,71.0,0.0
308.6419673666487,70.0,0.0
308.6484024819416,71.0,0.0
308.6490539008047,70.0,0.0
308.6492201467616,69.0,0.0
308.677551119965,70.0,0.0
308.6813544243983,69.0,0.0
308.6840000211906,68.0,0.0
308.70006329412666,69.0,0.0
308.7094569405261,70.0,0.0
308.71034256698056,69.0,0.0
308.71520028873147,68.0,0.0
308.73031865230325,69.0,0.0
308.73208588978696,68.0,0.0
308.7455841855185,69.0,0.0
308.75054104794356,70.0,0.0
308.75451114157636,69.0,0.0
308.755736741527,70.0,0.0
308.76390615271777,69.0,0.0
308.7646655783036,70.0,0.0
308.76507411584583,69.0,0.0
308.76911288725614,70.0,0.0
308.77314945695264,71.0,0.0
308.7797281157124,70.0,0.0
308.7846442103294,69.0,0.0
308.7897232081844,68.0,0.0
308.793161776069,67.0,0.0
308.8160138257519,66.0,0.0
308.8383167259881,65.0,0.0
308.8393590954164,66.0,0.0
308.8440516318005,65.0,0.0
308.84648403245876,66.0,0.0
308.84678812238644,67.0,0.0
308.84796251923734,66.0,0.0
308.8497259045868,67.0,0.0
308.85672687951154,68.0,0.0
308.86064458345146,67.0,0.0
308.86738814842477,66.0,0.0
308.8747169358816,65.0,0.0
308.87583094491185,66.0,0.0
308.88124173879874,67.0,0.0
308.8846358942455,66.0,0.0
308.8871733493596,65.0,0.0
308.88773312710697,64.0,0.0
308.8883238747607,65.0,0.0
308.8971213925317,66.0,0.0
308.8994935682164,65.0,0.0
308.90957900756484,66.0,0.0
308.9120621134216,67.0,0.0
308.91269429205585,68.0,0.0
308.91630997170523,69.0,0.0
308.9183320059597,68.0,0.0
308.9204522419911,69.0,0.0
308.92531018004564,70.0,0.0
308.9341932547026,69.0,0.0
308.9787287701549,70.0,0.0
308.995555289787,71.0,0.0
309.0219550487269,70.0,0.0
309.02406329666337,69.0,0.0
309.0309530665248,70.0,0.0
309.034351890511,71.0,0.0
309.04852982913184,72.0,0.0
309.06254723428304,73.0,0.0
309.0663820999156,72.0,0.0
309.0713129172921,73.0,0.0
309.0736823513494,72.0,0.0
309.07977147581033,73.0,0.0
309.08281439414156,74.0,0.0
309.08837545367436,73.0,0.0
309.0904692273394,72.0,0.0
309.1182244448336,71.0,0.0
309.11934504851695,72.0,0.0
309.12214932323656,73.0,0.0
309.1328649180529,72.0,0.0
309.16056400207555,73.0,0.0
309.1628434014076,72.0,0.0
309.16720475882147,73.0,0.0
309.1779766234938,74.0,0.0
309.1817255701744,75.0,0.0
309.1864763419126,76.0,0.0
309.1929576130666,77.0,0.0
309.2006828509816,76.0,0.0
309.2120846838121,75.0,0.0
309.2346211082446,76.0,0.0
309.2384234681318,77.0,0.0
309.25139136850476,78.0,0.0
309.2667599709882,79.0,0.0
309.2672717863128,80.0,0.0
309.27082289817776,81.0,0.0
309.2711430832168,80.0,0.0
309.27315864947025,79.0,0.0
309.27756571347885,80.0,0.0
309.28084312278406,79.0,0.0
309.294128559688,80.0,0.0
309.29513288212974,81.0,0.0
309.30326608425105,80.0,0.0
309.30406232851976,79.0,0.0
309.30865626698505,78.0,0.0
309.3111674702272,77.0,0.0
309.32821075442615,78.0,0.0
309.331650319958,77.0,0.0
309.3370082849416,78.0,0.0
309.33708728322506,77.0,0.0
309.3386838218458,78.0,0.0
309.3405631355518,77.0,0.0
309.34675737946316,78.0,0.0
309.34939058835226,79.0,0.0
309.35109075057153,78.0,0.0
309.35321534879523,77.0,0.0
309.35896651042935,78.0,0.0
309.3598289055632,77.0,0.0
309.36367839585625,76.0,0.0
309.3665663915445,75.0,0.0
309.37102586649866,74.0,0.0
309.3712237090094,75.0,0.0
309.3843275103083,76.0,0.0
309.38481412486766,75.0,0.0
309.3855312744532,76.0,0.0
309.38884937655814,75.0,0.0
309.4124002903403,74.0,0.0
309.42438993602406,73.0,0.0
309.42813466054577,74.0,0.0
309.42954551877153,73.0,0.0
309.43551821009913,72.0,0.0
309.43692767931157,73.0,0.0
309.44588693449765,74.0,0.0
309.4613095594092,73.0,0.0
309.46695422138515,72.0,0.0
309.46965207558793,73.0,0.0
309.4747727906863,74.0,0.0
309.4780602475145,75.0,0.0
309.4853629632975,74.0,0.0
309.49346666237204,75.0,0.0
309.4953536015365,76.0,0.0
309.49594742442,75.0,0.0
309.5031294602132,74.0,0.0
309.5061729069678,73.0,0.0
309.51652715002604,72.0,0.0
309.51761545611504,71.0,0.0
309.52187688404405,70.0,0.0
309.52450074472864,69.0,0.0
309.5262627245713,68.0,0.0
309.5285392764907,67.0,0.0
309.54743331391916,68.0,0.0
309.55639471352094,67.0,0.0
309.5620710789059,68.0,0.0
309.5621410997214,67.0,0.0
309.5683359966263,66.0,0.0
309.59425547018435,65.0,0.0
309.59940433390585,64.0,0.0
309.6020435633974,65.0,0.0
309.60581081048633,66.0,0.0
309.61085050126985,67.0,0.0
309.6116697889516,68.0,0.0
309.61483737691754,67.0,0.0
309.6192941105348,66.0,0.0
309.6201578935552,65.0,0.0
309.63666149085776,64.0,0.0
309.65886714728975,65.0,0.0
309.66073524397615,66.0,0.0
309.6641915884898,65.0,0.0
309.6692087283675,66.0,0.0
309.67040977743665,67.0,0.0
309.6959620865098,66.0,0.0
309.69964147881285,65.0,0.0
309.7066553275681,66.0,0.0
309.71191727991044,65.0,0.0
309.7210972750691,64.0,0.0
309.72542638951853,65.0,0.0
309.730178009476,66.0,0.0
309.7357631584049,67.0,0.0
309.74039388250935,66.0,0.0
309.7495559122302,67.0,0.0
309.75113083314056,68.0,0.0
309.7530332890569,67.0,0.0
309.7542926427674,66.0,0.0
309.76730030336483,67.0,0.0
309.77523966098386,66.0,0.0
309.77926032921664,67.0,0.0
309.78371161825794,66.0,0.0
309.79263096346443,65.0,0.0
309.7992576717142,64.0,0.0
309.82484432214744,65.0,0.0
309.8280933982145,64.0,0.0
309.831045472975,63.0,0.0
309.8346093762546,62.0,0.0
309.8352688109095,61.0,0.0
309.83541483645934,62.0,0.0
309.8385889929348,63.0,0.0
309.84199222174436,64.0,0.0
309.84374221644737,63.0,0.0
309.8470680956034,64.0,0.0
309.8573917287058,65.0,0.0
309.8581916693579,64.0,0.0
309.86128994895876,63.0,0.0
309.8688006216976,62.0,0.0
309.8740392167506,63.0,0.0
309.88302600919076,62.0,0.0
309.8851299616932,63.0,0.0
309.88573878540774,62.0,0.0
309.91506768005854,63.0,0.0
309.9183514958539,64.0,0.0
309.92165182288954,63.0,0.0
309.926825580252,62.0,0.0
309.92922620864005,61.0,0.0
309.93267045497095,60.0,0.0
309.93332069206986,61.0,0.0
309.9379848148014,60.0,0.0
309.9449175171384,61.0,0.0
309.9499946092187,62.0,0.0
309.95435228227615,61.0,0.0
309.96866198497395,60.0,0.0
309.9797020671871,59.0,0.0
309.9804469162694,60.0,0.0
309.98932753323265,59.0,0.0
309.99418581222244,60.0,0.0
309.99689116448053,59.0,0.0
310.0007753945704,58.0,0.0
310.0028694771088,59.0,0.0
310.01350926614117,60.0,0.0
310.019642057436,61.0,0.0
310.0273285412722,62.0,0.0
310.0296863433072,61.0,0.0
310.04408729943447,60.0,0.0
310.04513575114663,61.0,0.0
310.0485439554199,62.0,0.0
310.0527944910958,61.0,0.0
310.05293645592053,60.0,0.0
310.0565835304625,59.0,0.0
310.0580345295278,58.0,0.0
310.0611204446976,59.0,0.0
310.06316550972764,60.0,0.0
310.0648885712592,61.0,0.0
310.08293735885866,60.0,0.0
310.08299507733096,61.0,0.0
310.0915989475097,62.0,0.0
310.1130097067545,61.0,0.0
310.1209254400322,60.0,0.0
310.12437243181006,59.0,0.0
310.1286308349504,58.0,0.0
310.1577372883193,57.0,0.0
310.1690370366857,56.0,0.0
310.16961508969155,55.0,0.0
310.1715261202347,56.0,0.0
310.17803041564827,55.0,0.0
310.18409168528217,56.0,0.0
310.1916062117679,55.0,0.0
310.2207526422769,54.0,0.0
310.22881484339325,53.0,0.0
310.23692543008195,54.0,0.0
310.24324410792326,55.0,0.0
310.2484763488811,54.0,0.0
310.2538404583101,53.0,0.0
310.2567555599859,52.0,0.0
310.2618164377442,51.0,0.0
310.26902185548,50.0,0.0
310.2697673121882,49.0,0.0
310.2698215776648,48.0,0.0
310.28687226655387,49.0,0.0
310.2873700933184,50.0,0.0
310.3029965217269,49.0,0.0
310.3121263962704,50.0,0.0
310.31303821347814,51.0,0.0
310.3158269394415,50.0,0.0
310.32495327798597,49.0,0.0
310.3267591661496,50.0,0.0
310.33132761851084,49.0,0.0
310.35405568489864,48.0,0.0
310.35604424993386,49.0,0.0
310.36008962898933,48.0,0.0
310.3722174415209,47.0,0.0
310.386651969222,48.0,0.0
310.3873458305357,47.0,0.0
310.3947743208002,46.0,0.0
310.39510507351315,45.0,0.0
310.3980171700238,44.0,0.0
310.4024657704364,43.0,0.0
310.4189317126551,42.0,0.0
310.42279853958917,43.0,0.0
310.43413326713846,44.0,0.0
310.43457742930434,45.0,0.0
310.4458558500138,44.0,0.0
310.4465252050969,45.0,0.0
310.4475678268696,44.0,0.0
310.45625712108136,45.0,0.0
310.4580568446769,46.0,0.0
310.4722680471717,45.0,0.0
310.47844584442817,44.0,0.0
310.4883779269655,43.0,0.0
310.4945996780853,44.0,0.0
310.5072552377365,45.0,0.0
310.51812480898354,44.0,0.0
310.5211957810918,43.0,0.0
310.5272492403734,44.0,0.0
310.55100072615176,43.0,0.0
310.5716601841363,42.0,0.0
310.5737684554393,41.0,0.0
310.57447770268385,42.0,0.0
310.5766656562048,41.0,0.0
310.5803052672123,42.0,0.0
310.5808201103172,43.0,0.0
310.58982237181937,42.0,0.0
310.59521183398647,41.0,0.0
310.60939451949434,40.0,0.0
310.61511392172804,39.0,0.0
310.6203792505392,38.0,0.0
310.6219895292679,37.0,0.0
310.64614871516784,38.0,0.0
310.65827080154565,39.0,0.0
310.6585019317734,38.0,0.0
310.6657275001641,39.0,0.0
310.66579037791007,38.0,0.0
310.690719042627,37.0,0.0
310.6939405686738,36.0,0.0
310.69752065960023,37.0,0.0
310.6983123352764,36.0,0.0
310.6999863041088,35.0,0.0
310.71976792581876,34.0,0.0
310.7210941878691,35.0,0.0
310.7232535450228,36.0,0.0
310.73375440583817,35.0,0.0
310.73800981602216,34.0,0.0
310.7456529827544,35.0,0.0
310.76395933582427,34.0,0.0
310.7643144294792,33.0,0.0
310.76884082966086,32.0,0.0
310.77276698305656,33.0,0.0
310.773588209451,34.0,0.0
310.791051457083,35.0,0.0
310.79256927479156,36.0,0.0
310.7983749111986,35.0,0.0
310.7999971324205,36.0,0.0
310.8007947419152,35.0,0.0
310.8087652720734,34.0,0.0
310.81048791287867,35.0,0.0
310.82459637967855,34.0,0.0
310.83561616467705,33.0,0.0
310.8370086257749,32.0,0.0
310.8410976302036,31.0,0.0
310.84145991686836,32.0,0.0
310.88089920964507,31.0,0.0
310.88407261523633,30.0,0.0
310.8929712470385,29.0,0.0
310.9030751520498,30.0,0.0
310.91172284471924,29.0,0.0
310.91986203347767,28.0,0.0
310.9204481531994,29.0,0.0
310.9407139060773,28.0,0.0
310.94302347424986,27.0,0.0
310.97385756980543,26.0,0.0
310.98424258520396,25.0,0.0
310.98480930599277,24.0,0.0
310.9914130747861,23.0,0.0
310.99587947564487,22.0,0.0
310.9961763075399,21.0,0.0
311.0012706807037,20.0,0.0
311.0033890879816,19.0,0.0
311.0057406569307,18.0,0.0
311.03582319907537,17.0,0.0
311.048359396138,18.0,0.0
311.04891052006667,19.0,0.0
311.0637240785337,20.0,0.0
311.0658492397885,19.0,0.0
311.0772285618766,20.0,0.0
311.07907196763404,19.0,0.0
311.0800908916592,18.0,0.0
311.09528459234565,19.0,0.0
311.0999040988832,18.0,0.0
311.1102138911738,17.0,0.0
311.1215104954708,18.0,0.0
311.13241827710937,19.0,0.0
311.14889508188725,18.0,0.0
311.1519440824466,17.0,0.0
311.16004782892765,16.0,0.0
311.16179087564933,17.0,0.0
311.16764318715957,18.0,0.0
311.19627449568867,17.0,0.0
311.1988722634641,16.0,0.0
311.2039123138856,15.0,0.0
311.2073231633575,14.0,0.0
311.2102978797838,15.0,0.0
311.2144867539046,14.0,0.0
311.2480355322743,13.0,0.0
311.2591372871064,14.0,0.0
311.270649505933,13.0,0.0
311.2733484159207,12.0,0.0
311.2873580478426,13.0,0.0
311.2910925876339,14.0,0.0
311.2924259190045,15.0,0.0
311.2929426542395,14.0,0.0
311.2975575165712,13.0,0.0
311.30236102732596,14.0,0.0
311.32812020905385,15.0,0.0
311.34095866830603,14.0,0.0
311.34192896873907,13.0,0.0
311.3492175733038,12.0,0.0
311.37655628066483,13.0,0.0
311.38055584995584,12.0,0.0
311.39940314853266,13.0,0.0
311.4017184973177,12.0,0.0
311.40751494811127,11.0,0.0
311.4193384209501,10.0,0.0
311.42127672646455,9.0,0.0
311.42247996179253,10.0,0.0
311.4226471343722,9.0,0.0
311.43118654232137,10.0,0.0
311.4388213494108,9.0,0.0
311.447639310528,10.0,0.0
311.448312988971,9.0,0.0
311.47261533054996,8.0,0.0
311.473224394975,7.0,0.0
311.4913389602543,8.0,0.0
311.5124899392033,7.0,0.0
311.52603734718565,8.0,0.0
311.53295650812777,9.0,0.0
311.5633030641272,8.0,0.0
311.58201479931444,9.0,0.0
311.5838191685117,8.0,0.0
311.58583779928904,7.0,0.0
311.59442517064605,6.0,0.0
311.59783074436,5.0,0.0
311.60398239869454,6.0,0.0
311.60549203041415,5.0,0.0
311.6270193525278,4.0,0.0
311.64783589917516,5.0,0.0
311.6578140607386,4.0,0.0
311.66957002117516,3.0,0.0
311.6836852994374,2.0,0.0
311.68427744316455,3.0,0.0
311.6939784052843,2.0,0.0
311.7198749325483,1.0,0.0
311.7217043238085,2.0,0.0
311.73110705652334,1.0,0.0
311.73418326538706,0.0,0.0
311.82632575729417,1.0,0.0
311.83563347879954,2.0,0.0
311.8808639539365,3.0,0.0
311.90283013757846,2.0,0.0
311.91189064815194,3.0,0.0
311.9343956150965,2.0,0.0
311.93850519044423,3.0,0.0
311.95714200344815,2.0,0.0
311.9724640425421,1.0,0.0
311.9777314030704,0.0,0.0
312.0145817873096,1.0,0.0
312.0324547745395,0.0,0.0
312.0350167015851,1.0,0.0
312.0392617012127,0.0,0.0
312.045939940565,1.0,0.0
312.0620823163805,0.0,0.0
312.12884195389324,1.0,0.0
312.1401414560661,0.0,0.0
312.15432059845966,1.0,0.0
312.1977327104756,0.0,0.0
312.2159924573607,1.0,0.0
312.22322114035904,0.0,0.0
312.25182973858745,1.0,0.0
312.2673437891458,2.0,0.0
312.2683342788213,1.0,0.0
312.27015696138875,2.0,0.0
312.2711155488009,3.0,0.0
312.27953249390316,2.0,0.0
312.2803846273633,1.0,0.0
312.2825957580934,2.0,0.0
312.2959697843105,1.0,0.0
312.29760286912165,0.0,0.0
312.34024909184444,1.0,0.0
312.3456205554894,0.0,0.0
312.3796396347309,1.0,0.0
312.41458049774315,0.0,0.0
312.4378747470587,1.0,0.0
312.4472757169418,0.0,0.0
312.45472460599876,1.0,0.0
312.4589258653963,2.0,0.0
312.5043147300096,3.0,0.0
312.50631264543415,2.0,0.0
312.5202073213832,1.0,0.0
312.5208027202492,2.0,0.0
312.5227519328703,1.0,0.0
312.52706172234065,0.0,0.0
312.61161546172855,1.0,0.0
312.6170057943788,2.0,0.0
312.61850105496944,1.0,0.0
312.6346757923858,0.0,0.0
312.66568730230983,1.0,0.0
312.7157038229399,2.0,0.0
312.71889758896964,1.0,0.0
312.73167208314516,2.0,0.0
312.7323126541659,1.0,0.0
312.75563583779314,0.0,0.0
312.77328406136945,1.0,0.0
312.77520279222614,2.0,0.0
312.79141013961305,1.0,0.0
312.7964681301399,0.0,0.0
312.83186599816867,1.0,0.0
312.87811855272406,0.0,0.0
313.0312067092476,1.0,0.0
313.03883398813514,2.0,0.0
313.04054095188945,1.0,0.0
313.05900056887054,2.0,0.0
313.1056468747189,1.0,0.0
313.121732484103,0.0,0.0
313.2051719617471,1.0,0.0
313.20754231601546,0.0,0.0
313.27914707910264,1.0,0.0
313.3160577316907,0.0,0.0
313.3214016752985,1.0,0.0
313.33710548800235,0.0,0.0
313.3461786122985,1.0,0.0
313.36086832608413,0.0,0.0
313.42205151469085,1.0,0.0
313.4389985895138,0.0,0.0
313.50322276472355,1.0,0.0
313.5130948563609,2.0,0.0
313.542095759128,3.0,0.0
313.54617459680463,2.0,0.0
313.5482405570883,1.0,0.0
313.5677954647971,0.0,0.0
313.5905265228336,1.0,0.0
313.592469195023,2.0,0.0
313.6127864135376,1.0,0.0
313.6221721164244,0.0,0.0
313.6330719786063,1.0,0.0
313.6422774437921,0.0,0.0
313.66854195765285,1.0,0.0
313.6708175684432,2.0,0.0
313.67230022587825,3.0,0.0
313.69878738035294,2.0,0.0
313.71508384280605,1.0,0.0
313.71900888434834,2.0,0.0
313.72271316490634,3.0,0.0
313.7240441529701,2.0,0.0
313.7274079171872,1.0,0.0
313.74952613521043,0.0,0.0
313.7545239155553,1.0,0.0
313.80447222129106,0.0,0.0
313.83143978570047,1.0,0.0
313.8358249049288,0.0,0.0
313.8437730421374,1.0,0.0
313.8888447811661,0.0,0.0
313.8947829115202,1.0,0.0
313.94204422120157,0.0,0.0
313.96091534403445,1.0,0.0
313.96983293763384,2.0,0.0
313.98577120990836,3.0,0.0
314.00747926694464,2.0,0.0
314.03598764518216,1.0,0.0
314.03792798706746,2.0,0.0
314.0520835332692,1.0,0.0
314.0703198402757,0.0,0.0
314.20413711211154,1.0,0.0
314.21280823680394,0.0,0.0
314.2533059486712,1.0,0.0
314.2653681493674,2.0,0.0
314.276548802537,1.0,0.0
314.2875623179116,0.0,0.0
314.2995705779212,1.0,0.0
314.3267346412984,0.0,0.0
314.40252562002223,1.0,0.0
314.4070470518379,0.0,0.0
314.41588657514205,1.0,0.0
314.4241126589851,2.0,0.0
314.44280140875816,1.0,0.0
314.47098459257506,0.0,0.0
314.47134817141614,1.0,0.0
314.48518857106217,2.0,0.0
314.4877422697787,1.0,0.0
314.4991931085546,0.0,0.0
314.5185403679992,1.0,0.0
314.5244155429865,0.0,0.0
314.54473518209306,1.0,0.0
314.5491927773152,2.0,0.0
314.56565125233305,1.0,0.0
314.5803449451791,0.0,0.0
314.5990537081775,1.0,0.0
314.60686708531506,0.0,0.0
314.6177397736013,1.0,0.0
314.62846786399473,2.0,0.0
314.64006342460016,1.0,0.0
314.6417384447709,2.0,0.0
314.65708330420404,3.0,0.0
314.66491878964325,2.0,0.0
314.6774958725792,3.0,0.0
314.68775460269063,2.0,0.0
314.68831419254775,1.0,0.0
314.69205570322185,0.0,0.0
314.70453157770936,1.0,0.0
314.722060194508,2.0,0.0
314.7275432484725,1.0,0.0
314.7276815771353,0.0,0.0
314.7480647593244,1.0,0.0
314.7582880224629,2.0,0.0
314.7840462305467,1.0,0.0
314.7888196245733,0.0,0.0
314.8121947988302,1.0,0.0
314.81815280545885,2.0,0.0
314.8379474231468,3.0,0.0
314.8384332180672,2.0,0.0
314.85406867852765,1.0,0.0
314.8556533347888,2.0,0.0
314.86012075483274,1.0,0.0
314.8648612881823,2.0,0.0
314.8697463313228,3.0,0.0
314.8828026812749,4.0,0.0
314.8932710445847,3.0,0.0
314.93070250229516,2.0,0.0
314.93515235847104,1.0,0.0
314.9850356537144,0.0,0.0
314.9872063007051,1.0,0.0
314.99532566799564,0.0,0.0
315.0019436401757,1.0,0.0
315.01153785139445,2.0,0.0
315.0247131652518,3.0,0.0
315.0295882813022,2.0,0.0
315.0376073919959,3.0,0.0
315.0429083663878,2.0,0.0
315.04505654971103,3.0,0.0
315.0497005967905,2.0,0.0
315.06008333480474,1.0,0.0
315.06639765824104,2.0,0.0
315.0751954959112,1.0,0.0
315.0926749252772,2.0,0.0
315.103371144221,3.0,0.0
315.1079305240289,2.0,0.0
315.1384981048757,1.0,0.0
315.1617906132034,0.0,0.0
315.2435664761234,1.0,0.0
315.24405702148533,0.0,0.0
315.245372322129,1.0,0.0
315.27968978980505,2.0,0.0
315.28633607314646,3.0,0.0
315.2914791356637,2.0,0.0
315.2988140584935,3.0,0.0
315.3059093202124,2.0,0.0
315.3066353065254,1.0,0.0
315.3254199248517,2.0,0.0
315.33043563741234,1.0,0.0
315.33325490912154,2.0,0.0
315.3458659307682,1.0,0.0
315.34673960221215,0.0,0.0
315.3596493088974,1.0,0.0
315.37026171700177,2.0,0.0
315.37252078381437,1.0,0.0
315.3829658033564,0.0,0.0
315.38642366472544,1.0,0.0
315.38833607868895,0.0,0.0
315.4105072689915,1.0,0.0
315.4162949807473,0.0,0.0
315.41923785939315,1.0,0.0
315.4207498948139,2.0,0.0
315.4447478620568,1.0,0.0
315.46624570221,2.0,0.0
315.4699936910201,3.0,0.0
315.4751274578947,2.0,0.0
315.48319255384195,3.0,0.0
315.4872991492821,2.0,0.0
315.49400744722277,1.0,0.0
315.4995697718087,0.0,0.0
315.52100970304224,1.0,0.0
315.5373650792917,0.0,0.0
315.537770617179,1.0,0.0
315.54433268231594,2.0,0.0
315.5573656633819,3.0,0.0
315.5584106890918,4.0,0.0
315.5705548247278,5.0,0.0
315.5772454807663,6.0,0.0
315.61506290897546,5.0,0.0
315.6184007650343,4.0,0.0
315.62745554621273,3.0,0.0
315.62985124329975,4.0,0.0
315.66335066067035,5.0,0.0
315.6696805135616,6.0,0.0
315.6887644077193,5.0,0.0
315.69263726260056,6.0,0.0
315.693917728218,7.0,0.0
315.7057340489157,8.0,0.0
315.72095986314673,9.0,0.0
315.72417906306066,8.0,0.0
315.72527202022957,7.0,0.0
315.7255670339501,8.0,0.0
315.72628598118376,7.0,0.0
315.7331488409372,8.0,0.0
315.74489767139653,7.0,0.0
315.7537194343858,6.0,0.0
315.75408110497085,7.0,0.0
315.75990975101814,8.0,0.0
315.7621985026091,7.0,0.0
315.7674756025514,6.0,0.0
315.77218242893036,7.0,0.0
315.77277428479067,6.0,0.0
315.7759351294389,5.0,0.0
315.8160497617938,6.0,0.0
315.8226039310681,5.0,0.0
315.8289656982913,4.0,0.0
315.838659283989,5.0,0.0
315.8750692919401,4.0,0.0
315.8792444856244,3.0,0.0
315.8841671242675,4.0,0.0
315.88823841366013,5.0,0.0
315.89238932834,6.0,0.0
315.89608827680865,7.0,0.0
315.9065811987988,6.0,0.0
315.92430132970344,7.0,0.0
315.92590208419705,8.0,0.0
315.9328255727591,9.0,0.0
315.9363889293556,8.0,0.0
315.944336363473,9.0,0.0
315.95126613434417,10.0,0.0
315.95191416890015,11.0,0.0
315.9520684381,10.0,0.0
315.95844906699466,9.0,0.0
315.9877930417869,10.0,0.0
315.98816620426254,9.0,0.0
315.9921027169431,10.0,0.0
316.0071252172745,11.0,0.0
316.0241617760084,10.0,0.0
316.0287093486,11.0,0.0
316.03315172319276,12.0,0.0
316.03641864309304,11.0,0.0
316.043813486496,10.0,0.0
316.05551915609124,9.0,0.0
316.0606678897695,8.0,0.0
316.06554223272525,9.0,0.0
316.0830458406544,8.0,0.0
316.08763166200333,7.0,0.0
316.0883098627787,6.0,0.0
316.0898896693454,7.0,0.0
316.10347485229687,6.0,0.0
316.10399683921986,5.0,0.0
316.13841222344985,6.0,0.0
316.14071678829,7.0,0.0
316.1429641625292,6.0,0.0
316.1485629996318,7.0,0.0
316.1526162790497,8.0,0.0
316.1555520093456,9.0,0.0
316.16315888711597,8.0,0.0
316.17016388102076,9.0,0.0
316.17451107064113,8.0,0.0
316.1773188428206,9.0,0.0
316.1799645445695,8.0,0.0
316.1859757914453,7.0,0.0
316.2363492875822,6.0,0.0
316.241201833977,5.0,0.0
316.2424022846225,4.0,0.0
316.25034018193253,5.0,0.0
316.2586389751294,6.0,0.0
316.2652401664722,5.0,0.0
316.3071557384138,6.0,0.0
316.3105616328133,5.0,0.0
316.31640194462096,6.0,0.0
316.3222159448036,5.0,0.0
316.32442733860233,6.0,0.0
316.32535870975835,5.0,0.0
316.32541012156605,4.0,0.0
316.336430392222,3.0,0.0
316.34212345936083,4.0,0.0
316.34314002641884,3.0,0.0
316.34509842667956,2.0,0.0
316.3488214712658,3.0,0.0
316.35071569571585,4.0,0.0
316.38245404822806,5.0,0.0
316.38286033164076,4.0,0.0
316.406637298989,3.0,0.0
316.4210549369954,2.0,0.0
316.42705739830575,3.0,0.0
316.42971797150665,4.0,0.0
316.4327813795674,3.0,0.0
316.44445920852337,4.0,0.0
316.449017422491,5.0,0.0
316.4512047968672,6.0,0.0
316.45274930379713,5.0,0.0
316.4591962789923,6.0,0.0
316.4641721942798,7.0,0.0
316.4847401061802,8.0,0.0
316.5034809015435,9.0,0.0
316.5115934098631,8.0,0.0
316.52152914008934,9.0,0.0
316.5229647517122,10.0,0.0
316.52984524785313,11.0,0.0
316.53031829690843,12.0,0.0
316.53581854633796,11.0,0.0
316.54010740472336,10.0,0.0
316.5615628817386,11.0,0.0
316.57499915482003,10.0,0.0
316.57500402197593,11.0,0.0
316.5904850163517,12.0,0.0
316.5985938572614,11.0,0.0
316.6054398310804,10.0,0.0
316.61453964118215,9.0,0.0
316.6244356625614,10.0,0.0
316.654143860927,9.0,0.0
316.67193298438,10.0,0.0
316.6735533928561,11.0,0.0
316.6756895012745,10.0,0.0
316.692723534533,9.0,0.0
316.7108538163076,8.0,0.0
316.738019509697,7.0,0.0
316.751938987833,6.0,0.0
316.75921783061654,7.0,0.0
316.7723486255214,8.0,0.0
316.77238996726476,9.0,0.0
316.7739340873393,10.0,0.0
316.7747474117256,9.0,0.0
316.7845360165696,8.0,0.0
316.79310753967036,9.0,0.0
316.79401581126075,10.0,0.0
316.8027417898808,11.0,0.0
316.8081219027341,10.0,0.0
316.8102975895486,9.0,0.0
316.8159540427692,8.0,0.0
316.8321447035346,9.0,0.0
316.8371706580612,8.0,0.0
316.83952467780233,9.0,0.0
316.852249987772,10.0,0.0
316.85284554016084,11.0,0.0
316.85316413052215,12.0,0.0
316.8685189346898,13.0,0.0
316.86989540662177,14.0,0.0
316.8755318897442,15.0,0.0
316.8770205316506,16.0,0.0
316.8778886366221,15.0,0.0
316.8821401002142,14.0,0.0
316.8858465878183,13.0,0.0
316.8905054156068,14.0,0.0
316.89457318548045,15.0,0.0
316.8998917291979,14.0,0.0
316.90036181304174,15.0,0.0
316.9219723943346,16.0,0.0
316.9302421247234,17.0,0.0
316.9353623823586,18.0,0.0
316.9416315322432,19.0,0.0
316.9504922904301,20.0,0.0
316.95471757369086,19.0,0.0
316.9560786381361,18.0,0.0
316.9602560783904,19.0,0.0
316.9719599680616,18.0,0.0
316.97673270642696,19.0,0.0
316.9860084806623,20.0,0.0
316.9938234180905,19.0,0.0
317.0075294299921,18.0,0.0
317.01681675250467,19.0,0.0
317.0211480358012,20.0,0.0
317.02131166412323,19.0,0.0
317.02940534744727,20.0,0.0
317.0471341028811,21.0,0.0
317.0537650287951,20.0,0.0
317.05654387243374,19.0,0.0
317.06145923682107,20.0,0.0
317.0649116104887,21.0,0.0
317.0750160891011,20.0,0.0
317.0841723431098,19.0,0.0
317.0923738539526,18.0,0.0
317.09981102075335,17.0,0.0
317.09996581773936,16.0,0.0
317.1018726170368,15.0,0.0
317.1338122748835,14.0,0.0
317.13799096075184,15.0,0.0
317.1393637887808,16.0,0.0
317.1462574874159,15.0,0.0
317.14895562469883,16.0,0.0
317.15702242401295,15.0,0.0
317.16894637458614,16.0,0.0
317.1695398348618,17.0,0.0
317.18219165030354,16.0,0.0
317.1830737705423,15.0,0.0
317.19092527372425,16.0,0.0
317.1953133191878,17.0,0.0
317.2032280563758,16.0,0.0
317.20833858167816,17.0,0.0
317.2131287105743,16.0,0.0
317.24290663154676,17.0,0.0
317.2433023488462,16.0,0.0
317.243370589076,15.0,0.0
317.25001772993386,16.0,0.0
317.25683547271916,15.0,0.0
317.2614553856084,16.0,0.0
317.27528665453843,15.0,0.0
317.2776333050695,16.0,0.0
317.29645421142965,17.0,0.0
317.3130979588715,16.0,0.0
317.3213519750567,17.0,0.0
317.33649949813577,16.0,0.0
317.34414071943803,17.0,0.0
317.344675809255,18.0,0.0
317.34616248307793,17.0,0.0
317.34736397528,18.0,0.0
317.34964169785053,19.0,0.0
317.35126155908625,20.0,0.0
317.3537866284594,21.0,0.0
317.35724509467474,20.0,0.0
317.36607819085975,19.0,0.0
317.3793610507225,20.0,0.0
317.3801519282557,21.0,0.0
317.3904323262047,20.0,0.0
317.3966529360137,19.0,0.0
317.4010375835679,20.0,0.0
317.4017221790476,19.0,0.0
317.40546983904414,18.0,0.0
317.40561948190066,17.0,0.0
317.4083950597968,18.0,0.0
317.40841151998063,19.0,0.0
317.41523167687586,18.0,0.0
317.4216018915564,17.0,0.0
317.42278923379456,16.0,0.0
317.4242404781379,17.0,0.0
317.42782069649974,16.0,0.0
317.43092533406593,15.0,0.0
317.43313677347334,14.0,0.0
317.4350798436171,15.0,0.0
317.43554690580106,16.0,0.0
317.43948619409224,17.0,0.0
317.4396447412224,16.0,0.0
317.44188912691806,15.0,0.0
317.4497749804666,16.0,0.0
317.4518770064822,17.0,0.0
317.45369785582557,18.0,0.0
317.45408273558655,19.0,0.0
317.46852303281753,18.0,0.0
317.47251511314573,19.0,0.0
317.49590335977405,20.0,0.0
317.4966112598579,21.0,0.0
317.5017870574955,20.0,0.0
317.50345318387684,21.0,0.0
317.5050010379538,20.0,0.0
317.5183194526489,21.0,0.0
317.53286858939225,22.0,0.0
317.5361803078085,21.0,0.0
317.5598689999838,20.0,0.0
317.5602903634886,21.0,0.0
317.5627320271021,20.0,0.0
317.57061033962725,21.0,0.0
317.58641716497647,20.0,0.0
317.5900434753226,19.0,0.0
317.5930723769362,18.0,0.0
317.5978338774119,17.0,0.0
317.5981791298354,18.0,0.0
317.60414119025245,17.0,0.0
317.60723668028345,16.0,0.0
317.6097694757997,15.0,0.0
317.6183600655013,14.0,0.0
317.62014316743426,15.0,0.0
317.6212777401955,16.0,0.0
317.6213253431277,17.0,0.0
317.63655472555945,18.0,0.0
317.6399691459904,19.0,0.0
317.6429452157811,18.0,0.0
317.6645978506367,17.0,0.0
317.6666921821503,16.0,0.0
317.6721104122142,17.0,0.0
317.6774747730314,18.0,0.0
317.68697241499723,19.0,0.0
317.68733022574713,18.0,0.0
317.69267397215924,19.0,0.0
317.69735308509496,20.0,0.0
317.7072725563313,21.0,0.0
317.70959416019565,20.0,0.0
317.72697360236225,21.0,0.0
317.7314651580041,22.0,0.0
317.7391878467287,21.0,0.0
317.73981777799526,20.0,0.0
317.73999065645785,21.0,0.0
317.7411098372939,22.0,0.0
317.7420086908813,23.0,0.0
317.7439326176476,22.0,0.0
317.7586556234387,21.0,0.0
317.76407173862475,20.0,0.0
317.76531565125623,21.0,0.0
317.76687770331444,22.0,0.0
317.7753281607956,21.0,0.0
317.77856890538,20.0,0.0
317.77966046280085,19.0,0.0
317.7930577291366,18.0,0.0
317.80029733134836,17.0,0.0
317.8187569466071,18.0,0.0
317.82435709058467,19.0,0.0
317.8397906032389,20.0,0.0
317.8431040938756,19.0,0.0
317.84432288158735,18.0,0.0
317.848047246673,17.0,0.0
317.85399427705465,16.0,0.0
317.86506148066127,17.0,0.0
317.87501296828833,16.0,0.0
317.88096140124645,15.0,0.0
317.8811178418056,16.0,0.0
317.88470674203955,17.0,0.0
317.88479941218054,18.0,0.0
317.88727582953965,19.0,0.0
317.90800433526533,18.0,0.0
317.90841604597983,17.0,0.0
317.9199776733476,16.0,0.0
317.92160530514894,15.0,0.0
317.9239550473443,16.0,0.0
317.9260858937555,17.0,0.0
317.92781384665534,16.0,0.0
317.92925926256004,17.0,0.0
317.93308967067895,16.0,0.0
317.9331487881056,15.0,0.0
317.9391667328444,16.0,0.0
317.9392023911153,15.0,0.0
317.9458732686268,14.0,0.0
317.95349473244323,15.0,0.0
317.9557012941114,16.0,0.0
317.9767831564659,15.0,0.0
318.0004015459079,16.0,0.0
318.0143322499313,17.0,0.0
318.01592087166017,18.0,0.0
318.016743201501,19.0,0.0
318.0180087940587,18.0,0.0
318.0288764590621,17.0,0.0
318.03189372819645,18.0,0.0
318.04287368981466,17.0,0.0
318.0450768780348,16.0,0.0
318.04944256632524,15.0,0.0
318.05309009864436,14.0,0.0
318.05871451795423,15.0,0.0
318.05887912689434,14.0,0.0
318.0611734561563,15.0,0.0
318.0715181640829,16.0,0.0
318.07275410506696,15.0,0.0
318.0758139045691,14.0,0.0
318.0783669729445,15.0,0.0
318.07936064939275,16.0,0.0
318.08192303948243,17.0,0.0
318.08418957077424,18.0,0.0
318.0903582342183,17.0,0.0
318.1021479988186,16.0,0.0
318.1207477835384,17.0,0.0
318.12383822977716,18.0,0.0
318.12874065945573,17.0,0.0
318.1351472699206,18.0,0.0
318.14196435809544,17.0,0.0
318.14792091334397,16.0,0.0
318.1525739001633,17.0,0.0
318.15277828632566,18.0,0.0
318.16597858470476,19.0,0.0
318.1695132687073,18.0,0.0
318.1739985869035,17.0,0.0
318.17605742213357,18.0,0.0
318.1790420756319,19.0,0.0
318.1833620955586,20.0,0.0
318.19055475654653,21.0,0.0
318.1942987387642,22.0,0.0
318.21479747533425,21.0,0.0
318.21616461426663,22.0,0.0
318.22118124984377,21.0,0.0
318.2217775981228,22.0,0.0
318.22192201797117,23.0,0.0
318.2308985917935,22.0,0.0
318.24207054343333,23.0,0.0
318.2424427895052,24.0,0.0
318.25063809814225,23.0,0.0
318.25192092006614,22.0,0.0
318.2593466550025,23.0,0.0
318.269168786377,24.0,0.0
318.2694651636093,23.0,0.0
318.2696300050762,22.0,0.0
318.28167690568125,23.0,0.0
318.29603192963697,24.0,0.0
318.2994957426705,25.0,0.0
318.2997067931373,26.0,0.0
318.3132213443421,27.0,0.0
318.32318400915,28.0,0.0
318.3247221978253,29.0,0.0
318.32535002599576,30.0,0.0
318.3317338921853,31.0,0.0
318.33571970815444,30.0,0.0
318.3423405396753,31.0,0.0
318.3487055848021,32.0,0.0
318.3502576642389,31.0,0.0
318.3533502396096,30.0,0.0
318.3540918825498,31.0,0.0
318.36076312479054,32.0,0.0
318.37773759729976,33.0,0.0
318.3792250957028,34.0,0.0
318.3834727536199,35.0,0.0
318.38554890061124,36.0,0.0
318.3868988051395,35.0,0.0
318.38811926632417,36.0,0.0
318.3963941057441,35.0,0.0
318.39780552793644,36.0,0.0
318.40175486292264,37.0,0.0
318.40209138578604,36.0,0.0
318.40394923217286,35.0,0.0
318.40959971916556,34.0,0.0
318.4139250905769,35.0,0.0
318.41473114102035,36.0,0.0
318.4196334818999,35.0,0.0
318.42114366154703,34.0,0.0
318.4217316557135,35.0,0.0
318.4278304933348,36.0,0.0
318.43672278202706,35.0,0.0
318.44332839008223,34.0,0.0
318.4438880020995,35.0,0.0
318.4488450970754,34.0,0.0
318.44899077443137,35.0,0.0
318.46075264015025,36.0,0.0
318.4610071040027,35.0,0.0
318.4653351376768,36.0,0.0
318.4801185837328,35.0,0.0
318.4810152531515,36.0,0.0
318.48184538556194,35.0,0.0
318.48561029190296,36.0,0.0
318.4931963403209,35.0,0.0
318.49881582157764,34.0,0.0
318.5057640824664,35.0,0.0
318.5261971520183,34.0,0.0
318.54574126128495,35.0,0.0
318.5473871207738,34.0,0.0
318.551418543945,33.0,0.0
318.5515088001094,34.0,0.0
318.5519285305651,33.0,0.0
318.5519881976956,32.0,0.0
318.55891256038836,33.0,0.0
318.56446833840835,34.0,0.0
318.5747183036788,33.0,0.0
318.59017493585185,34.0,0.0
318.5918532572369,35.0,0.0
318.59302880247,36.0,0.0
318.5931702614439,35.0,0.0
318.5958252285202,36.0,0.0
318.60078684258986,37.0,0.0
318.6044530499961,38.0,0.0
318.61065666433996,39.0,0.0
318.6122012400725,38.0,0.0
318.62097741977294,39.0,0.0
318.6284203123836,40.0,0.0
318.6314751987777,41.0,0.0
318.63179511682966,40.0,0.0
318.63513830285723,41.0,0.0
318.63990383735756,42.0,0.0
318.64484576647925,43.0,0.0
318.6466354306902,42.0,0.0
318.65110060456584,43.0,0.0
318.6571270219401,42.0,0.0
318.6656551243719,41.0,0.0
318.67126833724313,40.0,0.0
318.67755218455187,41.0,0.0
318.6804025737624,40.0,0.0
318.69503115886005,41.0,0.0
318.69590366078285,42.0,0.0
318.7026052843742,43.0,0.0
318.71445037724266,42.0,0.0
318.71611220763486,43.0,0.0
318.7290076513312,44.0,0.0
318.734989897285,45.0,0.0
318.7413580498381,44.0,0.0
318.74593856976315,45.0,0.0
318.7572061507146,46.0,0.0
318.78080622098025,47.0,0.0
318.7877613926968,48.0,0.0
318.79591447323344,49.0,0.0
318.80307651118454,48.0,0.0
318.8067594893881,49.0,0.0
318.8096833225272,48.0,0.0
318.8190871098394,49.0,0.0
318.8238021159243,50.0,0.0
318.82726636232354,51.0,0.0
318.837420331024,52.0,0.0
318.84727675462034,53.0,0.0
318.8537985735308,52.0,0.0
318.85897480976683,51.0,0.0
318.8613524239504,50.0,0.0
318.8686370428663,51.0,0.0
318.88484310595356,50.0,0.0
318.88723815633983,49.0,0.0
318.88739017677347,48.0,0.0
318.8934644144517,49.0,0.0
318.89873253660215,50.0,0.0
318.9031880733287,51.0,0.0
318.9049666754707,52.0,0.0
318.9057756479032,53.0,0.0
318.9093991807653,52.0,0.0
318.9113085715906,53.0,0.0
318.9119188066497,54.0,0.0
318.92506888342473,55.0,0.0
318.9316524543703,56.0,0.0
318.93942849369853,55.0,0.0
318.9471493552205,54.0,0.0
318.9494761188043,55.0,0.0
318.9502062221639,54.0,0.0
318.95529211323515,53.0,0.0
318.95575217103607,54.0,0.0
318.9688301083302,53.0,0.0
318.97557388113097,52.0,0.0
318.97755774046817,51.0,0.0
318.9924259680225,52.0,0.0
318.9976155932381,51.0,0.0
318.9980100130021,52.0,0.0
319.0051720767521,53.0,0.0
319.0091513101882,54.0,0.0
319.0098683266996,55.0,0.0
319.01371812035484,54.0,0.0
319.0148885667424,55.0,0.0
319.0237299666508,56.0,0.0
319.0305981030873,57.0,0.0
319.03595984931303,58.0,0.0
319.046697534963,57.0,0.0
319.0479416756141,56.0,0.0
319.0525037282486,57.0,0.0
319.05389603177264,58.0,0.0
319.05869151452265,59.0,0.0
319.06271866427653,60.0,0.0
319.06546188414575,59.0,0.0
319.07072637367685,60.0,0.0
319.07828332316046,61.0,0.0
319.08030527318965,62.0,0.0
319.08437175642825,61.0,0.0
319.0847754865629,62.0,0.0
319.08540275361577,63.0,0.0
319.09003530766176,62.0,0.0
319.0973000367321,63.0,0.0
319.10229686569863,62.0,0.0
319.1024230929112,61.0,0.0
319.12048117074715,62.0,0.0
319.1234493009381,61.0,0.0
319.1236838625842,62.0,0.0
319.1268477800434,63.0,0.0
319.1270133943296,62.0,0.0
319.13255197461814,63.0,0.0
319.1335608226014,64.0,0.0
319.1346093536667,65.0,0.0
319.14328250402644,66.0,0.0
319.14441629711683,65.0,0.0
319.15406186003304,66.0,0.0
319.1565522553482,67.0,0.0
319.15667858850514,68.0,0.0
319.16876122399094,69.0,0.0
319.17398184885957,70.0,0.0
319.1781730965267,71.0,0.0
319.18411523925016,72.0,0.0
319.18537461034754,73.0,0.0
319.18844139050503,74.0,0.0
319.18977722588073,73.0,0.0
319.19547574762424,72.0,0.0
319.20512252612036,73.0,0.0
319.21404050840164,74.0,0.0
319.221077244019,75.0,0.0
319.2216569971905,74.0,0.0
319.2229063898911,75.0,0.0
319.2233480546761,74.0,0.0
319.2246574901319,75.0,0.0
319.23467371836733,76.0,0.0
319.2385938824412,77.0,0.0
319.24187617675506,76.0,0.0
319.25079835437475,75.0,0.0
319.2545720998918,76.0,0.0
319.2552361423892,77.0,0.0
319.25696259521567,78.0,0.0
319.26248203817795,79.0,0.0
319.2628901487623,78.0,0.0
319.26947198635594,77.0,0.0
319.2695420255442,78.0,0.0
319.2723798984626,77.0,0.0
319.27771746914857,78.0,0.0
319.2820802874879,77.0,0.0
319.2832281595418,76.0,0.0
319.2870497093517,77.0,0.0
319.3054122002945,78.0,0.0
319.3088649247602,79.0,0.0
319.3150432181372,80.0,0.0
319.31521540771223,79.0,0.0
319.3197229472595,78.0,0.0
319.33003041610743,79.0,0.0
319.3329513949005,78.0,0.0
319.34230063561847,77.0,0.0
319.3445157200782,78.0,0.0
319.34518913410454,79.0,0.0
319.35158675766905,78.0,0.0
319.3523270774026,79.0,0.0
319.3523697205781,80.0,0.0
319.35450525667176,81.0,0.0
319.36259176752077,82.0,0.0
319.3660545016718,81.0,0.0
319.37350942706115,82.0,0.0
319.38008916914964,83.0,0.0
319.3951897553067,84.0,0.0
319.39761561760383,83.0,0.0
319.40056063899937,82.0,0.0
319.40194957323604,83.0,0.0
319.4103473560366,84.0,0.0
319.41271703052314,85.0,0.0
319.4142996630664,84.0,0.0
319.4181508271685,83.0,0.0
319.4228973883706,84.0,0.0
319.42428259897645,83.0,0.0
319.4260971196384,84.0,0.0
319.44353648664224,85.0,0.0
319.45292974359035,84.0,0.0
319.4553370849173,83.0,0.0
319.46049044087266,82.0,0.0
319.47081578467123,81.0,0.0
319.47404647337584,80.0,0.0
319.4799062162379,79.0,0.0
319.48222510220165,80.0,0.0
319.4836681758064,81.0,0.0
319.48653283785444,80.0,0.0
319.4930825900542,81.0,0.0
319.4969405657527,80.0,0.0
319.50345173020264,81.0,0.0
319.50480933114426,82.0,0.0
319.5057925606375,83.0,0.0
319.5074617843971,84.0,0.0
319.5082769341299,85.0,0.0
319.5121187000741,84.0,0.0
319.5160576419662,83.0,0.0
319.51751555504234,82.0,0.0
319.52399322481494,83.0,0.0
319.5339452998407,84.0,0.0
319.5454133848705,85.0,0.0
319.55408715411943,84.0,0.0
319.5584374682163,85.0,0.0
319.5632398453969,86.0,0.0
319.5668719074297,85.0,0.0
319.5711843542853,86.0,0.0
319.5718474748073,87.0,0.0
319.57206526041153,88.0,0.0
319.5772457684523,89.0,0.0
319.5807496080475,90.0,0.0
319.584292654511,89.0,0.0
319.5867812734517,90.0,0.0
319.58816387988895,91.0,0.0
319.598762839566,92.0,0.0
319.60600791763096,93.0,0.0
319.60847963461896,94.0,0.0
319.61455439549974,93.0,0.0
319.6177186805447,94.0,0.0
319.619881505463,93.0,0.0
319.62881301055376,94.0,0.0
319.6374663134396,95.0,0.0
319.6396895059783,96.0,0.0
319.6693843340495,97.0,0.0
319.67006010897074,96.0,0.0
319.6778845323578,97.0,0.0
319.67919738428577,96.0,0.0
319.68329620888744,95.0,0.0
319.68665627731565,96.0,0.0
319.69042240051124,95.0,0.0
319.69481512021736,96.0,0.0
319.695644953962,97.0,0.0
319.69720347196846,96.0,0.0
319.6986080094168,97.0,0.0
319.7029788352059,96.0,0.0
319.71256357883885,95.0,0.0
319.71473501939215,96.0,0.0
319.7150292582957,97.0,0.0
319.7250706424829,98.0,0.0
319.73829279293267,97.0,0.0
319.74250560332274,96.0,0.0
319.74621017194215,97.0,0.0
319.75048164491324,98.0,0.0
319.7519012648596,99.0,0.0
319.7807461824662,100.0,0.0
319.78221912698274,99.0,0.0
319.78770299655764,100.0,0.0
319.7886567003805,101.0,0.0
319.7971270241425,102.0,0.0
319.8075130205279,103.0,0.0
319.8130535666068,104.0,0.0
319.8143644590821,105.0,0.0
319.81579406822425,106.0,0.0
319.82354366140066,107.0,0.0
319.8368660351158,106.0,0.0
319.8383373666888,107.0,0.0
319.84164471148245,106.0,0.0
319.84489684777617,105.0,0.0
319.84508624218955,104.0,0.0
319.8467100284827,105.0,0.0
319.85210020222195,106.0,0.0
319.8548500307559,107.0,0.0
319.85918353903645,108.0,0.0
319.8605845815874,107.0,0.0
319.8631285996948,108.0,0.0
319.864613351986,109.0,0.0
319.8654143987723,110.0,0.0
319.87002303548235,109.0,0.0
319.88080664274946,108.0,0.0
319.88101255572724,109.0,0.0
319.8898961383046,110.0,0.0
319.9006896155484,111.0,0.0
319.90069719203655,112.0,0.0
319.9030703898045,111.0,0.0
319.90556818649605,110.0,0.0
319.9192482324098,109.0,0.0
319.94551828330697,110.0,0.0
319.9515333864218,109.0,0.0
319.95585232487286,108.0,0.0
319.95724218942684,107.0,0.0
319.9611182052544,108.0,0.0
319.9773680422792,109.0,0.0
319.97941920793346,110.0,0.0
319.99058744480067,109.0,0.0
319.99177190209514,108.0,0.0
319.99368819863327,109.0,0.0
319.9944393075116,108.0,0.0
319.99496926965645,109.0,0.0
320.00160583544215,108.0,0.0
320.0022677619093,107.0,0.0
320.0043030113428,106.0,0.0
320.01210876603955,105.0,0.0
320.0310699422473,106.0,0.0
320.03283514170465,107.0,0.0
320.03497727471586,106.0,0.0
320.03550127131524,105.0,0.0
320.04336066204985,104.0,0.0
320.052964246656,105.0,0.0
320.05850258142334,106.0,0.0
320.05974230920737,107.0,0.0
320.0617582889291,108.0,0.0
320.06567139876705,107.0,0.0
320.0659187528535,106.0,0.0
320.0673704552466,105.0,0.0
320.079004860528,104.0,0.0
320.08689975855145,105.0,0.0
320.0917774598634,104.0,0.0
320.0955743781078,105.0,0.0
320.0983132174228,104.0,0.0
320.1032519939011,105.0,0.0
320.10364223757693,106.0,0.0
320.1045537928206,107.0,0.0
320.1048879902757,108.0,0.0
320.1075095902712,107.0,0.0
320.1094684774304,108.0,0.0
320.1167600133422,107.0,0.0
320.11687853482636,108.0,0.0
320.11853207978777,109.0,0.0
320.142324175392,108.0,0.0
320.1452235749799,109.0,0.0
320.14872506554156,110.0,0.0
320.1506420234796,109.0,0.0
320.1532377859456,108.0,0.0
320.1540402893647,109.0,0.0
320.1564914527314,110.0,0.0
320.15761134420984,109.0,0.0
320.16121309854503,108.0,0.0
320.1743226181626,107.0,0.0
320.17576348362223,106.0,0.0
320.1761363683072,105.0,0.0
320.1852014490159,106.0,0.0
320.18610612059877,107.0,0.0
320.1912859722135,108.0,0.0
320.19565545024705,107.0,0.0
320.2088753629144,108.0,0.0
320.21007454776515,109.0,0.0
320.210786236737,108.0,0.0
320.2171284256628,109.0,0.0
320.22015757844935,108.0,0.0
320.22294624969163,107.0,0.0
320.2270419666727,108.0,0.0
320.22706237730387,107.0,0.0
320.22935994578756,106.0,0.0
320.2315729993176,107.0,0.0
320.24485233070124,106.0,0.0
320.24987840645616,105.0,0.0
320.2522103749206,106.0,0.0
320.2574162493982,107.0,0.0
320.26251680718786,108.0,0.0
320.26318310779055,109.0,0.0
320.26882022376316,110.0,0.0
320.2692116582195,109.0,0.0
320.2763973014766,108.0,0.0
320.28108545772113,107.0,0.0
320.29070971121564,106.0,0.0
320.29218524802695,107.0,0.0
320.2962735100347,108.0,0.0
320.29768013317516,107.0,0.0
320.3115112281007,106.0,0.0
320.3157471571926,107.0,0.0
320.3177899040699,108.0,0.0
320.3260515209249,109.0,0.0
320.32801546670686,108.0,0.0
320.3316675104183,107.0,0.0
320.3343414952209,108.0,0.0
320.3381533385518,109.0,0.0
320.35018646663,110.0,0.0
320.3540093533027,111.0,0.0
320.3546132640634,110.0,0.0
320.35560836799294,111.0,0.0
320.3586062487354,112.0,0.0
320.3714259015142,111.0,0.0
320.38178945880816,112.0,0.0
320.38399294083547,113.0,0.0
320.3843512813264,114.0,0.0
320.3891678941236,115.0,0.0
320.39399547500875,116.0,0.0
320.3941990029752,117.0,0.0
320.39631529505,118.0,0.0
320.40186979032467,117.0,0.0
320.4051772689224,118.0,0.0
320.4069928138048,119.0,0.0
320.4167944892581,120.0,0.0
320.4187217759934,119.0,0.0
320.42198430161244,120.0,0.0
320.4248072032134,121.0,0.0
320.42928800185814,120.0,0.0
320.4296604852939,121.0,0.0
320.4318414013241,122.0,0.0
320.4352702244728,121.0,0.0
320.43828781784714,120.0,0.0
320.44363129169824,119.0,0.0
320.44890827439366,118.0,0.0
320.4513402048757,119.0,0.0
320.4535902680783,120.0,0.0
320.45488172095344,121.0,0.0
320.45966879025764,120.0,0.0
320.4663689221188,121.0,0.0
320.4773925250841,120.0,0.0
320.484513589699,121.0,0.0
320.4874922791441,122.0,0.0
320.49264421967354,121.0,0.0
320.4976686731861,120.0,0.0
320.50378988134304,119.0,0.0
320.5092745110313,120.0,0.0
320.51214402854265,119.0,0.0
320.5182102867873,120.0,0.0
320.5273229764497,121.0,0.0
320.53730520525204,120.0,0.0
320.5389979370088,119.0,0.0
320.5441807670109,120.0,0.0
320.5496786667358,121.0,0.0
320.5551935563569,120.0,0.0
320.55793065654433,119.0,0.0
320.5623976124282,120.0,0.0
320.56319622604565,121.0,0.0
320.5644864466208,122.0,0.0
320.56859319165613,121.0,0.0
320.5699525033775,122.0,0.0
320.5707306572675,123.0,0.0
320.5847073147722,122.0,0.0
320.5883290780899,121.0,0.0
320.5939155767166,120.0,0.0
320.59448783134565,121.0,0.0
320.6000444899794,122.0,0.0
320.6056566108534,123.0,0.0
320.60883981951645,122.0,0.0
320.6097256997837,123.0,0.0
320.6112416136635,124.0,0.0
320.613298709141,125.0,0.0
320.6138848286701,126.0,0.0
320.61538402493017,125.0,0.0
320.62489704747946,124.0,0.0
320.62656536125246,123.0,0.0
320.63496249217195,122.0,0.0
320.6393623253177,121.0,0.0
320.64587994014784,122.0,0.0
320.6542673044345,121.0,0.0
320.6552121365991,122.0,0.0
320.6556085742391,121.0,0.0
320.66239566025547,120.0,0.0
320.66365779645577,119.0,0.0
320.6745914415843,120.0,0.0
320.6800231548225,121.0,0.0
320.6887099609179,122.0,0.0
320.6928530303326,121.0,0.0
320.7045104205324,122.0,0.0
320.705995388331,121.0,0.0
320.70818145234136,120.0,0.0
320.7119552927058,121.0,0.0
320.7215234313627,120.0,0.0
320.72925429126207,119.0,0.0
320.73052401934206,118.0,0.0
320.7317364714662,117.0,0.0
320.7341570026344,116.0,0.0
320.73609835403624,115.0,0.0
320.73872557215196,114.0,0.0
320.73993510571506,115.0,0.0
320.7470020420352,114.0,0.0
320.7503391841491,113.0,0.0
320.7663953202655,112.0,0.0
320.7774953025658,111.0,0.0
320.77873059343557,110.0,0.0
320.7839879803948,111.0,0.0
320.78853095884483,110.0,0.0
320.7897004158181,111.0,0.0
320.79041716405357,112.0,0.0
320.7922109161983,113.0,0.0
320.7938854593098,112.0,0.0
320.79744235427006,111.0,0.0
320.8043325471363,110.0,0.0
320.80795754716934,111.0,0.0
320.80993415833973,112.0,0.0
320.8101149424703,113.0,0.0
320.81740250003696,114.0,0.0
320.8312106280305,115.0,0.0
320.8315811848346,114.0,0.0
320.83343131638884,113.0,0.0
320.837449891036,114.0,0.0
320.8409804810139,113.0,0.0
320.8454751119987,114.0,0.0
320.8483393860067,113.0,0.0
320.8504743647929,112.0,0.0
320.854523146186,113.0,0.0
320.8657822621235,114.0,0.0
320.87555240821075,115.0,0.0
320.8804413032335,116.0,0.0
320.8817437437561,115.0,0.0
320.882140481641,116.0,0.0
320.8868840898048,117.0,0.0
320.89767512515823,116.0,0.0
320.89790221045155,115.0,0.0
320.90123779429973,114.0,0.0
320.90541203795306,113.0,0.0
320.9065098844775,112.0,0.0
320.9072138104344,113.0,0.0
320.91612080361557,112.0,0.0
320.9173647820146,111.0,0.0
320.93136684693354,112.0,0.0
320.9381892271038,113.0,0.0
320.94060379524376,114.0,0.0
320.9424490029911,115.0,0.0
320.9474868849218,116.0,0.0
320.9564366447661,115.0,0.0
320.9571032128312,116.0,0.0
320.9709400497798,115.0,0.0
320.9717207498786,114.0,0.0
320.9732236226494,113.0,0.0
320.97368388084533,114.0,0.0
320.97757045124956,115.0,0.0
320.9838116848571,114.0,0.0
320.9854720662805,115.0,0.0
320.9929079429837,114.0,0.0
321.0034235402018,113.0,0.0
321.0050023139338,114.0,0.0
321.0121845387988,115.0,0.0
321.01590912680325,116.0,0.0
321.02525996386925,117.0,0.0
321.03545070347144,116.0,0.0
321.0567874981802,115.0,0.0
321.0639606483966,116.0,0.0
321.0664113512751,115.0,0.0
321.06893586729274,116.0,0.0
321.0730168686978,115.0,0.0
321.07351254708675,116.0,0.0
321.076316900359,117.0,0.0
321.0777703124794,116.0,0.0
321.080577758996,115.0,0.0
321.0841545299599,116.0,0.0
321.0846955736364,117.0,0.0
321.086651680166,118.0,0.0
321.09153264212523,117.0,0.0
321.0918922455708,118.0,0.0
321.0973002921533,117.0,0.0
321.10377771820566,116.0,0.0
321.1040610656665,117.0,0.0
321.10467085679863,118.0,0.0
321.1117726542399,119.0,0.0
321.1161049444358,120.0,0.0
321.12079446804,121.0,0.0
321.1227924385729,120.0,0.0
321.1241184300918,119.0,0.0
321.1257592711709,118.0,0.0
321.12775394463085,117.0,0.0
321.13051598896567,116.0,0.0
321.1523974789189,117.0,0.0
321.15246788208174,116.0,0.0
321.161543985739,117.0,0.0
321.165429209636,116.0,0.0
321.16688497922945,117.0,0.0
321.1815374775956,118.0,0.0
321.1825812026159,119.0,0.0
321.1897717162184,120.0,0.0
321.190937876715,121.0,0.0
321.19411506075164,120.0,0.0
321.1981253750431,119.0,0.0
321.2025640294219,118.0,0.0
321.2110316723521,119.0,0.0
321.2170761682931,120.0,0.0
321.2228915060144,119.0,0.0
321.22317300792974,118.0,0.0
321.2290096486767,119.0,0.0
321.2308267758566,120.0,0.0
321.2384077737085,119.0,0.0
321.2436631381518,118.0,0.0
321.24920979073096,117.0,0.0
321.2510309788005,116.0,0.0
321.25116428156633,117.0,0.0
321.2561500395277,118.0,0.0
321.2574141225357,119.0,0.0
321.2584592153194,120.0,0.0
321.2886034554898,119.0,0.0
321.29097015554436,120.0,0.0
321.29103563605094,119.0,0.0
321.2969413394682,118.0,0.0
321.2980992778663,117.0,0.0
321.3059663780322,116.0,0.0
321.30872241776854,115.0,0.0
321.3117597840612,116.0,0.0
321.3132186690974,115.0,0.0
321.32581134113536,116.0,0.0
321.3268113224442,117.0,0.0
321.32964022466416,116.0,0.0
321.3328606258178,115.0,0.0
321.33821896976815,114.0,0.0
321.3385071072768,115.0,0.0
321.3417944661507,114.0,0.0
321.347508301836,115.0,0.0
321.36214731671606,114.0,0.0
321.3745773585707,115.0,0.0
321.382385679396,114.0,0.0
321.3904750309625,115.0,0.0
321.40073859434307,116.0,0.0
321.4080500710112,117.0,0.0
321.4106831538694,116.0,0.0
321.41266636444664,117.0,0.0
321.4134120072231,118.0,0.0
321.4160909002815,117.0,0.0
321.421784501147,116.0,0.0
321.42285585492164,117.0,0.0
321.43120975716704,118.0,0.0
321.4382164469674,117.0,0.0
321.4426012123201,116.0,0.0
321.4464945087072,117.0,0.0
321.44834535417533,118.0,0.0
321.4492426715328,119.0,0.0
321.4535612659957,120.0,0.0
321.4622048684693,119.0,0.0
321.4697413157019,118.0,0.0
321.4915419070011,119.0,0.0
321.49645106653173,120.0,0.0
321.49965202392207,121.0,0.0
321.5011274036618,122.0,0.0
321.5036872532516,121.0,0.0
321.5042095677983,120.0,0.0
321.50440392782224,121.0,0.0
321.5069439869951,122.0,0.0
321.5080009889244,121.0,0.0
321.5132606615221,120.0,0.0
321.51986247242286,119.0,0.0
321.5325199199766,120.0,0.0
321.55091674071684,121.0,0.0
321.5552042058822,122.0,0.0
321.55535694060967,121.0,0.0
321.55808358356705,122.0,0.0
321.56787777213964,121.0,0.0
321.5715966881512,120.0,0.0
321.5791812215447,119.0,0.0
321.5888316786602,118.0,0.0
321.5918183180226,119.0,0.0
321.59260063649214,118.0,0.0
321.6007471269991,119.0,0.0
321.60158735092966,118.0,0.0
321.60710542522065,119.0,0.0
321.60975018921727,120.0,0.0
321.6118120224939,121.0,0.0
321.61297934093886,122.0,0.0
321.62069116507536,121.0,0.0
321.6225916834256,120.0,0.0
321.6241717587956,121.0,0.0
321.627101831762,120.0,0.0
321.62817951791607,119.0,0.0
321.6289021259767,118.0,0.0
321.63885724595184,117.0,0.0
321.6412915091938,118.0,0.0
321.6424772852345,117.0,0.0
321.64997860118666,116.0,0.0
321.65508347325533,117.0,0.0
321.66686792855575,116.0,0.0
321.6673510083132,117.0,0.0
321.66898896253394,118.0,0.0
321.6779075122019,119.0,0.0
321.6788063868447,120.0,0.0
321.6858263304738,119.0,0.0
321.6866877828674,118.0,0.0
321.6875091050672,119.0,0.0
321.6878825182764,118.0,0.0
321.69123222075865,119.0,0.0
321.6957297566415,118.0,0.0
321.7043746716324,119.0,0.0
321.7085762261486,118.0,0.0
321.72161689016497,117.0,0.0
321.72199031228837,116.0,0.0
321.72713240672726,115.0,0.0
321.7281939461289,116.0,0.0
321.7424293035345,117.0,0.0
321.7519517689082,116.0,0.0
321.75299242811974,115.0,0.0
321.7628665012004,114.0,0.0
321.7648390094897,113.0,0.0
321.7692579463044,114.0,0.0
321.771789874043,115.0,0.0
321.774334492567,116.0,0.0
321.77595046067205,115.0,0.0
321.78048394738397,116.0,0.0
321.78967666526364,117.0,0.0
321.79208805304086,116.0,0.0
321.795545692232,115.0,0.0
321.79867808236577,114.0,0.0
321.8032460520368,113.0,0.0
321.8043063249366,114.0,0.0
321.81826293543065,115.0,0.0
321.82102471922985,114.0,0.0
321.821460131137,115.0,0.0
321.85805632861974,116.0,0.0
321.85818569414624,117.0,0.0
321.8595901950633,118.0,0.0
321.867890802882,117.0,0.0
321.86981784242704,118.0,0.0
321.87598503160484,117.0,0.0
321.8764587101468,118.0,0.0
321.87799650651516,119.0,0.0
321.8794548272048,118.0,0.0
321.8830799998767,117.0,0.0
321.8851623318964,118.0,0.0
321.8889731241065,117.0,0.0
321.8921334329983,118.0,0.0
321.8984644105475,119.0,0.0
321.9087063929076,118.0,0.0
321.90945916314547,119.0,0.0
321.9142881306775,118.0,0.0
321.9159058618078,119.0,0.0
321.91972963149055,120.0,0.0
321.92218733863183,119.0,0.0
321.9259388830012,118.0,0.0
321.9297752504582,117.0,0.0
321.9337247343917,118.0,0.0
321.941840455014,119.0,0.0
321.94482936569864,118.0,0.0
321.94826793285495,117.0,0.0
321.95286295500256,118.0,0.0
321.9550555418138,119.0,0.0
321.9597520334,118.0,0.0
321.9618903346068,119.0,0.0
321.97659467002626,120.0,0.0
321.9770212182411,121.0,0.0
321.98966925470046,120.0,0.0
321.99756211744955,119.0,0.0
321.9997586788106,118.0,0.0
322.01434161582927,119.0,0.0
322.01533835808215,118.0,0.0
322.0300763392031,119.0,0.0
322.04874820666527,120.0,0.0
322.0490063570502,121.0,0.0
322.0514986526927,120.0,0.0
322.05359611836366,119.0,0.0
322.0598565078972,120.0,0.0
322.06153554289534,121.0,0.0
322.0639878623685,120.0,0.0
322.0649479842851,119.0,0.0
322.06816260561214,118.0,0.0
322.06951184621556,119.0,0.0
322.07187290345047,118.0,0.0
322.0724868672498,119.0,0.0
322.07632638962934,120.0,0.0
322.07693713828974,119.0,0.0
322.07757159093205,118.0,0.0
322.08813758747146,117.0,0.0
322.0899075014864,118.0,0.0
322.1028946007875,117.0,0.0
322.11650614588376,118.0,0.0
322.11671440550833,119.0,0.0
322.12360794351906,120.0,0.0
322.1359458158948,119.0,0.0
322.14541177951116,118.0,0.0
322.14833660966826,117.0,0.0
322.1556297750026,118.0,0.0
322.16054486830046,117.0,0.0
322.1675274846643,116.0,0.0
322.1739859366587,117.0,0.0
322.1749129374952,118.0,0.0
322.2070539551645,117.0,0.0
322.2150555350419,118.0,0.0
322.2227767287968,117.0,0.0
322.2270450408585,116.0,0.0
322.2331522394212,117.0,0.0
322.2397419316594,116.0,0.0
322.23976793522235,117.0,0.0
322.2441034637616,116.0,0.0
322.25599860466826,117.0,0.0
322.25624185165685,116.0,0.0
322.25957549584206,115.0,0.0
322.26413993529536,114.0,0.0
322.2736591629338,115.0,0.0
322.2823666300912,114.0,0.0
322.28254691077166,113.0,0.0
322.2865550656704,112.0,0.0
322.2943650844755,111.0,0.0
322.29470375765186,110.0,0.0
322.29486046891145,109.0,0.0
322.30522984852064,108.0,0.0
322.3076605575762,107.0,0.0
322.3172260576931,106.0,0.0
322.31811454738823,105.0,0.0
322.3182888017812,104.0,0.0
322.31973530878474,105.0,0.0
322.3236577274142,104.0,0.0
322.3240188084887,105.0,0.0
322.3290347891391,106.0,0.0
322.32994543274157,107.0,0.0
322.35846789459913,106.0,0.0
322.3641825320601,105.0,0.0
322.389627174295,106.0,0.0
322.39220675866375,105.0,0.0
322.3928760155697,104.0,0.0
322.39975200271175,105.0,0.0
322.4001226805733,104.0,0.0
322.4070469918105,105.0,0.0
322.41600497154593,106.0,0.0
322.4186358470315,107.0,0.0
322.42096182313037,106.0,0.0
322.4225524923249,107.0,0.0
322.4426830552082,106.0,0.0
322.4477948589759,107.0,0.0
322.46694115697267,106.0,0.0
322.4761353424318,105.0,0.0
322.48149223013473,104.0,0.0
322.48468382582126,105.0,0.0
322.49313221540655,104.0,0.0
322.4959692359036,103.0,0.0
322.50419582193723,102.0,0.0
322.5050204654919,103.0,0.0
322.5068130254063,102.0,0.0
322.51174884064443,101.0,0.0
322.5132804859491,100.0,0.0
322.51463487639256,101.0,0.0
322.51534442239813,102.0,0.0
322.5233692522417,101.0,0.0
322.52368339607716,100.0,0.0
322.53147919958786,101.0,0.0
322.53729595419003,102.0,0.0
322.55205313501983,103.0,0.0
322.56738007873645,102.0,0.0
322.57640094586117,101.0,0.0
322.576491549106,100.0,0.0
322.576647512489,99.0,0.0
322.57682563233743,100.0,0.0
322.5779026408686,99.0,0.0
322.59184111840204,98.0,0.0
322.5932040203548,99.0,0.0
322.5990099601101,100.0,0.0
322.60024962368664,99.0,0.0
322.6083466277202,100.0,0.0
322.6102428398785,101.0,0.0
322.6113097456282,100.0,0.0
322.6319948579007,99.0,0.0
322.6358279636011,98.0,0.0
322.638532859537,97.0,0.0
322.63917855784155,98.0,0.0
322.6391788542606,97.0,0.0
322.64019199963377,96.0,0.0
322.6432223006923,97.0,0.0
322.6647851896267,96.0,0.0
322.6665453116698,95.0,0.0
322.66981702383237,94.0,0.0
322.6760134043825,95.0,0.0
322.6884182439336,96.0,0.0
322.69666156773013,95.0,0.0
322.7004995602478,94.0,0.0
322.7014940239666,93.0,0.0
322.7074506980227,94.0,0.0
322.7152916541449,93.0,0.0
322.7156793602144,92.0,0.0
322.7169918559965,93.0,0.0
322.7208744212753,92.0,0.0
322.72151114451555,91.0,0.0
322.72153420623744,92.0,0.0
322.7218878895986,91.0,0.0
322.727052847368,90.0,0.0
322.7321416382751,89.0,0.0
322.7446680336532,88.0,0.0
322.74989800225256,89.0,0.0
322.7541609568179,88.0,0.0
322.75659003211035,89.0,0.0
322.7572690367696,90.0,0.0
322.76214252995146,89.0,0.0
322.7778369746897,88.0,0.0
322.77822842616763,87.0,0.0
322.7881384182973,88.0,0.0
322.8049904124703,89.0,0.0
322.807597077625,90.0,0.0
322.81071658888607,89.0,0.0
322.81292817998445,88.0,0.0
322.81547892244555,87.0,0.0
322.8366050857659,88.0,0.0
322.8449038726872,89.0,0.0
322.8567216210654,88.0,0.0
322.85938097664587,87.0,0.0
322.8740554681914,86.0,0.0
322.8839003558896,85.0,0.0
322.8854068114211,84.0,0.0
322.88724053488403,83.0,0.0
322.88890812725487,82.0,0.0
322.88920402633556,83.0,0.0
322.8903583559842,84.0,0.0
322.89898004641935,83.0,0.0
322.90281507034,82.0,0.0
322.90573600642756,83.0,0.0
322.90626700980494,84.0,0.0
322.9106747024539,85.0,0.0
322.9198836031013,86.0,0.0
322.9219967631374,87.0,0.0
322.9274481857787,88.0,0.0
322.9307770763399,87.0,0.0
322.9372157922092,86.0,0.0
322.9430590061598,87.0,0.0
322.9535136076964,88.0,0.0
322.9546094279208,87.0,0.0
322.9557800084374,86.0,0.0
322.95632151661056,85.0,0.0
322.9632106129828,84.0,0.0
322.9646026357498,85.0,0.0
322.9834387111337,86.0,0.0
322.9977387668436,87.0,0.0
322.99880906748876,86.0,0.0
323.0002198396666,87.0,0.0
323.00770727871657,86.0,0.0
323.0109594321382,87.0,0.0
323.01439042860443,86.0,0.0
323.02621178252286,87.0,0.0
323.0351795980483,88.0,0.0
323.03905502260096,89.0,0.0
323.0581594183728,90.0,0.0
323.0658858356222,91.0,0.0
323.07177902138426,90.0,0.0
323.1033250943937,91.0,0.0
323.11431992475343,92.0,0.0
323.1188456141365,91.0,0.0
323.1265163614818,92.0,0.0
323.1278976502583,93.0,0.0
323.13070772014703,94.0,0.0
323.13203541187767,93.0,0.0
323.13727411904944,92.0,0.0
323.1579369949398,93.0,0.0
323.1588312760954,92.0,0.0
323.1602092716893,91.0,0.0
323.1650013289288,90.0,0.0
323.1779905660829,89.0,0.0
323.18015691672304,88.0,0.0
323.18327522449306,87.0,0.0
323.1832982755456,88.0,0.0
323.18724906182734,89.0,0.0
323.1889526138037,90.0,0.0
323.18976741383545,89.0,0.0
323.2027198514349,88.0,0.0
323.20316275952825,87.0,0.0
323.20723198196,88.0,0.0
323.2088192251164,89.0,0.0
323.21122971105655,90.0,0.0
323.21191900604225,89.0,0.0
323.2213295941114,88.0,0.0
323.225822158912,87.0,0.0
323.2289665699106,88.0,0.0
323.229029824664,89.0,0.0
323.2428036595494,90.0,0.0
323.24398765748765,89.0,0.0
323.24664224960225,90.0,0.0
323.25388215027357,89.0,0.0
323.2550829728192,88.0,0.0
323.2596656600475,89.0,0.0
323.26231004437125,88.0,0.0
323.26380595407625,87.0,0.0
323.2652805127087,88.0,0.0
323.28068388750887,87.0,0.0
323.28141529024083,88.0,0.0
323.294615487535,89.0,0.0
323.29929420987975,90.0,0.0
323.30388923572644,89.0,0.0
323.311249894057,90.0,0.0
323.32617206811017,89.0,0.0
323.32931655968343,88.0,0.0
323.3431121617323,87.0,0.0
323.34992274998996,86.0,0.0
323.35718404947465,87.0,0.0
323.3579614365756,86.0,0.0
323.36244702216834,87.0,0.0
323.3630383463241,86.0,0.0
323.37008268751987,85.0,0.0
323.37040760926124,84.0,0.0
323.3957008240168,83.0,0.0
323.39651274366975,82.0,0.0
323.40472784652604,83.0,0.0
323.40516596031483,82.0,0.0
323.40895331194037,83.0,0.0
323.4119958346747,82.0,0.0
323.4242129364096,81.0,0.0
323.43238270998626,82.0,0.0
323.4367303599383,83.0,0.0
323.43903602975377,84.0,0.0
323.43915029881265,85.0,0.0
323.4409877134898,86.0,0.0
323.44157827261927,85.0,0.0
323.44452280688375,84.0,0.0
323.4482554170806,85.0,0.0
323.4503809099165,84.0,0.0
323.4541998660905,83.0,0.0
323.4801491838213,82.0,0.0
323.5011682523688,81.0,0.0
323.50812049226397,80.0,0.0
323.5099335369563,81.0,0.0
323.5102116196524,82.0,0.0
323.5334749994186,81.0,0.0
323.53676708001643,80.0,0.0
323.5443769779157,81.0,0.0
323.54731564910963,82.0,0.0
323.5514344196604,81.0,0.0
323.5669717866196,80.0,0.0
323.5733091004726,79.0,0.0
323.5758812829407,78.0,0.0
323.57654883110206,79.0,0.0
323.57786880427835,78.0,0.0
323.59121675124004,77.0,0.0
323.60053972095807,76.0,0.0
323.60201733679395,77.0,0.0
323.6022573783225,76.0,0.0
323.60638098072434,77.0,0.0
323.60670508812416,76.0,0.0
323.62658987017795,75.0,0.0
323.6350075875247,76.0,0.0
323.6485285120611,77.0,0.0
323.663660252275,76.0,0.0
323.66777833769316,77.0,0.0
323.695880686336,76.0,0.0
323.69702024154066,75.0,0.0
323.6975426200629,74.0,0.0
323.7007298672551,75.0,0.0
323.70462023744926,76.0,0.0
323.71146044282364,75.0,0.0
323.7284502881148,74.0,0.0
323.7288609342502,75.0,0.0
323.74333203182584,76.0,0.0
323.7601459129388,77.0,0.0
323.76443428084235,76.0,0.0
323.7731812233054,77.0,0.0
323.77458577769477,78.0,0.0
323.7753947507672,79.0,0.0
323.7823035993637,78.0,0.0
323.7834044452558,79.0,0.0
323.7879978957358,80.0,0.0
323.8012229591155,81.0,0.0
323.80791935333565,80.0,0.0
323.81986551048044,81.0,0.0
323.82949618920196,80.0,0.0
323.83802139231625,79.0,0.0
323.84587791066826,78.0,0.0
323.8477615636458,77.0,0.0
323.85464314273037,76.0,0.0
323.86792046209035,75.0,0.0
323.87583413221444,74.0,0.0
323.8841982941516,73.0,0.0
323.88823038864274,72.0,0.0
323.88864306927815,73.0,0.0
323.8886948694159,72.0,0.0
323.8940552222915,71.0,0.0
323.89795030724065,70.0,0.0
323.9021730765611,71.0,0.0
323.91180681570404,72.0,0.0
323.91258214455866,71.0,0.0
323.91300548229356,72.0,0.0
323.91874432277336,73.0,0.0
323.9194785274148,74.0,0.0
323.9198298709736,73.0,0.0
323.9218190644352,72.0,0.0
323.92400653972,73.0,0.0
323.92908757481155,74.0,0.0
323.93236004911836,75.0,0.0
323.93377120181646,74.0,0.0
323.93422172454973,73.0,0.0
323.9388319067523,74.0,0.0
323.94498816036497,75.0,0.0
323.9687648893099,74.0,0.0
323.9769434011976,73.0,0.0
323.979216054963,72.0,0.0
323.9824579929614,71.0,0.0
324.03073653222526,72.0,0.0
324.034812600339,71.0,0.0
324.047802643491,72.0,0.0
324.05241247101804,71.0,0.0
324.05772165885196,70.0,0.0
324.0747783907851,69.0,0.0
324.08307722560534,70.0,0.0
324.0832088558306,69.0,0.0
324.0839835481554,68.0,0.0
324.09570349167444,69.0,0.0
324.0963685127157,70.0,0.0
324.09929127617863,71.0,0.0
324.10358980295575,70.0,0.0
324.106544986774,69.0,0.0
324.1134540473678,68.0,0.0
324.1172332101797,67.0,0.0
324.11879254034886,66.0,0.0
324.12755634038103,67.0,0.0
324.1419619300366,68.0,0.0
324.14296944121634,69.0,0.0
324.1453650032883,68.0,0.0
324.1538131067754,69.0,0.0
324.1559541443259,70.0,0.0
324.16098924086015,69.0,0.0
324.1632098110933,68.0,0.0
324.17958526075853,67.0,0.0
324.1822804437155,66.0,0.0
324.18396544831415,67.0,0.0
324.18813031402004,66.0,0.0
324.18832238215634,65.0,0.0
324.19221248887675,66.0,0.0
324.1923676183066,65.0,0.0
324.19740120458914,66.0,0.0
324.19827361467657,65.0,0.0
324.2005680711338,64.0,0.0
324.20149448705837,65.0,0.0
324.2047797738366,64.0,0.0
324.2054375254611,63.0,0.0
324.2202620127389,64.0,0.0
324.2252355990697,63.0,0.0
324.232935624201,64.0,0.0
324.26513185709064,65.0,0.0
324.2699466110351,66.0,0.0
324.2761496073897,65.0,0.0
324.27655632430157,66.0,0.0
324.2817592467912,65.0,0.0
324.286978770769,66.0,0.0
324.28975468212906,65.0,0.0
324.295317375109,64.0,0.0
324.3056381698114,65.0,0.0
324.30584263020876,64.0,0.0
324.30948927204673,63.0,0.0
324.30996227205804,64.0,0.0
324.31762213341403,63.0,0.0
324.31979598181965,64.0,0.0
324.32111315900016,63.0,0.0
324.3251056993791,62.0,0.0
324.3279096321545,61.0,0.0
324.3301428706414,62.0,0.0
324.34889614864716,63.0,0.0
324.3497561371201,64.0,0.0
324.3592897328338,63.0,0.0
324.36246427595034,62.0,0.0
324.36643638069717,63.0,0.0
324.36683664174507,62.0,0.0
324.3669096754746,63.0,0.0
324.3727627098252,64.0,0.0
324.3766774194417,63.0,0.0
324.3831709978224,62.0,0.0
324.3847933641271,61.0,0.0
324.39632769001264,60.0,0.0
324.40480405697093,59.0,0.0
324.4054715324883,60.0,0.0
324.40573793235075,59.0,0.0
324.4117557662154,60.0,0.0
324.4222773423024,61.0,0.0
324.42498562345963,60.0,0.0
324.43318594129346,59.0,0.0
324.4407556237427,58.0,0.0
324.4480637787371,59.0,0.0
324.4494070141956,58.0,0.0
324.45968305490936,57.0,0.0
324.4600041197385,58.0,0.0
324.46512445246077,59.0,0.0
324.4806667165147,58.0,0.0
324.48396794228523,57.0,0.0
324.5124876065987,56.0,0.0
324.5172906385014,55.0,0.0
324.52414021169676,54.0,0.0
324.52822689693323,53.0,0.0
324.53137084712193,52.0,0.0
324.5385012968285,53.0,0.0
324.56495166446035,54.0,0.0
324.5816098604108,53.0,0.0
324.58346517347917,52.0,0.0
324.5990283384407,51.0,0.0
324.6137746823439,50.0,0.0
324.6145264520172,51.0,0.0
324.61555720223635,50.0,0.0
324.6207545713575,49.0,0.0
324.6273536707421,50.0,0.0
324.6355146944912,51.0,0.0
324.6412510042192,50.0,0.0
324.6549911033393,49.0,0.0
324.6654540183497,48.0,0.0
324.68577806318956,47.0,0.0
324.6866764888342,46.0,0.0
324.6928027348776,45.0,0.0
324.70342398090264,46.0,0.0
324.7285357130779,47.0,0.0
324.73604680072896,48.0,0.0
324.7408738447638,49.0,0.0
324.7408927059587,48.0,0.0
324.75628480830585,49.0,0.0
324.7586766041157,48.0,0.0
324.76920283019865,47.0,0.0
324.7924153404571,48.0,0.0
324.79517011664143,47.0,0.0
324.7990506021467,48.0,0.0
324.7995708923555,47.0,0.0
324.80640573943356,46.0,0.0
324.81525121856487,45.0,0.0
324.81824435737184,44.0,0.0
324.8326622976148,45.0,0.0
324.8335754531948,44.0,0.0
324.8566163648309,45.0,0.0
324.87338149464466,46.0,0.0
324.87576182936726,45.0,0.0
324.87967593576235,46.0,0.0
324.887754310856,45.0,0.0
324.88792021984705,44.0,0.0
324.90766216805696,45.0,0.0
324.910179231693,44.0,0.0
324.9151484979297,43.0,0.0
324.9152399132753,42.0,0.0
324.9155624992639,41.0,0.0
324.9313982043459,40.0,0.0
324.9330668868559,39.0,0.0
324.9372638744464,38.0,0.0
324.9377354720399,37.0,0.0
324.938142955761,38.0,0.0
324.9440507445814,39.0,0.0
324.95626734909314,40.0,0.0
324.9659190637521,41.0,0.0
324.96710237268684,42.0,0.0
324.99528191681003,43.0,0.0
325.0010987496637,44.0,0.0
325.01286986334384,45.0,0.0
325.022387753627,46.0,0.0
325.03199985249637,45.0,0.0
325.0437108167908,44.0,0.0
325.0568645768137,45.0,0.0
325.07363907728154,44.0,0.0
325.0856197956217,45.0,0.0
325.0898626369714,46.0,0.0
325.0918020173744,47.0,0.0
325.0953439550588,46.0,0.0
325.0959824844824,45.0,0.0
325.1003731731649,44.0,0.0
325.1119382412979,45.0,0.0
325.11426808801673,46.0,0.0
325.1275926628823,45.0,0.0
325.1524459257965,44.0,0.0
325.1525342279243,43.0,0.0
325.1664272628087,42.0,0.0
325.1696393340635,41.0,0.0
325.177835007039,40.0,0.0
325.1816979733507,39.0,0.0
325.1883425729275,38.0,0.0
325.19055155037177,39.0,0.0
325.19841352421435,40.0,0.0
325.20608901339205,41.0,0.0
325.213590768911,40.0,0.0
325.22258553651295,41.0,0.0
325.2340118074948,40.0,0.0
325.25642630230294,39.0,0.0
325.2601933959655,38.0,0.0
325.2654490790241,39.0,0.0
325.276045613987,40.0,0.0
325.2771805942357,41.0,0.0
325.28119460364724,40.0,0.0
325.28242864440153,39.0,0.0
325.2905708918161,40.0,0.0
325.2983950252501,39.0,0.0
325.299737732831,40.0,0.0
325.32314124406776,41.0,0.0
325.325628484905,40.0,0.0
325.33337107837957,39.0,0.0
325.3399065010481,38.0,0.0
325.34206073555765,37.0,0.0
325.3488876657992,38.0,0.0
325.3541904072205,37.0,0.0
325.3801255429788,38.0,0.0
325.39624350036036,39.0,0.0
325.40664401894816,38.0,0.0
325.4192249721437,37.0,0.0
325.42179337409453,36.0,0.0
325.42997384219456,35.0,0.0
325.4417894364012,34.0,0.0
325.44735405186117,35.0,0.0
325.44891996757156,34.0,0.0
325.45295615862454,33.0,0.0
325.45890736552593,32.0,0.0
325.46861951598373,31.0,0.0
325.4818062905133,32.0,0.0
325.5088905549439,33.0,0.0
325.51161026549016,32.0,0.0
325.5152650547436,31.0,0.0
325.51810678820954,30.0,0.0
325.51985732758163,31.0,0.0
325.5212983532473,30.0,0.0
325.5223574408161,29.0,0.0
325.54860966483636,28.0,0.0
325.56640362136585,27.0,0.0
325.5798318227498,28.0,0.0
325.5860112723108,27.0,0.0
325.5893319021774,28.0,0.0
325.60238491349475,27.0,0.0
325.6077186091342,26.0,0.0
325.6089322955707,25.0,0.0
325.6183054325937,26.0,0.0
325.6215562786914,25.0,0.0
325.62839403288757,24.0,0.0
325.6390107548069,25.0,0.0
325.6451729734348,24.0,0.0
325.6466977118573,23.0,0.0
325.667531806531,22.0,0.0
325.6687933576224,21.0,0.0
325.67028762547386,22.0,0.0
325.6727894362413,21.0,0.0
325.6842284487364,22.0,0.0
325.6845806082997,21.0,0.0
325.69597177715366,22.0,0.0
325.71307556530235,21.0,0.0
325.7136902001115,20.0,0.0
325.7224712634616,21.0,0.0
325.72581665948746,20.0,0.0
325.73348743342126,19.0,0.0
325.75751361593416,20.0,0.0
325.76210346134934,19.0,0.0
325.7739384913422,18.0,0.0
325.7784874036869,17.0,0.0
325.7948025052951,16.0,0.0
325.7957041022348,15.0,0.0
325.82422663807205,16.0,0.0
325.8312318285179,15.0,0.0
325.8316533516667,14.0,0.0
325.83376976978553,13.0,0.0
325.8431950242618,14.0,0.0
325.8457670899557,13.0,0.0
325.8635918228138,12.0,0.0
325.8701857432943,13.0,0.0
325.87633363960555,12.0,0.0
325.8813514741617,11.0,0.0
325.8841532079339,10.0,0.0
325.8914021725428,9.0,0.0
325.8921947071914,8.0,0.0
325.91276374374445,7.0,0.0
325.9277219933273,6.0,0.0
325.9424097935593,7.0,0.0
325.9435491929688,8.0,0.0
325.97743550478384,7.0,0.0
326.00441656210296,6.0,0.0
326.0069533046527,5.0,0.0
326.01465757622896,4.0,0.0
326.0183160478733,3.0,0.0
326.0236210979138,4.0,0.0
326.02566112863377,5.0,0.0
326.0319204872824,6.0,0.0
326.03566179144985,7.0,0.0
326.0452819522643,6.0,0.0
326.0560943432675,5.0,0.0
326.05743833486684,4.0,0.0
326.07283623601893,5.0,0.0
326.07323803603657,4.0,0.0
326.07465445905103,3.0,0.0
326.0838387875844,2.0,0.0
326.08442676681585,3.0,0.0
326.11826603694135,2.0,0.0
326.1193924115254,1.0,0.0
326.1263918823896,0.0,0.0
326.13269305477036,1.0,0.0
326.1336171257631,2.0,0.0
326.1425753686627,3.0,0.0
326.1625661966205,2.0,0.0
326.18168952328443,3.0,0.0
326.18302301871677,2.0,0.0
326.18867375121073,3.0,0.0
326.1923883734255,2.0,0.0
326.19720459520966,3.0,0.0
326.19848083499215,4.0,0.0
326.2185311127591,3.0,0.0
326.23014172275106,2.0,0.0
326.25543357197364,1.0,0.0
326.30302925476474,2.0,0.0
326.3154075080127,3.0,0.0
326.3274600468996,2.0,0.0
326.3377403831171,1.0,0.0
326.34303730331095,2.0,0.0
326.34683711434434,1.0,0.0
326.3820204398389,0.0,0.0
326.4161128144984,1.0,0.0
326.42861887567375,2.0,0.0
326.4331312373419,3.0,0.0
326.4563866400485,4.0,0.0
326.45788351835154,3.0,0.0
326.465200558666,2.0,0.0
326.4728513410543,1.0,0.0
326.4842903883771,0.0,0.0
326.4948683093171,1.0,0.0
326.51467133132905,2.0,0.0
326.51647250536746,3.0,0.0
326.526337934901,4.0,0.0
326.5302250463967,3.0,0.0
326.54318942006927,2.0,0.0
326.5659856356867,1.0,0.0
326.6043595391513,0.0,0.0
326.73835787382166,1.0,0.0
326.7516578398588,0.0,0.0
326.85479134501026,1.0,0.0
326.86057901664395,2.0,0.0
326.88618078550525,3.0,0.0
326.89263347369183,2.0,0.0
326.91549686774255,1.0,0.0
326.9610047726307,0.0,0.0
326.9865547684177,1.0,0.0
327.0213338270968,0.0,0.0
327.1764244819931,1.0,0.0
327.1819020543735,0.0,0.0
327.1845381202633,1.0,0.0
327.22008267074136,0.0,0.0
327.23630598478564,1.0,0.0
327.244527744117,2.0,0.0
327.2495430546788,1.0,0.0
327.31524802692803,0.0,0.0
327.43047337903204,1.0,0.0
327.4885471813511,0.0,0.0
327.50923000884694,1.0,0.0
327.59930714633816,0.0,0.0
327.6880337756811,1.0,0.0
327.6892140369693,0.0,0.0
327.6996860603974,1.0,0.0
327.70197815547897,0.0,0.0
327.75176668196684,1.0,0.0
327.7576315722239,0.0,0.0
327.84863765739647,1.0,0.0
327.89394264845305,2.0,0.0
327.90079389265645,1.0,0.0
327.9150923586037,0.0,0.0
327.9340354920855,1.0,0.0
327.9399453347017,0.0,0.0
327.99170718870346,1.0,0.0
327.99372474085146,2.0,0.0
328.00091256881336,1.0,0.0
328.0031964674339,0.0,0.0
328.02645446317314,1.0,0.0
328.0735041078156,2.0,0.0
328.0761593984853,1.0,0.0
328.0881429006373,0.0,0.0
328.1106039374119,1.0,0.0
328.1151270901032,0.0,0.0
328.11966170192613,1.0,0.0
328.1304473903678,2.0,0.0
328.13756937043865,1.0,0.0
328.14533338301936,0.0,0.0
328.2113285181621,1.0,0.0
328.2135576209911,2.0,0.0
328.2175495669678,1.0,0.0
328.22204805928595,0.0,0.0
328.24960241875493,1.0,0.0
328.27105254251586,0.0,0.0
328.2713990422339,1.0,0.0
328.2927924932667,2.0,0.0
328.41075908027955,3.0,0.0
328.4462375817891,2.0,0.0
328.4593852038636,1.0,0.0
328.4608594142434,0.0,0.0
328.54856173267297,1.0,0.0
328.55085762349904,2.0,0.0
328.5559101109667,1.0,0.0
328.56872250823426,2.0,0.0
328.57262585218444,1.0,0.0
328.62106541840285,2.0,0.0
328.66207714913634,1.0,0.0
328.67995577486,2.0,0.0
328.68270198839537,3.0,0.0
328.68332086188906,2.0,0.0
328.6888824714271,1.0,0.0
328.6960868555834,0.0,0.0
328.7151513554147,1.0,0.0
328.7224956107048,0.0,0.0
328.7351666459014,1.0,0.0
328.7481809966243,0.0,0.0
328.77022546566536,1.0,0.0
328.7748967770359,2.0,0.0
328.78719000720844,3.0,0.0
328.7930877049127,4.0,0.0
328.7947708524472,5.0,0.0
328.7997742866643,4.0,0.0
328.8049012150256,5.0,0.0
328.8134787445801,4.0,0.0
328.8374947200132,3.0,0.0
328.85492344431316,4.0,0.0
328.859294313352,3.0,0.0
328.860122373703,2.0,0.0
328.86417742392706,3.0,0.0
328.8707974364989,4.0,0.0
328.87808892894213,3.0,0.0
328.88989131902014,2.0,0.0
328.89040728847533,1.0,0.0
328.89420799967814,2.0,0.0
328.90882074420915,1.0,0.0
328.9329882191841,0.0,0.0
329.02064252146056,1.0,0.0
329.04998400793704,0.0,0.0
329.10362457649944,1.0,0.0
329.11220056827995,0.0,0.0
329.1185367060754,1.0,0.0
329.11868519149107,0.0,0.0
329.209240886286,1.0,0.0
329.22478294678115,2.0,0.0
329.2294543880501,3.0,0.0
329.2423247765677,2.0,0.0
329.25781553441254,3.0,0.0
329.2741785871983,4.0,0.0
329.27547683529207,3.0,0.0
329.2910227245752,2.0,0.0
329.2918652019513,1.0,0.0
329.29990950861134,2.0,0.0
329.3460250160409,1.0,0.0
329.35127390321776,0.0,0.0
329.36148451813244,1.0,0.0
329.3669178733237,0.0,0.0
329.42971977527793,1.0,0.0
329.4751301010346,0.0,0.0
329.5270794392666,1.0,0.0
329.5374658292045,0.0,0.0
329.5529623857152,1.0,0.0
329.55786262551464,0.0,0.0
329.56388536057653,1.0,0.0
329.56715508792144,2.0,0.0
329.5722277677499,3.0,0.0
329.59176293165126,4.0,0.0
329.59390192595305,3.0,0.0
329.6148359383883,4.0,0.0
329.6156060397155,3.0,0.0
329.61675677737657,4.0,0.0
329.62060966618515,5.0,0.0
329.6215848501307,4.0,0.0
329.6260007722761,3.0,0.0
329.63028351923145,4.0,0.0
329.6316484292692,3.0,0.0
329.63369575296707,4.0,0.0
329.6347781010755,5.0,0.0
329.6381835408009,4.0,0.0
329.6439039451408,3.0,0.0
329.65915230899157,4.0,0.0
329.6620817539101,5.0,0.0
329.66855508457996,4.0,0.0
329.67862917008694,3.0,0.0
329.6830349774158,4.0,0.0
329.68324847656964,3.0,0.0
329.72921998639754,4.0,0.0
329.73620799111285,5.0,0.0
329.73747464123323,6.0,0.0
329.74578526076476,5.0,0.0
329.7477634523491,4.0,0.0
329.74907371651545,5.0,0.0
329.76683346584366,4.0,0.0
329.77076794443167,3.0,0.0
329.7865108886141,4.0,0.0
329.7940851904119,5.0,0.0
329.80411612245325,4.0,0.0
329.811378953278,3.0,0.0
329.8128077491363,4.0,0.0
329.81484475737756,5.0,0.0
329.8266614314084,4.0,0.0
329.8291340695563,3.0,0.0
329.83506679130664,2.0,0.0
329.84253612610286,3.0,0.0
329.84928481324283,2.0,0.0
329.85645649640026,3.0,0.0
329.87304859923523,2.0,0.0
329.8758803308033,1.0,0.0
329.87999901175294,0.0,0.0
329.8803387764149,1.0,0.0
329.8873508896327,2.0,0.0
329.8877092196259,1.0,0.0
329.9087601550705,0.0,0.0
329.912995883439,1.0,0.0
329.9218198751261,0.0,0.0
329.9507358320245,1.0,0.0
329.9637567933265,2.0,0.0
329.9638444869586,3.0,0.0
329.9765139796545,4.0,0.0
329.97793508315425,3.0,0.0
330.0065665201062,4.0,0.0
330.0185082222467,3.0,0.0
330.035470822955,4.0,0.0
330.038677014831,3.0,0.0
330.0442741288995,4.0,0.0
330.0458222022805,3.0,0.0
330.05603240182177,2.0,0.0
330.0644373238407,1.0,0.0
330.06755576140034,0.0,0.0
330.0757224665238,1.0,0.0
330.0799748001101,2.0,0.0
330.08684477660194,1.0,0.0
330.09275301181555,2.0,0.0
330.0968512826958,1.0,0.0
330.10727608204996,0.0,0.0
330.1115103269079,1.0,0.0
330.1139259324617,0.0,0.0
330.11630142916306,1.0,0.0
330.1166362219331,2.0,0.0
330.13363371120784,3.0,0.0
330.14374959913687,4.0,0.0
330.1498564586052,5.0,0.0
330.1499519752904,4.0,0.0
330.1508551149742,5.0,0.0
330.1537894929786,6.0,0.0
330.15428063930307,5.0,0.0
330.1545492444268,4.0,0.0
330.160604501034,3.0,0.0
330.1606162464119,4.0,0.0
330.17492394402103,5.0,0.0
330.177437768577,4.0,0.0
330.1792342351674,5.0,0.0
330.18955658317924,6.0,0.0
330.19084493483706,7.0,0.0
330.20771180443523,6.0,0.0
330.2242541659789,7.0,0.0
330.23012439308565,6.0,0.0
330.23625582222223,7.0,0.0
330.24291857580596,6.0,0.0
330.26423985223494,7.0,0.0
330.2704292411489,6.0,0.0
330.2790945827214,7.0,0.0
330.28554414717865,6.0,0.0
330.294219422047,5.0,0.0
330.3045266446227,4.0,0.0
330.30593062961077,5.0,0.0
330.32227412335595,6.0,0.0
330.32364105483873,7.0,0.0
330.33822091583767,8.0,0.0
330.340429230263,9.0,0.0
330.3508633275479,8.0,0.0
330.35308982889353,9.0,0.0
330.36543608859307,10.0,0.0
330.37004981078087,9.0,0.0
330.3939546942541,10.0,0.0
330.39419486220874,9.0,0.0
330.41941672828824,8.0,0.0
330.4371396440191,7.0,0.0
330.44184512017455,6.0,0.0
330.442158421427,7.0,0.0
330.45720437979315,6.0,0.0
330.4580706041226,7.0,0.0
330.46137126954017,6.0,0.0
330.47245159615477,7.0,0.0
330.4823287125176,8.0,0.0
330.486737328547,9.0,0.0
330.4974143337487,10.0,0.0
330.50405215354846,11.0,0.0
330.50685517036385,10.0,0.0
330.5147953842418,9.0,0.0
330.5179567049417,8.0,0.0
330.5239786601904,7.0,0.0
330.53301272366946,6.0,0.0
330.5414663697319,7.0,0.0
330.5443891641805,8.0,0.0
330.54603320238425,9.0,0.0
330.5570232631759,8.0,0.0
330.55926601070126,7.0,0.0
330.57464076561916,6.0,0.0
330.57833866592443,5.0,0.0
330.5806562066021,6.0,0.0
330.58242317689303,7.0,0.0
330.5918228735548,6.0,0.0
330.5939458382753,7.0,0.0
330.60306399680314,6.0,0.0
330.6201846711303,5.0,0.0
330.62773958231605,6.0,0.0
330.6294990803294,5.0,0.0
330.66231219174966,4.0,0.0
330.66454635670266,5.0,0.0
330.6696841205384,6.0,0.0
330.6706884011764,5.0,0.0
330.6887820471281,6.0,0.0
330.6902710382427,7.0,0.0
330.6929203973906,8.0,0.0
330.71148345672094,7.0,0.0
330.72882191843684,8.0,0.0
330.7350844476462,9.0,0.0
330.74574529205455,10.0,0.0
330.75041653862024,9.0,0.0
330.76314070573767,10.0,0.0
330.7663252384355,9.0,0.0
330.76961114428804,10.0,0.0
330.7844065440715,11.0,0.0
330.7844635691517,10.0,0.0
330.79841714226757,9.0,0.0
330.801502698767,10.0,0.0
330.8087478671729,9.0,0.0
330.8329362083484,8.0,0.0
330.8386757270797,7.0,0.0
330.8481597731406,8.0,0.0
330.87397901364307,9.0,0.0
330.90944212671707,8.0,0.0
330.91186034434884,9.0,0.0
330.9202593366973,10.0,0.0
330.9356782071616,11.0,0.0
330.938350835419,12.0,0.0
330.9499763157484,13.0,0.0
330.95448223859637,14.0,0.0
330.95616078796286,15.0,0.0
330.9568513651559,16.0,0.0
330.95750509176014,15.0,0.0
330.961142553663,16.0,0.0
330.963139184031,17.0,0.0
330.97154845288725,16.0,0.0
330.9889204203852,17.0,0.0
330.9946259989582,16.0,0.0
330.99568549234675,15.0,0.0
331.00066035211876,16.0,0.0
331.00385864947276,15.0,0.0
331.022266901088,14.0,0.0
331.0269514201125,15.0,0.0
331.0415145223128,16.0,0.0
331.04934467315616,15.0,0.0
331.067753238379,16.0,0.0
331.07307237630613,17.0,0.0
331.0732021125556,16.0,0.0
331.0943297683045,17.0,0.0
331.0971053665037,16.0,0.0
331.10202673474424,17.0,0.0
331.1041756030359,18.0,0.0
331.1137245008786,17.0,0.0
331.1140652254906,18.0,0.0
331.1198300462685,17.0,0.0
331.12034415530485,16.0,0.0
331.12056626305184,15.0,0.0
331.12135199249184,14.0,0.0
331.12265478204444,15.0,0.0
331.1253616596587,16.0,0.0
331.1355217587642,15.0,0.0
331.13819155582394,16.0,0.0
331.14625497306173,17.0,0.0
331.1485066643969,16.0,0.0
331.1499606958395,17.0,0.0
331.1704213496377,16.0,0.0
331.1819904568482,17.0,0.0
331.1909544092034,18.0,0.0
331.1989079380865,17.0,0.0
331.2072724749207,16.0,0.0
331.21988303875736,17.0,0.0
331.2202541998253,18.0,0.0
331.22153778037335,17.0,0.0
331.2232899104549,18.0,0.0
331.22609618052167,17.0,0.0
331.2346219601397,16.0,0.0
331.2361665719536,15.0,0.0
331.23649878919485,16.0,0.0
331.25475013212906,17.0,0.0
331.2659337651987,16.0,0.0
331.29036897409026,15.0,0.0
331.29045770481207,16.0,0.0
331.29349929518486,17.0,0.0
331.3052886795663,18.0,0.0
331.31060032155153,17.0,0.0
331.32237407537275,16.0,0.0
331.32275272111843,15.0,0.0
331.32467004977104,16.0,0.0
331.32758761506625,15.0,0.0
331.328382132298,16.0,0.0
331.33583990746877,17.0,0.0
331.33733002189206,16.0,0.0
331.33972346614297,17.0,0.0
331.3398020686706,16.0,0.0
331.3425515248598,15.0,0.0
331.343339662254,14.0,0.0
331.3479890318504,15.0,0.0
331.3557694368078,14.0,0.0
331.3771947697634,13.0,0.0
331.38608932716505,14.0,0.0
331.39064484648264,15.0,0.0
331.39357020124896,16.0,0.0
331.39719833838586,15.0,0.0
331.4043439816146,16.0,0.0
331.4098357106896,15.0,0.0
331.41033398069277,14.0,0.0
331.4129738940917,13.0,0.0
331.4177789405947,14.0,0.0
331.4347439407014,15.0,0.0
331.4363352521164,14.0,0.0
331.44093440580207,13.0,0.0
331.45980787238,12.0,0.0
331.46179142057025,11.0,0.0
331.4678203884735,12.0,0.0
331.472518565084,11.0,0.0
331.4725242130358,12.0,0.0
331.4739289028052,11.0,0.0
331.47699149291805,10.0,0.0
331.4773184642372,11.0,0.0
331.4815373421606,10.0,0.0
331.48509812026816,11.0,0.0
331.491339562979,12.0,0.0
331.4921562875286,11.0,0.0
331.49275060597597,12.0,0.0
331.49443685329254,11.0,0.0
331.50083617558647,12.0,0.0
331.50093251685803,13.0,0.0
331.50910448274647,14.0,0.0
331.51727385792685,13.0,0.0
331.5262709275838,12.0,0.0
331.5330961648024,13.0,0.0
331.53752934371647,12.0,0.0
331.5441334384905,11.0,0.0
331.54471874940236,10.0,0.0
331.54670967197734,9.0,0.0
331.54852532827186,10.0,0.0
331.55830639320754,9.0,0.0
331.5644920621606,8.0,0.0
331.56980976106786,9.0,0.0
331.5747104035621,8.0,0.0
331.57988587201874,9.0,0.0
331.5842805648989,10.0,0.0
331.5946799829925,11.0,0.0
331.59937318518905,10.0,0.0
331.6017502890083,11.0,0.0
331.63200646790585,10.0,0.0
331.65055127835814,11.0,0.0
331.65259393807725,10.0,0.0
331.65345870934743,11.0,0.0
331.65446215555414,12.0,0.0
331.65931268744964,11.0,0.0
331.6601706628278,12.0,0.0
331.6634504272611,11.0,0.0
331.6823410289859,12.0,0.0
331.7077636195389,11.0,0.0
331.7158681016919,10.0,0.0
331.71742176226854,9.0,0.0
331.7222240581682,10.0,0.0
331.7363000701311,11.0,0.0
331.74666324085456,10.0,0.0
331.762941232603,9.0,0.0
331.7643607249413,10.0,0.0
331.7740840496522,9.0,0.0
331.77643637387126,10.0,0.0
331.7815231787803,9.0,0.0
331.7861672216753,10.0,0.0
331.7890855886252,9.0,0.0
331.7897121275096,10.0,0.0
331.79047568746597,11.0,0.0
331.8006053208952,12.0,0.0
331.8050548270289,13.0,0.0
331.8073767826712,14.0,0.0
331.84354798396856,13.0,0.0
331.8472741598933,14.0,0.0
331.8556954840275,15.0,0.0
331.86799428186504,16.0,0.0
331.87023877670543,15.0,0.0
331.87502791475356,16.0,0.0
331.87694024614336,15.0,0.0
331.8846634087859,16.0,0.0
331.8934937506622,15.0,0.0
331.8970411390026,14.0,0.0
331.90191659507343,13.0,0.0
331.9022693744095,14.0,0.0
331.90529385602713,15.0,0.0
331.91114739998824,14.0,0.0
331.91281700328193,13.0,0.0
331.91919472268694,14.0,0.0
331.9208910156631,13.0,0.0
331.9241449359717,12.0,0.0
331.92444783745066,13.0,0.0
331.9257428287506,14.0,0.0
331.9278659919596,15.0,0.0
331.9424463138212,14.0,0.0
331.95936582358615,13.0,0.0
331.9622279640146,14.0,0.0
331.96302495839006,13.0,0.0
331.9721026091144,14.0,0.0
332.0131289807356,15.0,0.0
332.0146509099055,14.0,0.0
332.05880828724696,13.0,0.0
332.06019764384513,14.0,0.0
332.0662153831238,15.0,0.0
332.0713265091877,16.0,0.0
332.0718296158005,17.0,0.0
332.07192962346346,16.0,0.0
332.07252060474514,17.0,0.0
332.0725827329453,16.0,0.0
332.0755880793024,17.0,0.0
332.0834284319644,18.0,0.0
332.0872623278425,17.0,0.0
332.10980436640745,18.0,0.0
332.1195942132977,17.0,0.0
332.1288000734326,16.0,0.0
332.1339463029287,17.0,0.0
332.14413266007995,18.0,0.0
332.15831434720576,17.0,0.0
332.16143925341265,18.0,0.0
332.16234629858945,19.0,0.0
332.1655740802938,18.0,0.0
332.1710167002411,19.0,0.0
332.1729848683411,20.0,0.0
332.1780186623353,21.0,0.0
332.1819649289324,22.0,0.0
332.1834684950204,23.0,0.0
332.1840819476334,22.0,0.0
332.1841335191984,21.0,0.0
332.1862077259121,22.0,0.0
332.1947703242014,23.0,0.0
332.196234744548,24.0,0.0
332.19798629264943,23.0,0.0
332.1990711619627,22.0,0.0
332.2088263800954,23.0,0.0
332.2089267257826,22.0,0.0
332.2120215167784,21.0,0.0
332.2227722455692,20.0,0.0
332.22819840161577,19.0,0.0
332.2315724302178,18.0,0.0
332.2402073702754,17.0,0.0
332.25051131133637,18.0,0.0
332.26279745032247,19.0,0.0
332.2636547298169,20.0,0.0
332.27797879550803,21.0,0.0
332.2779972728973,20.0,0.0
332.28162339782625,21.0,0.0
332.2821282825495,20.0,0.0
332.28347146748393,21.0,0.0
332.2849013561775,20.0,0.0
332.2852929685638,19.0,0.0
332.2887285183071,20.0,0.0
332.29362583211673,21.0,0.0
332.29491962369923,22.0,0.0
332.2970046736321,21.0,0.0
332.3081298158199,20.0,0.0
332.3144989224578,21.0,0.0
332.315325130545,22.0,0.0
332.31728073059605,21.0,0.0
332.31823456999894,22.0,0.0
332.3282260118374,21.0,0.0
332.3342033815246,20.0,0.0
332.3398847137167,21.0,0.0
332.34045513152944,22.0,0.0
332.3410427876623,21.0,0.0
332.34915867996796,22.0,0.0
332.3503370634723,23.0,0.0
332.3589713822412,22.0,0.0
332.3603431237364,21.0,0.0
332.3685414144594,20.0,0.0
332.378248842203,21.0,0.0
332.38556174551445,20.0,0.0
332.3892248323454,21.0,0.0
332.39777604986557,22.0,0.0
332.399751034671,21.0,0.0
332.40210680243405,22.0,0.0
332.4040863942067,21.0,0.0
332.4072709402625,20.0,0.0
332.40908249379453,19.0,0.0
332.4109154400987,18.0,0.0
332.4117041495166,19.0,0.0
332.4142635859747,18.0,0.0
332.4200960210252,19.0,0.0
332.42202109369236,20.0,0.0
332.42203058291796,19.0,0.0
332.4247415369051,20.0,0.0
332.42509328681365,21.0,0.0
332.42561010320077,20.0,0.0
332.4314894007901,19.0,0.0
332.4352847801689,18.0,0.0
332.43663811553284,17.0,0.0
332.43681334326385,18.0,0.0
332.4426032674702,19.0,0.0
332.4562796644183,20.0,0.0
332.45882180867324,21.0,0.0
332.4595707419639,20.0,0.0
332.4598236794249,21.0,0.0
332.4659304363213,22.0,0.0
332.4715925905588,21.0,0.0
332.4723745916965,20.0,0.0
332.49171637760406,19.0,0.0
332.4966040331597,18.0,0.0
332.50871641724154,17.0,0.0
332.5098207719204,18.0,0.0
332.51107444883814,19.0,0.0
332.51732893246435,20.0,0.0
332.5221551864094,21.0,0.0
332.5246664268562,20.0,0.0
332.53224496829034,19.0,0.0
332.5516028428013,20.0,0.0
332.55268276410345,19.0,0.0
332.5633164210501,20.0,0.0
332.5706107378676,21.0,0.0
332.5908032551663,22.0,0.0
332.5985699976532,21.0,0.0
332.59961140930255,20.0,0.0
332.6042350739496,21.0,0.0
332.6080692896788,22.0,0.0
332.6176678580724,23.0,0.0
332.6273211467011,24.0,0.0
332.627658689172,25.0,0.0
332.62787584463996,24.0,0.0
332.6346031683618,23.0,0.0
332.6417941190025,24.0,0.0
332.6420441262876,25.0,0.0
332.647182800637,26.0,0.0
332.6487436922538,27.0,0.0
332.6487586911629,26.0,0.0
332.6537900832179,27.0,0.0
332.65411379434596,26.0,0.0
332.659472261991,25.0,0.0
332.6642863725807,26.0,0.0
332.6645539459624,25.0,0.0
332.6687422840685,24.0,0.0
332.6722297991576,23.0,0.0
332.6743663476763,22.0,0.0
332.67491068854684,21.0,0.0
332.6753590208779,22.0,0.0
332.6774982524979,21.0,0.0
332.68149406545825,20.0,0.0
332.6839048403967,21.0,0.0
332.6851503943727,20.0,0.0
332.69351501333017,21.0,0.0
332.69385389398826,22.0,0.0
332.7202197539852,23.0,0.0
332.72172630346995,24.0,0.0
332.7221202009219,25.0,0.0
332.7315797844037,26.0,0.0
332.7408037723045,27.0,0.0
332.7497628901081,28.0,0.0
332.75973705532886,29.0,0.0
332.7611928804988,28.0,0.0
332.7741847634178,27.0,0.0
332.78598945087174,28.0,0.0
332.7865669815953,29.0,0.0
332.80104513774626,30.0,0.0
332.8060663987883,31.0,0.0
332.81421489119487,30.0,0.0
332.81499612793317,31.0,0.0
332.8186355469247,32.0,0.0
332.82030459720704,33.0,0.0
332.83252391192286,34.0,0.0
332.8357644624824,35.0,0.0
332.8402413519957,34.0,0.0
332.8473024120624,33.0,0.0
332.8555330122976,34.0,0.0
332.8596676918498,33.0,0.0
332.8599953136184,34.0,0.0
332.8623213088346,33.0,0.0
332.8682273718152,34.0,0.0
332.88713486813714,35.0,0.0
332.8924940341866,34.0,0.0
332.90672109686705,35.0,0.0
332.91209817754526,34.0,0.0
332.91495399692724,35.0,0.0
332.91625935689694,36.0,0.0
332.9256073152094,35.0,0.0
332.92662777286694,34.0,0.0
332.93099399568774,33.0,0.0
332.9419404876814,32.0,0.0
332.9886572585254,33.0,0.0
332.99115985803815,34.0,0.0
332.9924467432875,35.0,0.0
332.9971173958276,36.0,0.0
333.0024072546644,37.0,0.0
333.01476106930846,36.0,0.0
333.0158117260198,35.0,0.0
333.0169816306548,34.0,0.0
333.0192172539661,33.0,0.0
333.0215002495046,34.0,0.0
333.0232680534561,35.0,0.0
333.029648069404,36.0,0.0
333.0313472404334,35.0,0.0
333.03308895364756,36.0,0.0
333.0338805828049,35.0,0.0
333.03898050819123,34.0,0.0
333.05086559678404,35.0,0.0
333.06425115172016,34.0,0.0
333.066820449077,35.0,0.0
333.0694720917835,34.0,0.0
333.07888250324487,33.0,0.0
333.08645252822015,34.0,0.0
333.0877898333891,33.0,0.0
333.1002591689476,32.0,0.0
333.1018414316762,31.0,0.0
333.10998964639356,32.0,0.0
333.11398444995194,31.0,0.0
333.1181366148549,30.0,0.0
333.12332033674085,31.0,0.0
333.1309282680811,32.0,0.0
333.1337586183572,31.0,0.0
333.13584714160504,30.0,0.0
333.13824580679346,29.0,0.0
333.14759301608103,30.0,0.0
333.1486820267195,29.0,0.0
333.15296752862963,30.0,0.0
333.1550742987433,29.0,0.0
333.1554751325448,28.0,0.0
333.1657506766572,29.0,0.0
333.17157725389717,30.0,0.0
333.17378335152523,31.0,0.0
333.186968687732,32.0,0.0
333.19486496624734,31.0,0.0
333.2041508855375,30.0,0.0
333.2163991343832,31.0,0.0
333.21733360368074,32.0,0.0
333.2194586165542,31.0,0.0
333.2216175984437,30.0,0.0
333.2277100260177,31.0,0.0
333.23362542592594,30.0,0.0
333.2410323178855,31.0,0.0
333.2473226336889,30.0,0.0
333.24977762735614,29.0,0.0
333.252131227238,30.0,0.0
333.2537528190386,29.0,0.0
333.2646580883986,28.0,0.0
333.27007183385024,27.0,0.0
333.2759153352797,26.0,0.0
333.2773410764703,27.0,0.0
333.2817555174749,28.0,0.0
333.2906708064788,29.0,0.0
333.2911504908076,30.0,0.0
333.29123080698565,29.0,0.0
333.29144466387436,30.0,0.0
333.2934208977854,31.0,0.0
333.29399869169265,32.0,0.0
333.2988744656383,33.0,0.0
333.3013683418035,34.0,0.0
333.3068979422986,33.0,0.0
333.3258940118892,34.0,0.0
333.3281506501599,33.0,0.0
333.33038593686643,32.0,0.0
333.3342748659877,33.0,0.0
333.33604540303827,34.0,0.0
333.3366839867213,35.0,0.0
333.33964430439966,36.0,0.0
333.34489269470873,37.0,0.0
333.3494801518111,36.0,0.0
333.3603189129371,37.0,0.0
333.3635233722282,36.0,0.0
333.3691018995838,37.0,0.0
333.37008550703496,36.0,0.0
333.373151049804,37.0,0.0
333.3779354191653,36.0,0.0
333.37873044942637,35.0,0.0
333.3797742284518,34.0,0.0
333.3889571367191,35.0,0.0
333.3930817159911,36.0,0.0
333.3990552350195,37.0,0.0
333.40431741322215,38.0,0.0
333.406735402145,37.0,0.0
333.4133133405225,38.0,0.0
333.4197767553854,39.0,0.0
333.422135200488,40.0,0.0
333.4263508240565,41.0,0.0
333.4284413774349,42.0,0.0
333.43910772365933,41.0,0.0
333.4413299972205,42.0,0.0
333.44481057996427,41.0,0.0
333.4465561456164,42.0,0.0
333.46816287495227,43.0,0.0
333.480804369611,44.0,0.0
333.48801543987497,45.0,0.0
333.48932080312477,46.0,0.0
333.48989879775763,47.0,0.0
333.4990136333138,48.0,0.0
333.4993675739263,49.0,0.0
333.50755187916474,50.0,0.0
333.5080818303969,49.0,0.0
333.5102156434522,48.0,0.0
333.5162186477256,49.0,0.0
333.5241426589528,48.0,0.0
333.52555004323773,47.0,0.0
333.527865383081,46.0,0.0
333.52840257037104,47.0,0.0
333.5291582894516,46.0,0.0
333.5314206150777,45.0,0.0
333.5330053097342,46.0,0.0
333.5434719748292,47.0,0.0
333.5580967947959,48.0,0.0
333.55988012709594,47.0,0.0
333.5611853877788,46.0,0.0
333.56150337835925,45.0,0.0
333.574151230668,44.0,0.0
333.5758674271751,45.0,0.0
333.57890339451353,46.0,0.0
333.58726289907,47.0,0.0
333.59987880870153,48.0,0.0
333.60157949234525,49.0,0.0
333.6064528216803,48.0,0.0
333.6106224157806,49.0,0.0
333.62468515039467,48.0,0.0
333.6326697808206,49.0,0.0
333.6386003961221,50.0,0.0
333.6393571445602,51.0,0.0
333.64418090612315,52.0,0.0
333.6515707617285,51.0,0.0
333.6522563773092,52.0,0.0
333.66460544354607,51.0,0.0
333.6712054710173,52.0,0.0
333.67179959227343,53.0,0.0
333.6747512547659,54.0,0.0
333.6765865141061,55.0,0.0
333.68027969039485,54.0,0.0
333.6815550259286,55.0,0.0
333.68318890132747,56.0,0.0
333.684022183349,57.0,0.0
333.6858793319711,56.0,0.0
333.6890098276191,57.0,0.0
333.6981450507622,58.0,0.0
333.70029646080656,59.0,0.0
333.7058823456049,58.0,0.0
333.71413519965023,59.0,0.0
333.7162379198178,60.0,0.0
333.7197814385292,61.0,0.0
333.7236263794769,60.0,0.0
333.7410256262857,59.0,0.0
333.74182666416283,60.0,0.0
333.74541901431394,61.0,0.0
333.74588589227096,60.0,0.0
333.74946746330033,61.0,0.0
333.77064890558563,60.0,0.0
333.77452113735177,61.0,0.0
333.78307651153466,60.0,0.0
333.7852682895131,59.0,0.0
333.7881934863645,60.0,0.0
333.7932615178084,61.0,0.0
333.7969261930883,60.0,0.0
333.79749238403633,59.0,0.0
333.79768313004513,58.0,0.0
333.7999996493837,57.0,0.0
333.8057542498155,56.0,0.0
333.80762484667497,55.0,0.0
333.8080487828829,56.0,0.0
333.80981804340774,57.0,0.0
333.81631090418864,58.0,0.0
333.8323194472649,57.0,0.0
333.8352943259333,56.0,0.0
333.83641928357116,57.0,0.0
333.8411877486824,56.0,0.0
333.84291783414886,57.0,0.0
333.8550303749896,56.0,0.0
333.8579055437633,55.0,0.0
333.8593910911309,54.0,0.0
333.8619197695221,53.0,0.0
333.8639697224543,54.0,0.0
333.8643933481638,55.0,0.0
333.8667787932978,56.0,0.0
333.869889079211,57.0,0.0
333.87297436263486,58.0,0.0
333.8737819289731,57.0,0.0
333.8756841191162,56.0,0.0
333.8818522305441,55.0,0.0
333.8830159351247,56.0,0.0
333.88562933375766,57.0,0.0
333.8891579282084,58.0,0.0
333.89168937483794,57.0,0.0
333.8949179535708,56.0,0.0
333.898183343982,55.0,0.0
333.8992190150917,56.0,0.0
333.90419400409576,57.0,0.0
333.90598844888814,58.0,0.0
333.909131743678,59.0,0.0
333.9124524051173,60.0,0.0
333.91302755263877,61.0,0.0
333.9133725656373,60.0,0.0
333.91412374850927,61.0,0.0
333.9180425903557,60.0,0.0
333.9273443654922,59.0,0.0
333.93218834220954,60.0,0.0
333.94715012303516,61.0,0.0
333.94812944890356,62.0,0.0
333.96043257714405,61.0,0.0
333.9613213139666,62.0,0.0
333.9651433907842,61.0,0.0
333.96639493352166,62.0,0.0
333.97397752835855,63.0,0.0
333.97595264369824,62.0,0.0
333.97613160581733,63.0,0.0
333.98149367143856,64.0,0.0
333.985928552842,65.0,0.0
333.9894765093385,66.0,0.0
333.98955151397655,67.0,0.0
333.99526229158516,66.0,0.0
333.9971307278299,65.0,0.0
333.99773235589873,64.0,0.0
333.9981648662937,63.0,0.0
333.99910934290165,64.0,0.0
334.0014628686629,65.0,0.0
334.0153269324576,66.0,0.0
334.0187041142175,67.0,0.0
334.0282728324076,68.0,0.0
334.0317830342912,69.0,0.0
334.03293841863257,70.0,0.0
334.0349352836008,71.0,0.0
334.0379586601622,70.0,0.0
334.0406358756874,71.0,0.0
334.04458133035405,72.0,0.0
334.0449811158401,71.0,0.0
334.0492610492334,70.0,0.0
334.0532736182389,69.0,0.0
334.05783982184073,68.0,0.0
334.058668379612,69.0,0.0
334.06373200940436,70.0,0.0
334.07335063163487,69.0,0.0
334.0752376535705,70.0,0.0
334.077177915984,69.0,0.0
334.0809121596699,70.0,0.0
334.0811243696132,69.0,0.0
334.0971769122579,70.0,0.0
334.11033260034054,71.0,0.0
334.11235989615955,72.0,0.0
334.1135495925057,73.0,0.0
334.12245251551667,72.0,0.0
334.12738345543426,71.0,0.0
334.12887627142084,70.0,0.0
334.1307642666337,69.0,0.0
334.1335307266347,68.0,0.0
334.134451203253,67.0,0.0
334.1388963638442,68.0,0.0
334.1417893830998,69.0,0.0
334.1418917217392,70.0,0.0
334.14569087236407,69.0,0.0
334.1573357919059,70.0,0.0
334.159903544265,71.0,0.0
334.1623774851537,72.0,0.0
334.1671679910144,71.0,0.0
334.170852232597,72.0,0.0
334.1841964391458,71.0,0.0
334.18666698925915,72.0,0.0
334.2088273628641,73.0,0.0
334.2090190073011,74.0,0.0
334.2111760400406,73.0,0.0
334.2124180929949,74.0,0.0
334.2156457208556,75.0,0.0
334.2158540636244,74.0,0.0
334.21841901770154,75.0,0.0
334.2369666279509,74.0,0.0
334.24760902331724,75.0,0.0
334.257705098191,74.0,0.0
334.2589258563147,75.0,0.0
334.26198871557887,74.0,0.0
334.263050083608,73.0,0.0
334.2659737498971,72.0,0.0
334.2702764064897,71.0,0.0
334.27153246117444,72.0,0.0
334.2794407093922,73.0,0.0
334.3087946753955,74.0,0.0
334.3153892686266,73.0,0.0
334.3212091732911,74.0,0.0
334.32766097691115,75.0,0.0
334.3285877333323,74.0,0.0
334.33082121792944,75.0,0.0
334.33604297476995,76.0,0.0
334.34513200477085,75.0,0.0
334.3555278857695,76.0,0.0
334.35612858965317,75.0,0.0
334.35760859849836,76.0,0.0
334.3669910496721,77.0,0.0
334.3706782113036,76.0,0.0
334.3839527662561,77.0,0.0
334.3849669754093,78.0,0.0
334.38966055283004,79.0,0.0
334.4028574406867,80.0,0.0
334.4036477761533,81.0,0.0
334.4128210172296,82.0,0.0
334.41380170800215,83.0,0.0
334.4153879848483,82.0,0.0
334.4186632125519,81.0,0.0
334.421459175435,82.0,0.0
334.4229405718944,83.0,0.0
334.42578297942174,82.0,0.0
334.4307662230457,83.0,0.0
334.4332086639447,84.0,0.0
334.43399944053556,83.0,0.0
334.4363086250227,84.0,0.0
334.4375590916628,83.0,0.0
334.4431592599836,84.0,0.0
334.44476489272444,85.0,0.0
334.4546197604757,84.0,0.0
334.4581146314273,83.0,0.0
334.45838966881144,84.0,0.0
334.46195534787245,83.0,0.0
334.46530162202777,84.0,0.0
334.47351867396964,83.0,0.0
334.47711571490305,84.0,0.0
334.48764142338297,85.0,0.0
334.48769231346455,84.0,0.0
334.48807291744095,85.0,0.0
334.4893013721594,84.0,0.0
334.49582497202863,85.0,0.0
334.4988047543761,86.0,0.0
334.5007985920239,87.0,0.0
334.5037460225572,86.0,0.0
334.5125599306628,85.0,0.0
334.5162131227012,86.0,0.0
334.5331422691567,87.0,0.0
334.539840923634,88.0,0.0
334.5435946943333,89.0,0.0
334.54944697313374,90.0,0.0
334.5645497553782,89.0,0.0
334.5650072200679,88.0,0.0
334.565927361765,87.0,0.0
334.56593029693903,88.0,0.0
334.5819602065982,87.0,0.0
334.5848564523815,88.0,0.0
334.58765410433904,89.0,0.0
334.5897989547629,90.0,0.0
334.59055597768315,89.0,0.0
334.59066114406755,88.0,0.0
334.59488661909177,87.0,0.0
334.60261467469064,88.0,0.0
334.6045777836033,87.0,0.0
334.60493053207705,88.0,0.0
334.61062613741495,87.0,0.0
334.61982785271846,86.0,0.0
334.62387775418983,85.0,0.0
334.643387576444,86.0,0.0
334.6442692824399,85.0,0.0
334.650736454601,84.0,0.0
334.6555628779725,83.0,0.0
334.6664408250439,84.0,0.0
334.6671860147816,85.0,0.0
334.67669701915037,84.0,0.0
334.6791925778454,83.0,0.0
334.6800627958321,84.0,0.0
334.68556737247695,85.0,0.0
334.69680461155224,86.0,0.0
334.7035936457922,87.0,0.0
334.7041411934246,88.0,0.0
334.74082606647363,89.0,0.0
334.74403871981724,90.0,0.0
334.74843210893084,89.0,0.0
334.76165466013646,90.0,0.0
334.7790892426354,91.0,0.0
334.78105659633474,90.0,0.0
334.7837433254139,89.0,0.0
334.790347650913,90.0,0.0
334.79744034540875,91.0,0.0
334.7978860124659,92.0,0.0
334.8024869015017,93.0,0.0
334.80327362030766,94.0,0.0
334.8039660473565,93.0,0.0
334.8051643927394,94.0,0.0
334.806845297769,95.0,0.0
334.8162153484516,94.0,0.0
334.83281813980904,93.0,0.0
334.8420692827718,92.0,0.0
334.84533325037506,91.0,0.0
334.84680885473125,92.0,0.0
334.8483949258068,91.0,0.0
334.84991901118036,90.0,0.0
334.85081783958236,91.0,0.0
334.85470622217025,92.0,0.0
334.8624722021656,93.0,0.0
334.86339625558355,92.0,0.0
334.86878445374026,91.0,0.0
334.8720118043549,90.0,0.0
334.8745316744268,91.0,0.0
334.8752910526262,92.0,0.0
334.875320496371,91.0,0.0
334.879409970401,92.0,0.0
334.8897053236967,91.0,0.0
334.89491960084797,90.0,0.0
334.9053668710146,91.0,0.0
334.92738990235796,90.0,0.0
334.93865973277764,91.0,0.0
334.9409267234597,90.0,0.0
334.9439588483105,91.0,0.0
334.9462350719768,92.0,0.0
334.9493184942162,93.0,0.0
334.9709884607147,94.0,0.0
334.9724586618052,95.0,0.0
334.9742565284307,96.0,0.0
334.97877060151524,97.0,0.0
334.9911517821841,96.0,0.0
334.9950403639603,97.0,0.0
335.00785006151307,96.0,0.0
335.0155390054752,97.0,0.0
335.01952629384687,98.0,0.0
335.0289743757501,99.0,0.0
335.032065119127,100.0,0.0
335.03413328292345,101.0,0.0
335.03597459143845,102.0,0.0
335.04899173487104,101.0,0.0
335.05665592345287,100.0,0.0
335.05965539210246,101.0,0.0
335.06384420353345,102.0,0.0
335.07105896068646,101.0,0.0
335.07517491969156,100.0,0.0
335.0981221154563,101.0,0.0
335.09903924820003,100.0,0.0
335.1017172837089,101.0,0.0
335.10666822443244,100.0,0.0
335.1077705418985,101.0,0.0
335.11484944627614,102.0,0.0
335.11516790921115,101.0,0.0
335.12751065198256,102.0,0.0
335.1391760701558,103.0,0.0
335.14166346352175,104.0,0.0
335.1419958597315,105.0,0.0
335.14456937072475,106.0,0.0
335.15387385595835,107.0,0.0
335.15486648685396,108.0,0.0
335.16130404805796,109.0,0.0
335.1622398450313,110.0,0.0
335.1687197762314,111.0,0.0
335.1711050722348,110.0,0.0
335.17330781591147,111.0,0.0
335.1767987816994,112.0,0.0
335.1861086264722,113.0,0.0
335.191489179415,114.0,0.0
335.19379123629665,113.0,0.0
335.19393180292406,114.0,0.0
335.1946546736706,115.0,0.0
335.20041433432425,114.0,0.0
335.2011901305324,113.0,0.0
335.21204227279,114.0,0.0
335.21254336558167,115.0,0.0
335.21405638854014,114.0,0.0
335.21820017367577,115.0,0.0
335.2278728263655,116.0,0.0
335.229684900759,115.0,0.0
335.2313374513408,114.0,0.0
335.23733384760453,115.0,0.0
335.23780687033275,114.0,0.0
335.24574433516216,113.0,0.0
335.24809258120115,114.0,0.0
335.2581313052828,113.0,0.0
335.2592633314404,114.0,0.0
335.2654487780336,115.0,0.0
335.26670059814523,116.0,0.0
335.26886707683985,117.0,0.0
335.26910196574244,118.0,0.0
335.2743376305407,117.0,0.0
335.28282942241236,118.0,0.0
335.28317328310834,119.0,0.0
335.2980879088607,120.0,0.0
335.30397635535815,119.0,0.0
335.30931833613056,120.0,0.0
335.3100671286324,121.0,0.0
335.3114825440607,122.0,0.0
335.3162118577392,121.0,0.0
335.32049290691884,122.0,0.0
335.3330772351404,123.0,0.0
335.3389162663524,122.0,0.0
335.3394194206139,123.0,0.0
335.3494675631255,124.0,0.0
335.35767207904314,123.0,0.0
335.36725743250577,124.0,0.0
335.3700588950164,125.0,0.0
335.3705839389592,124.0,0.0
335.38222583015005,125.0,0.0
335.3846356044553,124.0,0.0
335.39145003521503,123.0,0.0
335.3953326315529,122.0,0.0
335.41825870178764,121.0,0.0
335.4238176807765,122.0,0.0
335.43352053310775,123.0,0.0
335.4415459982165,124.0,0.0
335.4433178970253,123.0,0.0
335.4446028744042,122.0,0.0
335.4496867328078,123.0,0.0
335.4497691561833,122.0,0.0
335.4546431052156,121.0,0.0
335.4641148496736,120.0,0.0
335.4655964392443,121.0,0.0
335.46720146592713,122.0,0.0
335.46978299297314,121.0,0.0
335.4714672872489,120.0,0.0
335.4722966086331,121.0,0.0
335.4773828920762,122.0,0.0
335.47968664291915,121.0,0.0
335.4820384324557,122.0,0.0
335.4825637957372,123.0,0.0
335.4908296682798,122.0,0.0
335.4969809868595,121.0,0.0
335.5015568611726,122.0,0.0
335.502714812072,121.0,0.0
335.50386519894715,122.0,0.0
335.51343787857326,123.0,0.0
335.51562219670626,124.0,0.0
335.5223499309743,125.0,0.0
335.5276025127943,124.0,0.0
335.5297956340344,125.0,0.0
335.5308414219034,126.0,0.0
335.53283260119224,127.0,0.0
335.53454101014626,126.0,0.0
335.5447009369319,127.0,0.0
335.54486483866606,128.0,0.0
335.55121216621944,127.0,0.0
335.5519979520859,128.0,0.0
335.5649013181578,127.0,0.0
335.58159154304246,128.0,0.0
335.5823903812379,129.0,0.0
335.58903521102616,130.0,0.0
335.6025763176039,129.0,0.0
335.6074476960092,130.0,0.0
335.6109169068319,129.0,0.0
335.6172319526445,128.0,0.0
335.62091186840485,129.0,0.0
335.62217615812807,130.0,0.0
335.6253199376007,131.0,0.0
335.6282164657509,132.0,0.0
335.6361476246067,131.0,0.0
335.6362481542903,132.0,0.0
335.6436711156034,133.0,0.0
335.650729952457,134.0,0.0
335.6514909635693,135.0,0.0
335.6556691710891,136.0,0.0
335.6614557034149,137.0,0.0
335.66515356901624,136.0,0.0
335.6664326857854,137.0,0.0
335.6672479518217,138.0,0.0
335.66790438559457,139.0,0.0
335.67580485773686,138.0,0.0
335.68019777090507,139.0,0.0
335.68610054110434,138.0,0.0
335.7023705424406,139.0,0.0
335.71580163198087,138.0,0.0
335.7191975870005,139.0,0.0
335.7195153157241,138.0,0.0
335.71981745126385,139.0,0.0
335.7294428627136,140.0,0.0
335.72970266461505,141.0,0.0
335.73260501540386,140.0,0.0
335.73746882581395,139.0,0.0
335.74393069967067,138.0,0.0
335.74696488054366,139.0,0.0
335.7495181947073,140.0,0.0
335.7507701798742,141.0,0.0
335.76081604851004,142.0,0.0
335.7745566144382,141.0,0.0
335.7782611357983,142.0,0.0
335.7793526069961,141.0,0.0
335.78032863191055,140.0,0.0
335.7838483099138,141.0,0.0
335.7852657728416,142.0,0.0
335.78797469263276,143.0,0.0
335.7921071206598,144.0,0.0
335.793770982001,145.0,0.0
335.7978383357272,146.0,0.0
335.80223596434126,147.0,0.0
335.8031927802009,148.0,0.0
335.80758094606205,149.0,0.0
335.8096117669972,148.0,0.0
335.81130224816735,149.0,0.0
335.81463850442736,148.0,0.0
335.8228605176756,147.0,0.0
335.82298402226564,148.0,0.0
335.83937550609204,147.0,0.0
335.8401175150913,148.0,0.0
335.8447230776836,147.0,0.0
335.84630036955696,146.0,0.0
335.85306247506406,147.0,0.0
335.85597385678324,146.0,0.0
335.85823262536337,145.0,0.0
335.8607580656072,146.0,0.0
335.86455509346865,145.0,0.0
335.8669303265012,146.0,0.0
335.87620865527066,147.0,0.0
335.87799333538993,146.0,0.0
335.8880207633641,147.0,0.0
335.88833337603023,146.0,0.0
335.89005435985365,147.0,0.0
335.9121526478099,148.0,0.0
335.9124804611978,147.0,0.0
335.9157224105302,146.0,0.0
335.91613706974687,147.0,0.0
335.92182925831395,146.0,0.0
335.9273932989824,145.0,0.0
335.92754313271894,144.0,0.0
335.9278721344332,143.0,0.0
335.9321410785014,142.0,0.0
335.9342506111685,141.0,0.0
335.93889002205856,140.0,0.0
335.9436167563884,141.0,0.0
335.94707715801997,140.0,0.0
335.9506068242676,139.0,0.0
335.95769049923416,140.0,0.0
335.96264061697576,139.0,0.0
335.9808756866561,138.0,0.0
335.98278031001695,139.0,0.0
335.9931709570741,138.0,0.0
335.9967341278472,137.0,0.0
335.99731016918446,138.0,0.0
336.00116402028374,137.0,0.0
336.00336319050905,138.0,0.0
336.00515901435244,139.0,0.0
336.0102832402181,138.0,0.0
336.0103862581646,137.0,0.0
336.0117984889548,136.0,0.0
336.0191930794217,135.0,0.0
336.02051702387126,134.0,0.0
336.0210514996092,135.0,0.0
336.0242116396421,136.0,0.0
336.041049762736,137.0,0.0
336.06321293980517,138.0,0.0
336.0639548535494,139.0,0.0
336.06623108596295,138.0,0.0
336.0675522143025,139.0,0.0
336.06774116439163,138.0,0.0
336.070148083611,137.0,0.0
336.0750775567772,136.0,0.0
336.08162127048956,137.0,0.0
336.09063171191855,136.0,0.0
336.0914870283089,135.0,0.0
336.09917232059996,134.0,0.0
336.1000430234931,133.0,0.0
336.1008160599969,132.0,0.0
336.11278725139806,131.0,0.0
336.1161604017501,132.0,0.0
336.12340402152495,131.0,0.0
336.12833576191014,130.0,0.0
336.13026587691337,129.0,0.0
336.13256422607265,128.0,0.0
336.136107229767,127.0,0.0
336.1366682579364,128.0,0.0
336.1404701660828,127.0,0.0
336.14459791987616,126.0,0.0
336.14667876462437,127.0,0.0
336.1517198869196,128.0,0.0
336.16241821491616,129.0,0.0
336.1666155077288,128.0,0.0
336.17130997141726,127.0,0.0
336.1720643027504,126.0,0.0
336.1746958773059,127.0,0.0
336.17971808073787,126.0,0.0
336.18597411744236,125.0,0.0
336.19042712089714,126.0,0.0
336.194987521946,125.0,0.0
336.19622364065333,124.0,0.0
336.19888521541463,123.0,0.0
336.2112564773783,122.0,0.0
336.2164454365374,123.0,0.0
336.219218724782,122.0,0.0
336.2321894592889,121.0,0.0
336.2355422434753,122.0,0.0
336.2480287225976,123.0,0.0
336.24864804217617,124.0,0.0
336.2505292290185,123.0,0.0
336.2513136333036,124.0,0.0
336.2515468134123,123.0,0.0
336.25243831199526,124.0,0.0
336.2661396924612,123.0,0.0
336.2765429529119,124.0,0.0
336.2807402900049,125.0,0.0
336.2821526969495,126.0,0.0
336.2904951145049,125.0,0.0
336.29781231936454,126.0,0.0
336.30026592526815,127.0,0.0
336.3095211446781,126.0,0.0
336.30972305240715,125.0,0.0
336.32538796357767,126.0,0.0
336.3260822099548,125.0,0.0
336.32705867866144,124.0,0.0
336.32737636138853,125.0,0.0
336.3377592654906,124.0,0.0
336.3378903006332,123.0,0.0
336.3531901367443,124.0,0.0
336.3554438559494,125.0,0.0
336.35913705818,126.0,0.0
336.36330997905026,125.0,0.0
336.36415663480335,126.0,0.0
336.3765051400391,127.0,0.0
336.381001588577,128.0,0.0
336.4001013094718,127.0,0.0
336.4201648807306,126.0,0.0
336.42338700190055,125.0,0.0
336.43077473512324,126.0,0.0
336.4390701939234,127.0,0.0
336.44232957685193,128.0,0.0
336.44504040806174,127.0,0.0
336.4474722308752,126.0,0.0
336.44815965419167,125.0,0.0
336.46258500145603,124.0,0.0
336.4840440271748,123.0,0.0
336.49031067899347,124.0,0.0
336.4965542639251,125.0,0.0
336.496900582492,126.0,0.0
336.500438920989,125.0,0.0
336.50653776325333,124.0,0.0
336.5127720727363,123.0,0.0
336.5165912276638,124.0,0.0
336.52769172393664,123.0,0.0
336.53069715403956,124.0,0.0
336.5376686591754,125.0,0.0
336.5398954729897,126.0,0.0
336.5409167369701,127.0,0.0
336.54269594281845,126.0,0.0
336.5571912323667,125.0,0.0
336.56264446887786,124.0,0.0
336.56286848202524,125.0,0.0
336.56445073461157,126.0,0.0
336.56449827289566,125.0,0.0
336.5666075182621,126.0,0.0
336.56868142860696,127.0,0.0
336.58152177041404,126.0,0.0
336.5856308164394,127.0,0.0
336.5858780298401,126.0,0.0
336.588403474034,127.0,0.0
336.5909382129822,128.0,0.0
336.5972894556827,129.0,0.0
336.59869325127534,130.0,0.0
336.6010000647981,131.0,0.0
336.6082620235212,130.0,0.0
336.61036092467685,131.0,0.0
336.61280767157973,130.0,0.0
336.61576202128657,131.0,0.0
336.61628783383446,130.0,0.0
336.6179717905061,129.0,0.0
336.62732119509934,128.0,0.0
336.62764541356785,129.0,0.0
336.634610329129,130.0,0.0
336.63600334102836,131.0,0.0
336.64338593322236,130.0,0.0
336.64714793228785,131.0,0.0
336.6484775878197,130.0,0.0
336.64921530991603,129.0,0.0
336.65133147659975,128.0,0.0
336.65890643043775,129.0,0.0
336.6659356229919,130.0,0.0
336.68689221099726,131.0,0.0
336.69151344587584,132.0,0.0
336.71142541148356,131.0,0.0
336.7143451100046,132.0,0.0
336.7230464841562,133.0,0.0
336.7232738146128,134.0,0.0
336.73145279824615,133.0,0.0
336.73312183416454,132.0,0.0
336.7589653654148,131.0,0.0
336.7611221456274,130.0,0.0
336.7673327370786,131.0,0.0
336.77194252788865,130.0,0.0
336.7723371400248,129.0,0.0
336.7826599092944,130.0,0.0
336.7893823879086,129.0,0.0
336.79053623597457,128.0,0.0
336.79226686258806,127.0,0.0
336.80614156739495,128.0,0.0
336.81116058291576,127.0,0.0
336.8114170660182,128.0,0.0
336.8123577437298,127.0,0.0
336.8200809720969,128.0,0.0
336.8267964931231,129.0,0.0
336.83435207873464,130.0,0.0
336.841774012637,131.0,0.0
336.84821157977206,130.0,0.0
336.851906134923,129.0,0.0
336.85979429700046,128.0,0.0
336.8708157888452,129.0,0.0
336.8717825232557,128.0,0.0
336.881585856406,127.0,0.0
336.8903944352838,126.0,0.0
336.89080004682336,125.0,0.0
336.8990165371128,126.0,0.0
336.9011372227838,125.0,0.0
336.9040871260363,126.0,0.0
336.9059033729051,125.0,0.0
336.9250012889885,126.0,0.0
336.926372336926,125.0,0.0
336.92923222057595,124.0,0.0
336.9373687525135,125.0,0.0
336.9440752745281,126.0,0.0
336.94532638585105,127.0,0.0
336.95616928176327,128.0,0.0
336.9564126077239,129.0,0.0
336.95985117555443,128.0,0.0
336.964128450646,129.0,0.0
336.99779653629906,130.0,0.0
337.00057113036104,131.0,0.0
337.0145008991028,132.0,0.0
337.01491403463274,131.0,0.0
337.035404901366,132.0,0.0
337.03716105794643,133.0,0.0
337.0392801116317,134.0,0.0
337.0393939277621,135.0,0.0
337.04851795626604,136.0,0.0
337.0538177984621,135.0,0.0
337.07383052608344,134.0,0.0
337.0752575658485,135.0,0.0
337.07837733597796,134.0,0.0
337.08124249947764,135.0,0.0
337.0854223696561,136.0,0.0
337.08889228535566,135.0,0.0
337.0889887442478,136.0,0.0
337.0947836222673,137.0,0.0
337.1050810752095,136.0,0.0
337.1098665731185,137.0,0.0
337.1143511457313,138.0,0.0
337.11847336293516,139.0,0.0
337.12390279867066,140.0,0.0
337.1288382883156,141.0,0.0
337.1382091181761,142.0,0.0
337.13924702487424,143.0,0.0
337.14311225439485,142.0,0.0
337.14770797818784,143.0,0.0
337.149783256283,142.0,0.0
337.1766760150711,141.0,0.0
337.1916309237429,142.0,0.0
337.20937997328434,141.0,0.0
337.2108569221852,140.0,0.0
337.25687840276106,141.0,0.0
337.26912352522777,140.0,0.0
337.2870656792933,139.0,0.0
337.28979608409594,140.0,0.0
337.29149213399296,139.0,0.0
337.29239303531847,140.0,0.0
337.2948540720797,139.0,0.0
337.29657517086366,138.0,0.0
337.30289824457356,139.0,0.0
337.31010368870506,140.0,0.0
337.3223789870584,141.0,0.0
337.32513435431184,142.0,0.0
337.336082084707,141.0,0.0
337.34218613697965,140.0,0.0
337.3566076759627,141.0,0.0
337.3579966947036,142.0,0.0
337.35895721741525,143.0,0.0
337.36123340545316,144.0,0.0
337.3655040498675,145.0,0.0
337.3699108367587,144.0,0.0
337.3864448648143,145.0,0.0
337.39770143361005,146.0,0.0
337.39805842369515,147.0,0.0
337.3996362691924,146.0,0.0
337.4214641681706,145.0,0.0
337.4224012623236,144.0,0.0
337.4260552413884,145.0,0.0
337.4316987182924,144.0,0.0
337.43404670070095,145.0,0.0
337.4375587951193,144.0,0.0
337.4376380560942,143.0,0.0
337.4454358642567,144.0,0.0
337.44735272571063,143.0,0.0
337.4575501196099,144.0,0.0
337.4625385144982,143.0,0.0
337.4633461581027,144.0,0.0
337.4654832396287,143.0,0.0
337.46744123488185,142.0,0.0
337.47333093723665,143.0,0.0
337.4736878802071,144.0,0.0
337.47650071712314,145.0,0.0
337.4859814311217,146.0,0.0
337.4874714730471,145.0,0.0
337.49367799509827,144.0,0.0
337.4995727679525,145.0,0.0
337.5033987775546,144.0,0.0
337.53757720245903,143.0,0.0
337.53924285485914,142.0,0.0
337.542044325069,141.0,0.0
337.5547084155673,142.0,0.0
337.5567528209486,141.0,0.0
337.5572621874659,142.0,0.0
337.5610756656432,143.0,0.0
337.5672562655511,144.0,0.0
337.57042962023297,145.0,0.0
337.5707667026602,144.0,0.0
337.5735052414152,145.0,0.0
337.57366808573175,144.0,0.0
337.57503927872136,145.0,0.0
337.576371389089,146.0,0.0
337.57832764297825,145.0,0.0
337.5852442112882,144.0,0.0
337.5884024776725,143.0,0.0
337.5925429392013,144.0,0.0
337.59268673927454,145.0,0.0
337.5993434810175,146.0,0.0
337.60097524297083,147.0,0.0
337.6130671280851,146.0,0.0
337.62021719654905,147.0,0.0
337.63534684370717,148.0,0.0
337.65633913391184,147.0,0.0
337.66040199555965,148.0,0.0
337.6610250091164,149.0,0.0
337.6662064102466,150.0,0.0
337.6686308656186,151.0,0.0
337.6693359344686,152.0,0.0
337.6712231359772,151.0,0.0
337.6765961659913,150.0,0.0
337.6809569070734,149.0,0.0
337.6817133651418,150.0,0.0
337.6833390068454,151.0,0.0
337.6895210540329,152.0,0.0
337.6913957105613,151.0,0.0
337.7023380229135,152.0,0.0
337.7095562674601,151.0,0.0
337.71995715981365,152.0,0.0
337.7277647516234,151.0,0.0
337.7287572299518,152.0,0.0
337.72964185094946,151.0,0.0
337.7399075752671,152.0,0.0
337.7476861709972,151.0,0.0
337.74990697755925,150.0,0.0
337.749918604938,151.0,0.0
337.75099897954215,150.0,0.0
337.751496833357,149.0,0.0
337.7520486226635,150.0,0.0
337.7559220317523,149.0,0.0
337.76482568824105,148.0,0.0
337.7688241861881,149.0,0.0
337.7762242815146,148.0,0.0
337.783284695465,147.0,0.0
337.78504828635437,148.0,0.0
337.78704826243785,149.0,0.0
337.79280227108353,150.0,0.0
337.79430708575063,149.0,0.0
337.80017461783433,150.0,0.0
337.805946481299,151.0,0.0
337.8060412846067,152.0,0.0
337.8090501047722,151.0,0.0
337.81173275222346,150.0,0.0
337.8250952901602,151.0,0.0
337.8273243022857,150.0,0.0
337.8282990018361,151.0,0.0
337.8381673899302,152.0,0.0
337.84242240945946,151.0,0.0
337.8450214429592,150.0,0.0
337.84696375520116,151.0,0.0
337.84846588677516,150.0,0.0
337.8490281834488,151.0,0.0
337.84941075458033,150.0,0.0
337.8544387557841,151.0,0.0
337.8597530226149,150.0,0.0
337.86108037937805,151.0,0.0
337.86328724768526,150.0,0.0
337.8698302583843,149.0,0.0
337.8796886437734,148.0,0.0
337.88058525930853,147.0,0.0
337.8812537115793,148.0,0.0
337.8911891136058,147.0,0.0
337.89472716007094,148.0,0.0
337.9096799171382,147.0,0.0
337.91095405336233,148.0,0.0
337.91264511695323,149.0,0.0
337.9174810350042,148.0,0.0
337.92005931336615,147.0,0.0
337.93392728024406,146.0,0.0
337.93627293121716,145.0,0.0
337.94247696079515,146.0,0.0
337.951510068208,145.0,0.0
337.9543249075467,144.0,0.0
337.9608135332761,143.0,0.0
337.96115593819326,144.0,0.0
337.9696711767017,143.0,0.0
337.9703833272621,142.0,0.0
337.9740608620862,143.0,0.0
337.992759597286,142.0,0.0
337.99561371472214,141.0,0.0
338.01607596703064,142.0,0.0
338.0211784319464,143.0,0.0
338.0221358083663,144.0,0.0
338.0302704161441,145.0,0.0
338.04807180699925,144.0,0.0
338.05065971489154,143.0,0.0
338.0514101577144,142.0,0.0
338.05375211295456,143.0,0.0
338.05535733512875,144.0,0.0
338.0583958859864,145.0,0.0
338.0674527578035,144.0,0.0
338.0707309672543,143.0,0.0
338.0802215788005,144.0,0.0
338.1103013762966,143.0,0.0
338.1132803028195,144.0,0.0
338.12393379362,143.0,0.0
338.1243690242653,142.0,0.0
338.13650835866486,141.0,0.0
338.13694197852703,142.0,0.0
338.1574658041337,141.0,0.0
338.17237777561326,140.0,0.0
338.17635726508155,139.0,0.0
338.17914478992714,140.0,0.0
338.1850798479349,141.0,0.0
338.18734304324323,140.0,0.0
338.19164872945845,139.0,0.0
338.19910733696656,138.0,0.0
338.2018366032576,137.0,0.0
338.2033923558958,138.0,0.0
338.2151156178038,139.0,0.0
338.2259667453875,138.0,0.0
338.23124875924594,137.0,0.0
338.23527331502953,136.0,0.0
338.2406665064907,135.0,0.0
338.2423810386954,134.0,0.0
338.2517020053047,135.0,0.0
338.25507012078737,134.0,0.0
338.2647303789607,133.0,0.0
338.26516906792574,134.0,0.0
338.271033216171,135.0,0.0
338.2767376425982,134.0,0.0
338.2768414822688,133.0,0.0
338.30010343640885,134.0,0.0
338.31877293309816,135.0,0.0
338.32293719079104,136.0,0.0
338.32754752790004,137.0,0.0
338.34933881132264,138.0,0.0
338.3545367041102,139.0,0.0
338.3633387614184,138.0,0.0
338.3787879010642,137.0,0.0
338.4131756322356,138.0,0.0
338.4153350954133,139.0,0.0
338.42482534143016,138.0,0.0
338.4264442855057,137.0,0.0
338.4325764165308,136.0,0.0
338.43296252922556,137.0,0.0
338.4488920961317,138.0,0.0
338.45333449041766,139.0,0.0
338.4560175132355,138.0,0.0
338.4807857657984,139.0,0.0
338.4808153354405,140.0,0.0
338.48199533432194,139.0,0.0
338.50367174010086,140.0,0.0
338.51130087467413,139.0,0.0
338.51301210218196,138.0,0.0
338.5331272014092,139.0,0.0
338.5337450339842,140.0,0.0
338.5359526639739,141.0,0.0
338.54457143674705,140.0,0.0
338.54532577919787,141.0,0.0
338.5541336550537,142.0,0.0
338.55893243643584,143.0,0.0
338.56203018160204,144.0,0.0
338.56449696814855,143.0,0.0
338.56995065667195,142.0,0.0
338.59487610487093,141.0,0.0
338.59667530889055,142.0,0.0
338.6131649570481,141.0,0.0
338.6136191715043,140.0,0.0
338.6192207948868,141.0,0.0
338.63372264307935,140.0,0.0
338.65077826327797,141.0,0.0
338.6637343787973,140.0,0.0
338.6657551733922,139.0,0.0
338.6767120285391,140.0,0.0
338.6798792812586,139.0,0.0
338.69179971500574,138.0,0.0
338.69909917602484,137.0,0.0
338.70010507285264,138.0,0.0
338.70674694372923,137.0,0.0
338.70692714493106,136.0,0.0
338.7093318639686,135.0,0.0
338.7133754794005,134.0,0.0
338.71695288618787,135.0,0.0
338.72256948905135,134.0,0.0
338.72878467660126,133.0,0.0
338.7385741488545,132.0,0.0
338.7458512841475,133.0,0.0
338.7514744985369,132.0,0.0
338.7548077806159,133.0,0.0
338.75613482139073,132.0,0.0
338.7631911441922,133.0,0.0
338.7632628800117,132.0,0.0
338.764824550339,131.0,0.0
338.7699160604157,132.0,0.0
338.7709805291762,131.0,0.0
338.7776830923489,130.0,0.0
338.7784222625692,129.0,0.0
338.7818462868779,130.0,0.0
338.7852718257816,129.0,0.0
338.7898174439793,128.0,0.0
338.7911813614401,127.0,0.0
338.7995326247176,126.0,0.0
338.7997444123134,127.0,0.0
338.8016579527642,128.0,0.0
338.81483598270154,127.0,0.0
338.82028763428883,126.0,0.0
338.82891951460476,125.0,0.0
338.8417072059122,124.0,0.0
338.8425911664127,125.0,0.0
338.8449201740274,124.0,0.0
338.85174782208236,123.0,0.0
338.85706495353537,122.0,0.0
338.86652640705876,121.0,0.0
338.86955842229827,120.0,0.0
338.87033497021525,119.0,0.0
338.87704292604013,120.0,0.0
338.88319448860256,119.0,0.0
338.88993561189216,120.0,0.0
338.89400926819417,119.0,0.0
338.8979162938009,120.0,0.0
338.8989335486389,121.0,0.0
338.8998901301791,122.0,0.0
338.9035462146156,121.0,0.0
338.9035500968386,122.0,0.0
338.9180555734555,121.0,0.0
338.92142438876124,122.0,0.0
338.92832521104253,123.0,0.0
338.9403853422693,122.0,0.0
338.9421918473399,123.0,0.0
338.9535976880376,122.0,0.0
338.9543632020215,121.0,0.0
338.95797550594364,122.0,0.0
338.96508356671103,121.0,0.0
338.9817113434593,120.0,0.0
338.985516412502,119.0,0.0
338.9914603578999,118.0,0.0
338.99806477837245,119.0,0.0
339.0060673306206,118.0,0.0
339.00841838354006,117.0,0.0
339.0177895540346,118.0,0.0
339.01827372327756,117.0,0.0
339.0230727194558,116.0,0.0
339.02559256276714,117.0,0.0
339.0261933882524,116.0,0.0
339.03420680828225,115.0,0.0
339.03987313118404,114.0,0.0
339.0575955166188,113.0,0.0
339.0653622546161,114.0,0.0
339.0665691932089,115.0,0.0
339.0692384757074,114.0,0.0
339.07156180941763,113.0,0.0
339.072481263487,114.0,0.0
339.0805034720091,113.0,0.0
339.08575836698816,112.0,0.0
339.08679704286305,113.0,0.0
339.09632206906235,114.0,0.0
339.0987565124891,115.0,0.0
339.101020199304,116.0,0.0
339.103657518469,115.0,0.0
339.10617639143925,114.0,0.0
339.1132004112596,115.0,0.0
339.1174293472369,116.0,0.0
339.12209813519235,115.0,0.0
339.123143117074,114.0,0.0
339.1285580132851,113.0,0.0
339.133676593717,114.0,0.0
339.13814295352586,113.0,0.0
339.1515744305332,112.0,0.0
339.1622570848491,113.0,0.0
339.16390464806847,114.0,0.0
339.1644555811652,113.0,0.0
339.1680094516829,112.0,0.0
339.17575454829665,113.0,0.0
339.1796875489203,114.0,0.0
339.18048747188465,113.0,0.0
339.1807357631138,114.0,0.0
339.1819987793692,113.0,0.0
339.18610557481475,112.0,0.0
339.19234274442977,113.0,0.0
339.192417052257,112.0,0.0
339.205398127903,111.0,0.0
339.20657004741093,110.0,0.0
339.2171583250326,109.0,0.0
339.22432500133243,108.0,0.0
339.233411708472,109.0,0.0
339.24197666622547,108.0,0.0
339.2420348754692,107.0,0.0
339.24831237010466,108.0,0.0
339.25176657886703,107.0,0.0
339.25262541738016,106.0,0.0
339.2666188430661,105.0,0.0
339.26887893129907,106.0,0.0
339.26901048597057,105.0,0.0
339.27291045018774,106.0,0.0
339.2735513518485,105.0,0.0
339.29262341979893,104.0,0.0
339.2991650737755,103.0,0.0
339.30473415236713,104.0,0.0
339.30736466388953,103.0,0.0
339.31037020802216,102.0,0.0
339.3104575765047,103.0,0.0
339.3112581005532,102.0,0.0
339.31746326326635,101.0,0.0
339.3400713191907,100.0,0.0
339.3453546054314,99.0,0.0
339.35234096780124,98.0,0.0
339.3628030923799,97.0,0.0
339.36602402179466,98.0,0.0
339.3661754110864,97.0,0.0
339.38082687296765,96.0,0.0
339.38575516935384,95.0,0.0
339.38874509755476,94.0,0.0
339.40292574646395,93.0,0.0
339.4034195407853,94.0,0.0
339.4184174925096,95.0,0.0
339.4275075402101,96.0,0.0
339.4298860586833,97.0,0.0
339.4357504992871,98.0,0.0
339.43990777783927,97.0,0.0
339.45290716463853,96.0,0.0
339.4557659154265,97.0,0.0
339.45903027789075,96.0,0.0
339.47507113572976,95.0,0.0
339.4813364778541,96.0,0.0
339.4887703655096,95.0,0.0
339.496913433232,94.0,0.0
339.5005162613193,95.0,0.0
339.51907546013365,96.0,0.0
339.5387981030912,95.0,0.0
339.5391147382497,94.0,0.0
339.5403693200692,93.0,0.0
339.5508221885649,92.0,0.0
339.55725782660227,93.0,0.0
339.5624356805841,94.0,0.0
339.581235552064,93.0,0.0
339.589423847533,94.0,0.0
339.59243519857847,93.0,0.0
339.59560281156575,92.0,0.0
339.59571201984323,91.0,0.0
339.59595223555493,92.0,0.0
339.60010507825837,91.0,0.0
339.6061982697147,90.0,0.0
339.6062097639547,91.0,0.0
339.6064760241968,92.0,0.0
339.609388146248,91.0,0.0
339.61410778003915,92.0,0.0
339.6142704624076,91.0,0.0
339.6178495813861,92.0,0.0
339.64821684455944,91.0,0.0
339.654443699031,90.0,0.0
339.65614982669655,89.0,0.0
339.6571783193238,88.0,0.0
339.6653593918587,87.0,0.0
339.66573890712,88.0,0.0
339.69788389041275,87.0,0.0
339.6994637522652,86.0,0.0
339.6997650010943,87.0,0.0
339.7000093705881,86.0,0.0
339.70135590122794,85.0,0.0
339.70621696143576,84.0,0.0
339.7084315008533,83.0,0.0
339.709475647349,84.0,0.0
339.7163925248828,85.0,0.0
339.7185120132679,84.0,0.0
339.7197194217623,83.0,0.0
339.72118084865474,84.0,0.0
339.72620592750354,85.0,0.0
339.7342138650974,84.0,0.0
339.7364871339681,83.0,0.0
339.73854040214053,82.0,0.0
339.7422091400984,83.0,0.0
339.748691499703,84.0,0.0
339.7566254384703,83.0,0.0
339.76053610989317,82.0,0.0
339.76505771378135,81.0,0.0
339.76524506562646,82.0,0.0
339.76652406649873,81.0,0.0
339.7865886168719,82.0,0.0
339.79056335532476,81.0,0.0
339.79426426863984,82.0,0.0
339.8037803137536,83.0,0.0
339.80987314947345,82.0,0.0
339.81093206012036,81.0,0.0
339.817402218711,82.0,0.0
339.8440474450383,83.0,0.0
339.87712341740985,82.0,0.0
339.8787437149932,83.0,0.0
339.8827505166255,84.0,0.0
339.8935767105364,83.0,0.0
339.90649328158906,82.0,0.0
339.90869695315945,81.0,0.0
339.91469811470307,82.0,0.0
339.9152091526546,83.0,0.0
339.9156365700449,84.0,0.0
339.9240029758375,83.0,0.0
339.93136400517545,82.0,0.0
339.9604130180124,81.0,0.0
339.96752819500455,80.0,0.0
339.97828668685156,81.0,0.0
339.9826868877984,82.0,0.0
339.99481631927057,81.0,0.0
340.00277782338077,80.0,0.0
340.0050544258635,79.0,0.0
340.0116825890493,80.0,0.0
340.0201167889986,81.0,0.0
340.0376408517815,80.0,0.0
340.0409234650034,79.0,0.0
340.043855321175,78.0,0.0
340.0822601986375,77.0,0.0
340.1047429141526,78.0,0.0
340.1087649934262,77.0,0.0
340.10916660437533,78.0,0.0
340.1110096313474,77.0,0.0
340.13303874300306,78.0,0.0
340.13340356281077,77.0,0.0
340.1347379941515,76.0,0.0
340.14062082190566,75.0,0.0
340.14706021172435,76.0,0.0
340.14763557879564,77.0,0.0
340.15574214501726,76.0,0.0
340.16074651853944,77.0,0.0
340.1615684417355,78.0,0.0
340.16620095915323,77.0,0.0
340.1677742474162,78.0,0.0
340.1837110938562,77.0,0.0
340.19161328004725,76.0,0.0
340.19292862276916,77.0,0.0
340.19710545764195,78.0,0.0
340.20386942310313,79.0,0.0
340.20968393744096,78.0,0.0
340.215520462931,77.0,0.0
340.2203014361811,76.0,0.0
340.23476823025686,77.0,0.0
340.2668338868227,78.0,0.0
340.2671822466047,79.0,0.0
340.28896768361653,80.0,0.0
340.3489419667638,79.0,0.0
340.35735259318733,78.0,0.0
340.3610133640967,79.0,0.0
340.3823863672077,78.0,0.0
340.386010003649,77.0,0.0
340.39351440770884,76.0,0.0
340.398924499649,77.0,0.0
340.4356202228802,76.0,0.0
340.4605082665062,75.0,0.0
340.46897453658823,74.0,0.0
340.47812121895333,73.0,0.0
340.48498129724993,72.0,0.0
340.5254124229883,73.0,0.0
340.5259137612464,72.0,0.0
340.53543523817734,71.0,0.0
340.54295479658884,70.0,0.0
340.54899540728127,71.0,0.0
340.56008196493724,70.0,0.0
340.5707527789017,69.0,0.0
340.5754489463271,70.0,0.0
340.6016907824161,69.0,0.0
340.6027645813025,70.0,0.0
340.6041902968105,69.0,0.0
340.63115348743776,68.0,0.0
340.6473777023606,67.0,0.0
340.66213940615575,66.0,0.0
340.67631615906345,65.0,0.0
340.684434710626,64.0,0.0
340.69148210001697,63.0,0.0
340.69765420591744,62.0,0.0
340.6978528879806,63.0,0.0
340.7154087939572,62.0,0.0
340.7295219994843,61.0,0.0
340.74324137822833,60.0,0.0
340.7472421983723,61.0,0.0
340.7733186228374,62.0,0.0
340.7760528131521,63.0,0.0
340.77746092571164,64.0,0.0
340.8206271097419,63.0,0.0
340.8243088424781,62.0,0.0
340.82979744993276,61.0,0.0
340.84078347371576,60.0,0.0
340.8641897223892,59.0,0.0
340.8696785776557,60.0,0.0
340.8715497700365,59.0,0.0
340.87547947910696,58.0,0.0
340.87917725436034,57.0,0.0
340.88036760741267,56.0,0.0
340.8929770757324,55.0,0.0
340.9001377101823,54.0,0.0
340.9160226464017,55.0,0.0
340.9271207151303,54.0,0.0
340.93222261046367,55.0,0.0
340.9368298247308,56.0,0.0
340.9476358783815,55.0,0.0
340.9476412628356,56.0,0.0
340.94880104439926,55.0,0.0
340.96291114434206,54.0,0.0
340.9703930469807,53.0,0.0
340.9732227548898,52.0,0.0
340.9757434434972,53.0,0.0
340.9801843845178,54.0,0.0
340.98086694741204,53.0,0.0
340.98138770368547,52.0,0.0
340.9879272411308,51.0,0.0
340.98878773812083,50.0,0.0
340.9999305903655,51.0,0.0
341.01743950391625,50.0,0.0
341.0183365105664,49.0,0.0
341.030121888191,50.0,0.0
341.0639091622038,49.0,0.0
341.0651877423708,48.0,0.0
341.07284813284406,47.0,0.0
341.0739498388813,46.0,0.0
341.0751895780814,45.0,0.0
341.0753686892817,44.0,0.0
341.07622580759903,45.0,0.0
341.0764121001008,44.0,0.0
341.07821149232586,43.0,0.0
341.0783846139464,42.0,0.0
341.08102744950594,41.0,0.0
341.0911382704222,40.0,0.0
341.0941938442936,39.0,0.0
341.10438398631703,40.0,0.0
341.1051011969227,41.0,0.0
341.119012763846,40.0,0.0
341.12185491547496,39.0,0.0
341.131095473102,40.0,0.0
341.13289386960224,39.0,0.0
341.133753730697,38.0,0.0
341.1352119564387,37.0,0.0
341.1514913585626,36.0,0.0
341.15484898456583,37.0,0.0
341.1571415129933,36.0,0.0
341.1758712144153,35.0,0.0
341.18468411539976,34.0,0.0
341.1873484361021,33.0,0.0
341.18979324697494,32.0,0.0
341.19681270829585,33.0,0.0
341.19924258769487,34.0,0.0
341.2156482678828,35.0,0.0
341.2175016322749,34.0,0.0
341.2197891865399,35.0,0.0
341.2274793099417,34.0,0.0
341.22980843726435,33.0,0.0
341.2441547410814,32.0,0.0
341.24659935308574,31.0,0.0
341.2482026679389,32.0,0.0
341.2517891572755,31.0,0.0
341.2519951139602,30.0,0.0
341.2591108076483,29.0,0.0
341.3013614791038,28.0,0.0
341.3102321618655,27.0,0.0
341.31352700533097,28.0,0.0
341.319422521826,29.0,0.0
341.3381580907555,28.0,0.0
341.3393547298766,27.0,0.0
341.3394835582559,26.0,0.0
341.375380300948,25.0,0.0
341.3828580458412,24.0,0.0
341.3876313638439,25.0,0.0
341.39110059190773,24.0,0.0
341.4014179010666,23.0,0.0
341.41625384782304,24.0,0.0
341.41749618393675,25.0,0.0
341.4504322533615,26.0,0.0
341.45416092166334,25.0,0.0
341.4559112984118,24.0,0.0
341.48018266327097,25.0,0.0
341.4965474534854,24.0,0.0
341.4977925926252,23.0,0.0
341.4982197244914,22.0,0.0
341.5078645956883,21.0,0.0
341.51822104834235,20.0,0.0
341.51882911136516,19.0,0.0
341.521247910221,18.0,0.0
341.53183200844256,17.0,0.0
341.5369340688521,18.0,0.0
341.5516919964333,17.0,0.0
341.554976916099,18.0,0.0
341.56723474206717,17.0,0.0
341.5709162334252,18.0,0.0
341.57704380008965,17.0,0.0
341.59974025065793,16.0,0.0
341.62216538112386,15.0,0.0
341.632522161053,14.0,0.0
341.6408837040215,15.0,0.0
341.6484544590658,14.0,0.0
341.66908485724883,13.0,0.0
341.6721465408824,12.0,0.0
341.6816019170247,13.0,0.0
341.69182757510436,12.0,0.0
341.6975949958327,11.0,0.0
341.6990822271285,10.0,0.0
341.70400589112666,11.0,0.0
341.70911122984273,10.0,0.0
341.7132721315012,9.0,0.0
341.72231498485644,8.0,0.0
341.7259619534666,9.0,0.0
341.72837922805627,8.0,0.0
341.72985705024223,7.0,0.0
341.7343183018148,6.0,0.0
341.73781498905,5.0,0.0
341.73905877381725,4.0,0.0
341.75842609028774,3.0,0.0
341.7682496065899,4.0,0.0
341.7721108233812,3.0,0.0
341.78020321916335,2.0,0.0
341.7862021912989,1.0,0.0
341.78905536468744,0.0,0.0
341.7961993429085,1.0,0.0
341.8103288279413,2.0,0.0
341.8149397137726,3.0,0.0
341.82313645701004,4.0,0.0
341.82954767019186,3.0,0.0
341.8348524639296,2.0,0.0
341.83657845071536,3.0,0.0
341.84245695312967,2.0,0.0
341.8498588374292,1.0,0.0
341.86425125655455,0.0,0.0
341.8869169375123,1.0,0.0
341.89644282850577,0.0,0.0
341.9371120441721,1.0,0.0
341.9601061568734,2.0,0.0
341.97265032469556,1.0,0.0
341.9730547102098,2.0,0.0
342.05578434187873,1.0,0.0
342.06795433578804,0.0,0.0
342.08590567591705,1.0,0.0
342.088577291471,0.0,0.0
342.1539226397424,1.0,0.0
342.1551258621548,0.0,0.0
342.31532414980427,1.0,0.0
342.3426348830717,0.0,0.0
342.34695931396277,1.0,0.0
342.36818204127337,0.0,0.0
342.4713929590276,1.0,0.0
342.4736350302479,0.0,0.0
342.5043567588289,1.0,0.0
342.520451616235,0.0,0.0
342.5215249245524,1.0,0.0
342.53168866673474,0.0,0.0
342.53377012006035,1.0,0.0
342.578156996024,0.0,0.0
342.6181144649398,1.0,0.0
342.6378644283937,0.0,0.0
342.706820197344,1.0,0.0
342.70818087960834,0.0,0.0
342.76403279447226,1.0,0.0
342.76578385802566,0.0,0.0
342.87816588844794,1.0,0.0
342.8840991673724,0.0,0.0
342.9262138764956,1.0,0.0
342.96238777598785,0.0,0.0
343.00591301668504,1.0,0.0
343.01387106984464,2.0,0.0
343.02252895449703,3.0,0.0
343.0321138954103,2.0,0.0
343.04101472584915,1.0,0.0
343.1046148072347,0.0,0.0
343.16705313558737,1.0,0.0
343.167432934104,0.0,0.0
343.3678443443079,1.0,0.0
343.4187601546913,0.0,0.0
343.42437737863014,1.0,0.0
343.43013207272446,0.0,0.0
343.49754938029344,1.0,0.0
343.50487228103424,2.0,0.0
343.5714864810691,3.0,0.0
343.5936680530394,2.0,0.0
343.59628006858486,3.0,0.0
343.60117082865327,2.0,0.0
343.6164918337677,3.0,0.0
343.63260601956057,2.0,0.0
343.6375352614973,3.0,0.0
343.6636597946293,2.0,0.0
343.6657598775288,1.0,0.0
343.69089941992047,0.0,0.0
343.76238705852734,1.0,0.0
343.79159456073864,0.0,0.0
343.7985874949894,1.0,0.0
343.80550605203024,0.0,0.0
343.8260507481302,1.0,0.0
343.842573686135,2.0,0.0
343.8557419676235,1.0,0.0
343.8953290176684,0.0,0.0
343.94434870893036,1.0,0.0
343.94752013834216,0.0,0.0
343.9488342993709,1.0,0.0
343.99174697794683,2.0,0.0
343.9983200045508,1.0,0.0
344.0331264434448,2.0,0.0
344.0336115303327,3.0,0.0
344.04600675313736,4.0,0.0
344.05871215113234,3.0,0.0
344.059572222042,4.0,0.0
344.0737194642171,3.0,0.0
344.07721036956826,2.0,0.0
344.07862995809637,1.0,0.0
344.0829319608316,0.0,0.0
344.15018602193356,1.0,0.0
344.1720941754557,2.0,0.0
344.18089951827216,3.0,0.0
344.2375906118841,4.0,0.0
344.24551432783744,3.0,0.0
344.2465080026135,2.0,0.0
344.2599363893197,1.0,0.0
344.2600024573385,0.0,0.0
344.35970670810593,1.0,0.0
344.3677157664248,2.0,0.0
344.37167710772235,1.0,0.0
344.40240157874155,2.0,0.0
344.40753349276525,1.0,0.0
344.40955335338305,0.0,0.0
344.4640610350277,1.0,0.0
344.48528776048994,2.0,0.0
344.49185041716066,3.0,0.0
344.5079322510455,2.0,0.0
344.5143234331564,1.0,0.0
344.51871903775674,2.0,0.0
344.5235966647335,1.0,0.0
344.5522384636537,0.0,0.0
344.5840500495736,1.0,0.0
344.58690761434065,2.0,0.0
344.58763006343503,1.0,0.0
344.597633603452,0.0,0.0
344.6729263065958,1.0,0.0
344.68296103925945,2.0,0.0
344.70688926952147,3.0,0.0
344.73543516794314,4.0,0.0
344.75183591425196,3.0,0.0
344.75373244761226,2.0,0.0
344.75587146899124,1.0,0.0
344.7714723357426,2.0,0.0
344.788951990052,1.0,0.0
344.84343936815446,2.0,0.0
344.8497802478126,3.0,0.0
344.85689518634973,2.0,0.0
344.8616917325134,1.0,0.0
344.87237098508626,0.0,0.0
344.8904063313337,1.0,0.0
344.9080026616763,0.0,0.0
344.9358425252346,1.0,0.0
344.94998376640535,0.0,0.0
345.02972386948284,1.0,0.0
345.03394465082243,0.0,0.0
345.0464880513639,1.0,0.0
345.0498938161722,0.0,0.0
345.07605742166385,1.0,0.0
345.0809275575749,0.0,0.0
345.08753094569397,1.0,0.0
345.08919255188465,2.0,0.0
345.0937551063519,1.0,0.0
345.1045329994986,2.0,0.0
345.1149398171025,3.0,0.0
345.1453063728418,2.0,0.0
345.16470277983336,3.0,0.0
345.177469548592,2.0,0.0
345.180006476643,1.0,0.0
345.18446998712557,0.0,0.0
345.2290014850451,1.0,0.0
345.2296652538596,2.0,0.0
345.24167890919193,3.0,0.0
345.26006301246963,4.0,0.0
345.28381918943717,3.0,0.0
345.30987420668777,4.0,0.0
345.3119527794095,3.0,0.0
345.3153822231073,4.0,0.0
345.32732207915285,3.0,0.0
345.3347362997107,2.0,0.0
345.3426851618662,1.0,0.0
345.3663628930487,0.0,0.0
345.3731631059851,1.0,0.0
345.3748098073355,0.0,0.0
345.41211001780806,1.0,0.0
345.41654025243486,0.0,0.0
345.4337292210431,1.0,0.0
345.43694367563774,0.0,0.0
345.4749248780464,1.0,0.0
345.483442080321,0.0,0.0
345.52545074738055,1.0,0.0
345.54010981127493,2.0,0.0
345.552097915879,3.0,0.0
345.5632334256667,4.0,0.0
345.5663840101037,3.0,0.0
345.5748611249322,4.0,0.0
345.5805866730451,3.0,0.0
345.6013614867293,4.0,0.0
345.61208138125227,3.0,0.0
345.6291432706134,2.0,0.0
345.62988642693733,3.0,0.0
345.6501874508483,4.0,0.0
345.65361132209154,3.0,0.0
345.66124690398505,4.0,0.0
345.6895002672412,5.0,0.0
345.6909653755325,4.0,0.0
345.692773371502,3.0,0.0
345.7039311959069,2.0,0.0
345.71303115620304,1.0,0.0
345.74736746293013,2.0,0.0
345.78015819806956,1.0,0.0
345.78388100872303,0.0,0.0
345.78722153362264,1.0,0.0
345.7931427796126,2.0,0.0
345.82174372121455,1.0,0.0
345.8250996882691,2.0,0.0
345.8410147481314,3.0,0.0
345.8455633692795,4.0,0.0
345.86366865333304,3.0,0.0
345.87623877664555,2.0,0.0
345.876953612193,3.0,0.0
345.8942196121809,2.0,0.0
345.8983235630005,3.0,0.0
345.9054636778496,2.0,0.0
345.90965012216896,3.0,0.0
345.9245339488746,4.0,0.0
345.92643459276934,3.0,0.0
345.95165550360036,4.0,0.0
345.9663987131123,5.0,0.0
345.96813752038565,6.0,0.0
346.00138403955947,5.0,0.0
346.0094708395032,6.0,0.0
346.01956717548114,5.0,0.0
346.01973309804373,4.0,0.0
346.0325824898229,5.0,0.0
346.03535649730026,6.0,0.0
346.0406473119089,7.0,0.0
346.04898972511035,8.0,0.0
346.05876070491263,7.0,0.0
346.05912263851667,8.0,0.0
346.06525677846224,9.0,0.0
346.0668018941495,8.0,0.0
346.0707393705555,9.0,0.0
346.07095310582736,8.0,0.0
346.0746014786881,7.0,0.0
346.0787078392242,8.0,0.0
346.0834915921461,9.0,0.0
346.0853723986948,10.0,0.0
346.0915865584219,9.0,0.0
346.0933799692496,10.0,0.0
346.09568482811414,9.0,0.0
346.129465091386,10.0,0.0
346.13250737541495,11.0,0.0
346.1331629832035,12.0,0.0
346.1363534301442,11.0,0.0
346.1424809523239,10.0,0.0
346.14657715019456,11.0,0.0
346.1487964814714,12.0,0.0
346.15070843066206,13.0,0.0
346.15983360754603,14.0,0.0
346.1600641191964,15.0,0.0
346.1602612944041,14.0,0.0
346.1720739589947,15.0,0.0
346.1817482876501,14.0,0.0
346.1834606545729,13.0,0.0
346.1915045227616,14.0,0.0
346.1930554351125,13.0,0.0
346.1950430425858,12.0,0.0
346.1952917281826,11.0,0.0
346.19932188118827,10.0,0.0
346.2098294439389,11.0,0.0
346.2121600019528,10.0,0.0
346.21453603845305,11.0,0.0
346.2202486427269,10.0,0.0
346.2314395943366,9.0,0.0
346.2410881740457,10.0,0.0
346.24426603033965,11.0,0.0
346.2466953478029,10.0,0.0
346.25116211833523,11.0,0.0
346.2575871046789,10.0,0.0
346.26136026461216,9.0,0.0
346.26914783389924,8.0,0.0
346.29396913708314,7.0,0.0
346.30340107143337,6.0,0.0
346.31953483694804,5.0,0.0
346.3205911141826,4.0,0.0
346.32099769592014,3.0,0.0
346.32571326955474,4.0,0.0
346.3746601211361,3.0,0.0
346.37640155412765,2.0,0.0
346.3919725023511,1.0,0.0
346.39450526513616,0.0,0.0
346.3949060023706,1.0,0.0
346.40353141867973,2.0,0.0
346.40575382004033,3.0,0.0
346.4062032920259,2.0,0.0
346.41083762279607,3.0,0.0
346.41108200899225,2.0,0.0
346.41854155505007,1.0,0.0
346.4307206612238,2.0,0.0
346.4319598633303,1.0,0.0
346.43533718528363,0.0,0.0
346.4414769875375,1.0,0.0
346.4488228083264,2.0,0.0
346.4507164161461,1.0,0.0
346.46992051005685,0.0,0.0
346.47127383539424,1.0,0.0
346.4736480805573,2.0,0.0
346.47505267176643,1.0,0.0
346.5154673703678,0.0,0.0
346.51758353654856,1.0,0.0
346.5202700227835,0.0,0.0
346.55211164086523,1.0,0.0
346.60093523732036,2.0,0.0
346.60787964045176,3.0,0.0
346.60935619236875,2.0,0.0
346.61163154617714,3.0,0.0
346.6447461535851,4.0,0.0
346.6501554958311,5.0,0.0
346.688365863384,6.0,0.0
346.6885778801823,5.0,0.0
346.69192727903453,6.0,0.0
346.6942732158866,7.0,0.0
346.71016627599835,8.0,0.0
346.7179818478559,7.0,0.0
346.71918336404343,6.0,0.0
346.7368372386169,5.0,0.0
346.7393228074932,6.0,0.0
346.7456178887905,7.0,0.0
346.7456890737724,6.0,0.0
346.7463617002156,5.0,0.0
346.7475961440101,6.0,0.0
346.7496936156761,7.0,0.0
346.75018999309304,8.0,0.0
346.7619187576807,9.0,0.0
346.7759648712276,10.0,0.0
346.79663904586835,11.0,0.0
346.8001998264059,10.0,0.0
346.80981748192374,11.0,0.0
346.81229720642057,10.0,0.0
346.8160802346844,11.0,0.0
346.82030958348986,10.0,0.0
346.82382311190247,11.0,0.0
346.8254838978329,12.0,0.0
346.8328925979197,13.0,0.0
346.83474130525303,14.0,0.0
346.83677695293994,15.0,0.0
346.8401272170577,16.0,0.0
346.84576881717595,15.0,0.0
346.85288448329317,16.0,0.0
346.8554443869386,15.0,0.0
346.85572366746754,16.0,0.0
346.89109235641854,15.0,0.0
346.89151874909976,14.0,0.0
346.8988662793477,15.0,0.0
346.89950897821745,14.0,0.0
346.9030887215278,13.0,0.0
346.9178152503182,14.0,0.0
346.9214578441669,13.0,0.0
346.93351879152124,12.0,0.0
346.938776595135,13.0,0.0
346.9434026216729,12.0,0.0
346.9468473843427,13.0,0.0
346.9510608335962,14.0,0.0
346.9519338305234,13.0,0.0
346.958738968361,14.0,0.0
346.9711712439598,15.0,0.0
346.97341000101665,16.0,0.0
346.980254374824,17.0,0.0
346.98249456236886,18.0,0.0
346.99354400289906,19.0,0.0
346.9946948962417,20.0,0.0
347.00774534555677,19.0,0.0
347.02017036881705,20.0,0.0
347.03043494288045,19.0,0.0
347.037418924329,18.0,0.0
347.04018602131384,17.0,0.0
347.05372819651967,18.0,0.0
347.0549722286781,19.0,0.0
347.0569086316023,18.0,0.0
347.06484901776673,17.0,0.0
347.0719685590232,16.0,0.0
347.07497360136745,15.0,0.0
347.0754810776112,14.0,0.0
347.08498810546644,15.0,0.0
347.0875676954794,14.0,0.0
347.08981170119455,15.0,0.0
347.0922334320829,14.0,0.0
347.0936954462446,13.0,0.0
347.0946798652324,14.0,0.0
347.1056879961051,15.0,0.0
347.1228226773657,14.0,0.0
347.12324238297174,13.0,0.0
347.12774478389116,14.0,0.0
347.12985681901904,15.0,0.0
347.1361408613808,14.0,0.0
347.1398678353464,15.0,0.0
347.1495015687878,14.0,0.0
347.1501645543905,13.0,0.0
347.15411768482005,14.0,0.0
347.1634866339737,13.0,0.0
347.1655516317048,14.0,0.0
347.1749087142294,13.0,0.0
347.1763699127991,12.0,0.0
347.17934268231465,11.0,0.0
347.18028429135654,12.0,0.0
347.1828566532709,11.0,0.0
347.1836196543248,12.0,0.0
347.18764688399995,13.0,0.0
347.1896664299958,14.0,0.0
347.19091730191894,13.0,0.0
347.201867011426,14.0,0.0
347.20241868934534,15.0,0.0
347.2024689389058,16.0,0.0
347.2042332033658,15.0,0.0
347.20629892467656,14.0,0.0
347.2117106886725,13.0,0.0
347.22280174160466,12.0,0.0
347.22472006137707,11.0,0.0
347.22801338737656,10.0,0.0
347.22967220678714,9.0,0.0
347.2403862774144,8.0,0.0
347.2565780584137,9.0,0.0
347.2621232833935,8.0,0.0
347.26281497452305,7.0,0.0
347.2722972670715,8.0,0.0
347.2802707007255,7.0,0.0
347.3025799631644,6.0,0.0
347.30292794056976,5.0,0.0
347.3036990320234,6.0,0.0
347.32026141471215,5.0,0.0
347.32241528293105,6.0,0.0
347.3229833001706,7.0,0.0
347.32334691274406,8.0,0.0
347.3393110937431,9.0,0.0
347.3490818665846,8.0,0.0
347.3510802303815,9.0,0.0
347.35202125658657,8.0,0.0
347.35273674487127,9.0,0.0
347.35453272339953,10.0,0.0
347.3598154274266,11.0,0.0
347.3794766552602,10.0,0.0
347.39120746049053,11.0,0.0
347.39304612793507,10.0,0.0
347.39418347088196,11.0,0.0
347.41168458922783,10.0,0.0
347.4369167765308,11.0,0.0
347.4394952765279,12.0,0.0
347.46168329253305,13.0,0.0
347.47814533351675,14.0,0.0
347.4789860889124,13.0,0.0
347.4874234615067,14.0,0.0
347.49626687029485,13.0,0.0
347.5064741939785,14.0,0.0
347.51968983310235,15.0,0.0
347.5208256201371,16.0,0.0
347.5245901594019,17.0,0.0
347.52662589753953,16.0,0.0
347.5371815210081,17.0,0.0
347.5380819694971,18.0,0.0
347.549263270461,19.0,0.0
347.5510467884078,20.0,0.0
347.55552365758166,21.0,0.0
347.5559596735609,20.0,0.0
347.5568236487836,21.0,0.0
347.5650345819066,22.0,0.0
347.569548787773,23.0,0.0
347.5706187056507,24.0,0.0
347.5838866367908,23.0,0.0
347.5859420168142,24.0,0.0
347.601965716977,23.0,0.0
347.6029795012958,24.0,0.0
347.6043033996742,25.0,0.0
347.60498622797735,26.0,0.0
347.60771544388456,27.0,0.0
347.6083910054342,26.0,0.0
347.6107249730926,27.0,0.0
347.6215152152111,26.0,0.0
347.6302910705069,27.0,0.0
347.6390673454333,28.0,0.0
347.64727641186687,29.0,0.0
347.6493675992552,30.0,0.0
347.6504741673364,29.0,0.0
347.651618326124,28.0,0.0
347.6609365185662,29.0,0.0
347.6633444994471,30.0,0.0
347.6653960876961,29.0,0.0
347.6674838021888,28.0,0.0
347.6708549683223,27.0,0.0
347.6714118873126,28.0,0.0
347.67549498234087,29.0,0.0
347.69180257352394,30.0,0.0
347.6935193455077,29.0,0.0
347.70217550973376,30.0,0.0
347.71261219422985,29.0,0.0
347.7256501199061,28.0,0.0
347.73470626198423,27.0,0.0
347.7351081025706,28.0,0.0
347.74023610029695,27.0,0.0
347.74402630960975,28.0,0.0
347.74425057883803,29.0,0.0
347.75516143890917,28.0,0.0
347.75845536626343,27.0,0.0
347.7604889912652,28.0,0.0
347.7635710064161,29.0,0.0
347.7734645679887,30.0,0.0
347.7760982577525,29.0,0.0
347.77759900802613,30.0,0.0
347.78384884159937,31.0,0.0
347.78607053167826,30.0,0.0
347.7983028378441,31.0,0.0
347.82549627056926,32.0,0.0
347.8262699911534,33.0,0.0
347.83305758632827,34.0,0.0
347.84064511202814,35.0,0.0
347.8509873303863,36.0,0.0
347.85246945708735,37.0,0.0
347.856855955427,38.0,0.0
347.88341151204173,37.0,0.0
347.88612398012856,38.0,0.0
347.89419878193945,37.0,0.0
347.9147167192616,38.0,0.0
347.9157612822121,37.0,0.0
347.919766552625,36.0,0.0
347.94224236872293,35.0,0.0
347.9493855766369,34.0,0.0
347.9510497620165,33.0,0.0
347.9536614709146,32.0,0.0
347.95430611403833,33.0,0.0
347.9640234691556,32.0,0.0
347.97144103215464,33.0,0.0
347.9716436892156,32.0,0.0
347.97183064325804,31.0,0.0
347.9829492617967,30.0,0.0
347.98988975362,31.0,0.0
347.9910596441068,30.0,0.0
348.0299436737177,29.0,0.0
348.03909473761234,28.0,0.0
348.04966318461214,27.0,0.0
348.05327578845004,28.0,0.0
348.05830243958656,29.0,0.0
348.06275464735927,30.0,0.0
348.0680877607908,29.0,0.0
348.0720721949454,30.0,0.0
348.07682167180263,31.0,0.0
348.0867639562896,32.0,0.0
348.0905804605132,33.0,0.0
348.0934255740504,34.0,0.0
348.0955961180927,35.0,0.0
348.0956063216968,34.0,0.0
348.1014440892801,35.0,0.0
348.10146275861496,36.0,0.0
348.1069811120473,35.0,0.0
348.10996686927183,36.0,0.0
348.1134439219296,37.0,0.0
348.12351816014393,38.0,0.0
348.1265959102788,39.0,0.0
348.1307217114432,40.0,0.0
348.13195579067354,41.0,0.0
348.1343213823017,42.0,0.0
348.1352890882743,43.0,0.0
348.14077996882463,42.0,0.0
348.1474690587896,43.0,0.0
348.1499443792455,42.0,0.0
348.1559511824353,43.0,0.0
348.15625853090233,44.0,0.0
348.1600989050965,45.0,0.0
348.1610977628728,46.0,0.0
348.16929402401104,45.0,0.0
348.1713853801698,44.0,0.0
348.1717604525868,45.0,0.0
348.17721978414,46.0,0.0
348.1822673800667,47.0,0.0
348.1882763648725,48.0,0.0
348.18990147010857,49.0,0.0
348.19977135386966,50.0,0.0
348.2028312412368,49.0,0.0
348.21018471415766,50.0,0.0
348.21560272158865,51.0,0.0
348.2256886820328,52.0,0.0
348.22657708195464,53.0,0.0
348.2301935431234,54.0,0.0
348.2373393059198,55.0,0.0
348.24652526994697,56.0,0.0
348.24933677813567,57.0,0.0
348.2615807723992,56.0,0.0
348.26376048410384,55.0,0.0
348.2644378878724,54.0,0.0
348.2675296157766,55.0,0.0
348.2879830849198,56.0,0.0
348.2959899140386,55.0,0.0
348.297173124114,56.0,0.0
348.29778403494777,57.0,0.0
348.30026821820866,58.0,0.0
348.3081899283779,59.0,0.0
348.31184187085165,60.0,0.0
348.31553497455616,61.0,0.0
348.3178968597294,62.0,0.0
348.3183344991969,63.0,0.0
348.31863239383114,64.0,0.0
348.3189605497141,65.0,0.0
348.32061090234623,66.0,0.0
348.3213141612497,65.0,0.0
348.3230850280352,66.0,0.0
348.3626845088618,65.0,0.0
348.3637608561776,64.0,0.0
348.3663422054936,65.0,0.0
348.37016338998046,64.0,0.0
348.37603501318546,65.0,0.0
348.37876020471623,66.0,0.0
348.37909199065723,65.0,0.0
348.3793330062657,66.0,0.0
348.3828677054165,67.0,0.0
348.3862098963699,66.0,0.0
348.3895886027894,65.0,0.0
348.39227870734095,66.0,0.0
348.39500448891323,67.0,0.0
348.4260032532716,66.0,0.0
348.4326740107968,67.0,0.0
348.4342295430288,66.0,0.0
348.4381986657814,67.0,0.0
348.4382601979438,68.0,0.0
348.43969779625706,69.0,0.0
348.4417454838,70.0,0.0
348.4553795931214,71.0,0.0
348.4558370972719,72.0,0.0
348.45720665425733,71.0,0.0
348.4574474338921,72.0,0.0
348.4634080359239,71.0,0.0
348.4856039185722,70.0,0.0
348.4904255632704,71.0,0.0
348.50269171676257,72.0,0.0
348.5066485080061,71.0,0.0
348.50996916126246,70.0,0.0
348.5125087918855,71.0,0.0
348.51804224564205,72.0,0.0
348.5181517424846,73.0,0.0
348.518501923817,72.0,0.0
348.52449532263427,71.0,0.0
348.52691834734713,72.0,0.0
348.53507184007674,71.0,0.0
348.5356195014274,70.0,0.0
348.54102862151444,69.0,0.0
348.55508187305963,68.0,0.0
348.5678778619799,69.0,0.0
348.57627037775956,68.0,0.0
348.58032343163853,67.0,0.0
348.5984643963504,68.0,0.0
348.60080447919637,67.0,0.0
348.61710060476537,66.0,0.0
348.62473112466694,67.0,0.0
348.6308297888662,66.0,0.0
348.6332834816889,65.0,0.0
348.6357982588868,66.0,0.0
348.64348645804483,67.0,0.0
348.65929036750026,68.0,0.0
348.66153087686934,67.0,0.0
348.6682617398074,68.0,0.0
348.6814492145592,67.0,0.0
348.6824875910571,68.0,0.0
348.68252327632536,69.0,0.0
348.6830107308856,68.0,0.0
348.68334202465036,69.0,0.0
348.6840542833227,68.0,0.0
348.68726835081816,67.0,0.0
348.6979418360842,68.0,0.0
348.69909100675943,67.0,0.0
348.704050063902,66.0,0.0
348.7057526022426,65.0,0.0
348.70928127639115,66.0,0.0
348.71315539493634,65.0,0.0
348.7188594439226,66.0,0.0
348.72240633186846,67.0,0.0
348.72605685931285,66.0,0.0
348.7330450681941,67.0,0.0
348.73787711621884,68.0,0.0
348.7448195070653,67.0,0.0
348.7454324414608,68.0,0.0
348.7469856907119,69.0,0.0
348.7589125163813,70.0,0.0
348.76468152053627,69.0,0.0
348.7666468151474,70.0,0.0
348.7676409691413,69.0,0.0
348.7686186060694,70.0,0.0
348.7694240714939,71.0,0.0
348.7765908797287,70.0,0.0
348.7786031124328,71.0,0.0
348.78139304041343,72.0,0.0
348.78459944899583,73.0,0.0
348.80390705075024,72.0,0.0
348.80454600056186,73.0,0.0
348.8186405444407,74.0,0.0
348.8210621532249,75.0,0.0
348.8221593845972,76.0,0.0
348.82370274970935,77.0,0.0
348.83534032464854,76.0,0.0
348.8416962130032,75.0,0.0
348.8428403385792,74.0,0.0
348.84681504981415,73.0,0.0
348.8499443775616,72.0,0.0
348.85190094149186,71.0,0.0
348.8547974721711,70.0,0.0
348.85922143539176,71.0,0.0
348.8656851823289,72.0,0.0
348.8685426344219,71.0,0.0
348.8708524744217,72.0,0.0
348.8717688075275,71.0,0.0
348.8741066075435,72.0,0.0
348.87486703419154,73.0,0.0
348.8845375533156,72.0,0.0
348.89030454553193,73.0,0.0
348.890540212187,74.0,0.0
348.8914005103734,73.0,0.0
348.8940759387946,74.0,0.0
348.8966263314362,73.0,0.0
348.9010047881409,74.0,0.0
348.904565264337,73.0,0.0
348.90612459755823,74.0,0.0
348.9080488866223,73.0,0.0
348.9125366713641,74.0,0.0
348.9127931493218,75.0,0.0
348.9148652244405,76.0,0.0
348.91702343610615,75.0,0.0
348.91717770034666,76.0,0.0
348.92037579116163,77.0,0.0
348.92344601237494,78.0,0.0
348.92438178181334,79.0,0.0
348.9248098690763,78.0,0.0
348.9258384476548,77.0,0.0
348.9264967959069,78.0,0.0
348.9432284409018,79.0,0.0
348.96607622828355,80.0,0.0
348.96672191266964,81.0,0.0
348.96682000239355,82.0,0.0
348.9700275110864,83.0,0.0
348.97067175480066,84.0,0.0
348.9740928567708,83.0,0.0
348.98538730532795,84.0,0.0
348.9893729339833,85.0,0.0
348.99037943342984,84.0,0.0
348.99490662443117,85.0,0.0
348.99556628178465,86.0,0.0
348.99667451827946,85.0,0.0
349.03307872678323,86.0,0.0
349.0332555454026,87.0,0.0
349.0347713207687,88.0,0.0
349.03750505972647,87.0,0.0
349.04086429563614,86.0,0.0
349.050647441203,85.0,0.0
349.0511971578952,84.0,0.0
349.0568807755554,83.0,0.0
349.06051231163696,82.0,0.0
349.0677793474572,81.0,0.0
349.06820101299246,82.0,0.0
349.07276993675526,83.0,0.0
349.0989763389538,84.0,0.0
349.1054628505715,85.0,0.0
349.10724063737297,86.0,0.0
349.10811372287503,87.0,0.0
349.1147197244017,88.0,0.0
349.1163867791038,87.0,0.0
349.1239211495689,88.0,0.0
349.13797711626455,89.0,0.0
349.14643129541577,88.0,0.0
349.14999185233285,89.0,0.0
349.16245637036036,90.0,0.0
349.16429544738105,91.0,0.0
349.1685507813312,92.0,0.0
349.16862525043655,93.0,0.0
349.16969047298556,92.0,0.0
349.175793493288,93.0,0.0
349.19271935096936,94.0,0.0
349.2009253868623,95.0,0.0
349.2146443232016,94.0,0.0
349.22055032298454,95.0,0.0
349.2246836384342,96.0,0.0
349.23291848390033,95.0,0.0
349.2378960967651,94.0,0.0
349.2385064236878,95.0,0.0
349.2438941653816,94.0,0.0
349.24431906223697,95.0,0.0
349.2465955608422,96.0,0.0
349.2483636671655,97.0,0.0
349.24861711279016,96.0,0.0
349.24881646437575,95.0,0.0
349.251386017889,96.0,0.0
349.25219773585894,95.0,0.0
349.2546096725785,96.0,0.0
349.2580742126267,95.0,0.0
349.2629109794278,96.0,0.0
349.2647965230492,97.0,0.0
349.2760923327589,96.0,0.0
349.2875992220718,97.0,0.0
349.2888150634086,98.0,0.0
349.29182300264307,99.0,0.0
349.2919557801326,100.0,0.0
349.29748097273045,99.0,0.0
349.29794270801716,100.0,0.0
349.30477024155965,99.0,0.0
349.30478023306887,100.0,0.0
349.315647470434,99.0,0.0
349.3161968697236,98.0,0.0
349.31733103600953,97.0,0.0
349.320203620138,98.0,0.0
349.3238366289211,97.0,0.0
349.326285346317,98.0,0.0
349.3336436407083,97.0,0.0
349.34160837862373,98.0,0.0
349.34963442009865,99.0,0.0
349.35242786957303,100.0,0.0
349.35792218124044,101.0,0.0
349.3680293745262,100.0,0.0
349.37230890668275,99.0,0.0
349.37576640404336,100.0,0.0
349.37631731095905,101.0,0.0
349.3788198064439,100.0,0.0
349.3803467602822,101.0,0.0
349.38869686580307,102.0,0.0
349.3925904056044,101.0,0.0
349.4008091470162,102.0,0.0
349.4121100248265,103.0,0.0
349.41220497198265,104.0,0.0
349.4134895406427,103.0,0.0
349.41390108226364,104.0,0.0
349.415415474857,105.0,0.0
349.41786773751346,104.0,0.0
349.4283195501455,105.0,0.0
349.42849244115763,104.0,0.0
349.43557797129205,105.0,0.0
349.4398468908546,104.0,0.0
349.4418913309745,105.0,0.0
349.4437696026675,106.0,0.0
349.44480603991843,107.0,0.0
349.4456205504662,108.0,0.0
349.4482426614945,107.0,0.0
349.4493760897814,108.0,0.0
349.4577603653475,107.0,0.0
349.4655451034805,108.0,0.0
349.46758075341336,107.0,0.0
349.4695893382642,108.0,0.0
349.47575596469954,109.0,0.0
349.4762760358526,110.0,0.0
349.4862552355002,111.0,0.0
349.49035378799573,110.0,0.0
349.49053210785553,111.0,0.0
349.4909604297646,110.0,0.0
349.5006942305826,111.0,0.0
349.5151516826893,112.0,0.0
349.5172458452242,111.0,0.0
349.5235657811819,112.0,0.0
349.52452046020676,111.0,0.0
349.5373727311947,110.0,0.0
349.5490311946433,111.0,0.0
349.55038412780596,112.0,0.0
349.55463160509146,113.0,0.0
349.558765939836,114.0,0.0
349.56559333569186,115.0,0.0
349.5715559195396,114.0,0.0
349.5720433800268,113.0,0.0
349.5739315688609,112.0,0.0
349.5752795824688,111.0,0.0
349.576171959936,110.0,0.0
349.58335266055826,109.0,0.0
349.5923717017123,110.0,0.0
349.6065006358739,111.0,0.0
349.6107319372485,112.0,0.0
349.61945471157253,113.0,0.0
349.6206590533068,112.0,0.0
349.62892166443515,111.0,0.0
349.6416884313282,112.0,0.0
349.64606458765746,111.0,0.0
349.65445687275064,110.0,0.0
349.6623836922235,109.0,0.0
349.6676348927298,110.0,0.0
349.6785725613516,111.0,0.0
349.6956223054989,112.0,0.0
349.6971312890516,111.0,0.0
349.6992796735046,112.0,0.0
349.69971048604737,113.0,0.0
349.7068002589207,112.0,0.0
349.7072167475521,111.0,0.0
349.7079983437576,112.0,0.0
349.7085122113913,111.0,0.0
349.7123512178283,112.0,0.0
349.7158581479738,111.0,0.0
349.71650835615145,112.0,0.0
349.7177759593727,111.0,0.0
349.71830093609447,110.0,0.0
349.7224873719068,111.0,0.0
349.72734780104696,112.0,0.0
349.7277988897367,111.0,0.0
349.7295909822826,110.0,0.0
349.730907922403,109.0,0.0
349.7344613811812,108.0,0.0
349.73602464177554,109.0,0.0
349.74393303480605,110.0,0.0
349.7455616828007,111.0,0.0
349.75401027747927,112.0,0.0
349.76572570220566,113.0,0.0
349.7720691399026,112.0,0.0
349.7851552543907,113.0,0.0
349.78534882529954,114.0,0.0
349.79420496194615,115.0,0.0
349.8005501541013,116.0,0.0
349.80702610754594,115.0,0.0
349.8105134631852,114.0,0.0
349.8116648632893,113.0,0.0
349.8145002323242,114.0,0.0
349.8184809693794,115.0,0.0
349.8236817156409,114.0,0.0
349.82763529624447,113.0,0.0
349.8390599360727,114.0,0.0
349.85614687917933,113.0,0.0
349.8692403894349,112.0,0.0
349.8775902040745,111.0,0.0
349.8776484535681,112.0,0.0
349.88250264269755,113.0,0.0
349.8903131077835,112.0,0.0
349.8929628980037,113.0,0.0
349.9002544202324,112.0,0.0
349.9027092459766,113.0,0.0
349.9071568754333,112.0,0.0
349.9084051502027,113.0,0.0
349.915164732774,114.0,0.0
349.9162936757205,115.0,0.0
349.92979775733613,114.0,0.0
349.9328093787337,113.0,0.0
349.93283279777677,112.0,0.0
349.93910724283006,111.0,0.0
349.94302087140676,112.0,0.0
349.95315297391346,113.0,0.0
349.9547757465573,112.0,0.0
349.9632000022695,111.0,0.0
349.97320033644115,112.0,0.0
349.9987722306719,111.0,0.0
350.0095689715288,110.0,0.0
350.01583935857235,111.0,0.0
350.0194619531062,110.0,0.0
350.0204137099345,109.0,0.0
350.02082624672926,110.0,0.0
350.02815120620437,109.0,0.0
350.0341932244953,110.0,0.0
350.0421133520643,111.0,0.0
350.04580730032643,112.0,0.0
350.0465632072687,111.0,0.0
350.0588731832957,112.0,0.0
350.0620351751917,111.0,0.0
350.06278771886474,110.0,0.0
350.06582685057356,111.0,0.0
350.06978977958374,110.0,0.0
350.0741809396771,111.0,0.0
350.07461603724073,112.0,0.0
350.07931058175194,113.0,0.0
350.0855558473629,114.0,0.0
350.0862754229324,113.0,0.0
350.08983187381995,114.0,0.0
350.1007049143249,115.0,0.0
350.10623187952314,114.0,0.0
350.1180422010238,113.0,0.0
350.118994558053,112.0,0.0
350.1269413477713,113.0,0.0
350.1323931158102,112.0,0.0
350.1392691550412,111.0,0.0
350.14669204660765,112.0,0.0
350.1515980259096,111.0,0.0
350.1536113444757,112.0,0.0
350.15784148384955,113.0,0.0
350.15839212243935,112.0,0.0
350.1632136640509,111.0,0.0
350.180533063297,112.0,0.0
350.1835530604041,111.0,0.0
350.18823276779415,112.0,0.0
350.18865834466027,113.0,0.0
350.188699899906,112.0,0.0
350.18914526083023,113.0,0.0
350.19444436479625,112.0,0.0
350.2045269806784,111.0,0.0
350.2075025426558,110.0,0.0
350.2100923185944,111.0,0.0
350.21027681407384,112.0,0.0
350.21227454271326,113.0,0.0
350.21359450037215,112.0,0.0
350.21557314845484,111.0,0.0
350.22478167332855,110.0,0.0
350.22851947837916,109.0,0.0
350.2296117649375,108.0,0.0
350.2304649006572,107.0,0.0
350.2441059109598,108.0,0.0
350.2453825205169,107.0,0.0
350.25318972671187,106.0,0.0
350.25362629935483,107.0,0.0
350.26534433387604,108.0,0.0
350.2653980791418,107.0,0.0
350.2715528103942,106.0,0.0
350.2780812518667,105.0,0.0
350.28929447968665,104.0,0.0
350.2941519994746,105.0,0.0
350.2959541312066,106.0,0.0
350.3091205285972,107.0,0.0
350.30957623564444,106.0,0.0
350.3211103059335,105.0,0.0
350.32540634282316,104.0,0.0
350.340293491256,105.0,0.0
350.34471535880886,104.0,0.0
350.34561054873654,103.0,0.0
350.3506922853843,102.0,0.0
350.3531270314945,103.0,0.0
350.3611669824271,102.0,0.0
350.3707561350194,103.0,0.0
350.3799414497535,104.0,0.0
350.3803865443251,103.0,0.0
350.38247491544485,102.0,0.0
350.3838169452552,103.0,0.0
350.39340271334606,102.0,0.0
350.40488717025755,101.0,0.0
350.4097020560796,100.0,0.0
350.4101811286888,99.0,0.0
350.41123888455314,100.0,0.0
350.4186800095958,101.0,0.0
350.4239779824636,102.0,0.0
350.43742504561357,103.0,0.0
350.4440620244389,104.0,0.0
350.44828746057715,105.0,0.0
350.45154564547846,104.0,0.0
350.45784846947737,105.0,0.0
350.4646709939627,104.0,0.0
350.47647575465516,103.0,0.0
350.48108462727015,104.0,0.0
350.4883335082272,105.0,0.0
350.4987110774293,106.0,0.0
350.50647810515693,105.0,0.0
350.507246770518,104.0,0.0
350.51038785323163,103.0,0.0
350.5153806678772,102.0,0.0
350.51546052502744,101.0,0.0
350.5205103237433,102.0,0.0
350.5302465499128,103.0,0.0
350.5363205977826,104.0,0.0
350.5372671519987,105.0,0.0
350.54637898202213,106.0,0.0
350.55746005684324,105.0,0.0
350.5613086799474,106.0,0.0
350.5674642261028,105.0,0.0
350.5749763173637,106.0,0.0
350.5788407904362,107.0,0.0
350.5916720514803,108.0,0.0
350.592794488499,109.0,0.0
350.6076801981127,108.0,0.0
350.61693710666304,107.0,0.0
350.6183720194014,106.0,0.0
350.63026049580606,107.0,0.0
350.63556095026104,108.0,0.0
350.63574331762925,109.0,0.0
350.6429671134366,110.0,0.0
350.65299088113244,111.0,0.0
350.6552166002988,110.0,0.0
350.6912199126594,111.0,0.0
350.6945744293541,112.0,0.0
350.6996090052589,113.0,0.0
350.6999823083834,114.0,0.0
350.7011162118929,113.0,0.0
350.7040495445132,112.0,0.0
350.7074512742646,113.0,0.0
350.72140697799125,114.0,0.0
350.72381773012114,113.0,0.0
350.7242940605892,114.0,0.0
350.73409273015267,115.0,0.0
350.73602245835514,114.0,0.0
350.7379910520285,113.0,0.0
350.7483896067309,114.0,0.0
350.7498839000487,113.0,0.0
350.75557539912836,114.0,0.0
350.75917203425416,115.0,0.0
350.76282984300616,116.0,0.0
350.7632512170733,117.0,0.0
350.77838532376313,116.0,0.0
350.7786893822483,117.0,0.0
350.79573735996615,116.0,0.0
350.8037798635068,115.0,0.0
350.80536112260705,116.0,0.0
350.8082130005149,115.0,0.0
350.81145831580875,116.0,0.0
350.81379399560484,115.0,0.0
350.81882309660944,114.0,0.0
350.8231686489297,113.0,0.0
350.8358672110581,112.0,0.0
350.84260410061535,113.0,0.0
350.8450808113323,112.0,0.0
350.8501988389795,111.0,0.0
350.8545050629602,112.0,0.0
350.85670839082496,111.0,0.0
350.85692759839,112.0,0.0
350.8609758935708,111.0,0.0
350.86222546053165,110.0,0.0
350.8735209850399,111.0,0.0
350.8752043757934,112.0,0.0
350.8794166332111,113.0,0.0
350.8805555330235,114.0,0.0
350.88092179745513,115.0,0.0
350.88927607705773,116.0,0.0
350.8919278543927,115.0,0.0
350.901144637427,116.0,0.0
350.9069770184704,115.0,0.0
350.9081779522395,114.0,0.0
350.9306684350386,115.0,0.0
350.93119091892044,114.0,0.0
350.9350764418207,113.0,0.0
350.9393825864094,114.0,0.0
350.9458043518896,113.0,0.0
350.94621648124706,114.0,0.0
350.9522862820262,113.0,0.0
350.95776030258276,114.0,0.0
350.96142989477937,115.0,0.0
350.9618240150064,114.0,0.0
350.98276704268613,115.0,0.0
350.9853412650438,114.0,0.0
351.00466459531,115.0,0.0
351.00991229866526,114.0,0.0
351.01704611967546,113.0,0.0
351.0241000744263,114.0,0.0
351.0257713877453,113.0,0.0
351.0308728250044,112.0,0.0
351.0311625952365,111.0,0.0
351.04310964134817,110.0,0.0
351.04627617246314,111.0,0.0
351.05052174182737,110.0,0.0
351.05869241685656,109.0,0.0
351.06333751903145,110.0,0.0
351.0665399844789,111.0,0.0
351.0746208624431,110.0,0.0
351.07488963419667,111.0,0.0
351.0859406871627,112.0,0.0
351.0956229980628,113.0,0.0
351.0967186835019,114.0,0.0
351.10109313995497,115.0,0.0
351.1092329511438,114.0,0.0
351.12937970665087,115.0,0.0
351.130458065662,116.0,0.0
351.13149869772565,117.0,0.0
351.1339635039002,118.0,0.0
351.1584027841476,117.0,0.0
351.16551235339944,118.0,0.0
351.16911931099423,117.0,0.0
351.17265532939234,116.0,0.0
351.1743536372537,115.0,0.0
351.17608010815997,114.0,0.0
351.1778962331124,115.0,0.0
351.17828805071605,114.0,0.0
351.1802905105477,113.0,0.0
351.18216347694994,114.0,0.0
351.1834267340603,113.0,0.0
351.1874080381812,112.0,0.0
351.18751807282746,111.0,0.0
351.19175466724863,110.0,0.0
351.20398569403164,111.0,0.0
351.20898856454284,112.0,0.0
351.21026973530655,111.0,0.0
351.22575706790684,110.0,0.0
351.23867699990876,109.0,0.0
351.2463003169562,108.0,0.0
351.2485406435218,109.0,0.0
351.248791691701,108.0,0.0
351.2552923888676,109.0,0.0
351.25771727570793,108.0,0.0
351.2641536017332,109.0,0.0
351.26604439391474,108.0,0.0
351.2795122182093,109.0,0.0
351.2834579930539,110.0,0.0
351.29032723609777,109.0,0.0
351.2906479808259,110.0,0.0
351.2960003167217,109.0,0.0
351.3016956527039,108.0,0.0
351.30232692924386,109.0,0.0
351.30430437231723,110.0,0.0
351.31548017071066,109.0,0.0
351.31667256122665,110.0,0.0
351.3282145714137,109.0,0.0
351.33362617728807,108.0,0.0
351.3366390649587,109.0,0.0
351.3369433292337,110.0,0.0
351.3384465647536,111.0,0.0
351.3414864091324,112.0,0.0
351.34397247319924,113.0,0.0
351.34465550440626,114.0,0.0
351.3457954535069,113.0,0.0
351.36400351883543,112.0,0.0
351.37305207987714,113.0,0.0
351.37729873131184,114.0,0.0
351.3869163183157,113.0,0.0
351.3948685070339,114.0,0.0
351.39650775894506,115.0,0.0
351.41059417660716,116.0,0.0
351.4188669781447,115.0,0.0
351.422269420961,116.0,0.0
351.4357014634749,117.0,0.0
351.43867983574773,116.0,0.0
351.44106423600846,117.0,0.0
351.4514779106051,118.0,0.0
351.4564356661968,119.0,0.0
351.45988380065944,120.0,0.0
351.4602446564281,121.0,0.0
351.46983343581803,120.0,0.0
351.4702223694961,119.0,0.0
351.47099179688456,120.0,0.0
351.47120829336615,121.0,0.0
351.474517729565,120.0,0.0
351.488459018325,121.0,0.0
351.4993233788129,120.0,0.0
351.50290202409843,119.0,0.0
351.509594454902,120.0,0.0
351.51660297041406,121.0,0.0
351.5205174490185,122.0,0.0
351.52090555294205,121.0,0.0
351.53431192633604,122.0,0.0
351.5436021581879,121.0,0.0
351.5460573112958,120.0,0.0
351.5598102816637,121.0,0.0
351.56031970214406,122.0,0.0
351.560386669947,121.0,0.0
351.56660901948004,120.0,0.0
351.5696051670133,119.0,0.0
351.5696444242474,120.0,0.0
351.577048795656,121.0,0.0
351.5781719614105,120.0,0.0
351.58849618292595,121.0,0.0
351.5890944079924,122.0,0.0
351.5910293337671,121.0,0.0
351.5914826318007,120.0,0.0
351.59251067837005,119.0,0.0
351.60397126332714,118.0,0.0
351.6141952027942,117.0,0.0
351.6151171075681,116.0,0.0
351.62101525129947,115.0,0.0
351.62188850400315,114.0,0.0
351.62805173808005,115.0,0.0
351.6282643697755,116.0,0.0
351.6332769128381,115.0,0.0
351.6423303726039,114.0,0.0
351.6522443684791,115.0,0.0
351.6535759786969,116.0,0.0
351.65503340677634,115.0,0.0
351.65521348433737,114.0,0.0
351.65806105575405,115.0,0.0
351.6619873159107,116.0,0.0
351.6641922823394,115.0,0.0
351.6664292298662,116.0,0.0
351.6708971126395,117.0,0.0
351.6720106950278,118.0,0.0
351.67217071945765,119.0,0.0
351.6894375332598,118.0,0.0
351.6975841591263,119.0,0.0
351.7046913848333,120.0,0.0
351.71525466033245,119.0,0.0
351.71783770036444,118.0,0.0
351.7302722847182,119.0,0.0
351.74505506059825,118.0,0.0
351.76163326669325,117.0,0.0
351.76565066599716,116.0,0.0
351.7724687808222,117.0,0.0
351.7914349480551,116.0,0.0
351.7929342927921,117.0,0.0
351.8071260728896,116.0,0.0
351.8074457539303,117.0,0.0
351.80997440794283,116.0,0.0
351.8150694968911,117.0,0.0
351.82191338989725,116.0,0.0
351.8262264571495,115.0,0.0
351.83580875486365,116.0,0.0
351.83786186957224,115.0,0.0
351.8380798725358,116.0,0.0
351.83867163598416,117.0,0.0
351.8398768949406,118.0,0.0
351.8448513521892,117.0,0.0
351.8498952714122,116.0,0.0
351.85046266633225,115.0,0.0
351.8532413372395,116.0,0.0
351.8596278789773,117.0,0.0
351.86472707503117,118.0,0.0
351.86851563932714,119.0,0.0
351.8685728667151,120.0,0.0
351.8687583707797,121.0,0.0
351.8723562053121,120.0,0.0
351.8749204472361,119.0,0.0
351.8839975039861,120.0,0.0
351.88440952707504,121.0,0.0
351.89328127435124,120.0,0.0
351.89466713475895,119.0,0.0
351.8970578037903,118.0,0.0
351.89962529927914,117.0,0.0
351.90228180275903,116.0,0.0
351.90433574965067,117.0,0.0
351.9119660612535,116.0,0.0
351.91470145948443,115.0,0.0
351.9294961285098,114.0,0.0
351.93170796872255,113.0,0.0
351.9468715640627,112.0,0.0
351.95353442469894,113.0,0.0
351.95507858246623,112.0,0.0
351.9591441098243,111.0,0.0
351.96446332060435,112.0,0.0
351.96744680782723,113.0,0.0
351.9702429935432,114.0,0.0
351.97044031636665,115.0,0.0
351.98032461193407,116.0,0.0
351.9810421846807,117.0,0.0
351.9814740360764,118.0,0.0
351.9851687294415,119.0,0.0
351.9898577663304,120.0,0.0
351.99133540443995,121.0,0.0
351.9914156497118,120.0,0.0
351.99207154137713,119.0,0.0
352.00214188163864,118.0,0.0
352.0037865173538,117.0,0.0
352.005054543252,116.0,0.0
352.00884146794846,117.0,0.0
352.0148976295776,118.0,0.0
352.017324112862,119.0,0.0
352.0185187123624,118.0,0.0
352.02150589649654,119.0,0.0
352.0274497991841,118.0,0.0
352.0284593937683,119.0,0.0
352.02897821667153,120.0,0.0
352.03515878306035,121.0,0.0
352.04193463865334,120.0,0.0
352.0646780308906,119.0,0.0
352.0796092274602,120.0,0.0
352.0841771399214,121.0,0.0
352.08568272910674,122.0,0.0
352.0936192622928,121.0,0.0
352.0945560017005,120.0,0.0
352.09501981765584,119.0,0.0
352.09819538941883,118.0,0.0
352.10024930786267,117.0,0.0
352.10352630741266,116.0,0.0
352.1082807514348,117.0,0.0
352.1100991760883,116.0,0.0
352.1117155697593,115.0,0.0
352.1238519726595,116.0,0.0
352.1242570094577,115.0,0.0
352.1253307463064,116.0,0.0
352.1268635453501,117.0,0.0
352.131077181901,116.0,0.0
352.1316724937571,117.0,0.0
352.1396415232733,118.0,0.0
352.1418148988664,117.0,0.0
352.14328889573056,116.0,0.0
352.14728568312347,117.0,0.0
352.15673130074225,116.0,0.0
352.1660820528479,117.0,0.0
352.1705861416242,118.0,0.0
352.17368393714725,117.0,0.0
352.1835621757712,118.0,0.0
352.1892636832724,119.0,0.0
352.2057918869972,118.0,0.0
352.2102980346189,119.0,0.0
352.21216310223235,118.0,0.0
352.2241986616676,119.0,0.0
352.2395657364683,120.0,0.0
352.2396386188036,119.0,0.0
352.2402526370287,120.0,0.0
352.24638374825025,121.0,0.0
352.24839953864,122.0,0.0
352.2522984554699,121.0,0.0
352.2593219366464,120.0,0.0
352.2632590844847,119.0,0.0
352.267961461823,120.0,0.0
352.27831244162144,119.0,0.0
352.29666185184493,120.0,0.0
352.29701088195185,121.0,0.0
352.31757627172027,122.0,0.0
352.3371727091361,123.0,0.0
352.34511932695153,122.0,0.0
352.3512595538477,121.0,0.0
352.3565477655139,122.0,0.0
352.35983496156246,123.0,0.0
352.38193354850375,122.0,0.0
352.38228599194093,123.0,0.0
352.38283670100867,124.0,0.0
352.3857451329269,123.0,0.0
352.38575771247264,124.0,0.0
352.38584679388424,123.0,0.0
352.39254425058556,124.0,0.0
352.3951731536506,125.0,0.0
352.4111275037648,124.0,0.0
352.41221313203044,125.0,0.0
352.41226115739954,126.0,0.0
352.4264781526491,127.0,0.0
352.44298558483064,128.0,0.0
352.44474572269576,127.0,0.0
352.4482584380775,126.0,0.0
352.448703443352,125.0,0.0
352.45025383428737,126.0,0.0
352.4629159369325,127.0,0.0
352.46830952414354,128.0,0.0
352.4685028844468,129.0,0.0
352.4832071215119,128.0,0.0
352.49159387113593,127.0,0.0
352.49165612147755,128.0,0.0
352.49432283536794,129.0,0.0
352.49441524989504,130.0,0.0
352.521334225413,131.0,0.0
352.52356482552995,132.0,0.0
352.5242002922959,133.0,0.0
352.5302709358361,132.0,0.0
352.543019264649,131.0,0.0
352.5682948093006,132.0,0.0
352.5710168602635,131.0,0.0
352.57485477342317,132.0,0.0
352.5836107974669,133.0,0.0
352.5856448717263,132.0,0.0
352.5872964540229,131.0,0.0
352.58875436989325,130.0,0.0
352.5895430905843,129.0,0.0
352.59511128310385,128.0,0.0
352.59632416812724,127.0,0.0
352.6021513638192,126.0,0.0
352.6129657067842,125.0,0.0
352.61745379169326,126.0,0.0
352.6189397093337,127.0,0.0
352.6238649606786,128.0,0.0
352.62413633181893,129.0,0.0
352.62932173121374,128.0,0.0
352.64698352843965,127.0,0.0
352.6534484706384,128.0,0.0
352.65404325001543,127.0,0.0
352.6546373932995,128.0,0.0
352.6589948466641,127.0,0.0
352.66102304484866,128.0,0.0
352.6628544627916,129.0,0.0
352.6638011743067,128.0,0.0
352.6673446102935,129.0,0.0
352.66770189918617,128.0,0.0
352.6701236823884,127.0,0.0
352.67746213398016,126.0,0.0
352.6927015291788,125.0,0.0
352.6973757625669,124.0,0.0
352.69743029143496,123.0,0.0
352.702147532448,122.0,0.0
352.7037374737474,121.0,0.0
352.7114566507668,120.0,0.0
352.72186071210257,121.0,0.0
352.7325349404337,120.0,0.0
352.73514457333073,119.0,0.0
352.74312285088473,118.0,0.0
352.75373630972643,117.0,0.0
352.76473479253997,118.0,0.0
352.7684826513624,117.0,0.0
352.7706913398107,118.0,0.0
352.7750120379822,119.0,0.0
352.776062101461,120.0,0.0
352.79102023211396,119.0,0.0
352.79285524434147,120.0,0.0
352.8036572768375,119.0,0.0
352.80547242492344,120.0,0.0
352.8317373133204,119.0,0.0
352.8341515315506,120.0,0.0
352.83793165290393,119.0,0.0
352.84903681475026,120.0,0.0
352.85023790183277,119.0,0.0
352.85235876746407,120.0,0.0
352.86549350875913,119.0,0.0
352.8658008896316,118.0,0.0
352.8661606816952,119.0,0.0
352.86902267378775,118.0,0.0
352.8741465853661,117.0,0.0
352.87877919370504,118.0,0.0
352.89462356757434,117.0,0.0
352.9023258027022,116.0,0.0
352.90537444997454,117.0,0.0
352.910329952699,116.0,0.0
352.91133231108836,115.0,0.0
352.91137124681313,116.0,0.0
352.9186292688308,115.0,0.0
352.9229765109966,114.0,0.0
352.9238758175703,115.0,0.0
352.94431511235524,116.0,0.0
352.9481046646885,115.0,0.0
352.95641582083107,114.0,0.0
352.957156705519,113.0,0.0
352.95892785756706,114.0,0.0
352.95904932560137,113.0,0.0
352.96642290777214,112.0,0.0
352.97200753392167,113.0,0.0
352.98283861585924,114.0,0.0
352.98366867556206,113.0,0.0
352.9899316837556,114.0,0.0
352.99328041068657,115.0,0.0
352.99360593201936,116.0,0.0
352.99452847630477,117.0,0.0
352.99652786128104,116.0,0.0
353.0046610691325,117.0,0.0
353.01323257487434,116.0,0.0
353.01717229883855,117.0,0.0
353.0187646721751,118.0,0.0
353.02312666086175,119.0,0.0
353.02407570693373,120.0,0.0
353.0241116276287,119.0,0.0
353.0317115846052,120.0,0.0
353.04197537944964,121.0,0.0
353.05033648639164,120.0,0.0
353.064612382345,119.0,0.0
353.06967058323926,120.0,0.0
353.0750380290151,119.0,0.0
353.0816139698249,120.0,0.0
353.0821892283201,119.0,0.0
353.0860101319344,118.0,0.0
353.0895054758278,119.0,0.0
353.0914666158398,118.0,0.0
353.0923023712816,119.0,0.0
353.1058498765114,118.0,0.0
353.1105475428885,119.0,0.0
353.1140858870273,120.0,0.0
353.1186753756416,121.0,0.0
353.1277243145857,120.0,0.0
353.12789172773415,119.0,0.0
353.12818432917265,120.0,0.0
353.12855586654007,121.0,0.0
353.13586462714727,122.0,0.0
353.1517796628103,121.0,0.0
353.1563403156888,122.0,0.0
353.16117327972063,121.0,0.0
353.17817560155186,122.0,0.0
353.1887211799182,121.0,0.0
353.1900664516015,120.0,0.0
353.1992394257135,121.0,0.0
353.2056324614578,120.0,0.0
353.20573266621085,119.0,0.0
353.2111689897062,118.0,0.0
353.2165076425445,119.0,0.0
353.22157428011275,120.0,0.0
353.2273171350307,121.0,0.0
353.2295561034067,122.0,0.0
353.2376649328403,123.0,0.0
353.24435321384726,122.0,0.0
353.2508248923917,121.0,0.0
353.26353452057134,120.0,0.0
353.2644423619683,121.0,0.0
353.2695822192501,122.0,0.0
353.27404087084767,121.0,0.0
353.287262579004,120.0,0.0
353.2909775068579,119.0,0.0
353.29159474888934,120.0,0.0
353.29385432277854,119.0,0.0
353.303762794916,118.0,0.0
353.3088343096831,119.0,0.0
353.3253277574222,118.0,0.0
353.33130390932337,119.0,0.0
353.3317530320191,120.0,0.0
353.33441922453625,119.0,0.0
353.33638902143025,120.0,0.0
353.3401966574896,119.0,0.0
353.34340147000876,118.0,0.0
353.3492717465168,117.0,0.0
353.350178842091,116.0,0.0
353.3505808376416,115.0,0.0
353.35185104505615,114.0,0.0
353.35468952773635,113.0,0.0
353.3566494360616,114.0,0.0
353.3601606017096,113.0,0.0
353.3641013088796,114.0,0.0
353.36574865643144,113.0,0.0
353.37000099544775,112.0,0.0
353.37387946377964,111.0,0.0
353.37971933080445,112.0,0.0
353.3841799613371,113.0,0.0
353.38620680254706,112.0,0.0
353.3899075261636,111.0,0.0
353.39236582198055,112.0,0.0
353.4022908463463,113.0,0.0
353.40330441381815,114.0,0.0
353.4128108467589,113.0,0.0
353.413242976872,112.0,0.0
353.43355144462384,113.0,0.0
353.43590368755486,112.0,0.0
353.4404766518955,113.0,0.0
353.4505134146737,112.0,0.0
353.45090493727236,113.0,0.0
353.45927253344587,114.0,0.0
353.46055344586983,113.0,0.0
353.46095279525235,112.0,0.0
353.461569055511,111.0,0.0
353.4844411113076,110.0,0.0
353.4925435847757,111.0,0.0
353.4929286052326,112.0,0.0
353.49844728651783,111.0,0.0
353.5083885638235,112.0,0.0
353.5107983400838,111.0,0.0
353.5285514482015,112.0,0.0
353.52941411391544,113.0,0.0
353.53481131962354,114.0,0.0
353.54399624777096,115.0,0.0
353.5535702015628,114.0,0.0
353.58989278725517,113.0,0.0
353.6052470066191,112.0,0.0
353.60637976625793,111.0,0.0
353.6134677436275,110.0,0.0
353.616865511871,111.0,0.0
353.6181016208444,110.0,0.0
353.6190133044675,109.0,0.0
353.62001863614967,108.0,0.0
353.6269880425837,109.0,0.0
353.6455977448551,108.0,0.0
353.64812414569616,107.0,0.0
353.6508976901848,106.0,0.0
353.6546697665621,105.0,0.0
353.6550774928839,106.0,0.0
353.6552032345474,105.0,0.0
353.6577953183458,104.0,0.0
353.6648105903899,105.0,0.0
353.6670219672571,106.0,0.0
353.673798191364,105.0,0.0
353.68100132391106,106.0,0.0
353.6845081693814,105.0,0.0
353.68456948686463,104.0,0.0
353.68995121373393,105.0,0.0
353.70828493963734,104.0,0.0
353.71057601522443,103.0,0.0
353.7171065551872,104.0,0.0
353.72321412383627,103.0,0.0
353.72676799985595,102.0,0.0
353.7324478577772,101.0,0.0
353.73344643327823,100.0,0.0
353.73501959093716,99.0,0.0
353.73761098365196,98.0,0.0
353.73811218791315,99.0,0.0
353.74162262772126,98.0,0.0
353.7506610854539,99.0,0.0
353.75646151916754,98.0,0.0
353.77787953474984,97.0,0.0
353.7918259840995,96.0,0.0
353.79450984428536,95.0,0.0
353.7948728372054,94.0,0.0
353.8121625039414,93.0,0.0
353.8127343661292,94.0,0.0
353.81586250188036,95.0,0.0
353.81743267714535,96.0,0.0
353.8339521974958,97.0,0.0
353.83559621404356,96.0,0.0
353.84295216384567,97.0,0.0
353.8453442816482,96.0,0.0
353.8481977564726,95.0,0.0
353.8600376896861,96.0,0.0
353.86245467208374,97.0,0.0
353.8660921611588,98.0,0.0
353.8724310360534,99.0,0.0
353.8730556810291,100.0,0.0
353.8788478126257,99.0,0.0
353.8817843265772,100.0,0.0
353.88743842794025,101.0,0.0
353.90396697638676,100.0,0.0
353.9042094079303,101.0,0.0
353.9092332080489,102.0,0.0
353.91064356701037,103.0,0.0
353.91369663140546,104.0,0.0
353.91659004801045,103.0,0.0
353.9196155085359,102.0,0.0
353.92008962162276,101.0,0.0
353.9226687959681,102.0,0.0
353.9292003798704,103.0,0.0
353.93194756327824,102.0,0.0
353.9347607905931,101.0,0.0
353.9396295219496,100.0,0.0
353.9482846705581,99.0,0.0
353.9502772230188,98.0,0.0
353.95429490176826,99.0,0.0
353.9551571063944,100.0,0.0
353.9568157270713,101.0,0.0
353.9583257988097,100.0,0.0
353.9731347262795,101.0,0.0
353.97561320586834,100.0,0.0
353.97601124213134,99.0,0.0
353.9790248278718,98.0,0.0
353.9977942059673,97.0,0.0
353.9979636385459,96.0,0.0
353.99898684303713,95.0,0.0
354.0092344431686,94.0,0.0
354.03378160742415,95.0,0.0
354.03872719184284,96.0,0.0
354.0396443869958,97.0,0.0
354.0452005655719,96.0,0.0
354.05023289803233,95.0,0.0
354.05214584227764,94.0,0.0
354.0532445989756,95.0,0.0
354.06143393265563,96.0,0.0
354.07748610456093,95.0,0.0
354.0801566374416,96.0,0.0
354.0837581091167,95.0,0.0
354.084915352898,96.0,0.0
354.08537635369566,97.0,0.0
354.0894135174487,96.0,0.0
354.09209784418874,97.0,0.0
354.0926115745061,96.0,0.0
354.0975672291604,95.0,0.0
354.10379110338977,96.0,0.0
354.1075464799786,97.0,0.0
354.1279106002751,98.0,0.0
354.1330818705696,99.0,0.0
354.13625994169973,98.0,0.0
354.1453040278041,97.0,0.0
354.1571830787935,98.0,0.0
354.16445595282414,97.0,0.0
354.17758335395973,96.0,0.0
354.1891253927774,95.0,0.0
354.1952429275839,96.0,0.0
354.197826102562,95.0,0.0
354.2010048724422,96.0,0.0
354.21442743541775,97.0,0.0
354.2377269721107,98.0,0.0
354.2442196880719,97.0,0.0
354.2579969837916,96.0,0.0
354.2598600915168,95.0,0.0
354.2708833466012,96.0,0.0
354.2748155577772,97.0,0.0
354.2799204520426,96.0,0.0
354.28499753894533,97.0,0.0
354.2973324976973,96.0,0.0
354.302015475582,95.0,0.0
354.3039006492298,94.0,0.0
354.3343418900562,93.0,0.0
354.336033993946,94.0,0.0
354.3413886028979,93.0,0.0
354.3428996732712,94.0,0.0
354.34324192760226,93.0,0.0
354.34641287634366,94.0,0.0
354.35182130509514,93.0,0.0
354.3626441499509,92.0,0.0
354.3725447801765,93.0,0.0
354.37420111879567,92.0,0.0
354.37684370175424,91.0,0.0
354.38017420728636,90.0,0.0
354.38070544854247,89.0,0.0
354.3952763286168,88.0,0.0
354.41092951403823,89.0,0.0
354.41521694671064,90.0,0.0
354.418882073783,89.0,0.0
354.4208680406929,90.0,0.0
354.4235319049715,91.0,0.0
354.4394848491406,92.0,0.0
354.44246134711494,91.0,0.0
354.46121461219326,92.0,0.0
354.46174881762556,91.0,0.0
354.4659724574969,92.0,0.0
354.466712363727,91.0,0.0
354.46953939093663,90.0,0.0
354.475082373106,91.0,0.0
354.4757246200713,90.0,0.0
354.4780161584451,91.0,0.0
354.4799679952553,90.0,0.0
354.4848365578122,91.0,0.0
354.4884394090517,90.0,0.0
354.4885376871802,91.0,0.0
354.5038768663703,92.0,0.0
354.52310977619663,93.0,0.0
354.5283400581902,94.0,0.0
354.5320440370352,93.0,0.0
354.548403422263,92.0,0.0
354.54894554683926,93.0,0.0
354.55590545433523,92.0,0.0
354.56005266827793,93.0,0.0
354.56309384232526,92.0,0.0
354.56889300574466,93.0,0.0
354.5694067320508,92.0,0.0
354.5705042491285,91.0,0.0
354.57304614561167,90.0,0.0
354.5738057948234,89.0,0.0
354.57465297605347,90.0,0.0
354.58514306606963,89.0,0.0
354.60006926813276,88.0,0.0
354.6115924076651,87.0,0.0
354.6195992385643,88.0,0.0
354.62062338139066,89.0,0.0
354.6250909593856,90.0,0.0
354.62546271581954,89.0,0.0
354.62722051988754,90.0,0.0
354.6538281156418,91.0,0.0
354.66417451496307,90.0,0.0
354.67943175558435,91.0,0.0
354.6851594759921,90.0,0.0
354.6919465272336,89.0,0.0
354.70157897211686,90.0,0.0
354.7053175118141,91.0,0.0
354.7074010948231,92.0,0.0
354.7246319734718,91.0,0.0
354.7343527153083,92.0,0.0
354.7345281012438,93.0,0.0
354.7380390441977,92.0,0.0
354.76204074292997,93.0,0.0
354.7709946706338,94.0,0.0
354.7748964018847,95.0,0.0
354.7797500756186,94.0,0.0
354.78015567241414,93.0,0.0
354.78764417629156,92.0,0.0
354.79457667791337,91.0,0.0
354.795654180684,92.0,0.0
354.7984527971822,91.0,0.0
354.8038521723172,90.0,0.0
354.8150040870349,91.0,0.0
354.83408950584374,90.0,0.0
354.83453624628163,91.0,0.0
354.8352996138157,90.0,0.0
354.8397735610703,91.0,0.0
354.8523227278521,90.0,0.0
354.85482019317755,89.0,0.0
354.8804469971723,88.0,0.0
354.8836145660781,87.0,0.0
354.88506999404694,88.0,0.0
354.8869266529029,87.0,0.0
354.8939095257385,88.0,0.0
354.8977781999149,87.0,0.0
354.90042946335063,88.0,0.0
354.9082824923212,87.0,0.0
354.91183330689205,86.0,0.0
354.9218942256774,87.0,0.0
354.93105636412747,88.0,0.0
354.9469095157551,89.0,0.0
354.95332194852426,90.0,0.0
354.9542307586088,91.0,0.0
354.9570421967497,90.0,0.0
354.9650402423145,89.0,0.0
354.9682561013674,88.0,0.0
354.9781217942058,89.0,0.0
354.9813365132561,88.0,0.0
354.98338844884745,89.0,0.0
354.98997915498614,88.0,0.0
354.9941196161759,87.0,0.0
355.0033658862933,86.0,0.0
355.00864188960384,87.0,0.0
355.0096231287618,86.0,0.0
355.0205147100282,87.0,0.0
355.0249361604323,86.0,0.0
355.0256425754358,87.0,0.0
355.02891240156947,86.0,0.0
355.0311182790808,87.0,0.0
355.0388589609018,86.0,0.0
355.0414233470618,85.0,0.0
355.05629872761403,86.0,0.0
355.0617397825128,85.0,0.0
355.06384464513707,84.0,0.0
355.071703624773,83.0,0.0
355.0962307633639,82.0,0.0
355.09940740603946,81.0,0.0
355.10329174707255,82.0,0.0
355.10607328030176,83.0,0.0
355.10965030253294,84.0,0.0
355.1135048540956,83.0,0.0
355.1288407597747,84.0,0.0
355.12983013421047,85.0,0.0
355.13256916739624,84.0,0.0
355.1359441683956,83.0,0.0
355.1412046017319,82.0,0.0
355.1456965560044,83.0,0.0
355.1598373462861,84.0,0.0
355.16348957381047,83.0,0.0
355.1639119637557,84.0,0.0
355.1760272080122,83.0,0.0
355.1827980257551,84.0,0.0
355.1848644201675,83.0,0.0
355.18608234330685,82.0,0.0
355.1865652503395,81.0,0.0
355.1979507052772,82.0,0.0
355.2216474816502,81.0,0.0
355.2252476265005,82.0,0.0
355.2336157811948,83.0,0.0
355.24546347918897,82.0,0.0
355.2494491992788,81.0,0.0
355.255704426297,82.0,0.0
355.25732836297783,81.0,0.0
355.25911217744886,80.0,0.0
355.26362872262604,79.0,0.0
355.2652152767855,80.0,0.0
355.27077853018994,79.0,0.0
355.2798500955089,80.0,0.0
355.28414231406805,79.0,0.0
355.28477264607136,80.0,0.0
355.2956746650039,79.0,0.0
355.30160482792536,80.0,0.0
355.3112246992114,79.0,0.0
355.32227536141505,78.0,0.0
355.33073447446014,79.0,0.0
355.33800703412186,78.0,0.0
355.34931698504835,79.0,0.0
355.35265412636363,80.0,0.0
355.3635305585113,79.0,0.0
355.3714769131182,78.0,0.0
355.37617446672004,79.0,0.0
355.3767294781589,80.0,0.0
355.38217973521023,81.0,0.0
355.3841936043359,80.0,0.0
355.38789579549115,79.0,0.0
355.41151920672075,80.0,0.0
355.41941059566426,79.0,0.0
355.4225678748194,78.0,0.0
355.4337186742201,77.0,0.0
355.43376912784237,76.0,0.0
355.4385057853099,77.0,0.0
355.43987924361033,76.0,0.0
355.4476173531306,77.0,0.0
355.45509456626286,76.0,0.0
355.45871035149383,75.0,0.0
355.4646321624998,74.0,0.0
355.4678675935879,73.0,0.0
355.4739157795848,72.0,0.0
355.48293011544644,71.0,0.0
355.52503100369034,72.0,0.0
355.5297020041586,71.0,0.0
355.54498187770514,70.0,0.0
355.55308773480317,69.0,0.0
355.5601417530316,70.0,0.0
355.5602365072998,71.0,0.0
355.5610239099779,72.0,0.0
355.60064172301884,71.0,0.0
355.6031679626854,70.0,0.0
355.6052507814169,69.0,0.0
355.611358909478,68.0,0.0
355.6118359634288,69.0,0.0
355.61671234521276,68.0,0.0
355.62369938585203,69.0,0.0
355.6333095962139,68.0,0.0
355.63383727246446,67.0,0.0
355.65765514242395,66.0,0.0
355.6684974243254,65.0,0.0
355.6760905813643,66.0,0.0
355.6800903629244,65.0,0.0
355.6880392897562,64.0,0.0
355.6994615917595,63.0,0.0
355.7099704494627,64.0,0.0
355.7258632015374,65.0,0.0
355.73449068124603,64.0,0.0
355.7625191342182,63.0,0.0
355.77009964127586,62.0,0.0
355.7723264318428,63.0,0.0
355.77371208441116,64.0,0.0
355.7737674420941,63.0,0.0
355.77515917264816,64.0,0.0
355.7762103202256,65.0,0.0
355.77758017295497,64.0,0.0
355.7856498886617,65.0,0.0
355.78779534088886,64.0,0.0
355.810234588362,63.0,0.0
355.81596773591275,64.0,0.0
355.82176616749507,63.0,0.0
355.8259721697392,62.0,0.0
355.8335537308074,61.0,0.0
355.8352565612134,60.0,0.0
355.84158394313965,61.0,0.0
355.84523224344167,62.0,0.0
355.85098686204554,61.0,0.0
355.8569925080863,60.0,0.0
355.8627013752003,59.0,0.0
355.86342520439433,60.0,0.0
355.87086187883017,59.0,0.0
355.8734681121681,58.0,0.0
355.8851159206992,59.0,0.0
355.8860396857579,58.0,0.0
355.88789828886775,57.0,0.0
355.8940087297243,56.0,0.0
355.895135419839,55.0,0.0
355.89557009255884,54.0,0.0
355.9010164792573,53.0,0.0
355.93151375584523,52.0,0.0
355.94835694401434,51.0,0.0
355.9573594520786,50.0,0.0
355.96481707533684,49.0,0.0
355.9693756073143,48.0,0.0
355.99778732922755,49.0,0.0
355.99821604924136,48.0,0.0
356.00521553816617,49.0,0.0
356.02277656616565,48.0,0.0
356.02296305331015,49.0,0.0
356.02424206569873,48.0,0.0
356.02768900900014,49.0,0.0
356.02995438921306,48.0,0.0
356.03159864542374,49.0,0.0
356.0341458497643,50.0,0.0
356.037246125565,51.0,0.0
356.04045102482434,52.0,0.0
356.0416471293398,53.0,0.0
356.04253042977336,52.0,0.0
356.05469351529945,51.0,0.0
356.0804554063964,52.0,0.0
356.08268020924965,51.0,0.0
356.08536329758175,50.0,0.0
356.08689738269584,49.0,0.0
356.0916475526297,50.0,0.0
356.095022425649,49.0,0.0
356.0963394933984,48.0,0.0
356.1026820677588,47.0,0.0
356.10482855561526,46.0,0.0
356.10531151949766,45.0,0.0
356.1222123050713,44.0,0.0
356.139569023757,43.0,0.0
356.1436067021696,44.0,0.0
356.1451337123858,45.0,0.0
356.1925766453633,44.0,0.0
356.2146347558901,43.0,0.0
356.2162098221237,44.0,0.0
356.2206708793302,43.0,0.0
356.23227124072065,42.0,0.0
356.23992412553474,41.0,0.0
356.2680298099977,42.0,0.0
356.268428245955,41.0,0.0
356.26855644687504,40.0,0.0
356.27131389541927,41.0,0.0
356.2792810740238,40.0,0.0
356.2800908661808,39.0,0.0
356.281566443823,40.0,0.0
356.28956111863323,39.0,0.0
356.2933202660179,38.0,0.0
356.3052195682857,37.0,0.0
356.31327645081114,36.0,0.0
356.3314025394508,37.0,0.0
356.34053945696917,38.0,0.0
356.3413977914773,37.0,0.0
356.3532289547961,36.0,0.0
356.35388603489866,37.0,0.0
356.3626649099892,36.0,0.0
356.363329992355,35.0,0.0
356.36681041781594,36.0,0.0
356.36748581273196,35.0,0.0
356.374452798554,36.0,0.0
356.38182661429465,35.0,0.0
356.3996307510217,36.0,0.0
356.4049201563689,35.0,0.0
356.4098994048467,34.0,0.0
356.4191606998543,35.0,0.0
356.42162703088206,36.0,0.0
356.45085526744765,35.0,0.0
356.4553306572154,34.0,0.0
356.45686112382856,33.0,0.0
356.45825854781134,32.0,0.0
356.4685968562124,33.0,0.0
356.47259721072726,34.0,0.0
356.47427696920033,33.0,0.0
356.4778842031071,32.0,0.0
356.4779253118595,31.0,0.0
356.4861501195076,30.0,0.0
356.4907239150444,29.0,0.0
356.4912000328998,28.0,0.0
356.50348586517003,27.0,0.0
356.5120490255306,26.0,0.0
356.5128839871324,27.0,0.0
356.5200551039418,26.0,0.0
356.5265446034846,27.0,0.0
356.5384770829213,26.0,0.0
356.54010006118403,25.0,0.0
356.5511367407267,24.0,0.0
356.56683473481496,23.0,0.0
356.57233014685437,22.0,0.0
356.572565758768,21.0,0.0
356.57645537156395,22.0,0.0
356.5803967256309,21.0,0.0
356.5933144555121,20.0,0.0
356.6298898653163,19.0,0.0
356.63250037859825,20.0,0.0
356.6411322137802,21.0,0.0
356.6548700152062,22.0,0.0
356.65603415411704,21.0,0.0
356.68054811716644,22.0,0.0
356.69148891096376,23.0,0.0
356.7001232002398,22.0,0.0
356.7074805589722,23.0,0.0
356.714839259696,22.0,0.0
356.71703802182896,21.0,0.0
356.72724298201973,20.0,0.0
356.7386388549326,19.0,0.0
356.75079868168365,18.0,0.0
356.75249191251794,17.0,0.0
356.7595419991812,16.0,0.0
356.76469125007213,15.0,0.0
356.76984838515693,16.0,0.0
356.77383569046253,15.0,0.0
356.7891712314286,14.0,0.0
356.79693623800875,13.0,0.0
356.7999884508679,12.0,0.0
356.8174384136298,11.0,0.0
356.8221242285686,12.0,0.0
356.8308589597657,11.0,0.0
356.83801719313266,10.0,0.0
356.84032179358553,9.0,0.0
356.8484503673173,10.0,0.0
356.85525792314706,9.0,0.0
356.85885735314366,8.0,0.0
356.8665447757999,7.0,0.0
356.8833539917524,6.0,0.0
356.8884154657241,7.0,0.0
356.89399920735775,8.0,0.0
356.90046198887023,7.0,0.0
356.91101990926103,6.0,0.0
356.91518048817204,5.0,0.0
356.92883647121255,6.0,0.0
356.92924750010627,7.0,0.0
356.9301543257812,6.0,0.0
356.953284175228,5.0,0.0
356.9640388716377,6.0,0.0
356.973337629289,5.0,0.0
356.98716047469463,4.0,0.0
356.9936324227031,3.0,0.0
356.9943065991784,2.0,0.0
357.0008955371491,1.0,0.0
357.01012165595057,0.0,0.0
357.039358360435,1.0,0.0
357.0495266623608,0.0,0.0
357.1380053567699,1.0,0.0
357.1734187706648,0.0,0.0
357.18268371923745,1.0,0.0
357.1950205301839,0.0,0.0
357.22137706336804,1.0,0.0
357.2341255651385,2.0,0.0
357.23664136730645,1.0,0.0
357.2492284231639,2.0,0.0
357.3072795027207,3.0,0.0
357.31196512009836,4.0,0.0
357.31768787080506,5.0,0.0
357.3354641915219,4.0,0.0
357.35491835307533,3.0,0.0
357.3552022559279,2.0,0.0
357.3690673617611,3.0,0.0
357.37659810409633,2.0,0.0
357.3870313803597,1.0,0.0
357.3890168988509,0.0,0.0
357.41180745500793,1.0,0.0
357.424452078762,0.0,0.0
357.4731043746306,1.0,0.0
357.4952546103148,0.0,0.0
357.5004021767932,1.0,0.0
357.51424784476694,0.0,0.0
357.71637438810495,1.0,0.0
357.74182319266936,2.0,0.0
357.75956867344996,3.0,0.0
357.77083657522076,2.0,0.0
357.77709494446566,3.0,0.0
357.7791954697048,2.0,0.0
357.783952735236,3.0,0.0
357.79164183838424,4.0,0.0
357.79686028270777,3.0,0.0
357.8229758180668,2.0,0.0
357.82309220216064,1.0,0.0
357.8462754474534,0.0,0.0
357.8884432155451,1.0,0.0
357.8936977375145,0.0,0.0
357.9416776772421,1.0,0.0
357.9438443095094,0.0,0.0
358.0828127168482,1.0,0.0
358.09035795378134,0.0,0.0
358.108383110227,1.0,0.0
358.1236964504759,2.0,0.0
358.1282404989639,1.0,0.0
358.14413674523934,0.0,0.0
358.14691290693537,1.0,0.0
358.17175042390045,0.0,0.0
358.241809351473,1.0,0.0
358.2512336738404,0.0,0.0
358.2775536120598,1.0,0.0
358.308231261356,2.0,0.0
358.3282358413082,1.0,0.0
358.3663182052279,0.0,0.0
358.3838448287531,1.0,0.0
358.39169256255275,0.0,0.0
358.40837390408007,1.0,0.0
358.4264795626132,2.0,0.0
358.43245778742937,1.0,0.0
358.4366015393765,2.0,0.0
358.44133139662887,1.0,0.0
358.46301292637366,2.0,0.0
358.47602660522597,1.0,0.0
358.48303094236076,0.0,0.0
358.5606476409831,1.0,0.0
358.561843152422,2.0,0.0
358.5775669952867,1.0,0.0
358.5881597504339,0.0,0.0
358.67126325144784,1.0,0.0
358.6795017141112,0.0,0.0
358.7628300199152,1.0,0.0
358.76449147702175,0.0,0.0
358.7797657285901,1.0,0.0
358.7870617050932,2.0,0.0
358.83645962138377,1.0,0.0
358.8562424555169,2.0,0.0
358.8677034983115,1.0,0.0
358.9039650430667,2.0,0.0
358.91321044168535,3.0,0.0
358.92985812940424,2.0,0.0
358.9613555621807,1.0,0.0
358.96304049042953,2.0,0.0
358.97073728009383,3.0,0.0
358.9725551645299,2.0,0.0
359.0038172350744,3.0,0.0
359.01098247578057,2.0,0.0
359.02920686276946,1.0,0.0
359.0393154589437,2.0,0.0
359.05878004912466,3.0,0.0
359.07067658908346,4.0,0.0
359.078111970607,3.0,0.0
359.0788740283733,2.0,0.0
359.0809582394422,1.0,0.0
359.08191910641904,2.0,0.0
359.0927193936346,3.0,0.0
359.0972400293667,2.0,0.0
359.0984903752266,1.0,0.0
359.14479100670815,2.0,0.0
359.1586615351205,1.0,0.0
359.1611699441791,0.0,0.0
359.16126855120814,1.0,0.0
359.1744077914706,2.0,0.0
359.1772079741652,3.0,0.0
359.19123093251744,4.0,0.0
359.1930547613168,5.0,0.0
359.2024773773874,6.0,0.0
359.20387540566645,7.0,0.0
359.2427711586192,6.0,0.0
359.2567004895101,5.0,0.0
359.2721665090038,4.0,0.0
359.3054653743191,5.0,0.0
359.3066817403593,4.0,0.0
359.3110622068286,5.0,0.0
359.31780366951494,4.0,0.0
359.3191344575451,3.0,0.0
359.3462540093826,2.0,0.0
359.3575144889933,1.0,0.0
359.37324396236346,0.0,0.0
359.39697436302527,1.0,0.0
359.40178631774035,0.0,0.0
359.43042725249575,1.0,0.0
359.4360706616852,0.0,0.0
359.5174321156346,1.0,0.0
359.5464975647144,0.0,0.0
359.5695771385319,1.0,0.0
359.57230780652367,0.0,0.0
359.5968407152196,1.0,0.0
359.6003101509893,2.0,0.0
359.601585582442,1.0,0.0
359.6053226274991,0.0,0.0
359.67641171452374,1.0,0.0
359.6783056555856,0.0,0.0
359.8722783798126,1.0,0.0
359.87308840169493,0.0,0.0
359.9088189966164,1.0,0.0
359.94425817523324,2.0,0.0
359.94486927938505,1.0,0.0
359.94851757792,0.0,0.0
360.00118797252037,1.0,0.0
360.0087840380588,0.0,0.0
360.0152708438199,1.0,0.0
360.0485319685785,0.0,0.0
360.0545331586062,1.0,0.0
360.0596369724341,0.0,0.0
360.09078166401497,1.0,0.0
360.0956732782786,0.0,0.0
360.1080690085818,1.0,0.0
360.1188173400549,2.0,0.0
360.1276306480568,3.0,0.0
360.14476477530815,4.0,0.0
360.1512299432724,3.0,0.0
360.15818700589017,4.0,0.0
360.1742945921391,3.0,0.0
360.19220651626335,2.0,0.0
360.2034467422681,1.0,0.0
360.2101567760463,0.0,0.0
360.2123410987589,1.0,0.0
360.2126355052643,0.0,0.0
360.2208381716492,1.0,0.0
360.23846561747064,2.0,0.0
360.24759691693197,1.0,0.0
360.2478487404925,2.0,0.0
360.2491700634524,1.0,0.0
360.2550246392379,0.0,0.0
360.26641192949074,1.0,0.0
360.2720637749534,0.0,0.0
360.29530421033274,1.0,0.0
360.3068022177371,2.0,0.0
360.30881679630977,1.0,0.0
360.32854148666445,2.0,0.0
360.3447778543693,1.0,0.0
360.35687197475187,2.0,0.0
360.36712671962266,1.0,0.0
360.38308127826224,0.0,0.0
360.38697583301405,1.0,0.0
360.3957098562545,0.0,0.0
360.3966326237062,1.0,0.0
360.3971925403303,2.0,0.0
360.40210789888545,1.0,0.0
360.4044786259576,2.0,0.0
360.4201217851766,1.0,0.0
360.43142164811036,0.0,0.0
360.4914385493815,1.0,0.0
360.4993289104765,2.0,0.0
360.50046247863486,1.0,0.0
360.5174300251066,2.0,0.0
360.5184143795683,1.0,0.0
360.52026684708807,2.0,0.0
360.5281331042598,3.0,0.0
360.53220680267026,2.0,0.0
360.5413050571222,1.0,0.0
360.54570183402575,2.0,0.0
360.5565148239514,3.0,0.0
360.5859078281518,4.0,0.0
360.59358202003546,5.0,0.0
360.601174677574,4.0,0.0
360.62993265300497,5.0,0.0
360.6300577036088,4.0,0.0
360.6362129477572,3.0,0.0
360.66624849936807,2.0,0.0
360.6876973157051,1.0,0.0
360.6971150541538,0.0,0.0
360.7067936272047,1.0,0.0
360.7154999810597,2.0,0.0
360.7244026392914,1.0,0.0
360.72501883504066,2.0,0.0
360.726274895353,1.0,0.0
360.73234593203114,0.0,0.0
360.7584694731287,1.0,0.0
360.8296755820955,2.0,0.0
360.8414555019122,3.0,0.0
360.84978578034514,4.0,0.0
360.8512974519338,3.0,0.0
360.86279640526226,4.0,0.0
360.8656921053461,5.0,0.0
360.8800336068019,4.0,0.0
360.88391110859857,5.0,0.0
360.8886581837008,4.0,0.0
360.88905482492515,5.0,0.0
360.88921167073323,6.0,0.0
360.8999906770258,5.0,0.0
360.90249642045734,6.0,0.0
360.915247898135,5.0,0.0
360.9236303765901,4.0,0.0
360.9253380099962,5.0,0.0
360.9267504167637,6.0,0.0
360.9633971573785,5.0,0.0
360.9704882561978,4.0,0.0
360.98110091585755,3.0,0.0
360.9980922423899,4.0,0.0
361.01167977893294,5.0,0.0
361.03803307016034,4.0,0.0
361.03857898736845,5.0,0.0
361.04377126423185,6.0,0.0
361.0512961154803,7.0,0.0
361.06370601818315,8.0,0.0
361.0803232772094,7.0,0.0
361.080344972101,6.0,0.0
361.0806192879945,7.0,0.0
361.08940995894136,8.0,0.0
361.1003514509193,7.0,0.0
361.105708082122,6.0,0.0
361.1059499761806,5.0,0.0
361.11457269469514,6.0,0.0
361.1223977480001,5.0,0.0
361.1587693697894,4.0,0.0
361.1631017446739,5.0,0.0
361.1946536248977,6.0,0.0
361.197883478928,7.0,0.0
361.2009314249028,8.0,0.0
361.20303907097326,7.0,0.0
361.20844891380216,6.0,0.0
361.21400453362065,5.0,0.0
361.22291303782254,6.0,0.0
361.2271991905353,7.0,0.0
361.2464555422945,6.0,0.0
361.2586971044035,7.0,0.0
361.27904473782434,8.0,0.0
361.28720903791105,9.0,0.0
361.2910460615697,8.0,0.0
361.3204968405394,7.0,0.0
361.3646887850838,8.0,0.0
361.3721805377871,7.0,0.0
361.38110334441143,8.0,0.0
361.3839355346198,7.0,0.0
361.3860192045865,8.0,0.0
361.3883448557193,7.0,0.0
361.398570929455,6.0,0.0
361.401087261104,7.0,0.0
361.4087680479558,8.0,0.0
361.4235025918654,9.0,0.0
361.43205393418583,10.0,0.0
361.451616103927,11.0,0.0
361.4555872385832,12.0,0.0
361.45672672266386,13.0,0.0
361.4687839679534,14.0,0.0
361.48909659344514,13.0,0.0
361.4971505237349,14.0,0.0
361.50786895192084,13.0,0.0
361.51272407891037,12.0,0.0
361.5131862168457,11.0,0.0
361.5393324095412,12.0,0.0
361.54520649830476,11.0,0.0
361.5457984470342,12.0,0.0
361.5539505571317,11.0,0.0
361.5552192703582,12.0,0.0
361.5618118968915,11.0,0.0
361.5631284204282,10.0,0.0
361.56354602978075,11.0,0.0
361.58264100845633,10.0,0.0
361.5856821372537,11.0,0.0
361.5939349516578,12.0,0.0
361.5989244236125,13.0,0.0
361.59913415050676,14.0,0.0
361.6010365577407,15.0,0.0
361.61151107195485,14.0,0.0
361.61435253884315,15.0,0.0
361.62059790531,14.0,0.0
361.6229009973349,15.0,0.0
361.63106732170826,14.0,0.0
361.63530346711576,15.0,0.0
361.63631599654417,16.0,0.0
361.6369325803414,15.0,0.0
361.64281668389833,14.0,0.0
361.6518387673276,15.0,0.0
361.6552117471007,16.0,0.0
361.65793479452645,15.0,0.0
361.66252758178763,16.0,0.0
361.67678483230065,15.0,0.0
361.68758429207907,14.0,0.0
361.6881709094428,13.0,0.0
361.6926010749217,14.0,0.0
361.7094712796053,15.0,0.0
361.7126597730757,14.0,0.0
361.71296807239514,13.0,0.0
361.7166519059121,12.0,0.0
361.72089437327554,13.0,0.0
361.7280892839655,14.0,0.0
361.73267263688797,15.0,0.0
361.7557589654764,14.0,0.0
361.7584228192848,13.0,0.0
361.7787947315199,12.0,0.0
361.79822836444015,13.0,0.0
361.8011416635389,12.0,0.0
361.8029413592279,11.0,0.0
361.8076185194339,10.0,0.0
361.8091965532641,11.0,0.0
361.81674985003735,10.0,0.0
361.81919314553596,11.0,0.0
361.83867924609444,12.0,0.0
361.8450859947464,13.0,0.0
361.8495695106514,12.0,0.0
361.85750096525294,13.0,0.0
361.8621195708183,12.0,0.0
361.8702399136766,13.0,0.0
361.87187532987866,12.0,0.0
361.9001192858059,11.0,0.0
361.9126012115662,12.0,0.0
361.91297005499723,13.0,0.0
361.91347841820993,14.0,0.0
361.9162648442307,13.0,0.0
361.9232454432276,12.0,0.0
361.9333958637348,11.0,0.0
361.9334359638558,10.0,0.0
361.9367049229759,9.0,0.0
361.94120157837636,10.0,0.0
361.94506968315443,9.0,0.0
361.9455176228519,8.0,0.0
361.9493356338241,9.0,0.0
361.9659561174077,8.0,0.0
361.9705333227434,7.0,0.0
361.97787073237635,8.0,0.0
361.9794114709661,7.0,0.0
361.9932403332631,8.0,0.0
362.0026439736134,7.0,0.0
362.0121833479167,8.0,0.0
362.0142866973592,7.0,0.0
362.0190411251144,8.0,0.0
362.019115760609,7.0,0.0
362.0205718607131,6.0,0.0
362.0320713149441,5.0,0.0
362.0380886646159,6.0,0.0
362.0513361899481,5.0,0.0
362.05313270784393,4.0,0.0
362.0549912400289,3.0,0.0
362.0595690774095,4.0,0.0
362.0697517148939,5.0,0.0
362.0772133968031,4.0,0.0
362.0824689216891,5.0,0.0
362.08461447925384,6.0,0.0
362.09228401780683,7.0,0.0
362.09724310400225,6.0,0.0
362.1069642837412,5.0,0.0
362.1092980930866,4.0,0.0
362.1180714153791,3.0,0.0
362.1191520267874,2.0,0.0
362.13389990196663,1.0,0.0
362.14309023678896,2.0,0.0
362.1439556805205,1.0,0.0
362.1458738375698,0.0,0.0
362.1641799408258,1.0,0.0
362.176589846105,2.0,0.0
362.1836887840974,3.0,0.0
362.1876112009778,2.0,0.0
362.1913911017305,3.0,0.0
362.19236106279976,2.0,0.0
362.20177120377815,3.0,0.0
362.21802215867507,4.0,0.0
362.22848009522176,5.0,0.0
362.2284910308362,4.0,0.0
362.23138113266515,5.0,0.0
362.23151415252664,6.0,0.0
362.2342778983647,5.0,0.0
362.24068837812854,4.0,0.0
362.2590015040297,5.0,0.0
362.2669250993014,4.0,0.0
362.2670275360667,3.0,0.0
362.27003547769954,4.0,0.0
362.2708259856014,5.0,0.0
362.274997883357,6.0,0.0
362.28384537693574,5.0,0.0
362.30012155907826,4.0,0.0
362.30437178357494,5.0,0.0
362.31654793090456,6.0,0.0
362.3217975650373,7.0,0.0
362.3416855357735,8.0,0.0
362.35179181753034,7.0,0.0
362.3540812895314,6.0,0.0
362.3593325273597,5.0,0.0
362.3644155607783,6.0,0.0
362.36897727005,7.0,0.0
362.37241880968753,8.0,0.0
362.3855750741286,7.0,0.0
362.3912712550143,6.0,0.0
362.3922386446337,7.0,0.0
362.3970291001657,8.0,0.0
362.4023225619963,7.0,0.0
362.4094653555676,6.0,0.0
362.4210769082985,7.0,0.0
362.42204746491836,8.0,0.0
362.43006240755983,7.0,0.0
362.4382582493652,8.0,0.0
362.4469577939695,9.0,0.0
362.4482943932427,10.0,0.0
362.45107012846336,9.0,0.0
362.4590009981281,8.0,0.0
362.46062360740893,9.0,0.0
362.467321006379,10.0,0.0
362.4718548279304,11.0,0.0
362.4840959542477,12.0,0.0
362.4992691741773,13.0,0.0
362.50267784192636,14.0,0.0
362.5098165023288,13.0,0.0
362.5161825900927,12.0,0.0
362.51748929528407,13.0,0.0
362.5196539291017,12.0,0.0
362.5251401690311,13.0,0.0
362.5253262530452,12.0,0.0
362.5300964220738,11.0,0.0
362.5318500655845,12.0,0.0
362.5365463068316,13.0,0.0
362.545224695142,12.0,0.0
362.5471471916187,11.0,0.0
362.55304019614505,12.0,0.0
362.5602793793831,13.0,0.0
362.5606771767904,12.0,0.0
362.56958799148,11.0,0.0
362.5704307591295,10.0,0.0
362.57326892265047,11.0,0.0
362.5835196357653,12.0,0.0
362.5883589721628,13.0,0.0
362.59205471176347,14.0,0.0
362.59357830005365,15.0,0.0
362.5962459104846,14.0,0.0
362.60768911403096,13.0,0.0
362.6142957930223,14.0,0.0
362.6152348345236,13.0,0.0
362.617531666755,14.0,0.0
362.6192927763139,13.0,0.0
362.6335816757706,14.0,0.0
362.6476797769724,13.0,0.0
362.6492700026506,14.0,0.0
362.66737373160294,13.0,0.0
362.6709378054223,14.0,0.0
362.67419271039273,13.0,0.0
362.6798907741535,12.0,0.0
362.6881222266295,13.0,0.0
362.6905602884209,12.0,0.0
362.6970817119978,13.0,0.0
362.7042590892759,12.0,0.0
362.71267943813507,11.0,0.0
362.7137450609126,10.0,0.0
362.7171185010108,11.0,0.0
362.7210179526682,10.0,0.0
362.72150353319324,11.0,0.0
362.73495867718617,10.0,0.0
362.74388618186254,11.0,0.0
362.74846640620206,12.0,0.0
362.74962374915987,11.0,0.0
362.7586088843544,10.0,0.0
362.76734946874734,11.0,0.0
362.7687300849835,10.0,0.0
362.7787899338173,11.0,0.0
362.79178179752944,12.0,0.0
362.7946612611606,13.0,0.0
362.79838678957566,14.0,0.0
362.8019831288476,13.0,0.0
362.80697426061033,14.0,0.0
362.81256874133044,15.0,0.0
362.81565002567334,16.0,0.0
362.81730698812396,17.0,0.0
362.8203668878379,18.0,0.0
362.82244452264996,19.0,0.0
362.82727491229423,20.0,0.0
362.82763864670653,21.0,0.0
362.829340912157,20.0,0.0
362.8324886510887,19.0,0.0
362.8344805460856,20.0,0.0
362.8377497386184,19.0,0.0
362.8548810356729,20.0,0.0
362.8610012671152,19.0,0.0
362.8633642578644,20.0,0.0
362.86748639903766,21.0,0.0
362.8784646313311,22.0,0.0
362.8858221655135,21.0,0.0
362.8985025525866,20.0,0.0
362.90032351598745,21.0,0.0
362.90451602128763,20.0,0.0
362.910771439472,21.0,0.0
362.936704601734,22.0,0.0
362.9388073031948,23.0,0.0
362.9434599233194,24.0,0.0
362.94704720136934,23.0,0.0
362.95332245079953,22.0,0.0
362.9557705243098,23.0,0.0
362.9570908021254,22.0,0.0
362.96132269180464,21.0,0.0
362.9696308518145,22.0,0.0
362.97177834169554,23.0,0.0
362.97380117682087,22.0,0.0
362.99197820653734,23.0,0.0
362.9929622299081,22.0,0.0
362.99459608869364,23.0,0.0
363.0170261741628,24.0,0.0
363.0199577350078,25.0,0.0
363.0451838518522,26.0,0.0
363.0555080416562,27.0,0.0
363.0560394820704,28.0,0.0
363.0573659090176,27.0,0.0
363.05756423911265,28.0,0.0
363.06563155855576,27.0,0.0
363.06833144446136,28.0,0.0
363.06916637376787,27.0,0.0
363.07739900176466,28.0,0.0
363.08186064371307,27.0,0.0
363.08384287745264,28.0,0.0
363.0847275411163,27.0,0.0
363.0884321124154,28.0,0.0
363.09175224674595,29.0,0.0
363.0929863280054,30.0,0.0
363.095399114075,29.0,0.0
363.096995652138,30.0,0.0
363.10253453625575,31.0,0.0
363.10338562231675,30.0,0.0
363.11604417634476,31.0,0.0
363.11633757453154,32.0,0.0
363.11815885628147,31.0,0.0
363.1242494265915,30.0,0.0
363.13294101199926,31.0,0.0
363.14563238278515,30.0,0.0
363.1501842045493,29.0,0.0
363.15937427475876,30.0,0.0
363.1604205259542,31.0,0.0
363.1614025043004,32.0,0.0
363.16694663454,33.0,0.0
363.16842186576173,32.0,0.0
363.1771383019969,33.0,0.0
363.1781414778332,34.0,0.0
363.18574381660335,35.0,0.0
363.18886396147485,36.0,0.0
363.19297876018146,35.0,0.0
363.1950065246495,36.0,0.0
363.198681329036,35.0,0.0
363.1998451153573,34.0,0.0
363.2070205596706,35.0,0.0
363.2078391072778,36.0,0.0
363.20887466981793,35.0,0.0
363.21303859956515,36.0,0.0
363.2243611107506,37.0,0.0
363.23179766923755,36.0,0.0
363.23616226172845,37.0,0.0
363.2397027547455,36.0,0.0
363.2408826176179,37.0,0.0
363.24283919450045,38.0,0.0
363.2428569011789,39.0,0.0
363.2445803751528,40.0,0.0
363.2561423656038,39.0,0.0
363.2592796154783,40.0,0.0
363.2623203126055,41.0,0.0
363.26964561298024,40.0,0.0
363.2698019076236,41.0,0.0
363.2814078951647,40.0,0.0
363.29666974658716,41.0,0.0
363.3080817534345,42.0,0.0
363.3088866773508,41.0,0.0
363.3136480085589,42.0,0.0
363.31592468008654,43.0,0.0
363.3164843292377,42.0,0.0
363.3214417672476,41.0,0.0
363.323976810812,42.0,0.0
363.32658269220894,43.0,0.0
363.32739523530296,42.0,0.0
363.33737969230043,43.0,0.0
363.3422036685254,44.0,0.0
363.3472189113441,43.0,0.0
363.3532124281272,42.0,0.0
363.3646277034359,41.0,0.0
363.36589613000325,40.0,0.0
363.37075604609856,41.0,0.0
363.37533580061097,40.0,0.0
363.3836599737827,41.0,0.0
363.3862533864668,42.0,0.0
363.38799257702476,41.0,0.0
363.39007182078063,42.0,0.0
363.3903777115057,43.0,0.0
363.3953443669728,42.0,0.0
363.3964811506083,43.0,0.0
363.40163230485734,42.0,0.0
363.40248455533356,41.0,0.0
363.4071971754743,42.0,0.0
363.42391174729784,43.0,0.0
363.4462623244047,42.0,0.0
363.44835962008574,41.0,0.0
363.4533933596316,42.0,0.0
363.464249378012,43.0,0.0
363.4701680696679,44.0,0.0
363.4721183344188,43.0,0.0
363.4724415019588,44.0,0.0
363.47495557402664,43.0,0.0
363.48683086802487,44.0,0.0
363.4916499184864,43.0,0.0
363.49219718816175,44.0,0.0
363.50131913973854,43.0,0.0
363.50504913276797,42.0,0.0
363.5111999611699,41.0,0.0
363.51857594972165,42.0,0.0
363.52067550829156,43.0,0.0
363.5278994302922,44.0,0.0
363.5318450458794,43.0,0.0
363.5394203655121,42.0,0.0
363.5553857578063,43.0,0.0
363.56222034485114,44.0,0.0
363.56463201610836,45.0,0.0
363.56821792007975,46.0,0.0
363.57833910005024,47.0,0.0
363.5795183521853,46.0,0.0
363.58241801879683,45.0,0.0
363.58513681287513,46.0,0.0
363.6071983824252,47.0,0.0
363.6095227182203,48.0,0.0
363.61697774935925,47.0,0.0
363.61863172962796,48.0,0.0
363.62811891699204,49.0,0.0
363.6384398860345,50.0,0.0
363.64278661177167,51.0,0.0
363.6533328783817,52.0,0.0
363.6567852207238,51.0,0.0
363.65694853125933,52.0,0.0
363.65911552501655,53.0,0.0
363.6696958683293,52.0,0.0
363.67193318355754,51.0,0.0
363.6723196169282,52.0,0.0
363.67432418232505,53.0,0.0
363.6745958600351,54.0,0.0
363.67612573775386,55.0,0.0
363.67833884505063,56.0,0.0
363.6796559207428,55.0,0.0
363.6807627859331,54.0,0.0
363.69173746428214,53.0,0.0
363.6920174367351,52.0,0.0
363.70541076384535,53.0,0.0
363.705434414613,54.0,0.0
363.71385324305095,53.0,0.0
363.7158924026767,54.0,0.0
363.7228276139899,55.0,0.0
363.7235798343491,56.0,0.0
363.7250287940878,57.0,0.0
363.72697491680816,56.0,0.0
363.72819127530823,55.0,0.0
363.74145788060514,56.0,0.0
363.74804619394655,57.0,0.0
363.75358986915455,58.0,0.0
363.75410882164147,57.0,0.0
363.7608606139449,56.0,0.0
363.7729085383464,55.0,0.0
363.7772383425478,54.0,0.0
363.78096181291176,55.0,0.0
363.7900391318612,56.0,0.0
363.80823806396506,57.0,0.0
363.8119734116133,56.0,0.0
363.81272766077376,57.0,0.0
363.81401473542485,58.0,0.0
363.83940181387317,59.0,0.0
363.8438146629255,58.0,0.0
363.8471929054187,59.0,0.0
363.84930432197126,58.0,0.0
363.8512215203008,57.0,0.0
363.85312450138,56.0,0.0
363.85324824285317,57.0,0.0
363.86783395781646,56.0,0.0
363.8705145376654,55.0,0.0
363.88083173459813,54.0,0.0
363.8811542869365,53.0,0.0
363.884390887874,54.0,0.0
363.88657430123374,55.0,0.0
363.88794033237593,56.0,0.0
363.8892323484948,55.0,0.0
363.8941041765018,56.0,0.0
363.8961899310056,55.0,0.0
363.8996286955779,54.0,0.0
363.90614979139167,53.0,0.0
363.9105797002783,54.0,0.0
363.92519641701625,53.0,0.0
363.928710319713,54.0,0.0
363.93237492687115,55.0,0.0
363.94320381142273,56.0,0.0
363.9468936097787,57.0,0.0
363.9490427254973,58.0,0.0
363.9507086378584,57.0,0.0
363.95934167240216,56.0,0.0
363.96463673801605,57.0,0.0
363.96765644844044,56.0,0.0
363.9679270878615,55.0,0.0
363.972629327071,54.0,0.0
363.9745951241983,53.0,0.0
363.98078250181396,54.0,0.0
363.98726009386365,53.0,0.0
363.9944124693356,54.0,0.0
363.9953580105427,55.0,0.0
364.0084048042901,56.0,0.0
364.012430707242,55.0,0.0
364.01413877700907,56.0,0.0
364.0310667435764,55.0,0.0
364.0330389376977,56.0,0.0
364.03461825523783,57.0,0.0
364.0396500599405,58.0,0.0
364.04402397665217,57.0,0.0
364.04763228289977,56.0,0.0
364.05693410612287,55.0,0.0
364.0569549517288,56.0,0.0
364.0630504352128,57.0,0.0
364.06380444919245,58.0,0.0
364.06432886950745,59.0,0.0
364.0936482987776,58.0,0.0
364.09458089335607,57.0,0.0
364.09488803129943,58.0,0.0
364.09488935705065,57.0,0.0
364.0971568831303,58.0,0.0
364.0974242853703,59.0,0.0
364.10216491305283,60.0,0.0
364.11174480254294,59.0,0.0
364.1285219644777,58.0,0.0
364.135793374361,59.0,0.0
364.1462398687986,60.0,0.0
364.15454631081786,61.0,0.0
364.15970337832107,60.0,0.0
364.1607674514479,61.0,0.0
364.1615170573141,60.0,0.0
364.1629252133518,61.0,0.0
364.1799782164242,60.0,0.0
364.18837676876325,59.0,0.0
364.21093536168587,58.0,0.0
364.2206003249465,57.0,0.0
364.22108270519857,56.0,0.0
364.2287837668103,55.0,0.0
364.2330118434474,56.0,0.0
364.2340898362566,57.0,0.0
364.25888890319834,56.0,0.0
364.26075884162407,57.0,0.0
364.27363848960147,58.0,0.0
364.27557096050367,59.0,0.0
364.27573685766066,60.0,0.0
364.2777186220916,61.0,0.0
364.286773882592,62.0,0.0
364.28703883286573,63.0,0.0
364.29120381529884,64.0,0.0
364.29900387722824,63.0,0.0
364.30001169285356,62.0,0.0
364.3020666417913,63.0,0.0
364.307448417229,62.0,0.0
364.30967165376313,63.0,0.0
364.3267501581262,62.0,0.0
364.32851168266853,63.0,0.0
364.3313289544582,62.0,0.0
364.3332731989099,63.0,0.0
364.3403277725815,62.0,0.0
364.3427759311445,63.0,0.0
364.35118253390186,64.0,0.0
364.3573070129341,63.0,0.0
364.36816987502084,64.0,0.0
364.36824534860557,63.0,0.0
364.3753218649419,62.0,0.0
364.3769905117407,63.0,0.0
364.3827999847538,62.0,0.0
364.3838218734569,63.0,0.0
364.38961840082067,64.0,0.0
364.39768814993414,63.0,0.0
364.4304521030223,64.0,0.0
364.43450419529637,63.0,0.0
364.43614320195564,62.0,0.0
364.4368532634025,63.0,0.0
364.43714813846873,62.0,0.0
364.4433272993594,61.0,0.0
364.4638324333705,62.0,0.0
364.46495923508365,61.0,0.0
364.46822079628384,60.0,0.0
364.4766100812914,61.0,0.0
364.4849889470401,62.0,0.0
364.48937903387286,61.0,0.0
364.49275405059086,60.0,0.0
364.49322924690574,61.0,0.0
364.49829140923106,62.0,0.0
364.4991468203556,61.0,0.0
364.49972363036585,60.0,0.0
364.50081237947074,59.0,0.0
364.5023349814906,60.0,0.0
364.50763406838416,61.0,0.0
364.5114607027684,62.0,0.0
364.5120226284011,61.0,0.0
364.5251520909932,60.0,0.0
364.5281237489288,61.0,0.0
364.5426229464233,62.0,0.0
364.5441215771891,61.0,0.0
364.5446308104153,62.0,0.0
364.54787064345754,61.0,0.0
364.5593667875556,62.0,0.0
364.56123062469635,63.0,0.0
364.5619459306783,62.0,0.0
364.56428832467117,63.0,0.0
364.56926343862045,64.0,0.0
364.5712342819388,63.0,0.0
364.5786553399128,62.0,0.0
364.58997569848,61.0,0.0
364.59252825998476,60.0,0.0
364.6040813325262,61.0,0.0
364.60722682240964,62.0,0.0
364.61445563793126,63.0,0.0
364.62031824710385,62.0,0.0
364.62082014536315,63.0,0.0
364.62592109911765,64.0,0.0
364.62849137665705,65.0,0.0
364.62850374603573,64.0,0.0
364.628667919659,65.0,0.0
364.6317915619578,66.0,0.0
364.6412083136141,65.0,0.0
364.6487321958547,66.0,0.0
364.6681540422007,67.0,0.0
364.67035414871543,68.0,0.0
364.6716199502481,69.0,0.0
364.6926901273922,68.0,0.0
364.693771357338,69.0,0.0
364.6994463576858,68.0,0.0
364.7071160859172,67.0,0.0
364.7185354589032,68.0,0.0
364.7263024447612,67.0,0.0
364.7369409032955,66.0,0.0
364.73930562316514,67.0,0.0
364.74060950956215,68.0,0.0
364.74737766421424,69.0,0.0
364.7477232544261,70.0,0.0
364.7537784790356,69.0,0.0
364.7641986638798,70.0,0.0
364.767010878658,69.0,0.0
364.7699548127573,68.0,0.0
364.7709947594925,69.0,0.0
364.7743851911661,68.0,0.0
364.77981372885387,69.0,0.0
364.7813598762105,70.0,0.0
364.78327847978284,69.0,0.0
364.7852182813554,70.0,0.0
364.7871860091311,69.0,0.0
364.788904618802,68.0,0.0
364.79589298878636,69.0,0.0
364.7982153054447,70.0,0.0
364.8037106866505,71.0,0.0
364.82746541188874,70.0,0.0
364.8290186485423,71.0,0.0
364.83116333835363,70.0,0.0
364.8319951238536,71.0,0.0
364.83307283917543,72.0,0.0
364.8371600539251,71.0,0.0
364.8408540371104,72.0,0.0
364.8449898421712,73.0,0.0
364.86046724651806,72.0,0.0
364.86080225246036,73.0,0.0
364.86325390649716,74.0,0.0
364.86329487562836,73.0,0.0
364.8661030237252,74.0,0.0
364.8702251977288,75.0,0.0
364.87282496687106,74.0,0.0
364.8843258331764,75.0,0.0
364.88599763063183,74.0,0.0
364.88712813946785,75.0,0.0
364.8872673688784,76.0,0.0
364.895489667272,77.0,0.0
364.8989145575754,78.0,0.0
364.9017719052951,79.0,0.0
364.9282615125116,78.0,0.0
364.92876841506046,79.0,0.0
364.9367749505226,78.0,0.0
364.93821587217013,77.0,0.0
364.94465308624535,78.0,0.0
364.9454435782258,77.0,0.0
364.94808035438973,76.0,0.0
364.9491822476589,75.0,0.0
364.954366431715,76.0,0.0
364.95485286961576,77.0,0.0
364.9592227121864,78.0,0.0
364.9649439299389,79.0,0.0
364.9707068942257,78.0,0.0
364.97364589287554,79.0,0.0
364.9841872793899,80.0,0.0
364.98608410898083,81.0,0.0
364.98782819105446,82.0,0.0
364.98945644553737,83.0,0.0
364.99328902720697,84.0,0.0
364.9951531856342,85.0,0.0
365.0008041884906,86.0,0.0
365.00094157464844,87.0,0.0
365.0037705821363,88.0,0.0
365.01457415026493,89.0,0.0
365.04591707653583,88.0,0.0
365.0469484108043,87.0,0.0
365.05336831642467,88.0,0.0
365.05533604859005,89.0,0.0
365.06724071441874,88.0,0.0
365.08794709274434,87.0,0.0
365.0904189878264,86.0,0.0
365.1061390353918,85.0,0.0
365.1138717556354,84.0,0.0
365.1260311983288,83.0,0.0
365.1266760062252,84.0,0.0
365.1270800371691,83.0,0.0
365.1296896493115,84.0,0.0
365.1334701574945,85.0,0.0
365.1334804966572,86.0,0.0
365.1413424960765,85.0,0.0
365.141758222383,86.0,0.0
365.14496305279476,85.0,0.0
365.149263042609,86.0,0.0
365.1502044857522,87.0,0.0
365.15158413890987,86.0,0.0
365.15834084604614,85.0,0.0
365.16165329251237,84.0,0.0
365.1625365959586,83.0,0.0
365.1676310916412,82.0,0.0
365.17028821389374,83.0,0.0
365.1708748073446,84.0,0.0
365.1713195549966,83.0,0.0
365.17231697781216,84.0,0.0
365.172676564605,85.0,0.0
365.1835098696716,86.0,0.0
365.18983728911337,85.0,0.0
365.19043659296807,84.0,0.0
365.19281264526785,85.0,0.0
365.20834734181625,86.0,0.0
365.2096198277405,85.0,0.0
365.2119001551262,86.0,0.0
365.21264829640654,87.0,0.0
365.21580398655067,88.0,0.0
365.2173252945809,87.0,0.0
365.22367177482573,86.0,0.0
365.22374030459235,87.0,0.0
365.22419466653434,88.0,0.0
365.22420274365,89.0,0.0
365.2274663760011,90.0,0.0
365.23100559186105,89.0,0.0
365.23261556233103,88.0,0.0
365.24430078521806,87.0,0.0
365.2453726181233,88.0,0.0
365.24705310481073,87.0,0.0
365.24878234875524,88.0,0.0
365.2643626772607,89.0,0.0
365.26776480364686,90.0,0.0
365.268122322545,89.0,0.0
365.2781614980881,90.0,0.0
365.284985000672,91.0,0.0
365.29248173686346,92.0,0.0
365.2957332060136,93.0,0.0
365.2973969014803,92.0,0.0
365.29935542722,91.0,0.0
365.30874681947654,90.0,0.0
365.31564669764197,91.0,0.0
365.3194418497216,92.0,0.0
365.3236690103546,91.0,0.0
365.326610697451,92.0,0.0
365.3314052020409,93.0,0.0
365.33155031466765,94.0,0.0
365.3338295415537,93.0,0.0
365.3342283056007,92.0,0.0
365.33468237867623,93.0,0.0
365.3428769925369,92.0,0.0
365.3453079183602,93.0,0.0
365.3501920214672,94.0,0.0
365.3511100344576,95.0,0.0
365.3541843321532,96.0,0.0
365.35425452544865,97.0,0.0
365.36032670317155,98.0,0.0
365.36504811915086,97.0,0.0
365.36691277357846,96.0,0.0
365.3722385675221,95.0,0.0
365.375509063075,94.0,0.0
365.3767790920784,93.0,0.0
365.37808057376316,92.0,0.0
365.38113101204243,93.0,0.0
365.3860065844965,94.0,0.0
365.3965415531024,95.0,0.0
365.3973578638983,94.0,0.0
365.40016700966453,95.0,0.0
365.4038613478836,94.0,0.0
365.4137987785679,93.0,0.0
365.4158449498462,94.0,0.0
365.41890452814744,93.0,0.0
365.42680269639703,94.0,0.0
365.42874278036254,93.0,0.0
365.43397709335875,92.0,0.0
365.43949164426164,91.0,0.0
365.4400202699087,90.0,0.0
365.44183624910795,89.0,0.0
365.44798573952517,88.0,0.0
365.4597323667483,89.0,0.0
365.46086818187683,88.0,0.0
365.4615004818109,89.0,0.0
365.4628624164516,90.0,0.0
365.4648944761741,91.0,0.0
365.48980497976544,90.0,0.0
365.49000298393713,91.0,0.0
365.4923759346662,92.0,0.0
365.49770751180563,93.0,0.0
365.4987851721817,94.0,0.0
365.5017600735247,95.0,0.0
365.5093452342864,94.0,0.0
365.5160945392249,95.0,0.0
365.5194147001512,94.0,0.0
365.52259288209746,95.0,0.0
365.54173572937543,96.0,0.0
365.5491675670644,95.0,0.0
365.5572307022118,94.0,0.0
365.55818760387535,93.0,0.0
365.56079712554936,94.0,0.0
365.5633796440621,93.0,0.0
365.56755991676994,92.0,0.0
365.5683007553646,91.0,0.0
365.5784800224885,92.0,0.0
365.5827368131022,91.0,0.0
365.590438813785,92.0,0.0
365.5926566374476,91.0,0.0
365.59909827093276,92.0,0.0
365.6032336227456,93.0,0.0
365.6120417971099,94.0,0.0
365.6139061382078,93.0,0.0
365.62138009479116,94.0,0.0
365.62369378109656,95.0,0.0
365.62615576813687,96.0,0.0
365.62644340704463,95.0,0.0
365.6301221142666,96.0,0.0
365.6386005822942,97.0,0.0
365.64141958496543,98.0,0.0
365.6467776280445,99.0,0.0
365.65042825939685,100.0,0.0
365.6516452128121,101.0,0.0
365.6546822414249,100.0,0.0
365.65480818268753,99.0,0.0
365.65650634653775,100.0,0.0
365.66210253953926,101.0,0.0
365.6658031296672,100.0,0.0
365.6667509746525,101.0,0.0
365.67044379656653,102.0,0.0
365.6705921085301,103.0,0.0
365.6720389662084,102.0,0.0
365.67922941103404,103.0,0.0
365.68039583786015,104.0,0.0
365.68606120321505,105.0,0.0
365.6955974037193,104.0,0.0
365.69648901231545,105.0,0.0
365.71080763424817,104.0,0.0
365.7109334766172,103.0,0.0
365.71402893751355,102.0,0.0
365.71593389280594,103.0,0.0
365.7210769125654,104.0,0.0
365.7225496702331,105.0,0.0
365.73133239890427,104.0,0.0
365.7424484059953,103.0,0.0
365.7435224589804,104.0,0.0
365.75238286621163,103.0,0.0
365.7554873225801,104.0,0.0
365.7667202153997,103.0,0.0
365.77193722167686,104.0,0.0
365.778041294337,103.0,0.0
365.7790932021117,102.0,0.0
365.7892468498309,101.0,0.0
365.79145564902876,102.0,0.0
365.79384414083825,101.0,0.0
365.79613502116064,102.0,0.0
365.8001692877398,103.0,0.0
365.8004914133029,102.0,0.0
365.80532100984755,101.0,0.0
365.8105085272265,100.0,0.0
365.8138477375556,101.0,0.0
365.8159425794751,102.0,0.0
365.8172042410971,101.0,0.0
365.8226553529568,100.0,0.0
365.8230069954809,99.0,0.0
365.8365923814189,98.0,0.0
365.8381453475546,97.0,0.0
365.8401601253256,96.0,0.0
365.84416103573517,95.0,0.0
365.8456130787657,96.0,0.0
365.84905366888313,95.0,0.0
365.85826409984867,94.0,0.0
365.8610577086744,95.0,0.0
365.8732933722597,96.0,0.0
365.8996457726399,97.0,0.0
365.8998438738813,98.0,0.0
365.91418452296216,99.0,0.0
365.91504972055304,98.0,0.0
365.91787172674253,99.0,0.0
365.9179852348327,98.0,0.0
365.9215044758896,99.0,0.0
365.93234048929486,98.0,0.0
365.94478799088847,99.0,0.0
365.94924377937707,100.0,0.0
365.96261277067276,99.0,0.0
365.9663792885314,100.0,0.0
365.9671066026018,99.0,0.0
365.97043938619635,98.0,0.0
365.9800292248499,99.0,0.0
365.98308900060243,100.0,0.0
365.9929630481905,101.0,0.0
366.0054920350447,100.0,0.0
366.0104726574345,101.0,0.0
366.02072989232926,102.0,0.0
366.0349089512452,101.0,0.0
366.03696433776815,100.0,0.0
366.04065136068266,101.0,0.0
366.0493933820624,102.0,0.0
366.05968355562055,103.0,0.0
366.0606245113269,102.0,0.0
366.0615623116314,103.0,0.0
366.06666088432956,104.0,0.0
366.0703633373075,105.0,0.0
366.0706566287554,104.0,0.0
366.07248524760513,105.0,0.0
366.0780457145849,106.0,0.0
366.07973566153004,105.0,0.0
366.08493396688436,106.0,0.0
366.09158667996854,105.0,0.0
366.09232304570577,104.0,0.0
366.11038310075213,105.0,0.0
366.1174104542102,106.0,0.0
366.1187317172577,105.0,0.0
366.13052479782687,106.0,0.0
366.13703810389893,105.0,0.0
366.1470486393239,106.0,0.0
366.14744714317436,105.0,0.0
366.15213488094224,106.0,0.0
366.1573532687044,105.0,0.0
366.15764332378546,104.0,0.0
366.16942033103004,103.0,0.0
366.19890597562176,104.0,0.0
366.20218772659564,103.0,0.0
366.20732381741215,102.0,0.0
366.2149985092789,101.0,0.0
366.2164929259718,102.0,0.0
366.2211173473635,101.0,0.0
366.2231633265847,102.0,0.0
366.22538509127946,101.0,0.0
366.2266082894028,102.0,0.0
366.2353607021421,103.0,0.0
366.244218858499,102.0,0.0
366.24987351789616,103.0,0.0
366.2520251866655,102.0,0.0
366.25680341127753,101.0,0.0
366.25968922844777,100.0,0.0
366.26217366969723,99.0,0.0
366.2623860128615,100.0,0.0
366.2667435997984,101.0,0.0
366.29780145420506,102.0,0.0
366.30706005120703,101.0,0.0
366.31743402505134,100.0,0.0
366.32570267765624,99.0,0.0
366.3313753207119,98.0,0.0
366.3410798267404,99.0,0.0
366.3462528402804,98.0,0.0
366.370025930917,99.0,0.0
366.37117582702484,100.0,0.0
366.37981394173266,99.0,0.0
366.381211965927,100.0,0.0
366.3936671820034,101.0,0.0
366.3964394319092,102.0,0.0
366.4037675874325,101.0,0.0
366.4152542633304,102.0,0.0
366.4253538041236,103.0,0.0
366.42736840517443,104.0,0.0
366.4318820320345,103.0,0.0
366.43267540359443,102.0,0.0
366.44348749277856,103.0,0.0
366.4557223986152,104.0,0.0
366.45705056612263,105.0,0.0
366.4600231161114,104.0,0.0
366.46676817559995,103.0,0.0
366.4726805417175,102.0,0.0
366.47397003347777,103.0,0.0
366.4779477781529,102.0,0.0
366.49306051543715,103.0,0.0
366.49635604929983,104.0,0.0
366.49804436930714,103.0,0.0
366.5053720033377,104.0,0.0
366.51360084528187,103.0,0.0
366.5151450350624,102.0,0.0
366.516630868817,101.0,0.0
366.5167848804521,102.0,0.0
366.51725835950924,103.0,0.0
366.52972095448627,102.0,0.0
366.52999962640297,101.0,0.0
366.5366882842736,102.0,0.0
366.5470169255718,101.0,0.0
366.548403616589,102.0,0.0
366.5491552330905,101.0,0.0
366.5571437431521,100.0,0.0
366.5647217366744,99.0,0.0
366.5663771729028,100.0,0.0
366.5793169306128,99.0,0.0
366.58048164083965,98.0,0.0
366.58988121822523,97.0,0.0
366.6015673009069,96.0,0.0
366.62321896917723,95.0,0.0
366.6282338311663,94.0,0.0
366.6316201141015,93.0,0.0
366.6332501945688,94.0,0.0
366.6453133633538,93.0,0.0
366.6514210450504,94.0,0.0
366.6563990686544,93.0,0.0
366.66495858879904,92.0,0.0
366.66641818888485,91.0,0.0
366.6682086640047,90.0,0.0
366.66952665782526,91.0,0.0
366.6705421539786,90.0,0.0
366.6739327490112,91.0,0.0
366.6766685465875,92.0,0.0
366.68008525857175,91.0,0.0
366.68824207654023,92.0,0.0
366.6892185910046,93.0,0.0
366.69734411509387,94.0,0.0
366.6980202959697,93.0,0.0
366.70637546227516,94.0,0.0
366.73334109252914,95.0,0.0
366.7344120240449,94.0,0.0
366.7369102448031,95.0,0.0
366.7405008972437,94.0,0.0
366.74707968113717,93.0,0.0
366.79079338422264,94.0,0.0
366.7932483365653,93.0,0.0
366.79693164197386,92.0,0.0
366.81274965616393,93.0,0.0
366.8166916500291,92.0,0.0
366.82331348664894,93.0,0.0
366.8310336677083,92.0,0.0
366.84315586993233,93.0,0.0
366.84670252342926,94.0,0.0
366.8515645385478,95.0,0.0
366.85174460683004,96.0,0.0
366.8553870776304,95.0,0.0
366.8618954766391,96.0,0.0
366.8627113515524,95.0,0.0
366.87783085732445,94.0,0.0
366.8833034707444,95.0,0.0
366.8939978198561,94.0,0.0
366.89414272047577,93.0,0.0
366.9170780763608,92.0,0.0
366.9220417100063,93.0,0.0
366.9358182031898,92.0,0.0
366.93940328430193,93.0,0.0
366.9398538935827,92.0,0.0
366.94665616046933,91.0,0.0
366.9506692691962,92.0,0.0
366.95673838486476,91.0,0.0
366.9576110561234,92.0,0.0
366.95772089657055,91.0,0.0
366.9624543447459,90.0,0.0
366.9651781544222,91.0,0.0
366.9726200744138,90.0,0.0
366.9866733868349,91.0,0.0
366.9899727212169,92.0,0.0
366.99288373866125,93.0,0.0
367.00218675888635,94.0,0.0
367.00310892139487,93.0,0.0
367.004551817859,92.0,0.0
367.01066874018125,91.0,0.0
367.0134746459897,92.0,0.0
367.0142210183902,93.0,0.0
367.0260449007882,94.0,0.0
367.0297546295389,95.0,0.0
367.0333906739216,94.0,0.0
367.0359289320367,95.0,0.0
367.036457579512,94.0,0.0
367.04534081232157,95.0,0.0
367.061459006528,96.0,0.0
367.06380815647066,95.0,0.0
367.0665067421504,96.0,0.0
367.06810970307856,97.0,0.0
367.0685462013826,96.0,0.0
367.0694603725414,95.0,0.0
367.07145600790994,96.0,0.0
367.075904655856,97.0,0.0
367.0801750195304,96.0,0.0
367.09706858676503,97.0,0.0
367.10825211803757,98.0,0.0
367.10925390621327,99.0,0.0
367.10997287144147,98.0,0.0
367.1262015266507,99.0,0.0
367.13890940130847,100.0,0.0
367.14220733680656,101.0,0.0
367.14514323729776,102.0,0.0
367.16172275627605,103.0,0.0
367.1729424085032,102.0,0.0
367.1824802727454,103.0,0.0
367.18518338067435,104.0,0.0
367.18909056478395,105.0,0.0
367.1895232908104,104.0,0.0
367.2000670682964,105.0,0.0
367.20794916176396,104.0,0.0
367.20855491486395,103.0,0.0
367.22559467085415,102.0,0.0
367.2263906292362,101.0,0.0
367.2351028102915,102.0,0.0
367.24149059804165,103.0,0.0
367.244685344577,102.0,0.0
367.2532715621644,103.0,0.0
367.2538414113952,102.0,0.0
367.25875163860746,103.0,0.0
367.26387082729735,104.0,0.0
367.26812478131075,105.0,0.0
367.2688960992854,106.0,0.0
367.2804755596532,107.0,0.0
367.28349318949705,108.0,0.0
367.28609084022224,109.0,0.0
367.29125578219504,108.0,0.0
367.2977200903234,109.0,0.0
367.30377091684187,110.0,0.0
367.3089241563952,109.0,0.0
367.3120849875152,108.0,0.0
367.31455332498246,107.0,0.0
367.32457523752345,108.0,0.0
367.332454180514,107.0,0.0
367.3331532128995,106.0,0.0
367.3366374091782,107.0,0.0
367.34372100313664,106.0,0.0
367.34412243555334,105.0,0.0
367.34644453257056,104.0,0.0
367.3471566719204,103.0,0.0
367.34820208343575,102.0,0.0
367.354499782364,103.0,0.0
367.35637761915484,104.0,0.0
367.3567811055242,105.0,0.0
367.3577123654111,104.0,0.0
367.36424130693973,103.0,0.0
367.36822930426956,104.0,0.0
367.37548965852756,105.0,0.0
367.37619765015233,104.0,0.0
367.3787202334749,105.0,0.0
367.3917899931881,106.0,0.0
367.3999476002754,105.0,0.0
367.4114591466759,104.0,0.0
367.4197244345203,103.0,0.0
367.4240998708171,102.0,0.0
367.4245330291887,101.0,0.0
367.43864221039223,102.0,0.0
367.4464866068392,101.0,0.0
367.44930956681117,102.0,0.0
367.45530920125486,101.0,0.0
367.4575802213429,102.0,0.0
367.45777679930774,103.0,0.0
367.460479819664,102.0,0.0
367.4734877974841,101.0,0.0
367.49618911270045,100.0,0.0
367.4965996532267,101.0,0.0
367.49724536560603,100.0,0.0
367.5012595849824,99.0,0.0
367.50577491500826,100.0,0.0
367.5087912974493,101.0,0.0
367.50894038686954,102.0,0.0
367.51114076758535,101.0,0.0
367.51258626588543,102.0,0.0
367.51529304348054,103.0,0.0
367.51709845502296,104.0,0.0
367.5244151782042,103.0,0.0
367.53703432885425,104.0,0.0
367.5605956018499,105.0,0.0
367.5678365393497,106.0,0.0
367.56969508315603,107.0,0.0
367.582199146921,106.0,0.0
367.5837567504555,105.0,0.0
367.5937028443902,106.0,0.0
367.59666181773855,105.0,0.0
367.5987933022014,104.0,0.0
367.6000216811961,105.0,0.0
367.6014161804606,106.0,0.0
367.60698151757725,107.0,0.0
367.6084586096381,106.0,0.0
367.60874380445154,105.0,0.0
367.6168917509372,106.0,0.0
367.6274677569918,105.0,0.0
367.62811993124694,104.0,0.0
367.63017762659916,105.0,0.0
367.6321749757515,104.0,0.0
367.6327802489743,103.0,0.0
367.63526289374494,102.0,0.0
367.63527248971144,103.0,0.0
367.63832725659006,102.0,0.0
367.6560746767611,101.0,0.0
367.66642141536545,102.0,0.0
367.6708860824772,103.0,0.0
367.6925904510227,104.0,0.0
367.6936209109814,105.0,0.0
367.6968202300598,104.0,0.0
367.70067613583035,103.0,0.0
367.7056201318598,104.0,0.0
367.7070818030654,103.0,0.0
367.70809750627865,102.0,0.0
367.7383895625854,103.0,0.0
367.74328463382955,102.0,0.0
367.7439894490594,103.0,0.0
367.7440063253443,102.0,0.0
367.7481019682246,103.0,0.0
367.75080203487124,104.0,0.0
367.7586261202861,103.0,0.0
367.765218909033,102.0,0.0
367.7769744991114,101.0,0.0
367.7786386084501,100.0,0.0
367.77898433048995,99.0,0.0
367.79473744448444,98.0,0.0
367.81319883730043,97.0,0.0
367.8160760472719,96.0,0.0
367.81688758226136,97.0,0.0
367.8301779180017,98.0,0.0
367.83440337572176,99.0,0.0
367.84025635379874,100.0,0.0
367.8414869303238,101.0,0.0
367.8427869735704,100.0,0.0
367.8469014400277,99.0,0.0
367.8508817402685,100.0,0.0
367.8510249034428,101.0,0.0
367.85519422219096,102.0,0.0
367.8585765666499,101.0,0.0
367.85924200123185,100.0,0.0
367.8676719641579,99.0,0.0
367.87210862879914,100.0,0.0
367.8744392230362,101.0,0.0
367.87528127389004,100.0,0.0
367.8759929979061,99.0,0.0
367.88156464174466,100.0,0.0
367.8861430304508,99.0,0.0
367.887803178377,98.0,0.0
367.89594315032116,99.0,0.0
367.90015092855015,100.0,0.0
367.90400141596,101.0,0.0
367.9056947637131,100.0,0.0
367.9090470384774,99.0,0.0
367.91358147998466,98.0,0.0
367.91852344527246,99.0,0.0
367.9355687015858,98.0,0.0
367.935680790127,97.0,0.0
367.937281371584,98.0,0.0
367.943153172144,99.0,0.0
367.9492989279817,100.0,0.0
367.961639518531,99.0,0.0
367.9684427353709,100.0,0.0
367.96884007463393,99.0,0.0
367.97567847074373,100.0,0.0
367.97898377930073,99.0,0.0
368.0024700066648,100.0,0.0
368.0138332582399,99.0,0.0
368.0309248593278,100.0,0.0
368.03979426434546,101.0,0.0
368.04548930954127,100.0,0.0
368.0478663956425,101.0,0.0
368.0567424297396,100.0,0.0
368.0581608668019,101.0,0.0
368.0669692189029,100.0,0.0
368.0717632552954,99.0,0.0
368.0877261448965,98.0,0.0
368.0890076298116,99.0,0.0
368.08978276589517,100.0,0.0
368.08999054454733,99.0,0.0
368.0935569679979,100.0,0.0
368.1019146509542,101.0,0.0
368.11534786989046,100.0,0.0
368.1241273390345,101.0,0.0
368.1396684322934,100.0,0.0
368.140557039433,101.0,0.0
368.1428469228985,100.0,0.0
368.1648522408736,99.0,0.0
368.16907547912797,100.0,0.0
368.1769858940277,101.0,0.0
368.18940118328425,100.0,0.0
368.18963407889095,99.0,0.0
368.1955802770676,100.0,0.0
368.2073126464321,101.0,0.0
368.2094266074396,102.0,0.0
368.20944294573235,103.0,0.0
368.2213804464041,104.0,0.0
368.2268378989297,103.0,0.0
368.2355725924789,102.0,0.0
368.23605875922334,103.0,0.0
368.2385814776824,102.0,0.0
368.2444882560358,103.0,0.0
368.2498886139218,104.0,0.0
368.2830879608089,105.0,0.0
368.29038781468745,106.0,0.0
368.29852689164665,105.0,0.0
368.3006689922036,104.0,0.0
368.305025401872,103.0,0.0
368.3103496500752,102.0,0.0
368.3207964714505,101.0,0.0
368.32719938098757,100.0,0.0
368.32799682459984,99.0,0.0
368.33267266663785,98.0,0.0
368.33458922734826,99.0,0.0
368.3366945687693,100.0,0.0
368.3384565163398,99.0,0.0
368.35129880189857,100.0,0.0
368.352047028221,101.0,0.0
368.3527326718508,102.0,0.0
368.3560653826773,101.0,0.0
368.3570498662703,102.0,0.0
368.36047112586334,101.0,0.0
368.36673198074766,100.0,0.0
368.3680882915505,99.0,0.0
368.3692431341592,100.0,0.0
368.38193285891316,99.0,0.0
368.38204375796454,100.0,0.0
368.3844152039896,101.0,0.0
368.3857319511874,102.0,0.0
368.39017735415393,103.0,0.0
368.3985175092944,104.0,0.0
368.39898654618196,103.0,0.0
368.4220802941269,104.0,0.0
368.4289617440218,103.0,0.0
368.4299391966685,102.0,0.0
368.4334569522592,101.0,0.0
368.43558343444636,102.0,0.0
368.43741247976277,103.0,0.0
368.4497745148638,102.0,0.0
368.45527090244565,101.0,0.0
368.4589481920955,102.0,0.0
368.4694578748288,101.0,0.0
368.4764294580461,102.0,0.0
368.49367125429825,103.0,0.0
368.4961667798377,102.0,0.0
368.5038111340896,103.0,0.0
368.50429325104614,104.0,0.0
368.5217093394333,103.0,0.0
368.5278098441007,102.0,0.0
368.53404313197143,103.0,0.0
368.5344381958047,104.0,0.0
368.5427041963777,103.0,0.0
368.5442431820273,102.0,0.0
368.5508977883188,101.0,0.0
368.5534853489792,100.0,0.0
368.55744193804424,99.0,0.0
368.5725263050161,100.0,0.0
368.5754014409236,99.0,0.0
368.578650511564,98.0,0.0
368.5832053571651,97.0,0.0
368.58480251915097,98.0,0.0
368.5940770363284,99.0,0.0
368.60541197345765,100.0,0.0
368.60594483077404,101.0,0.0
368.6086354744355,100.0,0.0
368.61258049361487,99.0,0.0
368.6493913213171,98.0,0.0
368.6497242527327,97.0,0.0
368.65308569838294,98.0,0.0
368.67252333423613,99.0,0.0
368.6766721031876,100.0,0.0
368.68861759491955,101.0,0.0
368.6976958656627,102.0,0.0
368.7005290620633,103.0,0.0
368.7020381321513,102.0,0.0
368.7046089747731,103.0,0.0
368.7230790076814,104.0,0.0
368.72739200170463,103.0,0.0
368.72749909287916,104.0,0.0
368.7329045179649,105.0,0.0
368.750083310439,106.0,0.0
368.75035997945207,105.0,0.0
368.75113138249156,104.0,0.0
368.7548602399229,103.0,0.0
368.7590499906265,102.0,0.0
368.77098983684795,103.0,0.0
368.7715143561098,104.0,0.0
368.7724528763851,103.0,0.0
368.7795167584152,102.0,0.0
368.7797629570841,101.0,0.0
368.7880576073156,100.0,0.0
368.79631783146544,99.0,0.0
368.79653286230865,100.0,0.0
368.80252424505073,101.0,0.0
368.80438413567555,102.0,0.0
368.80451172998886,103.0,0.0
368.8146286551816,104.0,0.0
368.81595624069894,105.0,0.0
368.81815699266485,104.0,0.0
368.81843680507717,105.0,0.0
368.82138878852436,104.0,0.0
368.82479423362145,105.0,0.0
368.8262135617523,106.0,0.0
368.8262202634406,105.0,0.0
368.8285860614079,106.0,0.0
368.83116448348227,107.0,0.0
368.8325455253244,106.0,0.0
368.8378662640965,105.0,0.0
368.8506954631425,106.0,0.0
368.85665006621264,105.0,0.0
368.8599127403962,104.0,0.0
368.87351517666906,105.0,0.0
368.8769441129781,104.0,0.0
368.9031153776784,103.0,0.0
368.90751033075315,102.0,0.0
368.9088599055097,101.0,0.0
368.91147413966485,100.0,0.0
368.91338020357216,101.0,0.0
368.9162448037353,100.0,0.0
368.9163491261799,101.0,0.0
368.9202868323767,102.0,0.0
368.9258845384274,103.0,0.0
368.9357910263516,102.0,0.0
368.9359499188563,101.0,0.0
368.9407111674227,100.0,0.0
368.9432659308836,99.0,0.0
368.94452980465684,98.0,0.0
368.9482082351531,97.0,0.0
368.9582748975034,96.0,0.0
368.96131004802254,97.0,0.0
368.9670187936217,96.0,0.0
368.97650975565546,97.0,0.0
368.9865384215542,96.0,0.0
368.9903345741413,95.0,0.0
368.9935625926646,94.0,0.0
368.99703503707735,93.0,0.0
369.0087374156925,92.0,0.0
369.0329321381778,93.0,0.0
369.0341192996485,92.0,0.0
369.03495072722325,93.0,0.0
369.03685791895003,94.0,0.0
369.0382197835928,93.0,0.0
369.0721357216702,94.0,0.0
369.08381949297217,93.0,0.0
369.09104296996645,92.0,0.0
369.09654397206094,93.0,0.0
369.10958841859605,92.0,0.0
369.1096288138149,91.0,0.0
369.1133878564285,90.0,0.0
369.1166654381097,89.0,0.0
369.11940298942,90.0,0.0
369.123476500445,89.0,0.0
369.1269398628002,88.0,0.0
369.12976032258166,87.0,0.0
369.1304467904457,86.0,0.0
369.1325263729846,87.0,0.0
369.1346659463596,88.0,0.0
369.15127870877916,89.0,0.0
369.1516613488604,88.0,0.0
369.15979841719127,87.0,0.0
369.17156249847346,88.0,0.0
369.1750494365044,89.0,0.0
369.177733824158,88.0,0.0
369.18146981055827,89.0,0.0
369.18586750947196,88.0,0.0
369.19359494859884,87.0,0.0
369.20839385963853,86.0,0.0
369.20914388806233,85.0,0.0
369.21959631785995,84.0,0.0
369.2269276110081,85.0,0.0
369.24062161864776,86.0,0.0
369.25190525361256,87.0,0.0
369.25320250018865,88.0,0.0
369.2692040212932,87.0,0.0
369.2846767420997,88.0,0.0
369.30698323130304,89.0,0.0
369.3080057698414,88.0,0.0
369.30849532517726,89.0,0.0
369.3127765825957,88.0,0.0
369.31524334278356,89.0,0.0
369.3258631331649,90.0,0.0
369.33960156973507,89.0,0.0
369.3498720566274,88.0,0.0
369.36842835527176,87.0,0.0
369.37013308978106,86.0,0.0
369.3708763919792,85.0,0.0
369.3727854237873,84.0,0.0
369.3752152853641,83.0,0.0
369.3775820726203,82.0,0.0
369.38093018913025,81.0,0.0
369.3824553588099,80.0,0.0
369.39070970019856,79.0,0.0
369.3975575194456,80.0,0.0
369.40604992314275,81.0,0.0
369.41158761202314,80.0,0.0
369.41226162171233,79.0,0.0
369.4190086326052,78.0,0.0
369.41978961490975,77.0,0.0
369.42887000318945,78.0,0.0
369.4301541798073,77.0,0.0
369.43560608484614,78.0,0.0
369.4432981370552,77.0,0.0
369.4446223771256,78.0,0.0
369.44728000559354,77.0,0.0
369.4535342793437,76.0,0.0
369.46301189829313,77.0,0.0
369.4852806843801,76.0,0.0
369.50422102854526,75.0,0.0
369.511137086299,76.0,0.0
369.5138194176821,75.0,0.0
369.5166077168291,74.0,0.0
369.52389728953443,75.0,0.0
369.5378456742706,74.0,0.0
369.54861267165666,75.0,0.0
369.5518709420534,76.0,0.0
369.55289542790183,75.0,0.0
369.56038351609413,74.0,0.0
369.58417905815014,75.0,0.0
369.5950938188707,74.0,0.0
369.59588877715123,75.0,0.0
369.5968023912592,76.0,0.0
369.6103785475229,75.0,0.0
369.6139313175756,74.0,0.0
369.6155559630522,75.0,0.0
369.61757031971786,76.0,0.0
369.61955014027075,75.0,0.0
369.6248882473366,76.0,0.0
369.6295524370802,75.0,0.0
369.6497744486039,76.0,0.0
369.6580022745123,75.0,0.0
369.6604518755946,74.0,0.0
369.6677338827401,75.0,0.0
369.6684072327142,74.0,0.0
369.67923827015335,73.0,0.0
369.69491240724363,74.0,0.0
369.7015484199071,75.0,0.0
369.7040274235456,74.0,0.0
369.7043827299994,73.0,0.0
369.71129787900196,72.0,0.0
369.72050875999224,71.0,0.0
369.7246107205508,72.0,0.0
369.7405597480728,71.0,0.0
369.7531432459107,72.0,0.0
369.76225428146785,71.0,0.0
369.7811237160859,72.0,0.0
369.7988587849277,73.0,0.0
369.8003354732984,74.0,0.0
369.8074921729375,73.0,0.0
369.80933871391716,72.0,0.0
369.8126648542203,71.0,0.0
369.81832252166294,70.0,0.0
369.824316982869,71.0,0.0
369.8359935648489,70.0,0.0
369.8362359325948,71.0,0.0
369.8418806915322,72.0,0.0
369.8460395419609,73.0,0.0
369.8698559673119,72.0,0.0
369.8755493250577,73.0,0.0
369.8798054731282,74.0,0.0
369.8836415858187,73.0,0.0
369.89018493024815,72.0,0.0
369.8941489969233,71.0,0.0
369.89779825290015,72.0,0.0
369.9088976483673,71.0,0.0
369.92052067455927,72.0,0.0
369.9229886792498,71.0,0.0
369.9261169204044,70.0,0.0
369.93278691691194,69.0,0.0
369.93284318955193,68.0,0.0
369.93621483745704,69.0,0.0
369.93852384255223,68.0,0.0
369.9403056265772,67.0,0.0
369.9443903960453,68.0,0.0
369.94515089052624,67.0,0.0
369.95381086709494,66.0,0.0
369.9645059949277,65.0,0.0
369.9678154093713,64.0,0.0
369.96979947106513,65.0,0.0
369.9718899341927,66.0,0.0
369.9785958278982,65.0,0.0
369.97970109776793,66.0,0.0
369.99634980451106,65.0,0.0
369.9964578497537,64.0,0.0
370.00003131486176,65.0,0.0
370.00064930552935,64.0,0.0
370.00707014981424,63.0,0.0
370.0089601539311,64.0,0.0
370.0102675330621,63.0,0.0
370.01298176689653,62.0,0.0
370.0183580130797,61.0,0.0
370.0258001002795,62.0,0.0
370.0340509349478,61.0,0.0
370.0433441937125,60.0,0.0
370.04426942593403,59.0,0.0
370.05885836314053,58.0,0.0
370.063618291752,57.0,0.0
370.0730535008947,58.0,0.0
370.0741065979927,57.0,0.0
370.08506959154715,58.0,0.0
370.0883167817286,57.0,0.0
370.11154260919943,56.0,0.0
370.1137577468666,55.0,0.0
370.1169118253598,54.0,0.0
370.12252830785263,53.0,0.0
370.12292861768964,52.0,0.0
370.12327888625595,51.0,0.0
370.1273360628546,50.0,0.0
370.16039767955084,51.0,0.0
370.1846845000231,52.0,0.0
370.1894155304212,53.0,0.0
370.19192974683153,52.0,0.0
370.2154786182978,51.0,0.0
370.2216810199727,52.0,0.0
370.2335161436377,53.0,0.0
370.2564674570261,54.0,0.0
370.26808123870245,55.0,0.0
370.2794287423487,54.0,0.0
370.2804744380636,55.0,0.0
370.28161886761086,54.0,0.0
370.2947640899012,53.0,0.0
370.31168436033005,52.0,0.0
370.3146436895441,53.0,0.0
370.32299585080807,52.0,0.0
370.3254506896295,51.0,0.0
370.3282597822161,52.0,0.0
370.3332501534712,51.0,0.0
370.3388323840761,50.0,0.0
370.34133723476674,51.0,0.0
370.34696191190784,50.0,0.0
370.3588566252133,51.0,0.0
370.3641969366411,50.0,0.0
370.36535688487925,49.0,0.0
370.37774269261166,50.0,0.0
370.38380056991144,49.0,0.0
370.3902036933585,50.0,0.0
370.4007843254702,51.0,0.0
370.40813528978805,52.0,0.0
370.42576309841377,51.0,0.0
370.4328990857307,50.0,0.0
370.43521441306206,49.0,0.0
370.4396831721099,48.0,0.0
370.44488693367606,47.0,0.0
370.44588514278445,46.0,0.0
370.4523893803494,45.0,0.0
370.4800751957833,44.0,0.0
370.48072579384956,43.0,0.0
370.4842261406469,42.0,0.0
370.49157094025344,43.0,0.0
370.49644689946774,42.0,0.0
370.4997646652289,43.0,0.0
370.5040769985384,44.0,0.0
370.5051909869022,45.0,0.0
370.51341242885485,46.0,0.0
370.5178414486589,45.0,0.0
370.51977270402324,46.0,0.0
370.5305796186102,45.0,0.0
370.53259949991775,46.0,0.0
370.5347841845332,45.0,0.0
370.5404243017255,44.0,0.0
370.54820125163803,43.0,0.0
370.55135508259934,42.0,0.0
370.5589320309649,41.0,0.0
370.55901254486076,42.0,0.0
370.5731182816471,43.0,0.0
370.57699418036424,44.0,0.0
370.5803135269569,43.0,0.0
370.5813224420338,42.0,0.0
370.5817937804878,41.0,0.0
370.58295102402667,42.0,0.0
370.5861811138309,41.0,0.0
370.6068888800126,42.0,0.0
370.63233307602326,43.0,0.0
370.6346752247086,42.0,0.0
370.6353939642799,41.0,0.0
370.64080393153466,40.0,0.0
370.68090029081714,39.0,0.0
370.6921763189082,38.0,0.0
370.6923075709245,37.0,0.0
370.6978956415439,36.0,0.0
370.7092038638619,37.0,0.0
370.7202748038935,36.0,0.0
370.7297772585337,35.0,0.0
370.73491055158746,36.0,0.0
370.74504367947577,35.0,0.0
370.7647253949944,34.0,0.0
370.76941514063066,33.0,0.0
370.78573567606156,34.0,0.0
370.78779587610177,35.0,0.0
370.78822954840695,36.0,0.0
370.80055251368157,37.0,0.0
370.80088035663005,36.0,0.0
370.80783064554686,35.0,0.0
370.8084947023067,34.0,0.0
370.80880892932925,33.0,0.0
370.81499085283525,32.0,0.0
370.82323878145144,31.0,0.0
370.83811056500565,30.0,0.0
370.8416239430902,29.0,0.0
370.84244782354517,28.0,0.0
370.84363841194465,29.0,0.0
370.846321953477,30.0,0.0
370.85096372892394,29.0,0.0
370.85126988854967,30.0,0.0
370.8974907921034,31.0,0.0
370.9214215509128,32.0,0.0
370.9395724724677,31.0,0.0
370.9516708556677,30.0,0.0
370.9680167128008,29.0,0.0
370.97282477332755,30.0,0.0
370.9809702936496,29.0,0.0
370.99303291357,30.0,0.0
370.99576030001316,29.0,0.0
370.99693487628497,28.0,0.0
371.00505702184034,27.0,0.0
371.0107360453311,26.0,0.0
371.01108261676217,27.0,0.0
371.0206730964466,26.0,0.0
371.0219949028269,25.0,0.0
371.0351195449985,24.0,0.0
371.0397482711708,23.0,0.0
371.0428493473104,22.0,0.0
371.05909108328234,23.0,0.0
371.06951785562086,22.0,0.0
371.077676631086,21.0,0.0
371.0887208205144,22.0,0.0
371.10943971796644,21.0,0.0
371.1191100077325,20.0,0.0
371.1352119840767,21.0,0.0
371.13603325605123,20.0,0.0
371.1392004774068,21.0,0.0
371.15021048323706,20.0,0.0
371.1600967749216,19.0,0.0
371.1700040071485,20.0,0.0
371.1701363437516,19.0,0.0
371.17567897656426,20.0,0.0
371.18097679372397,19.0,0.0
371.18432478108673,20.0,0.0
371.1897121160055,21.0,0.0
371.2028499847304,22.0,0.0
371.2110090097766,23.0,0.0
371.21376873634415,24.0,0.0
371.2150294534038,25.0,0.0
371.23706787740235,26.0,0.0
371.24134816223767,25.0,0.0
371.24433600110854,26.0,0.0
371.25950555732334,25.0,0.0
371.26444528818,26.0,0.0
371.26572704038,25.0,0.0
371.27332171596953,26.0,0.0
371.2781884644858,25.0,0.0
371.2816004303056,24.0,0.0
371.285878613989,23.0,0.0
371.3190464539558,22.0,0.0
371.31996983818055,23.0,0.0
371.334647162523,22.0,0.0
371.33472513107796,21.0,0.0
371.34277101178833,20.0,0.0
371.3434858592346,19.0,0.0
371.3528377557097,20.0,0.0
371.35727064720004,21.0,0.0
371.3589427798882,22.0,0.0
371.37366005722254,21.0,0.0
371.4046603277977,20.0,0.0
371.41676949383674,19.0,0.0
371.44336482069656,18.0,0.0
371.4548087799528,17.0,0.0
371.478431670274,16.0,0.0
371.4917209439245,15.0,0.0
371.50550397005117,14.0,0.0
371.5267909629176,15.0,0.0
371.5292543399566,14.0,0.0
371.54935725817876,15.0,0.0
371.56440842586784,16.0,0.0
371.57024395063274,15.0,0.0
371.6052354349595,14.0,0.0
371.61751256799926,13.0,0.0
371.61874175349817,12.0,0.0
371.6387564794599,11.0,0.0
371.6553878935033,12.0,0.0
371.66391498407415,11.0,0.0
371.67260314382423,12.0,0.0
371.6882791346315,11.0,0.0
371.69145160527887,12.0,0.0
371.69410736037776,11.0,0.0
371.6960284944531,10.0,0.0
371.7015232825245,9.0,0.0
371.7371331391007,10.0,0.0
371.75258063550655,11.0,0.0
371.7542317277746,10.0,0.0
371.7543790738047,9.0,0.0
371.7550303111898,10.0,0.0
371.7552417308776,9.0,0.0
371.7662978067488,8.0,0.0
371.7682114285312,9.0,0.0
371.78536121621914,10.0,0.0
371.78768686139824,11.0,0.0
371.78880900778154,10.0,0.0
371.8002377054525,9.0,0.0
371.806457964032,8.0,0.0
371.8111316636974,7.0,0.0
371.8156281323706,6.0,0.0
371.826189116612,7.0,0.0
371.8418697959728,6.0,0.0
371.8442379051987,5.0,0.0
371.85475045672354,4.0,0.0
371.8600404689814,5.0,0.0
371.8873521621012,4.0,0.0
371.9048251215916,3.0,0.0
371.90829519841884,2.0,0.0
371.915638466506,1.0,0.0
371.91889068310854,0.0,0.0
372.0205581103928,1.0,0.0
372.0358795092412,0.0,0.0
372.08119708321703,1.0,0.0
372.08755567127815,0.0,0.0
372.09120287448866,1.0,0.0
372.1205542813893,0.0,0.0
372.1640276002836,1.0,0.0
372.1923770775193,0.0,0.0
372.19781122813043,1.0,0.0
372.19962901895843,2.0,0.0
372.2103057974921,1.0,0.0
372.2363105033114,0.0,0.0
372.2468446699692,1.0,0.0
372.24739977048887,2.0,0.0
372.2646968096632,1.0,0.0
372.2670006650624,0.0,0.0
372.30026890258773,1.0,0.0
372.3016285768479,0.0,0.0
372.3658223413918,1.0,0.0
372.37555090247895,0.0,0.0
372.49054310687984,1.0,0.0
372.49178831514587,2.0,0.0
372.4968631263117,1.0,0.0
372.4991790275228,0.0,0.0
372.5112455729631,1.0,0.0
372.55095039217747,2.0,0.0
372.56448132779354,1.0,0.0
372.59956114260825,0.0,0.0
372.6956796797447,1.0,0.0
372.7370942828455,2.0,0.0
372.73768859420466,1.0,0.0
372.7594952612581,2.0,0.0
372.77427342681534,1.0,0.0
372.8150818014683,0.0,0.0
372.9655355708816,1.0,0.0
373.00370626775043,2.0,0.0
373.01859793016735,1.0,0.0
373.04274036532007,2.0,0.0
373.04368427257606,1.0,0.0
373.0775420027935,0.0,0.0
373.145584140093,1.0,0.0
373.14790297903954,0.0,0.0
373.2078442358084,1.0,0.0
373.2156525122532,2.0,0.0
373.2200088508176,3.0,0.0
373.2309370043518,2.0,0.0
373.2508642926688,1.0,0.0
373.2754276659459,0.0,0.0
373.2754817819377,1.0,0.0
373.2805032344463,2.0,0.0
373.2988800395549,1.0,0.0
373.3014980277017,0.0,0.0
373.31394446130946,1.0,0.0
373.3241982990002,2.0,0.0
373.3642405767563,1.0,0.0
373.37949310780243,0.0,0.0
373.40238045459796,1.0,0.0
373.4351323132863,2.0,0.0
373.4801027807454,1.0,0.0
373.5046845238779,0.0,0.0
373.5943281879948,1.0,0.0
373.5986650533729,0.0,0.0
373.6249574114272,1.0,0.0
373.6251537538179,0.0,0.0
373.6769528128175,1.0,0.0
373.6788667258398,2.0,0.0
373.69380092477803,1.0,0.0
373.6944325730679,2.0,0.0
373.6992174462092,1.0,0.0
373.70482801638707,0.0,0.0
373.78133420552933,1.0,0.0
373.80247313815244,2.0,0.0
373.8177028766597,1.0,0.0
373.85421780279546,0.0,0.0
373.90244259230695,1.0,0.0
373.9154364149945,2.0,0.0
373.91829553760425,3.0,0.0
373.93814608591384,2.0,0.0
373.94073693531675,1.0,0.0
373.9449553127751,2.0,0.0
373.9788335007292,1.0,0.0
373.97989951026346,2.0,0.0
373.98536901376417,3.0,0.0
373.991101093429,4.0,0.0
373.99150392148664,3.0,0.0
373.9917841430602,4.0,0.0
374.0087134958856,3.0,0.0
374.04148650729127,4.0,0.0
374.04718835927565,3.0,0.0
374.0600840063455,2.0,0.0
374.06322124223584,1.0,0.0
374.0649478839398,0.0,0.0
374.14063748652285,1.0,0.0
374.16509666295724,2.0,0.0
374.1698813430503,1.0,0.0
374.1716563893926,0.0,0.0
374.21359382426266,1.0,0.0
374.2174326333454,2.0,0.0
374.2239946347342,1.0,0.0
374.2254337226806,0.0,0.0
374.2346358480034,1.0,0.0
374.24566610129455,2.0,0.0
374.2522427313013,1.0,0.0
374.2799422731502,2.0,0.0
374.28174526719476,3.0,0.0
374.29316052371155,2.0,0.0
374.3123695341534,1.0,0.0
374.31458287724945,2.0,0.0
374.3319206908914,1.0,0.0
374.3340303639332,0.0,0.0
374.3813813803443,1.0,0.0
374.38369306826473,0.0,0.0
374.41143898842256,1.0,0.0
374.42226994997355,0.0,0.0
374.4432229016419,1.0,0.0
374.47562898654076,2.0,0.0
374.4792946685474,1.0,0.0
374.5172055342842,2.0,0.0
374.51976076133315,1.0,0.0
374.53286390290754,0.0,0.0
374.5597307555635,1.0,0.0
374.5673348495533,2.0,0.0
374.57513832614586,1.0,0.0
374.5838737173271,0.0,0.0
374.6799879394377,1.0,0.0
374.6806576103589,2.0,0.0
374.6836782359777,3.0,0.0
374.6919792297865,2.0,0.0
374.69212961997414,1.0,0.0
374.7046113291467,0.0,0.0
374.70671132334866,1.0,0.0
374.7422299120154,0.0,0.0
374.74352751327115,1.0,0.0
374.74605972293426,0.0,0.0
374.7935089823021,1.0,0.0
374.8252942455594,2.0,0.0
374.8299729837443,3.0,0.0
374.83093822156667,2.0,0.0
374.85528085939103,1.0,0.0
374.8735239341847,2.0,0.0
374.886940910477,1.0,0.0
374.89534480034445,0.0,0.0
374.91131390943633,1.0,0.0
374.91137866214507,0.0,0.0
374.9119412007076,1.0,0.0
374.91895683966317,0.0,0.0
375.0292689933442,1.0,0.0
375.03438051253045,2.0,0.0
375.03730051852085,3.0,0.0
375.04624650187776,2.0,0.0
375.0581724212,1.0,0.0
375.07673188181013,2.0,0.0
375.0776657302876,1.0,0.0
375.085463770635,0.0,0.0
375.12518304835083,1.0,0.0
375.1280627905991,2.0,0.0
375.1342326742813,1.0,0.0
375.1380219432881,0.0,0.0
375.1825031375245,1.0,0.0
375.1834400228095,0.0,0.0
375.2200293162492,1.0,0.0
375.2269971420853,2.0,0.0
375.23403164401316,3.0,0.0
375.23772151838693,2.0,0.0
375.2408155008847,3.0,0.0
375.24839765456295,2.0,0.0
375.2879632539514,1.0,0.0
375.30270688647937,2.0,0.0
375.3099634271064,1.0,0.0
375.31978863482044,2.0,0.0
375.3333490998836,3.0,0.0
375.34169966058914,4.0,0.0
375.36814316394333,3.0,0.0
375.379495266698,2.0,0.0
375.37952161066926,3.0,0.0
375.38764769612783,2.0,0.0
375.39286790104694,1.0,0.0
375.433907992803,2.0,0.0
375.45369184311403,1.0,0.0
375.4539891554874,2.0,0.0
375.4668382792983,3.0,0.0
375.4837340886881,2.0,0.0
375.49223570736,1.0,0.0
375.5070530388456,0.0,0.0
375.5084745513488,1.0,0.0
375.5323260321757,0.0,0.0
375.5936727348873,1.0,0.0
375.5942600853184,0.0,0.0
375.6077982400462,1.0,0.0
375.6082662228676,0.0,0.0
375.61127157893736,1.0,0.0
375.6228233441645,2.0,0.0
375.6335082348445,1.0,0.0
375.6358726004802,0.0,0.0
375.64261388483,1.0,0.0
375.64471673527663,0.0,0.0
375.65789634161456,1.0,0.0
375.66281924963266,2.0,0.0
375.6649402267177,3.0,0.0
375.66558772190905,2.0,0.0
375.6695580914301,1.0,0.0
375.67739421500175,0.0,0.0
375.6860912790985,1.0,0.0
375.6912748340595,2.0,0.0
375.7074297000233,1.0,0.0
375.72091571563504,0.0,0.0
375.72202524467747,1.0,0.0
375.7283430036296,0.0,0.0
375.7811905654663,1.0,0.0
375.785158312013,2.0,0.0
375.7966715223127,1.0,0.0
375.7967939595498,0.0,0.0
375.80099659985126,1.0,0.0
375.80375088461966,2.0,0.0
375.80380036196055,1.0,0.0
375.8092612455762,0.0,0.0
375.8094430826007,1.0,0.0
375.83304646251395,0.0,0.0
375.8376415492224,1.0,0.0
375.8416776399314,2.0,0.0
375.8440612151453,1.0,0.0
375.86412220586163,2.0,0.0
375.89753943812207,1.0,0.0
375.8977370300861,2.0,0.0
375.9036165790449,1.0,0.0
375.90853501783823,2.0,0.0
375.94350704614976,1.0,0.0
375.9436579626701,0.0,0.0
375.948015261799,1.0,0.0
375.94991223446306,2.0,0.0
375.9718464610133,3.0,0.0
375.9793259740908,4.0,0.0
375.98801212343966,3.0,0.0
375.9904749378362,4.0,0.0
375.99072267472974,5.0,0.0
375.9908256939832,6.0,0.0
375.9929003341006,5.0,0.0
375.9952526153592,4.0,0.0
376.01566408084847,5.0,0.0
376.0161274570178,4.0,0.0
376.02119051826435,5.0,0.0
376.02589148675764,4.0,0.0
376.03219027124277,5.0,0.0
376.03970084509604,6.0,0.0
376.05575510268875,7.0,0.0
376.0569722911653,8.0,0.0
376.0587509030401,9.0,0.0
376.05930727701025,8.0,0.0
376.06878450917645,9.0,0.0
376.0744152256668,10.0,0.0
376.0757123767389,9.0,0.0
376.07604628498717,8.0,0.0
376.07641311902654,9.0,0.0
376.08686376716537,10.0,0.0
376.0871758115433,11.0,0.0
376.09119478903347,12.0,0.0
376.0971411919127,11.0,0.0
376.0980411198481,10.0,0.0
376.10649836727106,9.0,0.0
376.1229209617117,10.0,0.0
376.12598919511976,11.0,0.0
376.1546625494732,10.0,0.0
376.1562700695196,9.0,0.0
376.1579903688636,10.0,0.0
376.1688844678387,9.0,0.0
376.1775249541045,8.0,0.0
376.1793753343736,9.0,0.0
376.1809707699933,8.0,0.0
376.181742013168,9.0,0.0
376.18194674506077,8.0,0.0
376.19539622168884,9.0,0.0
376.2005541591855,8.0,0.0
376.2194426727106,9.0,0.0
376.2204497847894,8.0,0.0
376.2284580961263,7.0,0.0
376.25765625961765,6.0,0.0
376.27238834837664,5.0,0.0
376.2805585295644,6.0,0.0
376.28377620371657,7.0,0.0
376.2911689314154,6.0,0.0
376.29191807013774,7.0,0.0
376.3061621677048,6.0,0.0
376.30891835084645,5.0,0.0
376.3196514036695,4.0,0.0
376.3252212589911,5.0,0.0
376.3303117089186,4.0,0.0
376.33124771637466,3.0,0.0
376.349428323637,2.0,0.0
376.3496012912008,1.0,0.0
376.35087286534673,2.0,0.0
376.35414416802104,1.0,0.0
376.3623852892207,0.0,0.0
376.37001750671163,1.0,0.0
376.3948527915669,2.0,0.0
376.4268023710621,3.0,0.0
376.42882855627835,2.0,0.0
376.4460571890864,3.0,0.0
376.45832021273424,4.0,0.0
376.46463098763985,5.0,0.0
376.4702888590451,4.0,0.0
376.47541682723886,3.0,0.0
376.4786510094601,2.0,0.0
376.47994965081153,1.0,0.0
376.48258853445986,2.0,0.0
376.51098561185455,1.0,0.0
376.52635746918577,2.0,0.0
376.53309920249063,1.0,0.0
376.5356234004447,2.0,0.0
376.5475285020744,1.0,0.0
376.54814810309773,2.0,0.0
376.5698103841061,3.0,0.0
376.58518065371,2.0,0.0
376.6079342072806,1.0,0.0
376.60942522935846,2.0,0.0
376.6280315431907,1.0,0.0
376.636499171436,2.0,0.0
376.64167138538056,3.0,0.0
376.65522093424283,2.0,0.0
376.66109536301246,1.0,0.0
376.6708061956742,2.0,0.0
376.6753127567728,3.0,0.0
376.6772577480321,4.0,0.0
376.70334589184927,5.0,0.0
376.70440801480714,6.0,0.0
376.7130041499671,5.0,0.0
376.71710629296234,4.0,0.0
376.7228122309439,5.0,0.0
376.7332335628494,6.0,0.0
376.7464199242658,5.0,0.0
376.76539144276836,6.0,0.0
376.7763511597375,5.0,0.0
376.780173480753,4.0,0.0
376.7957235428904,3.0,0.0
376.79744784588377,2.0,0.0
376.80609103377407,1.0,0.0
376.81441056044247,0.0,0.0
376.8227599624352,1.0,0.0
376.82796909599557,0.0,0.0
376.84999351015557,1.0,0.0
376.856279041704,0.0,0.0
376.8594573273456,1.0,0.0
376.86074976181413,0.0,0.0
376.89606430135484,1.0,0.0
376.9025562252379,0.0,0.0
376.958500991218,1.0,0.0
376.96166567152517,2.0,0.0
376.963112439543,3.0,0.0
376.9679763447383,4.0,0.0
376.9774330137726,3.0,0.0
376.997398201875,2.0,0.0
377.00579292852115,1.0,0.0
377.0093901968545,0.0,0.0
377.0169571181044,1.0,0.0
377.027921447414,2.0,0.0
377.0394354943433,1.0,0.0
377.0502575188643,0.0,0.0
377.07575731296873,1.0,0.0
377.0812530974909,2.0,0.0
377.09122949770705,1.0,0.0
377.11366625999386,2.0,0.0
377.1160394588796,1.0,0.0
377.11797697044284,0.0,0.0
377.1385057341873,1.0,0.0
377.1417375620705,2.0,0.0
377.1450295006325,3.0,0.0
377.14708419164634,4.0,0.0
377.14922458909865,3.0,0.0
377.15335867321915,2.0,0.0
377.1614923810208,1.0,0.0
377.1772105806935,2.0,0.0
377.19301082884397,3.0,0.0
377.2000085743362,2.0,0.0
377.2066091077272,1.0,0.0
377.21315583258627,2.0,0.0
377.21457517864025,1.0,0.0
377.2294427947785,2.0,0.0
377.2317066749547,1.0,0.0
377.23693950254994,2.0,0.0
377.2369507880397,3.0,0.0
377.2435282328075,4.0,0.0
377.2602003972546,3.0,0.0
377.26867026139877,4.0,0.0
377.2708379173894,3.0,0.0
377.27219430570176,4.0,0.0
377.2797066618984,5.0,0.0
377.28864245690096,6.0,0.0
377.2899137391942,5.0,0.0
377.31005432468646,6.0,0.0
377.32679211754555,7.0,0.0
377.33459512579844,6.0,0.0
377.33677984345815,5.0,0.0
377.33833815827523,4.0,0.0
377.34921221398434,5.0,0.0
377.3573063341998,4.0,0.0
377.3633674743794,3.0,0.0
377.3682738743358,4.0,0.0
377.3693946336643,5.0,0.0
377.37715931059677,6.0,0.0
377.37796555224946,7.0,0.0
377.3851349933066,6.0,0.0
377.385943693172,7.0,0.0
377.38737397291857,8.0,0.0
377.3875915344131,9.0,0.0
377.39181760431944,10.0,0.0
377.39205409512067,11.0,0.0
377.3984164824811,12.0,0.0
377.40905656661704,13.0,0.0
377.4096078488442,14.0,0.0
377.41468294913574,13.0,0.0
377.41659840798997,12.0,0.0
377.42796610000465,13.0,0.0
377.44381646296983,12.0,0.0
377.4459333815628,11.0,0.0
377.46077435527656,12.0,0.0
377.4721050122053,11.0,0.0
377.48294622071296,12.0,0.0
377.487164544723,13.0,0.0
377.49164358916806,12.0,0.0
377.49587172406217,13.0,0.0
377.50429905518706,14.0,0.0
377.50811141283623,15.0,0.0
377.51279182150535,14.0,0.0
377.52657179608354,15.0,0.0
377.5289041235259,16.0,0.0
377.53637853164656,15.0,0.0
377.54112528587945,16.0,0.0
377.5426973582928,17.0,0.0
377.54732938713045,16.0,0.0
377.5476524867107,17.0,0.0
377.5548081348163,18.0,0.0
377.55994132085425,17.0,0.0
377.58013448704656,18.0,0.0
377.59388647332935,19.0,0.0
377.60042854990445,18.0,0.0
377.60318817691154,17.0,0.0
377.60405945065736,16.0,0.0
377.6081782485792,17.0,0.0
377.60822614926127,16.0,0.0
377.6184483998577,15.0,0.0
377.6363721349999,16.0,0.0
377.6431357509629,17.0,0.0
377.6566102683014,16.0,0.0
377.65798982400463,15.0,0.0
377.658192483891,16.0,0.0
377.65824702634626,17.0,0.0
377.6619556426412,18.0,0.0
377.6663673452575,19.0,0.0
377.66992128730385,18.0,0.0
377.67202308749904,19.0,0.0
377.6766872362994,18.0,0.0
377.6782111675318,19.0,0.0
377.6821660914627,18.0,0.0
377.6923976853129,19.0,0.0
377.69602415274176,20.0,0.0
377.6984353698405,19.0,0.0
377.701607954797,20.0,0.0
377.70171921805786,19.0,0.0
377.7029444888506,20.0,0.0
377.7068771126331,19.0,0.0
377.7081097721247,18.0,0.0
377.71295971324184,17.0,0.0
377.728225637831,18.0,0.0
377.7337057050469,19.0,0.0
377.737153192295,20.0,0.0
377.7372794816747,19.0,0.0
377.73843691075433,20.0,0.0
377.7438616898419,21.0,0.0
377.74986815159957,22.0,0.0
377.7510023388024,21.0,0.0
377.7539990376835,20.0,0.0
377.75942580247397,19.0,0.0
377.766373775304,20.0,0.0
377.76790692448634,21.0,0.0
377.7693542109043,20.0,0.0
377.76958784170586,19.0,0.0
377.7762292155781,20.0,0.0
377.78308721239057,21.0,0.0
377.7880931482917,20.0,0.0
377.8039773539802,19.0,0.0
377.8157879653255,18.0,0.0
377.8210419455832,19.0,0.0
377.8280829764112,20.0,0.0
377.8338595489132,19.0,0.0
377.83781179033133,20.0,0.0
377.8435365936659,19.0,0.0
377.84530358973575,18.0,0.0
377.8476754411276,19.0,0.0
377.85020962379434,18.0,0.0
377.8563667553262,17.0,0.0
377.8701355084699,18.0,0.0
377.88110019225644,17.0,0.0
377.88318228938016,18.0,0.0
377.88428987542983,19.0,0.0
377.8860041212327,20.0,0.0
377.8894467328213,19.0,0.0
377.8935473162633,20.0,0.0
377.9017444400472,21.0,0.0
377.9075232574222,22.0,0.0
377.91119408745266,21.0,0.0
377.92720295177656,20.0,0.0
377.92847667910496,21.0,0.0
377.9381127385084,22.0,0.0
377.9407123059842,23.0,0.0
377.9541170810315,22.0,0.0
377.95973648852174,21.0,0.0
377.9598946564764,22.0,0.0
377.9745429030552,21.0,0.0
377.9753743179306,22.0,0.0
377.9787874013071,23.0,0.0
377.98113467417596,22.0,0.0
377.9987914355177,23.0,0.0
377.99953044024846,24.0,0.0
378.0044815090688,23.0,0.0
378.0069645055897,24.0,0.0
378.0133294055181,25.0,0.0
378.0189458925664,26.0,0.0
378.02609030654213,25.0,0.0
378.0328045124226,26.0,0.0
378.04939061887876,27.0,0.0
378.0498906117868,28.0,0.0
378.05101300522125,27.0,0.0
378.05481284188147,26.0,0.0
378.05864789753906,25.0,0.0
378.05924960025834,24.0,0.0
378.0606580341359,23.0,0.0
378.06468166862714,22.0,0.0
378.0658128847997,23.0,0.0
378.0678106908639,22.0,0.0
378.0690502665603,21.0,0.0
378.07545010711067,20.0,0.0
378.08156378151483,21.0,0.0
378.08584914471413,22.0,0.0
378.0900210483039,23.0,0.0
378.09065613384024,22.0,0.0
378.096069787932,21.0,0.0
378.0987278378593,22.0,0.0
378.1073548493587,23.0,0.0
378.109541932238,24.0,0.0
378.1130044174801,25.0,0.0
378.11567209276024,26.0,0.0
378.1249251549541,25.0,0.0
378.12581114807966,24.0,0.0
378.1300673810198,25.0,0.0
378.13892080081513,26.0,0.0
378.13972684044313,27.0,0.0
378.1403883953153,26.0,0.0
378.1486026793003,27.0,0.0
378.1509687418086,28.0,0.0
378.15249959076806,29.0,0.0
378.15381177669803,28.0,0.0
378.1586415943554,29.0,0.0
378.1668623303089,28.0,0.0
378.16803367787963,27.0,0.0
378.17763069606644,26.0,0.0
378.18804686141965,25.0,0.0
378.1898458799395,26.0,0.0
378.1916125063205,27.0,0.0
378.1925975680193,26.0,0.0
378.1934259681091,27.0,0.0
378.19766030175435,26.0,0.0
378.2150006465893,25.0,0.0
378.2159574303349,24.0,0.0
378.21892698985005,23.0,0.0
378.2218201719689,24.0,0.0
378.22319742786544,25.0,0.0
378.2238039746954,26.0,0.0
378.23802392736457,27.0,0.0
378.2382321723387,28.0,0.0
378.23911037240316,27.0,0.0
378.25590655763307,28.0,0.0
378.2588193205077,29.0,0.0
378.2635444783421,30.0,0.0
378.26456043932023,31.0,0.0
378.2660693427502,32.0,0.0
378.2698309509155,31.0,0.0
378.2706585026252,32.0,0.0
378.27733655173455,33.0,0.0
378.2784543625997,32.0,0.0
378.2818159082675,31.0,0.0
378.28245721827886,32.0,0.0
378.2907345485894,33.0,0.0
378.29539025128776,32.0,0.0
378.29921140769363,33.0,0.0
378.3075114440878,34.0,0.0
378.308033569359,35.0,0.0
378.31448816355123,36.0,0.0
378.3146739457641,37.0,0.0
378.3194668410771,36.0,0.0
378.3251172199372,35.0,0.0
378.33333644804367,34.0,0.0
378.337397475761,35.0,0.0
378.3394539232451,36.0,0.0
378.3406191142702,37.0,0.0
378.3457380770504,38.0,0.0
378.34668457881395,37.0,0.0
378.3498047925426,36.0,0.0
378.35740397322485,37.0,0.0
378.3584736973929,36.0,0.0
378.36516967748344,37.0,0.0
378.36534231835157,38.0,0.0
378.37381131943334,37.0,0.0
378.3752088027509,38.0,0.0
378.40570354386625,39.0,0.0
378.4064453202935,40.0,0.0
378.4083837030583,39.0,0.0
378.40895100099885,38.0,0.0
378.4115896130414,39.0,0.0
378.4222880303387,40.0,0.0
378.43504746015134,39.0,0.0
378.44809809001697,40.0,0.0
378.44929851540985,41.0,0.0
378.45377506588716,42.0,0.0
378.4566916440551,43.0,0.0
378.45792457340076,44.0,0.0
378.462233667165,43.0,0.0
378.46319440610324,44.0,0.0
378.4685806113958,43.0,0.0
378.4737188685676,44.0,0.0
378.4751109375776,45.0,0.0
378.48050267832144,46.0,0.0
378.4805046144296,47.0,0.0
378.4808219285905,48.0,0.0
378.48349707898075,49.0,0.0
378.4857396867963,50.0,0.0
378.49507502349917,51.0,0.0
378.50688095797386,52.0,0.0
378.5228983642106,53.0,0.0
378.5244187245814,54.0,0.0
378.54282253148807,55.0,0.0
378.5431151508099,54.0,0.0
378.5451033298257,55.0,0.0
378.54791702059674,54.0,0.0
378.5510566507894,53.0,0.0
378.55483164368815,54.0,0.0
378.55504154790634,53.0,0.0
378.5622775888976,54.0,0.0
378.5624320415341,55.0,0.0
378.564140697116,56.0,0.0
378.56523587721324,55.0,0.0
378.56890777483807,56.0,0.0
378.5789860375473,55.0,0.0
378.5810454650967,56.0,0.0
378.5829308288024,57.0,0.0
378.58420143334286,58.0,0.0
378.5856304495912,59.0,0.0
378.59184397824754,58.0,0.0
378.5962832727824,59.0,0.0
378.59926558600887,58.0,0.0
378.60154615401615,59.0,0.0
378.60396075831306,60.0,0.0
378.6050590371535,61.0,0.0
378.61043030117645,62.0,0.0
378.61518466552604,63.0,0.0
378.6156032436113,64.0,0.0
378.6173560340823,65.0,0.0
378.6212930643223,66.0,0.0
378.62201564154935,65.0,0.0
378.62379749840613,64.0,0.0
378.62737895710376,63.0,0.0
378.6311591405674,64.0,0.0
378.63444456963606,63.0,0.0
378.63638795742526,64.0,0.0
378.6375069081615,63.0,0.0
378.6419600893129,62.0,0.0
378.64205759793475,63.0,0.0
378.6574963021979,64.0,0.0
378.65897133178197,65.0,0.0
378.66496695730814,64.0,0.0
378.6698878631071,65.0,0.0
378.6755467374799,66.0,0.0
378.6918604219285,67.0,0.0
378.69717409115043,66.0,0.0
378.7005635688059,67.0,0.0
378.70309233098186,66.0,0.0
378.7105001040092,67.0,0.0
378.7132008871846,66.0,0.0
378.7176356284835,65.0,0.0
378.72081042743196,66.0,0.0
378.7315479984827,67.0,0.0
378.7403051286213,68.0,0.0
378.7518548075091,67.0,0.0
378.75995320674957,68.0,0.0
378.7762104279616,69.0,0.0
378.78107993774046,68.0,0.0
378.7939136909501,69.0,0.0
378.79530900003465,70.0,0.0
378.802927709266,71.0,0.0
378.8053889046906,70.0,0.0
378.8057667735912,69.0,0.0
378.8058097487136,70.0,0.0
378.8126774775693,71.0,0.0
378.82218385764895,72.0,0.0
378.82605111074173,71.0,0.0
378.8270317927391,70.0,0.0
378.83416903106,71.0,0.0
378.8383409658102,70.0,0.0
378.8392474305699,69.0,0.0
378.8413529338899,68.0,0.0
378.8555594688143,69.0,0.0
378.85692930343475,68.0,0.0
378.85874992691055,67.0,0.0
378.86747324880224,66.0,0.0
378.8681206719204,67.0,0.0
378.8726008492107,66.0,0.0
378.87340641339625,67.0,0.0
378.8804116560823,66.0,0.0
378.8827047460759,67.0,0.0
378.8979776513996,68.0,0.0
378.9020653567243,69.0,0.0
378.90231542072524,70.0,0.0
378.9031704853012,71.0,0.0
378.90550776824796,72.0,0.0
378.91091508515063,73.0,0.0
378.91287795153966,74.0,0.0
378.9187335829366,75.0,0.0
378.9191626830418,74.0,0.0
378.92176514396556,73.0,0.0
378.9238200024947,74.0,0.0
378.929171006527,75.0,0.0
378.9416967970511,76.0,0.0
378.9518080922084,75.0,0.0
378.95602453948675,74.0,0.0
378.960837369631,73.0,0.0
378.9634104243287,74.0,0.0
378.97461358572093,75.0,0.0
378.9775175151958,74.0,0.0
378.9791389492204,75.0,0.0
378.983058163199,76.0,0.0
378.9879534546638,75.0,0.0
378.9884024314437,74.0,0.0
378.98853842651977,75.0,0.0
378.988632860057,76.0,0.0
379.0006132301912,77.0,0.0
379.0024810777543,78.0,0.0
379.00433047628667,77.0,0.0
379.00695072762954,76.0,0.0
379.01209045998894,75.0,0.0
379.01772639199135,76.0,0.0
379.0185707315889,75.0,0.0
379.0338243815429,76.0,0.0
379.0385882741278,75.0,0.0
379.04058023101027,74.0,0.0
379.0545130450947,75.0,0.0
379.0581006808973,76.0,0.0
379.064769818964,77.0,0.0
379.0707156485247,78.0,0.0
379.0738432954569,79.0,0.0
379.0855547838173,80.0,0.0
379.0896714271777,81.0,0.0
379.091128718477,82.0,0.0
379.09117848594303,81.0,0.0
379.0927350977276,80.0,0.0
379.1066717221034,79.0,0.0
379.12183608654186,78.0,0.0
379.1256689725395,79.0,0.0
379.13485997272994,80.0,0.0
379.1351459211855,81.0,0.0
379.1364883384956,82.0,0.0
379.1373952583663,83.0,0.0
379.14000582464524,84.0,0.0
379.14011522287103,85.0,0.0
379.1418223010154,86.0,0.0
379.1521463830773,87.0,0.0
379.1666928926614,88.0,0.0
379.17460290388516,89.0,0.0
379.19337024307765,88.0,0.0
379.19434355355787,89.0,0.0
379.20445611465857,90.0,0.0
379.20549453282143,91.0,0.0
379.21624041447666,92.0,0.0
379.23203116130276,93.0,0.0
379.2330358966899,94.0,0.0
379.2414305293968,95.0,0.0
379.2418583645308,94.0,0.0
379.2516243424301,95.0,0.0
379.25447520775185,96.0,0.0
379.2811557481854,95.0,0.0
379.2826616401197,94.0,0.0
379.28459325099277,95.0,0.0
379.28787986124695,96.0,0.0
379.28861626375107,97.0,0.0
379.29076419820154,98.0,0.0
379.2918258872599,97.0,0.0
379.2923592480173,98.0,0.0
379.2987382159682,99.0,0.0
379.3039425200855,100.0,0.0
379.310883290683,101.0,0.0
379.32339043375646,102.0,0.0
379.3240195189262,103.0,0.0
379.32468104124996,104.0,0.0
379.3262895510271,105.0,0.0
379.3265506628157,104.0,0.0
379.3288870571714,105.0,0.0
379.3311542331639,106.0,0.0
379.33446094014874,107.0,0.0
379.3426552302536,108.0,0.0
379.34549389865896,107.0,0.0
379.3469639612121,108.0,0.0
379.35056077098557,107.0,0.0
379.3506696984743,108.0,0.0
379.36969320763103,107.0,0.0
379.3706254665521,108.0,0.0
379.38564545443865,107.0,0.0
379.38812683576566,106.0,0.0
379.39155004921236,107.0,0.0
379.4046559922924,108.0,0.0
379.4052583810508,109.0,0.0
379.4213162770869,110.0,0.0
379.4247262242932,109.0,0.0
379.4319822590643,108.0,0.0
379.4631483518299,107.0,0.0
379.46411026197694,108.0,0.0
379.4791719599103,107.0,0.0
379.4826553843211,108.0,0.0
379.4853367493178,107.0,0.0
379.48633957724735,106.0,0.0
379.48722079886926,107.0,0.0
379.4898894199921,108.0,0.0
379.48989874777396,107.0,0.0
379.49089837974105,106.0,0.0
379.49638263688615,107.0,0.0
379.4998798550395,108.0,0.0
379.5094493733164,109.0,0.0
379.52484075454055,110.0,0.0
379.5267520102731,111.0,0.0
379.5268652970012,110.0,0.0
379.52939318482163,111.0,0.0
379.54481932852667,110.0,0.0
379.55027308770576,109.0,0.0
379.5536251978252,108.0,0.0
379.5637539421118,109.0,0.0
379.57329067395835,108.0,0.0
379.5741667410576,109.0,0.0
379.5743377292841,110.0,0.0
379.57503290613647,109.0,0.0
379.5792585853857,110.0,0.0
379.59432933315304,109.0,0.0
379.59650339264545,108.0,0.0
379.59921528708946,109.0,0.0
379.60077847243235,108.0,0.0
379.6019680560291,109.0,0.0
379.6077235249304,108.0,0.0
379.60820902601967,107.0,0.0
379.6090180420544,108.0,0.0
379.61141010763583,109.0,0.0
379.62190196043207,110.0,0.0
379.63217801861504,111.0,0.0
379.6335320953774,112.0,0.0
379.63605878905855,113.0,0.0
379.6369972904742,112.0,0.0
379.6393298617105,113.0,0.0
379.64564932933035,114.0,0.0
379.662800092935,113.0,0.0
379.6633199562509,112.0,0.0
379.666650661433,111.0,0.0
379.66715965749614,112.0,0.0
379.670309430342,113.0,0.0
379.6741264655842,112.0,0.0
379.6751259760953,111.0,0.0
379.67810824405825,110.0,0.0
379.682702953395,111.0,0.0
379.68390078708535,110.0,0.0
379.689626483838,109.0,0.0
379.69120353820847,110.0,0.0
379.6969249386333,111.0,0.0
379.70063114020564,110.0,0.0
379.70660066551886,109.0,0.0
379.71062839391226,110.0,0.0
379.7146576644269,111.0,0.0
379.7157402139132,112.0,0.0
379.7193819209522,113.0,0.0
379.72563799389593,112.0,0.0
379.7261329529764,111.0,0.0
379.7323303924115,112.0,0.0
379.73544440779256,113.0,0.0
379.7418951710476,112.0,0.0
379.7437803069565,113.0,0.0
379.7481221781443,112.0,0.0
379.7604337769914,111.0,0.0
379.76276242277993,110.0,0.0
379.76659489983035,109.0,0.0
379.7738703060641,110.0,0.0
379.775943939353,109.0,0.0
379.78181129860104,110.0,0.0
379.78211985925384,111.0,0.0
379.789075931894,112.0,0.0
379.7917890108215,111.0,0.0
379.80756997072336,112.0,0.0
379.81036343863826,113.0,0.0
379.8111934805885,112.0,0.0
379.81201890914696,113.0,0.0
379.814814884714,112.0,0.0
379.8161262674104,111.0,0.0
379.83247843409004,110.0,0.0
379.83549492949214,111.0,0.0
379.8392241269283,110.0,0.0
379.86106555333606,109.0,0.0
379.8777391874,108.0,0.0
379.8838505559819,109.0,0.0
379.8839894254987,108.0,0.0
379.8842153943855,109.0,0.0
379.88777800122824,110.0,0.0
379.8981205607065,111.0,0.0
379.9017706519326,112.0,0.0
379.90957761081984,111.0,0.0
379.926345407988,112.0,0.0
379.92719149593495,113.0,0.0
379.9272062728481,114.0,0.0
379.936449872468,115.0,0.0
379.93681515993046,116.0,0.0
379.94698156556865,115.0,0.0
379.95005731728855,116.0,0.0
379.954805948597,115.0,0.0
379.95875891329746,116.0,0.0
379.96522348837607,115.0,0.0
379.9787200462283,114.0,0.0
379.98110006116616,113.0,0.0
379.982899888685,112.0,0.0
379.98496734024025,113.0,0.0
379.99092787020425,112.0,0.0
379.9929467207318,111.0,0.0
379.99357470494385,110.0,0.0
379.99610796739455,109.0,0.0
380.00584137502995,110.0,0.0
380.00749769497895,109.0,0.0
380.03574346904645,110.0,0.0
380.04082983135396,111.0,0.0
380.0414503324495,112.0,0.0
380.0486114345623,111.0,0.0
380.04956320575997,110.0,0.0
380.0497637282905,109.0,0.0
380.0565617164189,108.0,0.0
380.05814630124434,109.0,0.0
380.0653400396034,108.0,0.0
380.0721963453769,109.0,0.0
380.0737727714789,108.0,0.0
380.0749604872025,107.0,0.0
380.0811490163155,108.0,0.0
380.0857690871375,109.0,0.0
380.09235009550986,110.0,0.0
380.0946639682733,109.0,0.0
380.09965134184324,110.0,0.0
380.1010077723571,109.0,0.0
380.10138845117683,108.0,0.0
380.11089960368037,107.0,0.0
380.11833283008525,108.0,0.0
380.1188707629976,109.0,0.0
380.125285632433,110.0,0.0
380.13222523786186,109.0,0.0
380.13957513769594,110.0,0.0
380.1405508099525,111.0,0.0
380.141787440629,112.0,0.0
380.14519722157297,113.0,0.0
380.1512236568969,114.0,0.0
380.1518655499496,113.0,0.0
380.1568583943994,114.0,0.0
380.1580568759817,113.0,0.0
380.1610432541701,112.0,0.0
380.1619506203406,111.0,0.0
380.1651106360313,112.0,0.0
380.1701712185456,113.0,0.0
380.1706700880835,114.0,0.0
380.17493489687706,113.0,0.0
380.17972530325886,112.0,0.0
380.18375001138446,113.0,0.0
380.19580804149666,114.0,0.0
380.1985162226659,113.0,0.0
380.20289722829114,112.0,0.0
380.212014573933,113.0,0.0
380.21270112747953,114.0,0.0
380.2140673337386,113.0,0.0
380.2163726084477,114.0,0.0
380.21828613119214,113.0,0.0
380.23395063444997,112.0,0.0
380.23636231222156,113.0,0.0
380.23669285616035,112.0,0.0
380.2374148329059,113.0,0.0
380.24619810010137,114.0,0.0
380.24891407533363,113.0,0.0
380.2495978498322,112.0,0.0
380.25490366723886,111.0,0.0
380.2577266416921,112.0,0.0
380.257892939661,113.0,0.0
380.27351075619305,114.0,0.0
380.28642174004165,115.0,0.0
380.28913539233287,114.0,0.0
380.2893096258398,115.0,0.0
380.2929445466819,116.0,0.0
380.2953981590525,115.0,0.0
380.29645932750446,114.0,0.0
380.29704735981977,113.0,0.0
380.3000903692474,114.0,0.0
380.308978830875,115.0,0.0
380.31195124444207,114.0,0.0
380.317313152818,115.0,0.0
380.3254124103114,116.0,0.0
380.32721463838965,117.0,0.0
380.3341717914396,118.0,0.0
380.33468066839185,119.0,0.0
380.3382140645859,120.0,0.0
380.34472540295786,121.0,0.0
380.34779356923815,120.0,0.0
380.3485866441136,121.0,0.0
380.353509408773,120.0,0.0
380.3832042245548,119.0,0.0
380.38817757606284,118.0,0.0
380.3883033142251,117.0,0.0
380.393222843044,116.0,0.0
380.4011913496861,117.0,0.0
380.4042670581168,116.0,0.0
380.404933738075,115.0,0.0
380.40658465373264,114.0,0.0
380.4156764207222,113.0,0.0
380.4253270865929,114.0,0.0
380.43983332756386,113.0,0.0
380.4429339036369,114.0,0.0
380.447057032375,113.0,0.0
380.4505598229973,114.0,0.0
380.4509359835403,113.0,0.0
380.4562608733227,112.0,0.0
380.45785391337085,111.0,0.0
380.4585599586277,112.0,0.0
380.4588885245879,111.0,0.0
380.4621730843587,112.0,0.0
380.46303457230914,113.0,0.0
380.4643363114751,114.0,0.0
380.478937103215,115.0,0.0
380.4838883890549,116.0,0.0
380.4847008736212,115.0,0.0
380.487083087485,114.0,0.0
380.4906387618685,115.0,0.0
380.5012754910767,116.0,0.0
380.5188723097853,117.0,0.0
380.5201486559577,118.0,0.0
380.521447451619,119.0,0.0
380.5264976842433,118.0,0.0
380.53219923805295,119.0,0.0
380.5368174857926,118.0,0.0
380.54231454230114,117.0,0.0
380.5440565291491,118.0,0.0
380.5489980011985,117.0,0.0
380.55380018413877,116.0,0.0
380.55478178158853,115.0,0.0
380.5569397094713,116.0,0.0
380.5666824229259,115.0,0.0
380.56808527657955,116.0,0.0
380.569416991756,115.0,0.0
380.5704692611305,116.0,0.0
380.57145067975523,117.0,0.0
380.5737267003569,118.0,0.0
380.5840543237145,117.0,0.0
380.591093830595,118.0,0.0
380.595475488619,119.0,0.0
380.59699930170586,120.0,0.0
380.5971345406165,119.0,0.0
380.5978149942894,118.0,0.0
380.6007687457301,117.0,0.0
380.60288399252045,118.0,0.0
380.6029962148714,117.0,0.0
380.60361952237,116.0,0.0
380.60939415253006,117.0,0.0
380.6098495368096,116.0,0.0
380.61155175607854,115.0,0.0
380.6162695748878,116.0,0.0
380.6209574492954,115.0,0.0
380.6212402947358,116.0,0.0
380.6278666884666,115.0,0.0
380.62921953470084,114.0,0.0
380.6312485273827,113.0,0.0
380.6347692043773,112.0,0.0
380.63563259018485,113.0,0.0
380.64783736117283,114.0,0.0
380.6510966356088,115.0,0.0
380.65343866121964,116.0,0.0
380.6601273683282,117.0,0.0
380.66468183358216,118.0,0.0
380.6709665764168,117.0,0.0
380.6730735270938,118.0,0.0
380.6735368142817,117.0,0.0
380.6749462670532,118.0,0.0
380.6800788738956,119.0,0.0
380.6811986749687,118.0,0.0
380.6870039028033,119.0,0.0
380.6880342385057,118.0,0.0
380.6888629948074,117.0,0.0
380.68958571941437,116.0,0.0
380.6907359021945,117.0,0.0
380.69156952450777,118.0,0.0
380.6972712180379,117.0,0.0
380.7019625406357,118.0,0.0
380.7042321050849,117.0,0.0
380.71267973826457,116.0,0.0
380.714631951949,115.0,0.0
380.7170492132958,114.0,0.0
380.72323708056314,115.0,0.0
380.7272590138274,116.0,0.0
380.73378364064445,115.0,0.0
380.7346386699975,114.0,0.0
380.7490075393468,115.0,0.0
380.75090517430243,116.0,0.0
380.75731745917943,117.0,0.0
380.7599755870702,116.0,0.0
380.7616820320717,115.0,0.0
380.7623160307221,116.0,0.0
380.77210726658524,117.0,0.0
380.7724774829918,116.0,0.0
380.7740157516347,117.0,0.0
380.7827246846513,118.0,0.0
380.787149009075,119.0,0.0
380.79106773454504,118.0,0.0
380.80285247899,119.0,0.0
380.8057531512336,118.0,0.0
380.81019271175484,119.0,0.0
380.8186261322204,120.0,0.0
380.8206589196162,121.0,0.0
380.827229080189,120.0,0.0
380.8276581491836,121.0,0.0
380.83466680518023,122.0,0.0
380.8416411929109,121.0,0.0
380.8433995559201,120.0,0.0
380.8461306974007,119.0,0.0
380.85115490462056,118.0,0.0
380.8580327822377,119.0,0.0
380.86265360798416,118.0,0.0
380.8673850826787,117.0,0.0
380.87694784677035,116.0,0.0
380.87793609655085,115.0,0.0
380.8794409742523,114.0,0.0
380.87978412778205,115.0,0.0
380.88500128643904,116.0,0.0
380.8983517135612,115.0,0.0
380.9001694599955,116.0,0.0
380.9049230661609,117.0,0.0
380.90976066201733,118.0,0.0
380.91793505113276,117.0,0.0
380.9183122965421,118.0,0.0
380.92664188508036,117.0,0.0
380.9294463458023,116.0,0.0
380.9336181589927,115.0,0.0
380.9368642469755,114.0,0.0
380.9408300631325,115.0,0.0
380.94120901039486,114.0,0.0
380.9480964248227,115.0,0.0
380.9521736219122,114.0,0.0
380.95707876743654,113.0,0.0
380.95728022104015,114.0,0.0
380.9640268403383,113.0,0.0
380.9657220847627,114.0,0.0
380.9674940040258,115.0,0.0
380.9760849322726,114.0,0.0
380.9765275095756,113.0,0.0
380.9788870012617,112.0,0.0
380.98255796951344,111.0,0.0
380.98680396539976,112.0,0.0
380.9892266369504,111.0,0.0
380.9947046169523,110.0,0.0
380.9947058644282,109.0,0.0
381.00804780603306,108.0,0.0
381.010249481211,107.0,0.0
381.01036168872895,108.0,0.0
381.0142327998462,109.0,0.0
381.02333795838734,110.0,0.0
381.02726010790826,111.0,0.0
381.0279559630398,110.0,0.0
381.04537980543233,109.0,0.0
381.0514353573245,110.0,0.0
381.05150920342265,109.0,0.0
381.0546477044247,110.0,0.0
381.0566786695667,111.0,0.0
381.0626859480321,110.0,0.0
381.0818503356979,111.0,0.0
381.08733841497354,110.0,0.0
381.0874028335058,111.0,0.0
381.08761622934156,112.0,0.0
381.0907447570216,113.0,0.0
381.0926426119982,112.0,0.0
381.0936986029601,113.0,0.0
381.09376203332783,114.0,0.0
381.09897406789156,113.0,0.0
381.09905726636936,114.0,0.0
381.11203166563894,115.0,0.0
381.11751574532764,114.0,0.0
381.1182515457525,115.0,0.0
381.1221944966347,116.0,0.0
381.12462639853493,117.0,0.0
381.12497259862766,118.0,0.0
381.12858800642147,119.0,0.0
381.1350136227104,118.0,0.0
381.1503914735373,119.0,0.0
381.1520448338285,118.0,0.0
381.15326524247854,119.0,0.0
381.1659499296112,118.0,0.0
381.1677539392789,117.0,0.0
381.1681066495158,116.0,0.0
381.1689729904388,115.0,0.0
381.1727881222689,116.0,0.0
381.1728732110417,117.0,0.0
381.17358577337257,116.0,0.0
381.17860346064856,117.0,0.0
381.1829103181665,118.0,0.0
381.18304971546405,117.0,0.0
381.1846754837597,116.0,0.0
381.1884953620126,117.0,0.0
381.18863355910065,116.0,0.0
381.18963492727516,115.0,0.0
381.1901254421292,114.0,0.0
381.19141922546646,113.0,0.0
381.2010839300495,112.0,0.0
381.21398907294764,113.0,0.0
381.2141220670462,112.0,0.0
381.21544285057973,111.0,0.0
381.2240515988265,112.0,0.0
381.22544823248256,113.0,0.0
381.24046294856566,112.0,0.0
381.24156446109447,113.0,0.0
381.25772659619577,112.0,0.0
381.26091039191783,113.0,0.0
381.2663436675641,112.0,0.0
381.27506240582284,111.0,0.0
381.28230485712794,110.0,0.0
381.2840900404788,111.0,0.0
381.2843690391452,112.0,0.0
381.287021963619,113.0,0.0
381.2929424617767,112.0,0.0
381.2962516919721,113.0,0.0
381.30232105027625,112.0,0.0
381.30469760931663,111.0,0.0
381.3111260297309,110.0,0.0
381.31784788427143,111.0,0.0
381.3201005016113,110.0,0.0
381.32165507545443,111.0,0.0
381.3321301707891,112.0,0.0
381.3322004565687,111.0,0.0
381.33419594002225,112.0,0.0
381.34617256581225,113.0,0.0
381.34694575717464,114.0,0.0
381.3507798012275,113.0,0.0
381.35332826745946,114.0,0.0
381.35897439563655,115.0,0.0
381.36941612001,114.0,0.0
381.38061928886054,113.0,0.0
381.3837155528271,114.0,0.0
381.38483843425945,115.0,0.0
381.3859384915693,116.0,0.0
381.3869689068294,117.0,0.0
381.38972376061474,116.0,0.0
381.4037322981269,115.0,0.0
381.40476282049167,116.0,0.0
381.4049350810137,117.0,0.0
381.4059208909253,116.0,0.0
381.4060205529135,117.0,0.0
381.4126676819501,116.0,0.0
381.4136893618098,115.0,0.0
381.41652219849476,116.0,0.0
381.41716842058236,115.0,0.0
381.4219257792918,116.0,0.0
381.426699846023,115.0,0.0
381.43819654574577,116.0,0.0
381.43967554648515,115.0,0.0
381.44428035620734,116.0,0.0
381.45283486923506,117.0,0.0
381.4544810981231,118.0,0.0
381.4550664382697,117.0,0.0
381.4598273397958,116.0,0.0
381.46133556368176,117.0,0.0
381.46134313454684,118.0,0.0
381.4703655709015,119.0,0.0
381.4732359332387,120.0,0.0
381.4765519007311,119.0,0.0
381.4778348844544,118.0,0.0
381.48124956812586,117.0,0.0
381.49360133665226,118.0,0.0
381.4939359899255,117.0,0.0
381.5040588775679,118.0,0.0
381.50684968589536,119.0,0.0
381.5084230455186,120.0,0.0
381.5106978307256,121.0,0.0
381.51261394854146,120.0,0.0
381.5176051030521,121.0,0.0
381.52642400483404,120.0,0.0
381.5311089146118,121.0,0.0
381.53453341002916,120.0,0.0
381.5429646328148,119.0,0.0
381.54627954849485,118.0,0.0
381.5479733423188,119.0,0.0
381.5663184774688,118.0,0.0
381.5675908122503,117.0,0.0
381.5774365799319,118.0,0.0
381.5808694393791,117.0,0.0
381.58275165180834,116.0,0.0
381.58692948812705,117.0,0.0
381.5881024818906,116.0,0.0
381.5900649299187,117.0,0.0
381.59561368877553,118.0,0.0
381.5957257651399,117.0,0.0
381.60244477369054,118.0,0.0
381.6062806648317,117.0,0.0
381.613281151378,116.0,0.0
381.62043750893173,115.0,0.0
381.63061072362467,114.0,0.0
381.6356473543784,115.0,0.0
381.6368504142088,114.0,0.0
381.6382038795073,113.0,0.0
381.6384699582906,112.0,0.0
381.63989192459275,113.0,0.0
381.6438332829113,114.0,0.0
381.64784208518165,115.0,0.0
381.64877258595413,116.0,0.0
381.654356127909,117.0,0.0
381.6609256029223,116.0,0.0
381.6621750273061,117.0,0.0
381.662376501753,118.0,0.0
381.66351998725617,119.0,0.0
381.6650366612927,118.0,0.0
381.676933812607,117.0,0.0
381.68167980830407,118.0,0.0
381.68256447016444,119.0,0.0
381.6852836478545,118.0,0.0
381.68613057882453,119.0,0.0
381.6873413649515,120.0,0.0
381.68796811708035,121.0,0.0
381.69508667955347,120.0,0.0
381.6967777174,121.0,0.0
381.69696600175985,122.0,0.0
381.69910444579773,121.0,0.0
381.7031535439768,120.0,0.0
381.70627430511877,121.0,0.0
381.70687731388784,120.0,0.0
381.7115597049576,119.0,0.0
381.722316556009,120.0,0.0
381.7227831357895,119.0,0.0
381.72968844373463,120.0,0.0
381.73313638786766,121.0,0.0
381.7333948485742,122.0,0.0
381.7403850515106,123.0,0.0
381.741775066334,122.0,0.0
381.74750087684055,123.0,0.0
381.7489708007726,124.0,0.0
381.750608637882,125.0,0.0
381.7618877617503,124.0,0.0
381.7705036266263,125.0,0.0
381.78214545194464,126.0,0.0
381.78344056377136,125.0,0.0
381.78447885844673,126.0,0.0
381.7890019898144,127.0,0.0
381.7899759701827,128.0,0.0
381.7917023061078,129.0,0.0
381.7932093563686,130.0,0.0
381.7973732280051,131.0,0.0
381.7995548167479,130.0,0.0
381.8236399617749,131.0,0.0
381.8259325283498,132.0,0.0
381.8266619260526,133.0,0.0
381.82692913675515,134.0,0.0
381.83149004446807,133.0,0.0
381.8325939007938,134.0,0.0
381.8434539653805,133.0,0.0
381.84434751249006,132.0,0.0
381.84819658576026,131.0,0.0
381.8539131878231,130.0,0.0
381.8558943855503,129.0,0.0
381.8576192766057,128.0,0.0
381.8667593879993,129.0,0.0
381.8688491419572,130.0,0.0
381.8721048855444,131.0,0.0
381.87427633271074,130.0,0.0
381.8834352285679,131.0,0.0
381.8890370938551,130.0,0.0
381.88958146336137,131.0,0.0
381.8899415481457,132.0,0.0
381.90149702296526,131.0,0.0
381.9028803076982,132.0,0.0
381.9220585278509,131.0,0.0
381.92329154114566,132.0,0.0
381.9243224434265,133.0,0.0
381.9251568663701,134.0,0.0
381.9278513855053,135.0,0.0
381.94247992875773,136.0,0.0
381.9463109838218,137.0,0.0
381.9512767688802,136.0,0.0
381.95278454496355,135.0,0.0
381.9534847701221,134.0,0.0
381.9543339145306,133.0,0.0
381.95797483560546,134.0,0.0
381.95961552281574,133.0,0.0
381.9605559609663,132.0,0.0
381.9721089977575,133.0,0.0
381.97258386863376,132.0,0.0
381.97334774378953,133.0,0.0
381.974352284989,134.0,0.0
381.974620461507,135.0,0.0
381.98399119593523,136.0,0.0
382.00204637690985,137.0,0.0
382.00319402621363,136.0,0.0
382.016533593911,135.0,0.0
382.0182559699106,136.0,0.0
382.0200645478537,135.0,0.0
382.0206861476672,136.0,0.0
382.0315705340732,135.0,0.0
382.0331803206616,136.0,0.0
382.03398860646405,135.0,0.0
382.0365705436739,134.0,0.0
382.0407570157532,135.0,0.0
382.04201575419273,134.0,0.0
382.0423834286813,133.0,0.0
382.04402225694236,134.0,0.0
382.0450968830276,133.0,0.0
382.0555776503827,132.0,0.0
382.05961633273404,133.0,0.0
382.06282070938454,134.0,0.0
382.06832557362344,133.0,0.0
382.06948659171695,134.0,0.0
382.0739473008889,133.0,0.0
382.0765358977022,132.0,0.0
382.0891393052401,133.0,0.0
382.0925712280018,134.0,0.0
382.0986431799077,133.0,0.0
382.09993347175714,134.0,0.0
382.10490948042883,135.0,0.0
382.1178226508529,136.0,0.0
382.12263331278206,135.0,0.0
382.13088814402926,136.0,0.0
382.1329779685897,137.0,0.0
382.13784562424263,138.0,0.0
382.13899596540443,139.0,0.0
382.1422795577739,140.0,0.0
382.16175998887354,139.0,0.0
382.16856028065433,140.0,0.0
382.17113115384495,139.0,0.0
382.17564919025926,140.0,0.0
382.17851306747133,141.0,0.0
382.1820338418169,142.0,0.0
382.189702815122,141.0,0.0
382.1948393383319,140.0,0.0
382.1953685776139,141.0,0.0
382.1962441238966,140.0,0.0
382.20667916533915,141.0,0.0
382.2094927229975,142.0,0.0
382.20997110158373,143.0,0.0
382.2146453285083,144.0,0.0
382.21518309469946,143.0,0.0
382.22085612613324,144.0,0.0
382.2272593596774,145.0,0.0
382.23901100144525,144.0,0.0
382.2418773972147,143.0,0.0
382.25108399764804,144.0,0.0
382.25277750450425,143.0,0.0
382.2542107854232,144.0,0.0
382.26460646578704,143.0,0.0
382.2711720157771,144.0,0.0
382.2759944316841,145.0,0.0
382.2789607865721,146.0,0.0
382.2808465249312,145.0,0.0
382.28428950955913,144.0,0.0
382.2920417320554,145.0,0.0
382.29327440318104,146.0,0.0
382.2956311751867,145.0,0.0
382.2977124530866,144.0,0.0
382.2977643222558,143.0,0.0
382.29793105825985,142.0,0.0
382.3086192100675,141.0,0.0
382.3181211990109,142.0,0.0
382.3208235602316,141.0,0.0
382.3212672509226,142.0,0.0
382.3214984190443,143.0,0.0
382.32159301960604,142.0,0.0
382.3285201238544,143.0,0.0
382.33533685469695,144.0,0.0
382.34122937543697,145.0,0.0
382.3459315279819,146.0,0.0
382.363533183949,145.0,0.0
382.36718671252646,144.0,0.0
382.3680318620827,145.0,0.0
382.36875983858704,146.0,0.0
382.37680047926796,147.0,0.0
382.3773545223316,146.0,0.0
382.384246871029,147.0,0.0
382.3998068851297,146.0,0.0
382.399927008083,145.0,0.0
382.40481910096696,144.0,0.0
382.4155640615629,145.0,0.0
382.42099206111317,146.0,0.0
382.4277440186563,147.0,0.0
382.43156454490787,148.0,0.0
382.4406447649495,147.0,0.0
382.44224091800163,148.0,0.0
382.44570601169687,147.0,0.0
382.45635184657635,148.0,0.0
382.4568935476224,149.0,0.0
382.45702073745645,150.0,0.0
382.4605408061847,151.0,0.0
382.46853884478423,152.0,0.0
382.4742132675909,153.0,0.0
382.4811531454102,152.0,0.0
382.49014121115994,153.0,0.0
382.4908291708386,152.0,0.0
382.4936546020623,153.0,0.0
382.4942897461463,154.0,0.0
382.50169351021236,155.0,0.0
382.50252292208927,154.0,0.0
382.5029270924044,153.0,0.0
382.51662287492167,152.0,0.0
382.5186913749437,153.0,0.0
382.5190486434655,154.0,0.0
382.5225549267459,153.0,0.0
382.5352467153038,152.0,0.0
382.54624960309826,153.0,0.0
382.55033868672007,154.0,0.0
382.5598242346281,153.0,0.0
382.5663635765376,154.0,0.0
382.57070605217325,153.0,0.0
382.58402618282287,152.0,0.0
382.5878908824605,151.0,0.0
382.58937195844567,152.0,0.0
382.5939654372305,153.0,0.0
382.6018065926063,152.0,0.0
382.60411489317784,153.0,0.0
382.6129203479717,154.0,0.0
382.6251752338281,153.0,0.0
382.6388313300692,154.0,0.0
382.6411827675748,153.0,0.0
382.64316699336484,154.0,0.0
382.64329737228536,155.0,0.0
382.64331852958674,156.0,0.0
382.6447215887112,157.0,0.0
382.65317614685,158.0,0.0
382.6592021285286,157.0,0.0
382.6623226278827,158.0,0.0
382.66832142059855,157.0,0.0
382.67102363278343,156.0,0.0
382.67373131798104,155.0,0.0
382.67483425827595,154.0,0.0
382.68517124686,155.0,0.0
382.69117234993445,154.0,0.0
382.6982328327124,153.0,0.0
382.7062450446722,152.0,0.0
382.7127911628915,153.0,0.0
382.71911075349516,154.0,0.0
382.72141241294054,155.0,0.0
382.72229427458706,154.0,0.0
382.72720724615914,153.0,0.0
382.728640715217,154.0,0.0
382.73307500696654,153.0,0.0
382.737413982449,154.0,0.0
382.743743050964,153.0,0.0
382.7466504200732,154.0,0.0
382.75089953610774,155.0,0.0
382.7577973360852,154.0,0.0
382.76291592470784,155.0,0.0
382.7823553601451,156.0,0.0
382.78806973974616,155.0,0.0
382.7933833465409,156.0,0.0
382.79407688184233,155.0,0.0
382.7997531985226,154.0,0.0
382.80249592590553,155.0,0.0
382.8150060689259,156.0,0.0
382.82395470445914,155.0,0.0
382.82551850617017,154.0,0.0
382.82650454216594,155.0,0.0
382.82861123376097,156.0,0.0
382.8301598020351,155.0,0.0
382.8418330174851,154.0,0.0
382.8450451638367,155.0,0.0
382.85534517510064,156.0,0.0
382.8632815687878,155.0,0.0
382.86654456344075,154.0,0.0
382.8921601302952,155.0,0.0
382.8989203387579,154.0,0.0
382.90065220161756,153.0,0.0
382.90428699635044,152.0,0.0
382.9088144320412,151.0,0.0
382.9139027930775,152.0,0.0
382.9144672983456,153.0,0.0
382.9146047860498,154.0,0.0
382.91688172902985,153.0,0.0
382.92254750249526,154.0,0.0
382.9230702687336,155.0,0.0
382.92756652626616,156.0,0.0
382.92769120844235,157.0,0.0
382.93596816548524,158.0,0.0
382.9472569491644,157.0,0.0
382.9545228779476,156.0,0.0
382.95854789229094,157.0,0.0
382.9657856176031,158.0,0.0
382.9740007596827,159.0,0.0
382.9822942122274,158.0,0.0
382.9843944823424,159.0,0.0
382.9863049243253,158.0,0.0
382.98743057341073,159.0,0.0
382.9993815975299,158.0,0.0
383.0102871066011,157.0,0.0
383.0149168802974,158.0,0.0
383.016203090196,159.0,0.0
383.02724215521647,158.0,0.0
383.03037715522055,157.0,0.0
383.03468986174096,156.0,0.0
383.0348289466838,157.0,0.0
383.04211905714016,158.0,0.0
383.04804339725155,157.0,0.0
383.0490299963215,156.0,0.0
383.0496792552844,157.0,0.0
383.07043130125817,158.0,0.0
383.0725419644688,159.0,0.0
383.0744934873016,158.0,0.0
383.07981172288163,159.0,0.0
383.0829232575953,158.0,0.0
383.09086728212895,159.0,0.0
383.1050875986771,160.0,0.0
383.1109513572306,159.0,0.0
383.1129950764825,158.0,0.0
383.1153821627059,159.0,0.0
383.1234310652397,160.0,0.0
383.12597003212414,159.0,0.0
383.1272905451082,160.0,0.0
383.1307971050621,159.0,0.0
383.1320143121417,160.0,0.0
383.13204025483594,159.0,0.0
383.13315539750727,160.0,0.0
383.14628494415837,159.0,0.0
383.16858430400134,158.0,0.0
383.1696241423882,159.0,0.0
383.1747761651912,160.0,0.0
383.177819455438,159.0,0.0
383.1885068679236,158.0,0.0
383.1901278576459,157.0,0.0
383.1951830371779,156.0,0.0
383.20579340032475,157.0,0.0
383.2082831947578,156.0,0.0
383.209256625012,155.0,0.0
383.22108844998564,156.0,0.0
383.22158455402456,155.0,0.0
383.22539677611417,154.0,0.0
383.2285497399581,155.0,0.0
383.23900943335406,154.0,0.0
383.23989055376296,153.0,0.0
383.2406426773267,154.0,0.0
383.24968454488925,153.0,0.0
383.2574772571504,152.0,0.0
383.2617059353093,153.0,0.0
383.2654723602891,154.0,0.0
383.2832626555907,153.0,0.0
383.28883883616714,152.0,0.0
383.2986160767708,153.0,0.0
383.30206633081275,154.0,0.0
383.31207032264865,153.0,0.0
383.32043029921135,152.0,0.0
383.32646043763503,151.0,0.0
383.3373834243716,150.0,0.0
383.33769948368393,151.0,0.0
383.3403867085513,150.0,0.0
383.34916559501437,151.0,0.0
383.3566198145084,150.0,0.0
383.35666535921746,149.0,0.0
383.36079261778855,148.0,0.0
383.3711752361767,147.0,0.0
383.37202459144135,146.0,0.0
383.3830433983495,145.0,0.0
383.3932106578758,144.0,0.0
383.3990278619587,143.0,0.0
383.4033137082074,144.0,0.0
383.40365587942557,145.0,0.0
383.409930046166,146.0,0.0
383.4204580697094,147.0,0.0
383.4271126990529,146.0,0.0
383.42807450674604,147.0,0.0
383.4333305324606,148.0,0.0
383.4338811602153,149.0,0.0
383.43486571398586,150.0,0.0
383.4441444235254,151.0,0.0
383.45438725601974,152.0,0.0
383.4570503373581,153.0,0.0
383.46514068325394,154.0,0.0
383.4770499340527,155.0,0.0
383.4779409905415,156.0,0.0
383.4849732312054,155.0,0.0
383.4850482394633,154.0,0.0
383.4865059622855,153.0,0.0
383.494169035807,152.0,0.0
383.4980380324398,151.0,0.0
383.51351772823625,150.0,0.0
383.5361794521648,151.0,0.0
383.5420085877919,150.0,0.0
383.5566906255887,149.0,0.0
383.5707778063178,150.0,0.0
383.57550141667394,149.0,0.0
383.57887881265,148.0,0.0
383.5837789600371,147.0,0.0
383.6061162260604,146.0,0.0
383.61267310879623,147.0,0.0
383.618895272364,148.0,0.0
383.62680220093404,149.0,0.0
383.62742174133825,148.0,0.0
383.63061540369205,147.0,0.0
383.6372114432291,146.0,0.0
383.63742549113533,147.0,0.0
383.6408669199558,148.0,0.0
383.6465017642776,149.0,0.0
383.64696080463096,148.0,0.0
383.65939114014947,147.0,0.0
383.6622411654991,148.0,0.0
383.6631382000537,147.0,0.0
383.6683461205319,146.0,0.0
383.66846482217557,145.0,0.0
383.6902242367395,144.0,0.0
383.6921592615278,143.0,0.0
383.6939792812013,144.0,0.0
383.697453336468,143.0,0.0
383.6983346183832,144.0,0.0
383.6998737440939,145.0,0.0
383.72917898116407,144.0,0.0
383.7361797356085,145.0,0.0
383.73735463577555,144.0,0.0
383.7379305514003,143.0,0.0
383.74558413266686,144.0,0.0
383.7554594348525,143.0,0.0
383.7568238386747,144.0,0.0
383.7694788121372,145.0,0.0
383.7816097716166,144.0,0.0
383.7827911525452,145.0,0.0
383.80906743457666,144.0,0.0
383.8112421615766,145.0,0.0
383.8120502780921,146.0,0.0
383.8237579061067,145.0,0.0
383.825481756773,146.0,0.0
383.83445835943786,145.0,0.0
383.8348868925385,144.0,0.0
383.8356106595901,143.0,0.0
383.84212402370247,142.0,0.0
383.8424151031455,141.0,0.0
383.8464756429956,142.0,0.0
383.8564739642079,143.0,0.0
383.85929375538706,144.0,0.0
383.8598416467629,145.0,0.0
383.8684175859697,146.0,0.0
383.87136058894095,145.0,0.0
383.8782152934341,144.0,0.0
383.87906493369167,145.0,0.0
383.882117971862,146.0,0.0
383.88690176784104,147.0,0.0
383.89488832694025,146.0,0.0
383.8961860033138,145.0,0.0
383.9006374892971,144.0,0.0
383.9007426177582,143.0,0.0
383.9031569270313,144.0,0.0
383.92278439403594,145.0,0.0
383.93289750924475,144.0,0.0
383.9385353611045,143.0,0.0
383.9402794511949,142.0,0.0
383.9432156968594,143.0,0.0
383.944006820649,144.0,0.0
383.94600105928424,143.0,0.0
383.9550287468252,142.0,0.0
383.9580829569898,141.0,0.0
383.960760380892,140.0,0.0
383.96124841809404,139.0,0.0
383.97399447602754,140.0,0.0
383.9770913842339,139.0,0.0
383.9773703649259,140.0,0.0
383.9802528044348,139.0,0.0
383.98142073144004,140.0,0.0
383.98278662329307,139.0,0.0
383.9874784328896,140.0,0.0
383.9913373795823,139.0,0.0
383.9924742772845,138.0,0.0
384.00079358787315,139.0,0.0
384.00294594894615,140.0,0.0
384.0058799928224,139.0,0.0
384.0089796260295,138.0,0.0
384.0113861467321,137.0,0.0
384.0168762316542,138.0,0.0
384.01739712253277,139.0,0.0
384.0256056125563,140.0,0.0
384.0267564895995,141.0,0.0
384.0292986125066,140.0,0.0
384.03988240993664,139.0,0.0
384.0441006099443,138.0,0.0
384.0538315717575,137.0,0.0
384.0660057029909,136.0,0.0
384.06913660138645,135.0,0.0
384.07984198800364,136.0,0.0
384.08327932948305,135.0,0.0
384.0835361536638,134.0,0.0
384.0950898422547,133.0,0.0
384.11097080902874,134.0,0.0
384.11298937829605,133.0,0.0
384.12413475732194,132.0,0.0
384.13370024186037,131.0,0.0
384.1353816896327,132.0,0.0
384.1598659832673,131.0,0.0
384.168172589069,130.0,0.0
384.16826403997624,131.0,0.0
384.16944307740914,132.0,0.0
384.1752749680806,131.0,0.0
384.1786469186328,130.0,0.0
384.17901409575256,129.0,0.0
384.2027873714551,128.0,0.0
384.21073735083326,127.0,0.0
384.21153834157485,128.0,0.0
384.2134234773264,127.0,0.0
384.2178220065119,128.0,0.0
384.2226572830731,129.0,0.0
384.23381854637285,130.0,0.0
384.23769711111754,129.0,0.0
384.246944953248,128.0,0.0
384.2520457730923,127.0,0.0
384.2529269075873,128.0,0.0
384.2705096775652,127.0,0.0
384.27083512371576,126.0,0.0
384.2775664739231,125.0,0.0
384.29118419803945,124.0,0.0
384.29605678693133,125.0,0.0
384.30177526714834,124.0,0.0
384.3073138618157,123.0,0.0
384.3154720778733,124.0,0.0
384.31687805709345,125.0,0.0
384.3258436141511,126.0,0.0
384.3311447075769,127.0,0.0
384.33149706048323,128.0,0.0
384.3428158519905,129.0,0.0
384.34507983046575,130.0,0.0
384.3539005258399,129.0,0.0
384.36513277153693,130.0,0.0
384.3702735937995,131.0,0.0
384.3828625133102,132.0,0.0
384.38353768250755,131.0,0.0
384.3875637303905,130.0,0.0
384.39032103836286,129.0,0.0
384.3914789957104,130.0,0.0
384.39341371119053,129.0,0.0
384.42240600703013,130.0,0.0
384.4308139387756,131.0,0.0
384.43959518687507,132.0,0.0
384.444646658963,133.0,0.0
384.4537138189422,134.0,0.0
384.45419460434385,133.0,0.0
384.47837823946276,132.0,0.0
384.4784010047099,131.0,0.0
384.4827916925448,132.0,0.0
384.49367668982217,131.0,0.0
384.4943621839424,132.0,0.0
384.50794233262945,131.0,0.0
384.5138792681907,130.0,0.0
384.51619566477103,129.0,0.0
384.5291545706395,128.0,0.0
384.5299140208258,127.0,0.0
384.53242657597275,126.0,0.0
384.5331803225449,125.0,0.0
384.53427218499473,124.0,0.0
384.53985829602686,125.0,0.0
384.5407955806339,126.0,0.0
384.5492131407171,125.0,0.0
384.55063329899707,124.0,0.0
384.5546638654441,123.0,0.0
384.5562439841444,124.0,0.0
384.5815265882417,125.0,0.0
384.5823906703337,126.0,0.0
384.58371340340705,125.0,0.0
384.58700683742944,124.0,0.0
384.5912766360953,125.0,0.0
384.5985539016439,126.0,0.0
384.5988647997543,125.0,0.0
384.60401440355844,124.0,0.0
384.6078470727586,125.0,0.0
384.6090447490524,126.0,0.0
384.610325800215,127.0,0.0
384.61537188339236,126.0,0.0
384.6189610846266,127.0,0.0
384.6197192573281,128.0,0.0
384.6297970277491,127.0,0.0
384.6301318750983,126.0,0.0
384.63877657415134,125.0,0.0
384.63915557950213,126.0,0.0
384.6397104229202,125.0,0.0
384.642927218805,126.0,0.0
384.6569691684382,127.0,0.0
384.6858789418538,126.0,0.0
384.69126724445,127.0,0.0
384.69516666309954,128.0,0.0
384.70300725094955,127.0,0.0
384.70355785059996,126.0,0.0
384.70592543264695,125.0,0.0
384.707501240523,124.0,0.0
384.7108825482917,125.0,0.0
384.7126559206639,126.0,0.0
384.71727714704065,125.0,0.0
384.7197914622907,124.0,0.0
384.7328490423854,123.0,0.0
384.7336885474454,122.0,0.0
384.73854269669647,121.0,0.0
384.7412641490532,120.0,0.0
384.75455225640565,121.0,0.0
384.7577515855948,120.0,0.0
384.7619151409331,121.0,0.0
384.7653312630003,122.0,0.0
384.78075891752104,121.0,0.0
384.78900308763315,122.0,0.0
384.79023387456755,123.0,0.0
384.79388439971814,124.0,0.0
384.80296085842525,125.0,0.0
384.8147766915535,126.0,0.0
384.8200323385156,125.0,0.0
384.82249834213025,124.0,0.0
384.8245418133218,125.0,0.0
384.83178779510786,124.0,0.0
384.83344747758133,123.0,0.0
384.83612858906406,122.0,0.0
384.8368249289478,123.0,0.0
384.83867840444714,122.0,0.0
384.84536883009224,123.0,0.0
384.8453809655659,122.0,0.0
384.8629545617491,121.0,0.0
384.8637917199421,120.0,0.0
384.8911289628692,119.0,0.0
384.8929972465108,118.0,0.0
384.8934688868879,119.0,0.0
384.9006252904723,120.0,0.0
384.9030504655502,119.0,0.0
384.9090686697001,120.0,0.0
384.9118879721261,121.0,0.0
384.9164446525857,120.0,0.0
384.91852492288706,121.0,0.0
384.92160229393687,120.0,0.0
384.92509769671204,121.0,0.0
384.9295151168289,122.0,0.0
384.9341947144032,123.0,0.0
384.9402369608382,122.0,0.0
384.940769468825,121.0,0.0
384.9508393794334,120.0,0.0
384.9566591201123,119.0,0.0
384.9568168384879,118.0,0.0
384.959613129207,119.0,0.0
384.96071727263427,120.0,0.0
384.9618980568164,121.0,0.0
384.9691067594554,120.0,0.0
384.9704433570701,121.0,0.0
384.97314605414454,122.0,0.0
384.9780034009475,123.0,0.0
384.9805080932475,124.0,0.0
384.9930223980608,125.0,0.0
385.0035131626372,124.0,0.0
385.0047550300507,123.0,0.0
385.00571968518733,124.0,0.0
385.00647122520587,123.0,0.0
385.01571384200156,124.0,0.0
385.0231533868996,123.0,0.0
385.0346540353467,122.0,0.0
385.0367232758491,123.0,0.0
385.04161740884996,122.0,0.0
385.04744274736333,123.0,0.0
385.051290960782,124.0,0.0
385.0577180624139,123.0,0.0
385.06115145839357,124.0,0.0
385.0621392303024,125.0,0.0
385.0684562148776,126.0,0.0
385.0703529836861,127.0,0.0
385.0733269086732,128.0,0.0
385.0784032741762,127.0,0.0
385.08151987770145,126.0,0.0
385.0903331593035,127.0,0.0
385.10811215908666,128.0,0.0
385.1101115602003,127.0,0.0
385.1126143980036,128.0,0.0
385.11713996612343,129.0,0.0
385.1210882957045,130.0,0.0
385.12751729293365,131.0,0.0
385.1369607848221,130.0,0.0
385.1408507625414,131.0,0.0
385.1481497911737,130.0,0.0
385.1506461960659,129.0,0.0
385.15166596587136,128.0,0.0
385.15251357856255,129.0,0.0
385.1565349195504,130.0,0.0
385.1645314422363,129.0,0.0
385.1688338479038,130.0,0.0
385.1688911503418,131.0,0.0
385.16895323464377,130.0,0.0
385.1755877334236,131.0,0.0
385.17580550975117,130.0,0.0
385.18083447394577,129.0,0.0
385.19573396420276,128.0,0.0
385.2029977216769,129.0,0.0
385.2040922971697,130.0,0.0
385.2255441383897,129.0,0.0
385.23371154852555,128.0,0.0
385.2372328240599,127.0,0.0
385.2418675095493,128.0,0.0
385.25000719109016,129.0,0.0
385.2524643214017,128.0,0.0
385.26102380267093,129.0,0.0
385.2615017684857,130.0,0.0
385.2637446751482,129.0,0.0
385.26798417100974,130.0,0.0
385.27944848385266,129.0,0.0
385.2947728828328,130.0,0.0
385.3012194579651,131.0,0.0
385.3040109540969,130.0,0.0
385.3046919886928,129.0,0.0
385.3184966220153,128.0,0.0
385.322263949261,129.0,0.0
385.323213392031,130.0,0.0
385.3450260121391,129.0,0.0
385.35501472016665,128.0,0.0
385.3610277060325,129.0,0.0
385.3617051803001,128.0,0.0
385.3661143401207,127.0,0.0
385.3690542617232,128.0,0.0
385.3719208681719,127.0,0.0
385.37602084843724,128.0,0.0
385.3760840652986,127.0,0.0
385.38227099926036,128.0,0.0
385.3822723645909,127.0,0.0
385.38600542417686,126.0,0.0
385.41031982771904,127.0,0.0
385.41821474247564,128.0,0.0
385.4192539150642,129.0,0.0
385.4358847532415,128.0,0.0
385.4362982835224,129.0,0.0
385.4375661728612,128.0,0.0
385.4380774368363,129.0,0.0
385.44618286994864,128.0,0.0
385.45084059374113,127.0,0.0
385.4533801228392,126.0,0.0
385.4547377512379,125.0,0.0
385.4572053992325,124.0,0.0
385.4588765537473,123.0,0.0
385.46475222218123,122.0,0.0
385.47886542316314,121.0,0.0
385.47981929661967,120.0,0.0
385.4804415268765,121.0,0.0
385.48802059838147,122.0,0.0
385.4919601418551,123.0,0.0
385.49684266961907,124.0,0.0
385.5013676391218,123.0,0.0
385.53388513467274,122.0,0.0
385.53409034400704,123.0,0.0
385.53460701563483,122.0,0.0
385.5422747899319,121.0,0.0
385.54640615140363,122.0,0.0
385.5557290766601,123.0,0.0
385.5604524622632,124.0,0.0
385.56105461081415,123.0,0.0
385.562505544025,124.0,0.0
385.56683088510107,123.0,0.0
385.5806126708101,124.0,0.0
385.58862225091303,123.0,0.0
385.60251718809144,124.0,0.0
385.6100138448191,125.0,0.0
385.61375433683503,124.0,0.0
385.6140687182865,125.0,0.0
385.6141808386896,124.0,0.0
385.62353378630314,123.0,0.0
385.626809960047,124.0,0.0
385.6342108056947,125.0,0.0
385.63626522533025,126.0,0.0
385.64064923572334,127.0,0.0
385.66814567275907,126.0,0.0
385.6714010304802,125.0,0.0
385.68410044950633,124.0,0.0
385.6901049573209,125.0,0.0
385.6923784597944,124.0,0.0
385.7029484005191,125.0,0.0
385.72648082515934,126.0,0.0
385.72830638925933,125.0,0.0
385.731011178665,126.0,0.0
385.73961306529657,125.0,0.0
385.7396633811674,126.0,0.0
385.7440474632872,127.0,0.0
385.7469035175958,126.0,0.0
385.7569556730075,125.0,0.0
385.76110159919335,124.0,0.0
385.77534020574967,123.0,0.0
385.7754094527893,122.0,0.0
385.78231447185453,121.0,0.0
385.7843396242181,120.0,0.0
385.78755822779476,119.0,0.0
385.7901877687749,120.0,0.0
385.7929405834761,121.0,0.0
385.7952421057934,120.0,0.0
385.8024637713639,119.0,0.0
385.8052642875132,120.0,0.0
385.80570045412844,119.0,0.0
385.8064613139516,120.0,0.0
385.8071981315652,121.0,0.0
385.80767266725593,120.0,0.0
385.80846359783266,121.0,0.0
385.82153534592135,122.0,0.0
385.8337199012806,123.0,0.0
385.84135652448185,122.0,0.0
385.8490711648161,121.0,0.0
385.8545886508691,120.0,0.0
385.8617914163408,119.0,0.0
385.86183009272366,118.0,0.0
385.8630052374063,119.0,0.0
385.8642463139458,118.0,0.0
385.86549614683037,117.0,0.0
385.8672434913416,118.0,0.0
385.8692716123439,117.0,0.0
385.87465065821544,116.0,0.0
385.8901194631407,115.0,0.0
385.8901357429525,116.0,0.0
385.8969723529146,115.0,0.0
385.8974202236875,116.0,0.0
385.91092191227756,115.0,0.0
385.91541185799116,114.0,0.0
385.9274295929603,115.0,0.0
385.9274544247179,114.0,0.0
385.932896849505,113.0,0.0
385.9416864659952,114.0,0.0
385.9417024967215,113.0,0.0
385.9555909039427,114.0,0.0
385.95570201169465,113.0,0.0
385.97029306235146,114.0,0.0
385.9718239433611,115.0,0.0
385.987263232494,114.0,0.0
385.9888281816041,113.0,0.0
385.99227817663694,112.0,0.0
385.99712956462724,111.0,0.0
386.00206978528377,112.0,0.0
386.0074364944577,111.0,0.0
386.0139640491441,112.0,0.0
386.01929285495794,111.0,0.0
386.02477189777824,112.0,0.0
386.02624710523173,111.0,0.0
386.03212775237455,110.0,0.0
386.0344452030502,109.0,0.0
386.04012543344464,110.0,0.0
386.0414741249733,111.0,0.0
386.0418257451661,112.0,0.0
386.0468856300933,111.0,0.0
386.0527629964995,112.0,0.0
386.0533706585314,111.0,0.0
386.06551146053897,110.0,0.0
386.0875495113569,111.0,0.0
386.0896628657287,112.0,0.0
386.11052923893817,113.0,0.0
386.1173681665046,112.0,0.0
386.12240880509427,111.0,0.0
386.1272571963708,110.0,0.0
386.1396021653764,111.0,0.0
386.14467049163426,112.0,0.0
386.1683129959795,113.0,0.0
386.1708224350571,112.0,0.0
386.17297227287276,111.0,0.0
386.17773279527927,110.0,0.0
386.17960595745546,109.0,0.0
386.18311758741515,108.0,0.0
386.1849837484515,107.0,0.0
386.1935389043198,106.0,0.0
386.2133632211688,105.0,0.0
386.22319767181347,104.0,0.0
386.2300917979159,103.0,0.0
386.2374204649692,102.0,0.0
386.2420774181971,103.0,0.0
386.25683112542987,104.0,0.0
386.26516259798336,103.0,0.0
386.2687950946119,104.0,0.0
386.27331566661974,103.0,0.0
386.27354229789074,102.0,0.0
386.2852999718641,103.0,0.0
386.2936479687627,102.0,0.0
386.295486434708,101.0,0.0
386.30168778654877,102.0,0.0
386.3059021093836,103.0,0.0
386.31139499030223,104.0,0.0
386.3202868569855,103.0,0.0
386.3245896766845,102.0,0.0
386.3405897244612,101.0,0.0
386.345142435131,100.0,0.0
386.3555928909078,99.0,0.0
386.3666092932789,100.0,0.0
386.37144245609403,99.0,0.0
386.371992299131,98.0,0.0
386.3721365985574,97.0,0.0
386.37269270843854,96.0,0.0
386.3815154469671,97.0,0.0
386.39460690104505,96.0,0.0
386.3982893545607,95.0,0.0
386.40234639784035,94.0,0.0
386.40858743091434,95.0,0.0
386.4125787618582,96.0,0.0
386.42027243882154,97.0,0.0
386.42164604939956,96.0,0.0
386.4326704588883,97.0,0.0
386.4551229860691,96.0,0.0
386.4670415183983,97.0,0.0
386.4699701200593,98.0,0.0
386.4711550457403,99.0,0.0
386.48322099491804,98.0,0.0
386.4852588213634,97.0,0.0
386.4926522355074,96.0,0.0
386.5004413766908,97.0,0.0
386.5097059263709,96.0,0.0
386.51099797338105,95.0,0.0
386.51588702589567,94.0,0.0
386.5168945893304,93.0,0.0
386.5233274196869,94.0,0.0
386.5245100275565,93.0,0.0
386.5377901309847,92.0,0.0
386.5431544632934,91.0,0.0
386.5536460823612,90.0,0.0
386.56172054696833,89.0,0.0
386.5758470325527,88.0,0.0
386.59346083090367,87.0,0.0
386.5953378147296,86.0,0.0
386.6008453368092,87.0,0.0
386.6046930602816,86.0,0.0
386.61315503695096,85.0,0.0
386.6188274526236,84.0,0.0
386.6216708368485,83.0,0.0
386.63609553137917,82.0,0.0
386.64593100624427,81.0,0.0
386.6538781485161,82.0,0.0
386.66101164168236,81.0,0.0
386.66286054841265,80.0,0.0
386.6642655675305,81.0,0.0
386.6710737178394,80.0,0.0
386.67444252602166,81.0,0.0
386.6759386255269,80.0,0.0
386.67596667472213,81.0,0.0
386.6821344300643,80.0,0.0
386.6889986315132,79.0,0.0
386.68901528952426,80.0,0.0
386.68910379538346,79.0,0.0
386.6918099289464,78.0,0.0
386.6946819635136,77.0,0.0
386.70219196930236,78.0,0.0
386.71074523412955,77.0,0.0
386.7154635658933,76.0,0.0
386.71864665380497,75.0,0.0
386.7269112796406,74.0,0.0
386.731044746178,73.0,0.0
386.7865099958843,72.0,0.0
386.7950687969195,71.0,0.0
386.8017553146786,70.0,0.0
386.8119307054466,69.0,0.0
386.8170768907316,70.0,0.0
386.82148063882,69.0,0.0
386.8251990490309,68.0,0.0
386.83022896783586,67.0,0.0
386.8398882963335,66.0,0.0
386.8451359915409,65.0,0.0
386.8452070662061,64.0,0.0
386.850689199045,63.0,0.0
386.85738889445923,64.0,0.0
386.85832876947995,63.0,0.0
386.88119856363954,62.0,0.0
386.88330573073944,61.0,0.0
386.8834757348018,62.0,0.0
386.90644985697577,61.0,0.0
386.9081252733058,60.0,0.0
386.91548322226765,59.0,0.0
386.92526771588797,58.0,0.0
386.94049961403863,57.0,0.0
386.9573554218211,58.0,0.0
386.98032097549236,57.0,0.0
386.984407875881,56.0,0.0
386.9902194353245,55.0,0.0
386.99454361545105,56.0,0.0
387.01232184056244,57.0,0.0
387.0227445786016,56.0,0.0
387.02787545138307,55.0,0.0
387.0394012729608,56.0,0.0
387.04548382676467,55.0,0.0
387.0492122189864,54.0,0.0
387.04984303951903,55.0,0.0
387.05294616082705,54.0,0.0
387.05909910804905,53.0,0.0
387.0727753635584,54.0,0.0
387.07534190523546,53.0,0.0
387.0758887196524,54.0,0.0
387.07671875767375,55.0,0.0
387.0781334260269,54.0,0.0
387.0790418883268,53.0,0.0
387.0850324626819,52.0,0.0
387.11160786241373,51.0,0.0
387.1216070673916,50.0,0.0
387.1301160076579,49.0,0.0
387.1432620082189,48.0,0.0
387.14714882911574,47.0,0.0
387.1575232094301,48.0,0.0
387.168359390436,49.0,0.0
387.17423423586513,48.0,0.0
387.1764932981695,47.0,0.0
387.19632474678986,46.0,0.0
387.20724944927963,45.0,0.0
387.21644612930623,44.0,0.0
387.22294620848714,43.0,0.0
387.2279005728183,44.0,0.0
387.27288775901445,43.0,0.0
387.2805414934461,42.0,0.0
387.28219081014987,41.0,0.0
387.2948452422619,40.0,0.0
387.2982102810972,39.0,0.0
387.3181912969948,40.0,0.0
387.3252622152321,41.0,0.0
387.3284211562742,40.0,0.0
387.3321156395905,39.0,0.0
387.344167923616,38.0,0.0
387.3613401995054,39.0,0.0
387.3627358205739,38.0,0.0
387.36296446756376,39.0,0.0
387.37028972718656,38.0,0.0
387.39278502777563,37.0,0.0
387.39717270801236,36.0,0.0
387.4083141054864,37.0,0.0
387.41078456647216,38.0,0.0
387.41870757889546,37.0,0.0
387.421748604512,36.0,0.0
387.42801393975225,35.0,0.0
387.4315410945663,34.0,0.0
387.4353371263017,33.0,0.0
387.4362396497652,34.0,0.0
387.43838403885303,33.0,0.0
387.44518605646095,34.0,0.0
387.46356652099234,33.0,0.0
387.4910911975187,32.0,0.0
387.50420994128996,33.0,0.0
387.5121662726874,32.0,0.0
387.51327292773226,33.0,0.0
387.51358421859584,32.0,0.0
387.54331188067073,31.0,0.0
387.55943964196734,30.0,0.0
387.5789442952278,29.0,0.0
387.5829668624409,28.0,0.0
387.6032356241698,27.0,0.0
387.60477228014764,26.0,0.0
387.60675972234554,25.0,0.0
387.60729886933035,24.0,0.0
387.6175919703231,23.0,0.0
387.63207031636244,22.0,0.0
387.6335019657733,21.0,0.0
387.6419486496393,22.0,0.0
387.6544686264541,21.0,0.0
387.6654949618841,20.0,0.0
387.67400719982726,19.0,0.0
387.69565974308506,20.0,0.0
387.71053355891576,21.0,0.0
387.72360283951457,22.0,0.0
387.73420389529434,21.0,0.0
387.7393873390303,20.0,0.0
387.757745044791,19.0,0.0
387.76525449314846,18.0,0.0
387.77142468213304,17.0,0.0
387.77439488595104,16.0,0.0
387.790656156783,17.0,0.0
387.8043470877519,16.0,0.0
387.81260540356857,15.0,0.0
387.8289797401955,14.0,0.0
387.83314617150523,13.0,0.0
387.84233053804513,12.0,0.0
387.86160050444175,11.0,0.0
387.86729976556524,10.0,0.0
387.87218788553685,9.0,0.0
387.87279599727583,8.0,0.0
387.89427437700203,7.0,0.0
387.9066715588197,8.0,0.0
387.9068918836422,7.0,0.0
387.90916142335294,6.0,0.0
387.91617894924696,5.0,0.0
387.91803475490707,4.0,0.0
387.92574989314267,3.0,0.0
387.9289033885462,2.0,0.0
387.93206111578604,3.0,0.0
387.9437259031674,2.0,0.0
387.9519597052346,1.0,0.0
387.9676889836075,0.0,0.0
388.0201022214009,1.0,0.0
388.0251017861622,2.0,0.0
388.03217384586105,1.0,0.0
388.04352570623143,2.0,0.0
388.0463426399089,1.0,0.0
388.0532814425119,2.0,0.0
388.0637369473605,3.0,0.0
388.0649000566877,2.0,0.0
388.0739974894556,3.0,0.0
388.07420595381063,4.0,0.0
388.07578632933473,3.0,0.0
388.16241288510156,4.0,0.0
388.1772369160476,3.0,0.0
388.18737648545505,2.0,0.0
388.1941073935555,1.0,0.0
388.20455066811894,0.0,0.0
388.2112383251814,1.0,0.0
388.2150251875878,0.0,0.0
388.29315969764065,1.0,0.0
388.29432477101295,0.0,0.0
388.34750553687275,1.0,0.0
388.37420263212357,0.0,0.0
388.57579575541234,1.0,0.0
388.58346147932906,0.0,0.0
388.6068048292394,1.0,0.0
388.620695367982,0.0,0.0
388.6230600454967,1.0,0.0
388.67193460988256,0.0,0.0
388.70162661821087,1.0,0.0
388.7184031678419,2.0,0.0
388.72214703765377,1.0,0.0
388.72227150738223,0.0,0.0
388.7314897066587,1.0,0.0
388.7487104003646,2.0,0.0
388.77070106233566,1.0,0.0
388.7859285642952,2.0,0.0
388.7871352063795,1.0,0.0
388.790940622678,2.0,0.0
388.7929743438679,1.0,0.0
388.79774478692144,2.0,0.0
388.81861885358467,1.0,0.0
388.83499303055396,0.0,0.0
388.8828045142187,1.0,0.0
388.9372997050263,0.0,0.0
388.9392056224754,1.0,0.0
388.9486200009662,2.0,0.0
388.9503153224103,3.0,0.0
388.9755904619284,4.0,0.0
388.9924895168228,3.0,0.0
389.0020503923916,2.0,0.0
389.0068345801088,3.0,0.0
389.00937771316336,2.0,0.0
389.0113998164805,1.0,0.0
389.01467140219125,2.0,0.0
389.0231200082851,1.0,0.0
389.0241223995506,2.0,0.0
389.02757538992114,3.0,0.0
389.02788011765693,2.0,0.0
389.04693378162114,1.0,0.0
389.1315155587764,2.0,0.0
389.13881614681225,1.0,0.0
389.14010444181827,0.0,0.0
389.19858390373577,1.0,0.0
389.2172179429806,0.0,0.0
389.2536634375026,1.0,0.0
389.27731416890396,2.0,0.0
389.28428800262117,3.0,0.0
389.2888870961145,2.0,0.0
389.2920721061762,1.0,0.0
389.29507576888534,0.0,0.0
389.3407838064399,1.0,0.0
389.3742301531073,0.0,0.0
389.40372210084934,1.0,0.0
389.4214501203462,2.0,0.0
389.4368079534818,1.0,0.0
389.46403848962876,0.0,0.0
389.4854430254847,1.0,0.0
389.48836766295886,0.0,0.0
389.53699816343294,1.0,0.0
389.54210046211745,0.0,0.0
389.5698932617314,1.0,0.0
389.60060840685503,0.0,0.0
389.6106182694393,1.0,0.0
389.62832298294046,0.0,0.0
389.69102771394006,1.0,0.0
389.76876149312426,0.0,0.0
389.9552820864649,1.0,0.0
389.9593877079202,0.0,0.0
389.97934079653066,1.0,0.0
389.996821839257,2.0,0.0
390.0170661466403,3.0,0.0
390.0234814902556,2.0,0.0
390.02704519759766,3.0,0.0
390.04429044798354,4.0,0.0
390.05025938611067,3.0,0.0
390.0757724735359,2.0,0.0
390.0949725265409,1.0,0.0
390.1037612908811,0.0,0.0
390.17048520628487,1.0,0.0
390.17569247934495,0.0,0.0
390.2887869891138,1.0,0.0
390.29799712412375,0.0,0.0
390.31480229368105,1.0,0.0
390.34048560270486,2.0,0.0
390.3444918487747,1.0,0.0
390.34590318655347,2.0,0.0
390.35844411298194,1.0,0.0
390.36781714937035,0.0,0.0
390.4347546825445,1.0,0.0
390.4383431120645,0.0,0.0
390.4815015082001,1.0,0.0
390.4914628063863,2.0,0.0
390.50522550058736,3.0,0.0
390.5059824638353,4.0,0.0
390.5098302604942,3.0,0.0
390.5209013197317,2.0,0.0
390.5365291291264,1.0,0.0
390.5701015601474,2.0,0.0
390.58685464314124,3.0,0.0
390.59337699654566,2.0,0.0
390.604854626792,3.0,0.0
390.6078614910357,4.0,0.0
390.60807997901884,3.0,0.0
390.61255977617856,2.0,0.0
390.61477979983397,1.0,0.0
390.6176521804378,0.0,0.0
390.6588826656054,1.0,0.0
390.66305333156987,0.0,0.0
390.6827471538566,1.0,0.0
390.71944617588883,2.0,0.0
390.73889214054185,1.0,0.0
390.75208546149,2.0,0.0
390.76745333973537,1.0,0.0
390.79715952837574,2.0,0.0
390.8087307095862,3.0,0.0
390.81361349905984,2.0,0.0
390.82128896663517,1.0,0.0
390.82754118841524,0.0,0.0
390.8404748968142,1.0,0.0
390.84821893636047,0.0,0.0
390.85735187143246,1.0,0.0
390.9009955185029,2.0,0.0
390.90135170102957,1.0,0.0
390.91291191831596,0.0,0.0
390.9175798775208,1.0,0.0
390.9186772148923,2.0,0.0
390.9270145222823,1.0,0.0
390.9272021265085,2.0,0.0
390.9348941607653,1.0,0.0
390.9522573927504,0.0,0.0
390.95999323609027,1.0,0.0
390.9625127945071,2.0,0.0
390.9673576843166,1.0,0.0
390.97620927800904,0.0,0.0
390.98941019123237,1.0,0.0
391.0075181533639,2.0,0.0
391.00952039184926,1.0,0.0
391.00990619043324,0.0,0.0
391.159256587065,1.0,0.0
391.1672626553213,2.0,0.0
391.25217202731864,1.0,0.0
391.2583816708194,2.0,0.0
391.29577431189944,3.0,0.0
391.2963765223695,4.0,0.0
391.2977726396845,5.0,0.0
391.29929833572663,6.0,0.0
391.30229045243203,5.0,0.0
391.30534709157297,4.0,0.0
391.3310000115273,5.0,0.0
391.3315719584769,4.0,0.0
391.3322982372796,3.0,0.0
391.3346523804417,2.0,0.0
391.3380413784728,1.0,0.0
391.3408603132656,0.0,0.0
391.3724066716655,1.0,0.0
391.3995333262704,2.0,0.0
391.4137943003951,3.0,0.0
391.4162665588974,2.0,0.0
391.4285629763425,3.0,0.0
391.4392031196412,2.0,0.0
391.44799389991044,1.0,0.0
391.4743152490687,2.0,0.0
391.47702671993136,3.0,0.0
391.4788977102599,2.0,0.0
391.48357341351834,1.0,0.0
391.489913593645,0.0,0.0
391.50881584843137,1.0,0.0
391.532533120815,0.0,0.0
391.5838378087116,1.0,0.0
391.5849288870166,2.0,0.0
391.593804571761,3.0,0.0
391.6025486779014,2.0,0.0
391.61211860660507,3.0,0.0
391.6192424113577,2.0,0.0
391.6196144939796,1.0,0.0
391.6376318148147,0.0,0.0
391.65910029496786,1.0,0.0
391.6603020137969,0.0,0.0
391.66617439700093,1.0,0.0
391.67760953667,2.0,0.0
391.6807096308506,3.0,0.0
391.7110923352073,2.0,0.0
391.73474764962697,1.0,0.0
391.77300178600814,0.0,0.0
391.8002100840367,1.0,0.0
391.808298925363,2.0,0.0
391.8086761497873,3.0,0.0
391.81681591125727,2.0,0.0
391.8181447261824,3.0,0.0
391.82560737007884,4.0,0.0
391.83535908242345,5.0,0.0
391.84050465432415,4.0,0.0
391.85521496908007,3.0,0.0
391.862495966082,4.0,0.0
391.8626911322104,5.0,0.0
391.86990657100006,4.0,0.0
391.884705121467,3.0,0.0
391.89858355214017,2.0,0.0
391.9089423134042,3.0,0.0
391.9099412727577,4.0,0.0
391.9210596427353,5.0,0.0
391.9235052564395,4.0,0.0
391.93494857640695,5.0,0.0
391.9509484325677,4.0,0.0
391.95191488471426,5.0,0.0
391.9594414848425,4.0,0.0
391.9637274482701,3.0,0.0
391.9664147037789,4.0,0.0
391.99102451526056,3.0,0.0
392.01511893555823,2.0,0.0
392.0318700327829,3.0,0.0
392.07529115835797,2.0,0.0
392.07838672233015,1.0,0.0
392.0937747682053,2.0,0.0
392.10319281577927,1.0,0.0
392.13145544388846,0.0,0.0
392.1446853021949,1.0,0.0
392.15850763080175,2.0,0.0
392.168775521338,3.0,0.0
392.17266519572536,2.0,0.0
392.1925474441987,1.0,0.0
392.1935995172315,0.0,0.0
392.2153031416331,1.0,0.0
392.2175351680371,2.0,0.0
392.2260010317945,1.0,0.0
392.23136893850506,0.0,0.0
392.24972670790606,1.0,0.0
392.2701140284821,2.0,0.0
392.2794350620957,3.0,0.0
392.2794925701451,4.0,0.0
392.2993437850558,5.0,0.0
392.3004007005923,6.0,0.0
392.3021001919923,7.0,0.0
392.33605864339336,6.0,0.0
392.3625363238496,7.0,0.0
392.36985807839505,8.0,0.0
392.3750304766598,7.0,0.0
392.38041832271193,8.0,0.0
392.3820251477169,7.0,0.0
392.39671322934345,8.0,0.0
392.40550830674147,7.0,0.0
392.4073240455288,8.0,0.0
392.4083031532793,7.0,0.0
392.4090669487597,6.0,0.0
392.4137965991558,5.0,0.0
392.4185208523217,4.0,0.0
392.4227059362616,3.0,0.0
392.43188315631744,4.0,0.0
392.4434966530502,3.0,0.0
392.4488505129035,4.0,0.0
392.45375027177096,3.0,0.0
392.45489299657675,4.0,0.0
392.4640836798242,3.0,0.0
392.4790530145086,4.0,0.0
392.4816330976556,3.0,0.0
392.48708360929703,2.0,0.0
392.50013238891614,3.0,0.0
392.50245710707225,4.0,0.0
392.5035155694849,5.0,0.0
392.5223036017239,4.0,0.0
392.5302210348107,3.0,0.0
392.53093623607634,2.0,0.0
392.5476800690127,1.0,0.0
392.5612558850736,0.0,0.0
392.5649245449704,1.0,0.0
392.5679245741426,2.0,0.0
392.57082404449346,3.0,0.0
392.5715934667438,4.0,0.0
392.5742738128413,5.0,0.0
392.598627581606,4.0,0.0
392.59997577086483,3.0,0.0
392.61493854472974,2.0,0.0
392.6154563910399,3.0,0.0
392.616720789257,4.0,0.0
392.6213555706015,3.0,0.0
392.62373136073643,4.0,0.0
392.62405881051524,3.0,0.0
392.6249096433998,4.0,0.0
392.63015761133795,5.0,0.0
392.6343294812668,6.0,0.0
392.64431890563986,7.0,0.0
392.64663045477397,6.0,0.0
392.64805470153993,7.0,0.0
392.65462217153186,8.0,0.0
392.66848818231534,9.0,0.0
392.6744392967954,8.0,0.0
392.67513498999,7.0,0.0
392.6801560466366,8.0,0.0
392.68078214356206,7.0,0.0
392.6903462092341,8.0,0.0
392.695645033359,7.0,0.0
392.70352174878263,6.0,0.0
392.7057942632962,5.0,0.0
392.7193869869595,4.0,0.0
392.7302396093219,5.0,0.0
392.7334637385201,6.0,0.0
392.73736209154004,5.0,0.0
392.74999034461274,6.0,0.0
392.75084083301425,7.0,0.0
392.7566926935344,6.0,0.0
392.757921301094,5.0,0.0
392.76675198179964,6.0,0.0
392.7739214381207,5.0,0.0
392.7803332863242,6.0,0.0
392.7935869688977,5.0,0.0
392.794540279382,4.0,0.0
392.7980001209329,3.0,0.0
392.8009284989426,4.0,0.0
392.81088821591493,3.0,0.0
392.8155026308959,4.0,0.0
392.830371930583,3.0,0.0
392.83782571200965,2.0,0.0
392.84112961281096,3.0,0.0
392.85018927790037,2.0,0.0
392.86831350048703,3.0,0.0
392.8838677349518,2.0,0.0
392.895095108665,3.0,0.0
392.89585832991355,4.0,0.0
392.89686766208536,5.0,0.0
392.9059630374317,6.0,0.0
392.90621328125275,5.0,0.0
392.91496244154405,4.0,0.0
392.9202898868383,5.0,0.0
392.9284283514001,6.0,0.0
392.930678718435,7.0,0.0
392.9341590800163,8.0,0.0
392.9470641069743,7.0,0.0
392.9486722941597,6.0,0.0
392.95867682656944,5.0,0.0
392.96062840545255,4.0,0.0
392.9640798670622,5.0,0.0
392.9684393633567,6.0,0.0
392.9690366626915,7.0,0.0
392.97066920748244,8.0,0.0
392.9773982050334,7.0,0.0
392.98513507250595,8.0,0.0
392.9897587140686,9.0,0.0
392.9907863423015,10.0,0.0
392.99157912491165,9.0,0.0
392.9919345082772,8.0,0.0
392.99403296689377,7.0,0.0
393.00677669343077,8.0,0.0
393.00722874002054,7.0,0.0
393.0200027129477,6.0,0.0
393.02067064988336,7.0,0.0
393.0227118085801,8.0,0.0
393.0253058164737,9.0,0.0
393.03822913009935,10.0,0.0
393.0410717026769,11.0,0.0
393.04689479821786,10.0,0.0
393.04773426566084,9.0,0.0
393.0515419575091,10.0,0.0
393.0649905813092,9.0,0.0
393.06964511309286,10.0,0.0
393.07109745476833,9.0,0.0
393.0715783267182,8.0,0.0
393.0817120370893,9.0,0.0
393.09897715136566,8.0,0.0
393.1078958170646,7.0,0.0
393.1111429862503,8.0,0.0
393.11332660139436,7.0,0.0
393.114264803547,6.0,0.0
393.1169668454128,7.0,0.0
393.1189081002027,8.0,0.0
393.12523710779027,9.0,0.0
393.1260577022325,8.0,0.0
393.12607461959226,9.0,0.0
393.1306966060966,8.0,0.0
393.13557589465125,7.0,0.0
393.1401158484397,8.0,0.0
393.1468649931858,9.0,0.0
393.1493609306385,8.0,0.0
393.1565049947117,9.0,0.0
393.16432195841935,10.0,0.0
393.17068538250305,11.0,0.0
393.18996610302224,12.0,0.0
393.1938921480676,11.0,0.0
393.2102447241145,10.0,0.0
393.21335087875076,9.0,0.0
393.2149431013188,10.0,0.0
393.22257041945534,9.0,0.0
393.22810387345885,8.0,0.0
393.22827462812825,7.0,0.0
393.24726864268865,8.0,0.0
393.2512212979632,7.0,0.0
393.26447203224814,8.0,0.0
393.2694785687085,9.0,0.0
393.26986513976516,10.0,0.0
393.2747447432276,9.0,0.0
393.2866272731027,8.0,0.0
393.28687267812103,9.0,0.0
393.2875416102744,10.0,0.0
393.29228599924784,9.0,0.0
393.2979240316974,8.0,0.0
393.3021673917007,9.0,0.0
393.30741104040806,10.0,0.0
393.3230830267374,9.0,0.0
393.32478229604845,10.0,0.0
393.329020815917,11.0,0.0
393.33551000707206,12.0,0.0
393.34138001187966,13.0,0.0
393.34231469230167,14.0,0.0
393.3443053250324,13.0,0.0
393.35720910655556,12.0,0.0
393.3667171955971,13.0,0.0
393.37235528925515,12.0,0.0
393.37899436770255,11.0,0.0
393.38909518504687,12.0,0.0
393.3971251135245,13.0,0.0
393.40132958462976,14.0,0.0
393.41328773038975,13.0,0.0
393.4239054619458,12.0,0.0
393.4291846461051,11.0,0.0
393.4402140603763,10.0,0.0
393.444597182397,9.0,0.0
393.44897678172623,10.0,0.0
393.4493353176832,9.0,0.0
393.4532208662299,8.0,0.0
393.4534129870472,7.0,0.0
393.45590857570136,8.0,0.0
393.457677618936,7.0,0.0
393.4603101223451,6.0,0.0
393.4684755307263,5.0,0.0
393.4805171075711,6.0,0.0
393.48082853923887,7.0,0.0
393.48546318722947,6.0,0.0
393.4886446602793,5.0,0.0
393.4907592140394,6.0,0.0
393.49257250407845,7.0,0.0
393.4976325917733,8.0,0.0
393.50852669008293,7.0,0.0
393.5315165860233,6.0,0.0
393.533559277238,5.0,0.0
393.53545601461457,6.0,0.0
393.5403032554985,5.0,0.0
393.553760617986,6.0,0.0
393.5604813782954,5.0,0.0
393.56543692939636,6.0,0.0
393.57878209401815,5.0,0.0
393.58274627727013,4.0,0.0
393.5849235065726,5.0,0.0
393.60156031184977,6.0,0.0
393.6034279797769,7.0,0.0
393.6048428151716,8.0,0.0
393.60726333846463,9.0,0.0
393.63073426493173,8.0,0.0
393.64136681863994,9.0,0.0
393.64885185439573,8.0,0.0
393.6529499992682,9.0,0.0
393.65321891601445,8.0,0.0
393.65773912466585,7.0,0.0
393.6589842066412,8.0,0.0
393.6603571915875,9.0,0.0
393.66469795235486,10.0,0.0
393.6704588256623,9.0,0.0
393.70248826633514,10.0,0.0
393.70400224106317,11.0,0.0
393.70738019573184,12.0,0.0
393.73420708218833,13.0,0.0
393.7527636225606,14.0,0.0
393.7566880518842,15.0,0.0
393.7659736546429,16.0,0.0
393.7662786961138,17.0,0.0
393.7698359494477,16.0,0.0
393.7702828685742,15.0,0.0
393.77453916038,14.0,0.0
393.78742911107634,15.0,0.0
393.7886393446717,16.0,0.0
393.79066679810154,17.0,0.0
393.80907943357755,18.0,0.0
393.81199807156264,19.0,0.0
393.82522557005325,20.0,0.0
393.825965615149,21.0,0.0
393.82724044314,20.0,0.0
393.83008515328686,21.0,0.0
393.84412370976395,22.0,0.0
393.8481172968415,23.0,0.0
393.8505269492451,24.0,0.0
393.86129278121575,25.0,0.0
393.86394598242623,26.0,0.0
393.8645343544164,25.0,0.0
393.86775731936865,24.0,0.0
393.86951922059643,23.0,0.0
393.87828263142285,22.0,0.0
393.8791424354403,23.0,0.0
393.8806613177515,24.0,0.0
393.88531234789076,23.0,0.0
393.89980929467714,24.0,0.0
393.9053416854082,23.0,0.0
393.9088429410494,24.0,0.0
393.91266855067084,23.0,0.0
393.9188412035959,24.0,0.0
393.91969573730233,25.0,0.0
393.9223628189082,24.0,0.0
393.94248730590124,23.0,0.0
393.94840596404634,24.0,0.0
393.9547680244875,23.0,0.0
393.9565435073407,24.0,0.0
393.96359760805024,25.0,0.0
393.9792063999539,26.0,0.0
393.99201835469506,27.0,0.0
393.99720553322567,28.0,0.0
393.9995864604563,27.0,0.0
393.9997334475826,26.0,0.0
394.00310532377875,25.0,0.0
394.0194944120884,26.0,0.0
394.03041310355167,27.0,0.0
394.0334381688704,28.0,0.0
394.03778336045514,29.0,0.0
394.04173129934935,28.0,0.0
394.0764019859704,27.0,0.0
394.0778950214189,28.0,0.0
394.0794968599023,27.0,0.0
394.08931734309755,28.0,0.0
394.0927850200446,29.0,0.0
394.0928665702056,28.0,0.0
394.0943393815622,29.0,0.0
394.098916706291,28.0,0.0
394.10377996769654,29.0,0.0
394.1039557184714,30.0,0.0
394.1058200583242,29.0,0.0
394.1113950631235,30.0,0.0
394.11463968846715,29.0,0.0
394.1409115883676,30.0,0.0
394.14344465848563,31.0,0.0
394.14819176417706,32.0,0.0
394.15342985643537,31.0,0.0
394.15653033359763,32.0,0.0
394.15721097829595,33.0,0.0
394.15926007164325,34.0,0.0
394.1706376510176,33.0,0.0
394.17806832018334,34.0,0.0
394.18400471028724,35.0,0.0
394.1933072601802,36.0,0.0
394.1946338560841,37.0,0.0
394.19492693783513,38.0,0.0
394.19586761671684,37.0,0.0
394.2016547879527,38.0,0.0
394.2026750929673,39.0,0.0
394.2062812263765,40.0,0.0
394.21022246366084,39.0,0.0
394.2218145449569,40.0,0.0
394.2271432596623,39.0,0.0
394.2336417975535,40.0,0.0
394.2347758492607,41.0,0.0
394.2417498665743,40.0,0.0
394.25053869988386,41.0,0.0
394.25462410534453,42.0,0.0
394.25508591002585,43.0,0.0
394.25713460195163,42.0,0.0
394.265026993185,43.0,0.0
394.26929921657296,42.0,0.0
394.27053239165286,43.0,0.0
394.2724964817996,44.0,0.0
394.2831952319733,43.0,0.0
394.2849340537831,44.0,0.0
394.2900144595642,43.0,0.0
394.29794165321414,42.0,0.0
394.3063208087446,43.0,0.0
394.3094107341964,42.0,0.0
394.31225124343126,41.0,0.0
394.3131222861207,40.0,0.0
394.31737406192184,39.0,0.0
394.3209956415371,40.0,0.0
394.32176351545945,41.0,0.0
394.32746499379533,42.0,0.0
394.3332885318003,43.0,0.0
394.3406848409608,44.0,0.0
394.34308595669717,43.0,0.0
394.3540839569611,44.0,0.0
394.35766617535666,43.0,0.0
394.3733609401865,44.0,0.0
394.3747426853342,43.0,0.0
394.3749755915542,42.0,0.0
394.3781363432187,43.0,0.0
394.3822342719759,44.0,0.0
394.38524860845325,45.0,0.0
394.42637857896693,44.0,0.0
394.434681939658,45.0,0.0
394.4414490043392,46.0,0.0
394.4480624428541,45.0,0.0
394.4545453410759,44.0,0.0
394.46012335300924,43.0,0.0
394.46093266851636,42.0,0.0
394.46624963356527,41.0,0.0
394.46834559694156,40.0,0.0
394.47143964104583,41.0,0.0
394.4882314987992,42.0,0.0
394.48972770990184,41.0,0.0
394.49117103350164,42.0,0.0
394.4998535914983,43.0,0.0
394.5007626281082,44.0,0.0
394.50094274402625,45.0,0.0
394.5179711569357,46.0,0.0
394.52047584927755,45.0,0.0
394.5244181343547,44.0,0.0
394.52876294233454,45.0,0.0
394.5300138935833,44.0,0.0
394.54015773680425,43.0,0.0
394.55446196847726,44.0,0.0
394.55488336759913,43.0,0.0
394.56086815907565,42.0,0.0
394.5668189575292,43.0,0.0
394.5684606158626,42.0,0.0
394.57003077299197,43.0,0.0
394.59729713666945,42.0,0.0
394.61093078406367,41.0,0.0
394.6356389765991,42.0,0.0
394.63976101283464,43.0,0.0
394.6484550937064,44.0,0.0
394.65035072746616,43.0,0.0
394.65725702615003,42.0,0.0
394.66358420988644,41.0,0.0
394.6641050987657,40.0,0.0
394.66514979881964,39.0,0.0
394.6666465294678,38.0,0.0
394.66666100189553,37.0,0.0
394.6678865985204,38.0,0.0
394.672587653563,39.0,0.0
394.68139870820244,40.0,0.0
394.68552024171737,39.0,0.0
394.68594579209446,40.0,0.0
394.70030921472244,39.0,0.0
394.70569131312163,40.0,0.0
394.7075679438003,39.0,0.0
394.71740022862434,40.0,0.0
394.7188842476954,41.0,0.0
394.72487807972817,42.0,0.0
394.7298622373131,43.0,0.0
394.7323414472949,44.0,0.0
394.7379101204843,45.0,0.0
394.74184964238947,46.0,0.0
394.7427030336739,45.0,0.0
394.74376222298804,46.0,0.0
394.74468941084956,45.0,0.0
394.7569896235424,46.0,0.0
394.7579350116559,47.0,0.0
394.7645819912792,48.0,0.0
394.76506994761536,47.0,0.0
394.76708978159945,48.0,0.0
394.7703112365938,49.0,0.0
394.7750851216915,48.0,0.0
394.77741307594727,49.0,0.0
394.77744959131246,50.0,0.0
394.79029839183465,51.0,0.0
394.80181897493543,52.0,0.0
394.8053611402597,53.0,0.0
394.80801767529186,52.0,0.0
394.810907180241,51.0,0.0
394.81332647636873,52.0,0.0
394.81376710182985,53.0,0.0
394.8203930276208,54.0,0.0
394.82115953929826,53.0,0.0
394.82929857714095,54.0,0.0
394.83623548488123,55.0,0.0
394.84572639223484,54.0,0.0
394.84680224708194,53.0,0.0
394.84975964986364,52.0,0.0
394.85358755094256,53.0,0.0
394.862967200701,54.0,0.0
394.8680760886197,55.0,0.0
394.8747098397795,56.0,0.0
394.8765513326084,57.0,0.0
394.881392657139,56.0,0.0
394.89720674204295,55.0,0.0
394.9018026231461,56.0,0.0
394.9033006350883,55.0,0.0
394.90542635994103,56.0,0.0
394.9072698290167,55.0,0.0
394.9187739860215,54.0,0.0
394.91996664036554,55.0,0.0
394.9264022508096,56.0,0.0
394.93133813717543,57.0,0.0
394.93260836759504,58.0,0.0
394.93382959915004,59.0,0.0
394.93389206749094,60.0,0.0
394.94069095567824,59.0,0.0
394.9409464586376,58.0,0.0
394.94315478980326,59.0,0.0
394.9502559402088,58.0,0.0
394.95489524247085,57.0,0.0
394.95922492947614,58.0,0.0
394.96486192712206,59.0,0.0
394.9689302659588,58.0,0.0
394.97822919375426,57.0,0.0
394.98299517948715,56.0,0.0
394.98985057624617,55.0,0.0
394.99304858346073,56.0,0.0
395.00429832180583,57.0,0.0
395.0063248375697,56.0,0.0
395.0067496027191,55.0,0.0
395.0067982793225,56.0,0.0
395.0099260608105,57.0,0.0
395.0099287177029,56.0,0.0
395.0148727392761,55.0,0.0
395.0171747057171,56.0,0.0
395.03127787847177,57.0,0.0
395.0455488557295,56.0,0.0
395.0474492763215,57.0,0.0
395.07082625200957,56.0,0.0
395.07464108334847,55.0,0.0
395.0826794785414,56.0,0.0
395.0840710495576,55.0,0.0
395.091851839889,56.0,0.0
395.09296904829716,55.0,0.0
395.10250183029495,56.0,0.0
395.1059747330875,55.0,0.0
395.1181789517616,54.0,0.0
395.1210039570767,53.0,0.0
395.12652069736254,54.0,0.0
395.1390911847317,53.0,0.0
395.1439422096094,52.0,0.0
395.1454800009162,51.0,0.0
395.1527663325624,50.0,0.0
395.1613104442414,51.0,0.0
395.1682781826743,50.0,0.0
395.1833745898045,49.0,0.0
395.1896138964586,48.0,0.0
395.20020021979445,49.0,0.0
395.20150816360956,50.0,0.0
395.21424282536117,49.0,0.0
395.2175454675906,50.0,0.0
395.2202108876486,51.0,0.0
395.23351945961286,52.0,0.0
395.2394477329573,53.0,0.0
395.2436395826988,54.0,0.0
395.2490673517772,55.0,0.0
395.2503675592741,56.0,0.0
395.25040578169956,55.0,0.0
395.25249832185887,56.0,0.0
395.2545123963922,57.0,0.0
395.2652282902256,58.0,0.0
395.268289783129,57.0,0.0
395.270080920987,58.0,0.0
395.27122014823146,57.0,0.0
395.27476052903774,58.0,0.0
395.27629667773084,59.0,0.0
395.27760825963816,58.0,0.0
395.27939056655293,57.0,0.0
395.283035564945,58.0,0.0
395.28673517860335,57.0,0.0
395.28703059773824,56.0,0.0
395.2880350795502,55.0,0.0
395.2932063832468,54.0,0.0
395.2963020768837,55.0,0.0
395.29740447388986,54.0,0.0
395.3013480204876,55.0,0.0
395.30443217243067,56.0,0.0
395.30920038916304,55.0,0.0
395.31031916390805,56.0,0.0
395.31106500081955,57.0,0.0
395.3188542841424,58.0,0.0
395.3209080638526,59.0,0.0
395.32979148936164,58.0,0.0
395.33175826704746,59.0,0.0
395.33515095768064,58.0,0.0
395.3404267266793,59.0,0.0
395.3635809676112,60.0,0.0
395.3636367928615,61.0,0.0
395.36906913354295,62.0,0.0
395.3745691354008,61.0,0.0
395.3771366119984,62.0,0.0
395.38590482356597,63.0,0.0
395.3974118488852,64.0,0.0
395.4050550872057,63.0,0.0
395.4086910406782,64.0,0.0
395.41123492653537,63.0,0.0
395.4176607670195,64.0,0.0
395.42469571271056,65.0,0.0
395.42678349309955,66.0,0.0
395.42795629364986,67.0,0.0
395.4287168165342,68.0,0.0
395.4333211714659,67.0,0.0
395.4365067714121,68.0,0.0
395.44418101169197,67.0,0.0
395.4455346175522,68.0,0.0
395.4468051403833,69.0,0.0
395.4567836417722,70.0,0.0
395.45876520629554,69.0,0.0
395.45885502077255,68.0,0.0
395.45961671250245,67.0,0.0
395.46032893014336,66.0,0.0
395.46505596867354,65.0,0.0
395.467603806398,64.0,0.0
395.4751907063746,65.0,0.0
395.480224275674,66.0,0.0
395.4864764039068,65.0,0.0
395.48933592920935,64.0,0.0
395.5030094800176,63.0,0.0
395.50394452443544,62.0,0.0
395.50539948824314,63.0,0.0
395.5069212641837,64.0,0.0
395.5171439152048,63.0,0.0
395.51787457896245,62.0,0.0
395.5187891638149,63.0,0.0
395.52717991579306,62.0,0.0
395.5494957084631,61.0,0.0
395.5521048118555,60.0,0.0
395.55899498226694,61.0,0.0
395.5669603551295,60.0,0.0
395.5681050674951,61.0,0.0
395.57118805393935,62.0,0.0
395.5721430420734,61.0,0.0
395.57713830346347,62.0,0.0
395.5851120931921,63.0,0.0
395.593738444147,62.0,0.0
395.61564080367907,63.0,0.0
395.6262771657407,62.0,0.0
395.62648762601816,61.0,0.0
395.6304872017881,62.0,0.0
395.6319590075802,61.0,0.0
395.634955893964,62.0,0.0
395.63837291084195,61.0,0.0
395.6463757254446,62.0,0.0
395.64836172761653,61.0,0.0
395.6577035181114,62.0,0.0
395.6615917581662,63.0,0.0
395.6637874348537,62.0,0.0
395.66832588996994,61.0,0.0
395.6692569964669,62.0,0.0
395.67572077833756,63.0,0.0
395.69014891645827,62.0,0.0
395.6916942594021,63.0,0.0
395.69859225779936,62.0,0.0
395.70515411949646,61.0,0.0
395.71149702024445,62.0,0.0
395.71596666624106,63.0,0.0
395.71753036049074,64.0,0.0
395.7179829539072,63.0,0.0
395.7238417100519,62.0,0.0
395.7240276986198,63.0,0.0
395.7266232915231,64.0,0.0
395.7340324040901,65.0,0.0
395.7354415865614,66.0,0.0
395.7357632448563,67.0,0.0
395.7359912691382,66.0,0.0
395.73783557861697,67.0,0.0
395.7398936909279,66.0,0.0
395.7435580827544,67.0,0.0
395.74620080156427,66.0,0.0
395.74833828756266,67.0,0.0
395.75017593145617,68.0,0.0
395.75055909533603,69.0,0.0
395.7544268800414,68.0,0.0
395.7546121023126,67.0,0.0
395.7579865320949,66.0,0.0
395.7622937644546,65.0,0.0
395.76481976905035,66.0,0.0
395.77384936969906,67.0,0.0
395.7857092044679,66.0,0.0
395.7933561582722,67.0,0.0
395.79346941245666,66.0,0.0
395.79427847170666,67.0,0.0
395.8096500723576,66.0,0.0
395.81553170981044,67.0,0.0
395.82164964841115,66.0,0.0
395.8225676662905,65.0,0.0
395.8293200018021,64.0,0.0
395.83159958374483,63.0,0.0
395.8331499767429,64.0,0.0
395.8380757442061,63.0,0.0
395.8395053817436,64.0,0.0
395.84062779521054,65.0,0.0
395.8477219935133,64.0,0.0
395.8501366113041,63.0,0.0
395.8513538902667,62.0,0.0
395.85518473116724,61.0,0.0
395.8605162095106,60.0,0.0
395.86201232669697,59.0,0.0
395.8685648441262,60.0,0.0
395.87350697653267,61.0,0.0
395.8770074273467,60.0,0.0
395.87705402628717,61.0,0.0
395.87840867491894,62.0,0.0
395.88711416020817,61.0,0.0
395.8912874229912,62.0,0.0
395.90601717380963,61.0,0.0
395.9068258816208,62.0,0.0
395.9122101845309,61.0,0.0
395.9130661403903,62.0,0.0
395.9166665785403,61.0,0.0
395.9255456171506,62.0,0.0
395.93459680170076,61.0,0.0
395.9381115562708,62.0,0.0
395.94051518276774,63.0,0.0
395.9443002939472,64.0,0.0
395.94468801457475,63.0,0.0
395.94925619784215,62.0,0.0
395.9535354557967,63.0,0.0
395.9558847297577,64.0,0.0
395.9565081032951,65.0,0.0
395.9666305038862,66.0,0.0
395.96931371040523,65.0,0.0
395.97297204978133,64.0,0.0
395.97599424393525,65.0,0.0
395.9790157065143,66.0,0.0
395.98124556947306,67.0,0.0
395.98239482084915,66.0,0.0
395.9835811562077,65.0,0.0
395.98372058576683,66.0,0.0
395.9849252748449,65.0,0.0
395.98550916603136,66.0,0.0
395.9857991121536,65.0,0.0
395.98939001213967,64.0,0.0
395.9972994507485,63.0,0.0
396.00024029056124,62.0,0.0
396.01293052186134,61.0,0.0
396.02335641636637,60.0,0.0
396.0263882022881,61.0,0.0
396.02659770742275,60.0,0.0
396.0315908943946,61.0,0.0
396.0336459681614,62.0,0.0
396.03567586405734,61.0,0.0
396.0360953894472,62.0,0.0
396.04638514338586,61.0,0.0
396.04830206808805,62.0,0.0
396.04998534426545,61.0,0.0
396.0509372665349,62.0,0.0
396.0621247328914,61.0,0.0
396.06713240763094,62.0,0.0
396.07115570620766,63.0,0.0
396.0767270160813,62.0,0.0
396.07713510773294,63.0,0.0
396.08940195768804,64.0,0.0
396.09589345826396,65.0,0.0
396.1001161829651,66.0,0.0
396.1068364450293,67.0,0.0
396.10858174267094,68.0,0.0
396.1090118136279,69.0,0.0
396.11000818068715,70.0,0.0
396.1136260195394,71.0,0.0
396.11665481404907,70.0,0.0
396.1200851996081,71.0,0.0
396.13233606849934,72.0,0.0
396.1379870850653,73.0,0.0
396.1400386398571,72.0,0.0
396.16655756798093,73.0,0.0
396.16779674934,74.0,0.0
396.1682849339054,75.0,0.0
396.1734278168959,76.0,0.0
396.1952318324412,77.0,0.0
396.2076985679784,76.0,0.0
396.2078986777015,77.0,0.0
396.210631003892,78.0,0.0
396.2134913915734,77.0,0.0
396.2152323008639,78.0,0.0
396.2175906224027,77.0,0.0
396.2193627705395,76.0,0.0
396.2193848849369,77.0,0.0
396.22045045693795,78.0,0.0
396.2319135532955,79.0,0.0
396.23507177640005,80.0,0.0
396.235768818505,79.0,0.0
396.2408416357266,78.0,0.0
396.2437246280211,77.0,0.0
396.25054014817516,78.0,0.0
396.25861359102134,77.0,0.0
396.25961631388293,78.0,0.0
396.2683906324121,79.0,0.0
396.27018219994244,80.0,0.0
396.28037683603407,81.0,0.0
396.2814855877005,82.0,0.0
396.282386575413,83.0,0.0
396.284470566802,82.0,0.0
396.28614478022513,83.0,0.0
396.29471702466964,84.0,0.0
396.29986779138915,85.0,0.0
396.30763336886184,86.0,0.0
396.3118197057119,85.0,0.0
396.3158633506427,86.0,0.0
396.31617188405903,87.0,0.0
396.3221419443698,86.0,0.0
396.32484976571646,87.0,0.0
396.32585801121405,88.0,0.0
396.3262551014154,89.0,0.0
396.3274741572977,88.0,0.0
396.3315548888348,87.0,0.0
396.3330255664611,88.0,0.0
396.33460284411706,87.0,0.0
396.3410854393824,88.0,0.0
396.34153125194604,87.0,0.0
396.3417116175478,86.0,0.0
396.345067720958,85.0,0.0
396.34554005776636,86.0,0.0
396.3458208099415,85.0,0.0
396.34703182007365,86.0,0.0
396.35076483743853,87.0,0.0
396.3572218045518,88.0,0.0
396.3601513550662,89.0,0.0
396.3685169401811,88.0,0.0
396.37214792804815,87.0,0.0
396.375388655232,86.0,0.0
396.3849524692322,85.0,0.0
396.39474872430407,84.0,0.0
396.4023527155841,83.0,0.0
396.4040630118777,84.0,0.0
396.4041807659583,85.0,0.0
396.4059341499751,86.0,0.0
396.409232975229,87.0,0.0
396.4268767669674,88.0,0.0
396.43455953294534,89.0,0.0
396.4352517705258,88.0,0.0
396.44272072576325,87.0,0.0
396.4552672424982,86.0,0.0
396.4607813658994,85.0,0.0
396.4630820809462,84.0,0.0
396.4677037547513,83.0,0.0
396.4694373225788,84.0,0.0
396.4722326790732,85.0,0.0
396.4723951505644,86.0,0.0
396.48426154740235,85.0,0.0
396.4879417673764,84.0,0.0
396.49212070792277,85.0,0.0
396.50114720211405,86.0,0.0
396.5019244511533,85.0,0.0
396.50826204003687,86.0,0.0
396.50980636361965,87.0,0.0
396.51154798875257,86.0,0.0
396.5194385233674,85.0,0.0
396.5270245212485,86.0,0.0
396.52902998801295,87.0,0.0
396.52984077645823,88.0,0.0
396.53699405315336,89.0,0.0
396.5374513987799,88.0,0.0
396.54143929787836,89.0,0.0
396.55482711338044,90.0,0.0
396.5599887587148,89.0,0.0
396.5654994513225,90.0,0.0
396.57656499487297,91.0,0.0
396.5766462448712,92.0,0.0
396.58682247742234,91.0,0.0
396.59074677672993,90.0,0.0
396.60143437315435,89.0,0.0
396.60533568372097,90.0,0.0
396.6057458690186,89.0,0.0
396.60868482526354,90.0,0.0
396.6131593140339,91.0,0.0
396.62713565537786,92.0,0.0
396.63222596829695,93.0,0.0
396.6411341624959,94.0,0.0
396.64569526392967,93.0,0.0
396.6580034031737,94.0,0.0
396.6623885168219,95.0,0.0
396.6692048748976,94.0,0.0
396.67237232638314,95.0,0.0
396.67808882713274,96.0,0.0
396.67869517841336,97.0,0.0
396.6799490380164,96.0,0.0
396.6820660902151,97.0,0.0
396.68710404335303,98.0,0.0
396.695837311896,99.0,0.0
396.69657556053465,98.0,0.0
396.69715725563526,99.0,0.0
396.69777574150817,98.0,0.0
396.71106330606335,99.0,0.0
396.71317484291023,98.0,0.0
396.71972712721606,99.0,0.0
396.72347589886164,98.0,0.0
396.7276382268439,99.0,0.0
396.73256225611857,100.0,0.0
396.73655681651314,101.0,0.0
396.7388011648088,102.0,0.0
396.7425088357287,103.0,0.0
396.7427120303995,102.0,0.0
396.74380450238186,101.0,0.0
396.74693949237155,102.0,0.0
396.7471655031711,101.0,0.0
396.7485932964716,100.0,0.0
396.7515372625462,99.0,0.0
396.756210696846,100.0,0.0
396.7720517805984,99.0,0.0
396.77477787650855,98.0,0.0
396.779651545438,99.0,0.0
396.7806216228319,100.0,0.0
396.7891939322255,101.0,0.0
396.7938316575704,102.0,0.0
396.8003996400648,103.0,0.0
396.80405613124645,102.0,0.0
396.8063521493847,101.0,0.0
396.81804947858,102.0,0.0
396.8180737974801,101.0,0.0
396.8257538860889,100.0,0.0
396.82741978939464,99.0,0.0
396.83450288411524,100.0,0.0
396.85416065064993,99.0,0.0
396.860120950548,98.0,0.0
396.88066147823906,99.0,0.0
396.8813300863605,100.0,0.0
396.88228639896107,99.0,0.0
396.8876565068835,98.0,0.0
396.8894629319275,99.0,0.0
396.89344357592415,100.0,0.0
396.8986121590261,99.0,0.0
396.9091595468223,98.0,0.0
396.9106799983307,99.0,0.0
396.91635999265014,100.0,0.0
396.921374281225,99.0,0.0
396.9232096570691,98.0,0.0
396.92674981890684,97.0,0.0
396.93079039898316,98.0,0.0
396.93442187939166,99.0,0.0
396.93529659345256,98.0,0.0
396.94137875542674,99.0,0.0
396.943283832912,100.0,0.0
396.9599966559718,101.0,0.0
396.96087306728094,102.0,0.0
396.963427664808,101.0,0.0
396.9637156800901,100.0,0.0
396.96425720706077,101.0,0.0
396.96647250922615,100.0,0.0
396.97518663479707,101.0,0.0
396.97528187869636,102.0,0.0
396.9766724484176,101.0,0.0
396.9814581074212,102.0,0.0
396.9816183246139,103.0,0.0
396.98453186604394,104.0,0.0
396.98494839470465,103.0,0.0
396.9849596496107,102.0,0.0
396.98739876272975,103.0,0.0
396.98942966925546,102.0,0.0
396.99162334323535,101.0,0.0
396.9927473345922,102.0,0.0
396.99337010497516,101.0,0.0
396.9946538321222,102.0,0.0
397.01364906376864,103.0,0.0
397.0234694801927,104.0,0.0
397.0430729315364,105.0,0.0
397.04358348845483,104.0,0.0
397.0518364197386,105.0,0.0
397.065754192075,104.0,0.0
397.0692275523143,105.0,0.0
397.070395943741,104.0,0.0
397.07372298494835,105.0,0.0
397.0749883488685,104.0,0.0
397.0752210441033,105.0,0.0
397.07594523802965,106.0,0.0
397.0802416431688,107.0,0.0
397.08743387905116,106.0,0.0
397.09235108881495,107.0,0.0
397.0982139134981,108.0,0.0
397.10171535337594,109.0,0.0
397.10351034842523,108.0,0.0
397.1098441074738,107.0,0.0
397.12059293199974,108.0,0.0
397.1268074439204,109.0,0.0
397.12949563027314,110.0,0.0
397.1313042513389,111.0,0.0
397.1321585892276,110.0,0.0
397.13748660300826,109.0,0.0
397.1404538158495,110.0,0.0
397.14556206556256,111.0,0.0
397.14841258156684,112.0,0.0
397.15060924685025,113.0,0.0
397.15068641988717,112.0,0.0
397.1598566054966,111.0,0.0
397.1629250499368,110.0,0.0
397.17835614689443,109.0,0.0
397.18424245680444,108.0,0.0
397.1846510546408,109.0,0.0
397.1859035049812,110.0,0.0
397.19127116644063,111.0,0.0
397.1945954047852,110.0,0.0
397.20106764271077,109.0,0.0
397.204950681157,110.0,0.0
397.2089321752268,111.0,0.0
397.21155157280003,110.0,0.0
397.215092650667,111.0,0.0
397.2209655196914,112.0,0.0
397.2238576815838,113.0,0.0
397.22463219639184,112.0,0.0
397.2348245337146,113.0,0.0
397.2424845052009,112.0,0.0
397.2426892220135,111.0,0.0
397.24472669471015,112.0,0.0
397.2481942906376,111.0,0.0
397.2552114161847,112.0,0.0
397.2603774726138,113.0,0.0
397.2608336915134,114.0,0.0
397.278403579959,113.0,0.0
397.2807488349995,112.0,0.0
397.29178545591407,111.0,0.0
397.29415259667695,110.0,0.0
397.298311807832,109.0,0.0
397.3007415058559,108.0,0.0
397.30800608645933,109.0,0.0
397.3116409445831,110.0,0.0
397.3131773541279,111.0,0.0
397.32215062602677,112.0,0.0
397.3361758555281,111.0,0.0
397.3395819719264,110.0,0.0
397.3523954226694,109.0,0.0
397.370136526134,108.0,0.0
397.37299234665613,109.0,0.0
397.3755069761613,110.0,0.0
397.37625828411115,109.0,0.0
397.37669002459614,108.0,0.0
397.3828036712347,109.0,0.0
397.39270780822767,110.0,0.0
397.39426043572274,111.0,0.0
397.4034217428384,110.0,0.0
397.4077382549049,111.0,0.0
397.4077692004338,112.0,0.0
397.41002403461334,113.0,0.0
397.4101902130059,112.0,0.0
397.41210324175154,111.0,0.0
397.41309905856383,110.0,0.0
397.4186999460862,109.0,0.0
397.4248201980016,110.0,0.0
397.42814476722407,111.0,0.0
397.4310337185434,112.0,0.0
397.4327943909609,111.0,0.0
397.43412456676134,112.0,0.0
397.43657316303114,113.0,0.0
397.43718178972466,112.0,0.0
397.4391035275709,113.0,0.0
397.4430473318955,114.0,0.0
397.44448150511846,115.0,0.0
397.4458480221937,114.0,0.0
397.4562203296912,115.0,0.0
397.4631033205204,116.0,0.0
397.4677356405936,117.0,0.0
397.4726482023472,118.0,0.0
397.481802013445,117.0,0.0
397.4933257323144,118.0,0.0
397.50333466933967,117.0,0.0
397.507899015459,118.0,0.0
397.5096406064154,117.0,0.0
397.51254003780883,118.0,0.0
397.51507311165716,117.0,0.0
397.51769693451126,118.0,0.0
397.5179804331272,119.0,0.0
397.5188995716764,120.0,0.0
397.52204666870983,121.0,0.0
397.524918208929,122.0,0.0
397.5253133121986,121.0,0.0
397.53219825232765,122.0,0.0
397.54167612993314,123.0,0.0
397.54301346563835,122.0,0.0
397.5524083498057,123.0,0.0
397.5678822092074,124.0,0.0
397.5733831541142,123.0,0.0
397.5753436020193,122.0,0.0
397.5757248227103,123.0,0.0
397.5771199566406,122.0,0.0
397.57720666157604,121.0,0.0
397.57924936973416,122.0,0.0
397.5842955122118,121.0,0.0
397.5862529327858,120.0,0.0
397.5874305684434,121.0,0.0
397.5900518086413,122.0,0.0
397.5909196722653,123.0,0.0
397.59458600676635,122.0,0.0
397.59516889586087,123.0,0.0
397.6017477387063,124.0,0.0
397.6075579496765,123.0,0.0
397.61304083954815,122.0,0.0
397.6142355848618,121.0,0.0
397.6181333918233,120.0,0.0
397.618428108089,121.0,0.0
397.62526776515364,120.0,0.0
397.6295780486262,121.0,0.0
397.64576974602454,122.0,0.0
397.64604919955326,121.0,0.0
397.6573325984616,122.0,0.0
397.663483567117,123.0,0.0
397.6646365944584,122.0,0.0
397.6656691840688,123.0,0.0
397.6755804614138,124.0,0.0
397.68275096036507,123.0,0.0
397.68906716134626,124.0,0.0
397.6934766013732,125.0,0.0
397.6982446497555,124.0,0.0
397.7040141185996,125.0,0.0
397.7067519093395,126.0,0.0
397.7209877219489,127.0,0.0
397.7277144385241,126.0,0.0
397.7290361739544,127.0,0.0
397.7320867147398,128.0,0.0
397.74104812767075,129.0,0.0
397.7421652420927,130.0,0.0
397.7437406944252,131.0,0.0
397.7469397760126,130.0,0.0
397.7496653396448,129.0,0.0
397.753996583883,128.0,0.0
397.75871857537055,127.0,0.0
397.76071871914854,128.0,0.0
397.7657627789007,129.0,0.0
397.76690985583923,130.0,0.0
397.767012192628,129.0,0.0
397.7829687844041,130.0,0.0
397.7964465889637,131.0,0.0
397.7968733357436,132.0,0.0
397.8055191557779,131.0,0.0
397.80600830306025,132.0,0.0
397.8072814783066,133.0,0.0
397.81133870122005,132.0,0.0
397.8174663108578,131.0,0.0
397.82935612487665,130.0,0.0
397.83257009093484,131.0,0.0
397.8359919615071,130.0,0.0
397.8437653189544,131.0,0.0
397.84471516608187,130.0,0.0
397.84990145247673,131.0,0.0
397.85148346451064,130.0,0.0
397.8581563230017,131.0,0.0
397.87179236086956,132.0,0.0
397.8739208172786,133.0,0.0
397.8763363005654,132.0,0.0
397.88640028585735,131.0,0.0
397.898303189668,132.0,0.0
397.90146097966186,133.0,0.0
397.90323853397786,134.0,0.0
397.90604064325146,133.0,0.0
397.90782411612133,134.0,0.0
397.91112958402607,135.0,0.0
397.91144572920956,134.0,0.0
397.9212371205952,135.0,0.0
397.9221168720995,134.0,0.0
397.9272544479186,133.0,0.0
397.93613305627764,134.0,0.0
397.9388084707266,135.0,0.0
397.9491726736044,134.0,0.0
397.95606749481334,135.0,0.0
397.95788213377836,136.0,0.0
397.9714020644824,137.0,0.0
397.9719057340032,138.0,0.0
397.9808810146727,139.0,0.0
397.98344619242573,140.0,0.0
397.9855530883592,139.0,0.0
397.99759761661966,140.0,0.0
398.000370138132,141.0,0.0
398.00446093795694,142.0,0.0
398.00807554462443,143.0,0.0
398.01531449011776,142.0,0.0
398.0248804523938,141.0,0.0
398.036666402347,140.0,0.0
398.04575072045844,141.0,0.0
398.06792265864215,140.0,0.0
398.0695656628722,141.0,0.0
398.0722167046783,140.0,0.0
398.0837381871923,139.0,0.0
398.08439197899355,138.0,0.0
398.08564304893025,139.0,0.0
398.08654974335764,140.0,0.0
398.09384564824626,139.0,0.0
398.0997412186287,140.0,0.0
398.10177273556906,139.0,0.0
398.10242990092524,138.0,0.0
398.10703009037366,139.0,0.0
398.1124384217298,138.0,0.0
398.12864728186696,137.0,0.0
398.12929022388835,136.0,0.0
398.1302283676203,135.0,0.0
398.1309651577915,134.0,0.0
398.13338330529274,135.0,0.0
398.14321565345574,136.0,0.0
398.14762090280664,137.0,0.0
398.1598203881921,136.0,0.0
398.1689634190939,135.0,0.0
398.1724688067514,136.0,0.0
398.1734677183891,137.0,0.0
398.1804299650228,136.0,0.0
398.18358194106696,135.0,0.0
398.190353172678,134.0,0.0
398.1986145751314,135.0,0.0
398.1989266376593,134.0,0.0
398.20070922509234,135.0,0.0
398.2087730956074,134.0,0.0
398.21298004941264,133.0,0.0
398.2251246196296,134.0,0.0
398.2253751405663,135.0,0.0
398.2363722267423,134.0,0.0
398.2472520959849,135.0,0.0
398.2625851842574,134.0,0.0
398.2640684936459,135.0,0.0
398.2665773579256,134.0,0.0
398.2672557663193,133.0,0.0
398.2778590684467,134.0,0.0
398.28313522626775,135.0,0.0
398.2876422235796,134.0,0.0
398.29458391336567,135.0,0.0
398.3015896731088,134.0,0.0
398.30581201981374,135.0,0.0
398.3094560964916,134.0,0.0
398.3137969219528,133.0,0.0
398.316747909961,132.0,0.0
398.3172922365355,131.0,0.0
398.3182229126225,132.0,0.0
398.3235264918184,133.0,0.0
398.323626566013,132.0,0.0
398.32520126105806,131.0,0.0
398.32672951789135,130.0,0.0
398.32807660854564,129.0,0.0
398.3298516336461,130.0,0.0
398.3416653536216,131.0,0.0
398.3515273851644,132.0,0.0
398.35393017883496,131.0,0.0
398.35589245965133,130.0,0.0
398.3568528107708,129.0,0.0
398.3614220651141,130.0,0.0
398.36201334504744,131.0,0.0
398.36228615414365,132.0,0.0
398.36426504734175,131.0,0.0
398.3671921184086,130.0,0.0
398.3685628154229,131.0,0.0
398.37907742298376,130.0,0.0
398.38239084646943,129.0,0.0
398.39337012423783,128.0,0.0
398.4035642619479,129.0,0.0
398.40972371786876,130.0,0.0
398.4251803062954,129.0,0.0
398.4387121137373,128.0,0.0
398.4410795775741,129.0,0.0
398.44243469002373,128.0,0.0
398.4438173163619,129.0,0.0
398.44847849714125,128.0,0.0
398.46552458604714,129.0,0.0
398.47266966705797,130.0,0.0
398.47346057181016,131.0,0.0
398.4987583637248,130.0,0.0
398.4990523581402,129.0,0.0
398.4993274764962,128.0,0.0
398.4996540557974,129.0,0.0
398.5053085008827,128.0,0.0
398.50772622016893,129.0,0.0
398.5115018967921,128.0,0.0
398.5152188784145,127.0,0.0
398.527411121933,128.0,0.0
398.5340996918467,129.0,0.0
398.54063928443856,130.0,0.0
398.541974144075,129.0,0.0
398.5502486825569,128.0,0.0
398.5503147630819,129.0,0.0
398.5507546266307,128.0,0.0
398.5566362045189,129.0,0.0
398.55908365100953,130.0,0.0
398.5618288995613,129.0,0.0
398.56276886538643,130.0,0.0
398.5631791109641,131.0,0.0
398.56342771797836,130.0,0.0
398.56493730018144,131.0,0.0
398.5673472053271,130.0,0.0
398.57087039172904,129.0,0.0
398.57286479282,128.0,0.0
398.57555406252874,129.0,0.0
398.5777344307201,130.0,0.0
398.5785062011961,131.0,0.0
398.5851465618454,130.0,0.0
398.594896941705,129.0,0.0
398.59700647441235,128.0,0.0
398.5973739298081,129.0,0.0
398.5992407377637,128.0,0.0
398.59963871081186,129.0,0.0
398.60750193602405,128.0,0.0
398.60813644373104,129.0,0.0
398.62083245771646,130.0,0.0
398.6245927382807,131.0,0.0
398.6252608395173,132.0,0.0
398.6290223362185,131.0,0.0
398.6345565830004,130.0,0.0
398.6376930590917,131.0,0.0
398.6410539638256,130.0,0.0
398.64108503671747,131.0,0.0
398.6416373665076,132.0,0.0
398.6466329115864,133.0,0.0
398.6480991573779,134.0,0.0
398.6543867223427,133.0,0.0
398.6545902075138,132.0,0.0
398.65633547180613,133.0,0.0
398.658189139163,132.0,0.0
398.66138639859156,131.0,0.0
398.6619525989286,132.0,0.0
398.6633288430208,133.0,0.0
398.66993921316447,132.0,0.0
398.6805453095869,131.0,0.0
398.6826376340003,130.0,0.0
398.68671526266985,131.0,0.0
398.6882996860857,130.0,0.0
398.7110872896736,131.0,0.0
398.7136198176283,130.0,0.0
398.71362130132553,131.0,0.0
398.7138768574904,130.0,0.0
398.71486559060764,131.0,0.0
398.7210600644723,130.0,0.0
398.7271412045066,131.0,0.0
398.7319807084353,132.0,0.0
398.7422943936564,133.0,0.0
398.76167683497795,134.0,0.0
398.77131805406384,133.0,0.0
398.78860794561257,132.0,0.0
398.79666328306394,131.0,0.0
398.79755053837545,130.0,0.0
398.83412545682404,131.0,0.0
398.8373229711715,132.0,0.0
398.8437606957107,133.0,0.0
398.845043183523,132.0,0.0
398.8459368174835,133.0,0.0
398.8556254668926,134.0,0.0
398.86236754635064,135.0,0.0
398.86296089910053,136.0,0.0
398.8649923719692,135.0,0.0
398.88189902620366,134.0,0.0
398.8832435879843,133.0,0.0
398.8838773031057,134.0,0.0
398.89316507244894,135.0,0.0
398.9058171459653,136.0,0.0
398.9075609301666,137.0,0.0
398.9079659681463,136.0,0.0
398.90845883384844,137.0,0.0
398.91236552500135,136.0,0.0
398.91244437547454,137.0,0.0
398.91447344923836,138.0,0.0
398.91773036977145,137.0,0.0
398.91975973356386,136.0,0.0
398.9203294483114,135.0,0.0
398.9218870125837,136.0,0.0
398.9284216256363,137.0,0.0
398.93425066513475,138.0,0.0
398.94624674724133,137.0,0.0
398.9489123878713,138.0,0.0
398.951133290708,139.0,0.0
398.9530119130291,138.0,0.0
398.95420434177737,139.0,0.0
398.95744115252984,140.0,0.0
398.9581569055724,139.0,0.0
398.958710420595,138.0,0.0
398.9604989387361,139.0,0.0
398.96743748147713,138.0,0.0
398.97064545445164,139.0,0.0
398.97084068966467,140.0,0.0
398.97100555029044,141.0,0.0
398.9797792266697,140.0,0.0
398.98805751876085,141.0,0.0
398.9964378129265,142.0,0.0
399.00516241425487,143.0,0.0
399.00622755043474,142.0,0.0
399.0084284207006,141.0,0.0
399.0134951166329,142.0,0.0
399.01606609623104,141.0,0.0
399.0219820853199,140.0,0.0
399.02234152569275,141.0,0.0
399.0320214977295,140.0,0.0
399.03944594129496,141.0,0.0
399.0442128241356,142.0,0.0
399.0557608069562,141.0,0.0
399.0558480944256,140.0,0.0
399.05751372178213,139.0,0.0
399.05776668456457,138.0,0.0
399.07697568392234,139.0,0.0
399.0850240107216,138.0,0.0
399.0868476476017,137.0,0.0
399.10412553785164,136.0,0.0
399.10997454742545,137.0,0.0
399.11385038765695,136.0,0.0
399.1163146872132,135.0,0.0
399.1178558247739,136.0,0.0
399.12030971102877,137.0,0.0
399.1257240407505,138.0,0.0
399.1264698741078,137.0,0.0
399.12688271638626,138.0,0.0
399.13532618110224,139.0,0.0
399.13744439768,138.0,0.0
399.1378775489987,137.0,0.0
399.1404464716333,136.0,0.0
399.1441235343389,135.0,0.0
399.15289206009015,134.0,0.0
399.1594283603725,133.0,0.0
399.161780243432,132.0,0.0
399.1624714713428,133.0,0.0
399.162547457644,134.0,0.0
399.1653789780659,133.0,0.0
399.1701341212381,134.0,0.0
399.18967665185863,133.0,0.0
399.19111316030575,132.0,0.0
399.196685842417,133.0,0.0
399.20326073572994,132.0,0.0
399.20951873821025,133.0,0.0
399.21656238779576,132.0,0.0
399.2228474675388,131.0,0.0
399.2335385444828,132.0,0.0
399.23838018726593,133.0,0.0
399.2445331635149,132.0,0.0
399.25160446274623,133.0,0.0
399.25565297166565,134.0,0.0
399.27288117293654,135.0,0.0
399.2778465240254,136.0,0.0
399.2868742459353,137.0,0.0
399.28741487376493,136.0,0.0
399.29565904143914,135.0,0.0
399.29651221941896,134.0,0.0
399.3051466008849,135.0,0.0
399.3146114317626,136.0,0.0
399.31716552850645,135.0,0.0
399.32220937703767,136.0,0.0
399.32374166603205,135.0,0.0
399.33743716876813,136.0,0.0
399.34375932496675,135.0,0.0
399.3441627004806,134.0,0.0
399.3465510806341,135.0,0.0
399.34666605401236,134.0,0.0
399.3516433043989,133.0,0.0
399.35379038407945,134.0,0.0
399.3631264895718,133.0,0.0
399.36494978340335,132.0,0.0
399.36808908777573,131.0,0.0
399.3767568688795,132.0,0.0
399.3897055120539,133.0,0.0
399.3915789679038,132.0,0.0
399.3940568829801,131.0,0.0
399.3950325150098,130.0,0.0
399.3982887115761,131.0,0.0
399.4075519229145,130.0,0.0
399.41651941632836,131.0,0.0
399.4210535095897,130.0,0.0
399.4252821685709,131.0,0.0
399.43190478714877,132.0,0.0
399.43487091679634,133.0,0.0
399.4369530813313,134.0,0.0
399.44183437725206,133.0,0.0
399.4465451931354,134.0,0.0
399.452953917147,133.0,0.0
399.45568491566456,134.0,0.0
399.4572493925233,135.0,0.0
399.4653401399739,136.0,0.0
399.46620297245113,135.0,0.0
399.470053645262,136.0,0.0
399.47526836039094,135.0,0.0
399.47711069953266,134.0,0.0
399.481447393175,135.0,0.0
399.48216552561036,134.0,0.0
399.4856354316047,135.0,0.0
399.4882790547426,134.0,0.0
399.4890126001573,133.0,0.0
399.50153230929,134.0,0.0
399.5029951248889,133.0,0.0
399.51075149352675,134.0,0.0
399.51595980416994,135.0,0.0
399.52568100928846,134.0,0.0
399.5345603636284,135.0,0.0
399.5376398548117,134.0,0.0
399.543199885917,135.0,0.0
399.5443000598878,134.0,0.0
399.55433077908594,133.0,0.0
399.5557201478143,132.0,0.0
399.56637228320113,133.0,0.0
399.5665145169792,134.0,0.0
399.5695202422636,133.0,0.0
399.59829492523477,132.0,0.0
399.61473996562313,131.0,0.0
399.6329082854399,130.0,0.0
399.63314416348464,131.0,0.0
399.6565179278594,132.0,0.0
399.6566236592333,133.0,0.0
399.67065743667393,132.0,0.0
399.6727197759675,131.0,0.0
399.67817627342924,130.0,0.0
399.6800326449123,129.0,0.0
399.68604547890436,130.0,0.0
399.686885232231,131.0,0.0
399.6873895749153,132.0,0.0
399.7080169872008,131.0,0.0
399.70899158279525,132.0,0.0
399.7202576639468,133.0,0.0
399.7260073537842,132.0,0.0
399.72775576723205,131.0,0.0
399.73850444868725,132.0,0.0
399.7633426198009,133.0,0.0
399.77775766253626,132.0,0.0
399.7830353063316,131.0,0.0
399.78326672850847,132.0,0.0
399.78471735007275,131.0,0.0
399.7856140656825,132.0,0.0
399.78857229594416,133.0,0.0
399.80105890419503,132.0,0.0
399.8069611836326,133.0,0.0
399.80874950106465,132.0,0.0
399.8111828190755,133.0,0.0
399.8122400694393,132.0,0.0
399.8263299012974,133.0,0.0
399.82882488377913,132.0,0.0
399.83015115221195,133.0,0.0
399.83218175420035,134.0,0.0
399.83334509626707,133.0,0.0
399.83493649643657,134.0,0.0
399.85498393043406,133.0,0.0
399.8586251278237,134.0,0.0
399.87263380014895,133.0,0.0
399.8745593329692,134.0,0.0
399.8774866570988,135.0,0.0
399.87954657311457,136.0,0.0
399.89518632065614,135.0,0.0
399.89582671650857,136.0,0.0
399.90114046534745,137.0,0.0
399.90779908577446,136.0,0.0
399.91372256346176,135.0,0.0
399.91418219716644,134.0,0.0
399.9142097538451,135.0,0.0
399.9163666163932,136.0,0.0
399.9197404174,137.0,0.0
399.9301501879669,136.0,0.0
399.9305532872007,137.0,0.0
399.9354871379126,136.0,0.0
399.93701507628947,137.0,0.0
399.9403916170577,136.0,0.0
399.94089548038454,137.0,0.0
399.9546812055584,138.0,0.0
399.96345991142056,137.0,0.0
399.96932918939797,136.0,0.0
399.97714130318406,135.0,0.0
399.9854870170152,134.0,0.0
399.9976344691628,135.0,0.0
400.03389246605593,136.0,0.0
400.0449034952387,135.0,0.0
400.047861787058,136.0,0.0
400.0500771054548,135.0,0.0
400.06052988559276,134.0,0.0
400.07020682364674,135.0,0.0
400.0812734119259,134.0,0.0
400.0873393788912,133.0,0.0
400.0878429011844,132.0,0.0
400.0899239896696,131.0,0.0
400.09355166164846,132.0,0.0
400.09592940466536,133.0,0.0
400.1188747335533,132.0,0.0
400.1194150154055,131.0,0.0
400.13082986697736,130.0,0.0
400.1409020793252,129.0,0.0
400.1499078905951,128.0,0.0
400.15084373756065,129.0,0.0
400.15412493280166,128.0,0.0
400.1594186278036,127.0,0.0
400.1604159060918,128.0,0.0
400.1604513477774,127.0,0.0
400.1697705152707,126.0,0.0
400.17410393578325,125.0,0.0
400.1772571534842,126.0,0.0
400.179914323916,125.0,0.0
400.18777681958875,126.0,0.0
400.1884855174245,125.0,0.0
400.1915264958783,126.0,0.0
400.20206166739223,125.0,0.0
400.20452793039993,126.0,0.0
400.2170935136293,127.0,0.0
400.21976552648215,126.0,0.0
400.22796330332955,125.0,0.0
400.23501801039487,124.0,0.0
400.23796766888717,123.0,0.0
400.24285965417965,122.0,0.0
400.28016922296007,121.0,0.0
400.2922852142868,120.0,0.0
400.29723883430637,121.0,0.0
400.29919987261167,122.0,0.0
400.29934606157747,121.0,0.0
400.3028775743906,122.0,0.0
400.3053878931561,123.0,0.0
400.3200783995351,122.0,0.0
400.33281021483793,121.0,0.0
400.33494047761764,122.0,0.0
400.3351177544251,123.0,0.0
400.34788228802176,122.0,0.0
400.3498198090308,123.0,0.0
400.36650500717514,122.0,0.0
400.3700351075889,123.0,0.0
400.38318463438287,124.0,0.0
400.39901321838585,125.0,0.0
400.39915688451157,124.0,0.0
400.3993554650928,125.0,0.0
400.40582710989173,124.0,0.0
400.4072739209475,123.0,0.0
400.41065229268423,124.0,0.0
400.4239407555188,123.0,0.0
400.42660796671663,124.0,0.0
400.43277657874495,123.0,0.0
400.4421455282846,122.0,0.0
400.44600648315327,123.0,0.0
400.45716382234014,122.0,0.0
400.4574813180267,123.0,0.0
400.4626212157442,122.0,0.0
400.4640433267171,121.0,0.0
400.4646314189903,120.0,0.0
400.4680745897746,119.0,0.0
400.4709085044287,118.0,0.0
400.4723811732962,117.0,0.0
400.4769606753912,118.0,0.0
400.4770492433941,117.0,0.0
400.47925572686773,116.0,0.0
400.49238174674787,115.0,0.0
400.49983041006493,116.0,0.0
400.50746215216503,115.0,0.0
400.50988039421236,114.0,0.0
400.51675983607737,113.0,0.0
400.51720327766634,114.0,0.0
400.5226516518485,113.0,0.0
400.5423779410616,112.0,0.0
400.5471765928376,111.0,0.0
400.5482148627804,110.0,0.0
400.5494960823757,109.0,0.0
400.55111021044985,108.0,0.0
400.55338693968,107.0,0.0
400.5557800083328,108.0,0.0
400.5810144450551,107.0,0.0
400.58733455986595,106.0,0.0
400.5971204242797,105.0,0.0
400.5985232003213,104.0,0.0
400.60346450842025,103.0,0.0
400.6066154325164,102.0,0.0
400.6133662922332,101.0,0.0
400.61773942422394,100.0,0.0
400.63308308164756,101.0,0.0
400.6459608690253,102.0,0.0
400.6614762096066,103.0,0.0
400.6669716549913,102.0,0.0
400.671565941073,103.0,0.0
400.68321099458893,102.0,0.0
400.6984625655839,103.0,0.0
400.6985513255522,104.0,0.0
400.7189737331452,105.0,0.0
400.7226218024176,106.0,0.0
400.7362286793065,107.0,0.0
400.7400902838447,106.0,0.0
400.7407611981173,105.0,0.0
400.7540584622384,104.0,0.0
400.7566408781482,103.0,0.0
400.7614610971391,102.0,0.0
400.7762078715667,101.0,0.0
400.7867501111441,102.0,0.0
400.8013235053753,103.0,0.0
400.8024101368213,104.0,0.0
400.8056246499167,103.0,0.0
400.80796393583546,104.0,0.0
400.8137925464072,103.0,0.0
400.8164738943611,102.0,0.0
400.81746874006706,103.0,0.0
400.82437833213953,102.0,0.0
400.8689673544306,101.0,0.0
400.87670519785064,100.0,0.0
400.87755140402044,99.0,0.0
400.8871283672271,100.0,0.0
400.8900110263971,99.0,0.0
400.9129618575324,98.0,0.0
400.9276991467136,97.0,0.0
400.9311993210801,96.0,0.0
400.93541590482613,95.0,0.0
400.94080658578093,94.0,0.0
400.940928802659,93.0,0.0
400.9473564952113,92.0,0.0
400.9513267209223,93.0,0.0
400.95646349565317,94.0,0.0
400.96379372479737,95.0,0.0
400.9762709946244,94.0,0.0
400.98274759553476,93.0,0.0
401.01205320418745,94.0,0.0
401.0173245687662,95.0,0.0
401.02282709467556,96.0,0.0
401.02638233973954,95.0,0.0
401.03073685060167,96.0,0.0
401.0323102651173,95.0,0.0
401.03323509577444,94.0,0.0
401.03541439297476,93.0,0.0
401.03547142828126,92.0,0.0
401.0485083185198,93.0,0.0
401.0524337292443,94.0,0.0
401.0527577776778,95.0,0.0
401.0622730549484,96.0,0.0
401.06955171417,95.0,0.0
401.0702390406036,94.0,0.0
401.07052755383353,95.0,0.0
401.07208270998785,94.0,0.0
401.08631416022945,93.0,0.0
401.09670174616014,92.0,0.0
401.0970374554016,91.0,0.0
401.09925586243645,90.0,0.0
401.10977415638234,89.0,0.0
401.11310634157144,90.0,0.0
401.11341318255177,89.0,0.0
401.1188160865046,88.0,0.0
401.12660598217104,89.0,0.0
401.1277227189663,90.0,0.0
401.13785364881556,89.0,0.0
401.13802539693916,90.0,0.0
401.1399386503738,91.0,0.0
401.14387423389417,92.0,0.0
401.14839285908783,93.0,0.0
401.15511151125065,94.0,0.0
401.1642266443632,93.0,0.0
401.1678546183919,92.0,0.0
401.1681444646595,93.0,0.0
401.1815941384582,94.0,0.0
401.1894576568597,95.0,0.0
401.19393282969736,96.0,0.0
401.1958769896385,97.0,0.0
401.2168870958553,96.0,0.0
401.21715151354186,97.0,0.0
401.2194290193537,96.0,0.0
401.2280852837195,97.0,0.0
401.22965253421097,96.0,0.0
401.2344644919607,97.0,0.0
401.23507115051933,96.0,0.0
401.2383638657882,95.0,0.0
401.2388776833624,94.0,0.0
401.2407881234739,93.0,0.0
401.24509940501895,92.0,0.0
401.2535302765671,91.0,0.0
401.27213749436,90.0,0.0
401.29000052800313,91.0,0.0
401.29611772459316,92.0,0.0
401.297863121126,93.0,0.0
401.30516663279576,92.0,0.0
401.30870945077635,91.0,0.0
401.31111346752743,92.0,0.0
401.3260171810106,91.0,0.0
401.332106011536,90.0,0.0
401.3354635487396,89.0,0.0
401.35558630168543,88.0,0.0
401.35865809130735,89.0,0.0
401.36201004041664,88.0,0.0
401.3639934910295,87.0,0.0
401.3664256292969,86.0,0.0
401.37525798842995,87.0,0.0
401.37607519649254,86.0,0.0
401.3830467680437,85.0,0.0
401.3860319641508,84.0,0.0
401.38643519842174,83.0,0.0
401.3977424556716,84.0,0.0
401.4029512240152,83.0,0.0
401.40407654255955,82.0,0.0
401.41757845564666,81.0,0.0
401.4207593482408,82.0,0.0
401.42809773781386,81.0,0.0
401.4310527098351,80.0,0.0
401.4323164742079,79.0,0.0
401.4360957997196,78.0,0.0
401.4367509532176,79.0,0.0
401.4538699784763,78.0,0.0
401.4813809262439,77.0,0.0
401.4841870722236,76.0,0.0
401.48532097152514,75.0,0.0
401.4903577021163,76.0,0.0
401.50285481767736,75.0,0.0
401.51447675068397,76.0,0.0
401.51682265340196,75.0,0.0
401.5192875355353,74.0,0.0
401.5269445187518,73.0,0.0
401.5270757827446,72.0,0.0
401.5324614320856,73.0,0.0
401.534521825673,72.0,0.0
401.5356562824781,71.0,0.0
401.55005472367657,70.0,0.0
401.55637499014443,71.0,0.0
401.55661109248433,70.0,0.0
401.56616992371386,69.0,0.0
401.56918615226584,68.0,0.0
401.58484431836666,69.0,0.0
401.58898843271163,70.0,0.0
401.6021398636789,71.0,0.0
401.60424180108834,72.0,0.0
401.617631985329,71.0,0.0
401.62459213931646,70.0,0.0
401.6262678659279,71.0,0.0
401.63127674858924,70.0,0.0
401.6353446248038,69.0,0.0
401.63669733814663,68.0,0.0
401.64482335829257,69.0,0.0
401.64557365417613,68.0,0.0
401.6539926518054,67.0,0.0
401.6567986370565,68.0,0.0
401.66419166195664,69.0,0.0
401.66482348436045,68.0,0.0
401.66901179614393,67.0,0.0
401.6782890256222,68.0,0.0
401.67909274133024,69.0,0.0
401.68647138337406,68.0,0.0
401.693107044318,67.0,0.0
401.69495984168503,66.0,0.0
401.70483520773,65.0,0.0
401.7158198796754,64.0,0.0
401.73331402982416,63.0,0.0
401.74227898663645,62.0,0.0
401.74685485070535,61.0,0.0
401.7656069517473,60.0,0.0
401.78159855272025,59.0,0.0
401.7931006366515,58.0,0.0
401.8003297553341,59.0,0.0
401.8022618049709,60.0,0.0
401.81282498713153,61.0,0.0
401.82736068987464,62.0,0.0
401.84169035872526,61.0,0.0
401.8433748662526,62.0,0.0
401.860282433893,61.0,0.0
401.864299030724,62.0,0.0
401.87288096472594,61.0,0.0
401.89044614110577,60.0,0.0
401.89760757334517,59.0,0.0
401.90118842082956,60.0,0.0
401.90217072844865,61.0,0.0
401.9085918524119,62.0,0.0
401.92729534376986,63.0,0.0
401.9376630792631,64.0,0.0
401.94410902437255,63.0,0.0
401.9474367093569,62.0,0.0
401.95794951837826,61.0,0.0
401.9689979253254,60.0,0.0
401.97335984002973,61.0,0.0
401.9761851882335,60.0,0.0
401.97854690849346,59.0,0.0
401.9785841321195,60.0,0.0
401.9847894907158,59.0,0.0
401.98759466304085,60.0,0.0
401.99821800475854,59.0,0.0
402.0018583939352,58.0,0.0
402.0095076794145,57.0,0.0
402.015883553662,56.0,0.0
402.01742518391814,57.0,0.0
402.03560260790533,58.0,0.0
402.04473874362725,57.0,0.0
402.0660375366175,56.0,0.0
402.0753923644571,55.0,0.0
402.0971582944547,54.0,0.0
402.11724582879623,53.0,0.0
402.12443774054753,52.0,0.0
402.13763183329974,51.0,0.0
402.14484916709335,50.0,0.0
402.14498039275213,49.0,0.0
402.15240655211414,50.0,0.0
402.18046227350123,49.0,0.0
402.18350412869995,48.0,0.0
402.19584249640735,47.0,0.0
402.2177623954454,46.0,0.0
402.229976970619,45.0,0.0
402.2358369988239,44.0,0.0
402.24201247086603,43.0,0.0
402.24604495407385,44.0,0.0
402.27322654463535,43.0,0.0
402.2851462974849,44.0,0.0
402.2914490514296,45.0,0.0
402.2919358189334,46.0,0.0
402.2942932579095,47.0,0.0
402.2953274935813,46.0,0.0
402.3019857026008,45.0,0.0
402.30471708002983,46.0,0.0
402.3086808871763,45.0,0.0
402.31885440464237,46.0,0.0
402.3238596574052,45.0,0.0
402.33085803739846,44.0,0.0
402.34556058479586,43.0,0.0
402.3627703933253,42.0,0.0
402.3683075582468,41.0,0.0
402.3820964459268,40.0,0.0
402.39045468316795,41.0,0.0
402.3911730459352,42.0,0.0
402.39198001293715,41.0,0.0
402.39361390338195,40.0,0.0
402.4006524263592,39.0,0.0
402.4096223904615,38.0,0.0
402.41779477816596,39.0,0.0
402.43349036566775,40.0,0.0
402.4395147403066,41.0,0.0
402.4535377731028,40.0,0.0
402.4550659485189,39.0,0.0
402.46543270115035,38.0,0.0
402.46763065420004,37.0,0.0
402.48970012909797,38.0,0.0
402.4928399849471,37.0,0.0
402.4937097151978,38.0,0.0
402.49927071186215,37.0,0.0
402.5061413248317,38.0,0.0
402.50843194492387,37.0,0.0
402.5123564979408,36.0,0.0
402.5215569482052,37.0,0.0
402.53216143717526,38.0,0.0
402.53331556838316,39.0,0.0
402.5376677318717,40.0,0.0
402.5665754956517,39.0,0.0
402.56805969617216,38.0,0.0
402.5778471936392,37.0,0.0
402.57908909812517,36.0,0.0
402.5913505228689,37.0,0.0
402.60899216098954,36.0,0.0
402.61228303877147,35.0,0.0
402.62045645479833,34.0,0.0
402.63227850845846,35.0,0.0
402.6349975121415,34.0,0.0
402.69333433136575,35.0,0.0
402.69574639325606,36.0,0.0
402.7039713032531,37.0,0.0
402.7083812276203,36.0,0.0
402.71593326996367,35.0,0.0
402.72530876734675,34.0,0.0
402.7314774249389,33.0,0.0
402.7495177898893,32.0,0.0
402.76844979045285,31.0,0.0
402.7705976967086,30.0,0.0
402.78285717770484,31.0,0.0
402.7835861261509,30.0,0.0
402.80455661238284,31.0,0.0
402.80664733954126,32.0,0.0
402.8152017997988,33.0,0.0
402.825468439108,32.0,0.0
402.83020434144424,31.0,0.0
402.8389001030287,30.0,0.0
402.84881741745517,31.0,0.0
402.85653671627836,32.0,0.0
402.8734358836325,31.0,0.0
402.88364869509473,32.0,0.0
402.9040931289102,33.0,0.0
402.90584095925243,32.0,0.0
402.9116955866352,31.0,0.0
402.9151273766115,30.0,0.0
402.9463675898522,29.0,0.0
402.9491271157962,28.0,0.0
402.9637522307845,27.0,0.0
402.9672369186444,28.0,0.0
402.98572036334144,27.0,0.0
402.986061249193,26.0,0.0
403.020433778258,25.0,0.0
403.0216228134135,24.0,0.0
403.025074092124,23.0,0.0
403.033449236149,22.0,0.0
403.0403629814332,21.0,0.0
403.05081629850787,20.0,0.0
403.05643733532617,21.0,0.0
403.0580141324533,20.0,0.0
403.072280078407,21.0,0.0
403.08052746663105,22.0,0.0
403.0832034329635,21.0,0.0
403.08878338397517,20.0,0.0
403.0922484731825,19.0,0.0
403.09772922875095,18.0,0.0
403.1173492965401,17.0,0.0
403.14566500553553,16.0,0.0
403.16452662634725,15.0,0.0
403.1710835887207,14.0,0.0
403.1741015597075,13.0,0.0
403.1855932050024,12.0,0.0
403.1905788326059,11.0,0.0
403.1978720357375,12.0,0.0
403.207563934556,13.0,0.0
403.2153835498718,12.0,0.0
403.2271852994742,11.0,0.0
403.24170875486675,12.0,0.0
403.24648130471667,13.0,0.0
403.25097099877803,12.0,0.0
403.2829987150851,11.0,0.0
403.2853139119228,10.0,0.0
403.2902733889198,9.0,0.0
403.30892781718484,8.0,0.0
403.31416922249286,7.0,0.0
403.32509970355545,8.0,0.0
403.3288626762424,7.0,0.0
403.34421130352035,6.0,0.0
403.34427266393897,7.0,0.0
403.3457234059702,6.0,0.0
403.3463805191455,7.0,0.0
403.34728745939793,6.0,0.0
403.36134739507503,5.0,0.0
403.37226323293464,4.0,0.0
403.37578795413157,5.0,0.0
403.3936262444109,4.0,0.0
403.39964084697357,5.0,0.0
403.4025402113457,4.0,0.0
403.4062155833653,5.0,0.0
403.413609060249,4.0,0.0
403.41901412604955,3.0,0.0
403.4203990869419,2.0,0.0
403.4430840902817,1.0,0.0
403.4961156389619,0.0,0.0
403.5391440874786,1.0,0.0
403.5566406418623,0.0,0.0
403.57865352674196,1.0,0.0
403.5950690648932,0.0,0.0
403.6507205373391,1.0,0.0
403.6520715581765,0.0,0.0
403.72481101431623,1.0,0.0
403.7294475960001,2.0,0.0
403.7348228523142,3.0,0.0
403.74419773320113,2.0,0.0
403.74590527197284,1.0,0.0
403.75216462575617,2.0,0.0
403.78150973518404,1.0,0.0
403.7835570005981,0.0,0.0
403.79376458750477,1.0,0.0
403.79708036694706,2.0,0.0
403.80137771036686,3.0,0.0
403.8164339972936,2.0,0.0
403.829355415665,1.0,0.0
403.8542536746408,2.0,0.0
403.86126743529854,1.0,0.0
403.8975360711091,0.0,0.0
403.9998253607717,1.0,0.0
404.00155137558306,0.0,0.0
404.012066866777,1.0,0.0
404.0238923106622,0.0,0.0
404.11950395723926,1.0,0.0
404.1540044859183,0.0,0.0
404.2354146332784,1.0,0.0
404.23858697433246,0.0,0.0
404.2623866064313,1.0,0.0
404.2654985806558,0.0,0.0
404.32964218524074,1.0,0.0
404.3353975209179,2.0,0.0
404.34354555322545,1.0,0.0
404.3568346544049,0.0,0.0
404.42231416524095,1.0,0.0
404.43111150208057,0.0,0.0
404.4523309327856,1.0,0.0
404.4538039243635,2.0,0.0
404.4554437122612,1.0,0.0
404.458231819746,0.0,0.0
404.4849599110596,1.0,0.0
404.5064069037618,2.0,0.0
404.51589357076676,3.0,0.0
404.524637906597,2.0,0.0
404.5263616104035,1.0,0.0
404.5264998271938,2.0,0.0
404.5367651037733,3.0,0.0
404.5717294681825,2.0,0.0
404.59277534394107,1.0,0.0
404.6689522836989,0.0,0.0
404.6767328058983,1.0,0.0
404.6830068771358,0.0,0.0
404.69753581503295,1.0,0.0
404.7149773602737,0.0,0.0
404.75646295939,1.0,0.0
404.76136620863815,2.0,0.0
404.77299995929985,1.0,0.0
404.8046708928548,0.0,0.0
404.99252907547196,1.0,0.0
405.02687760826103,0.0,0.0
405.0490964035429,1.0,0.0
405.05233482156353,2.0,0.0
405.073635101435,1.0,0.0
405.0769605042205,2.0,0.0
405.10343640291194,3.0,0.0
405.107366092813,2.0,0.0
405.1357357859491,1.0,0.0
405.16218197782996,0.0,0.0
405.1714073107892,1.0,0.0
405.1887837738321,0.0,0.0
405.20857613829156,1.0,0.0
405.2303075659781,0.0,0.0
405.2790211018843,1.0,0.0
405.2928977609704,2.0,0.0
405.2965670250987,1.0,0.0
405.3447850232854,2.0,0.0
405.3614987686976,1.0,0.0
405.3967544229637,0.0,0.0
405.4164958341963,1.0,0.0
405.43558052746386,0.0,0.0
405.4521282499012,1.0,0.0
405.54101514834815,0.0,0.0
405.55419294984875,1.0,0.0
405.56142872127924,2.0,0.0
405.5705315951419,3.0,0.0
405.5843411563522,4.0,0.0
405.58526227549385,3.0,0.0
405.5998392521607,2.0,0.0
405.6465862384224,1.0,0.0
405.65179779979803,2.0,0.0
405.65544944877826,3.0,0.0
405.67294287099804,4.0,0.0
405.68003194256534,3.0,0.0
405.6934224011708,2.0,0.0
405.707478142313,1.0,0.0
405.7430197032131,2.0,0.0
405.7443582117474,1.0,0.0
405.7449646247875,2.0,0.0
405.75502544851463,1.0,0.0
405.75692635614917,0.0,0.0
405.7710464978815,1.0,0.0
405.7784437061432,2.0,0.0
405.79744854044213,1.0,0.0
405.80674897170314,0.0,0.0
405.8157354861202,1.0,0.0
405.8229572988711,0.0,0.0
405.8261281375995,1.0,0.0
405.83204898336584,2.0,0.0
405.84488615106136,3.0,0.0
405.8673186543142,2.0,0.0
405.86860607366964,1.0,0.0
405.8715420334298,0.0,0.0
405.9186421548113,1.0,0.0
405.93519196554166,0.0,0.0
405.9402170206557,1.0,0.0
405.9515964374525,2.0,0.0
405.95393190678203,1.0,0.0
405.96199864558844,0.0,0.0
405.96512548532274,1.0,0.0
405.96512663595496,2.0,0.0
405.97835142487867,1.0,0.0
406.007190417059,0.0,0.0
406.1930863128271,1.0,0.0
406.2173074969253,0.0,0.0
406.2443571995404,1.0,0.0
406.2711305541289,0.0,0.0
406.2725104140863,1.0,0.0
406.3295182151465,2.0,0.0
406.3670370587789,1.0,0.0
406.37016291946554,2.0,0.0
406.3729661409129,1.0,0.0
406.3735180017938,0.0,0.0
406.3767709181821,1.0,0.0
406.3784168506409,0.0,0.0
406.38308883542993,1.0,0.0
406.39202969882297,0.0,0.0
406.40922512673296,1.0,0.0
406.43081745638847,0.0,0.0
406.5074378293208,1.0,0.0
406.50768898167786,2.0,0.0
406.508252881438,1.0,0.0
406.5152853750115,2.0,0.0
406.5220196482062,3.0,0.0
406.5444432054312,2.0,0.0
406.5464608614298,1.0,0.0
406.555363017312,0.0,0.0
406.56467401097837,1.0,0.0
406.5805695773399,0.0,0.0
406.60252746690435,1.0,0.0
406.6069985258555,0.0,0.0
406.60992763998206,1.0,0.0
406.6106902482429,0.0,0.0
406.61793288027883,1.0,0.0
406.66584691436725,0.0,0.0
406.68759362661035,1.0,0.0
406.7042497344886,2.0,0.0
406.71086669608434,1.0,0.0
406.7118638270148,2.0,0.0
406.72087069490044,3.0,0.0
406.72715044113886,2.0,0.0
406.7290451430546,3.0,0.0
406.73536079000945,4.0,0.0
406.7407448064201,3.0,0.0
406.74879478098165,2.0,0.0
406.75585797157294,3.0,0.0
406.75768852310694,4.0,0.0
406.762994894309,3.0,0.0
406.76305208005545,4.0,0.0
406.77746665187016,3.0,0.0
406.79275370107297,2.0,0.0
406.79957380583943,3.0,0.0
406.80181942259077,2.0,0.0
406.8058961144544,3.0,0.0
406.8096747336273,2.0,0.0
406.82289846084154,1.0,0.0
406.83503094085944,2.0,0.0
406.8442445144986,1.0,0.0
406.85686599896826,0.0,0.0
406.8837435807033,1.0,0.0
406.8983772055476,0.0,0.0
406.90176519567024,1.0,0.0
406.90749269548706,2.0,0.0
406.9249104511133,1.0,0.0
406.9576524007264,0.0,0.0
407.00819253783123,1.0,0.0
407.0100303258395,2.0,0.0
407.0178622398401,1.0,0.0
407.0427744130573,2.0,0.0
407.06067147642335,1.0,0.0
407.07885463880876,0.0,0.0
407.0881300704039,1.0,0.0
407.0905113398328,0.0,0.0
407.1260363659603,1.0,0.0
407.1472105635754,2.0,0.0
407.1525451882672,1.0,0.0
407.1705144568405,2.0,0.0
407.2101585771526,3.0,0.0
407.21922799996855,2.0,0.0
407.2329480946843,1.0,0.0
407.23667218557114,2.0,0.0
407.24044632973084,3.0,0.0
407.2452288052014,2.0,0.0
407.25880277519184,3.0,0.0
407.28916963331335,4.0,0.0
407.3084365457597,5.0,0.0
407.30849488780746,4.0,0.0
407.3170198517477,3.0,0.0
407.3256585600514,4.0,0.0
407.3265325209255,3.0,0.0
407.33063146498097,2.0,0.0
407.3358178399224,3.0,0.0
407.3414990775704,2.0,0.0
407.34721676202776,3.0,0.0
407.36969119727513,4.0,0.0
407.37528950013717,3.0,0.0
407.375847946308,2.0,0.0
407.38952487486534,3.0,0.0
407.39087413302576,4.0,0.0
407.397534826573,5.0,0.0
407.4011464035925,6.0,0.0
407.40470492528425,5.0,0.0
407.40699798256145,6.0,0.0
407.41376746719044,5.0,0.0
407.4171460452733,4.0,0.0
407.4304570455193,3.0,0.0
407.43521257757243,2.0,0.0
407.43829300711917,3.0,0.0
407.4498774786878,2.0,0.0
407.45900982014956,1.0,0.0
407.46433010410783,2.0,0.0
407.4656357435485,1.0,0.0
407.4981091366171,2.0,0.0
407.4999359865876,3.0,0.0
407.5257833637603,4.0,0.0
407.5388860268922,5.0,0.0
407.5389759925724,4.0,0.0
407.54303806693076,3.0,0.0
407.5445754875488,4.0,0.0
407.5464018497467,3.0,0.0
407.5701499462886,4.0,0.0
407.57298414042805,3.0,0.0
407.57402073295543,4.0,0.0
407.5773582086951,3.0,0.0
407.5802136941484,4.0,0.0
407.5964923973015,5.0,0.0
407.5977447282686,4.0,0.0
407.61211744531624,3.0,0.0
407.6378264464621,2.0,0.0
407.6387062469701,3.0,0.0
407.654312853781,4.0,0.0
407.65465041541864,5.0,0.0
407.663666856821,4.0,0.0
407.6695110357439,3.0,0.0
407.70965537026973,4.0,0.0
407.7196873898895,3.0,0.0
407.73404994878433,2.0,0.0
407.73666990969355,3.0,0.0
407.748172340979,4.0,0.0
407.7496316168217,5.0,0.0
407.74984197679964,4.0,0.0
407.75873434877883,5.0,0.0
407.7612121573751,4.0,0.0
407.787555625944,5.0,0.0
407.7938532551834,6.0,0.0
407.79466522575035,5.0,0.0
407.81253671781667,4.0,0.0
407.8195888550676,3.0,0.0
407.82283159350584,2.0,0.0
407.83196787175444,1.0,0.0
407.83733059487304,2.0,0.0
407.8424822013477,1.0,0.0
407.85711792284377,2.0,0.0
407.8616179139791,1.0,0.0
407.89932616643836,2.0,0.0
407.90341498195716,1.0,0.0
407.9380128240491,2.0,0.0
407.9624281448157,3.0,0.0
407.964656872615,2.0,0.0
407.96476421166443,3.0,0.0
407.9727435304318,4.0,0.0
407.97796790854517,3.0,0.0
407.9780567859753,2.0,0.0
407.98339924479643,1.0,0.0
407.98613653049927,0.0,0.0
407.9985958750535,1.0,0.0
408.00388971318193,2.0,0.0
408.0068629372554,1.0,0.0
408.0105454873225,2.0,0.0
408.02545992497113,3.0,0.0
408.04772845907763,2.0,0.0
408.0687036603462,1.0,0.0
408.07553620791543,0.0,0.0
408.08170717288164,1.0,0.0
408.0838350942735,2.0,0.0
408.09218979001895,3.0,0.0
408.0951319752733,2.0,0.0
408.1008475920036,3.0,0.0
408.1235313377789,4.0,0.0
408.14778436916015,3.0,0.0
408.17548826973604,4.0,0.0
408.1805501150424,5.0,0.0
408.19893192317284,4.0,0.0
408.21774048841036,5.0,0.0
408.2215192498852,4.0,0.0
408.22181557462443,3.0,0.0
408.23284380820326,4.0,0.0
408.23699800175945,3.0,0.0
408.24020528155285,2.0,0.0
408.2480795820049,3.0,0.0
408.26924032362473,2.0,0.0
408.2793049135323,1.0,0.0
408.290072527754,0.0,0.0
408.2915896309309,1.0,0.0
408.2918210747274,2.0,0.0
408.30832914488224,1.0,0.0
408.3208985436157,2.0,0.0
408.3250477517318,3.0,0.0
408.325700760432,4.0,0.0
408.3283909758372,3.0,0.0
408.3341055648424,4.0,0.0
408.3390189876284,5.0,0.0
408.3453760309015,4.0,0.0
408.3572599101542,5.0,0.0
408.3613068325342,6.0,0.0
408.3690720659565,5.0,0.0
408.37260256109516,4.0,0.0
408.3727476999849,5.0,0.0
408.3743759495944,6.0,0.0
408.38366644503054,7.0,0.0
408.38841838093725,8.0,0.0
408.3918299907314,9.0,0.0
408.3936804051887,10.0,0.0
408.40341130460183,11.0,0.0
408.4161600765351,10.0,0.0
408.423110536642,11.0,0.0
408.4255411359743,10.0,0.0
408.4392622258055,11.0,0.0
408.46400281144207,12.0,0.0
408.4672965935332,13.0,0.0
408.47916669313156,12.0,0.0
408.4813008790838,11.0,0.0
408.5027381290533,12.0,0.0
408.5085542994405,11.0,0.0
408.51060239243026,10.0,0.0
408.5128827583803,9.0,0.0
408.5155268708692,10.0,0.0
408.5195526924258,9.0,0.0
408.52967716090166,10.0,0.0
408.53855416229544,11.0,0.0
408.539753175775,10.0,0.0
408.54347573761964,11.0,0.0
408.55927106355483,12.0,0.0
408.5685885898797,11.0,0.0
408.5762314678995,12.0,0.0
408.57878315066574,11.0,0.0
408.5972486354914,10.0,0.0
408.60451400499466,9.0,0.0
408.6061305419674,8.0,0.0
408.61610394035085,7.0,0.0
408.619094195041,8.0,0.0
408.63076481984973,9.0,0.0
408.63791127258423,8.0,0.0
408.64225253575324,9.0,0.0
408.6447513940161,8.0,0.0
408.6542825042107,7.0,0.0
408.66501580979354,6.0,0.0
408.66503385946766,7.0,0.0
408.68885952414894,8.0,0.0
408.69395865287896,7.0,0.0
408.6975202416484,8.0,0.0
408.70234052537,7.0,0.0
408.72063840385425,8.0,0.0
408.73850538997306,9.0,0.0
408.74891543563274,10.0,0.0
408.75706122434127,9.0,0.0
408.76608239897274,8.0,0.0
408.7692358067258,9.0,0.0
408.8201402891095,8.0,0.0
408.8286442206855,7.0,0.0
408.83071416129565,6.0,0.0
408.83101347859,7.0,0.0
408.8370001042628,6.0,0.0
408.8490406836136,5.0,0.0
408.86100416296364,4.0,0.0
408.8618044649222,5.0,0.0
408.8628351350137,6.0,0.0
408.8735342770586,5.0,0.0
408.8745283652489,6.0,0.0
408.8873674194555,5.0,0.0
408.88791511890196,4.0,0.0
408.8880161583836,5.0,0.0
408.89150852699925,6.0,0.0
408.8938219048939,7.0,0.0
408.9022591649942,6.0,0.0
408.90227193232766,5.0,0.0
408.91351599562654,4.0,0.0
408.9159042456269,3.0,0.0
408.91624034442333,2.0,0.0
408.92050342972624,3.0,0.0
408.93252258780615,4.0,0.0
408.94000623246006,3.0,0.0
408.941476544143,2.0,0.0
408.9635889982301,1.0,0.0
408.9729188376182,2.0,0.0
408.9757606040328,3.0,0.0
408.97752503358123,2.0,0.0
408.9789476112088,3.0,0.0
408.9797403797746,4.0,0.0
408.9935224991721,5.0,0.0
409.000294459976,6.0,0.0
409.0027104800254,7.0,0.0
409.0039381996976,8.0,0.0
409.00410446270655,7.0,0.0
409.0044401367434,8.0,0.0
409.0068034494017,9.0,0.0
409.01055887142473,10.0,0.0
409.0132283820508,11.0,0.0
409.02247230700533,12.0,0.0
409.0266683773359,11.0,0.0
409.02931790194066,10.0,0.0
409.03738721739035,11.0,0.0
409.04686527816483,12.0,0.0
409.0532444452415,11.0,0.0
409.061981309415,12.0,0.0
409.06891085989565,11.0,0.0
409.0707890396341,12.0,0.0
409.073984478164,13.0,0.0
409.08401666117135,12.0,0.0
409.0911364442247,11.0,0.0
409.10445124593036,10.0,0.0
409.1085615447295,9.0,0.0
409.1104821354613,10.0,0.0
409.1111258215587,9.0,0.0
409.11314254014405,8.0,0.0
409.1144014575743,7.0,0.0
409.1195821163891,6.0,0.0
409.12902466278035,7.0,0.0
409.13306291014896,8.0,0.0
409.1368008160342,7.0,0.0
409.13802481066244,6.0,0.0
409.140631118316,7.0,0.0
409.1416431202636,6.0,0.0
409.14236094702227,5.0,0.0
409.14667206290756,4.0,0.0
409.15256083527186,5.0,0.0
409.1608932270921,6.0,0.0
409.16171340534464,7.0,0.0
409.1637391341405,6.0,0.0
409.1698458292386,5.0,0.0
409.1705045601771,4.0,0.0
409.1810053762093,3.0,0.0
409.1882352333093,4.0,0.0
409.1994867281103,5.0,0.0
409.2020327023127,6.0,0.0
409.20861428582924,7.0,0.0
409.2161281909903,6.0,0.0
409.22352728890746,7.0,0.0
409.2241233284464,6.0,0.0
409.22511184571675,7.0,0.0
409.2320284944453,8.0,0.0
409.23404774670615,7.0,0.0
409.25201144019326,8.0,0.0
409.2524492181522,7.0,0.0
409.25628775624205,6.0,0.0
409.25900395141014,5.0,0.0
409.2601119855798,4.0,0.0
409.26124527177114,5.0,0.0
409.2622674915616,6.0,0.0
409.2657136290193,5.0,0.0
409.2673913193017,6.0,0.0
409.2691590161718,5.0,0.0
409.27003041506504,6.0,0.0
409.28569452822103,5.0,0.0
409.2863497786194,6.0,0.0
409.2899783859662,5.0,0.0
409.29147504460116,6.0,0.0
409.30348689971345,5.0,0.0
409.3069506048721,4.0,0.0
409.31021840789333,3.0,0.0
409.32095356333997,2.0,0.0
409.32231377256244,3.0,0.0
409.3419662123013,2.0,0.0
409.3434612559324,3.0,0.0
409.3537497938123,2.0,0.0
409.3742828217532,3.0,0.0
409.3768188200071,2.0,0.0
409.37802110635965,3.0,0.0
409.3816868943843,4.0,0.0
409.38782981203303,3.0,0.0
409.4118482558068,2.0,0.0
409.4120328447593,1.0,0.0
409.41895775401343,0.0,0.0
409.4210134824534,1.0,0.0
409.42571049637246,0.0,0.0
409.42921998996064,1.0,0.0
409.43567051022114,2.0,0.0
409.44261266789545,3.0,0.0
409.4437317762112,4.0,0.0
409.4445900538089,3.0,0.0
409.44930931429377,4.0,0.0
409.45176395608064,3.0,0.0
409.4578295776752,4.0,0.0
409.46073818093333,3.0,0.0
409.4617450455818,2.0,0.0
409.46215774322764,3.0,0.0
409.4648607982698,2.0,0.0
409.47564939555906,1.0,0.0
409.4760921425789,2.0,0.0
409.4828879835618,1.0,0.0
409.48545548372516,2.0,0.0
409.49267413444795,3.0,0.0
409.492827992342,4.0,0.0
409.4948231771363,3.0,0.0
409.4949522899582,4.0,0.0
409.51215809206377,3.0,0.0
409.51355696466914,2.0,0.0
409.530870091767,1.0,0.0
409.5331296273987,2.0,0.0
409.5371417432166,3.0,0.0
409.537967966697,4.0,0.0
409.54059791218435,5.0,0.0
409.57273866897225,4.0,0.0
409.5763900171106,5.0,0.0
409.58126833536454,6.0,0.0
409.58537903737493,7.0,0.0
409.5900030265127,8.0,0.0
409.5902992475994,7.0,0.0
409.6157178404695,8.0,0.0
409.62211020793103,9.0,0.0
409.62305711526267,10.0,0.0
409.63656551293695,11.0,0.0
409.6407079472622,12.0,0.0
409.64891535916547,11.0,0.0
409.6683472605774,10.0,0.0
409.67152187243437,11.0,0.0
409.69133210526047,12.0,0.0
409.69183973616043,11.0,0.0
409.6940330083673,12.0,0.0
409.70100560687683,13.0,0.0
409.7017861409642,14.0,0.0
409.71461469548296,15.0,0.0
409.7147622679182,16.0,0.0
409.7193718353529,15.0,0.0
409.7236729067698,14.0,0.0
409.7321702543671,13.0,0.0
409.73248385017075,12.0,0.0
409.7356463230913,13.0,0.0
409.740291147067,14.0,0.0
409.7416889332008,15.0,0.0
409.74293701477967,14.0,0.0
409.77485418441125,13.0,0.0
409.7769069433586,12.0,0.0
409.7943868482613,11.0,0.0
409.79846911587487,10.0,0.0
409.79977692513063,11.0,0.0
409.8052291605649,10.0,0.0
409.80976381782773,11.0,0.0
409.8116673187632,10.0,0.0
409.8146060044229,9.0,0.0
409.8151799120279,8.0,0.0
409.81762106590986,9.0,0.0
409.81769206361196,10.0,0.0
409.82358473248706,9.0,0.0
409.823702471205,8.0,0.0
409.8316101200811,9.0,0.0
409.83550322804655,8.0,0.0
409.8364092947917,7.0,0.0
409.84014351834384,8.0,0.0
409.84054397645855,9.0,0.0
409.84192065427055,10.0,0.0
409.8421001457688,9.0,0.0
409.8459683046878,10.0,0.0
409.8541200668885,9.0,0.0
409.8595823630306,8.0,0.0
409.8630699862715,9.0,0.0
409.87961595848026,8.0,0.0
409.88023757454306,9.0,0.0
409.880703021321,10.0,0.0
409.89019739970666,11.0,0.0
409.8933771835855,10.0,0.0
409.89856212025654,11.0,0.0
409.9055110607232,10.0,0.0
409.90789669749165,11.0,0.0
409.91619948368066,12.0,0.0
409.91692673399626,11.0,0.0
409.9170492600694,10.0,0.0
409.92165751910375,11.0,0.0
409.9219557793667,10.0,0.0
409.9350234750447,9.0,0.0
409.93740183462677,8.0,0.0
409.93746591940794,9.0,0.0
409.94974143590866,10.0,0.0
409.9511489330706,11.0,0.0
409.9512898054888,10.0,0.0
409.9598525331521,9.0,0.0
409.9610818173805,8.0,0.0
409.96472222542127,9.0,0.0
409.96906311434924,8.0,0.0
409.97424951518036,9.0,0.0
409.9753366926131,10.0,0.0
409.9765225609125,11.0,0.0
410.00087592103745,10.0,0.0
410.0033962803053,9.0,0.0
410.03341663660854,10.0,0.0
410.04391115119813,11.0,0.0
410.0475686536405,12.0,0.0
410.0478386612699,11.0,0.0
410.048225847769,12.0,0.0
410.0520730383317,13.0,0.0
410.0573323019137,12.0,0.0
410.06164679562056,13.0,0.0
410.0792550662838,14.0,0.0
410.0812378389695,15.0,0.0
410.0823877964114,16.0,0.0
410.0930987725136,15.0,0.0
410.0968001368117,16.0,0.0
410.10315229589605,17.0,0.0
410.1038938480882,16.0,0.0
410.1046190043698,15.0,0.0
410.1068087669376,16.0,0.0
410.11510367302094,15.0,0.0
410.12889138354325,14.0,0.0
410.1300818405341,13.0,0.0
410.142112997716,12.0,0.0
410.1452685722234,13.0,0.0
410.14641113954957,14.0,0.0
410.14691705654604,15.0,0.0
410.1533159487453,14.0,0.0
410.15699894502956,13.0,0.0
410.1579419952768,12.0,0.0
410.1725004183471,13.0,0.0
410.17337385171044,12.0,0.0
410.1757351865298,13.0,0.0
410.1819755178208,14.0,0.0
410.1908054961404,13.0,0.0
410.1955329037257,14.0,0.0
410.2114201857977,15.0,0.0
410.2206562687672,14.0,0.0
410.22187556959307,13.0,0.0
410.2249524101601,14.0,0.0
410.22842716614514,13.0,0.0
410.2365903114918,12.0,0.0
410.24269680651673,11.0,0.0
410.2443362630616,12.0,0.0
410.24772899807175,11.0,0.0
410.25778545607903,10.0,0.0
410.262016970369,11.0,0.0
410.26413688857116,10.0,0.0
410.2679660676771,9.0,0.0
410.2693860793565,10.0,0.0
410.2867284781228,9.0,0.0
410.28936163744265,10.0,0.0
410.29020072648825,11.0,0.0
410.29629093365173,12.0,0.0
410.2982288423777,13.0,0.0
410.29952713185634,14.0,0.0
410.3033842601601,15.0,0.0
410.30446193993146,16.0,0.0
410.3047420530695,15.0,0.0
410.31541489700777,14.0,0.0
410.3163231433233,15.0,0.0
410.3241373718594,16.0,0.0
410.3249580215171,15.0,0.0
410.32516940638965,14.0,0.0
410.3410984691655,15.0,0.0
410.3412024732214,16.0,0.0
410.3546498268053,17.0,0.0
410.3588415576914,16.0,0.0
410.36086817489513,17.0,0.0
410.36698682915727,18.0,0.0
410.38379368539677,17.0,0.0
410.38834982115355,18.0,0.0
410.39025656396416,17.0,0.0
410.3929036167107,16.0,0.0
410.3935920532664,15.0,0.0
410.3952049773177,16.0,0.0
410.40115813243415,17.0,0.0
410.4066976156774,18.0,0.0
410.413983593741,17.0,0.0
410.41732513874314,18.0,0.0
410.4199185552198,17.0,0.0
410.4258939461997,16.0,0.0
410.426391748821,17.0,0.0
410.4316839590381,18.0,0.0
410.4346268968858,17.0,0.0
410.4377011613795,18.0,0.0
410.43913261246615,19.0,0.0
410.4433518127212,18.0,0.0
410.44709249424403,17.0,0.0
410.4477215771475,16.0,0.0
410.4647131892336,17.0,0.0
410.471368741527,16.0,0.0
410.4783552757358,17.0,0.0
410.47972655648124,16.0,0.0
410.48764828896407,17.0,0.0
410.4894884931119,18.0,0.0
410.49050419823743,19.0,0.0
410.49125214472633,20.0,0.0
410.4932607543543,21.0,0.0
410.49525920282116,22.0,0.0
410.49805514692656,23.0,0.0
410.49852940029973,24.0,0.0
410.49902457133965,25.0,0.0
410.50012892727904,26.0,0.0
410.5049822352703,25.0,0.0
410.50663275717835,24.0,0.0
410.5150933456031,25.0,0.0
410.51825246017637,24.0,0.0
410.51897840878104,23.0,0.0
410.51924857890253,22.0,0.0
410.5216136793892,23.0,0.0
410.52301768217546,22.0,0.0
410.5259431989489,23.0,0.0
410.5335427121333,22.0,0.0
410.54071961221723,21.0,0.0
410.5417717657156,20.0,0.0
410.54599749602363,21.0,0.0
410.5491303695416,22.0,0.0
410.5497032206998,21.0,0.0
410.55255012999197,22.0,0.0
410.5571473174056,23.0,0.0
410.571419954834,24.0,0.0
410.57561295751,25.0,0.0
410.58730390650265,24.0,0.0
410.59952970695673,23.0,0.0
410.6067933124554,24.0,0.0
410.61284503647465,23.0,0.0
410.6181460471724,24.0,0.0
410.6249255504306,25.0,0.0
410.6297062119771,26.0,0.0
410.63205380036385,27.0,0.0
410.63316906962075,26.0,0.0
410.64102167469423,25.0,0.0
410.6410886534243,24.0,0.0
410.64222493530156,23.0,0.0
410.64325079286994,24.0,0.0
410.6434423958074,23.0,0.0
410.64459974847585,24.0,0.0
410.6703733101099,25.0,0.0
410.672693138951,26.0,0.0
410.67462247191264,27.0,0.0
410.6749379016798,28.0,0.0
410.6839630267258,29.0,0.0
410.6851475408839,28.0,0.0
410.6916196160759,29.0,0.0
410.70142298518806,28.0,0.0
410.7015075907489,29.0,0.0
410.71084057618066,28.0,0.0
410.72176976528954,27.0,0.0
410.7383034213097,28.0,0.0
410.74503175241,27.0,0.0
410.7520331265316,26.0,0.0
410.7646171407892,25.0,0.0
410.767559119593,26.0,0.0
410.76935303599214,27.0,0.0
410.7779683998726,28.0,0.0
410.77850814419776,29.0,0.0
410.79321462165825,30.0,0.0
410.7962797762241,31.0,0.0
410.79677213306746,32.0,0.0
410.799050190492,33.0,0.0
410.807376727992,34.0,0.0
410.80836097765297,35.0,0.0
410.81139072744645,36.0,0.0
410.81292161636253,37.0,0.0
410.81488594156156,38.0,0.0
410.82746318104114,37.0,0.0
410.8276525052108,38.0,0.0
410.82804027094494,39.0,0.0
410.8327240682755,40.0,0.0
410.8493442299889,41.0,0.0
410.88390345685235,42.0,0.0
410.90418032438504,43.0,0.0
410.9126334557807,44.0,0.0
410.92982848861675,45.0,0.0
410.93173257805194,46.0,0.0
410.93403167930893,47.0,0.0
410.9361967491862,46.0,0.0
410.94265775662416,45.0,0.0
410.9470435684932,44.0,0.0
410.94865283782883,45.0,0.0
410.9575009199886,46.0,0.0
410.9589087242231,45.0,0.0
410.9643382286703,44.0,0.0
410.9655428449126,45.0,0.0
410.9676313297589,44.0,0.0
410.9749444145198,45.0,0.0
410.98437455927285,46.0,0.0
410.9954464500747,45.0,0.0
410.9975038806038,46.0,0.0
411.00027471197455,45.0,0.0
411.00235802189445,44.0,0.0
411.00239416186196,43.0,0.0
411.0046953040539,44.0,0.0
411.0069642643171,43.0,0.0
411.02102673531306,42.0,0.0
411.02595919567847,43.0,0.0
411.0270564747925,44.0,0.0
411.03301623397783,45.0,0.0
411.03533553450575,44.0,0.0
411.0457739456168,45.0,0.0
411.05359707893456,46.0,0.0
411.05818184309,45.0,0.0
411.0620184398511,46.0,0.0
411.0670242095917,47.0,0.0
411.0708247124474,46.0,0.0
411.0734199085536,47.0,0.0
411.0759076817456,48.0,0.0
411.0884185474601,47.0,0.0
411.08918082888437,48.0,0.0
411.0957084773951,49.0,0.0
411.09770003125703,50.0,0.0
411.10090771342146,49.0,0.0
411.10177508768106,50.0,0.0
411.1018639474173,49.0,0.0
411.1019152939423,48.0,0.0
411.1035567760195,49.0,0.0
411.10832206249523,48.0,0.0
411.11401921351427,49.0,0.0
411.1285586953845,50.0,0.0
411.135557499856,49.0,0.0
411.14003021048995,50.0,0.0
411.1400404714718,49.0,0.0
411.1522133359889,48.0,0.0
411.1541083621955,47.0,0.0
411.15422219240406,46.0,0.0
411.15478663621957,45.0,0.0
411.1562902547592,44.0,0.0
411.1599453090514,45.0,0.0
411.17060400286806,46.0,0.0
411.18912673422125,45.0,0.0
411.19001097257154,44.0,0.0
411.19261630142216,45.0,0.0
411.204799143006,46.0,0.0
411.2150310015529,47.0,0.0
411.21849925271795,48.0,0.0
411.2210016939051,47.0,0.0
411.2227774344883,48.0,0.0
411.2236509813261,49.0,0.0
411.2298582604857,50.0,0.0
411.23288409314114,51.0,0.0
411.2388864457682,52.0,0.0
411.2419910506165,53.0,0.0
411.2481324539016,52.0,0.0
411.2601346505031,51.0,0.0
411.2614127940914,50.0,0.0
411.2670466138329,49.0,0.0
411.27259211133673,50.0,0.0
411.28366891492385,49.0,0.0
411.2846433408413,48.0,0.0
411.29010137149754,47.0,0.0
411.29015226959666,48.0,0.0
411.29067051120194,47.0,0.0
411.2971231652219,46.0,0.0
411.29867931073767,47.0,0.0
411.30158705634113,46.0,0.0
411.30510701694817,47.0,0.0
411.30540774264256,48.0,0.0
411.30547713932043,49.0,0.0
411.31380128327305,50.0,0.0
411.3172124540853,51.0,0.0
411.31820951311806,50.0,0.0
411.31969865782366,49.0,0.0
411.33374026515907,48.0,0.0
411.34173486993177,49.0,0.0
411.3427494067914,50.0,0.0
411.3463246066861,49.0,0.0
411.36020109051935,48.0,0.0
411.37414552570885,49.0,0.0
411.38466444067717,48.0,0.0
411.3945018423078,49.0,0.0
411.3993384204911,48.0,0.0
411.4001024312655,47.0,0.0
411.4014931978153,48.0,0.0
411.4063533042605,49.0,0.0
411.40961368574244,50.0,0.0
411.40962494081,49.0,0.0
411.42495558445523,48.0,0.0
411.42927592925855,47.0,0.0
411.4292911767791,48.0,0.0
411.4342452513456,49.0,0.0
411.43433748316164,48.0,0.0
411.4418208009295,49.0,0.0
411.44750738335665,48.0,0.0
411.45183406125886,49.0,0.0
411.4523830370455,50.0,0.0
411.4528445066094,49.0,0.0
411.4565910606129,48.0,0.0
411.46513119972235,49.0,0.0
411.4671242210341,48.0,0.0
411.4715660059237,47.0,0.0
411.48166954626265,48.0,0.0
411.4832837495279,47.0,0.0
411.4841726910346,48.0,0.0
411.4884201253837,47.0,0.0
411.49180175371265,48.0,0.0
411.4930469949189,49.0,0.0
411.4964623324266,48.0,0.0
411.49831138265057,47.0,0.0
411.50568979077775,46.0,0.0
411.50709905049376,45.0,0.0
411.51046734237093,46.0,0.0
411.52557470094774,47.0,0.0
411.53007985130927,48.0,0.0
411.53049165160996,47.0,0.0
411.5365708909408,48.0,0.0
411.53913104125695,47.0,0.0
411.5550941042078,48.0,0.0
411.5629909153211,49.0,0.0
411.56653043149475,50.0,0.0
411.56842679603943,49.0,0.0
411.570648735232,48.0,0.0
411.5715973128963,49.0,0.0
411.5825302536527,50.0,0.0
411.5924252031286,51.0,0.0
411.6003549881442,52.0,0.0
411.6010246449436,53.0,0.0
411.6016638698471,54.0,0.0
411.60332044972955,55.0,0.0
411.60422288827203,56.0,0.0
411.6126276031418,57.0,0.0
411.61655611685984,58.0,0.0
411.6188783046918,57.0,0.0
411.62665059781995,56.0,0.0
411.62873126253027,57.0,0.0
411.6325541426088,58.0,0.0
411.6396126827847,57.0,0.0
411.6397099347212,58.0,0.0
411.64285255383703,57.0,0.0
411.65631596203025,58.0,0.0
411.6608764181796,59.0,0.0
411.66429745076124,58.0,0.0
411.6665018535304,57.0,0.0
411.67287745673445,56.0,0.0
411.6778387147746,57.0,0.0
411.6906399021654,58.0,0.0
411.7085574107381,59.0,0.0
411.71234542253046,58.0,0.0
411.7129200830585,57.0,0.0
411.71375592441274,58.0,0.0
411.71453285714097,59.0,0.0
411.7153152034952,58.0,0.0
411.71793410987686,57.0,0.0
411.71928650822554,58.0,0.0
411.72034636262157,57.0,0.0
411.72736405728637,56.0,0.0
411.7341095315516,55.0,0.0
411.7533708678541,56.0,0.0
411.75807065105806,57.0,0.0
411.7644323419263,56.0,0.0
411.76466029129443,57.0,0.0
411.77561580181066,58.0,0.0
411.7764873379652,57.0,0.0
411.78132260952407,58.0,0.0
411.78341031284026,59.0,0.0
411.7976916482667,58.0,0.0
411.8023000515391,57.0,0.0
411.8287757771366,56.0,0.0
411.8311725073237,57.0,0.0
411.8314868193391,58.0,0.0
411.84403373197915,59.0,0.0
411.8506648227406,60.0,0.0
411.8523744077291,61.0,0.0
411.8576311535677,62.0,0.0
411.8623639947098,61.0,0.0
411.86516397248926,62.0,0.0
411.86836012241776,63.0,0.0
411.87296613481266,62.0,0.0
411.874777094407,61.0,0.0
411.8767188094577,62.0,0.0
411.87923143628257,63.0,0.0
411.8841940804979,64.0,0.0
411.8876239605713,65.0,0.0
411.89241213882,66.0,0.0
411.8937436773528,67.0,0.0
411.8956227965815,66.0,0.0
411.89866323625336,67.0,0.0
411.90500485145685,68.0,0.0
411.9052487193293,69.0,0.0
411.9067108250343,70.0,0.0
411.9070606168053,71.0,0.0
411.90727001310194,70.0,0.0
411.9105335819099,71.0,0.0
411.914000379024,72.0,0.0
411.9170100055937,71.0,0.0
411.9203234522699,70.0,0.0
411.9254164156351,69.0,0.0
411.93181269311583,70.0,0.0
411.93496849850504,69.0,0.0
411.93613564518535,70.0,0.0
411.9365092820893,71.0,0.0
411.9369763302398,70.0,0.0
411.937790895845,71.0,0.0
411.94165647185116,72.0,0.0
411.946416997015,71.0,0.0
411.9467283185706,72.0,0.0
411.9528175194861,71.0,0.0
411.95572738086304,72.0,0.0
411.95857259115905,71.0,0.0
411.958678407585,72.0,0.0
411.9685240926019,71.0,0.0
411.9703634819836,70.0,0.0
411.9740985264721,71.0,0.0
411.9770742156159,70.0,0.0
411.9775898192224,71.0,0.0
411.9776186266802,72.0,0.0
411.9792669630995,73.0,0.0
411.98165983286765,74.0,0.0
411.99208993168685,75.0,0.0
412.0010437486177,74.0,0.0
412.00208682524635,73.0,0.0
412.0100189310748,74.0,0.0
412.01077689603335,75.0,0.0
412.013909459447,76.0,0.0
412.01575394409053,77.0,0.0
412.0181623361523,76.0,0.0
412.0237182023744,75.0,0.0
412.02709001294943,76.0,0.0
412.036740878146,77.0,0.0
412.04287017159754,78.0,0.0
412.04514886290616,77.0,0.0
412.04837843039564,78.0,0.0
412.06041209460403,77.0,0.0
412.0704847066953,78.0,0.0
412.07832299364003,79.0,0.0
412.08026827666816,80.0,0.0
412.08912995475345,81.0,0.0
412.090272905677,82.0,0.0
412.09619231208626,81.0,0.0
412.0989057816678,82.0,0.0
412.102435408701,83.0,0.0
412.10507969160807,84.0,0.0
412.1055521859379,83.0,0.0
412.1144080281298,84.0,0.0
412.11622908267844,83.0,0.0
412.1168518483473,82.0,0.0
412.1356289143885,83.0,0.0
412.1373916664394,82.0,0.0
412.1421597207189,83.0,0.0
412.1433218790646,84.0,0.0
412.1486051065127,85.0,0.0
412.15759241006367,86.0,0.0
412.15997751800006,87.0,0.0
412.1643373099484,86.0,0.0
412.1688547381265,85.0,0.0
412.16887991537305,86.0,0.0
412.1783618358309,87.0,0.0
412.1822155254156,88.0,0.0
412.18293503425576,87.0,0.0
412.18805772436633,86.0,0.0
412.1880979910125,87.0,0.0
412.1898579959885,88.0,0.0
412.1978345017285,87.0,0.0
412.1994683248861,88.0,0.0
412.20134401388145,89.0,0.0
412.20479230130394,88.0,0.0
412.2069814855563,89.0,0.0
412.2118059994383,88.0,0.0
412.21422512680977,89.0,0.0
412.2211301647619,90.0,0.0
412.22307899775063,91.0,0.0
412.2428684252857,90.0,0.0
412.2452898842172,91.0,0.0
412.2596595024345,92.0,0.0
412.2615511137595,91.0,0.0
412.2683478082883,92.0,0.0
412.27314483194897,91.0,0.0
412.2825049876766,92.0,0.0
412.2897512554697,91.0,0.0
412.29386739709344,92.0,0.0
412.3042511409187,91.0,0.0
412.3133560374337,92.0,0.0
412.3159261419675,93.0,0.0
412.3222471529352,92.0,0.0
412.33542534029357,93.0,0.0
412.3609285858229,94.0,0.0
412.36371882884805,95.0,0.0
412.36639025579444,94.0,0.0
412.37562769333493,93.0,0.0
412.379486428145,94.0,0.0
412.38407545994824,95.0,0.0
412.3860580121985,96.0,0.0
412.39168682686784,97.0,0.0
412.39198209190226,96.0,0.0
412.3979242803924,97.0,0.0
412.3980128553227,98.0,0.0
412.3997060693683,97.0,0.0
412.406188376205,98.0,0.0
412.4068702988388,97.0,0.0
412.4145204282492,98.0,0.0
412.42001582641643,99.0,0.0
412.42565849666,98.0,0.0
412.43344815192506,97.0,0.0
412.4345017781263,96.0,0.0
412.43745105072384,95.0,0.0
412.4393479927115,94.0,0.0
412.45065326736903,95.0,0.0
412.45269547961686,94.0,0.0
412.4549359291091,95.0,0.0
412.4555792791657,94.0,0.0
412.45683156704035,95.0,0.0
412.45794042651306,96.0,0.0
412.45877906712445,97.0,0.0
412.4740727311213,96.0,0.0
412.47439358159215,97.0,0.0
412.47636332199403,98.0,0.0
412.4783487522091,97.0,0.0
412.4786045070147,98.0,0.0
412.4825368737497,99.0,0.0
412.482858798826,100.0,0.0
412.48334814515107,101.0,0.0
412.4976970991548,100.0,0.0
412.5015024488151,101.0,0.0
412.50899541901947,102.0,0.0
412.5129135356321,103.0,0.0
412.5140425044532,102.0,0.0
412.5213645266414,103.0,0.0
412.52478644017043,104.0,0.0
412.52723311350985,103.0,0.0
412.5316974457355,104.0,0.0
412.53230955621746,105.0,0.0
412.5352170899256,104.0,0.0
412.53770219947864,105.0,0.0
412.54212690500805,104.0,0.0
412.5495420345069,103.0,0.0
412.5636178350451,104.0,0.0
412.5751342142055,105.0,0.0
412.58182491773584,106.0,0.0
412.58414376220804,107.0,0.0
412.5917974364752,106.0,0.0
412.5997617775043,105.0,0.0
412.60224693530637,106.0,0.0
412.6078651503628,107.0,0.0
412.60918798196235,108.0,0.0
412.6125649984399,109.0,0.0
412.6135698385009,110.0,0.0
412.6157455308648,109.0,0.0
412.61869707085197,110.0,0.0
412.6307278876495,109.0,0.0
412.6340246311125,110.0,0.0
412.64449022425936,111.0,0.0
412.6552161844851,110.0,0.0
412.65856733839945,111.0,0.0
412.6592901501054,110.0,0.0
412.66217508426223,111.0,0.0
412.6688404360631,112.0,0.0
412.67731477196344,111.0,0.0
412.67836973693466,110.0,0.0
412.6821011226327,109.0,0.0
412.68836444606126,108.0,0.0
412.6909439043642,107.0,0.0
412.69105907440485,108.0,0.0
412.6918896935682,109.0,0.0
412.6931019853485,110.0,0.0
412.7054887376213,109.0,0.0
412.71539347234375,110.0,0.0
412.71648729589344,109.0,0.0
412.7190446953075,110.0,0.0
412.7265638393774,111.0,0.0
412.73473385892686,112.0,0.0
412.7350297107972,111.0,0.0
412.74267978764215,112.0,0.0
412.7491534216921,113.0,0.0
412.75088604417357,112.0,0.0
412.75096665267085,113.0,0.0
412.7534184937233,114.0,0.0
412.75440554104546,113.0,0.0
412.7563763734104,112.0,0.0
412.7580091912069,113.0,0.0
412.7609501830064,112.0,0.0
412.76581055432877,113.0,0.0
412.7732336499226,112.0,0.0
412.78119010948575,111.0,0.0
412.7922935161144,112.0,0.0
412.79429864164814,111.0,0.0
412.8034451183197,112.0,0.0
412.8290262739113,113.0,0.0
412.8318415872925,112.0,0.0
412.83518579249227,111.0,0.0
412.83881000120414,110.0,0.0
412.8431659889794,111.0,0.0
412.8525634987717,110.0,0.0
412.8534048239734,111.0,0.0
412.8731293306919,112.0,0.0
412.87642000922324,113.0,0.0
412.88031815971976,112.0,0.0
412.8813536899591,111.0,0.0
412.881960132424,112.0,0.0
412.88203158685764,113.0,0.0
412.8835093769722,114.0,0.0
412.89705213720987,113.0,0.0
412.9001985525735,112.0,0.0
412.90417818559075,113.0,0.0
412.90493749418766,114.0,0.0
412.9052739753643,115.0,0.0
412.90817760509185,114.0,0.0
412.9179742990417,113.0,0.0
412.919629800591,114.0,0.0
412.9303590561772,113.0,0.0
412.9312708307929,112.0,0.0
412.93758372359787,113.0,0.0
412.94463959433,112.0,0.0
412.96656934251996,113.0,0.0
412.97373800114826,112.0,0.0
412.97507700552086,113.0,0.0
412.9794805439354,112.0,0.0
412.9806865655659,111.0,0.0
412.98102225791314,110.0,0.0
412.9835988004982,111.0,0.0
412.99415837551425,112.0,0.0
413.00450742484253,111.0,0.0
413.00729050437656,112.0,0.0
413.0090824126228,113.0,0.0
413.0137717603185,112.0,0.0
413.01589143786777,111.0,0.0
413.0284731507357,112.0,0.0
413.02891934444716,113.0,0.0
413.03986949663863,114.0,0.0
413.0439036224087,115.0,0.0
413.04648654786837,114.0,0.0
413.0518803059045,113.0,0.0
413.05480884875624,112.0,0.0
413.05798194239685,113.0,0.0
413.0612217648303,114.0,0.0
413.0624972585702,113.0,0.0
413.0639227855678,112.0,0.0
413.07007746557315,113.0,0.0
413.070107163817,112.0,0.0
413.075608359763,113.0,0.0
413.0779931064958,114.0,0.0
413.08000727852027,113.0,0.0
413.0804654247276,112.0,0.0
413.08650183871487,111.0,0.0
413.0914652253397,112.0,0.0
413.106592548705,113.0,0.0
413.1084428153949,112.0,0.0
413.1109910550678,113.0,0.0
413.11275144738596,114.0,0.0
413.11489063253026,115.0,0.0
413.11614392294996,114.0,0.0
413.1188715089356,115.0,0.0
413.11891749774566,116.0,0.0
413.12263431836874,115.0,0.0
413.1238595998587,116.0,0.0
413.1271390537095,115.0,0.0
413.1293314767644,116.0,0.0
413.1337869431978,117.0,0.0
413.135080460362,118.0,0.0
413.13918681607294,119.0,0.0
413.13926861568865,120.0,0.0
413.14130999904415,119.0,0.0
413.14560045440004,120.0,0.0
413.15151685651597,121.0,0.0
413.1579601445788,122.0,0.0
413.16132160131724,123.0,0.0
413.16731033068675,122.0,0.0
413.17015897182415,121.0,0.0
413.1717878443629,120.0,0.0
413.1741615833559,121.0,0.0
413.176803758374,120.0,0.0
413.17863636239474,121.0,0.0
413.1805675976293,122.0,0.0
413.18123366664565,123.0,0.0
413.1824508704859,124.0,0.0
413.1952607433805,125.0,0.0
413.20682236727816,126.0,0.0
413.215051261942,127.0,0.0
413.21670553703285,128.0,0.0
413.2244833395182,127.0,0.0
413.2269360051215,128.0,0.0
413.2274719371334,127.0,0.0
413.2293216726876,128.0,0.0
413.23079109799727,127.0,0.0
413.2541030340784,128.0,0.0
413.25505634644793,127.0,0.0
413.2582438596356,128.0,0.0
413.2637813208542,129.0,0.0
413.2771503674323,128.0,0.0
413.2808661000305,127.0,0.0
413.28106623600576,128.0,0.0
413.2829601569843,127.0,0.0
413.2850143286905,126.0,0.0
413.29121826337104,127.0,0.0
413.2920323600869,128.0,0.0
413.29502687083476,127.0,0.0
413.295291307745,128.0,0.0
413.2969145496878,129.0,0.0
413.2978243131177,130.0,0.0
413.3019059637352,131.0,0.0
413.3129279389829,130.0,0.0
413.3195856720222,129.0,0.0
413.32508719595126,128.0,0.0
413.34008421478137,127.0,0.0
413.3402891285834,126.0,0.0
413.34187254825173,127.0,0.0
413.34192942092693,128.0,0.0
413.3462461842044,129.0,0.0
413.35574282097286,130.0,0.0
413.35649013282546,131.0,0.0
413.36219524158435,132.0,0.0
413.36920284063217,133.0,0.0
413.38083884436736,132.0,0.0
413.3873327897836,133.0,0.0
413.4069638705934,132.0,0.0
413.4159406199344,133.0,0.0
413.4160379048909,134.0,0.0
413.42606791840973,135.0,0.0
413.42755065630547,136.0,0.0
413.4344101815906,137.0,0.0
413.4417638874998,136.0,0.0
413.44718816822086,137.0,0.0
413.4559288262654,138.0,0.0
413.45712635237965,139.0,0.0
413.46059993550733,138.0,0.0
413.46446188917736,137.0,0.0
413.4672048578383,138.0,0.0
413.48124514668416,139.0,0.0
413.4889066301154,140.0,0.0
413.4917353908556,141.0,0.0
413.4944965274707,140.0,0.0
413.5010871799846,141.0,0.0
413.5080531654111,142.0,0.0
413.50875720629386,141.0,0.0
413.51243594705335,142.0,0.0
413.51582897440863,143.0,0.0
413.5217079975196,144.0,0.0
413.5260195864148,145.0,0.0
413.5266789529783,146.0,0.0
413.5340465980979,147.0,0.0
413.5434997264541,146.0,0.0
413.54448494569505,147.0,0.0
413.5472395903598,148.0,0.0
413.54846581416723,149.0,0.0
413.55154413730094,150.0,0.0
413.5525686204413,149.0,0.0
413.5563140286198,150.0,0.0
413.55826075059787,151.0,0.0
413.56207357790504,152.0,0.0
413.5748978113387,153.0,0.0
413.5829129551172,152.0,0.0
413.5951146571999,153.0,0.0
413.6006231740553,152.0,0.0
413.6037861700834,153.0,0.0
413.60900289164454,154.0,0.0
413.61329665698867,153.0,0.0
413.6159337500716,154.0,0.0
413.6167738433316,155.0,0.0
413.6279597881573,156.0,0.0
413.62821420474086,157.0,0.0
413.63807687309014,158.0,0.0
413.64326144507885,157.0,0.0
413.6464268475846,158.0,0.0
413.6484155536067,159.0,0.0
413.66058036645546,158.0,0.0
413.66112390829977,159.0,0.0
413.6704673691328,160.0,0.0
413.6716642660654,161.0,0.0
413.67301794141804,160.0,0.0
413.6741408038314,161.0,0.0
413.6800547171595,162.0,0.0
413.6816136836095,161.0,0.0
413.68516827566197,160.0,0.0
413.6853367198544,159.0,0.0
413.69483810181595,158.0,0.0
413.70128272110236,159.0,0.0
413.70279466834955,160.0,0.0
413.7038574761044,159.0,0.0
413.7054394243571,158.0,0.0
413.706473293003,157.0,0.0
413.7075012581688,156.0,0.0
413.7277554902508,157.0,0.0
413.7377880581823,158.0,0.0
413.7424805477846,159.0,0.0
413.74278264920633,160.0,0.0
413.74920374728794,159.0,0.0
413.7594135873093,160.0,0.0
413.7724779951742,161.0,0.0
413.7796980028895,160.0,0.0
413.78049944930694,161.0,0.0
413.79232221314106,162.0,0.0
413.7963117916738,163.0,0.0
413.8024996608046,162.0,0.0
413.80640991727313,163.0,0.0
413.8123907878949,164.0,0.0
413.81688772974906,165.0,0.0
413.83157280663943,166.0,0.0
413.8318392270393,165.0,0.0
413.83364145144,166.0,0.0
413.8354935897333,165.0,0.0
413.8359965509297,166.0,0.0
413.83804528981204,165.0,0.0
413.83848056928974,166.0,0.0
413.83872210388745,165.0,0.0
413.8577227156971,166.0,0.0
413.8625410137565,167.0,0.0
413.8707309024532,168.0,0.0
413.8886542644505,169.0,0.0
413.89061992530964,168.0,0.0
413.89188331781907,169.0,0.0
413.8944521475522,168.0,0.0
413.89572582818664,167.0,0.0
413.898605318537,168.0,0.0
413.8991290805452,167.0,0.0
413.90220925890435,168.0,0.0
413.90303120331725,169.0,0.0
413.904860165499,168.0,0.0
413.9070922301348,169.0,0.0
413.90907580284915,170.0,0.0
413.91168208951024,171.0,0.0
413.91228593142006,172.0,0.0
413.9142826820283,171.0,0.0
413.92345862780536,170.0,0.0
413.9247088466117,171.0,0.0
413.9262898816125,172.0,0.0
413.9313304378468,173.0,0.0
413.93197714269144,174.0,0.0
413.933683652223,173.0,0.0
413.9351273677124,172.0,0.0
413.9351427545172,171.0,0.0
413.93978996764173,172.0,0.0
413.95975805877987,171.0,0.0
413.9630242436174,170.0,0.0
413.96905580568637,169.0,0.0
413.9743630562337,168.0,0.0
413.97536098786867,167.0,0.0
413.9814518272017,168.0,0.0
413.9841720749024,169.0,0.0
413.9911057756992,170.0,0.0
414.0021042974787,171.0,0.0
414.00950397536656,170.0,0.0
414.014623560897,171.0,0.0
414.0148246622103,172.0,0.0
414.01684469471667,173.0,0.0
414.0234310419262,174.0,0.0
414.02504143551425,175.0,0.0
414.02717866198583,174.0,0.0
414.028124619118,175.0,0.0
414.0286018080204,176.0,0.0
414.0512388483673,175.0,0.0
414.05450093065804,174.0,0.0
414.0546543812391,175.0,0.0
414.0648984111561,176.0,0.0
414.0654910366218,177.0,0.0
414.06697260675764,178.0,0.0
414.0695465332256,179.0,0.0
414.070203047391,178.0,0.0
414.07053310049196,179.0,0.0
414.07065178698144,180.0,0.0
414.07987756282586,179.0,0.0
414.083919452958,178.0,0.0
414.0883868549401,179.0,0.0
414.0956938414232,178.0,0.0
414.09929101815834,177.0,0.0
414.10284229901396,178.0,0.0
414.1081152724871,177.0,0.0
414.11139122162734,178.0,0.0
414.1178151378339,179.0,0.0
414.1215972704861,178.0,0.0
414.13054331110726,177.0,0.0
414.1401912619701,176.0,0.0
414.1411593034839,177.0,0.0
414.14983431829177,178.0,0.0
414.154464047963,177.0,0.0
414.15754847344755,178.0,0.0
414.1644785894332,179.0,0.0
414.16537712555464,178.0,0.0
414.1696760110175,179.0,0.0
414.1782700832554,180.0,0.0
414.18591712713754,181.0,0.0
414.1878067408699,182.0,0.0
414.18988776536787,181.0,0.0
414.19345828307496,180.0,0.0
414.19666487019595,181.0,0.0
414.1986375032958,180.0,0.0
414.1987619639104,181.0,0.0
414.20133416819954,182.0,0.0
414.2076585049746,183.0,0.0
414.21016111817056,184.0,0.0
414.2104240298054,185.0,0.0
414.2215445669099,184.0,0.0
414.222931485595,183.0,0.0
414.22675105448474,182.0,0.0
414.2273431631973,183.0,0.0
414.2429842264681,184.0,0.0
414.24776138898403,185.0,0.0
414.25000061324903,186.0,0.0
414.25040831561125,187.0,0.0
414.2561416620972,188.0,0.0
414.2568564024425,187.0,0.0
414.2622652567852,188.0,0.0
414.2642602340721,187.0,0.0
414.26864999874476,188.0,0.0
414.2687802760134,189.0,0.0
414.2715842262833,188.0,0.0
414.2725479846022,187.0,0.0
414.2771162206653,188.0,0.0
414.2848713787013,189.0,0.0
414.2882993676804,190.0,0.0
414.2895348266052,189.0,0.0
414.29498770964244,188.0,0.0
414.3096375966122,189.0,0.0
414.3157526006439,188.0,0.0
414.3196320311817,187.0,0.0
414.3201854213564,188.0,0.0
414.35512480932914,187.0,0.0
414.35931010176034,186.0,0.0
414.3709009491277,185.0,0.0
414.3739428720256,186.0,0.0
414.37987640399206,187.0,0.0
414.38119568373634,186.0,0.0
414.3815984820085,185.0,0.0
414.38387905916557,186.0,0.0
414.3857181868003,187.0,0.0
414.4010515878262,186.0,0.0
414.4035548328337,187.0,0.0
414.40709311667024,188.0,0.0
414.40786331347533,187.0,0.0
414.40909160772645,186.0,0.0
414.4239185138792,185.0,0.0
414.42702687198715,184.0,0.0
414.4313162036771,183.0,0.0
414.43302862015645,182.0,0.0
414.43389491411904,183.0,0.0
414.43446532034824,184.0,0.0
414.43471639594213,185.0,0.0
414.4363494976139,186.0,0.0
414.4389541807768,187.0,0.0
414.43952340390626,188.0,0.0
414.4483937355138,187.0,0.0
414.44977312096694,186.0,0.0
414.4527200830293,185.0,0.0
414.45572474055035,184.0,0.0
414.46096324089496,185.0,0.0
414.4658200028516,186.0,0.0
414.4700140089886,187.0,0.0
414.4727623025302,186.0,0.0
414.4820011026739,185.0,0.0
414.4932069966733,186.0,0.0
414.50192106435765,185.0,0.0
414.50373856771006,186.0,0.0
414.5055404896768,187.0,0.0
414.5077484748256,188.0,0.0
414.5095780201777,187.0,0.0
414.53884213829303,186.0,0.0
414.5463929706453,185.0,0.0
414.55312739055523,184.0,0.0
414.5600884927148,183.0,0.0
414.5620695763402,184.0,0.0
414.57298541317346,185.0,0.0
414.58380731465434,186.0,0.0
414.59416245813725,185.0,0.0
414.5943175079001,186.0,0.0
414.59458454936214,185.0,0.0
414.6115152378584,184.0,0.0
414.61426421954485,185.0,0.0
414.6199589083244,186.0,0.0
414.6244292442933,185.0,0.0
414.62636449318285,186.0,0.0
414.63111849113005,187.0,0.0
414.63347694220204,186.0,0.0
414.63638260757796,185.0,0.0
414.647547217085,186.0,0.0
414.65393174789824,185.0,0.0
414.6557632111839,184.0,0.0
414.6594811078323,185.0,0.0
414.6779010031414,186.0,0.0
414.6791033277823,187.0,0.0
414.6796033509433,188.0,0.0
414.6811728204193,189.0,0.0
414.68700770851956,190.0,0.0
414.6898989793006,189.0,0.0
414.69506730938144,190.0,0.0
414.7032267475774,191.0,0.0
414.70704966171627,192.0,0.0
414.72148473949073,191.0,0.0
414.7231410892182,192.0,0.0
414.725575063203,191.0,0.0
414.725975082474,192.0,0.0
414.7400798308345,193.0,0.0
414.7422306149332,192.0,0.0
414.74885585325774,191.0,0.0
414.7506020735134,190.0,0.0
414.75390192332867,189.0,0.0
414.75469350172534,190.0,0.0
414.7601822192888,191.0,0.0
414.7641789228289,192.0,0.0
414.76596456601266,193.0,0.0
414.7685176856779,192.0,0.0
414.77426567898897,193.0,0.0
414.77699225443337,194.0,0.0
414.7792067389465,193.0,0.0
414.7825157526048,192.0,0.0
414.79692978379785,193.0,0.0
414.79900625306095,192.0,0.0
414.80116067068786,193.0,0.0
414.801839155018,192.0,0.0
414.8032254605196,191.0,0.0
414.80516425442187,190.0,0.0
414.8058802320376,189.0,0.0
414.8061788598276,190.0,0.0
414.8121060073087,189.0,0.0
414.81369959325207,188.0,0.0
414.8144628923498,187.0,0.0
414.81446514924204,188.0,0.0
414.8284424545258,187.0,0.0
414.8318635877561,188.0,0.0
414.8377725613611,187.0,0.0
414.83943879917234,186.0,0.0
414.84442193717825,185.0,0.0
414.8495510272666,184.0,0.0
414.85017829177644,183.0,0.0
414.85487171267545,182.0,0.0
414.8578361538932,181.0,0.0
414.85935846751073,180.0,0.0
414.8626683558277,179.0,0.0
414.8650389267188,180.0,0.0
414.8664069701927,181.0,0.0
414.87334145063744,182.0,0.0
414.87612048481395,183.0,0.0
414.8778984100881,182.0,0.0
414.88035429811544,183.0,0.0
414.89418200577967,184.0,0.0
414.8957704806156,185.0,0.0
414.9022323889163,184.0,0.0
414.91280656769675,185.0,0.0
414.92032168730054,186.0,0.0
414.9238169161311,185.0,0.0
414.9294264642384,186.0,0.0
414.93254859287657,185.0,0.0
414.9350121528569,186.0,0.0
414.9387931317214,187.0,0.0
414.95128509414997,186.0,0.0
414.95190105189204,185.0,0.0
414.9647101654106,186.0,0.0
414.9670104595991,185.0,0.0
414.9730512424797,186.0,0.0
414.97638772204687,185.0,0.0
414.9791046190214,184.0,0.0
415.005397026257,185.0,0.0
415.00980195249986,186.0,0.0
415.013663363962,187.0,0.0
415.01379051772835,188.0,0.0
415.01447580794024,189.0,0.0
415.01470570225575,188.0,0.0
415.0266025844344,187.0,0.0
415.04169293809554,186.0,0.0
415.0474764713053,185.0,0.0
415.04834284965796,184.0,0.0
415.0622014693117,183.0,0.0
415.0688719684165,184.0,0.0
415.06934113877475,183.0,0.0
415.0698814575663,184.0,0.0
415.0702274135047,183.0,0.0
415.07262353348705,184.0,0.0
415.0781914843822,183.0,0.0
415.0892721010128,182.0,0.0
415.09476037266637,181.0,0.0
415.1488779341408,182.0,0.0
415.15271826417614,183.0,0.0
415.15476594433545,182.0,0.0
415.16005024864035,181.0,0.0
415.16237499938103,180.0,0.0
415.1639861201192,179.0,0.0
415.164295483004,180.0,0.0
415.16559324251983,181.0,0.0
415.16571333801716,180.0,0.0
415.1703221044085,179.0,0.0
415.1703547765209,180.0,0.0
415.1926076041692,179.0,0.0
415.19919443796346,178.0,0.0
415.2026621590413,179.0,0.0
415.2042557354472,178.0,0.0
415.205630106711,177.0,0.0
415.21025117937586,176.0,0.0
415.21084270520504,175.0,0.0
415.2229131691213,176.0,0.0
415.2259811680103,175.0,0.0
415.2281580412873,174.0,0.0
415.23300138108755,173.0,0.0
415.23467614406746,172.0,0.0
415.23637682823966,171.0,0.0
415.2384720809489,172.0,0.0
415.24053446153204,173.0,0.0
415.2467439831401,174.0,0.0
415.2492536450367,175.0,0.0
415.2496409693624,174.0,0.0
415.25152849545213,173.0,0.0
415.2556706394475,172.0,0.0
415.26186231610995,171.0,0.0
415.26448361363333,172.0,0.0
415.26701418637845,173.0,0.0
415.2674054557618,174.0,0.0
415.275181697155,175.0,0.0
415.28251189541385,176.0,0.0
415.28273110774524,177.0,0.0
415.29328162286106,178.0,0.0
415.29370466812,177.0,0.0
415.30259003264257,176.0,0.0
415.31086989305214,175.0,0.0
415.31452877715276,174.0,0.0
415.32082823161096,173.0,0.0
415.3227031197233,174.0,0.0
415.34976796791995,173.0,0.0
415.35219079284434,172.0,0.0
415.3609799601801,171.0,0.0
415.36247450090184,172.0,0.0
415.36444488164483,171.0,0.0
415.3664375389405,170.0,0.0
415.36958256437885,171.0,0.0
415.3755759983201,172.0,0.0
415.38033256833495,171.0,0.0
415.4003311602412,172.0,0.0
415.4033232104919,171.0,0.0
415.40569259841,170.0,0.0
415.40839183757925,171.0,0.0
415.41566565730795,170.0,0.0
415.4216243078644,169.0,0.0
415.4271735802847,170.0,0.0
415.4273720771341,171.0,0.0
415.42966891621745,172.0,0.0
415.43578530641395,171.0,0.0
415.45063683750925,172.0,0.0
415.4531393684128,171.0,0.0
415.4621355062435,170.0,0.0
415.4623169291529,169.0,0.0
415.46912555803806,170.0,0.0
415.4711975296994,169.0,0.0
415.4723436010337,170.0,0.0
415.4808513273447,171.0,0.0
415.48766904987286,172.0,0.0
415.4941577101783,173.0,0.0
415.5144380191369,174.0,0.0
415.5154214442732,175.0,0.0
415.51733731050285,174.0,0.0
415.52174568948703,175.0,0.0
415.52718546065995,176.0,0.0
415.54125545121263,175.0,0.0
415.5419476786425,176.0,0.0
415.5435617893064,175.0,0.0
415.54533302940644,176.0,0.0
415.5511909933717,175.0,0.0
415.5538278067016,176.0,0.0
415.55421538941175,177.0,0.0
415.55431958628856,176.0,0.0
415.55447236771226,177.0,0.0
415.55647981995173,178.0,0.0
415.57173933185584,179.0,0.0
415.57214843898197,178.0,0.0
415.574212154801,177.0,0.0
415.5744697767172,178.0,0.0
415.5764902665484,177.0,0.0
415.5892971381936,178.0,0.0
415.59604354289485,177.0,0.0
415.6101265158891,178.0,0.0
415.6137435669338,177.0,0.0
415.62613450562577,176.0,0.0
415.63324619620283,175.0,0.0
415.6339123605217,176.0,0.0
415.64140604412296,175.0,0.0
415.64577927963194,174.0,0.0
415.66267271861415,175.0,0.0
415.66966257722567,174.0,0.0
415.6727652780013,173.0,0.0
415.6837287163934,172.0,0.0
415.68661620891436,171.0,0.0
415.697993454832,170.0,0.0
415.7067991835329,169.0,0.0
415.71098187275135,168.0,0.0
415.71720894069256,167.0,0.0
415.7195184655486,166.0,0.0
415.7262132090186,167.0,0.0
415.7275298053462,166.0,0.0
415.7305924489852,165.0,0.0
415.73279684656774,164.0,0.0
415.7351805974807,165.0,0.0
415.7352494011669,164.0,0.0
415.7395752040355,163.0,0.0
415.7463404140952,162.0,0.0
415.75391473338874,161.0,0.0
415.7585015714269,160.0,0.0
415.76026394890755,159.0,0.0
415.77047157237763,158.0,0.0
415.7719410508385,159.0,0.0
415.7765945474386,160.0,0.0
415.7798421672357,161.0,0.0
415.78468050443104,162.0,0.0
415.7859480583007,163.0,0.0
415.8091060964758,162.0,0.0
415.81331585276706,163.0,0.0
415.8183930620994,164.0,0.0
415.8195150946104,163.0,0.0
415.82327224469617,162.0,0.0
415.83418998236635,163.0,0.0
415.8366268154309,164.0,0.0
415.8371056589546,163.0,0.0
415.8433895690955,164.0,0.0
415.84629255116835,163.0,0.0
415.84936085321925,164.0,0.0
415.86329499837467,163.0,0.0
415.8650244562419,164.0,0.0
415.8694328290277,165.0,0.0
415.8720507107428,166.0,0.0
415.87705859361233,167.0,0.0
415.87849858093216,168.0,0.0
415.87872079636105,167.0,0.0
415.8886024454352,166.0,0.0
415.89741695570524,165.0,0.0
415.909556895614,164.0,0.0
415.9124752552636,163.0,0.0
415.9183672948255,164.0,0.0
415.9212170723904,163.0,0.0
415.9246318901822,164.0,0.0
415.9256345569261,163.0,0.0
415.9274551352129,162.0,0.0
415.9331207167897,161.0,0.0
415.94191040667874,162.0,0.0
415.94585188416846,163.0,0.0
415.9571396848668,164.0,0.0
415.9582382296595,165.0,0.0
415.96017687535635,166.0,0.0
415.9688934764012,165.0,0.0
415.97582515203266,164.0,0.0
415.9836689754134,163.0,0.0
415.98648724397924,162.0,0.0
415.98751573896624,161.0,0.0
416.00060915638306,162.0,0.0
416.0031930622442,161.0,0.0
416.01285133501517,162.0,0.0
416.01381996535395,163.0,0.0
416.01458672334536,162.0,0.0
416.0211977403081,161.0,0.0
416.0372666572105,160.0,0.0
416.04509823716745,159.0,0.0
416.0636239110966,158.0,0.0
416.0659644424778,157.0,0.0
416.07023512290175,156.0,0.0
416.080952536828,157.0,0.0
416.0814481188738,158.0,0.0
416.0820379664869,157.0,0.0
416.1024226611852,156.0,0.0
416.1027830228062,157.0,0.0
416.10874355956673,156.0,0.0
416.1436266864648,155.0,0.0
416.1448908655408,156.0,0.0
416.14534438032854,155.0,0.0
416.14858396235144,154.0,0.0
416.1508673871049,153.0,0.0
416.1520844725437,154.0,0.0
416.153170756814,155.0,0.0
416.1607380561247,156.0,0.0
416.1627930905586,155.0,0.0
416.16920235359936,156.0,0.0
416.1786107383313,155.0,0.0
416.1868290966599,156.0,0.0
416.18864536136977,155.0,0.0
416.2107978270884,156.0,0.0
416.2177149147542,155.0,0.0
416.2270941103503,156.0,0.0
416.23007400624374,155.0,0.0
416.2303081059592,154.0,0.0
416.23179441576787,155.0,0.0
416.23378809256536,154.0,0.0
416.24491271140806,153.0,0.0
416.28478046636735,154.0,0.0
416.2859424513682,155.0,0.0
416.3032100628596,156.0,0.0
416.3040485604045,155.0,0.0
416.305557660899,154.0,0.0
416.3106263694409,153.0,0.0
416.31889442766976,152.0,0.0
416.32124020792503,151.0,0.0
416.3298215312407,152.0,0.0
416.34356735884074,151.0,0.0
416.34437013745213,152.0,0.0
416.34565767252275,151.0,0.0
416.35610757731797,152.0,0.0
416.369171717971,153.0,0.0
416.37237922325005,154.0,0.0
416.3763198645688,153.0,0.0
416.37685023292687,154.0,0.0
416.38597070013884,155.0,0.0
416.39930385928795,154.0,0.0
416.3999669923328,153.0,0.0
416.4034505500137,154.0,0.0
416.41676401381716,153.0,0.0
416.4204585329852,154.0,0.0
416.4339523497726,155.0,0.0
416.43684995051854,154.0,0.0
416.44289314532466,153.0,0.0
416.4455841731552,152.0,0.0
416.4471328413535,151.0,0.0
416.45801775056896,150.0,0.0
416.46262157348485,149.0,0.0
416.46383183279937,148.0,0.0
416.4774947431497,149.0,0.0
416.49082981570933,148.0,0.0
416.4983184713612,149.0,0.0
416.5060192310246,150.0,0.0
416.5079279917251,149.0,0.0
416.50985474348903,148.0,0.0
416.51022801729613,147.0,0.0
416.5164405251439,148.0,0.0
416.52555075678504,147.0,0.0
416.5371989411805,146.0,0.0
416.54534598868173,145.0,0.0
416.55412681902357,146.0,0.0
416.57921405401345,145.0,0.0
416.58012820520014,144.0,0.0
416.59139651753696,143.0,0.0
416.5982060159829,142.0,0.0
416.6006480221327,141.0,0.0
416.60066300427326,140.0,0.0
416.6032521453096,139.0,0.0
416.61497962649065,138.0,0.0
416.6224677936633,139.0,0.0
416.63843749965866,138.0,0.0
416.64042559733707,137.0,0.0
416.6433876761006,138.0,0.0
416.6490453085403,139.0,0.0
416.6491356861694,140.0,0.0
416.663056732396,139.0,0.0
416.6726967017284,138.0,0.0
416.6915762468834,139.0,0.0
416.7010319877375,138.0,0.0
416.70359371574693,137.0,0.0
416.72822844041406,136.0,0.0
416.73256714107,137.0,0.0
416.7400197425478,136.0,0.0
416.743367594737,135.0,0.0
416.7456322933456,136.0,0.0
416.746654693956,135.0,0.0
416.753900411606,136.0,0.0
416.76338832136673,135.0,0.0
416.7677600092869,134.0,0.0
416.76946456588286,133.0,0.0
416.77513226485456,134.0,0.0
416.77989639418246,135.0,0.0
416.7845993718617,136.0,0.0
416.7856516023148,137.0,0.0
416.7880002785769,138.0,0.0
416.7932452359967,137.0,0.0
416.79639997752764,136.0,0.0
416.7983024006245,137.0,0.0
416.8042322195763,136.0,0.0
416.82397893133447,135.0,0.0
416.8258960286591,136.0,0.0
416.8315277805962,135.0,0.0
416.8382887707356,134.0,0.0
416.84232654999846,133.0,0.0
416.8428567099219,134.0,0.0
416.85080299115464,133.0,0.0
416.8517829082143,134.0,0.0
416.8584860885004,135.0,0.0
416.8606530405525,134.0,0.0
416.8769425135875,133.0,0.0
416.8786876546546,132.0,0.0
416.8813173325353,133.0,0.0
416.89038276111506,132.0,0.0
416.890839977363,133.0,0.0
416.8922440883812,132.0,0.0
416.8925026535466,133.0,0.0
416.89581745886824,134.0,0.0
416.90009098793473,133.0,0.0
416.9058591941543,132.0,0.0
416.91245933822916,131.0,0.0
416.92030718585534,130.0,0.0
416.92909001350387,129.0,0.0
416.93265785871665,128.0,0.0
416.9414170425985,127.0,0.0
416.9476579461925,126.0,0.0
416.94851038875623,125.0,0.0
416.95331581884096,124.0,0.0
416.9563836916781,123.0,0.0
416.95675319626116,124.0,0.0
416.9571289113244,123.0,0.0
416.9901248371325,122.0,0.0
416.9923101211225,123.0,0.0
416.99533802714404,124.0,0.0
417.00523232510227,123.0,0.0
417.0056196304362,124.0,0.0
417.01104907501434,123.0,0.0
417.01206868329234,124.0,0.0
417.01375507615774,123.0,0.0
417.0179772657592,122.0,0.0
417.0189464403309,121.0,0.0
417.0194997429768,122.0,0.0
417.02694863178533,121.0,0.0
417.0283313666652,122.0,0.0
417.0369043143488,121.0,0.0
417.0371906639196,120.0,0.0
417.0391273562428,121.0,0.0
417.05585566473104,120.0,0.0
417.0575382878015,121.0,0.0
417.06007681983937,120.0,0.0
417.0645285749409,121.0,0.0
417.0703679680352,120.0,0.0
417.07068139060084,121.0,0.0
417.08133566222705,120.0,0.0
417.0819935645859,121.0,0.0
417.08433777810205,120.0,0.0
417.08983012925324,119.0,0.0
417.0956486349482,118.0,0.0
417.0959818238491,117.0,0.0
417.0986924830477,116.0,0.0
417.1029132646007,117.0,0.0
417.1059639779497,118.0,0.0
417.12025814059245,119.0,0.0
417.1255560000027,118.0,0.0
417.12746929530016,117.0,0.0
417.1425135293724,118.0,0.0
417.14497456946486,117.0,0.0
417.14625197664304,118.0,0.0
417.1524005789959,119.0,0.0
417.1529315489862,120.0,0.0
417.1529486469964,119.0,0.0
417.1550649317956,118.0,0.0
417.1565071893968,117.0,0.0
417.1921083906424,118.0,0.0
417.19542222252085,117.0,0.0
417.2168497028996,116.0,0.0
417.21893622718164,115.0,0.0
417.2197305634506,116.0,0.0
417.2236195576801,115.0,0.0
417.229632819619,116.0,0.0
417.23225651205865,117.0,0.0
417.2371135023834,116.0,0.0
417.2503484893745,115.0,0.0
417.2507986364511,114.0,0.0
417.25797270820254,113.0,0.0
417.2706836752186,112.0,0.0
417.27274101917715,113.0,0.0
417.2806714635396,112.0,0.0
417.297283267806,113.0,0.0
417.32438429059,112.0,0.0
417.3244333630762,113.0,0.0
417.3261141431182,112.0,0.0
417.329913578978,111.0,0.0
417.33452729126077,112.0,0.0
417.3389159256316,113.0,0.0
417.34425249529494,112.0,0.0
417.35606424522445,111.0,0.0
417.3747213514974,110.0,0.0
417.38234412089196,109.0,0.0
417.3836032867258,110.0,0.0
417.39307825290007,111.0,0.0
417.4026507447177,112.0,0.0
417.4118904516037,111.0,0.0
417.4259788742548,110.0,0.0
417.42769480510304,109.0,0.0
417.44306262158483,108.0,0.0
417.45173354443307,107.0,0.0
417.4835409817051,106.0,0.0
417.48653962426886,105.0,0.0
417.4906203670163,104.0,0.0
417.4960176189943,105.0,0.0
417.49855081587185,104.0,0.0
417.50384604420276,103.0,0.0
417.5276289760956,104.0,0.0
417.5308824353184,103.0,0.0
417.5392873511948,102.0,0.0
417.5436210322865,101.0,0.0
417.5522719593441,102.0,0.0
417.5522742562999,101.0,0.0
417.5748269134004,102.0,0.0
417.5784484043928,103.0,0.0
417.57908181848194,104.0,0.0
417.58269257293824,105.0,0.0
417.5865789545293,106.0,0.0
417.60662755106677,105.0,0.0
417.61445397462734,104.0,0.0
417.6311917043598,105.0,0.0
417.6413598889855,104.0,0.0
417.64563761086146,103.0,0.0
417.6485771553174,102.0,0.0
417.66570849819783,101.0,0.0
417.66703726004096,102.0,0.0
417.67148072309755,103.0,0.0
417.6735965687328,102.0,0.0
417.67437809924223,103.0,0.0
417.6802275599305,102.0,0.0
417.70488539810214,101.0,0.0
417.7073133395032,100.0,0.0
417.71714486734743,101.0,0.0
417.72045826242896,100.0,0.0
417.72432836584034,101.0,0.0
417.72570832123614,102.0,0.0
417.7306304736667,101.0,0.0
417.7449695809771,100.0,0.0
417.74883843737683,99.0,0.0
417.7696909017039,98.0,0.0
417.7728194611509,97.0,0.0
417.78106866419483,96.0,0.0
417.7862617055956,95.0,0.0
417.78779602736006,96.0,0.0
417.79416521817024,97.0,0.0
417.7967581469333,98.0,0.0
417.7973073605294,97.0,0.0
417.79987063265133,98.0,0.0
417.80377203788476,99.0,0.0
417.8054008983268,100.0,0.0
417.81067592241294,99.0,0.0
417.8119984995498,98.0,0.0
417.8155699853638,99.0,0.0
417.8172383757008,98.0,0.0
417.818949279719,99.0,0.0
417.8292350487708,98.0,0.0
417.83282447050135,97.0,0.0
417.83739133776953,98.0,0.0
417.84305312758164,97.0,0.0
417.8435129416726,96.0,0.0
417.8438476958569,95.0,0.0
417.85978221880066,96.0,0.0
417.8606375664275,97.0,0.0
417.8662375098395,96.0,0.0
417.88508546593926,95.0,0.0
417.8963231319583,94.0,0.0
417.9000597962725,93.0,0.0
417.903400100004,92.0,0.0
417.9067787651103,91.0,0.0
417.91249620570085,90.0,0.0
417.9145744731184,91.0,0.0
417.91940382966584,90.0,0.0
417.9308462904234,89.0,0.0
417.94437418077183,88.0,0.0
417.9491921705007,87.0,0.0
417.9543231949389,86.0,0.0
417.9580564023854,85.0,0.0
417.9742141126072,86.0,0.0
417.9807908711984,85.0,0.0
417.99448971345066,84.0,0.0
417.9954655462296,85.0,0.0
417.99643003175385,84.0,0.0
418.0074469400673,83.0,0.0
418.0091426301848,84.0,0.0
418.0110022450432,85.0,0.0
418.0207818360868,86.0,0.0
418.0263107075596,85.0,0.0
418.072856889839,86.0,0.0
418.0812650964188,85.0,0.0
418.09003183689043,84.0,0.0
418.09756235143044,85.0,0.0
418.0995138965467,84.0,0.0
418.1042144519416,85.0,0.0
418.1119710884419,84.0,0.0
418.11735242501777,83.0,0.0
418.1223020479442,82.0,0.0
418.1239028508402,83.0,0.0
418.1334891149565,82.0,0.0
418.13396068640617,83.0,0.0
418.1668159141545,82.0,0.0
418.18897199713643,81.0,0.0
418.2077846321188,80.0,0.0
418.21777571613046,79.0,0.0
418.2392630522412,78.0,0.0
418.2484690052552,79.0,0.0
418.26135776281143,78.0,0.0
418.26585684667367,79.0,0.0
418.283291675739,78.0,0.0
418.28904461637956,79.0,0.0
418.3141379217755,80.0,0.0
418.32115087548993,79.0,0.0
418.33054099818986,78.0,0.0
418.34461289263896,77.0,0.0
418.3545069166667,76.0,0.0
418.3598550531277,75.0,0.0
418.38397748178744,76.0,0.0
418.3904711870166,75.0,0.0
418.40345041815,74.0,0.0
418.4045781807931,73.0,0.0
418.41084700471686,72.0,0.0
418.4120194478924,73.0,0.0
418.41344437228895,72.0,0.0
418.41760326329205,71.0,0.0
418.428122576687,70.0,0.0
418.42912399036953,69.0,0.0
418.4301253254298,68.0,0.0
418.44202411679015,67.0,0.0
418.4548231873473,68.0,0.0
418.470895556963,69.0,0.0
418.47354450348547,68.0,0.0
418.4844472312229,67.0,0.0
418.50277214608343,68.0,0.0
418.503763209588,69.0,0.0
418.50383648088933,68.0,0.0
418.5181910499611,67.0,0.0
418.5238683534789,66.0,0.0
418.5260674979354,65.0,0.0
418.5402492581518,64.0,0.0
418.5442335398143,63.0,0.0
418.5464566551272,62.0,0.0
418.55768734241,61.0,0.0
418.56544604801195,62.0,0.0
418.5700752069365,63.0,0.0
418.57123472706786,62.0,0.0
418.5720947908979,63.0,0.0
418.57303298827594,62.0,0.0
418.57392858259215,61.0,0.0
418.5850922137976,60.0,0.0
418.6164448697909,59.0,0.0
418.6247229194649,58.0,0.0
418.62968431163154,57.0,0.0
418.63117619259754,58.0,0.0
418.63140763595715,57.0,0.0
418.65647889880154,58.0,0.0
418.6660769511978,57.0,0.0
418.66625652042904,58.0,0.0
418.6858337661397,57.0,0.0
418.6867035646426,56.0,0.0
418.6922660153007,55.0,0.0
418.6978630611506,56.0,0.0
418.7101259955026,57.0,0.0
418.7267112136903,56.0,0.0
418.75061429963597,55.0,0.0
418.7651622172182,54.0,0.0
418.781291930253,55.0,0.0
418.8011114441942,56.0,0.0
418.8051905833272,55.0,0.0
418.81941409222316,56.0,0.0
418.82667494937164,57.0,0.0
418.83093321610903,58.0,0.0
418.83284893377515,57.0,0.0
418.86921785570036,56.0,0.0
418.87327618817113,55.0,0.0
418.89067266606753,56.0,0.0
418.90937660441375,57.0,0.0
418.92299823004606,56.0,0.0
418.9233145289168,55.0,0.0
418.9238259475632,56.0,0.0
418.9570944411419,55.0,0.0
418.96138150457557,54.0,0.0
418.962298316667,53.0,0.0
418.96652394957465,54.0,0.0
418.97243228046506,53.0,0.0
418.9751744759434,54.0,0.0
418.97676269483617,53.0,0.0
418.98571898804806,52.0,0.0
418.99529406088766,51.0,0.0
419.0069744246044,50.0,0.0
419.0211663759274,51.0,0.0
419.03016478105934,52.0,0.0
419.0365440665695,51.0,0.0
419.045834254677,50.0,0.0
419.0578477757174,51.0,0.0
419.06336305572904,50.0,0.0
419.06387055662054,51.0,0.0
419.0739739620726,50.0,0.0
419.07435661032923,49.0,0.0
419.0760004034083,48.0,0.0
419.0868209777417,47.0,0.0
419.0916045906473,46.0,0.0
419.0952379383087,45.0,0.0
419.0964881163314,46.0,0.0
419.103435777195,45.0,0.0
419.12072824611096,44.0,0.0
419.1513513810398,45.0,0.0
419.1540180044824,46.0,0.0
419.15696106636483,45.0,0.0
419.1618887579891,46.0,0.0
419.17701064198076,45.0,0.0
419.1952301999913,44.0,0.0
419.20268491567896,43.0,0.0
419.21228958564757,42.0,0.0
419.21476533671307,43.0,0.0
419.2263641312137,42.0,0.0
419.2276868285333,41.0,0.0
419.22811023839733,42.0,0.0
419.23622856425453,41.0,0.0
419.2410819741598,40.0,0.0
419.25657888852686,39.0,0.0
419.27474939507795,38.0,0.0
419.2808618614094,37.0,0.0
419.2928088416782,38.0,0.0
419.3135787117685,37.0,0.0
419.31823217231533,36.0,0.0
419.3185606334252,35.0,0.0
419.3384693189398,34.0,0.0
419.35533913235844,33.0,0.0
419.36918750502275,32.0,0.0
419.369729854161,33.0,0.0
419.37203861167814,32.0,0.0
419.37427887973735,31.0,0.0
419.38289132966105,30.0,0.0
419.4004455429935,29.0,0.0
419.4039525038323,28.0,0.0
419.4052627601278,29.0,0.0
419.40996188864017,28.0,0.0
419.413826609455,29.0,0.0
419.43367932610397,28.0,0.0
419.4350427005435,27.0,0.0
419.44721570434945,26.0,0.0
419.45361650881114,25.0,0.0
419.4582828745048,24.0,0.0
419.47735150848024,23.0,0.0
419.48535392313255,24.0,0.0
419.4886299359346,23.0,0.0
419.49164408480374,22.0,0.0
419.4946224999692,21.0,0.0
419.5020878190971,20.0,0.0
419.5164995669943,19.0,0.0
419.5201403248295,18.0,0.0
419.55080812307693,19.0,0.0
419.55207923896944,18.0,0.0
419.5522221635164,17.0,0.0
419.55331768647676,16.0,0.0
419.55665320082863,17.0,0.0
419.5683872842285,16.0,0.0
419.5688103610321,17.0,0.0
419.58604419296717,16.0,0.0
419.5958361263709,15.0,0.0
419.59796085185496,14.0,0.0
419.6065061760107,15.0,0.0
419.62713607050745,14.0,0.0
419.6571849450865,13.0,0.0
419.7142112700059,12.0,0.0
419.71663765019247,13.0,0.0
419.71722874797507,12.0,0.0
419.72005222751585,11.0,0.0
419.7228243778965,10.0,0.0
419.72910303256697,9.0,0.0
419.7298299764469,8.0,0.0
419.7301923767669,7.0,0.0
419.7304886531067,8.0,0.0
419.74046059152556,9.0,0.0
419.7583107429095,8.0,0.0
419.76066987518277,7.0,0.0
419.7623422352361,6.0,0.0
419.77074550940426,5.0,0.0
419.78168126941284,4.0,0.0
419.792624342938,5.0,0.0
419.79284055115215,4.0,0.0
419.8369724816293,3.0,0.0
419.840152492486,2.0,0.0
419.849830673157,3.0,0.0
419.85803518567786,4.0,0.0
419.8582747607227,3.0,0.0
419.86672701683517,4.0,0.0
419.8867712274151,3.0,0.0
419.8910293660334,4.0,0.0
419.90742890339186,5.0,0.0
419.91272886049836,4.0,0.0
419.93642586648593,3.0,0.0
419.93787444647324,2.0,0.0
419.9500985414152,3.0,0.0
419.9513782292151,2.0,0.0
419.9554733963839,3.0,0.0
419.98036917504174,2.0,0.0
419.980572429192,1.0,0.0
420.00034561581157,0.0,0.0
420.03203079383826,1.0,0.0
420.0354134133089,0.0,0.0
420.05382601097205,1.0,0.0
420.06447291699027,0.0,0.0
420.10427237950523,1.0,0.0
420.1052312167867,2.0,0.0
420.1195699869033,1.0,0.0
420.1394820599896,0.0,0.0
420.212935913231,1.0,0.0
420.2623499524019,0.0,0.0
420.26918242682507,1.0,0.0
420.29091945731255,0.0,0.0
420.3059291482957,1.0,0.0
420.3109690799001,0.0,0.0
420.50116964801964,1.0,0.0
420.5108636580203,0.0,0.0
420.53566280890846,1.0,0.0
420.5426404403116,0.0,0.0
420.5836468296742,1.0,0.0
420.59971339016573,0.0,0.0
420.610266085127,1.0,0.0
420.61723034587595,2.0,0.0
420.6235321168645,1.0,0.0
420.6397773113189,0.0,0.0
420.6892072974373,1.0,0.0
420.6940909237866,2.0,0.0
420.7024732873782,3.0,0.0
420.72625207762053,2.0,0.0
420.75074112720165,1.0,0.0
420.75162138611637,0.0,0.0
420.84446165098655,1.0,0.0
420.84986822368484,0.0,0.0
420.9087368955037,1.0,0.0
420.9125218830873,2.0,0.0
420.9167380044869,3.0,0.0
420.9449125535272,2.0,0.0
420.979414854757,1.0,0.0
420.9969279524925,0.0,0.0
421.0413677005675,1.0,0.0
421.04689675692055,0.0,0.0
421.081888194679,1.0,0.0
421.0919296203934,0.0,0.0
421.17612668826513,1.0,0.0
421.18337162015206,0.0,0.0
421.35944533105857,1.0,0.0
421.3782078041535,2.0,0.0
421.3785872709069,1.0,0.0
421.3809620806455,2.0,0.0
421.38203171024276,1.0,0.0
421.42739226996423,0.0,0.0
421.4735251303475,1.0,0.0
421.478339761781,0.0,0.0
421.5887519671358,1.0,0.0
421.6199827138193,0.0,0.0
421.6712976414142,1.0,0.0
421.67221955696493,2.0,0.0
421.6749453871886,1.0,0.0
421.70966114517796,2.0,0.0
421.7121724861894,1.0,0.0
421.7327223956293,0.0,0.0
421.73510459468747,1.0,0.0
421.75637730610345,2.0,0.0
421.79099471132844,1.0,0.0
421.7924386844544,2.0,0.0
421.79862815460274,1.0,0.0
421.8404689491424,2.0,0.0
421.84171082889316,1.0,0.0
421.8435880140274,0.0,0.0
421.9173325232902,1.0,0.0
421.9258852303901,0.0,0.0
421.9829953556639,1.0,0.0
421.98378531562463,0.0,0.0
422.0189940411794,1.0,0.0
422.02723628299384,2.0,0.0
422.0601569582174,1.0,0.0
422.0770948574062,0.0,0.0
422.15025646716384,1.0,0.0
422.1643619502733,0.0,0.0
422.1742398037793,1.0,0.0
422.1754330508308,0.0,0.0
422.2118103712681,1.0,0.0
422.2184913697299,0.0,0.0
422.22074056620494,1.0,0.0
422.25697924251176,2.0,0.0
422.2587718394947,1.0,0.0
422.2638767142819,0.0,0.0
422.3126296198927,1.0,0.0
422.31776919675207,2.0,0.0
422.35644666118725,1.0,0.0
422.3798717076168,2.0,0.0
422.4106072467146,3.0,0.0
422.41360781863864,4.0,0.0
422.4846764523081,5.0,0.0
422.49396526708153,4.0,0.0
422.5004384127439,5.0,0.0
422.5087540759765,4.0,0.0
422.5157828297937,5.0,0.0
422.5229041314331,4.0,0.0
422.5267082433656,3.0,0.0
422.52752578644134,2.0,0.0
422.5296266377381,3.0,0.0
422.530978817235,2.0,0.0
422.5430428541187,3.0,0.0
422.54954405780893,4.0,0.0
422.5496470792215,3.0,0.0
422.5541641388506,4.0,0.0
422.5576752123907,3.0,0.0
422.5828284056185,4.0,0.0
422.59157821923304,3.0,0.0
422.5918873761109,2.0,0.0
422.59518056103377,3.0,0.0
422.6037140958532,4.0,0.0
422.6096571849678,3.0,0.0
422.6184733807484,4.0,0.0
422.6216327169197,3.0,0.0
422.6534935536602,2.0,0.0
422.65361113762947,1.0,0.0
422.66230427117637,0.0,0.0
422.72154149963654,1.0,0.0
422.74530222568035,0.0,0.0
422.754484366633,1.0,0.0
422.7684559740504,0.0,0.0
422.7778510054376,1.0,0.0
422.7824829075057,2.0,0.0
422.7825781933705,1.0,0.0
422.7826503896004,0.0,0.0
422.8128308785799,1.0,0.0
422.8305655409732,2.0,0.0
422.8719285225111,1.0,0.0
422.87705533229547,0.0,0.0
422.9150577404445,1.0,0.0
422.9408033415769,0.0,0.0
422.9928072617199,1.0,0.0
423.0045760880357,2.0,0.0
423.01035955550265,1.0,0.0
423.0117755376964,0.0,0.0
423.02098137978874,1.0,0.0
423.02734206853114,0.0,0.0
423.03580724061027,1.0,0.0
423.0408150097706,2.0,0.0
423.0410527535845,3.0,0.0
423.0419836414526,4.0,0.0
423.0498809155705,3.0,0.0
423.0559804532164,2.0,0.0
423.0560123651765,1.0,0.0
423.05666401266967,2.0,0.0
423.060637234292,1.0,0.0
423.0800613483357,0.0,0.0
423.1592821226063,1.0,0.0
423.162653797668,2.0,0.0
423.1706229201572,3.0,0.0
423.1887827985001,4.0,0.0
423.1912474354291,3.0,0.0
423.1958736156476,4.0,0.0
423.2017801519993,3.0,0.0
423.21457415297954,4.0,0.0
423.2181133195522,3.0,0.0
423.22765571642293,2.0,0.0
423.22925873422446,1.0,0.0
423.2298969921769,2.0,0.0
423.2307382069922,1.0,0.0
423.28735254146386,2.0,0.0
423.29100318935605,1.0,0.0
423.326801531395,0.0,0.0
423.33847788231475,1.0,0.0
423.35580491368364,2.0,0.0
423.37683772854183,1.0,0.0
423.3791684824479,2.0,0.0
423.4001438536589,3.0,0.0
423.40031730419736,4.0,0.0
423.4419809814268,3.0,0.0
423.44417440796633,2.0,0.0
423.45050159001414,3.0,0.0
423.45811507731287,2.0,0.0
423.4719495738041,1.0,0.0
423.4770979736034,2.0,0.0
423.495303445882,3.0,0.0
423.5002801319993,2.0,0.0
423.50691364240856,1.0,0.0
423.5112369852343,0.0,0.0
423.53294955206076,1.0,0.0
423.53399199061505,2.0,0.0
423.5401880734549,1.0,0.0
423.5494227564702,0.0,0.0
423.5686835723129,1.0,0.0
423.57438138295475,0.0,0.0
423.6038777641895,1.0,0.0
423.60389819379066,2.0,0.0
423.60592781514146,3.0,0.0
423.61315075041955,2.0,0.0
423.6292424043865,3.0,0.0
423.63522687852173,4.0,0.0
423.63603807141595,3.0,0.0
423.6444754249625,2.0,0.0
423.6709931010766,1.0,0.0
423.6885005189433,0.0,0.0
423.70541939233533,1.0,0.0
423.70672349127125,0.0,0.0
423.73507605441733,1.0,0.0
423.7559769794424,0.0,0.0
423.78872053478153,1.0,0.0
423.8028399015959,0.0,0.0
423.81475944618353,1.0,0.0
423.8207533022211,0.0,0.0
423.8266478136506,1.0,0.0
423.8532998947836,0.0,0.0
423.85548225735613,1.0,0.0
423.8609723748162,0.0,0.0
423.8622987644693,1.0,0.0
423.8761117820368,0.0,0.0
423.90485648735466,1.0,0.0
423.9118697044453,2.0,0.0
423.92231766107705,3.0,0.0
423.9225781522986,4.0,0.0
423.93481693749544,3.0,0.0
423.96847408990675,2.0,0.0
423.9827643773545,3.0,0.0
423.99435569626684,4.0,0.0
423.99698487596555,5.0,0.0
423.9972827770089,6.0,0.0
424.0055406105707,5.0,0.0
424.0131002055174,6.0,0.0
424.0210043773463,5.0,0.0
424.0337190759098,4.0,0.0
424.03716733037436,3.0,0.0
424.04437115887464,2.0,0.0
424.0811992750887,3.0,0.0
424.08772609837524,2.0,0.0
424.08778728351035,3.0,0.0
424.10228275653196,2.0,0.0
424.10947317016,3.0,0.0
424.12562623490794,2.0,0.0
424.15428881431995,3.0,0.0
424.16419406251947,2.0,0.0
424.16856538659806,3.0,0.0
424.18588223417805,4.0,0.0
424.1886892188585,3.0,0.0
424.20296171759554,2.0,0.0
424.2396301046416,1.0,0.0
424.2531755186811,0.0,0.0
424.26926239619496,1.0,0.0
424.2880474638721,2.0,0.0
424.3209697513643,1.0,0.0
424.32268124811344,0.0,0.0
424.325252447866,1.0,0.0
424.32952131505704,2.0,0.0
424.3375016562679,3.0,0.0
424.3481106299822,4.0,0.0
424.3562276088707,3.0,0.0
424.3872687385637,4.0,0.0
424.38761051772354,3.0,0.0
424.395718838518,2.0,0.0
424.403242681182,3.0,0.0
424.40377540464243,2.0,0.0
424.405544398077,3.0,0.0
424.41639561765635,2.0,0.0
424.42931185005045,3.0,0.0
424.44011566941293,2.0,0.0
424.44931859394154,3.0,0.0
424.4621586573329,4.0,0.0
424.46623551537766,5.0,0.0
424.46940117954887,6.0,0.0
424.4738613924164,5.0,0.0
424.47979315045023,4.0,0.0
424.48803257130237,5.0,0.0
424.49683759447566,4.0,0.0
424.5024952182699,3.0,0.0
424.5190069122838,2.0,0.0
424.53750784021815,3.0,0.0
424.5624986923527,4.0,0.0
424.5688995402357,5.0,0.0
424.57116819940967,4.0,0.0
424.57493772227775,5.0,0.0
424.57928772107965,6.0,0.0
424.5957740352848,7.0,0.0
424.5960183468058,6.0,0.0
424.6093320884399,5.0,0.0
424.6201232780851,6.0,0.0
424.6263418669195,5.0,0.0
424.63873292461597,4.0,0.0
424.6387708892593,3.0,0.0
424.6660583408554,4.0,0.0
424.67917258138414,5.0,0.0
424.6804086903586,4.0,0.0
424.6936925307395,3.0,0.0
424.694720495967,4.0,0.0
424.6949947242076,3.0,0.0
424.70039278338703,4.0,0.0
424.7036389175578,3.0,0.0
424.70565165948074,4.0,0.0
424.70918101239806,5.0,0.0
424.7095474460698,4.0,0.0
424.7152042633202,5.0,0.0
424.7227194605922,4.0,0.0
424.7328997661361,5.0,0.0
424.7333026012377,4.0,0.0
424.74216965638357,5.0,0.0
424.7594300605782,4.0,0.0
424.77498946157965,3.0,0.0
424.7884209873252,4.0,0.0
424.7930796538516,5.0,0.0
424.7980345669065,4.0,0.0
424.8060926738713,3.0,0.0
424.813540780805,2.0,0.0
424.8146769410963,1.0,0.0
424.8208299762911,2.0,0.0
424.83470282576724,3.0,0.0
424.8439992088876,4.0,0.0
424.8603873088332,5.0,0.0
424.8728250636443,6.0,0.0
424.87636887083454,5.0,0.0
424.88101118536866,6.0,0.0
424.8828668729687,5.0,0.0
424.88424750305666,6.0,0.0
424.88974142967345,5.0,0.0
424.91066837554195,4.0,0.0
424.913293563958,3.0,0.0
424.91806389650753,2.0,0.0
424.9371668667584,3.0,0.0
424.93980543889506,4.0,0.0
424.94285164071897,3.0,0.0
424.9457781689405,2.0,0.0
424.94855743638715,3.0,0.0
424.948605785522,4.0,0.0
424.9565393379233,5.0,0.0
424.95679845862406,6.0,0.0
424.95954601397744,5.0,0.0
424.980448934036,4.0,0.0
424.9884421490819,3.0,0.0
424.99232058047284,4.0,0.0
424.99917445248815,5.0,0.0
424.9992322659294,4.0,0.0
425.00226516308624,5.0,0.0
425.01175876377476,4.0,0.0
425.0132774532813,3.0,0.0
425.0362140939734,4.0,0.0
425.0369621129482,5.0,0.0
425.0574929962866,4.0,0.0
425.06126889319825,5.0,0.0
425.06707858841384,6.0,0.0
425.0683084443887,5.0,0.0
425.07479660846434,4.0,0.0
425.0949860369235,3.0,0.0
425.09646338142755,4.0,0.0
425.10775663362915,5.0,0.0
425.11329341061133,6.0,0.0
425.11652123340724,5.0,0.0
425.1311784631241,4.0,0.0
425.13358339237203,5.0,0.0
425.1339428165979,4.0,0.0
425.13476140586613,5.0,0.0
425.1347823890168,4.0,0.0
425.13898153344434,5.0,0.0
425.1393991541606,4.0,0.0
425.1541565975858,5.0,0.0
425.1541616836094,4.0,0.0
425.15517705667776,5.0,0.0
425.1552628543829,6.0,0.0
425.155302104973,5.0,0.0
425.15747638432384,6.0,0.0
425.1626524462692,7.0,0.0
425.16689855720523,6.0,0.0
425.1861831143769,5.0,0.0
425.19149327854757,6.0,0.0
425.1991863902498,5.0,0.0
425.20203205286276,4.0,0.0
425.2322081207753,5.0,0.0
425.23221936872955,6.0,0.0
425.23240014328906,7.0,0.0
425.23848825301883,6.0,0.0
425.23961537576713,7.0,0.0
425.24262968056047,8.0,0.0
425.2450723118438,7.0,0.0
425.24653033535355,8.0,0.0
425.2471546366408,7.0,0.0
425.2537056619104,8.0,0.0
425.26075665007886,7.0,0.0
425.2610664517023,6.0,0.0
425.26668704759925,5.0,0.0
425.26759507070466,6.0,0.0
425.27570351339983,5.0,0.0
425.27947009420166,6.0,0.0
425.2830375792226,5.0,0.0
425.29464236598494,4.0,0.0
425.3060916264618,5.0,0.0
425.3178461642958,4.0,0.0
425.33732444290735,5.0,0.0
425.3418579522063,6.0,0.0
425.3654040936276,7.0,0.0
425.3744309770225,8.0,0.0
425.3772298652966,7.0,0.0
425.3817300033757,8.0,0.0
425.3888100296129,7.0,0.0
425.3903937552642,6.0,0.0
425.39874553014306,7.0,0.0
425.4013721593253,8.0,0.0
425.40391227754895,7.0,0.0
425.40746930905925,8.0,0.0
425.4173573092462,9.0,0.0
425.42243046083007,10.0,0.0
425.4304122755324,11.0,0.0
425.4308543925825,12.0,0.0
425.4437636124387,13.0,0.0
425.45208831615076,12.0,0.0
425.45370016402495,11.0,0.0
425.4553941107901,10.0,0.0
425.4668700384571,11.0,0.0
425.4690625987017,12.0,0.0
425.4779059084967,11.0,0.0
425.4836405082362,10.0,0.0
425.4839759959497,9.0,0.0
425.49662625471694,8.0,0.0
425.50303833570376,9.0,0.0
425.5064701055951,10.0,0.0
425.5182309367133,11.0,0.0
425.5197721255114,12.0,0.0
425.53360434448973,11.0,0.0
425.55133834135887,12.0,0.0
425.5538820660312,11.0,0.0
425.56399694207533,10.0,0.0
425.5699175112538,11.0,0.0
425.5738965852068,10.0,0.0
425.5759637172108,11.0,0.0
425.5786479109514,10.0,0.0
425.5843936448211,9.0,0.0
425.58459730366275,10.0,0.0
425.5848500734755,9.0,0.0
425.5905690136163,10.0,0.0
425.59821335818265,9.0,0.0
425.6071145909386,8.0,0.0
425.6131064270269,7.0,0.0
425.617054044154,6.0,0.0
425.62218055946397,7.0,0.0
425.6260836366278,8.0,0.0
425.62810240919407,7.0,0.0
425.6290140856216,6.0,0.0
425.6358684609621,5.0,0.0
425.63919505703916,6.0,0.0
425.63941963146954,7.0,0.0
425.65485288220185,6.0,0.0
425.65513334105407,5.0,0.0
425.65762984807867,4.0,0.0
425.67737489705604,3.0,0.0
425.68082409783506,4.0,0.0
425.7022710158798,3.0,0.0
425.73099217019933,4.0,0.0
425.73385289871175,3.0,0.0
425.7369372526334,4.0,0.0
425.7403884488093,3.0,0.0
425.7594904331312,2.0,0.0
425.77766554738633,3.0,0.0
425.78085916274443,2.0,0.0
425.7835141902979,3.0,0.0
425.784775858834,4.0,0.0
425.7973137358511,5.0,0.0
425.81000486597384,4.0,0.0
425.8113306694324,5.0,0.0
425.8160575331489,6.0,0.0
425.8246870181809,7.0,0.0
425.82912720121504,6.0,0.0
425.83307598742573,7.0,0.0
425.83516341871814,6.0,0.0
425.8431173366169,5.0,0.0
425.8450821216402,6.0,0.0
425.8502492236856,7.0,0.0
425.85060627814903,8.0,0.0
425.853228770603,9.0,0.0
425.8566302807823,8.0,0.0
425.8580025526548,7.0,0.0
425.8620699423156,6.0,0.0
425.8700603126071,7.0,0.0
425.87302953037647,8.0,0.0
425.8823139543167,7.0,0.0
425.8838382346874,8.0,0.0
425.89536198838874,9.0,0.0
425.9009014725616,10.0,0.0
425.9022510041811,9.0,0.0
425.90286200456785,8.0,0.0
425.92138348621415,7.0,0.0
425.9251013197549,8.0,0.0
425.9272598983692,9.0,0.0
425.9276238596581,10.0,0.0
425.9287382533817,11.0,0.0
425.9350825868865,10.0,0.0
425.9417578240984,11.0,0.0
425.94607496236404,10.0,0.0
425.9493346913132,11.0,0.0
425.97615531522194,12.0,0.0
425.9935817235271,11.0,0.0
425.9939066655652,12.0,0.0
426.0114107992441,13.0,0.0
426.01165173789326,14.0,0.0
426.01333593929235,13.0,0.0
426.0138852050529,14.0,0.0
426.02381619476466,15.0,0.0
426.03746919617134,16.0,0.0
426.04776546186406,17.0,0.0
426.05123369170065,16.0,0.0
426.05123399417363,15.0,0.0
426.05909484454827,16.0,0.0
426.0672703515142,15.0,0.0
426.0775890730074,14.0,0.0
426.0896952135042,15.0,0.0
426.09105348497957,16.0,0.0
426.0954395296648,17.0,0.0
426.1071896395084,18.0,0.0
426.1089693223788,19.0,0.0
426.11348915721163,20.0,0.0
426.1153234672894,19.0,0.0
426.123519944608,20.0,0.0
426.1264530436418,19.0,0.0
426.1282152858115,18.0,0.0
426.1307641924529,17.0,0.0
426.13141114314277,18.0,0.0
426.1375065665738,19.0,0.0
426.14437651496667,20.0,0.0
426.1457361324037,19.0,0.0
426.14692085557965,20.0,0.0
426.1473203120966,21.0,0.0
426.14752429856344,22.0,0.0
426.1481768272658,23.0,0.0
426.154150060215,22.0,0.0
426.1548680880694,23.0,0.0
426.16671310182033,24.0,0.0
426.1682091707783,23.0,0.0
426.17171399460346,24.0,0.0
426.1860001873441,25.0,0.0
426.1862145689885,24.0,0.0
426.19355672007913,25.0,0.0
426.1937304116499,26.0,0.0
426.2008981097399,25.0,0.0
426.2121587933102,26.0,0.0
426.2157762903346,27.0,0.0
426.22030816470584,28.0,0.0
426.2284125220121,29.0,0.0
426.22999509153686,30.0,0.0
426.23704194377865,29.0,0.0
426.25834426857136,30.0,0.0
426.2705852762157,31.0,0.0
426.2707734637095,32.0,0.0
426.27936357346897,31.0,0.0
426.27960289489477,30.0,0.0
426.2830630933562,31.0,0.0
426.283155826296,32.0,0.0
426.2846592168243,33.0,0.0
426.2894686543524,32.0,0.0
426.2902395599973,33.0,0.0
426.2915451173715,34.0,0.0
426.29895996331356,33.0,0.0
426.3074505262176,32.0,0.0
426.3085418173186,31.0,0.0
426.31000670103236,32.0,0.0
426.31130803522484,33.0,0.0
426.3124234352496,32.0,0.0
426.32503325689436,33.0,0.0
426.33147212626886,34.0,0.0
426.33765105731277,35.0,0.0
426.3406478917002,34.0,0.0
426.34568087423673,33.0,0.0
426.34790053321643,34.0,0.0
426.3492469830629,33.0,0.0
426.35646269459414,34.0,0.0
426.3684165844271,33.0,0.0
426.36932009874135,32.0,0.0
426.3720957066274,31.0,0.0
426.3838553161411,32.0,0.0
426.38710140602524,31.0,0.0
426.3998745191803,32.0,0.0
426.4014444854607,31.0,0.0
426.4030000313388,32.0,0.0
426.4055112927481,31.0,0.0
426.408624212488,32.0,0.0
426.41454751312955,31.0,0.0
426.42532952486175,32.0,0.0
426.4278880532799,33.0,0.0
426.4325831272303,34.0,0.0
426.4369173010229,35.0,0.0
426.438106037886,34.0,0.0
426.4384424260801,35.0,0.0
426.442103428643,36.0,0.0
426.44339280596995,37.0,0.0
426.443756422915,36.0,0.0
426.44635682504725,35.0,0.0
426.4532726318295,34.0,0.0
426.4561166244564,35.0,0.0
426.45616828031217,36.0,0.0
426.46552506574363,35.0,0.0
426.4659539192736,34.0,0.0
426.4684116648533,33.0,0.0
426.46860300412453,34.0,0.0
426.46995718035373,35.0,0.0
426.473831462386,34.0,0.0
426.47927974679493,35.0,0.0
426.47986446746825,34.0,0.0
426.49382885788845,35.0,0.0
426.49813937605387,34.0,0.0
426.50205420517165,35.0,0.0
426.5042588200041,34.0,0.0
426.5092029482762,35.0,0.0
426.5103020176597,36.0,0.0
426.5181252458329,37.0,0.0
426.51835509307074,38.0,0.0
426.52328660466907,39.0,0.0
426.5251891785455,40.0,0.0
426.52547738240736,39.0,0.0
426.52724840259856,38.0,0.0
426.53125307488193,39.0,0.0
426.53640833859896,40.0,0.0
426.54468702679657,41.0,0.0
426.55960014021815,40.0,0.0
426.55967246925627,39.0,0.0
426.56138816395014,40.0,0.0
426.5832219273569,41.0,0.0
426.5865046616112,42.0,0.0
426.58997941942374,41.0,0.0
426.60034348142494,40.0,0.0
426.60226749533376,41.0,0.0
426.60381647842365,42.0,0.0
426.60491636674703,43.0,0.0
426.6061299783042,42.0,0.0
426.61081594964907,41.0,0.0
426.6203648738135,42.0,0.0
426.62178839232536,43.0,0.0
426.6327681763969,42.0,0.0
426.6355314928393,43.0,0.0
426.6398842649151,44.0,0.0
426.6404466675959,45.0,0.0
426.64733733483854,46.0,0.0
426.64741146428474,47.0,0.0
426.65177564827854,46.0,0.0
426.66640894240726,45.0,0.0
426.6667362862545,44.0,0.0
426.6696365078561,45.0,0.0
426.6747098299991,44.0,0.0
426.6751755687694,45.0,0.0
426.6752885494067,44.0,0.0
426.6757954742283,43.0,0.0
426.67829150601034,42.0,0.0
426.6793537508377,41.0,0.0
426.68536656601873,42.0,0.0
426.69568534570345,41.0,0.0
426.699577894706,42.0,0.0
426.7034289404318,43.0,0.0
426.71755703045983,44.0,0.0
426.7305682533792,43.0,0.0
426.73996171691346,44.0,0.0
426.7585194456923,45.0,0.0
426.7605399529706,44.0,0.0
426.76304753080035,43.0,0.0
426.764592370386,44.0,0.0
426.7693028881952,43.0,0.0
426.77363988238005,44.0,0.0
426.7862678576234,43.0,0.0
426.79480309941977,42.0,0.0
426.79540214082624,41.0,0.0
426.79690505298845,42.0,0.0
426.80127573204487,43.0,0.0
426.8038186732784,44.0,0.0
426.8113027179129,43.0,0.0
426.8135896783427,44.0,0.0
426.81668828422625,43.0,0.0
426.8263999135954,44.0,0.0
426.8338254155918,45.0,0.0
426.8390159685964,46.0,0.0
426.83940948234533,45.0,0.0
426.844508146077,46.0,0.0
426.84805841899623,47.0,0.0
426.8490505415674,48.0,0.0
426.85035659498857,47.0,0.0
426.85299500707885,46.0,0.0
426.85341809897983,45.0,0.0
426.8591432014637,44.0,0.0
426.86127662254046,43.0,0.0
426.8633878025826,44.0,0.0
426.8781059919748,43.0,0.0
426.88058058086443,42.0,0.0
426.8969719728706,41.0,0.0
426.89748385214045,42.0,0.0
426.89959780550504,43.0,0.0
426.9016875724781,44.0,0.0
426.9024530993354,43.0,0.0
426.90929796027564,44.0,0.0
426.913856505592,45.0,0.0
426.9195022288419,46.0,0.0
426.9230928404752,47.0,0.0
426.9295160457707,46.0,0.0
426.9333853490217,45.0,0.0
426.93614603420014,46.0,0.0
426.93964558882556,45.0,0.0
426.93968872379867,46.0,0.0
426.9442447948675,45.0,0.0
426.9561797515789,46.0,0.0
426.9566314725777,47.0,0.0
426.9591491465543,48.0,0.0
426.96200244520446,49.0,0.0
426.96267430046106,50.0,0.0
426.9628869897178,51.0,0.0
426.96526020265986,52.0,0.0
426.96540758992774,51.0,0.0
426.9847416340721,50.0,0.0
426.98716918960315,51.0,0.0
426.9924677712419,50.0,0.0
426.9948024307997,49.0,0.0
426.9966368169629,50.0,0.0
426.9969217269659,51.0,0.0
426.9976066996966,52.0,0.0
427.0005908393631,51.0,0.0
427.0044738944053,52.0,0.0
427.0109036928981,53.0,0.0
427.011354122395,52.0,0.0
427.01222477220665,51.0,0.0
427.0162732366,52.0,0.0
427.0199901076785,53.0,0.0
427.0220650220078,54.0,0.0
427.0263251082968,53.0,0.0
427.03100548022167,52.0,0.0
427.03158488597387,53.0,0.0
427.03702565426767,52.0,0.0
427.0464354163163,51.0,0.0
427.04660397770147,52.0,0.0
427.05702114440527,51.0,0.0
427.0571527851475,52.0,0.0
427.05907409897475,53.0,0.0
427.06165496683917,52.0,0.0
427.0773886651181,53.0,0.0
427.0831095208772,54.0,0.0
427.08832516659777,55.0,0.0
427.09316055386495,54.0,0.0
427.0962951636425,55.0,0.0
427.0996132659665,54.0,0.0
427.1021670494853,53.0,0.0
427.11559465867185,54.0,0.0
427.11706120150035,53.0,0.0
427.1192509036113,54.0,0.0
427.12006709186943,55.0,0.0
427.12081889412127,56.0,0.0
427.12197407890204,57.0,0.0
427.14009942560136,58.0,0.0
427.14507152260336,57.0,0.0
427.15374203465393,58.0,0.0
427.15692195217247,59.0,0.0
427.1587783982664,58.0,0.0
427.16933883484296,59.0,0.0
427.1715245122674,58.0,0.0
427.17349737704626,57.0,0.0
427.17575766346334,56.0,0.0
427.1760305421512,57.0,0.0
427.1808927888184,56.0,0.0
427.1917116636032,57.0,0.0
427.19480892142315,56.0,0.0
427.19567383260903,55.0,0.0
427.19914443346886,54.0,0.0
427.19929811444365,53.0,0.0
427.2001689848508,54.0,0.0
427.2005587518526,55.0,0.0
427.2018062067997,56.0,0.0
427.21491685043645,57.0,0.0
427.21700800547944,58.0,0.0
427.2235160366716,59.0,0.0
427.2298742353187,60.0,0.0
427.2344571758442,61.0,0.0
427.23807878285237,62.0,0.0
427.2381438585162,61.0,0.0
427.2419827449822,60.0,0.0
427.2482834203906,61.0,0.0
427.25535190409437,60.0,0.0
427.2602811006244,61.0,0.0
427.26097193182784,60.0,0.0
427.261080036923,61.0,0.0
427.26697385423086,62.0,0.0
427.26898109089944,63.0,0.0
427.2717169191785,62.0,0.0
427.2729459817519,63.0,0.0
427.2814497287888,62.0,0.0
427.28456828418666,61.0,0.0
427.300545725341,62.0,0.0
427.30066921635967,61.0,0.0
427.31489782938166,60.0,0.0
427.31978892042594,61.0,0.0
427.3219717328005,62.0,0.0
427.3234351404145,63.0,0.0
427.32387396724977,62.0,0.0
427.3246887170607,63.0,0.0
427.3334486502391,62.0,0.0
427.33536723320543,61.0,0.0
427.3460232834914,62.0,0.0
427.3482199546895,63.0,0.0
427.3516346847487,62.0,0.0
427.35213370518443,61.0,0.0
427.3575337659763,62.0,0.0
427.3587122048415,63.0,0.0
427.359828923879,64.0,0.0
427.36896461643397,65.0,0.0
427.37559302285814,66.0,0.0
427.3955294361199,67.0,0.0
427.42575047698165,68.0,0.0
427.4275324625656,69.0,0.0
427.4372009131763,70.0,0.0
427.4461568563046,69.0,0.0
427.4514808798212,70.0,0.0
427.4522103532308,71.0,0.0
427.45390382445095,72.0,0.0
427.4557850164493,73.0,0.0
427.4576088818479,74.0,0.0
427.46257817024974,73.0,0.0
427.4698186307424,72.0,0.0
427.47209756984915,73.0,0.0
427.49204800808565,74.0,0.0
427.492990055761,75.0,0.0
427.49709592933453,76.0,0.0
427.49824128686834,77.0,0.0
427.50231252142555,78.0,0.0
427.53011074148907,79.0,0.0
427.53682358336755,78.0,0.0
427.5374877950466,77.0,0.0
427.54146593950173,78.0,0.0
427.54700522036035,79.0,0.0
427.5472784864917,78.0,0.0
427.55558175317265,77.0,0.0
427.56324074607255,76.0,0.0
427.5683543849706,75.0,0.0
427.568903074106,74.0,0.0
427.57409541502085,73.0,0.0
427.57411401489617,72.0,0.0
427.57623409514963,73.0,0.0
427.57793706988673,74.0,0.0
427.58264119587966,75.0,0.0
427.582762963719,74.0,0.0
427.5877303275405,73.0,0.0
427.59392370483926,74.0,0.0
427.6010801898609,73.0,0.0
427.6016230695953,74.0,0.0
427.60542082825583,73.0,0.0
427.6072970222898,74.0,0.0
427.6109285775127,75.0,0.0
427.61129939085885,74.0,0.0
427.6173820707739,75.0,0.0
427.61775041559423,74.0,0.0
427.61846366031085,75.0,0.0
427.61886133889726,76.0,0.0
427.62895566404814,77.0,0.0
427.629444843091,78.0,0.0
427.6309390308694,79.0,0.0
427.64326198196096,78.0,0.0
427.6482339021114,77.0,0.0
427.6488090149293,78.0,0.0
427.6495909229641,79.0,0.0
427.6561913495771,80.0,0.0
427.656357709351,81.0,0.0
427.6604939128018,82.0,0.0
427.67829929644097,83.0,0.0
427.68168141135345,82.0,0.0
427.6823776014538,83.0,0.0
427.688737707151,82.0,0.0
427.6907051577897,83.0,0.0
427.6916370591526,84.0,0.0
427.69507258467723,83.0,0.0
427.69525278104294,82.0,0.0
427.70072672569694,83.0,0.0
427.7111025585648,82.0,0.0
427.7116433850935,83.0,0.0
427.72030045551577,84.0,0.0
427.7253085246995,85.0,0.0
427.72724919220644,86.0,0.0
427.73224370034086,87.0,0.0
427.7355759485346,88.0,0.0
427.739486184203,89.0,0.0
427.74136313183897,90.0,0.0
427.742509897126,91.0,0.0
427.74253366417565,92.0,0.0
427.7444329279519,91.0,0.0
427.7514902224233,92.0,0.0
427.7537792628374,93.0,0.0
427.75548920425285,92.0,0.0
427.76020090399584,91.0,0.0
427.76053049515974,92.0,0.0
427.7648892232276,93.0,0.0
427.7704584764955,94.0,0.0
427.7707951892633,93.0,0.0
427.7710001741493,94.0,0.0
427.77311505310655,93.0,0.0
427.78188510698493,92.0,0.0
427.7827455693901,93.0,0.0
427.7880611265457,94.0,0.0
427.79580616152595,95.0,0.0
427.79779195955024,96.0,0.0
427.7993518873437,95.0,0.0
427.8054760557981,96.0,0.0
427.80616872517885,97.0,0.0
427.8121546733167,96.0,0.0
427.8130501170639,97.0,0.0
427.8167287193071,96.0,0.0
427.81691166955045,95.0,0.0
427.82305577648776,96.0,0.0
427.8382481351438,97.0,0.0
427.84144358009036,96.0,0.0
427.8433131457914,97.0,0.0
427.8487211831026,96.0,0.0
427.8491732861923,97.0,0.0
427.84920703290766,98.0,0.0
427.8535817515807,99.0,0.0
427.86322953269814,98.0,0.0
427.8639641098096,99.0,0.0
427.8702105801329,100.0,0.0
427.8717136113819,101.0,0.0
427.8779838942403,102.0,0.0
427.8811967266786,103.0,0.0
427.8844560692384,104.0,0.0
427.88686089831725,105.0,0.0
427.8875497169045,106.0,0.0
427.8885895729465,105.0,0.0
427.8894350165916,104.0,0.0
427.8915811891852,105.0,0.0
427.894003778351,104.0,0.0
427.89578690684385,105.0,0.0
427.89870959683304,104.0,0.0
427.905072216875,105.0,0.0
427.9091829051384,104.0,0.0
427.91363453054277,105.0,0.0
427.9165049771273,106.0,0.0
427.91671573946985,107.0,0.0
427.9173667782786,106.0,0.0
427.9413031052691,105.0,0.0
427.9496705454474,106.0,0.0
427.95128558168204,107.0,0.0
427.9540964775036,106.0,0.0
427.955098903277,107.0,0.0
427.95793659118465,108.0,0.0
427.9616373623175,107.0,0.0
427.96182017427856,106.0,0.0
427.96354900665074,107.0,0.0
427.9671799822306,106.0,0.0
427.9737053747632,105.0,0.0
427.9765093939921,106.0,0.0
427.98096341152336,107.0,0.0
427.9842657992857,108.0,0.0
427.9845412235251,107.0,0.0
427.98611318081487,106.0,0.0
427.98683323287764,107.0,0.0
427.988015407406,106.0,0.0
428.0025917814603,105.0,0.0
428.0119353743102,106.0,0.0
428.0126140467085,107.0,0.0
428.0134397806304,108.0,0.0
428.0405815093307,107.0,0.0
428.04102545186413,106.0,0.0
428.05483290944534,107.0,0.0
428.05586508942474,108.0,0.0
428.06168728717745,107.0,0.0
428.0701304309256,106.0,0.0
428.0791470718758,105.0,0.0
428.0907528991731,106.0,0.0
428.1040585570378,107.0,0.0
428.1051559654396,108.0,0.0
428.10987754977685,109.0,0.0
428.1102293338582,108.0,0.0
428.11356358403225,109.0,0.0
428.13718693644995,110.0,0.0
428.14652201173516,111.0,0.0
428.1501352430427,110.0,0.0
428.1519310161339,109.0,0.0
428.1649653838176,110.0,0.0
428.167863458841,111.0,0.0
428.170738180915,112.0,0.0
428.17238606439355,111.0,0.0
428.1771394117366,112.0,0.0
428.1888809469858,111.0,0.0
428.19201982225434,112.0,0.0
428.19300231705773,111.0,0.0
428.19866103308766,112.0,0.0
428.2003625801635,113.0,0.0
428.2067374535251,112.0,0.0
428.2182112272058,113.0,0.0
428.222496516293,114.0,0.0
428.2276910545249,115.0,0.0
428.23089111517584,116.0,0.0
428.24128010733415,117.0,0.0
428.2453789365838,118.0,0.0
428.2478389384326,119.0,0.0
428.2491993421119,120.0,0.0
428.25518202748805,121.0,0.0
428.27043167559884,122.0,0.0
428.2864850385047,121.0,0.0
428.2883139475085,122.0,0.0
428.2967485848726,121.0,0.0
428.306984870907,120.0,0.0
428.30927604805123,119.0,0.0
428.30939938614125,120.0,0.0
428.31584122318304,119.0,0.0
428.3184917362944,118.0,0.0
428.31913701348054,119.0,0.0
428.32073333002336,118.0,0.0
428.32680304595965,119.0,0.0
428.3351022059914,118.0,0.0
428.337417841479,119.0,0.0
428.3418468162767,118.0,0.0
428.35172430841897,117.0,0.0
428.35272305413605,118.0,0.0
428.3549432266149,119.0,0.0
428.3691248638778,120.0,0.0
428.3712143571826,119.0,0.0
428.376297623124,118.0,0.0
428.37780474835756,117.0,0.0
428.379878112004,118.0,0.0
428.3854236299373,119.0,0.0
428.387988661607,118.0,0.0
428.390343960289,117.0,0.0
428.3925038954537,116.0,0.0
428.3988628233477,117.0,0.0
428.39963851406975,118.0,0.0
428.40385484440014,119.0,0.0
428.4085347473021,118.0,0.0
428.41182927693484,119.0,0.0
428.4154168042416,120.0,0.0
428.42359082829086,119.0,0.0
428.4318595859809,118.0,0.0
428.4359755971633,119.0,0.0
428.436537992133,118.0,0.0
428.4377151995736,119.0,0.0
428.4426283867793,120.0,0.0
428.44863174049186,119.0,0.0
428.44980491168116,120.0,0.0
428.46922850541296,119.0,0.0
428.4726237400118,118.0,0.0
428.4770142423357,119.0,0.0
428.4848396438909,118.0,0.0
428.4857043607894,119.0,0.0
428.4978812156176,120.0,0.0
428.5131911148688,121.0,0.0
428.514136172645,122.0,0.0
428.5183470003811,121.0,0.0
428.52078157527086,122.0,0.0
428.5237178733152,123.0,0.0
428.5246510647663,124.0,0.0
428.5259154330447,123.0,0.0
428.53250171202535,124.0,0.0
428.5342487255035,125.0,0.0
428.53963844277996,124.0,0.0
428.54106603414596,125.0,0.0
428.54154210376737,126.0,0.0
428.54389429335515,127.0,0.0
428.5509741254139,126.0,0.0
428.5770226710539,127.0,0.0
428.5840200511281,126.0,0.0
428.59468046136476,125.0,0.0
428.5963119030321,124.0,0.0
428.5993656888801,125.0,0.0
428.61287444506115,124.0,0.0
428.61445763549864,125.0,0.0
428.6169915145806,124.0,0.0
428.61795028817454,123.0,0.0
428.6208854766678,124.0,0.0
428.6381771839925,123.0,0.0
428.6433778975979,124.0,0.0
428.64878677798754,125.0,0.0
428.6499873133902,126.0,0.0
428.6513569769815,127.0,0.0
428.6523427906262,128.0,0.0
428.65580899277734,127.0,0.0
428.6647693231942,128.0,0.0
428.6730115913629,129.0,0.0
428.6743115078871,130.0,0.0
428.6748826996273,129.0,0.0
428.6758858760552,128.0,0.0
428.67698132385124,127.0,0.0
428.67814024053365,126.0,0.0
428.678421434198,125.0,0.0
428.688162313931,126.0,0.0
428.69244330594637,127.0,0.0
428.69556711390305,128.0,0.0
428.6959889117431,129.0,0.0
428.70257147774447,128.0,0.0
428.7049497361878,127.0,0.0
428.7075997591575,126.0,0.0
428.709109889857,127.0,0.0
428.71629366888385,128.0,0.0
428.71634476171226,129.0,0.0
428.7293920587253,128.0,0.0
428.73098657443495,127.0,0.0
428.7412272260409,126.0,0.0
428.74889233263156,127.0,0.0
428.7497041614245,128.0,0.0
428.7511339042703,127.0,0.0
428.7539338933323,128.0,0.0
428.75402305208524,129.0,0.0
428.7615850180612,130.0,0.0
428.7768333997792,131.0,0.0
428.788178029264,130.0,0.0
428.79108004344874,131.0,0.0
428.7935562455631,132.0,0.0
428.79904800127963,133.0,0.0
428.805418839212,132.0,0.0
428.81746387533485,131.0,0.0
428.82115153046857,132.0,0.0
428.82434796130394,133.0,0.0
428.8347898584605,132.0,0.0
428.8353892903391,133.0,0.0
428.83800624919564,132.0,0.0
428.83983291549544,133.0,0.0
428.85019341905667,132.0,0.0
428.8571029290586,131.0,0.0
428.8620559705506,132.0,0.0
428.86317405573936,133.0,0.0
428.8656598339946,132.0,0.0
428.87076747594034,131.0,0.0
428.87783958059816,130.0,0.0
428.8797258582037,131.0,0.0
428.88317748971497,130.0,0.0
428.88318035714656,129.0,0.0
428.88689100755374,130.0,0.0
428.8902831971002,129.0,0.0
428.89950155668254,130.0,0.0
428.8998189684429,129.0,0.0
428.90167581450584,130.0,0.0
428.9018086989139,131.0,0.0
428.9041285089963,132.0,0.0
428.90899876296623,131.0,0.0
428.91203387222436,132.0,0.0
428.91244534134796,133.0,0.0
428.92595057226464,134.0,0.0
428.933553771828,133.0,0.0
428.93884133821024,132.0,0.0
428.94809608270907,133.0,0.0
428.9512747529291,134.0,0.0
428.95307280986424,135.0,0.0
428.95870381136484,134.0,0.0
428.9656646074666,135.0,0.0
428.96736932381526,136.0,0.0
428.9675592405528,135.0,0.0
428.9680934621874,136.0,0.0
428.98515610580614,137.0,0.0
428.99357664195844,138.0,0.0
428.99410968402515,137.0,0.0
429.00018902603153,138.0,0.0
429.0062629175321,139.0,0.0
429.0105796625808,138.0,0.0
429.01451495953984,139.0,0.0
429.01787521964553,140.0,0.0
429.0219729959106,141.0,0.0
429.029772220563,142.0,0.0
429.0343011711408,141.0,0.0
429.0377655669256,140.0,0.0
429.0421446657092,141.0,0.0
429.0457650250734,140.0,0.0
429.04769621696516,139.0,0.0
429.0484450647801,138.0,0.0
429.04850766170426,137.0,0.0
429.0490897549718,136.0,0.0
429.05057248905956,135.0,0.0
429.05427216414665,134.0,0.0
429.06213806065716,133.0,0.0
429.06930058245536,134.0,0.0
429.0807963131651,133.0,0.0
429.0878932430106,132.0,0.0
429.0975284062359,131.0,0.0
429.0979031721365,130.0,0.0
429.09835228297874,129.0,0.0
429.1013561662586,128.0,0.0
429.10514520973294,127.0,0.0
429.10993984065055,126.0,0.0
429.1111205618207,127.0,0.0
429.11132679785385,128.0,0.0
429.1129908904408,129.0,0.0
429.11402848058435,130.0,0.0
429.11488497619604,129.0,0.0
429.1172579855871,128.0,0.0
429.1216682763399,129.0,0.0
429.1221571742861,128.0,0.0
429.12216983677826,129.0,0.0
429.13435308112923,130.0,0.0
429.13569745086426,129.0,0.0
429.1408600365714,130.0,0.0
429.1443891247636,131.0,0.0
429.1471278074916,132.0,0.0
429.1489452683117,131.0,0.0
429.1492007031182,132.0,0.0
429.15022769619065,131.0,0.0
429.15410958198186,132.0,0.0
429.1546276023386,131.0,0.0
429.1567741152354,132.0,0.0
429.16135275790833,133.0,0.0
429.16235836642517,132.0,0.0
429.1634675357175,131.0,0.0
429.1679453143326,132.0,0.0
429.1805944399096,133.0,0.0
429.18164876743106,134.0,0.0
429.1834297640127,135.0,0.0
429.1841546539098,134.0,0.0
429.18604796163334,133.0,0.0
429.19089036156635,132.0,0.0
429.1977004624582,133.0,0.0
429.19863310171877,134.0,0.0
429.20045646886445,135.0,0.0
429.20337893351405,134.0,0.0
429.20769782514583,133.0,0.0
429.215550363526,132.0,0.0
429.2255738182454,131.0,0.0
429.2264042571529,130.0,0.0
429.2326254893667,129.0,0.0
429.2337845503461,130.0,0.0
429.23429672860743,131.0,0.0
429.2366078264921,130.0,0.0
429.25612955471365,129.0,0.0
429.2649260257681,130.0,0.0
429.282978484877,131.0,0.0
429.2836840410094,130.0,0.0
429.28955949825485,131.0,0.0
429.29920075630315,130.0,0.0
429.30602733175766,129.0,0.0
429.31714819774675,128.0,0.0
429.31797391362375,129.0,0.0
429.3187780827318,130.0,0.0
429.3201856647896,129.0,0.0
429.3275730037686,128.0,0.0
429.3293690054898,129.0,0.0
429.33649077494584,128.0,0.0
429.3385227182771,129.0,0.0
429.3477622454923,130.0,0.0
429.3568936712054,129.0,0.0
429.35992079812627,130.0,0.0
429.37515186925316,131.0,0.0
429.38437695399693,132.0,0.0
429.3851905817162,133.0,0.0
429.38557298701744,134.0,0.0
429.38850319364246,135.0,0.0
429.39176634661504,134.0,0.0
429.3937961570703,133.0,0.0
429.40043830808423,134.0,0.0
429.40376275132076,135.0,0.0
429.43186180874227,136.0,0.0
429.4324750349513,137.0,0.0
429.43250775053235,138.0,0.0
429.4377650281734,139.0,0.0
429.4385740586282,138.0,0.0
429.4475557055169,139.0,0.0
429.4565636083836,138.0,0.0
429.459677852099,139.0,0.0
429.4644023444721,138.0,0.0
429.4669340796563,137.0,0.0
429.4855612752811,136.0,0.0
429.48586654013326,135.0,0.0
429.48695602491813,134.0,0.0
429.4885712112936,133.0,0.0
429.493452395576,134.0,0.0
429.50139859244075,135.0,0.0
429.50219660327116,136.0,0.0
429.50224922896035,137.0,0.0
429.50634060775855,138.0,0.0
429.5081632981829,139.0,0.0
429.50981080445615,140.0,0.0
429.51215576247984,141.0,0.0
429.5133609783792,140.0,0.0
429.51600903103946,139.0,0.0
429.5208724790426,138.0,0.0
429.523609177342,137.0,0.0
429.52529286108177,138.0,0.0
429.53650712442703,137.0,0.0
429.54026942845684,136.0,0.0
429.55193404309045,135.0,0.0
429.5530056815594,134.0,0.0
429.55603236607476,133.0,0.0
429.56046773946156,134.0,0.0
429.560756839112,135.0,0.0
429.5611711475278,136.0,0.0
429.57373018785466,135.0,0.0
429.5757452490532,134.0,0.0
429.5789513367865,135.0,0.0
429.5904932138406,134.0,0.0
429.5925159176437,133.0,0.0
429.5933543442595,132.0,0.0
429.59423520467135,131.0,0.0
429.6028262255313,130.0,0.0
429.6035066281755,129.0,0.0
429.6078442813605,130.0,0.0
429.6104662074077,129.0,0.0
429.61694419007273,128.0,0.0
429.62465530333384,129.0,0.0
429.63468224022233,130.0,0.0
429.6370624561662,131.0,0.0
429.6391150469276,130.0,0.0
429.63959884342506,131.0,0.0
429.64324431127733,130.0,0.0
429.6476620999994,131.0,0.0
429.65932941655683,132.0,0.0
429.66295636689375,133.0,0.0
429.6701221958545,134.0,0.0
429.6721412087881,135.0,0.0
429.6765135477645,134.0,0.0
429.6790012529809,133.0,0.0
429.69265898789735,134.0,0.0
429.69996363194247,133.0,0.0
429.70165676402536,134.0,0.0
429.7042534547411,133.0,0.0
429.71925863522756,134.0,0.0
429.72459174935017,135.0,0.0
429.724865930292,134.0,0.0
429.7327509364847,133.0,0.0
429.7333698294475,134.0,0.0
429.733564251185,133.0,0.0
429.73792744633624,132.0,0.0
429.7397981232633,131.0,0.0
429.75057614546546,132.0,0.0
429.75432270550755,131.0,0.0
429.75866704776,130.0,0.0
429.79672514577925,131.0,0.0
429.7996605322029,132.0,0.0
429.81373418573753,133.0,0.0
429.81776970837666,134.0,0.0
429.81795314965973,135.0,0.0
429.83020794422794,134.0,0.0
429.85085432669155,133.0,0.0
429.8511586263015,134.0,0.0
429.8524689490248,135.0,0.0
429.8586931596612,136.0,0.0
429.8596617537792,137.0,0.0
429.8599157325206,136.0,0.0
429.8604907942779,137.0,0.0
429.8722282317651,136.0,0.0
429.8722855831835,135.0,0.0
429.8735649718316,134.0,0.0
429.8805692668891,135.0,0.0
429.8848446168758,136.0,0.0
429.90102324997457,137.0,0.0
429.90545564476093,138.0,0.0
429.90681487124436,137.0,0.0
429.9115199061412,138.0,0.0
429.91442206083804,137.0,0.0
429.9180027504693,136.0,0.0
429.9256494386214,137.0,0.0
429.92793427891127,136.0,0.0
429.929692508698,135.0,0.0
429.9336492419028,134.0,0.0
429.94825180685217,135.0,0.0
429.97394768377853,136.0,0.0
429.9894216342969,135.0,0.0
429.9944942815938,134.0,0.0
430.000069223874,135.0,0.0
430.00070605291137,136.0,0.0
430.001169893772,137.0,0.0
430.00217198898525,136.0,0.0
430.00804816182387,135.0,0.0
430.01772008790294,136.0,0.0
430.0186770306815,137.0,0.0
430.0228101314917,136.0,0.0
430.0297703249914,137.0,0.0
430.02980653634705,136.0,0.0
430.03297017432044,137.0,0.0
430.0345297509903,138.0,0.0
430.03550559569834,139.0,0.0
430.05033752807486,138.0,0.0
430.0525692293901,137.0,0.0
430.07649916885305,138.0,0.0
430.0767791867171,139.0,0.0
430.0904683121295,140.0,0.0
430.0919653416921,141.0,0.0
430.0933502379694,142.0,0.0
430.09993022409344,143.0,0.0
430.10157673897834,144.0,0.0
430.1166455554774,145.0,0.0
430.11836795687776,146.0,0.0
430.12037578839033,147.0,0.0
430.1258915433629,146.0,0.0
430.1370462447104,145.0,0.0
430.14248175075,146.0,0.0
430.15683571033145,145.0,0.0
430.1578523686387,144.0,0.0
430.1728182323107,143.0,0.0
430.17855073122354,142.0,0.0
430.1790429198389,141.0,0.0
430.18232317029253,142.0,0.0
430.1855970886753,141.0,0.0
430.1899689388732,140.0,0.0
430.1923116940157,141.0,0.0
430.2019629590532,142.0,0.0
430.2023226976838,143.0,0.0
430.2037490773283,144.0,0.0
430.206773554661,143.0,0.0
430.212004610361,142.0,0.0
430.21382618027354,143.0,0.0
430.21409122062994,142.0,0.0
430.2140965479781,143.0,0.0
430.21736244058246,144.0,0.0
430.21793734195666,145.0,0.0
430.2188594234546,146.0,0.0
430.2189372345936,145.0,0.0
430.2205239020221,146.0,0.0
430.22638638238556,147.0,0.0
430.22695300106625,146.0,0.0
430.2295405032345,147.0,0.0
430.2338186801131,148.0,0.0
430.23512023191284,149.0,0.0
430.24392846014626,150.0,0.0
430.24817250413764,149.0,0.0
430.25221168039644,150.0,0.0
430.25322801905156,151.0,0.0
430.2578245925382,152.0,0.0
430.2579626060323,151.0,0.0
430.2596355341306,150.0,0.0
430.2614978002065,149.0,0.0
430.2734047288784,150.0,0.0
430.2749838216551,149.0,0.0
430.28288034216735,148.0,0.0
430.28632081431437,149.0,0.0
430.28945345394953,150.0,0.0
430.3005019975189,151.0,0.0
430.30344573853637,152.0,0.0
430.30377337556536,151.0,0.0
430.3075618576744,150.0,0.0
430.3179473422116,149.0,0.0
430.3230929257417,150.0,0.0
430.3254835896873,149.0,0.0
430.3328315237601,148.0,0.0
430.33528091963063,147.0,0.0
430.3362169186109,146.0,0.0
430.3373398653188,145.0,0.0
430.3419649020194,144.0,0.0
430.3419786771256,143.0,0.0
430.3445298055454,142.0,0.0
430.34575917648516,141.0,0.0
430.3509821669669,140.0,0.0
430.353494454698,141.0,0.0
430.3557960372463,142.0,0.0
430.3606478612567,143.0,0.0
430.36627310871546,144.0,0.0
430.3701147240365,145.0,0.0
430.377607463908,146.0,0.0
430.38100755195,147.0,0.0
430.3815713561659,146.0,0.0
430.38496357555186,145.0,0.0
430.4017301661173,144.0,0.0
430.40585983960466,143.0,0.0
430.40635516097063,144.0,0.0
430.42727404460175,143.0,0.0
430.43349375031147,142.0,0.0
430.434235650647,143.0,0.0
430.43453400317964,142.0,0.0
430.4355130497903,141.0,0.0
430.43570917627403,140.0,0.0
430.4403850958095,141.0,0.0
430.4415863573893,142.0,0.0
430.4434864286217,143.0,0.0
430.4526062766502,142.0,0.0
430.4539889279552,141.0,0.0
430.4593043231081,140.0,0.0
430.4620504330357,141.0,0.0
430.4632871360702,140.0,0.0
430.4714332062903,139.0,0.0
430.47318048658013,138.0,0.0
430.4738391931023,139.0,0.0
430.4878193595279,138.0,0.0
430.49167513555676,137.0,0.0
430.49653321604137,136.0,0.0
430.50796950523176,135.0,0.0
430.51778035648323,136.0,0.0
430.52279743627025,135.0,0.0
430.52886996363407,134.0,0.0
430.529789742043,135.0,0.0
430.53153852582454,134.0,0.0
430.54278598026826,135.0,0.0
430.55463090462973,136.0,0.0
430.5609484705893,135.0,0.0
430.5681267267671,136.0,0.0
430.5827043640149,137.0,0.0
430.5914254210949,138.0,0.0
430.59339788066546,139.0,0.0
430.5994471157401,138.0,0.0
430.6123486723093,137.0,0.0
430.61410601058924,138.0,0.0
430.61670302016364,139.0,0.0
430.62255929966625,140.0,0.0
430.6307369858001,141.0,0.0
430.63653216769836,140.0,0.0
430.63712539722246,139.0,0.0
430.63810459879494,140.0,0.0
430.63917870297615,141.0,0.0
430.6392256836603,140.0,0.0
430.6410002353285,139.0,0.0
430.64384278396403,140.0,0.0
430.653922210636,141.0,0.0
430.6624203560796,140.0,0.0
430.66361644742364,139.0,0.0
430.66567994940544,140.0,0.0
430.6728086203718,141.0,0.0
430.67715618532503,140.0,0.0
430.6849711399372,139.0,0.0
430.68677947933827,138.0,0.0
430.6886766801172,139.0,0.0
430.6890098492363,138.0,0.0
430.69045837626675,137.0,0.0
430.69271862953315,136.0,0.0
430.6935998934885,135.0,0.0
430.6945090864039,136.0,0.0
430.6961379047164,137.0,0.0
430.7087313022176,136.0,0.0
430.70968789696144,137.0,0.0
430.7097618901524,136.0,0.0
430.7115580278897,135.0,0.0
430.7138480095167,134.0,0.0
430.7165421431244,133.0,0.0
430.71669528538763,134.0,0.0
430.718018158191,133.0,0.0
430.7218482443856,132.0,0.0
430.73048080265573,131.0,0.0
430.73175004756916,132.0,0.0
430.73570233489295,131.0,0.0
430.73607760000556,132.0,0.0
430.7485659982568,131.0,0.0
430.7502790812855,130.0,0.0
430.7575935486536,131.0,0.0
430.7705604626979,132.0,0.0
430.77681313046736,131.0,0.0
430.7833729655147,130.0,0.0
430.7927232622353,129.0,0.0
430.79417855585666,130.0,0.0
430.7979683012977,131.0,0.0
430.80355382365553,130.0,0.0
430.80782616427956,131.0,0.0
430.8213017246338,130.0,0.0
430.8281443457595,129.0,0.0
430.83198398902186,128.0,0.0
430.83578611906654,127.0,0.0
430.8409592983232,126.0,0.0
430.84525505179437,127.0,0.0
430.84814391503494,128.0,0.0
430.85137739591664,127.0,0.0
430.856431127553,128.0,0.0
430.86004631420525,127.0,0.0
430.8675277239075,128.0,0.0
430.87443006736453,127.0,0.0
430.8870995944111,126.0,0.0
430.8895607170524,127.0,0.0
430.9040377779912,128.0,0.0
430.9067456872299,127.0,0.0
430.9103416435,128.0,0.0
430.91039370067324,127.0,0.0
430.9106068806041,126.0,0.0
430.91619613937075,127.0,0.0
430.9261738242731,126.0,0.0
430.93145240062677,127.0,0.0
430.93263479208565,126.0,0.0
430.93844105312206,125.0,0.0
430.94767293038007,124.0,0.0
430.9485272569018,123.0,0.0
430.9572642529369,122.0,0.0
430.95888099079843,121.0,0.0
430.9637903015115,122.0,0.0
430.9647575550948,123.0,0.0
430.97146077048893,122.0,0.0
430.9789999651116,121.0,0.0
430.9937696895869,122.0,0.0
430.9941764631036,123.0,0.0
431.01032274783336,124.0,0.0
431.01209662745543,125.0,0.0
431.0125411268516,126.0,0.0
431.0186278972167,127.0,0.0
431.02154777167505,126.0,0.0
431.02656045034115,127.0,0.0
431.02854557195883,126.0,0.0
431.031414377803,127.0,0.0
431.0374638791617,126.0,0.0
431.049221941792,125.0,0.0
431.04984330168656,124.0,0.0
431.0643129433777,123.0,0.0
431.073010603624,122.0,0.0
431.07305018172883,123.0,0.0
431.0740227012706,124.0,0.0
431.07566289153306,125.0,0.0
431.08147997894076,126.0,0.0
431.0871620231731,127.0,0.0
431.0877033022817,128.0,0.0
431.0903332534162,127.0,0.0
431.09622790783385,128.0,0.0
431.0972166799994,129.0,0.0
431.0994365910944,128.0,0.0
431.1000739775643,129.0,0.0
431.1012719786567,130.0,0.0
431.10283356304075,129.0,0.0
431.1045105288013,128.0,0.0
431.10828637504403,129.0,0.0
431.1112085542365,128.0,0.0
431.1248508161141,127.0,0.0
431.1266911185454,126.0,0.0
431.1279845378902,125.0,0.0
431.13228069203245,124.0,0.0
431.1334344946272,125.0,0.0
431.1448626456186,124.0,0.0
431.14667798528455,125.0,0.0
431.16464197901274,126.0,0.0
431.16678328702886,127.0,0.0
431.1671816892855,126.0,0.0
431.17699020103527,127.0,0.0
431.1771678646891,126.0,0.0
431.17981519830823,127.0,0.0
431.1911043154272,126.0,0.0
431.1982488396107,127.0,0.0
431.1991301910057,128.0,0.0
431.2018953882665,129.0,0.0
431.20371561342864,130.0,0.0
431.203846101218,131.0,0.0
431.2052110864715,132.0,0.0
431.22112384435434,133.0,0.0
431.22120752498256,134.0,0.0
431.2247561852728,135.0,0.0
431.2287147080115,136.0,0.0
431.2305881688812,137.0,0.0
431.23346943170367,138.0,0.0
431.2359635382497,139.0,0.0
431.2436882076573,138.0,0.0
431.2482651541336,137.0,0.0
431.2483577291161,138.0,0.0
431.24888807056635,139.0,0.0
431.25687603559527,138.0,0.0
431.2658898863805,137.0,0.0
431.2680358563037,138.0,0.0
431.27672371648845,137.0,0.0
431.2778080044154,136.0,0.0
431.2796899499409,135.0,0.0
431.28227997238656,136.0,0.0
431.2823930783396,137.0,0.0
431.29235587799957,136.0,0.0
431.294901116219,135.0,0.0
431.29575506771556,134.0,0.0
431.30445790119506,135.0,0.0
431.3050395196623,136.0,0.0
431.31016630892964,137.0,0.0
431.3179414853422,136.0,0.0
431.32094425465914,135.0,0.0
431.32561055057243,136.0,0.0
431.32720128250526,135.0,0.0
431.33576524256716,134.0,0.0
431.3359909058659,135.0,0.0
431.33611718763393,136.0,0.0
431.34406412113464,135.0,0.0
431.3450808098211,136.0,0.0
431.3495947226537,137.0,0.0
431.3527622431934,138.0,0.0
431.3550967761383,137.0,0.0
431.3567054267979,136.0,0.0
431.3589843431486,137.0,0.0
431.3590473355921,136.0,0.0
431.36497125524664,137.0,0.0
431.36843074941237,138.0,0.0
431.37267792221144,137.0,0.0
431.3745040656474,138.0,0.0
431.3748024958485,137.0,0.0
431.38462387966047,138.0,0.0
431.3892916685765,137.0,0.0
431.3901433655211,138.0,0.0
431.3924297509701,137.0,0.0
431.39609029785987,136.0,0.0
431.4020207472987,137.0,0.0
431.40272256415585,136.0,0.0
431.4062369321551,135.0,0.0
431.40792345772235,134.0,0.0
431.4172136747843,133.0,0.0
431.4410610618949,134.0,0.0
431.44389209179263,133.0,0.0
431.4531677390122,134.0,0.0
431.4547655334543,135.0,0.0
431.46042595940224,136.0,0.0
431.46214478379034,137.0,0.0
431.46394554605376,136.0,0.0
431.4651756908094,135.0,0.0
431.4659066629422,134.0,0.0
431.47310052493776,135.0,0.0
431.4958966050353,134.0,0.0
431.5020079112862,133.0,0.0
431.50388876860154,134.0,0.0
431.51235782625184,135.0,0.0
431.5130414511739,136.0,0.0
431.5228523904994,137.0,0.0
431.5268334370283,136.0,0.0
431.55558093344473,135.0,0.0
431.57190156801545,134.0,0.0
431.5761831706385,135.0,0.0
431.5765782803576,136.0,0.0
431.579147987499,135.0,0.0
431.6000094999012,136.0,0.0
431.6005837707576,137.0,0.0
431.60095335183485,138.0,0.0
431.6018369239417,137.0,0.0
431.60322100911907,138.0,0.0
431.6169175004484,139.0,0.0
431.62160146244804,140.0,0.0
431.63011408678676,141.0,0.0
431.6387373607651,140.0,0.0
431.64147441614165,139.0,0.0
431.64584073260005,138.0,0.0
431.64902694727016,139.0,0.0
431.6589557469219,140.0,0.0
431.66298267661386,141.0,0.0
431.6791047010909,142.0,0.0
431.67971626211346,141.0,0.0
431.68414592683695,142.0,0.0
431.688467065631,143.0,0.0
431.69621438671214,142.0,0.0
431.7028266927133,143.0,0.0
431.70326629141505,144.0,0.0
431.7087924532414,143.0,0.0
431.7138271327551,142.0,0.0
431.71636610437764,141.0,0.0
431.7312933371739,140.0,0.0
431.73422161599416,141.0,0.0
431.734611659257,140.0,0.0
431.73547772175834,139.0,0.0
431.7447753148134,140.0,0.0
431.747682498368,141.0,0.0
431.750838644124,142.0,0.0
431.75492880848674,141.0,0.0
431.7559214494259,142.0,0.0
431.7569105660649,141.0,0.0
431.7692750329236,142.0,0.0
431.77109883799403,143.0,0.0
431.77480586714455,142.0,0.0
431.78374465609403,143.0,0.0
431.7911552202367,142.0,0.0
431.7930797723611,141.0,0.0
431.7973512321537,140.0,0.0
431.7976257953217,141.0,0.0
431.80260327596216,140.0,0.0
431.80865929331117,141.0,0.0
431.81546025878805,142.0,0.0
431.81595879938874,141.0,0.0
431.8213743226673,140.0,0.0
431.8308158691206,139.0,0.0
431.83895538607925,138.0,0.0
431.84536683576545,137.0,0.0
431.8525248329527,136.0,0.0
431.8559749911568,135.0,0.0
431.8574263998603,134.0,0.0
431.8598978869834,135.0,0.0
431.87167199001664,136.0,0.0
431.87330077744423,137.0,0.0
431.88350824269554,136.0,0.0
431.8840265625727,137.0,0.0
431.8877309230906,138.0,0.0
431.9156183658708,139.0,0.0
431.9164031493662,140.0,0.0
431.92938652421805,141.0,0.0
431.9315638876161,142.0,0.0
431.93848374415904,143.0,0.0
431.94084054245485,144.0,0.0
431.9419414917297,145.0,0.0
431.9424927459873,146.0,0.0
431.9527627262824,147.0,0.0
431.953792476892,148.0,0.0
431.9544673650973,147.0,0.0
431.95551934148443,148.0,0.0
431.9631424309351,149.0,0.0
431.9684236478841,148.0,0.0
431.9751086449802,147.0,0.0
432.0062969266841,148.0,0.0
432.00701401909754,147.0,0.0
432.0073130074078,146.0,0.0
432.01029903771706,145.0,0.0
432.011725627257,146.0,0.0
432.0137960363638,145.0,0.0
432.0155768960473,146.0,0.0
432.02532916040394,145.0,0.0
432.0266925334632,146.0,0.0
432.04001895188463,145.0,0.0
432.0463725689595,144.0,0.0
432.04957279255206,145.0,0.0
432.0580775947624,146.0,0.0
432.05880244719333,147.0,0.0
432.06518328788223,146.0,0.0
432.0705837410312,147.0,0.0
432.08263576259424,146.0,0.0
432.09682670707866,147.0,0.0
432.10930398152675,148.0,0.0
432.1099750914846,149.0,0.0
432.1254570701419,150.0,0.0
432.1358816303685,151.0,0.0
432.13730098218514,150.0,0.0
432.14947920013105,149.0,0.0
432.1592023238512,150.0,0.0
432.16203739894667,151.0,0.0
432.1702155822312,150.0,0.0
432.17333098382505,149.0,0.0
432.17339138026387,148.0,0.0
432.1789847872062,147.0,0.0
432.183549145643,146.0,0.0
432.1835661654027,147.0,0.0
432.18430435502296,146.0,0.0
432.20641192960744,147.0,0.0
432.22008821740525,146.0,0.0
432.2296774894082,145.0,0.0
432.2297141439788,144.0,0.0
432.23386555853017,145.0,0.0
432.2360601602987,144.0,0.0
432.23845562509797,143.0,0.0
432.26502091501766,142.0,0.0
432.2665397098528,141.0,0.0
432.2778133916652,142.0,0.0
432.2829569202774,141.0,0.0
432.28441444519405,140.0,0.0
432.2845566120974,139.0,0.0
432.28701493391793,138.0,0.0
432.2871896883693,137.0,0.0
432.2914376088891,136.0,0.0
432.3074406975891,137.0,0.0
432.3115781154055,138.0,0.0
432.3208792562639,137.0,0.0
432.32093034219366,138.0,0.0
432.32343970738594,139.0,0.0
432.3235410798885,140.0,0.0
432.34064542691436,139.0,0.0
432.3407510737926,138.0,0.0
432.34330380222224,139.0,0.0
432.34458933350413,140.0,0.0
432.3449439746685,141.0,0.0
432.35326114235187,142.0,0.0
432.35353355683117,143.0,0.0
432.3630645642357,144.0,0.0
432.3654820380162,145.0,0.0
432.37635449800314,146.0,0.0
432.3817086448635,145.0,0.0
432.3894800906862,144.0,0.0
432.40494289374465,143.0,0.0
432.4106297443118,144.0,0.0
432.4119912109243,143.0,0.0
432.41343705539947,142.0,0.0
432.41363085229335,143.0,0.0
432.42660834157437,144.0,0.0
432.4415889358724,143.0,0.0
432.45272627942734,142.0,0.0
432.45883189192506,141.0,0.0
432.46436888925535,140.0,0.0
432.4661429857396,141.0,0.0
432.46788437474385,142.0,0.0
432.47987277661736,141.0,0.0
432.484759018425,142.0,0.0
432.4870327621288,143.0,0.0
432.48749175864003,142.0,0.0
432.4987327210909,141.0,0.0
432.4997682970732,140.0,0.0
432.5076915671696,141.0,0.0
432.50961922353525,140.0,0.0
432.51032135974197,141.0,0.0
432.5114949491742,142.0,0.0
432.5132851882973,143.0,0.0
432.5292124358393,144.0,0.0
432.5319360646603,145.0,0.0
432.5505566343848,146.0,0.0
432.5505785799772,147.0,0.0
432.554226525257,146.0,0.0
432.55679729567845,145.0,0.0
432.5644307246141,146.0,0.0
432.58199411573406,145.0,0.0
432.5895025980839,146.0,0.0
432.5902764472907,147.0,0.0
432.6159090771651,146.0,0.0
432.6205696012392,145.0,0.0
432.6321875510097,144.0,0.0
432.63521451651974,145.0,0.0
432.6465524017255,144.0,0.0
432.6466642809848,145.0,0.0
432.6495812537969,146.0,0.0
432.65001611014094,145.0,0.0
432.6624531661383,146.0,0.0
432.67474518377395,145.0,0.0
432.6766191878489,144.0,0.0
432.67918776752276,143.0,0.0
432.69516511514666,144.0,0.0
432.7046921148868,145.0,0.0
432.70912562657264,146.0,0.0
432.72400071772563,147.0,0.0
432.72514724170924,146.0,0.0
432.73130191486854,147.0,0.0
432.7350739636154,146.0,0.0
432.74414561568784,147.0,0.0
432.7460537624654,146.0,0.0
432.7461817692771,145.0,0.0
432.7579500034917,144.0,0.0
432.7646716919559,145.0,0.0
432.7675833259878,146.0,0.0
432.7739017767011,145.0,0.0
432.77473634322314,144.0,0.0
432.7784799084471,145.0,0.0
432.7793157276091,146.0,0.0
432.7892696014528,145.0,0.0
432.78965707825415,144.0,0.0
432.7936768230644,143.0,0.0
432.80401681940765,144.0,0.0
432.83170970338324,143.0,0.0
432.85078318997284,142.0,0.0
432.85792325232467,141.0,0.0
432.86167705480966,142.0,0.0
432.8654690443207,141.0,0.0
432.87090500951734,142.0,0.0
432.87610147276484,143.0,0.0
432.88526344902954,142.0,0.0
432.8924471708558,143.0,0.0
432.8950877151956,142.0,0.0
432.89553374754684,141.0,0.0
432.8973429590794,142.0,0.0
432.9027557100616,141.0,0.0
432.90924294017356,142.0,0.0
432.9097663837886,141.0,0.0
432.9298257504107,140.0,0.0
432.93035460699514,139.0,0.0
432.93702022982984,138.0,0.0
432.9455763365069,137.0,0.0
432.9480151412365,136.0,0.0
432.9530409760155,135.0,0.0
432.9628709884897,134.0,0.0
432.9655253824044,133.0,0.0
432.97366853007105,132.0,0.0
432.9858756537955,133.0,0.0
433.0015716775767,134.0,0.0
433.0055180540968,135.0,0.0
433.0349492475157,136.0,0.0
433.03948640070877,135.0,0.0
433.04222385283464,134.0,0.0
433.04784352091445,133.0,0.0
433.0525771453925,134.0,0.0
433.05724709521843,133.0,0.0
433.0644167312845,134.0,0.0
433.06962764797845,133.0,0.0
433.0729790829729,134.0,0.0
433.0878998662459,133.0,0.0
433.08793530252353,134.0,0.0
433.09933321545134,133.0,0.0
433.1044276462375,134.0,0.0
433.10657153802407,133.0,0.0
433.1068226697152,134.0,0.0
433.11115964241526,135.0,0.0
433.11345510294774,134.0,0.0
433.1149441632518,133.0,0.0
433.1299639787625,134.0,0.0
433.1349144134681,135.0,0.0
433.13842494739254,134.0,0.0
433.1431175821017,135.0,0.0
433.14564789189956,134.0,0.0
433.1472831898037,135.0,0.0
433.1483559096227,134.0,0.0
433.1541408965039,135.0,0.0
433.155380081914,136.0,0.0
433.160487941503,135.0,0.0
433.1702922630128,136.0,0.0
433.17041832101506,137.0,0.0
433.1943729711473,136.0,0.0
433.19652099526365,135.0,0.0
433.2037336057922,134.0,0.0
433.21328546189176,133.0,0.0
433.2137581297017,134.0,0.0
433.2160347525253,133.0,0.0
433.2160443219519,132.0,0.0
433.2176519131365,131.0,0.0
433.2186176906955,130.0,0.0
433.22210876931166,129.0,0.0
433.2384503178154,128.0,0.0
433.2397097265541,127.0,0.0
433.2448153408192,126.0,0.0
433.25176927416,127.0,0.0
433.2558703524613,128.0,0.0
433.2582341346109,129.0,0.0
433.26702840755,128.0,0.0
433.2675737129933,127.0,0.0
433.2745653385072,126.0,0.0
433.30384364244816,127.0,0.0
433.3055713066924,126.0,0.0
433.3242976674785,127.0,0.0
433.3260029251076,126.0,0.0
433.3404540418334,127.0,0.0
433.34191399393717,126.0,0.0
433.34218319771145,125.0,0.0
433.34312128559117,126.0,0.0
433.34738379502306,127.0,0.0
433.3522762938495,126.0,0.0
433.35483000137805,125.0,0.0
433.36040569327304,124.0,0.0
433.3668515729836,123.0,0.0
433.36956007533206,124.0,0.0
433.3754518261705,123.0,0.0
433.3757364786009,124.0,0.0
433.38421354943983,123.0,0.0
433.38936780393226,124.0,0.0
433.38941310890374,123.0,0.0
433.39758786606797,124.0,0.0
433.41025590018484,123.0,0.0
433.4138595322782,122.0,0.0
433.4141772406092,123.0,0.0
433.4201780910422,122.0,0.0
433.424451324976,123.0,0.0
433.42541772100253,124.0,0.0
433.4262100713688,125.0,0.0
433.42698252275585,126.0,0.0
433.43491714317776,127.0,0.0
433.4385550371826,126.0,0.0
433.4403700875835,125.0,0.0
433.4407802541386,124.0,0.0
433.4417245687021,123.0,0.0
433.44567073090616,122.0,0.0
433.4508809997358,123.0,0.0
433.4510534841149,122.0,0.0
433.4657216313083,123.0,0.0
433.4705094122199,124.0,0.0
433.4781439159655,123.0,0.0
433.4806696581787,124.0,0.0
433.48749347534056,123.0,0.0
433.4883738218132,122.0,0.0
433.5069772566576,123.0,0.0
433.5098982876626,122.0,0.0
433.5108147327915,123.0,0.0
433.517847799946,122.0,0.0
433.5181700926758,121.0,0.0
433.5355609963059,120.0,0.0
433.53815127965225,121.0,0.0
433.54215687053113,120.0,0.0
433.5594611626664,121.0,0.0
433.57919712505037,120.0,0.0
433.5796425676161,119.0,0.0
433.5800058808379,120.0,0.0
433.623691868709,121.0,0.0
433.6306768503647,120.0,0.0
433.63832337325636,121.0,0.0
433.6499710427019,122.0,0.0
433.655190149979,121.0,0.0
433.65845428480526,120.0,0.0
433.6689740020436,119.0,0.0
433.6855106733081,118.0,0.0
433.69287815777386,119.0,0.0
433.69897237468683,120.0,0.0
433.71280425132886,119.0,0.0
433.7134336650671,120.0,0.0
433.7203718972001,119.0,0.0
433.7224665228781,118.0,0.0
433.73412749176015,117.0,0.0
433.7373755411116,118.0,0.0
433.7388645041683,119.0,0.0
433.74360025183256,118.0,0.0
433.7437361112598,119.0,0.0
433.7494353222234,118.0,0.0
433.7536175024122,119.0,0.0
433.756786012502,120.0,0.0
433.7599984365449,121.0,0.0
433.7707155711771,120.0,0.0
433.7938902571071,119.0,0.0
433.7991188543863,118.0,0.0
433.8046920569044,119.0,0.0
433.8072474363861,118.0,0.0
433.8076964780341,117.0,0.0
433.81091066479297,118.0,0.0
433.8114223035128,119.0,0.0
433.8284471285192,120.0,0.0
433.82919862933767,119.0,0.0
433.8298133614086,118.0,0.0
433.8303947293705,117.0,0.0
433.833164326231,118.0,0.0
433.84003755613605,119.0,0.0
433.843813381769,118.0,0.0
433.8532948397755,117.0,0.0
433.8539381717721,118.0,0.0
433.8581679670531,117.0,0.0
433.86517299120555,116.0,0.0
433.8828394679659,115.0,0.0
433.88314946176695,114.0,0.0
433.8831911719147,115.0,0.0
433.8838555588393,114.0,0.0
433.89157378605415,113.0,0.0
433.9022619396367,112.0,0.0
433.9065018829431,113.0,0.0
433.9188872867032,114.0,0.0
433.92295141925166,113.0,0.0
433.924952036298,112.0,0.0
433.93325516685553,113.0,0.0
433.93776164362606,112.0,0.0
433.94108450946345,113.0,0.0
433.94290994254067,114.0,0.0
433.9437608259406,115.0,0.0
433.94490629259326,114.0,0.0
433.95128819283633,115.0,0.0
433.95165311909767,114.0,0.0
433.9609462508557,115.0,0.0
433.96611009739786,114.0,0.0
433.9685199661364,113.0,0.0
433.97079604706266,112.0,0.0
433.97087380253055,111.0,0.0
433.9757508272786,110.0,0.0
433.97726199195154,109.0,0.0
433.98419889932813,108.0,0.0
433.9878276786143,109.0,0.0
433.99664255840605,110.0,0.0
434.0061908614852,109.0,0.0
434.02678917986907,110.0,0.0
434.0431073653096,109.0,0.0
434.06236621502006,108.0,0.0
434.0656228049526,107.0,0.0
434.0848943178411,108.0,0.0
434.0877237844598,109.0,0.0
434.1104855654087,108.0,0.0
434.1109812490901,107.0,0.0
434.11161445378826,106.0,0.0
434.11299673720316,105.0,0.0
434.13017571891146,104.0,0.0
434.13124426543084,105.0,0.0
434.1314037007327,104.0,0.0
434.1315334832612,103.0,0.0
434.140135210355,102.0,0.0
434.14491069207395,101.0,0.0
434.1476082022111,100.0,0.0
434.1645486081391,101.0,0.0
434.1669116879614,102.0,0.0
434.1681113723381,101.0,0.0
434.1692473128164,100.0,0.0
434.1798853874816,99.0,0.0
434.1907670582881,100.0,0.0
434.19819837351656,101.0,0.0
434.2002761534582,100.0,0.0
434.2030999019203,99.0,0.0
434.2090014585239,98.0,0.0
434.21106685889265,97.0,0.0
434.21375391996816,96.0,0.0
434.21454527943706,95.0,0.0
434.2147291689407,96.0,0.0
434.2153085857338,95.0,0.0
434.2179934836514,96.0,0.0
434.2196845526717,95.0,0.0
434.22998264328334,94.0,0.0
434.24173286943176,95.0,0.0
434.249490833778,94.0,0.0
434.2648824221787,93.0,0.0
434.2844694521456,94.0,0.0
434.28784177639807,93.0,0.0
434.303414870879,92.0,0.0
434.3168494421619,91.0,0.0
434.31984458674316,92.0,0.0
434.33850000845257,93.0,0.0
434.34931374949355,92.0,0.0
434.3692075475543,91.0,0.0
434.3880190128981,92.0,0.0
434.3890846057159,93.0,0.0
434.39935671330767,92.0,0.0
434.40363659053895,91.0,0.0
434.4061058578282,90.0,0.0
434.4071280432964,91.0,0.0
434.41209102498647,92.0,0.0
434.41819739872227,91.0,0.0
434.42204806297775,90.0,0.0
434.4381405060966,89.0,0.0
434.442125145934,88.0,0.0
434.45219930728337,89.0,0.0
434.4598319806204,90.0,0.0
434.4726151771527,89.0,0.0
434.47542413912265,90.0,0.0
434.47707567594904,89.0,0.0
434.49048494889996,88.0,0.0
434.4929129100408,89.0,0.0
434.4996079645765,90.0,0.0
434.5051339967467,89.0,0.0
434.51230626158,88.0,0.0
434.5134071440397,89.0,0.0
434.5358951714953,90.0,0.0
434.541381233947,91.0,0.0
434.54688307260346,92.0,0.0
434.57802660461107,91.0,0.0
434.5910171825125,90.0,0.0
434.5943774262655,89.0,0.0
434.5948215971072,88.0,0.0
434.5992671868444,87.0,0.0
434.5993270447337,86.0,0.0
434.6151721358339,85.0,0.0
434.63280269693854,84.0,0.0
434.63928453736327,83.0,0.0
434.6637251798595,82.0,0.0
434.6741768098659,83.0,0.0
434.6743173751544,82.0,0.0
434.6750261272513,81.0,0.0
434.6753724277778,80.0,0.0
434.68309420358736,79.0,0.0
434.69210156306445,78.0,0.0
434.69236748673404,77.0,0.0
434.6949868055135,76.0,0.0
434.7050771575958,75.0,0.0
434.7089691348044,74.0,0.0
434.7120323787624,75.0,0.0
434.7130473898388,74.0,0.0
434.7176455467197,75.0,0.0
434.7213239768923,74.0,0.0
434.7278927461974,73.0,0.0
434.7378042314164,72.0,0.0
434.7394885117844,71.0,0.0
434.75030830014595,72.0,0.0
434.7556661163675,71.0,0.0
434.7613466444991,70.0,0.0
434.7614490891514,69.0,0.0
434.76821277576954,68.0,0.0
434.7815207084408,67.0,0.0
434.79576536742695,66.0,0.0
434.79807708791446,67.0,0.0
434.8066066345835,66.0,0.0
434.8092410487496,65.0,0.0
434.81355664684514,64.0,0.0
434.8189227497989,63.0,0.0
434.8449886139217,62.0,0.0
434.85851617663485,63.0,0.0
434.8705741547016,62.0,0.0
434.8707605293326,61.0,0.0
434.88695421145366,60.0,0.0
434.88982794199933,59.0,0.0
434.8912023931219,60.0,0.0
434.8960960491802,59.0,0.0
434.9055990313664,58.0,0.0
434.9097378996719,57.0,0.0
434.9128554668564,56.0,0.0
434.9157151799178,55.0,0.0
434.92437259265705,56.0,0.0
434.9271150094073,55.0,0.0
434.9327219959819,54.0,0.0
434.93483711613897,55.0,0.0
434.94226406608664,54.0,0.0
434.9425819605159,53.0,0.0
434.94657195458865,52.0,0.0
434.9527815843653,53.0,0.0
434.9586824664269,54.0,0.0
434.96660646475493,53.0,0.0
434.96825098498385,52.0,0.0
434.97005706126834,51.0,0.0
434.97696022441994,50.0,0.0
434.9806283586025,49.0,0.0
434.98231358281186,48.0,0.0
434.99165238833524,49.0,0.0
434.999526104352,48.0,0.0
435.0062915747803,47.0,0.0
435.02395007748896,48.0,0.0
435.04574929895097,49.0,0.0
435.04648397407016,48.0,0.0
435.0507525822082,47.0,0.0
435.0548356816086,48.0,0.0
435.0639658716186,49.0,0.0
435.0701822453505,50.0,0.0
435.0745501633113,49.0,0.0
435.07815493168613,50.0,0.0
435.0802559609678,49.0,0.0
435.0820903736652,48.0,0.0
435.09195097731,47.0,0.0
435.11306328527644,46.0,0.0
435.12754011228463,47.0,0.0
435.1375031247328,48.0,0.0
435.1385428386351,47.0,0.0
435.14429633257976,48.0,0.0
435.15022310113415,49.0,0.0
435.1568791538943,48.0,0.0
435.1605853635035,47.0,0.0
435.1819885712917,46.0,0.0
435.18751926315895,45.0,0.0
435.18978545240225,46.0,0.0
435.1940896534445,45.0,0.0
435.20449938512706,46.0,0.0
435.20571127361814,45.0,0.0
435.2152441130656,44.0,0.0
435.22628103619326,43.0,0.0
435.2274644314395,44.0,0.0
435.2309827371794,43.0,0.0
435.2320197506333,42.0,0.0
435.24148330630334,43.0,0.0
435.243963023017,42.0,0.0
435.25281228187936,41.0,0.0
435.25299843871545,40.0,0.0
435.26258583059894,41.0,0.0
435.2695156646946,40.0,0.0
435.2726191824156,39.0,0.0
435.2888515469179,38.0,0.0
435.2899225220302,37.0,0.0
435.3060317724289,36.0,0.0
435.3202109494775,35.0,0.0
435.32502608868583,36.0,0.0
435.3689529856617,35.0,0.0
435.37966034466416,36.0,0.0
435.3878624038095,35.0,0.0
435.3920651012607,36.0,0.0
435.3947524482659,35.0,0.0
435.4066434269541,36.0,0.0
435.43165849702694,35.0,0.0
435.4474207120659,34.0,0.0
435.45762805118255,33.0,0.0
435.460534366585,32.0,0.0
435.46805119250945,33.0,0.0
435.49728778014696,32.0,0.0
435.5017946782419,31.0,0.0
435.50650187226523,30.0,0.0
435.51181613466827,29.0,0.0
435.5155028026155,28.0,0.0
435.5163631279171,27.0,0.0
435.51926992387547,26.0,0.0
435.5195595495379,27.0,0.0
435.5273386846307,26.0,0.0
435.5479428934764,25.0,0.0
435.5553505150017,24.0,0.0
435.5567720977295,23.0,0.0
435.5903995384683,24.0,0.0
435.59950170253774,25.0,0.0
435.6101950947242,26.0,0.0
435.6112302374757,25.0,0.0
435.61476523057337,24.0,0.0
435.6235252178895,23.0,0.0
435.63435360579246,22.0,0.0
435.63752222474034,21.0,0.0
435.64561164585865,20.0,0.0
435.64953858753745,19.0,0.0
435.67318755129145,20.0,0.0
435.6799559258048,19.0,0.0
435.68926820342404,18.0,0.0
435.69737099478465,19.0,0.0
435.7040327096982,18.0,0.0
435.70607217084404,17.0,0.0
435.7403976847536,16.0,0.0
435.7513033588941,15.0,0.0
435.758892697285,14.0,0.0
435.76182256468917,13.0,0.0
435.77796424184345,12.0,0.0
435.7798159593751,11.0,0.0
435.7805563413773,10.0,0.0
435.78532308429715,9.0,0.0
435.7870557806692,10.0,0.0
435.7935061372193,11.0,0.0
435.7937401329885,12.0,0.0
435.7941929262069,11.0,0.0
435.79573795611225,10.0,0.0
435.7995099076343,9.0,0.0
435.8034918354052,8.0,0.0
435.80418880928255,9.0,0.0
435.8359998883214,8.0,0.0
435.8413123629522,7.0,0.0
435.8560394170625,6.0,0.0
435.8698458323952,5.0,0.0
435.8764068835169,4.0,0.0
435.87768084753543,3.0,0.0
435.88066289453167,4.0,0.0
435.8869307712763,5.0,0.0
435.89222475506745,4.0,0.0
435.89909458709315,3.0,0.0
435.9047022576386,2.0,0.0
435.918595648854,1.0,0.0
435.9258734781004,2.0,0.0
435.9355830564025,1.0,0.0
435.9635210234282,2.0,0.0
435.96659350978194,3.0,0.0
436.0076397057144,2.0,0.0
436.0120930724996,3.0,0.0
436.01271930117855,4.0,0.0
436.01546187184533,5.0,0.0
436.0264140230538,4.0,0.0
436.03138514686304,3.0,0.0
436.0326323627664,2.0,0.0
436.0825024622349,1.0,0.0
436.08694775374494,0.0,0.0
436.14449401234907,1.0,0.0
436.1491174252135,0.0,0.0
436.1611009684563,1.0,0.0
436.19915144164645,2.0,0.0
436.20251360567926,1.0,0.0
436.2038501233013,0.0,0.0
436.2703561251199,1.0,0.0
436.2707088837707,0.0,0.0
436.3220668841442,1.0,0.0
436.3228138469436,0.0,0.0
436.32468080328243,1.0,0.0
436.33610155997894,0.0,0.0
436.3736205135702,1.0,0.0
436.40069871461606,2.0,0.0
436.412972740776,1.0,0.0
436.4222026134264,0.0,0.0
436.4407178607987,1.0,0.0
436.4654666175529,0.0,0.0
436.5482073122844,1.0,0.0
436.5795013386398,2.0,0.0
436.58909904596277,1.0,0.0
436.61262620807884,0.0,0.0
436.6361068611041,1.0,0.0
436.6422384605849,2.0,0.0
436.64871377562645,1.0,0.0
436.65010993717635,2.0,0.0
436.67079631922473,1.0,0.0
436.67135143915993,2.0,0.0
436.6835524359246,3.0,0.0
436.6837956021537,2.0,0.0
436.6957857837189,1.0,0.0
436.7044806992167,0.0,0.0
436.82037651749295,1.0,0.0
436.83369389942123,0.0,0.0
436.88026789185693,1.0,0.0
436.89832613503563,0.0,0.0
436.9080082238987,1.0,0.0
436.9125323088783,0.0,0.0
436.97612327386776,1.0,0.0
436.9796313575122,0.0,0.0
437.07168985603676,1.0,0.0
437.087336495752,0.0,0.0
437.109834062472,1.0,0.0
437.1274115881971,0.0,0.0
437.14580324639996,1.0,0.0
437.1528094947235,0.0,0.0
437.17347826756856,1.0,0.0
437.1788698374652,2.0,0.0
437.18382671954055,1.0,0.0
437.1919028898742,2.0,0.0
437.1938832805838,1.0,0.0
437.1973414979338,2.0,0.0
437.19975734850726,1.0,0.0
437.2003153280343,0.0,0.0
437.21240155272886,1.0,0.0
437.23887608067,0.0,0.0
437.2477240718515,1.0,0.0
437.2613894900692,0.0,0.0
437.2922075613714,1.0,0.0
437.3048406714896,0.0,0.0
437.3656727458776,1.0,0.0
437.3960056243792,2.0,0.0
437.39908379683703,1.0,0.0
437.4238519276442,0.0,0.0
437.42548104470234,1.0,0.0
437.4612712705031,0.0,0.0
437.4673311743191,1.0,0.0
437.4800578742529,2.0,0.0
437.4884676353236,1.0,0.0
437.4901143668322,0.0,0.0
437.49076311831885,1.0,0.0
437.49394395950856,0.0,0.0
437.5972929207558,1.0,0.0
437.606668737997,2.0,0.0
437.61866863773133,1.0,0.0
437.6579673359929,0.0,0.0
437.66783656759304,1.0,0.0
437.6851160350945,0.0,0.0
437.71132033263524,1.0,0.0
437.71635176431175,2.0,0.0
437.72484409200257,1.0,0.0
437.74629594644307,0.0,0.0
437.85520693783644,1.0,0.0
437.91834270518086,0.0,0.0
437.96566966263646,1.0,0.0
437.9878281440024,0.0,0.0
438.24966841025133,1.0,0.0
438.276337530455,0.0,0.0
438.28900730366115,1.0,0.0
438.29517956748805,0.0,0.0
438.2984591373005,1.0,0.0
438.3088225065884,0.0,0.0
438.3128137583736,1.0,0.0
438.3203334094353,2.0,0.0
438.3533270011478,1.0,0.0
438.3541494888386,2.0,0.0
438.3930082487391,3.0,0.0
438.42110548376445,2.0,0.0
438.42842720863797,3.0,0.0
438.45341843444066,2.0,0.0
438.46468888019365,1.0,0.0
438.4861566638307,0.0,0.0
438.4989131608343,1.0,0.0
438.5100551303416,0.0,0.0
438.51372665326596,1.0,0.0
438.54999798794586,2.0,0.0
438.5506698905787,1.0,0.0
438.5805023939381,0.0,0.0
438.6513838357425,1.0,0.0
438.6564150286935,2.0,0.0
438.66026622380764,1.0,0.0
438.6771739211238,0.0,0.0
438.70820965509137,1.0,0.0
438.7226114868267,2.0,0.0
438.74010135775177,1.0,0.0
438.7629535079136,0.0,0.0
438.86700348000915,1.0,0.0
438.86738204221956,0.0,0.0
438.89361445387294,1.0,0.0
438.90129821148076,0.0,0.0
438.9570060087209,1.0,0.0
438.97120225838245,0.0,0.0
438.9816472013972,1.0,0.0
438.9823444003217,0.0,0.0
439.16821888827894,1.0,0.0
439.1861851165448,2.0,0.0
439.2036873154596,1.0,0.0
439.2096828111431,0.0,0.0
439.27496987003786,1.0,0.0
439.29284996081986,0.0,0.0
439.3117854462361,1.0,0.0
439.31295453978834,2.0,0.0
439.3374193498475,1.0,0.0
439.3409227212758,0.0,0.0
439.3411222517154,1.0,0.0
439.3501313910789,0.0,0.0
439.36996277360834,1.0,0.0
439.3870609557985,0.0,0.0
439.3983122436106,1.0,0.0
439.41599982553635,2.0,0.0
439.42250011306936,1.0,0.0
439.4669043230276,2.0,0.0
439.4869141787367,3.0,0.0
439.5431056055229,4.0,0.0
439.5537164815549,5.0,0.0
439.58674023995815,6.0,0.0
439.5937358246102,5.0,0.0
439.59805437673066,4.0,0.0
439.5991609061627,5.0,0.0
439.6000879374522,4.0,0.0
439.6077080239482,5.0,0.0
439.6181590933184,4.0,0.0
439.62669729108484,5.0,0.0
439.63355218762996,4.0,0.0
439.6417985578069,5.0,0.0
439.64390670708804,4.0,0.0
439.64693396293313,3.0,0.0
439.6482570825771,4.0,0.0
439.65002732756466,3.0,0.0
439.66254553920436,2.0,0.0
439.66636563118755,3.0,0.0
439.67590041757876,4.0,0.0
439.680059711826,3.0,0.0
439.6923938531412,4.0,0.0
439.6988024644396,5.0,0.0
439.7011235431099,6.0,0.0
439.71163388935446,7.0,0.0
439.7168197030688,8.0,0.0
439.72930593466873,7.0,0.0
439.7341607854089,6.0,0.0
439.74925261813746,5.0,0.0
439.75392492010013,6.0,0.0
439.75530926889314,7.0,0.0
439.7743481150068,8.0,0.0
439.7781493731968,7.0,0.0
439.7831475955858,6.0,0.0
439.7880488478966,7.0,0.0
439.79506429142396,6.0,0.0
439.7992625272133,5.0,0.0
439.8005802801677,4.0,0.0
439.80609237717056,3.0,0.0
439.80990479427754,2.0,0.0
439.8349888237152,1.0,0.0
439.83581733579535,0.0,0.0
439.8765024883414,1.0,0.0
439.88897351959525,2.0,0.0
439.8891108189187,3.0,0.0
439.892693025826,4.0,0.0
439.89586331961806,5.0,0.0
439.90402928191185,4.0,0.0
439.924087427604,5.0,0.0
439.93328641994026,6.0,0.0
439.9373452986208,5.0,0.0
439.94218288264904,6.0,0.0
439.9639204538988,5.0,0.0
439.96955673413567,4.0,0.0
439.9724678367863,3.0,0.0
439.9748932608381,4.0,0.0
439.97771415120815,5.0,0.0
439.97979713069935,6.0,0.0
439.9802769740836,7.0,0.0
439.9968740025118,6.0,0.0
440.0099535657704,7.0,0.0
440.0378088569326,8.0,0.0
440.0454868247797,9.0,0.0
440.0653025920073,10.0,0.0
440.0792939521494,9.0,0.0
440.0811645551438,10.0,0.0
440.0948183456223,9.0,0.0
440.09656971123604,10.0,0.0
440.1025841448698,11.0,0.0
440.1053913251493,10.0,0.0
440.10553400492824,9.0,0.0
440.1174970591631,8.0,0.0
440.1444561315062,7.0,0.0
440.14987082786337,6.0,0.0
440.1632137261066,5.0,0.0
440.17161174687817,6.0,0.0
440.1769378637277,5.0,0.0
440.18003088611357,4.0,0.0
440.1800315129474,5.0,0.0
440.2184981304609,4.0,0.0
440.2238994767635,5.0,0.0
440.2292937054183,4.0,0.0
440.25278837186096,3.0,0.0
440.28148338683656,4.0,0.0
440.3057169384487,5.0,0.0
440.331383514743,4.0,0.0
440.3369239086909,3.0,0.0
440.35815467658847,4.0,0.0
440.3590720576507,5.0,0.0
440.36537559156994,6.0,0.0
440.3775872005499,5.0,0.0
440.3831529148936,4.0,0.0
440.3994800697498,5.0,0.0
440.39952053611285,6.0,0.0
440.4055668248352,5.0,0.0
440.4139165046212,4.0,0.0
440.42035505125205,3.0,0.0
440.42087583334234,2.0,0.0
440.42304455589243,1.0,0.0
440.4270724945689,0.0,0.0
440.4285357424297,1.0,0.0
440.4354285718433,2.0,0.0
440.4529437493791,3.0,0.0
440.45653531729465,4.0,0.0
440.45911972671234,5.0,0.0
440.4605700819388,4.0,0.0
440.46949574886895,3.0,0.0
440.4801389003614,4.0,0.0
440.4874923422335,5.0,0.0
440.49229135739995,4.0,0.0
440.5011137806555,3.0,0.0
440.50258640183637,2.0,0.0
440.509279297176,1.0,0.0
440.52428686433166,2.0,0.0
440.5265622054019,3.0,0.0
440.5288490262842,4.0,0.0
440.53414985342226,3.0,0.0
440.54722970553075,4.0,0.0
440.56621009096074,5.0,0.0
440.56809161929664,4.0,0.0
440.56849882055957,5.0,0.0
440.57267133321267,4.0,0.0
440.574280638602,5.0,0.0
440.5769119550008,4.0,0.0
440.5792942099768,5.0,0.0
440.5846612928089,6.0,0.0
440.58999544510027,7.0,0.0
440.59254741747816,8.0,0.0
440.59358652739195,9.0,0.0
440.6038914548298,10.0,0.0
440.6055867212497,11.0,0.0
440.605843207369,12.0,0.0
440.61191116721307,11.0,0.0
440.6137529079729,10.0,0.0
440.61443295717413,9.0,0.0
440.6185392327492,8.0,0.0
440.6274996345084,7.0,0.0
440.6358075052377,6.0,0.0
440.643605172131,7.0,0.0
440.65354307975247,8.0,0.0
440.65470811161225,9.0,0.0
440.6548170959075,8.0,0.0
440.6570528046371,7.0,0.0
440.6640468526869,8.0,0.0
440.6646852940579,9.0,0.0
440.66990570090314,10.0,0.0
440.6721185565073,9.0,0.0
440.6932733020084,10.0,0.0
440.6998944504299,9.0,0.0
440.70382237646544,10.0,0.0
440.7077012490322,9.0,0.0
440.71170064361047,10.0,0.0
440.71442934823546,9.0,0.0
440.71674549675765,8.0,0.0
440.729412318416,9.0,0.0
440.75023273135133,10.0,0.0
440.7549841082356,11.0,0.0
440.7635434615223,10.0,0.0
440.7694469631259,9.0,0.0
440.77011786565004,10.0,0.0
440.7703289835412,11.0,0.0
440.77513945599605,12.0,0.0
440.7812457533683,13.0,0.0
440.7840480731479,14.0,0.0
440.78961248221185,15.0,0.0
440.7922427965195,16.0,0.0
440.7980975421784,17.0,0.0
440.8096361624651,18.0,0.0
440.81033843761224,19.0,0.0
440.8112858304713,18.0,0.0
440.82463720590385,17.0,0.0
440.825252928473,18.0,0.0
440.831202441427,19.0,0.0
440.8336053598616,20.0,0.0
440.8523863851528,19.0,0.0
440.8600012345052,20.0,0.0
440.86677902840046,19.0,0.0
440.8669329364736,20.0,0.0
440.88716858904786,21.0,0.0
440.8880990926664,20.0,0.0
440.8901602172396,19.0,0.0
440.89120159902495,18.0,0.0
440.8944287610574,19.0,0.0
440.89921478271424,20.0,0.0
440.90038084650683,21.0,0.0
440.90592789342253,22.0,0.0
440.9112709470052,23.0,0.0
440.92553179265536,22.0,0.0
440.9274348320513,21.0,0.0
440.928226567685,20.0,0.0
440.93705727145846,21.0,0.0
440.9428635839268,20.0,0.0
440.949694398294,19.0,0.0
440.96127973650493,20.0,0.0
440.9846789606932,19.0,0.0
440.986201024257,20.0,0.0
440.9985603175605,21.0,0.0
440.99859063885043,22.0,0.0
440.9999200574732,21.0,0.0
441.0100543729136,20.0,0.0
441.01092794340934,19.0,0.0
441.0198506780968,18.0,0.0
441.0355183887146,17.0,0.0
441.0441786072382,16.0,0.0
441.0503608509673,15.0,0.0
441.0528311057176,14.0,0.0
441.054898165755,13.0,0.0
441.06868266808533,14.0,0.0
441.0840366553945,13.0,0.0
441.08536033764665,14.0,0.0
441.09480807084316,13.0,0.0
441.1137876650897,12.0,0.0
441.1147395942722,13.0,0.0
441.1161539123028,12.0,0.0
441.12763461541226,11.0,0.0
441.14656026248724,10.0,0.0
441.1494254395681,11.0,0.0
441.1608403043318,12.0,0.0
441.1751890990327,11.0,0.0
441.1755727230161,12.0,0.0
441.1769504720709,11.0,0.0
441.18637266146,12.0,0.0
441.1915897755414,13.0,0.0
441.1934821411196,12.0,0.0
441.21195600088396,11.0,0.0
441.21342956422734,12.0,0.0
441.2169042592073,13.0,0.0
441.2226075969286,14.0,0.0
441.23942829849364,15.0,0.0
441.2404118475564,14.0,0.0
441.24183385134626,15.0,0.0
441.2522371422591,16.0,0.0
441.2734860067001,15.0,0.0
441.2767662825626,14.0,0.0
441.28116492916365,15.0,0.0
441.29260342749933,14.0,0.0
441.2997103684901,15.0,0.0
441.3062566544568,16.0,0.0
441.30719480277696,15.0,0.0
441.3204683122066,14.0,0.0
441.33550400688796,13.0,0.0
441.36215473547645,12.0,0.0
441.3688570174639,13.0,0.0
441.37091458667476,12.0,0.0
441.37457435315173,13.0,0.0
441.383884434643,14.0,0.0
441.3860354200886,15.0,0.0
441.3881911233743,16.0,0.0
441.3886995331609,17.0,0.0
441.39582878077215,18.0,0.0
441.3997494829878,19.0,0.0
441.3997843947634,20.0,0.0
441.4074922036774,19.0,0.0
441.40805394853396,18.0,0.0
441.4116375889022,17.0,0.0
441.42341859174405,16.0,0.0
441.4273246623932,15.0,0.0
441.4353971599679,16.0,0.0
441.43624534245544,15.0,0.0
441.4399834604308,16.0,0.0
441.44338684463247,15.0,0.0
441.4601925274946,16.0,0.0
441.46786383108923,17.0,0.0
441.4688959622634,16.0,0.0
441.47416264672046,17.0,0.0
441.477194904608,16.0,0.0
441.4774088641472,15.0,0.0
441.48521695132007,16.0,0.0
441.4856791133229,15.0,0.0
441.4876437223699,16.0,0.0
441.48831167695283,17.0,0.0
441.49811412534325,18.0,0.0
441.5223295463445,17.0,0.0
441.52462986398166,18.0,0.0
441.5253102953385,19.0,0.0
441.5518066654969,20.0,0.0
441.5527007980536,21.0,0.0
441.55469885828427,22.0,0.0
441.5593142094991,21.0,0.0
441.5604855832034,20.0,0.0
441.56488479816784,19.0,0.0
441.5682832550344,18.0,0.0
441.5784194221132,17.0,0.0
441.59063756465395,16.0,0.0
441.59617848738435,15.0,0.0
441.60108753786574,14.0,0.0
441.6031023287035,15.0,0.0
441.60368925448654,16.0,0.0
441.6047037258399,15.0,0.0
441.61446797821276,14.0,0.0
441.6176354908525,13.0,0.0
441.63347620808224,14.0,0.0
441.63839480273225,15.0,0.0
441.6415607986579,14.0,0.0
441.6468046435089,13.0,0.0
441.6477804145962,12.0,0.0
441.6598988255979,11.0,0.0
441.66616326615315,10.0,0.0
441.6680476079295,11.0,0.0
441.68642185344663,12.0,0.0
441.6893996390712,11.0,0.0
441.6986998681889,10.0,0.0
441.70169797862104,11.0,0.0
441.70579258255606,10.0,0.0
441.7117897570151,11.0,0.0
441.7134755993048,12.0,0.0
441.73212061796283,11.0,0.0
441.73548852467616,10.0,0.0
441.7376909850109,11.0,0.0
441.7406298356098,10.0,0.0
441.7457531306631,9.0,0.0
441.751006139149,10.0,0.0
441.75254985948845,11.0,0.0
441.7602939226453,12.0,0.0
441.7757148634324,13.0,0.0
441.7857583902185,12.0,0.0
441.7896571431567,13.0,0.0
441.79144227574784,12.0,0.0
441.79335144961254,11.0,0.0
441.79335926876826,12.0,0.0
441.80426972183574,13.0,0.0
441.8216615532294,14.0,0.0
441.8292721048129,13.0,0.0
441.8297929651055,12.0,0.0
441.83464093266963,13.0,0.0
441.8412387625907,14.0,0.0
441.84763702165003,13.0,0.0
441.84842717474766,12.0,0.0
441.8781278220473,13.0,0.0
441.8831124739279,14.0,0.0
441.88598808174305,13.0,0.0
441.8865483238711,12.0,0.0
441.8952712420939,13.0,0.0
441.9030544919715,14.0,0.0
441.9093542771756,15.0,0.0
441.91328635014656,16.0,0.0
441.92645767994327,17.0,0.0
441.93051636492373,16.0,0.0
441.9438747841117,17.0,0.0
441.94707693049344,18.0,0.0
441.947254015952,17.0,0.0
441.94985981758924,18.0,0.0
441.95473305106304,19.0,0.0
441.9582202593543,20.0,0.0
441.95839354325244,21.0,0.0
441.95914204136096,22.0,0.0
441.9740898624524,23.0,0.0
441.9954947112779,24.0,0.0
442.0121490096703,25.0,0.0
442.0128684711546,24.0,0.0
442.0134211654265,25.0,0.0
442.0208641067436,24.0,0.0
442.032808919338,25.0,0.0
442.0339131535227,24.0,0.0
442.0397088886641,25.0,0.0
442.04802184408203,26.0,0.0
442.0528176316761,27.0,0.0
442.05463147340686,28.0,0.0
442.0637786955269,29.0,0.0
442.0658975341297,28.0,0.0
442.0701774575068,29.0,0.0
442.07297225904705,30.0,0.0
442.07454033371334,31.0,0.0
442.08015430710304,32.0,0.0
442.0809112817077,31.0,0.0
442.085201430369,32.0,0.0
442.0975567527698,33.0,0.0
442.10281723804604,34.0,0.0
442.10495023197774,35.0,0.0
442.11231384100665,36.0,0.0
442.11267189828004,37.0,0.0
442.140464712363,38.0,0.0
442.1436416227563,37.0,0.0
442.1483706952107,36.0,0.0
442.14965052675046,37.0,0.0
442.1496763722891,38.0,0.0
442.155760167043,39.0,0.0
442.175335360596,38.0,0.0
442.176671679355,39.0,0.0
442.18279551793756,40.0,0.0
442.18312214220987,39.0,0.0
442.18737873919093,38.0,0.0
442.18909956202464,37.0,0.0
442.19168549356453,36.0,0.0
442.1917122196411,37.0,0.0
442.1943148680508,38.0,0.0
442.2003322683994,37.0,0.0
442.2031308104146,38.0,0.0
442.20411838061506,37.0,0.0
442.20472280724374,38.0,0.0
442.20573696279416,39.0,0.0
442.2081238839646,38.0,0.0
442.2102315411262,37.0,0.0
442.213924731581,38.0,0.0
442.2163867958006,37.0,0.0
442.22485503377436,38.0,0.0
442.22878755901723,37.0,0.0
442.2292529032474,38.0,0.0
442.2413799163708,39.0,0.0
442.2473788197666,38.0,0.0
442.26296977280066,39.0,0.0
442.26495886577874,38.0,0.0
442.2900492707717,37.0,0.0
442.2917465952205,38.0,0.0
442.293584628109,39.0,0.0
442.2936878250629,40.0,0.0
442.2943019306974,41.0,0.0
442.2998482379662,42.0,0.0
442.31050562204206,41.0,0.0
442.3114186795807,40.0,0.0
442.3175867827752,41.0,0.0
442.3263606509999,40.0,0.0
442.3300779579452,41.0,0.0
442.34316481461906,42.0,0.0
442.34318287428135,43.0,0.0
442.3452829764836,44.0,0.0
442.3471948552858,43.0,0.0
442.3489023823343,44.0,0.0
442.35131364908113,43.0,0.0
442.35407140812003,44.0,0.0
442.35873168594276,45.0,0.0
442.3587695287621,44.0,0.0
442.36007881783445,45.0,0.0
442.36076266147205,46.0,0.0
442.36163173831505,45.0,0.0
442.36704985775657,46.0,0.0
442.3699705691938,45.0,0.0
442.37333206507105,46.0,0.0
442.3747586519358,47.0,0.0
442.38070002201937,48.0,0.0
442.38207603821127,49.0,0.0
442.3899162987284,48.0,0.0
442.3963474765475,49.0,0.0
442.3972291447733,50.0,0.0
442.39770405160425,49.0,0.0
442.41100646567145,50.0,0.0
442.43237924585264,51.0,0.0
442.4392154120615,52.0,0.0
442.4463137815752,51.0,0.0
442.4467803190417,52.0,0.0
442.44687009589904,53.0,0.0
442.4488887605612,52.0,0.0
442.45533149056666,53.0,0.0
442.4570125760387,54.0,0.0
442.45951317317395,53.0,0.0
442.46912642413383,54.0,0.0
442.4955624071347,53.0,0.0
442.5034402643593,52.0,0.0
442.5168797961653,51.0,0.0
442.53160406611426,50.0,0.0
442.5512348369216,49.0,0.0
442.5530816941822,50.0,0.0
442.5620402779192,51.0,0.0
442.5631680664701,52.0,0.0
442.5704926211727,53.0,0.0
442.5762443867699,52.0,0.0
442.57669372524737,53.0,0.0
442.5794062646846,54.0,0.0
442.58674739502845,55.0,0.0
442.592721509201,54.0,0.0
442.5946708810143,55.0,0.0
442.5976444257562,56.0,0.0
442.59888363086094,57.0,0.0
442.6057269166299,58.0,0.0
442.61098301810455,57.0,0.0
442.61306317062287,58.0,0.0
442.619964711899,59.0,0.0
442.6270491331687,60.0,0.0
442.62847032439595,59.0,0.0
442.6313793688095,58.0,0.0
442.6344731650643,57.0,0.0
442.6483851893235,58.0,0.0
442.65947721086957,59.0,0.0
442.6595124215215,58.0,0.0
442.6595682854825,57.0,0.0
442.65963787451517,56.0,0.0
442.6784016708033,57.0,0.0
442.7165413269556,56.0,0.0
442.71960516162767,57.0,0.0
442.7201195812558,58.0,0.0
442.7218474105557,57.0,0.0
442.723700471677,58.0,0.0
442.7319540456789,57.0,0.0
442.73777724247185,56.0,0.0
442.74478065273564,55.0,0.0
442.7456675944361,54.0,0.0
442.7596626653511,55.0,0.0
442.7680179598886,54.0,0.0
442.7695890843207,55.0,0.0
442.7754619503343,56.0,0.0
442.7844005199234,57.0,0.0
442.7898272055598,56.0,0.0
442.79076267597793,57.0,0.0
442.79613504231503,56.0,0.0
442.79652169386674,55.0,0.0
442.8153888571225,56.0,0.0
442.81791921731076,55.0,0.0
442.8243121067297,56.0,0.0
442.830828776645,57.0,0.0
442.83665186227813,58.0,0.0
442.8448828087597,59.0,0.0
442.848436706512,58.0,0.0
442.85544052952594,57.0,0.0
442.8576627064855,56.0,0.0
442.8596103243886,57.0,0.0
442.8661871704281,58.0,0.0
442.8769230732337,57.0,0.0
442.8824574330686,56.0,0.0
442.8825158230754,57.0,0.0
442.8825883144172,58.0,0.0
442.9024641849408,59.0,0.0
442.9050690185814,58.0,0.0
442.9157132941057,59.0,0.0
442.93371837021095,60.0,0.0
442.93584001085577,61.0,0.0
442.94013703115695,60.0,0.0
442.9406499614344,61.0,0.0
442.9493504802671,62.0,0.0
442.9623008792098,63.0,0.0
442.96302029282043,64.0,0.0
442.97392139807164,65.0,0.0
442.9801376025891,64.0,0.0
442.98657069721605,65.0,0.0
442.98805249576196,66.0,0.0
443.0025134977804,65.0,0.0
443.00493769924685,66.0,0.0
443.0074417163733,67.0,0.0
443.0092846899326,66.0,0.0
443.01563436396924,67.0,0.0
443.0273405639092,68.0,0.0
443.0290919480195,69.0,0.0
443.0299537037624,70.0,0.0
443.03482257703314,69.0,0.0
443.04224353280944,70.0,0.0
443.04549304267294,71.0,0.0
443.06064796938176,72.0,0.0
443.06825854787036,73.0,0.0
443.07096737102853,74.0,0.0
443.08061506776835,73.0,0.0
443.0806341363806,74.0,0.0
443.08247536714526,75.0,0.0
443.0831113246364,74.0,0.0
443.08494920314496,75.0,0.0
443.0880084844192,76.0,0.0
443.09160830152365,75.0,0.0
443.0928974833037,74.0,0.0
443.0951212729087,73.0,0.0
443.0984384885424,72.0,0.0
443.1020677934899,73.0,0.0
443.1047897273475,72.0,0.0
443.1060970157093,71.0,0.0
443.10950800119275,70.0,0.0
443.10952113026894,71.0,0.0
443.11640635402654,72.0,0.0
443.1200726870321,73.0,0.0
443.1225349734436,72.0,0.0
443.12890665362033,71.0,0.0
443.1413451319416,70.0,0.0
443.1450337889984,69.0,0.0
443.1460684397377,68.0,0.0
443.14657053975196,69.0,0.0
443.1474204013446,70.0,0.0
443.14868583007524,69.0,0.0
443.15195581361417,70.0,0.0
443.1525688331694,71.0,0.0
443.15338507246145,72.0,0.0
443.1537879938623,71.0,0.0
443.1571264806483,70.0,0.0
443.16772455956755,69.0,0.0
443.1689214007549,68.0,0.0
443.18037653882345,69.0,0.0
443.18102237487506,70.0,0.0
443.1818023043266,71.0,0.0
443.1841401283603,72.0,0.0
443.1950591758563,71.0,0.0
443.2006901504788,70.0,0.0
443.20798714129273,69.0,0.0
443.2133696825406,70.0,0.0
443.21409983179876,71.0,0.0
443.2142191892058,72.0,0.0
443.22503470650344,73.0,0.0
443.2258482258745,74.0,0.0
443.22786006308786,75.0,0.0
443.2305453326626,74.0,0.0
443.2459279425293,73.0,0.0
443.2484632180557,72.0,0.0
443.25227082011963,71.0,0.0
443.25240096870954,72.0,0.0
443.25548804504285,73.0,0.0
443.26345306603844,72.0,0.0
443.2700828762352,71.0,0.0
443.27163776517745,70.0,0.0
443.27322235448366,71.0,0.0
443.2809197533871,72.0,0.0
443.2824931200034,71.0,0.0
443.3053585730841,70.0,0.0
443.3096294817322,71.0,0.0
443.31053987352936,72.0,0.0
443.32509651677697,73.0,0.0
443.3284150750309,72.0,0.0
443.3391584915359,73.0,0.0
443.34713228491336,74.0,0.0
443.35220436241934,73.0,0.0
443.35286575651224,74.0,0.0
443.3552491861793,73.0,0.0
443.3561896483181,74.0,0.0
443.3686600309208,75.0,0.0
443.36984714401547,76.0,0.0
443.3785442050782,75.0,0.0
443.38226801676024,74.0,0.0
443.3856755186076,75.0,0.0
443.3859951608471,76.0,0.0
443.3908251484065,77.0,0.0
443.39131177934945,78.0,0.0
443.40580260445455,77.0,0.0
443.4304096744395,76.0,0.0
443.43982644499823,77.0,0.0
443.4460305132875,78.0,0.0
443.4517033053431,79.0,0.0
443.4522495788495,80.0,0.0
443.45304535670186,79.0,0.0
443.4569655746429,78.0,0.0
443.4579861885942,77.0,0.0
443.462284292139,78.0,0.0
443.46605628881406,77.0,0.0
443.46621087740454,76.0,0.0
443.4720444476831,75.0,0.0
443.4739667722948,76.0,0.0
443.47785239090393,75.0,0.0
443.4864360934336,74.0,0.0
443.4871682949823,75.0,0.0
443.49106879386113,74.0,0.0
443.5041343582457,75.0,0.0
443.50435224446005,76.0,0.0
443.5052359758345,77.0,0.0
443.50557596603863,78.0,0.0
443.50558715719944,77.0,0.0
443.5108566286896,78.0,0.0
443.52528312294385,77.0,0.0
443.53089633706685,76.0,0.0
443.5318381799066,77.0,0.0
443.5320381639996,76.0,0.0
443.5398886252252,77.0,0.0
443.5477578468773,78.0,0.0
443.55105290421307,79.0,0.0
443.5521397932587,80.0,0.0
443.5532708617942,81.0,0.0
443.5553895079717,80.0,0.0
443.555941087852,79.0,0.0
443.56204968136154,78.0,0.0
443.56336682028166,79.0,0.0
443.56358804219144,80.0,0.0
443.56409974537524,81.0,0.0
443.57034620987326,82.0,0.0
443.57412726366465,81.0,0.0
443.5743182671028,82.0,0.0
443.5796714718169,81.0,0.0
443.58350365317716,80.0,0.0
443.5840540110358,81.0,0.0
443.58791039201685,82.0,0.0
443.59277587620676,83.0,0.0
443.5961573397218,82.0,0.0
443.6055352703677,83.0,0.0
443.6126316240252,84.0,0.0
443.619703180869,85.0,0.0
443.6242617548292,86.0,0.0
443.62436317482263,87.0,0.0
443.6339573579365,88.0,0.0
443.6460800381942,89.0,0.0
443.6473863565015,90.0,0.0
443.6487490653228,89.0,0.0
443.6538147404849,88.0,0.0
443.65456918043,87.0,0.0
443.6603788530796,88.0,0.0
443.6724016467456,89.0,0.0
443.6767211985211,90.0,0.0
443.67781789651,91.0,0.0
443.679015897295,92.0,0.0
443.68236822658474,91.0,0.0
443.68260061493186,92.0,0.0
443.68283002615266,91.0,0.0
443.6835834486039,92.0,0.0
443.6883229827081,91.0,0.0
443.69046939460196,92.0,0.0
443.69243173447575,93.0,0.0
443.6981485919736,92.0,0.0
443.7067964974864,93.0,0.0
443.7146886370201,94.0,0.0
443.71905321811124,95.0,0.0
443.7282957996206,94.0,0.0
443.7313473059138,95.0,0.0
443.73261630565867,96.0,0.0
443.73478489760566,97.0,0.0
443.73676732736703,96.0,0.0
443.74072104660877,95.0,0.0
443.74887410681913,94.0,0.0
443.7587853667482,95.0,0.0
443.75945308827204,96.0,0.0
443.76046071671783,97.0,0.0
443.76143866349815,98.0,0.0
443.7634242863367,99.0,0.0
443.76680864720663,98.0,0.0
443.7747856373047,99.0,0.0
443.7820097517644,100.0,0.0
443.7834340189125,101.0,0.0
443.79304169683496,102.0,0.0
443.8046781146622,101.0,0.0
443.8113266694241,102.0,0.0
443.818777192798,103.0,0.0
443.8296326277094,104.0,0.0
443.8313377415049,103.0,0.0
443.83215460176746,102.0,0.0
443.83815326695134,103.0,0.0
443.84699187046346,104.0,0.0
443.85093162263615,105.0,0.0
443.8558662902703,106.0,0.0
443.86987346748236,105.0,0.0
443.8778728185358,106.0,0.0
443.8814424594321,105.0,0.0
443.8919101481457,106.0,0.0
443.8951361144081,107.0,0.0
443.89688374010717,108.0,0.0
443.91456198784846,109.0,0.0
443.91632591544834,108.0,0.0
443.9202469247569,109.0,0.0
443.9427101718732,110.0,0.0
443.94487010887013,111.0,0.0
443.9467366470817,112.0,0.0
443.9641289361228,111.0,0.0
443.96654333268776,112.0,0.0
443.9711489762131,111.0,0.0
443.97581379813914,112.0,0.0
443.97977103119155,113.0,0.0
443.9865300949675,114.0,0.0
443.9900872696664,113.0,0.0
444.0047981008656,114.0,0.0
444.0095212724652,115.0,0.0
444.013907086991,116.0,0.0
444.01402309559774,117.0,0.0
444.0263316696358,116.0,0.0
444.03101915718133,117.0,0.0
444.03902845327036,118.0,0.0
444.04225500971444,119.0,0.0
444.05122842296043,120.0,0.0
444.05358180771697,121.0,0.0
444.05560656952514,122.0,0.0
444.06015145957235,121.0,0.0
444.0686146145739,120.0,0.0
444.0692186830151,121.0,0.0
444.0718875571294,120.0,0.0
444.0741758792039,119.0,0.0
444.0814158890193,118.0,0.0
444.08279282246815,119.0,0.0
444.0877195848175,120.0,0.0
444.09716082810604,121.0,0.0
444.09862007959293,120.0,0.0
444.1037826096867,119.0,0.0
444.1054954174266,118.0,0.0
444.1114845155815,119.0,0.0
444.1137564720126,118.0,0.0
444.1144406954481,117.0,0.0
444.12934389178395,116.0,0.0
444.1304878756823,117.0,0.0
444.1317129230254,116.0,0.0
444.1360732138699,117.0,0.0
444.1625743216194,116.0,0.0
444.18409950866584,117.0,0.0
444.20002748120936,118.0,0.0
444.20321347908504,119.0,0.0
444.20982793194986,120.0,0.0
444.21613746629083,121.0,0.0
444.2194838370266,122.0,0.0
444.2213224837039,121.0,0.0
444.2250170265444,122.0,0.0
444.2261660637257,121.0,0.0
444.23147042898427,120.0,0.0
444.23331634812706,121.0,0.0
444.23650164648586,122.0,0.0
444.26155780522237,123.0,0.0
444.26360794660667,124.0,0.0
444.28260921898294,123.0,0.0
444.2832094265652,122.0,0.0
444.288908067847,123.0,0.0
444.2918620861515,124.0,0.0
444.294743323246,125.0,0.0
444.29534525362936,126.0,0.0
444.29598871253955,125.0,0.0
444.30601505119927,126.0,0.0
444.31693114595566,127.0,0.0
444.32706512042506,126.0,0.0
444.3324021701913,127.0,0.0
444.34006899374907,128.0,0.0
444.3427398297574,129.0,0.0
444.34492025795987,130.0,0.0
444.35677912440667,131.0,0.0
444.35948051400294,130.0,0.0
444.36676212271254,131.0,0.0
444.36755430545304,130.0,0.0
444.373770266505,131.0,0.0
444.37470367424896,130.0,0.0
444.38461023911486,131.0,0.0
444.3851436353415,130.0,0.0
444.38602507031464,131.0,0.0
444.3911289184286,130.0,0.0
444.3935706637821,131.0,0.0
444.3938211522933,130.0,0.0
444.40217058774226,129.0,0.0
444.4025230654723,128.0,0.0
444.4195310249992,129.0,0.0
444.4315547926036,130.0,0.0
444.433842778268,131.0,0.0
444.43482959360523,130.0,0.0
444.4364222846296,129.0,0.0
444.43975970845855,128.0,0.0
444.45516250799,127.0,0.0
444.4568146554521,128.0,0.0
444.46464121668777,129.0,0.0
444.4657457363602,130.0,0.0
444.46706669982063,129.0,0.0
444.4689352087868,130.0,0.0
444.47601204439337,129.0,0.0
444.4788709841773,130.0,0.0
444.4799067452885,131.0,0.0
444.50717593845513,130.0,0.0
444.50908203649044,129.0,0.0
444.51224683869157,130.0,0.0
444.51600984756624,131.0,0.0
444.5208032407813,132.0,0.0
444.52577773800624,131.0,0.0
444.5310028954657,132.0,0.0
444.5385113491842,131.0,0.0
444.54209550067014,132.0,0.0
444.544434173536,133.0,0.0
444.5461999474655,132.0,0.0
444.5590444641191,133.0,0.0
444.56693425611917,132.0,0.0
444.56896191513704,133.0,0.0
444.56940357087825,134.0,0.0
444.57182310120396,135.0,0.0
444.57558942641094,136.0,0.0
444.5757621471371,135.0,0.0
444.5813921163448,134.0,0.0
444.5821004797836,135.0,0.0
444.5825499827467,134.0,0.0
444.59330725174055,133.0,0.0
444.593450143241,134.0,0.0
444.61391463502133,135.0,0.0
444.62635505896515,134.0,0.0
444.63216976318364,133.0,0.0
444.63257576037284,134.0,0.0
444.63306218682493,133.0,0.0
444.6368102018397,132.0,0.0
444.6578419165639,133.0,0.0
444.6578776677469,134.0,0.0
444.6582396688937,135.0,0.0
444.67327525952965,134.0,0.0
444.6970771863045,135.0,0.0
444.703154665195,134.0,0.0
444.7046076878115,133.0,0.0
444.70911561681794,132.0,0.0
444.72094735116804,133.0,0.0
444.72138793775565,134.0,0.0
444.72747050484924,135.0,0.0
444.73070144295264,134.0,0.0
444.7322471683651,135.0,0.0
444.73240402141676,136.0,0.0
444.7355753433301,135.0,0.0
444.73763182425563,136.0,0.0
444.7400991636905,135.0,0.0
444.7483394631472,134.0,0.0
444.7500091748736,133.0,0.0
444.75269552238683,134.0,0.0
444.75688682535946,133.0,0.0
444.76029137908074,134.0,0.0
444.76146309676494,133.0,0.0
444.77660297431976,132.0,0.0
444.77905691838225,133.0,0.0
444.7880040958245,134.0,0.0
444.7917972922994,135.0,0.0
444.7920006340415,134.0,0.0
444.798087487961,133.0,0.0
444.7990162524998,132.0,0.0
444.8029089026135,133.0,0.0
444.80384317791373,132.0,0.0
444.80611787865155,131.0,0.0
444.80999950435074,130.0,0.0
444.8156286905097,131.0,0.0
444.8159703227603,132.0,0.0
444.8171410599723,133.0,0.0
444.8184533015557,132.0,0.0
444.8257526159418,131.0,0.0
444.82856257554556,132.0,0.0
444.83495979352114,131.0,0.0
444.8376045124466,130.0,0.0
444.8385269444405,131.0,0.0
444.83971424428734,130.0,0.0
444.8421520496139,131.0,0.0
444.8435592884267,132.0,0.0
444.84641998269433,133.0,0.0
444.8464694089151,134.0,0.0
444.8775743470868,133.0,0.0
444.88185582898416,132.0,0.0
444.8844537755223,133.0,0.0
444.895237685036,132.0,0.0
444.8996210028148,131.0,0.0
444.91072026118053,130.0,0.0
444.91386489586046,129.0,0.0
444.9189475310899,128.0,0.0
444.92248131998673,129.0,0.0
444.92377383951157,130.0,0.0
444.9290186394886,131.0,0.0
444.9290336174927,132.0,0.0
444.9489672189784,133.0,0.0
444.9513365363289,132.0,0.0
444.95259873229156,133.0,0.0
444.96806907838464,134.0,0.0
444.9710721467675,135.0,0.0
444.9713055846165,134.0,0.0
444.97194369004137,133.0,0.0
444.99130493516805,134.0,0.0
444.99561909956043,135.0,0.0
444.9959703974679,136.0,0.0
444.99801376959704,135.0,0.0
445.0065419116408,134.0,0.0
445.0155508403804,135.0,0.0
445.0171097541462,136.0,0.0
445.0194801367686,137.0,0.0
445.0203499293501,136.0,0.0
445.03158044840137,137.0,0.0
445.03223175680307,136.0,0.0
445.032611433725,137.0,0.0
445.0459179382733,138.0,0.0
445.0500269766996,137.0,0.0
445.0567271646717,136.0,0.0
445.0682312341823,137.0,0.0
445.0729416775704,138.0,0.0
445.08221610964904,137.0,0.0
445.0866973493471,136.0,0.0
445.0867803978543,137.0,0.0
445.0874929002629,136.0,0.0
445.09604303819964,135.0,0.0
445.0966019235725,134.0,0.0
445.10789043522794,135.0,0.0
445.1092225180239,136.0,0.0
445.1096756900007,137.0,0.0
445.11504795110204,138.0,0.0
445.1169960914861,139.0,0.0
445.1293304572894,138.0,0.0
445.13053505967395,137.0,0.0
445.1349612830771,138.0,0.0
445.1462330831314,139.0,0.0
445.1539114232201,140.0,0.0
445.1539796670174,139.0,0.0
445.15522270639076,140.0,0.0
445.1578203766872,141.0,0.0
445.15910071389385,142.0,0.0
445.1593833935787,143.0,0.0
445.1671237181021,144.0,0.0
445.1725705890325,145.0,0.0
445.1762100688111,144.0,0.0
445.17830185670437,143.0,0.0
445.1813902613128,142.0,0.0
445.18656334003003,141.0,0.0
445.1886224110554,142.0,0.0
445.1904978967575,143.0,0.0
445.1914707907758,142.0,0.0
445.2025287337845,143.0,0.0
445.21124667893287,144.0,0.0
445.21139214016534,145.0,0.0
445.2202517446183,146.0,0.0
445.2244303508077,147.0,0.0
445.23540118393197,148.0,0.0
445.23928026604125,147.0,0.0
445.24258471079054,148.0,0.0
445.2442746719261,147.0,0.0
445.2490240294031,146.0,0.0
445.25032192394673,147.0,0.0
445.2559375697555,148.0,0.0
445.2568863225043,147.0,0.0
445.25782322940506,146.0,0.0
445.26384594386377,145.0,0.0
445.2685741811818,144.0,0.0
445.27084403607347,145.0,0.0
445.2797763778037,146.0,0.0
445.2820991466177,147.0,0.0
445.28259979639654,146.0,0.0
445.28651481698927,147.0,0.0
445.28687302959275,148.0,0.0
445.2879750261244,147.0,0.0
445.29753585631966,146.0,0.0
445.2997931581815,145.0,0.0
445.31678008829533,144.0,0.0
445.33915165308287,145.0,0.0
445.33993384272094,146.0,0.0
445.3493559325344,147.0,0.0
445.3494446883921,146.0,0.0
445.35484355171167,147.0,0.0
445.3554005981059,146.0,0.0
445.35566738594054,145.0,0.0
445.3730161352482,144.0,0.0
445.3737107038655,145.0,0.0
445.37731290641483,146.0,0.0
445.3794185977571,145.0,0.0
445.38215268623577,146.0,0.0
445.3866576560372,147.0,0.0
445.39329290976525,148.0,0.0
445.3982614246223,149.0,0.0
445.4081192189849,150.0,0.0
445.4098493195622,149.0,0.0
445.4101456336594,150.0,0.0
445.4145448051925,151.0,0.0
445.4203743433102,152.0,0.0
445.4224360269379,153.0,0.0
445.4248960707304,154.0,0.0
445.42960872227405,153.0,0.0
445.44003137313643,154.0,0.0
445.44134102089697,153.0,0.0
445.4477955841784,154.0,0.0
445.45352803871356,153.0,0.0
445.4540261945792,152.0,0.0
445.4554497770208,151.0,0.0
445.4566346762945,150.0,0.0
445.4647263588843,149.0,0.0
445.46832540016277,148.0,0.0
445.47286163174,147.0,0.0
445.4773617716534,146.0,0.0
445.4862297546069,145.0,0.0
445.49193252446673,146.0,0.0
445.5039743247953,147.0,0.0
445.50779905315625,148.0,0.0
445.51666274320934,149.0,0.0
445.52884052272793,148.0,0.0
445.53945639014313,147.0,0.0
445.5394593473752,148.0,0.0
445.54976400701383,149.0,0.0
445.5659655338492,148.0,0.0
445.5697391780111,147.0,0.0
445.5779020187356,146.0,0.0
445.58110112796453,147.0,0.0
445.5874681470517,148.0,0.0
445.59014764413405,147.0,0.0
445.5907022613952,148.0,0.0
445.5917509795123,147.0,0.0
445.60966902420313,146.0,0.0
445.6186499851696,145.0,0.0
445.6204016266267,146.0,0.0
445.62149647354806,147.0,0.0
445.6220811095302,146.0,0.0
445.6256579658345,145.0,0.0
445.6258536141407,144.0,0.0
445.63592175182123,145.0,0.0
445.6448042946042,146.0,0.0
445.65204474858007,147.0,0.0
445.65852060342183,148.0,0.0
445.67042361819784,147.0,0.0
445.6781632238795,148.0,0.0
445.67908281054855,149.0,0.0
445.68699026359457,150.0,0.0
445.69924903458383,149.0,0.0
445.70399954768845,148.0,0.0
445.706252669377,149.0,0.0
445.717054587202,148.0,0.0
445.71984813710776,147.0,0.0
445.72267656875164,148.0,0.0
445.72331489776366,149.0,0.0
445.7297752822711,150.0,0.0
445.73119836034635,149.0,0.0
445.7327249969429,148.0,0.0
445.7330652949373,149.0,0.0
445.73785389105825,148.0,0.0
445.7485347532938,147.0,0.0
445.76012055708367,146.0,0.0
445.7624201981834,147.0,0.0
445.7625486715729,146.0,0.0
445.763628767497,147.0,0.0
445.7652795777564,146.0,0.0
445.7670417695441,147.0,0.0
445.77198532615216,148.0,0.0
445.7724802891054,149.0,0.0
445.7731087283187,150.0,0.0
445.78375926211623,149.0,0.0
445.7863139616307,148.0,0.0
445.78663327429797,147.0,0.0
445.7874912657155,148.0,0.0
445.7882194351985,147.0,0.0
445.788720836403,148.0,0.0
445.7954536635954,149.0,0.0
445.79820980515086,148.0,0.0
445.80346204615023,149.0,0.0
445.8341951711936,148.0,0.0
445.83788181399126,147.0,0.0
445.842727898345,148.0,0.0
445.84447822431844,149.0,0.0
445.84696370863554,150.0,0.0
445.8592721695122,149.0,0.0
445.86275717606736,148.0,0.0
445.8643962925994,147.0,0.0
445.8668240390094,148.0,0.0
445.86911007954427,149.0,0.0
445.87161049442517,148.0,0.0
445.8805620661669,149.0,0.0
445.88499689137325,148.0,0.0
445.88790011443524,149.0,0.0
445.8910210230094,150.0,0.0
445.89102419200645,151.0,0.0
445.89349515856634,152.0,0.0
445.8971521231293,153.0,0.0
445.90808704436347,152.0,0.0
445.9086491647532,151.0,0.0
445.9220621776493,152.0,0.0
445.92388495549966,151.0,0.0
445.92649408030127,150.0,0.0
445.93365083736467,149.0,0.0
445.9418493994743,150.0,0.0
445.9421105106642,151.0,0.0
445.9437880664393,150.0,0.0
445.94502718268,149.0,0.0
445.9586455304529,148.0,0.0
445.9626315368405,147.0,0.0
445.9709006084538,146.0,0.0
445.97789806546143,145.0,0.0
445.9797035248451,144.0,0.0
445.98717171378934,143.0,0.0
445.9937512176525,144.0,0.0
445.9993064508668,143.0,0.0
446.0149742807992,144.0,0.0
446.02213472314617,143.0,0.0
446.0245782030401,144.0,0.0
446.0250406922663,143.0,0.0
446.0282402208138,144.0,0.0
446.0292899027839,143.0,0.0
446.03286367271215,144.0,0.0
446.043867806558,143.0,0.0
446.0503083792706,142.0,0.0
446.06342620537583,141.0,0.0
446.06390055932667,140.0,0.0
446.06643667818736,139.0,0.0
446.0775974958198,138.0,0.0
446.08440317927926,139.0,0.0
446.0844999064164,140.0,0.0
446.08565479565846,141.0,0.0
446.09248652803467,142.0,0.0
446.09743823380796,143.0,0.0
446.10872132124973,144.0,0.0
446.1133223574026,145.0,0.0
446.131209197738,146.0,0.0
446.13623020145764,145.0,0.0
446.1363272583681,144.0,0.0
446.142424564272,143.0,0.0
446.15177319555727,144.0,0.0
446.1576637599896,145.0,0.0
446.15768247406913,146.0,0.0
446.1587009306538,145.0,0.0
446.1651561904513,146.0,0.0
446.1670577317197,145.0,0.0
446.1685292151911,144.0,0.0
446.1708127334679,143.0,0.0
446.18218406029484,144.0,0.0
446.1922822928908,145.0,0.0
446.2021276844152,144.0,0.0
446.2076893044394,143.0,0.0
446.20961389779586,144.0,0.0
446.21068103080665,145.0,0.0
446.21410484899474,146.0,0.0
446.2250668194726,145.0,0.0
446.2297252639401,144.0,0.0
446.23247825698564,143.0,0.0
446.2357686974277,142.0,0.0
446.24440644850716,141.0,0.0
446.26578719872765,142.0,0.0
446.2660824039038,141.0,0.0
446.26622793232826,142.0,0.0
446.2733069557992,143.0,0.0
446.2757558346407,142.0,0.0
446.2792490697068,141.0,0.0
446.29264056570634,142.0,0.0
446.2930281673153,143.0,0.0
446.2943493917085,144.0,0.0
446.2949378684105,143.0,0.0
446.2968943472884,144.0,0.0
446.29739527111263,145.0,0.0
446.3009959396123,144.0,0.0
446.31601595587455,145.0,0.0
446.3329498644227,146.0,0.0
446.33532449884257,145.0,0.0
446.33970839729005,144.0,0.0
446.34032955173484,145.0,0.0
446.3490461029541,144.0,0.0
446.37174258985306,145.0,0.0
446.3722506550105,146.0,0.0
446.3783658304192,145.0,0.0
446.38468553763306,146.0,0.0
446.3882110809853,147.0,0.0
446.3926767842762,146.0,0.0
446.3950004704081,145.0,0.0
446.39832550605274,144.0,0.0
446.39847244812114,145.0,0.0
446.3993275749094,144.0,0.0
446.3994483863294,145.0,0.0
446.40453722428384,144.0,0.0
446.42035875854714,145.0,0.0
446.4255332407859,146.0,0.0
446.43623322120214,145.0,0.0
446.43852813057,146.0,0.0
446.45392744649956,147.0,0.0
446.454912346521,148.0,0.0
446.47893972406774,149.0,0.0
446.4876178522364,150.0,0.0
446.4887300552496,151.0,0.0
446.4929618462632,150.0,0.0
446.5122876932783,149.0,0.0
446.5133866991996,150.0,0.0
446.51750288406356,149.0,0.0
446.52101540358444,148.0,0.0
446.521476538298,149.0,0.0
446.5239656946093,150.0,0.0
446.5274556810651,151.0,0.0
446.53631613988887,150.0,0.0
446.5404308842736,151.0,0.0
446.5592189408038,152.0,0.0
446.57554162494023,151.0,0.0
446.5873153045146,152.0,0.0
446.5955744602056,153.0,0.0
446.5964011485819,152.0,0.0
446.62735535934917,151.0,0.0
446.6284459880408,150.0,0.0
446.62968615416764,151.0,0.0
446.64002358355106,152.0,0.0
446.6581346040885,153.0,0.0
446.6621461425754,152.0,0.0
446.6685763361914,153.0,0.0
446.6771277835435,154.0,0.0
446.67747854872147,155.0,0.0
446.67884640568406,154.0,0.0
446.68439727857907,155.0,0.0
446.69100590869414,156.0,0.0
446.6914840698389,155.0,0.0
446.6966269218269,154.0,0.0
446.7034291922916,153.0,0.0
446.7111092405118,154.0,0.0
446.71174205350866,153.0,0.0
446.7139779055917,152.0,0.0
446.7181860475457,151.0,0.0
446.72117528587745,150.0,0.0
446.7324614757234,149.0,0.0
446.7337660021753,148.0,0.0
446.7344533147788,149.0,0.0
446.74281273892046,148.0,0.0
446.75122037429674,149.0,0.0
446.7607655278727,148.0,0.0
446.76364710559585,149.0,0.0
446.7684523174438,148.0,0.0
446.7720689868568,149.0,0.0
446.78415884079357,150.0,0.0
446.79510810750264,149.0,0.0
446.7960236481684,150.0,0.0
446.8007912570026,149.0,0.0
446.8036853325207,148.0,0.0
446.8166049889208,149.0,0.0
446.81982611351106,148.0,0.0
446.83360339045265,147.0,0.0
446.8348346380817,148.0,0.0
446.83520264438846,147.0,0.0
446.84008501809774,148.0,0.0
446.8404801336626,147.0,0.0
446.8449570919609,146.0,0.0
446.8485748939374,145.0,0.0
446.8540851457656,146.0,0.0
446.8586405641674,145.0,0.0
446.86880134495834,146.0,0.0
446.8702394935573,145.0,0.0
446.87159106816415,146.0,0.0
446.8730730278405,145.0,0.0
446.88670114905403,146.0,0.0
446.89025473086565,147.0,0.0
446.89114918856984,148.0,0.0
446.9005477230071,149.0,0.0
446.90203419335825,148.0,0.0
446.9112522030723,147.0,0.0
446.9276814754519,146.0,0.0
446.92911024962103,145.0,0.0
446.930545113057,144.0,0.0
446.938416781407,143.0,0.0
446.9421286903472,144.0,0.0
446.94437488300474,143.0,0.0
446.94720598102754,144.0,0.0
446.9626580114126,143.0,0.0
446.9682718790514,142.0,0.0
446.9696291804457,143.0,0.0
446.97659977918534,142.0,0.0
446.9782865149056,143.0,0.0
446.9802555080633,142.0,0.0
447.0013879448816,143.0,0.0
447.00646514088345,144.0,0.0
447.0082333847171,143.0,0.0
447.0226424733407,144.0,0.0
447.02677951184074,143.0,0.0
447.03001783308514,142.0,0.0
447.0320424625801,143.0,0.0
447.034147246064,142.0,0.0
447.040278048963,141.0,0.0
447.0433870327239,140.0,0.0
447.0774059488412,141.0,0.0
447.0794793701045,142.0,0.0
447.081711901,141.0,0.0
447.08896767137855,140.0,0.0
447.09154652608714,139.0,0.0
447.0917218099137,140.0,0.0
447.09398665961896,139.0,0.0
447.0941407772751,138.0,0.0
447.09545592299895,137.0,0.0
447.10276950593607,136.0,0.0
447.1039879373638,135.0,0.0
447.10533404042025,134.0,0.0
447.10617312942617,135.0,0.0
447.10922859864013,134.0,0.0
447.10926409758633,135.0,0.0
447.1182205733334,134.0,0.0
447.11835976463027,133.0,0.0
447.12276513634106,132.0,0.0
447.14262709646135,133.0,0.0
447.14336858406836,132.0,0.0
447.14688876710835,133.0,0.0
447.1470053293971,134.0,0.0
447.14730813173014,133.0,0.0
447.1482053262281,132.0,0.0
447.1507319973673,131.0,0.0
447.17068237625335,132.0,0.0
447.1729368168692,131.0,0.0
447.18010740217903,132.0,0.0
447.1889789509237,133.0,0.0
447.1899316270128,132.0,0.0
447.1965914860974,131.0,0.0
447.19755355258275,130.0,0.0
447.20104596938427,131.0,0.0
447.203799075571,132.0,0.0
447.2062818356,131.0,0.0
447.2098956036334,132.0,0.0
447.21055439276483,133.0,0.0
447.21116640154503,132.0,0.0
447.22632918837456,133.0,0.0
447.24400760275773,134.0,0.0
447.24609772573984,135.0,0.0
447.25686714363036,136.0,0.0
447.261114870148,135.0,0.0
447.26611249562023,134.0,0.0
447.26757658246584,133.0,0.0
447.29386515726554,132.0,0.0
447.2991743686999,133.0,0.0
447.2993264108774,132.0,0.0
447.3058710255955,133.0,0.0
447.3060975924825,132.0,0.0
447.31640018852306,131.0,0.0
447.3173607626899,130.0,0.0
447.32614539982893,131.0,0.0
447.32795337448744,132.0,0.0
447.33026144229194,131.0,0.0
447.3306145616748,132.0,0.0
447.3329846322661,133.0,0.0
447.3505641877297,134.0,0.0
447.3543715056498,133.0,0.0
447.3571618064975,132.0,0.0
447.3574813573362,131.0,0.0
447.37171198219,130.0,0.0
447.37255677796753,131.0,0.0
447.3821692244114,132.0,0.0
447.3965559302321,131.0,0.0
447.4039946236431,130.0,0.0
447.4088833695763,129.0,0.0
447.4113520438636,128.0,0.0
447.4155696307015,127.0,0.0
447.41857702620575,128.0,0.0
447.43909080955285,129.0,0.0
447.45983459806445,130.0,0.0
447.4618419466543,129.0,0.0
447.47108863586914,130.0,0.0
447.48314406461816,131.0,0.0
447.4880110149153,130.0,0.0
447.4938119266728,129.0,0.0
447.50099763886783,128.0,0.0
447.505673124467,127.0,0.0
447.5199286401677,128.0,0.0
447.52337474827317,127.0,0.0
447.5279378101836,126.0,0.0
447.52870990387925,125.0,0.0
447.536795965317,126.0,0.0
447.55210226099234,125.0,0.0
447.55290439560264,126.0,0.0
447.55469566147724,125.0,0.0
447.56210680637616,124.0,0.0
447.5661078954624,123.0,0.0
447.5689238156467,124.0,0.0
447.56927873306927,123.0,0.0
447.56964939594934,124.0,0.0
447.57067947595505,123.0,0.0
447.5726078591998,122.0,0.0
447.5805678216332,123.0,0.0
447.58349866625645,124.0,0.0
447.6023334244952,123.0,0.0
447.6038439790617,122.0,0.0
447.6066988063777,121.0,0.0
447.6098758652774,122.0,0.0
447.62216537888685,123.0,0.0
447.62568225233485,122.0,0.0
447.62793479926984,123.0,0.0
447.62849586751474,124.0,0.0
447.6300223324929,125.0,0.0
447.6316562190753,124.0,0.0
447.63997236696883,123.0,0.0
447.65074094239094,124.0,0.0
447.65801833751294,123.0,0.0
447.6690238363623,122.0,0.0
447.69028696224905,121.0,0.0
447.7014821599018,122.0,0.0
447.7062357590245,121.0,0.0
447.7102217973085,120.0,0.0
447.72345764325974,119.0,0.0
447.72404480712555,120.0,0.0
447.7241172010852,121.0,0.0
447.7267801635698,120.0,0.0
447.72801231334665,119.0,0.0
447.731596814632,118.0,0.0
447.7390541300916,119.0,0.0
447.7546806669935,118.0,0.0
447.7637730187618,119.0,0.0
447.7708015756038,118.0,0.0
447.77111635091956,117.0,0.0
447.7711334770257,118.0,0.0
447.78077015587553,119.0,0.0
447.78263417529615,118.0,0.0
447.7865369392236,117.0,0.0
447.79596829192354,116.0,0.0
447.79854471630733,117.0,0.0
447.79952502870395,116.0,0.0
447.80688747566205,115.0,0.0
447.80978802674355,116.0,0.0
447.81865456018215,115.0,0.0
447.81890011023586,114.0,0.0
447.8262559329177,113.0,0.0
447.84114286965377,112.0,0.0
447.84418161335174,113.0,0.0
447.84515661893386,114.0,0.0
447.8859213505032,115.0,0.0
447.88611520920983,114.0,0.0
447.8884849152235,115.0,0.0
447.897227959126,114.0,0.0
447.90269060969297,113.0,0.0
447.9071630840273,114.0,0.0
447.9350470961894,115.0,0.0
447.9399897382608,116.0,0.0
447.9426013735513,115.0,0.0
447.94927199071356,114.0,0.0
447.9629194870183,113.0,0.0
447.9645897651298,114.0,0.0
447.96630427639167,115.0,0.0
447.97564489432534,116.0,0.0
447.9861346460695,117.0,0.0
447.9971731336004,116.0,0.0
447.9975268988892,117.0,0.0
448.00599385424863,116.0,0.0
448.01466625160845,115.0,0.0
448.01687834277584,116.0,0.0
448.03464730146436,115.0,0.0
448.0434929803675,116.0,0.0
448.04719246970126,115.0,0.0
448.0513192740954,116.0,0.0
448.0516786804927,115.0,0.0
448.0547603480234,114.0,0.0
448.0603486942857,115.0,0.0
448.06715499391544,116.0,0.0
448.07824837813536,115.0,0.0
448.0881943714355,116.0,0.0
448.0987821064213,115.0,0.0
448.10831174409213,114.0,0.0
448.109762627627,113.0,0.0
448.1152093049161,114.0,0.0
448.11582966106704,113.0,0.0
448.11689310012275,112.0,0.0
448.118144945611,111.0,0.0
448.1203106284017,110.0,0.0
448.12407827376046,109.0,0.0
448.1259607737041,108.0,0.0
448.126615527571,107.0,0.0
448.13088921353847,108.0,0.0
448.1361977745756,107.0,0.0
448.1526342905503,106.0,0.0
448.1586615496962,105.0,0.0
448.162964868151,104.0,0.0
448.17185940096914,105.0,0.0
448.1881662673941,106.0,0.0
448.20209405827984,107.0,0.0
448.202094266323,106.0,0.0
448.2070256495686,105.0,0.0
448.225586083633,104.0,0.0
448.22620333470934,103.0,0.0
448.2546836903839,102.0,0.0
448.2585768925319,101.0,0.0
448.2596730395633,100.0,0.0
448.26024376419855,101.0,0.0
448.2659010245479,100.0,0.0
448.2673127458737,99.0,0.0
448.2801486692074,100.0,0.0
448.2808540049968,99.0,0.0
448.2833091214418,100.0,0.0
448.29532523384796,99.0,0.0
448.3006222478058,100.0,0.0
448.3036410035655,101.0,0.0
448.3063135670454,102.0,0.0
448.3070627687482,101.0,0.0
448.3079622267935,100.0,0.0
448.3120887458986,101.0,0.0
448.3153377222093,100.0,0.0
448.32004371605103,101.0,0.0
448.32167298984336,100.0,0.0
448.325384426785,99.0,0.0
448.3394999468693,98.0,0.0
448.34111004190135,97.0,0.0
448.35176020097595,98.0,0.0
448.3626962505128,97.0,0.0
448.3890142846732,98.0,0.0
448.40465949904456,99.0,0.0
448.4220523572371,98.0,0.0
448.4232100995416,97.0,0.0
448.4272938152555,96.0,0.0
448.4352765895838,95.0,0.0
448.4358693676768,94.0,0.0
448.4410339618637,95.0,0.0
448.4428376921996,96.0,0.0
448.44643950473966,95.0,0.0
448.4482954744213,94.0,0.0
448.4513682076046,93.0,0.0
448.46202610983556,94.0,0.0
448.472452961474,95.0,0.0
448.4875257600205,96.0,0.0
448.49476591202114,95.0,0.0
448.4996679361278,96.0,0.0
448.5008497088825,95.0,0.0
448.5065162186335,94.0,0.0
448.51151982949534,93.0,0.0
448.51251718958594,94.0,0.0
448.51367103417465,95.0,0.0
448.5159915844988,96.0,0.0
448.51603859647685,95.0,0.0
448.5172666399685,96.0,0.0
448.52427874572675,97.0,0.0
448.52992167978914,96.0,0.0
448.5308587090425,95.0,0.0
448.5341687282274,96.0,0.0
448.54254110627085,95.0,0.0
448.5434494525505,96.0,0.0
448.55237328089123,95.0,0.0
448.5646461490585,94.0,0.0
448.5724813393706,93.0,0.0
448.58027555250254,94.0,0.0
448.5811871176635,95.0,0.0
448.58835525637693,94.0,0.0
448.58867123339036,93.0,0.0
448.60071698718207,94.0,0.0
448.6026112103067,93.0,0.0
448.60373498414924,92.0,0.0
448.6055128788773,93.0,0.0
448.6162810919231,92.0,0.0
448.6456072738323,93.0,0.0
448.6590504911774,94.0,0.0
448.67833448345897,95.0,0.0
448.68007897756166,96.0,0.0
448.69993077883055,97.0,0.0
448.7002225566016,96.0,0.0
448.7013827795916,95.0,0.0
448.7098984366433,96.0,0.0
448.71020133732685,95.0,0.0
448.7189249393396,94.0,0.0
448.7200559401983,93.0,0.0
448.7276224312817,94.0,0.0
448.7320355873909,93.0,0.0
448.7351096685621,92.0,0.0
448.74125572640446,91.0,0.0
448.74264428872925,92.0,0.0
448.74444933910206,93.0,0.0
448.7569248415073,92.0,0.0
448.7633246997691,91.0,0.0
448.77970531507214,92.0,0.0
448.8040915382186,93.0,0.0
448.815687126013,94.0,0.0
448.8161439809965,93.0,0.0
448.8189781476172,92.0,0.0
448.82410966772005,91.0,0.0
448.8299686306836,92.0,0.0
448.8312803739534,91.0,0.0
448.8353353908422,92.0,0.0
448.8450500113422,91.0,0.0
448.84653472930916,92.0,0.0
448.851804889815,93.0,0.0
448.85513510146296,92.0,0.0
448.86412712383907,93.0,0.0
448.86631008428776,94.0,0.0
448.8674483227973,93.0,0.0
448.87097601722184,94.0,0.0
448.87112776847533,93.0,0.0
448.87676700582904,92.0,0.0
448.8911950753933,91.0,0.0
448.91101875112895,90.0,0.0
448.91690919610846,89.0,0.0
448.9194614509948,88.0,0.0
448.9279206191823,87.0,0.0
448.947796958533,86.0,0.0
448.96248711527363,85.0,0.0
448.9644954868814,84.0,0.0
448.9677142336924,83.0,0.0
448.96929560352487,82.0,0.0
448.98160562655147,81.0,0.0
448.98288420010687,82.0,0.0
448.98684283411336,81.0,0.0
448.99759990440936,80.0,0.0
449.0011842009293,79.0,0.0
449.01320689849433,78.0,0.0
449.01785885789485,77.0,0.0
449.0240266470608,78.0,0.0
449.03036302360357,79.0,0.0
449.03431131531113,80.0,0.0
449.0462343060074,79.0,0.0
449.0510351489016,80.0,0.0
449.0531104417646,81.0,0.0
449.06248264827434,80.0,0.0
449.07226827912837,81.0,0.0
449.0745830503687,82.0,0.0
449.0792006935635,81.0,0.0
449.08066858927657,82.0,0.0
449.08259753832704,83.0,0.0
449.098612204959,82.0,0.0
449.1030487034422,81.0,0.0
449.1044173091731,80.0,0.0
449.1223267334827,81.0,0.0
449.13512291878845,80.0,0.0
449.1472820608101,81.0,0.0
449.15177970683067,82.0,0.0
449.1640534308126,81.0,0.0
449.17635350140574,80.0,0.0
449.1831646822678,79.0,0.0
449.1864369592104,78.0,0.0
449.19285738006175,79.0,0.0
449.2056479902356,78.0,0.0
449.212750091237,79.0,0.0
449.2152071371772,78.0,0.0
449.21656993108724,79.0,0.0
449.2212029953841,80.0,0.0
449.22517670415505,81.0,0.0
449.242905207263,80.0,0.0
449.2453957222914,81.0,0.0
449.2507749269485,80.0,0.0
449.26704350623504,81.0,0.0
449.2821320395124,82.0,0.0
449.2868732241272,81.0,0.0
449.2905183473431,82.0,0.0
449.3274887498124,81.0,0.0
449.32984436909913,80.0,0.0
449.3334368295396,79.0,0.0
449.3340529144793,78.0,0.0
449.33888844498154,79.0,0.0
449.3497084324609,78.0,0.0
449.35050558532987,77.0,0.0
449.37422939114015,76.0,0.0
449.37529438734305,75.0,0.0
449.3848692243257,74.0,0.0
449.40597465927095,73.0,0.0
449.4108026292998,72.0,0.0
449.42167187183355,71.0,0.0
449.4226227887533,70.0,0.0
449.4293490867683,69.0,0.0
449.4342947164587,68.0,0.0
449.4395856022992,69.0,0.0
449.4435158182675,70.0,0.0
449.4562233196017,69.0,0.0
449.4967395989753,68.0,0.0
449.5102920583873,69.0,0.0
449.51228505854647,70.0,0.0
449.515310300376,69.0,0.0
449.5298665758069,70.0,0.0
449.5451031728522,71.0,0.0
449.55641253903656,72.0,0.0
449.5570060848875,71.0,0.0
449.58048329789847,72.0,0.0
449.5852535762185,71.0,0.0
449.6160587515606,72.0,0.0
449.61636883663164,71.0,0.0
449.628068569891,70.0,0.0
449.65598308429213,71.0,0.0
449.66171945924253,70.0,0.0
449.67439250298366,69.0,0.0
449.679157098186,68.0,0.0
449.6856655399581,69.0,0.0
449.6939923092094,68.0,0.0
449.6949043316237,67.0,0.0
449.7043819015732,66.0,0.0
449.7165127613822,65.0,0.0
449.7344948934482,64.0,0.0
449.7427660163371,63.0,0.0
449.75267846885407,64.0,0.0
449.7532675901309,63.0,0.0
449.7577070195394,62.0,0.0
449.7648523358733,61.0,0.0
449.78521277191425,60.0,0.0
449.78911979200086,61.0,0.0
449.7961917916525,62.0,0.0
449.81910292669966,61.0,0.0
449.82100635151284,60.0,0.0
449.82500043246273,59.0,0.0
449.84940075302853,60.0,0.0
449.852467964293,59.0,0.0
449.860910596068,58.0,0.0
449.86254939381706,59.0,0.0
449.86637354347255,58.0,0.0
449.86907673873134,59.0,0.0
449.89192821516974,60.0,0.0
449.9098174059142,59.0,0.0
449.91894089039386,58.0,0.0
449.9234393219171,59.0,0.0
449.9327058728728,60.0,0.0
449.94546091944875,59.0,0.0
449.94847595013573,58.0,0.0
449.95414343022344,57.0,0.0
449.9627601554235,56.0,0.0
449.97330611653257,57.0,0.0
449.98758824599025,58.0,0.0
449.9910765217808,57.0,0.0
449.9940918184501,56.0,0.0
450.01736918157644,57.0,0.0
450.0174115647748,56.0,0.0
450.0224394563519,55.0,0.0
450.0273834854274,54.0,0.0
450.0474211519887,53.0,0.0
450.08875839536375,52.0,0.0
450.09189478009546,51.0,0.0
450.0944196114868,50.0,0.0
450.09593372987706,49.0,0.0
450.1058581894617,48.0,0.0
450.1064616918987,47.0,0.0
450.11571983487204,48.0,0.0
450.11710827898935,49.0,0.0
450.12244205819707,48.0,0.0
450.1334773025832,47.0,0.0
450.1416633060346,48.0,0.0
450.1435728821586,47.0,0.0
450.1499340314231,48.0,0.0
450.1593125688893,47.0,0.0
450.1607737018477,46.0,0.0
450.1667975693645,45.0,0.0
450.19049770165464,44.0,0.0
450.2057565275405,43.0,0.0
450.20953096711605,42.0,0.0
450.22700065296686,41.0,0.0
450.23913498235765,40.0,0.0
450.24238453924846,41.0,0.0
450.25690649370193,40.0,0.0
450.25727531489576,39.0,0.0
450.25948497950213,40.0,0.0
450.26023400981427,39.0,0.0
450.2845634768284,38.0,0.0
450.3152094780191,39.0,0.0
450.34298195822294,38.0,0.0
450.3648469651373,37.0,0.0
450.3685472247125,36.0,0.0
450.37473878562156,35.0,0.0
450.4046201517262,36.0,0.0
450.4079407225016,35.0,0.0
450.4130963401579,36.0,0.0
450.41877330513125,35.0,0.0
450.4237439710225,34.0,0.0
450.4323938046043,33.0,0.0
450.43485920971943,34.0,0.0
450.43707759314765,35.0,0.0
450.4396443784514,34.0,0.0
450.44726691784234,33.0,0.0
450.45043894834157,34.0,0.0
450.4579944222211,33.0,0.0
450.4718838298748,32.0,0.0
450.5014709602231,33.0,0.0
450.5098688974076,32.0,0.0
450.51045185243765,31.0,0.0
450.51290864102197,30.0,0.0
450.553815249615,31.0,0.0
450.5570886724508,30.0,0.0
450.57671362779547,31.0,0.0
450.5937887607612,30.0,0.0
450.5982641142655,29.0,0.0
450.60257721851457,28.0,0.0
450.609119906013,27.0,0.0
450.6358918413036,26.0,0.0
450.6373605368663,25.0,0.0
450.6385735783829,24.0,0.0
450.6496576064728,25.0,0.0
450.65572633689806,24.0,0.0
450.65736478395377,23.0,0.0
450.6599729386844,24.0,0.0
450.66304606502155,23.0,0.0
450.7330359183217,22.0,0.0
450.7371948212325,21.0,0.0
450.74772917529964,20.0,0.0
450.7590226398716,21.0,0.0
450.7677688817656,20.0,0.0
450.81150388860635,19.0,0.0
450.8142938364349,18.0,0.0
450.819250849022,17.0,0.0
450.83873445783627,18.0,0.0
450.84149749404435,19.0,0.0
450.8621239808172,18.0,0.0
450.87331923237144,17.0,0.0
450.8780402472838,16.0,0.0
450.88019303508986,15.0,0.0
450.8908601849856,16.0,0.0
450.8937072264989,15.0,0.0
450.90054059405725,16.0,0.0
450.905497259217,17.0,0.0
450.91121368380544,18.0,0.0
450.9182004376503,17.0,0.0
450.9287871610063,16.0,0.0
450.9315844336648,15.0,0.0
450.9350105052759,14.0,0.0
450.9370430251235,13.0,0.0
450.9615314791213,12.0,0.0
450.9791837052803,11.0,0.0
450.9966793605765,10.0,0.0
451.00214379577733,9.0,0.0
451.0078096239034,10.0,0.0
451.01072872444666,9.0,0.0
451.0159182846735,8.0,0.0
451.05504235775527,7.0,0.0
451.0737018540675,6.0,0.0
451.1027618440211,5.0,0.0
451.1050887405321,6.0,0.0
451.1228816279145,5.0,0.0
451.1466354214089,6.0,0.0
451.1625638834227,5.0,0.0
451.1786832694846,4.0,0.0
451.1820883382888,5.0,0.0
451.18837691980934,4.0,0.0
451.18934695482716,3.0,0.0
451.19512173375523,2.0,0.0
451.2003414800475,1.0,0.0
451.2498779299692,0.0,0.0
451.25844762160887,1.0,0.0
451.29224392439846,0.0,0.0
451.33815706868745,1.0,0.0
451.339933739652,0.0,0.0
451.3930251500873,1.0,0.0
451.41039249162907,0.0,0.0
451.4558611641529,1.0,0.0
451.47356634204556,2.0,0.0
451.4875845335764,1.0,0.0
451.51746252012833,0.0,0.0
451.5463143526898,1.0,0.0
451.55327640946865,2.0,0.0
451.5760400715996,1.0,0.0
451.5933781336147,0.0,0.0
451.6111683488784,1.0,0.0
451.62974091240346,2.0,0.0
451.63865785973303,3.0,0.0
451.65008493993986,2.0,0.0
451.6588238477588,3.0,0.0
451.66496696652297,4.0,0.0
451.66701901115937,5.0,0.0
451.66807965619716,4.0,0.0
451.696820022772,3.0,0.0
451.70992684156,2.0,0.0
451.7270422528283,1.0,0.0
451.76263585887006,2.0,0.0
451.77945843974163,1.0,0.0
451.78779009757005,0.0,0.0
451.996857413935,1.0,0.0
451.99926385667993,0.0,0.0
452.1177536543086,1.0,0.0
452.13266951898663,0.0,0.0
452.15837125013246,1.0,0.0
452.1645354865701,0.0,0.0
452.21863037130663,1.0,0.0
452.2454283700412,2.0,0.0
452.24960714816575,1.0,0.0
452.2506157864195,2.0,0.0
452.26365934046584,1.0,0.0
452.2688948816048,2.0,0.0
452.2777479581684,3.0,0.0
452.2827649387496,2.0,0.0
452.29073052573716,3.0,0.0
452.29095947218127,2.0,0.0
452.29224993466926,1.0,0.0
452.3001572763211,0.0,0.0
452.37099466087346,1.0,0.0
452.38412537187156,0.0,0.0
452.39462317447675,1.0,0.0
452.4196209191781,0.0,0.0
452.4261568809696,1.0,0.0
452.4307344067321,0.0,0.0
452.4432763840923,1.0,0.0
452.4931090718359,0.0,0.0
452.50068535644664,1.0,0.0
452.5094467740339,0.0,0.0
452.5653566564904,1.0,0.0
452.5688714021208,0.0,0.0
452.5810226255271,1.0,0.0
452.58794726983564,0.0,0.0
452.5988323869105,1.0,0.0
452.61399603460677,0.0,0.0
452.6717754586908,1.0,0.0
452.7116369597498,0.0,0.0
452.74115066300794,1.0,0.0
452.7424557132044,2.0,0.0
452.75541901864597,1.0,0.0
452.7836516850741,2.0,0.0
452.78870927236835,3.0,0.0
452.82260330342154,4.0,0.0
452.8231099416754,5.0,0.0
452.8268488005574,6.0,0.0
452.8326349839061,5.0,0.0
452.8362764950701,4.0,0.0
452.84003071109356,3.0,0.0
452.84460088344724,2.0,0.0
452.8561245084094,1.0,0.0
452.8616949163708,2.0,0.0
452.8818391642419,3.0,0.0
452.8857762265755,4.0,0.0
452.89681332135916,3.0,0.0
452.91189382620865,2.0,0.0
452.92631712523536,1.0,0.0
452.9362678210472,2.0,0.0
452.9706578540124,1.0,0.0
452.9730417718858,0.0,0.0
452.9998780612661,1.0,0.0
453.00614184943373,0.0,0.0
453.0983370732624,1.0,0.0
453.0993383505558,0.0,0.0
453.18699695878723,1.0,0.0
453.19296435540224,0.0,0.0
453.20409974948365,1.0,0.0
453.2178774412732,0.0,0.0
453.26142500714764,1.0,0.0
453.28570016293384,0.0,0.0
453.3031626929377,1.0,0.0
453.3076535148343,2.0,0.0
453.3315455123212,1.0,0.0
453.35184889468746,2.0,0.0
453.3898551840608,3.0,0.0
453.39364445956164,2.0,0.0
453.4503358127195,3.0,0.0
453.4628957311696,4.0,0.0
453.48312518929237,3.0,0.0
453.49668939744345,4.0,0.0
453.5064005045015,3.0,0.0
453.5256188062374,2.0,0.0
453.5602055894119,1.0,0.0
453.58165991550925,2.0,0.0
453.6031479420043,1.0,0.0
453.606667475754,2.0,0.0
453.61871071540133,3.0,0.0
453.65957982868105,2.0,0.0
453.66178255230415,1.0,0.0
453.68024162519725,0.0,0.0
453.70785799577453,1.0,0.0
453.7265710945654,2.0,0.0
453.7313419400553,1.0,0.0
453.76352891701106,2.0,0.0
453.7744800678794,1.0,0.0
453.8031951069545,0.0,0.0
453.8267417300124,1.0,0.0
453.8356204594771,2.0,0.0
453.8426680131419,3.0,0.0
453.8492373134199,2.0,0.0
453.849489718594,1.0,0.0
453.8585966987566,0.0,0.0
453.8858822086773,1.0,0.0
453.89093253757085,0.0,0.0
453.9036237226251,1.0,0.0
453.9176540013719,2.0,0.0
453.9306214955389,1.0,0.0
453.94246227951675,2.0,0.0
453.9426044461051,1.0,0.0
453.9712726004788,0.0,0.0
454.03421809160847,1.0,0.0
454.03543872235343,2.0,0.0
454.05739716288247,3.0,0.0
454.05847576361145,2.0,0.0
454.09483903833956,1.0,0.0
454.11097553788176,0.0,0.0
454.1247437185493,1.0,0.0
454.1267706719741,0.0,0.0
454.1306050396731,1.0,0.0
454.1318969161768,2.0,0.0
454.1360138009481,1.0,0.0
454.14090519302704,0.0,0.0
454.16067749726903,1.0,0.0
454.17359502365935,0.0,0.0
454.20639076443433,1.0,0.0
454.2121627743689,0.0,0.0
454.23722141895064,1.0,0.0
454.2578988582768,2.0,0.0
454.26421658118244,1.0,0.0
454.28445860280556,0.0,0.0
454.3068669628471,1.0,0.0
454.30744883587704,0.0,0.0
454.3240318257006,1.0,0.0
454.34021634489295,2.0,0.0
454.35196403212615,3.0,0.0
454.3610015237252,4.0,0.0
454.3687021167793,5.0,0.0
454.37685808124814,4.0,0.0
454.3987193395309,5.0,0.0
454.40953472373604,4.0,0.0
454.41552936540654,3.0,0.0
454.4224659314355,4.0,0.0
454.43430411219197,3.0,0.0
454.45794949399306,2.0,0.0
454.46509511455747,1.0,0.0
454.46687595001004,2.0,0.0
454.47060140592754,1.0,0.0
454.47440290278115,0.0,0.0
454.4946226691105,1.0,0.0
454.49465483212856,0.0,0.0
454.5492070685298,1.0,0.0
454.5551879642662,2.0,0.0
454.5617187030794,3.0,0.0
454.5661531199251,2.0,0.0
454.5684906461153,1.0,0.0
454.58945912542106,0.0,0.0
454.60438898126347,1.0,0.0
454.60770404632206,0.0,0.0
454.6238155753031,1.0,0.0
454.65779816638405,2.0,0.0
454.66000595032574,3.0,0.0
454.68921123981266,2.0,0.0
454.6917794392549,3.0,0.0
454.7048666745534,2.0,0.0
454.7414048046492,1.0,0.0
454.7534941623996,2.0,0.0
454.7540167805145,3.0,0.0
454.75425495000195,2.0,0.0
454.75540079324406,3.0,0.0
454.7663050125407,4.0,0.0
454.7664462355239,3.0,0.0
454.76860798109846,2.0,0.0
454.80010229309386,1.0,0.0
454.8115551701424,0.0,0.0
454.8453679019039,1.0,0.0
454.8489993089235,0.0,0.0
454.8736308041146,1.0,0.0
454.88417164972543,0.0,0.0
454.8890259243706,1.0,0.0
454.9069533754807,2.0,0.0
454.90917477909636,1.0,0.0
454.9253134825014,0.0,0.0
454.9266090658897,1.0,0.0
454.92854240964016,0.0,0.0
454.94582850445715,1.0,0.0
454.949791574351,0.0,0.0
455.00373490683717,1.0,0.0
455.0079806544791,0.0,0.0
455.02077877643126,1.0,0.0
455.03115260595735,0.0,0.0
455.0361943844011,1.0,0.0
455.03849436164234,2.0,0.0
455.0444971119315,1.0,0.0
455.05805004261293,2.0,0.0
455.0614104103675,3.0,0.0
455.0904109253122,2.0,0.0
455.09152551597225,1.0,0.0
455.09163874328664,2.0,0.0
455.10486648093104,3.0,0.0
455.1146195393999,2.0,0.0
455.1170229565647,3.0,0.0
455.11862252395036,2.0,0.0
455.14270656262227,1.0,0.0
455.14744476671865,2.0,0.0
455.168609865084,1.0,0.0
455.17359270904075,0.0,0.0
455.17592929716193,1.0,0.0
455.1911924729682,0.0,0.0
455.20816391611606,1.0,0.0
455.21478016478477,0.0,0.0
455.2382981937514,1.0,0.0
455.24228045745645,2.0,0.0
455.24657089720927,3.0,0.0
455.2489037526184,4.0,0.0
455.28023152193884,5.0,0.0
455.29970897358834,4.0,0.0
455.3124551626287,3.0,0.0
455.31725743525465,4.0,0.0
455.32040553421075,5.0,0.0
455.3218144513729,4.0,0.0
455.3348814077175,5.0,0.0
455.3354822626787,4.0,0.0
455.3394726200472,5.0,0.0
455.3452958595599,4.0,0.0
455.3502718690544,5.0,0.0
455.35221145302813,4.0,0.0
455.3567677056758,5.0,0.0
455.3610279460936,4.0,0.0
455.3705111669743,5.0,0.0
455.375117413798,4.0,0.0
455.4228700813066,3.0,0.0
455.4314070118017,4.0,0.0
455.4402981942415,5.0,0.0
455.4488087141975,4.0,0.0
455.4613457641473,3.0,0.0
455.4660106066712,4.0,0.0
455.4684012246371,3.0,0.0
455.47316493393737,2.0,0.0
455.48176396756196,3.0,0.0
455.48178412231806,4.0,0.0
455.49228907508757,5.0,0.0
455.4923676803235,4.0,0.0
455.49290594175056,3.0,0.0
455.4948183987201,4.0,0.0
455.4996112646043,5.0,0.0
455.5037689505543,6.0,0.0
455.5070875630657,5.0,0.0
455.5107461082769,4.0,0.0
455.5130587723866,5.0,0.0
455.5142727607258,4.0,0.0
455.5313182964137,5.0,0.0
455.5332130675509,4.0,0.0
455.5408362990182,5.0,0.0
455.5501546659762,4.0,0.0
455.57754817845057,5.0,0.0
455.57767347413585,4.0,0.0
455.5808803270878,3.0,0.0
455.5896433378713,4.0,0.0
455.6012318724164,3.0,0.0
455.6045494705819,4.0,0.0
455.60867268198683,3.0,0.0
455.6157419496663,4.0,0.0
455.61783400551707,5.0,0.0
455.6181939280235,4.0,0.0
455.6265958935497,5.0,0.0
455.6421551912997,6.0,0.0
455.64624316137434,7.0,0.0
455.6465316272151,6.0,0.0
455.65471006515094,7.0,0.0
455.6566587251186,6.0,0.0
455.6571096366464,7.0,0.0
455.66095485656837,8.0,0.0
455.6638268321412,9.0,0.0
455.66732004229544,10.0,0.0
455.66732762513703,9.0,0.0
455.6727042711483,8.0,0.0
455.6769042651151,9.0,0.0
455.67969421024327,8.0,0.0
455.6847409500598,9.0,0.0
455.70668851153135,10.0,0.0
455.71023233783353,9.0,0.0
455.71483002425003,8.0,0.0
455.71508604036734,9.0,0.0
455.72134152885354,8.0,0.0
455.72835794518426,9.0,0.0
455.7316180236083,8.0,0.0
455.73938002637567,7.0,0.0
455.7432525443693,6.0,0.0
455.7442821545104,7.0,0.0
455.7480288549106,8.0,0.0
455.7556554536226,7.0,0.0
455.7600635079246,6.0,0.0
455.7622773843273,7.0,0.0
455.7670757523453,6.0,0.0
455.7801165280966,5.0,0.0
455.788547854048,4.0,0.0
455.79100233465647,5.0,0.0
455.7914577437897,6.0,0.0
455.7932998467532,7.0,0.0
455.7993031364409,6.0,0.0
455.8037180329943,5.0,0.0
455.8090134181731,4.0,0.0
455.8167233138679,5.0,0.0
455.8228574110929,4.0,0.0
455.82343439148315,5.0,0.0
455.8298880161379,4.0,0.0
455.84565836558295,3.0,0.0
455.8566160730686,2.0,0.0
455.8571887481972,3.0,0.0
455.858127007286,2.0,0.0
455.8600574295341,1.0,0.0
455.87386808134227,2.0,0.0
455.8771755255233,1.0,0.0
455.88565956039344,2.0,0.0
455.8860816259669,1.0,0.0
455.8957040962374,2.0,0.0
455.90619730530585,3.0,0.0
455.9087717863379,2.0,0.0
455.90890167969,1.0,0.0
455.9138509872109,2.0,0.0
455.92160938579633,3.0,0.0
455.93023011993716,2.0,0.0
455.94192405153086,3.0,0.0
455.94285736940304,2.0,0.0
455.94380574091736,1.0,0.0
455.9485925682347,2.0,0.0
455.957426775973,1.0,0.0
455.9639525995117,0.0,0.0
455.96678830178223,1.0,0.0
455.97653001072797,0.0,0.0
455.97939315024024,1.0,0.0
455.9901597219464,2.0,0.0
456.0045837815954,3.0,0.0
456.00897352387807,2.0,0.0
456.01317072465304,1.0,0.0
456.0295466642797,0.0,0.0
456.03327181266,1.0,0.0
456.05386494457787,2.0,0.0
456.0582518057867,1.0,0.0
456.06836583121617,2.0,0.0
456.07173094009386,1.0,0.0
456.07511403826265,0.0,0.0
456.09038909581943,1.0,0.0
456.09592295526807,2.0,0.0
456.0998554986517,3.0,0.0
456.1198920636034,4.0,0.0
456.1246708976286,3.0,0.0
456.13344494725857,2.0,0.0
456.1407276483358,3.0,0.0
456.14957833184894,4.0,0.0
456.15303614569774,5.0,0.0
456.16649821997805,6.0,0.0
456.1693908690353,7.0,0.0
456.17088045047234,6.0,0.0
456.17594346328457,7.0,0.0
456.17843786344474,8.0,0.0
456.1863487845411,9.0,0.0
456.19276737228336,10.0,0.0
456.1984361130452,9.0,0.0
456.201737466964,10.0,0.0
456.2031869494987,9.0,0.0
456.2124164639657,10.0,0.0
456.22349508503646,9.0,0.0
456.24137811605226,8.0,0.0
456.2425670160737,9.0,0.0
456.2432124962184,8.0,0.0
456.24377724103437,9.0,0.0
456.24476592871173,8.0,0.0
456.25731468179924,9.0,0.0
456.26588959337516,10.0,0.0
456.2809021794474,11.0,0.0
456.28992649970195,10.0,0.0
456.29097965342964,9.0,0.0
456.29372251033135,8.0,0.0
456.2983356568506,9.0,0.0
456.3151049051845,8.0,0.0
456.3195054357011,7.0,0.0
456.3264983660866,6.0,0.0
456.32877083524187,7.0,0.0
456.33357144357313,6.0,0.0
456.34441305500746,7.0,0.0
456.36300376592646,6.0,0.0
456.3706886321134,5.0,0.0
456.37141552144993,4.0,0.0
456.38498739045764,3.0,0.0
456.40105541209994,4.0,0.0
456.40971252275057,5.0,0.0
456.4113409875475,4.0,0.0
456.41175298229354,3.0,0.0
456.4180013149116,4.0,0.0
456.42010083554686,3.0,0.0
456.4225114404463,4.0,0.0
456.4439371292317,5.0,0.0
456.4560654385063,6.0,0.0
456.4567197242844,5.0,0.0
456.4587640068061,4.0,0.0
456.46379124705146,3.0,0.0
456.46922581366533,2.0,0.0
456.47926701837474,1.0,0.0
456.48368664966654,2.0,0.0
456.48511143935997,1.0,0.0
456.49103319215817,2.0,0.0
456.4974119019669,1.0,0.0
456.4975546584934,0.0,0.0
456.5052919931018,1.0,0.0
456.51203570048835,0.0,0.0
456.51602136773664,1.0,0.0
456.5331655738882,2.0,0.0
456.54894239325904,1.0,0.0
456.5503515979978,0.0,0.0
456.61195304202283,1.0,0.0
456.61925905892167,2.0,0.0
456.62157316009217,1.0,0.0
456.627124852544,2.0,0.0
456.62789520913225,3.0,0.0
456.6281689575033,4.0,0.0
456.62918134747764,5.0,0.0
456.6299760756471,4.0,0.0
456.63966583011546,5.0,0.0
456.64792464284494,6.0,0.0
456.64801167578173,7.0,0.0
456.6491880133824,6.0,0.0
456.6553678786149,7.0,0.0
456.6568310433071,8.0,0.0
456.6626789457848,7.0,0.0
456.66561899613833,8.0,0.0
456.6667507459763,9.0,0.0
456.6726764222765,10.0,0.0
456.6926603052721,11.0,0.0
456.6929338499373,12.0,0.0
456.69876863578685,11.0,0.0
456.71228172597415,12.0,0.0
456.7135721716807,11.0,0.0
456.71453195892315,12.0,0.0
456.719520020031,13.0,0.0
456.7217499929349,14.0,0.0
456.7247784597275,15.0,0.0
456.7313377364359,16.0,0.0
456.7422475351796,15.0,0.0
456.7491662831941,16.0,0.0
456.75090217343615,17.0,0.0
456.7531127567403,18.0,0.0
456.7531965707305,17.0,0.0
456.7594963744327,16.0,0.0
456.76559800611096,17.0,0.0
456.76617543383827,18.0,0.0
456.76977274599835,17.0,0.0
456.7717575860967,18.0,0.0
456.7798004035365,17.0,0.0
456.7918919194841,18.0,0.0
456.79904412439623,17.0,0.0
456.80078951121277,18.0,0.0
456.80187308699277,17.0,0.0
456.81549029276226,18.0,0.0
456.8178271674303,19.0,0.0
456.8185411110436,20.0,0.0
456.82137725825476,21.0,0.0
456.8284809979267,20.0,0.0
456.8297842187424,21.0,0.0
456.8411921330608,22.0,0.0
456.84489464654763,23.0,0.0
456.8557455983728,24.0,0.0
456.8633760466931,25.0,0.0
456.86692954545003,24.0,0.0
456.87106467887156,25.0,0.0
456.8779535036847,24.0,0.0
456.89191428739645,25.0,0.0
456.8987121738083,24.0,0.0
456.90793838308474,25.0,0.0
456.9165266465181,26.0,0.0
456.9199035726264,25.0,0.0
456.92403134076267,24.0,0.0
456.9243128715972,25.0,0.0
456.93495544040786,24.0,0.0
456.93697174981656,23.0,0.0
456.93704573552685,24.0,0.0
456.94058242896614,25.0,0.0
456.9602949052505,26.0,0.0
456.96288115424255,25.0,0.0
456.96570547714606,24.0,0.0
456.9668327840537,25.0,0.0
456.9833519147337,26.0,0.0
456.9835991633058,27.0,0.0
456.98620557265247,28.0,0.0
456.99290936441224,29.0,0.0
456.9953257081658,30.0,0.0
456.99547321682644,31.0,0.0
457.00646545658054,30.0,0.0
457.00850470890254,31.0,0.0
457.0087809789469,32.0,0.0
457.01984392727434,33.0,0.0
457.02284176978543,34.0,0.0
457.0339168812614,35.0,0.0
457.0382809220274,34.0,0.0
457.04240836625684,35.0,0.0
457.0504585922642,36.0,0.0
457.06195801005265,37.0,0.0
457.0770699794618,36.0,0.0
457.0780023127813,35.0,0.0
457.07807110560145,36.0,0.0
457.08733979577414,35.0,0.0
457.08916945192226,36.0,0.0
457.09041875455614,37.0,0.0
457.0953971002931,38.0,0.0
457.0966606648733,39.0,0.0
457.1018167413708,40.0,0.0
457.1182684794565,41.0,0.0
457.12324941904905,40.0,0.0
457.137181630344,39.0,0.0
457.13990707554836,38.0,0.0
457.1427564736602,39.0,0.0
457.14333187499193,40.0,0.0
457.1443828762548,39.0,0.0
457.1444449693654,38.0,0.0
457.1580987613383,39.0,0.0
457.1622628330441,40.0,0.0
457.1657294794412,39.0,0.0
457.167388691554,38.0,0.0
457.17249073374984,39.0,0.0
457.1754809994383,40.0,0.0
457.1779697328462,41.0,0.0
457.1908406537816,42.0,0.0
457.19122209808654,43.0,0.0
457.20358097492874,44.0,0.0
457.20936865694796,45.0,0.0
457.21914114286136,46.0,0.0
457.23180438928983,45.0,0.0
457.2321626607574,46.0,0.0
457.2387236849468,47.0,0.0
457.24060390151436,48.0,0.0
457.24270880750123,47.0,0.0
457.2478134253473,48.0,0.0
457.2502672250197,47.0,0.0
457.2502804618663,46.0,0.0
457.2526827857909,45.0,0.0
457.2549250421189,46.0,0.0
457.25524880658867,47.0,0.0
457.2579408347687,46.0,0.0
457.25973825750685,47.0,0.0
457.2677661745111,46.0,0.0
457.26798384161896,45.0,0.0
457.27003943780045,46.0,0.0
457.2718090469082,45.0,0.0
457.281295120163,44.0,0.0
457.28501671959515,45.0,0.0
457.2898730697157,44.0,0.0
457.29584383162495,43.0,0.0
457.29929698508994,42.0,0.0
457.32946640798144,41.0,0.0
457.3478845139164,40.0,0.0
457.35169510797385,41.0,0.0
457.35974386367457,40.0,0.0
457.3668061115156,39.0,0.0
457.3727109957608,38.0,0.0
457.37520038990897,39.0,0.0
457.3755830918316,40.0,0.0
457.376922922902,41.0,0.0
457.37706591949916,42.0,0.0
457.3856270974543,41.0,0.0
457.3930555469913,40.0,0.0
457.394853787059,41.0,0.0
457.3974610673437,40.0,0.0
457.39796503117805,39.0,0.0
457.40641205392393,38.0,0.0
457.41828321696903,39.0,0.0
457.4184978357073,40.0,0.0
457.42016390525,39.0,0.0
457.42512661049136,38.0,0.0
457.4262981591594,37.0,0.0
457.429912531909,36.0,0.0
457.4333750507234,37.0,0.0
457.43445710705595,38.0,0.0
457.43982475142826,37.0,0.0
457.443355454914,36.0,0.0
457.4501083239116,37.0,0.0
457.46165131403035,36.0,0.0
457.46633364053645,35.0,0.0
457.4773776314217,36.0,0.0
457.4820077384847,35.0,0.0
457.48640125652264,34.0,0.0
457.4890130533518,33.0,0.0
457.491923725801,32.0,0.0
457.4952173170721,33.0,0.0
457.5043745189559,32.0,0.0
457.5073138219672,31.0,0.0
457.51339105460966,30.0,0.0
457.5168555719839,29.0,0.0
457.51799182022626,30.0,0.0
457.5191693048353,31.0,0.0
457.52061010233723,32.0,0.0
457.5235706841106,31.0,0.0
457.5300465543119,32.0,0.0
457.5328077389937,33.0,0.0
457.5387600679955,32.0,0.0
457.5410381056843,33.0,0.0
457.54437583460356,32.0,0.0
457.548514107549,31.0,0.0
457.54885470987404,32.0,0.0
457.55038273303796,31.0,0.0
457.5618908874821,30.0,0.0
457.5648987340967,31.0,0.0
457.568823624294,30.0,0.0
457.57135609699276,29.0,0.0
457.57779431077347,28.0,0.0
457.57874050992217,29.0,0.0
457.5911273981352,28.0,0.0
457.59149206550626,27.0,0.0
457.59161875490435,28.0,0.0
457.59483445323514,27.0,0.0
457.6038561254423,26.0,0.0
457.60972716216696,27.0,0.0
457.6156289270908,28.0,0.0
457.6168523067894,27.0,0.0
457.61723627239695,28.0,0.0
457.6335674250192,27.0,0.0
457.6347449699781,26.0,0.0
457.63558926360236,27.0,0.0
457.64098410081664,26.0,0.0
457.64404924463304,27.0,0.0
457.64578415205074,28.0,0.0
457.6475102462769,27.0,0.0
457.65905032214573,26.0,0.0
457.662639052395,25.0,0.0
457.66407736695965,26.0,0.0
457.66540305367346,27.0,0.0
457.6662312969508,28.0,0.0
457.670417781491,29.0,0.0
457.67290535182667,30.0,0.0
457.67389246145876,31.0,0.0
457.7043465613097,32.0,0.0
457.70601481648976,33.0,0.0
457.7104109177648,34.0,0.0
457.71250507451884,33.0,0.0
457.7217551588363,34.0,0.0
457.7316261454374,33.0,0.0
457.7370137819441,32.0,0.0
457.74391219043054,33.0,0.0
457.74487645506133,34.0,0.0
457.74549866984506,35.0,0.0
457.7483698917115,34.0,0.0
457.7532871048796,35.0,0.0
457.76242965400013,36.0,0.0
457.76835866927024,35.0,0.0
457.7848506665432,36.0,0.0
457.786572983794,37.0,0.0
457.80257433783856,38.0,0.0
457.8140127376156,39.0,0.0
457.8425849177431,38.0,0.0
457.84532800757484,37.0,0.0
457.8513581463892,38.0,0.0
457.8534538070973,39.0,0.0
457.85703381626104,40.0,0.0
457.8838105357588,41.0,0.0
457.88484567349207,42.0,0.0
457.88565461806746,41.0,0.0
457.8908146821933,40.0,0.0
457.8961065383112,41.0,0.0
457.89713667207343,42.0,0.0
457.91306679666957,43.0,0.0
457.91336002391756,44.0,0.0
457.9247860286405,45.0,0.0
457.93577421185955,46.0,0.0
457.94667975524953,47.0,0.0
457.94788240758777,46.0,0.0
457.96245405028475,47.0,0.0
457.96929281809145,46.0,0.0
457.9781747247479,45.0,0.0
457.9878087696934,46.0,0.0
457.99029806120234,45.0,0.0
457.99423377760513,46.0,0.0
457.99834967374534,47.0,0.0
458.0034818729914,48.0,0.0
458.0050349860263,49.0,0.0
458.0056149398802,48.0,0.0
458.0088228556514,47.0,0.0
458.0162587571156,46.0,0.0
458.028147747545,47.0,0.0
458.031767745689,46.0,0.0
458.03780631134185,45.0,0.0
458.0418718619914,44.0,0.0
458.04798893124956,45.0,0.0
458.05047475637326,44.0,0.0
458.0516937496051,45.0,0.0
458.0577634458508,44.0,0.0
458.06796435475326,43.0,0.0
458.06920235857723,44.0,0.0
458.0740849591552,45.0,0.0
458.0768330041676,46.0,0.0
458.0836922624056,47.0,0.0
458.08985842488147,46.0,0.0
458.09177575814687,47.0,0.0
458.0953849973776,48.0,0.0
458.09622961722425,47.0,0.0
458.1079572579473,48.0,0.0
458.10857293963346,47.0,0.0
458.1094515595411,46.0,0.0
458.1238526453789,47.0,0.0
458.12976536561035,48.0,0.0
458.13175815834137,49.0,0.0
458.132181541483,50.0,0.0
458.132873461141,51.0,0.0
458.1487486700584,52.0,0.0
458.15234022130494,53.0,0.0
458.1535151123972,52.0,0.0
458.15725799443373,53.0,0.0
458.15811041927503,54.0,0.0
458.1720532919884,55.0,0.0
458.18207796356864,56.0,0.0
458.19176945741367,55.0,0.0
458.1928434254165,56.0,0.0
458.19528955791384,55.0,0.0
458.1989300390851,56.0,0.0
458.20024395240335,57.0,0.0
458.20041715710823,56.0,0.0
458.204453153746,55.0,0.0
458.2053056170811,54.0,0.0
458.2061365755802,53.0,0.0
458.20800852099023,54.0,0.0
458.21315997786763,55.0,0.0
458.2187604666627,54.0,0.0
458.2231261534407,55.0,0.0
458.22565985913184,56.0,0.0
458.23308948503,57.0,0.0
458.2364399220772,58.0,0.0
458.2461149259702,59.0,0.0
458.2535194772747,60.0,0.0
458.25419452081564,61.0,0.0
458.26478926875774,60.0,0.0
458.2781011768461,59.0,0.0
458.28156645448416,60.0,0.0
458.28350816797285,59.0,0.0
458.29057385617966,58.0,0.0
458.2923285719765,57.0,0.0
458.3007768297312,56.0,0.0
458.3028908636677,57.0,0.0
458.3129142353875,56.0,0.0
458.3138561961731,57.0,0.0
458.3157467102344,58.0,0.0
458.3311670147376,57.0,0.0
458.34321436168824,58.0,0.0
458.3453559952855,57.0,0.0
458.3543025082911,58.0,0.0
458.3587921532715,59.0,0.0
458.3624313931167,60.0,0.0
458.36259252951095,59.0,0.0
458.3646763180029,60.0,0.0
458.3663190419479,61.0,0.0
458.3685567935184,60.0,0.0
458.37188480898027,59.0,0.0
458.3725557993609,60.0,0.0
458.3732196233962,59.0,0.0
458.3846911345783,60.0,0.0
458.38587622308523,59.0,0.0
458.3859168943876,60.0,0.0
458.39752091440175,59.0,0.0
458.40187676220637,60.0,0.0
458.4020765209656,61.0,0.0
458.40231726123454,60.0,0.0
458.4100261042679,61.0,0.0
458.419379512666,62.0,0.0
458.4239831468636,61.0,0.0
458.42487796569094,62.0,0.0
458.42673886130467,63.0,0.0
458.428442056573,62.0,0.0
458.43002486803954,61.0,0.0
458.43494446150476,62.0,0.0
458.43832447913337,63.0,0.0
458.44806444436193,62.0,0.0
458.4512918900288,63.0,0.0
458.45189204582925,62.0,0.0
458.45476733693533,61.0,0.0
458.45692189035583,60.0,0.0
458.4578402691457,61.0,0.0
458.4646471954245,62.0,0.0
458.467318127162,61.0,0.0
458.4748313378756,62.0,0.0
458.4921831964125,61.0,0.0
458.4929054825668,62.0,0.0
458.5062526376124,61.0,0.0
458.5066328437612,62.0,0.0
458.5085025832641,63.0,0.0
458.509216081308,64.0,0.0
458.5108420399371,65.0,0.0
458.5127421287288,64.0,0.0
458.5130322517174,63.0,0.0
458.51527202098464,64.0,0.0
458.51782604800843,65.0,0.0
458.5240350350892,64.0,0.0
458.5301337716727,65.0,0.0
458.5325880161797,66.0,0.0
458.5367743705208,65.0,0.0
458.5422212090587,66.0,0.0
458.54516413600084,67.0,0.0
458.5471339864686,68.0,0.0
458.5532969404448,69.0,0.0
458.55363006644546,70.0,0.0
458.55440688699264,69.0,0.0
458.5578384831546,68.0,0.0
458.5698360808732,69.0,0.0
458.5744683678166,70.0,0.0
458.5802845999578,69.0,0.0
458.5803720203115,70.0,0.0
458.5805989382218,69.0,0.0
458.58395234655694,70.0,0.0
458.5872622928399,69.0,0.0
458.5909522628084,68.0,0.0
458.5975181957598,69.0,0.0
458.59771430603723,70.0,0.0
458.5999667047719,71.0,0.0
458.6052973188322,72.0,0.0
458.6074882701087,71.0,0.0
458.6148820967262,70.0,0.0
458.6341420271016,71.0,0.0
458.65218485127764,70.0,0.0
458.6539687793883,71.0,0.0
458.6581655298787,72.0,0.0
458.6621244896041,73.0,0.0
458.6660725036804,72.0,0.0
458.66777387529083,73.0,0.0
458.67495783898374,74.0,0.0
458.67641251937255,75.0,0.0
458.6770632817857,74.0,0.0
458.67935530437376,73.0,0.0
458.68458900110255,72.0,0.0
458.684894770596,73.0,0.0
458.7072809385744,74.0,0.0
458.7083408412431,75.0,0.0
458.7089735262093,76.0,0.0
458.71454309631457,75.0,0.0
458.722126166845,76.0,0.0
458.73096357859737,77.0,0.0
458.7339210660806,76.0,0.0
458.7346161244834,77.0,0.0
458.7422105706431,76.0,0.0
458.75002839483795,75.0,0.0
458.76365785666553,76.0,0.0
458.7639210986338,75.0,0.0
458.78505948139724,74.0,0.0
458.7885082097714,75.0,0.0
458.7887273010974,76.0,0.0
458.8049157963098,75.0,0.0
458.8299893851788,74.0,0.0
458.835064800133,73.0,0.0
458.83564016747806,74.0,0.0
458.8379290400136,73.0,0.0
458.84005506568803,74.0,0.0
458.8506249932743,75.0,0.0
458.852061407795,74.0,0.0
458.8576863701152,75.0,0.0
458.8614336927536,74.0,0.0
458.8758816029181,75.0,0.0
458.8805346595874,74.0,0.0
458.88653315707813,73.0,0.0
458.8865508792486,72.0,0.0
458.8866220426926,73.0,0.0
458.88943073199795,74.0,0.0
458.89130876085756,73.0,0.0
458.8944360400695,74.0,0.0
458.8980201940371,73.0,0.0
458.8995502657899,74.0,0.0
458.9087419743388,73.0,0.0
458.9105262682508,72.0,0.0
458.9123850265448,73.0,0.0
458.9132386934378,74.0,0.0
458.9225551269641,73.0,0.0
458.9298746113868,72.0,0.0
458.93229418100674,73.0,0.0
458.93445353218726,72.0,0.0
458.94789844662404,73.0,0.0
458.9546722253966,74.0,0.0
458.9565216454861,75.0,0.0
458.96123982800884,76.0,0.0
458.9672858668213,75.0,0.0
458.97011282844716,74.0,0.0
458.97169239755823,73.0,0.0
458.97443378185426,74.0,0.0
458.9823610729379,75.0,0.0
458.9858446315844,76.0,0.0
458.9970025021519,77.0,0.0
459.00338822737285,78.0,0.0
459.00616947811875,77.0,0.0
459.01009814843707,78.0,0.0
459.01231181757345,77.0,0.0
459.0124756089976,76.0,0.0
459.01507000711035,77.0,0.0
459.01920355614186,76.0,0.0
459.0258929769215,77.0,0.0
459.0340707527459,78.0,0.0
459.03962238922117,79.0,0.0
459.04192433803564,78.0,0.0
459.04379258538734,79.0,0.0
459.04656687291737,80.0,0.0
459.04933520944513,79.0,0.0
459.05181794316206,78.0,0.0
459.055513398647,77.0,0.0
459.0589926240313,76.0,0.0
459.06405503734976,77.0,0.0
459.06448521739173,78.0,0.0
459.06994767273665,79.0,0.0
459.0792413016225,80.0,0.0
459.08521498712884,81.0,0.0
459.0916454002014,82.0,0.0
459.11615756579795,83.0,0.0
459.12150927713793,84.0,0.0
459.1291576168036,85.0,0.0
459.1372424233541,86.0,0.0
459.1385844488988,87.0,0.0
459.1443899404248,88.0,0.0
459.15180785623926,89.0,0.0
459.15477623217055,88.0,0.0
459.15508191540926,89.0,0.0
459.1630715742919,90.0,0.0
459.16573388385973,91.0,0.0
459.16620942532325,92.0,0.0
459.1689794928739,91.0,0.0
459.17059104885,92.0,0.0
459.1747784210272,91.0,0.0
459.1748213123777,90.0,0.0
459.1750047372233,91.0,0.0
459.1798713803896,90.0,0.0
459.18846148710713,91.0,0.0
459.1937687511362,90.0,0.0
459.19705518957056,91.0,0.0
459.199088948083,92.0,0.0
459.19963777377444,93.0,0.0
459.20962409128225,94.0,0.0
459.2171079134157,93.0,0.0
459.21762040410965,94.0,0.0
459.23181578363057,93.0,0.0
459.2346495646129,94.0,0.0
459.24208162686875,93.0,0.0
459.2436985530997,92.0,0.0
459.2445801832628,91.0,0.0
459.24952383952666,92.0,0.0
459.249710947586,91.0,0.0
459.26629344648774,92.0,0.0
459.26738958732915,91.0,0.0
459.2678339525734,92.0,0.0
459.2761108250763,93.0,0.0
459.28538153135094,94.0,0.0
459.2856774475714,95.0,0.0
459.28639353217454,94.0,0.0
459.29109617575125,95.0,0.0
459.2935052656457,94.0,0.0
459.2950818155836,93.0,0.0
459.30232336797644,92.0,0.0
459.3065379026421,93.0,0.0
459.3082194020325,92.0,0.0
459.30860015257065,93.0,0.0
459.311493442261,94.0,0.0
459.31252674248475,93.0,0.0
459.3240694963373,94.0,0.0
459.3307708459871,95.0,0.0
459.33462851759697,94.0,0.0
459.3380348686986,95.0,0.0
459.34598719118924,96.0,0.0
459.34705685078296,95.0,0.0
459.3588702364713,94.0,0.0
459.37700867038376,93.0,0.0
459.3810185139857,92.0,0.0
459.39307897498753,93.0,0.0
459.3995962073097,94.0,0.0
459.402499393227,93.0,0.0
459.40805269947214,92.0,0.0
459.41064907628186,91.0,0.0
459.413321214911,90.0,0.0
459.4161140353167,91.0,0.0
459.41861682655156,92.0,0.0
459.41981514748875,93.0,0.0
459.4212191952015,94.0,0.0
459.42276199114025,95.0,0.0
459.4249968830939,96.0,0.0
459.42710953342817,95.0,0.0
459.4385020708091,96.0,0.0
459.4499848072329,97.0,0.0
459.45076350418105,98.0,0.0
459.45611862493394,99.0,0.0
459.4590734473922,98.0,0.0
459.47425763109965,99.0,0.0
459.4745248470035,98.0,0.0
459.4783214017626,97.0,0.0
459.47925112845,98.0,0.0
459.4807656955969,97.0,0.0
459.4816655710357,98.0,0.0
459.481880970537,99.0,0.0
459.48259792624464,98.0,0.0
459.4833949149014,97.0,0.0
459.48381333596535,98.0,0.0
459.48793018476437,97.0,0.0
459.4883925938098,98.0,0.0
459.49618554565933,99.0,0.0
459.5098825744128,98.0,0.0
459.51253528937343,97.0,0.0
459.5163738022388,96.0,0.0
459.5194560735193,97.0,0.0
459.5471357683563,96.0,0.0
459.55028472987675,95.0,0.0
459.5533330738626,96.0,0.0
459.55495134737157,97.0,0.0
459.55662647233163,98.0,0.0
459.5613787670894,99.0,0.0
459.5628806856643,100.0,0.0
459.56589781546353,101.0,0.0
459.57320685807736,100.0,0.0
459.5773903371294,101.0,0.0
459.5795494548468,100.0,0.0
459.579876605051,99.0,0.0
459.580050880043,98.0,0.0
459.5816144733608,97.0,0.0
459.5850628974602,98.0,0.0
459.5861755410537,99.0,0.0
459.58889500995474,100.0,0.0
459.5944793359202,101.0,0.0
459.6015735478887,100.0,0.0
459.6043234140351,101.0,0.0
459.6125752061997,102.0,0.0
459.6169775306022,103.0,0.0
459.6244807637365,104.0,0.0
459.63411133097503,105.0,0.0
459.6444611692629,106.0,0.0
459.64937089587545,107.0,0.0
459.6507579972989,108.0,0.0
459.6512253199512,109.0,0.0
459.65191437209234,108.0,0.0
459.6540968267614,107.0,0.0
459.6571383557016,106.0,0.0
459.6744226481616,107.0,0.0
459.6852052317758,106.0,0.0
459.68580974476765,107.0,0.0
459.686399865494,106.0,0.0
459.68785584862474,107.0,0.0
459.6893624467085,108.0,0.0
459.69464715793345,109.0,0.0
459.69812336230734,110.0,0.0
459.69941945656825,111.0,0.0
459.70208199442715,112.0,0.0
459.70669178693674,111.0,0.0
459.70762669775155,110.0,0.0
459.71359178174635,109.0,0.0
459.71581306438907,108.0,0.0
459.7170966339944,109.0,0.0
459.72268664775737,110.0,0.0
459.7261294608615,111.0,0.0
459.7362917242709,110.0,0.0
459.7415608321697,111.0,0.0
459.74310348702613,112.0,0.0
459.7457512876862,111.0,0.0
459.74773713187824,110.0,0.0
459.7489934658117,111.0,0.0
459.75837742285705,110.0,0.0
459.76216101034555,109.0,0.0
459.7628100659762,108.0,0.0
459.76528539954546,107.0,0.0
459.76974753558653,108.0,0.0
459.77254277126286,109.0,0.0
459.78183652055714,108.0,0.0
459.7822058535519,107.0,0.0
459.78339177863234,108.0,0.0
459.78769165375036,109.0,0.0
459.7943155441421,110.0,0.0
459.796597109669,109.0,0.0
459.800864006116,108.0,0.0
459.8105423638922,107.0,0.0
459.81068546396335,108.0,0.0
459.81532779316785,107.0,0.0
459.83283171339224,106.0,0.0
459.84198634236475,105.0,0.0
459.8420855650983,106.0,0.0
459.8526157773462,105.0,0.0
459.8582767363949,106.0,0.0
459.86493268381344,107.0,0.0
459.86660696433944,106.0,0.0
459.8767241504534,107.0,0.0
459.8826834726819,106.0,0.0
459.8847498349381,105.0,0.0
459.8924282492782,104.0,0.0
459.8935880423729,103.0,0.0
459.8953194182234,104.0,0.0
459.89649611193965,105.0,0.0
459.8999331816364,106.0,0.0
459.9011056510353,107.0,0.0
459.9016411217063,106.0,0.0
459.9069395568955,105.0,0.0
459.9085610335531,104.0,0.0
459.9109507330702,103.0,0.0
459.9172151045156,104.0,0.0
459.9220685291605,105.0,0.0
459.92228124302466,104.0,0.0
459.92602412619937,105.0,0.0
459.9271337430773,106.0,0.0
459.92841658962897,105.0,0.0
459.9294594370242,106.0,0.0
459.929964981701,105.0,0.0
459.9302536590975,104.0,0.0
459.9335084859882,103.0,0.0
459.9466987355316,102.0,0.0
459.9486974533465,103.0,0.0
459.9511966982522,104.0,0.0
459.95661155167136,105.0,0.0
459.9579738668353,106.0,0.0
459.9587607561545,107.0,0.0
459.9623834300573,106.0,0.0
459.962518163713,107.0,0.0
459.9649704931144,108.0,0.0
459.9687353390481,107.0,0.0
459.9805349579667,108.0,0.0
459.98436832508344,109.0,0.0
459.9868464540491,110.0,0.0
459.98723977333714,109.0,0.0
459.9956556207459,108.0,0.0
459.9959504192391,109.0,0.0
459.9984562135705,110.0,0.0
460.0054980693679,111.0,0.0
460.0067938354592,110.0,0.0
460.01283551154717,111.0,0.0
460.0160357438357,110.0,0.0
460.0217438550862,109.0,0.0
460.02701935427285,110.0,0.0
460.02817593559286,111.0,0.0
460.0425880124862,110.0,0.0
460.0564380483831,111.0,0.0
460.06455512676115,110.0,0.0
460.07820511416566,111.0,0.0
460.0837101204251,110.0,0.0
460.08393590211415,109.0,0.0
460.0858627934696,110.0,0.0
460.08612062573457,109.0,0.0
460.0880167546536,108.0,0.0
460.0942937478328,107.0,0.0
460.0975878540877,108.0,0.0
460.0993086591205,109.0,0.0
460.11083906414586,110.0,0.0
460.1193878630519,109.0,0.0
460.1197930162581,110.0,0.0
460.12258773969825,111.0,0.0
460.1341459586399,110.0,0.0
460.14305164711584,109.0,0.0
460.1434894890928,108.0,0.0
460.15511080229265,109.0,0.0
460.1584392497068,108.0,0.0
460.16829696360213,109.0,0.0
460.1715789167191,108.0,0.0
460.1744418307261,107.0,0.0
460.1800628770068,108.0,0.0
460.18091920728034,107.0,0.0
460.20109117047343,106.0,0.0
460.20373201858854,107.0,0.0
460.21263013162337,108.0,0.0
460.2150908888647,107.0,0.0
460.22586454078646,106.0,0.0
460.23503127745636,107.0,0.0
460.23530612211863,106.0,0.0
460.23628641240566,107.0,0.0
460.23805592255195,106.0,0.0
460.23884581437505,107.0,0.0
460.24275342981593,106.0,0.0
460.2474225778705,105.0,0.0
460.2510385403227,106.0,0.0
460.256138561359,105.0,0.0
460.26267827758215,106.0,0.0
460.2651226052866,105.0,0.0
460.27310029978474,104.0,0.0
460.2738399778409,105.0,0.0
460.27757969409475,106.0,0.0
460.27898173935245,107.0,0.0
460.28811968486906,106.0,0.0
460.2882830060268,105.0,0.0
460.2931382509919,106.0,0.0
460.29715268599676,105.0,0.0
460.3013647012464,104.0,0.0
460.3021742609118,105.0,0.0
460.30317062635,104.0,0.0
460.3059090599103,105.0,0.0
460.3070442077156,106.0,0.0
460.32257885036137,105.0,0.0
460.3281591364848,104.0,0.0
460.3293187642896,105.0,0.0
460.3308740542521,104.0,0.0
460.3311474688156,103.0,0.0
460.33709653416554,102.0,0.0
460.34231021470197,101.0,0.0
460.35047542661044,100.0,0.0
460.35282399011163,101.0,0.0
460.36113854504845,102.0,0.0
460.3703572813965,101.0,0.0
460.3711396761801,100.0,0.0
460.3731296047204,101.0,0.0
460.3805533099204,100.0,0.0
460.391054112729,99.0,0.0
460.3956402311282,100.0,0.0
460.39627566313413,101.0,0.0
460.409706686658,100.0,0.0
460.4105278264858,99.0,0.0
460.4109385632551,98.0,0.0
460.41132558290025,99.0,0.0
460.4216261920963,98.0,0.0
460.4231023823123,97.0,0.0
460.4488375856053,98.0,0.0
460.47030412341917,97.0,0.0
460.48057818591457,96.0,0.0
460.4818750428325,97.0,0.0
460.48853209047195,98.0,0.0
460.48872520570137,99.0,0.0
460.48987095359195,98.0,0.0
460.4976120178931,99.0,0.0
460.50042203346425,100.0,0.0
460.5068798627808,101.0,0.0
460.5076474385337,102.0,0.0
460.5092160942759,103.0,0.0
460.5188922714896,104.0,0.0
460.5213959062848,105.0,0.0
460.52192851875844,106.0,0.0
460.52886592605154,105.0,0.0
460.53066042973006,106.0,0.0
460.5421657416317,107.0,0.0
460.5450424892753,108.0,0.0
460.54753749416875,107.0,0.0
460.5478594462941,108.0,0.0
460.5554848361944,107.0,0.0
460.5556647707036,106.0,0.0
460.5558782807151,107.0,0.0
460.55809171135894,106.0,0.0
460.5615296304534,105.0,0.0
460.5713293991023,106.0,0.0
460.58929132614406,105.0,0.0
460.5899570476117,104.0,0.0
460.5950266159219,105.0,0.0
460.59621210685634,106.0,0.0
460.6063727631524,105.0,0.0
460.60951217390203,106.0,0.0
460.6114720119186,107.0,0.0
460.61305084925345,106.0,0.0
460.6218178208268,107.0,0.0
460.6230060688845,108.0,0.0
460.6271777952125,109.0,0.0
460.6390729756765,108.0,0.0
460.6421964478394,109.0,0.0
460.6455632018658,108.0,0.0
460.6575075713845,107.0,0.0
460.6641952961251,106.0,0.0
460.6642391240292,105.0,0.0
460.67379763619965,104.0,0.0
460.67420610819477,103.0,0.0
460.6882473941603,102.0,0.0
460.69268600515295,101.0,0.0
460.7063536084904,102.0,0.0
460.71630106662343,101.0,0.0
460.71989081506246,102.0,0.0
460.7280573986995,103.0,0.0
460.73340062396346,102.0,0.0
460.7398800008073,101.0,0.0
460.7411058474078,102.0,0.0
460.7411392266964,101.0,0.0
460.74160954067503,102.0,0.0
460.7463855323291,101.0,0.0
460.74905908795745,100.0,0.0
460.7553718694633,99.0,0.0
460.75777822581773,98.0,0.0
460.77517740984615,99.0,0.0
460.7797364864251,100.0,0.0
460.7900772124074,101.0,0.0
460.7959065681195,102.0,0.0
460.80195314798283,103.0,0.0
460.80937882420477,102.0,0.0
460.81896421814366,101.0,0.0
460.8231732012129,102.0,0.0
460.8268903950286,101.0,0.0
460.8281924951453,102.0,0.0
460.82877882956416,103.0,0.0
460.8342983922188,104.0,0.0
460.85493199762277,105.0,0.0
460.855520821629,104.0,0.0
460.85753694906634,103.0,0.0
460.8585936449926,104.0,0.0
460.8600482733883,103.0,0.0
460.8626802789237,102.0,0.0
460.89752250212854,103.0,0.0
460.902408588882,104.0,0.0
460.9039023495098,103.0,0.0
460.904609522822,102.0,0.0
460.90506930300626,101.0,0.0
460.9194404601002,100.0,0.0
460.92985449687745,101.0,0.0
460.9341883652612,102.0,0.0
460.9462849453228,101.0,0.0
460.95133514505517,100.0,0.0
460.9554052797665,101.0,0.0
460.9699234670485,102.0,0.0
460.97757250409904,103.0,0.0
460.98927465302233,104.0,0.0
460.9913382911516,103.0,0.0
460.9961050840677,102.0,0.0
461.00206312597635,103.0,0.0
461.02272464759744,102.0,0.0
461.02349817877405,103.0,0.0
461.02682246919187,104.0,0.0
461.0341053735845,103.0,0.0
461.0419713961379,104.0,0.0
461.04300323457466,105.0,0.0
461.0442205984747,106.0,0.0
461.05312681291826,107.0,0.0
461.0537273338024,106.0,0.0
461.06348270523193,107.0,0.0
461.063942625968,106.0,0.0
461.0879586942677,105.0,0.0
461.0921941637044,106.0,0.0
461.1132464944443,107.0,0.0
461.11360238877205,108.0,0.0
461.115988614805,107.0,0.0
461.11601975008284,108.0,0.0
461.1218039727513,107.0,0.0
461.12182252869565,106.0,0.0
461.12652255412985,107.0,0.0
461.1314553894219,108.0,0.0
461.1399184141749,109.0,0.0
461.1456474792316,108.0,0.0
461.1546312912648,107.0,0.0
461.15523715545254,106.0,0.0
461.1595853844278,105.0,0.0
461.16131392657957,104.0,0.0
461.1687692871457,103.0,0.0
461.1696515652114,102.0,0.0
461.17026921029395,103.0,0.0
461.17566090994023,102.0,0.0
461.17732534663867,101.0,0.0
461.18083271752994,102.0,0.0
461.1892844361616,103.0,0.0
461.19232478487856,104.0,0.0
461.19650395418137,105.0,0.0
461.19705397437934,106.0,0.0
461.1987934112061,107.0,0.0
461.2026527182764,106.0,0.0
461.2032672145094,105.0,0.0
461.2043402948133,106.0,0.0
461.2070262570224,105.0,0.0
461.2206407154918,106.0,0.0
461.22539523971574,105.0,0.0
461.2287263101424,106.0,0.0
461.2303826196106,105.0,0.0
461.23889089986966,104.0,0.0
461.239930173852,105.0,0.0
461.2426527903192,104.0,0.0
461.2427849042689,105.0,0.0
461.24495049613313,106.0,0.0
461.2481635336161,105.0,0.0
461.25092283128436,106.0,0.0
461.26302127490874,105.0,0.0
461.27066521317005,104.0,0.0
461.27086330600065,103.0,0.0
461.28771996840095,104.0,0.0
461.2889469480737,105.0,0.0
461.2918187073092,106.0,0.0
461.2955201658325,105.0,0.0
461.3006476955345,104.0,0.0
461.3076123947433,105.0,0.0
461.3102617386248,106.0,0.0
461.3104588827511,105.0,0.0
461.31747917518794,106.0,0.0
461.3205325562658,105.0,0.0
461.34117838654146,106.0,0.0
461.3549449557012,107.0,0.0
461.35577748325346,108.0,0.0
461.3566003356376,107.0,0.0
461.3604861914721,108.0,0.0
461.3666931449274,109.0,0.0
461.38694680034257,108.0,0.0
461.39738420680936,107.0,0.0
461.40873312526685,108.0,0.0
461.41345769467864,107.0,0.0
461.41641622099434,106.0,0.0
461.4185020146007,105.0,0.0
461.4196799013764,104.0,0.0
461.42514214595917,103.0,0.0
461.4329622179204,104.0,0.0
461.44413634871455,103.0,0.0
461.4462222019292,104.0,0.0
461.451319282675,105.0,0.0
461.45185268858927,106.0,0.0
461.4554021924273,107.0,0.0
461.4693922960541,106.0,0.0
461.47049704759485,105.0,0.0
461.47226395536313,104.0,0.0
461.4723797931986,103.0,0.0
461.4737865330915,104.0,0.0
461.4824601941508,105.0,0.0
461.4891332062117,104.0,0.0
461.5033368786741,105.0,0.0
461.5052820892641,106.0,0.0
461.50889772598185,107.0,0.0
461.50932634294185,106.0,0.0
461.518622100574,105.0,0.0
461.52094420210284,104.0,0.0
461.53337053010125,103.0,0.0
461.54470295324506,102.0,0.0
461.54596195048094,103.0,0.0
461.54797505467536,104.0,0.0
461.5525281741419,103.0,0.0
461.56214198076657,102.0,0.0
461.56412227097445,103.0,0.0
461.57968276754457,104.0,0.0
461.58768944439163,105.0,0.0
461.5914517407504,104.0,0.0
461.59560111644095,105.0,0.0
461.5981103826377,104.0,0.0
461.60061231562077,103.0,0.0
461.61464415771354,102.0,0.0
461.62575231478746,101.0,0.0
461.63187710081684,100.0,0.0
461.636654233205,101.0,0.0
461.6383119442797,100.0,0.0
461.6445094802374,101.0,0.0
461.6473789728478,100.0,0.0
461.648856203005,99.0,0.0
461.65174918086063,100.0,0.0
461.65346502320864,101.0,0.0
461.6802680283157,100.0,0.0
461.6861291001515,101.0,0.0
461.6893883572016,100.0,0.0
461.69228318284246,99.0,0.0
461.69350407191206,98.0,0.0
461.69739815220044,97.0,0.0
461.7043638089872,98.0,0.0
461.71012330165405,99.0,0.0
461.71017585574805,100.0,0.0
461.711144810586,101.0,0.0
461.71297329822113,102.0,0.0
461.71483706947015,103.0,0.0
461.7169243388311,102.0,0.0
461.71958686613755,101.0,0.0
461.7207574246794,102.0,0.0
461.72247095132946,101.0,0.0
461.7272995980954,100.0,0.0
461.7388722568959,101.0,0.0
461.74034133701406,100.0,0.0
461.74312149339636,99.0,0.0
461.74350513332945,100.0,0.0
461.7464961762704,101.0,0.0
461.7550084627666,102.0,0.0
461.7631519611243,101.0,0.0
461.7680715231132,102.0,0.0
461.78220868588454,101.0,0.0
461.7862385024035,102.0,0.0
461.78922808878616,103.0,0.0
461.7914234458925,102.0,0.0
461.7975297232765,101.0,0.0
461.80295721680625,102.0,0.0
461.80348073120507,101.0,0.0
461.80407449239044,100.0,0.0
461.80831747879404,101.0,0.0
461.81490782156277,102.0,0.0
461.81927484602267,101.0,0.0
461.8338650492293,100.0,0.0
461.8362645419057,99.0,0.0
461.8444371472951,100.0,0.0
461.84455655934715,99.0,0.0
461.84662173773404,98.0,0.0
461.8523514886678,99.0,0.0
461.8578102993064,100.0,0.0
461.86141795391757,99.0,0.0
461.8647485469484,100.0,0.0
461.87849714191213,101.0,0.0
461.879210098092,100.0,0.0
461.88398380772867,101.0,0.0
461.88661153362597,100.0,0.0
461.9049487020288,99.0,0.0
461.9189502679296,98.0,0.0
461.9199008491726,99.0,0.0
461.9262620406522,100.0,0.0
461.92855502860357,99.0,0.0
461.93472118510687,100.0,0.0
461.94146255632387,99.0,0.0
461.94418075453285,100.0,0.0
461.95600450262333,101.0,0.0
461.9606181563727,100.0,0.0
461.96190080918177,99.0,0.0
461.96361817544596,98.0,0.0
461.96778130978066,97.0,0.0
461.9710839932715,98.0,0.0
461.97766714760246,97.0,0.0
461.9810287944235,98.0,0.0
461.9979902898874,99.0,0.0
462.0046172584714,98.0,0.0
462.00905268239916,97.0,0.0
462.01007442238114,96.0,0.0
462.01247548646705,97.0,0.0
462.02817175167706,96.0,0.0
462.03141749119203,97.0,0.0
462.03153879500513,96.0,0.0
462.0335073866301,95.0,0.0
462.0343344776578,94.0,0.0
462.0378524907714,95.0,0.0
462.0460299682726,96.0,0.0
462.04617385408864,97.0,0.0
462.0669916600921,96.0,0.0
462.07002309012546,97.0,0.0
462.07430729772636,96.0,0.0
462.0815890294579,95.0,0.0
462.09436246852937,96.0,0.0
462.0944987737,97.0,0.0
462.09913964708653,96.0,0.0
462.13504252819473,97.0,0.0
462.1397427880855,96.0,0.0
462.15736249683187,97.0,0.0
462.1661274435109,98.0,0.0
462.18294908852704,99.0,0.0
462.1861530414029,100.0,0.0
462.19282834025944,99.0,0.0
462.20382893100174,100.0,0.0
462.21306762216574,99.0,0.0
462.2152178431976,100.0,0.0
462.218451535303,101.0,0.0
462.22824160158694,100.0,0.0
462.23689651551837,101.0,0.0
462.2379901011972,100.0,0.0
462.2422861921471,101.0,0.0
462.24721255984207,100.0,0.0
462.249569057081,101.0,0.0
462.2508413823063,102.0,0.0
462.2525632182074,101.0,0.0
462.25267726490614,102.0,0.0
462.25615943959053,101.0,0.0
462.2590403033114,100.0,0.0
462.26268260834615,99.0,0.0
462.26870374321567,100.0,0.0
462.2692231996167,101.0,0.0
462.2900225014236,100.0,0.0
462.29061111769374,101.0,0.0
462.30158050244114,100.0,0.0
462.30491809064273,99.0,0.0
462.3069429733453,100.0,0.0
462.31641243609226,101.0,0.0
462.3191490460068,102.0,0.0
462.32882607292606,103.0,0.0
462.3333814793131,102.0,0.0
462.3345069452747,101.0,0.0
462.33890398595634,102.0,0.0
462.3407851697771,101.0,0.0
462.34232251073536,102.0,0.0
462.3523275710127,103.0,0.0
462.3603426827466,104.0,0.0
462.37098032810366,103.0,0.0
462.37130090519463,102.0,0.0
462.372763704427,101.0,0.0
462.38612045498684,102.0,0.0
462.3986848416413,101.0,0.0
462.4114054375076,100.0,0.0
462.41755029961587,99.0,0.0
462.41897264673804,100.0,0.0
462.4231974205288,101.0,0.0
462.42365360745896,102.0,0.0
462.4256086040114,103.0,0.0
462.4259368252508,104.0,0.0
462.4259801021407,105.0,0.0
462.42895445103306,106.0,0.0
462.43144678432975,107.0,0.0
462.43809967309585,106.0,0.0
462.4418909120933,105.0,0.0
462.45338780351955,106.0,0.0
462.46020862465235,107.0,0.0
462.46443051075437,108.0,0.0
462.4727096492212,109.0,0.0
462.4746621960197,110.0,0.0
462.4811354412256,109.0,0.0
462.4842176243058,110.0,0.0
462.48844229339886,111.0,0.0
462.4892904565192,110.0,0.0
462.4898634178026,109.0,0.0
462.4911584228865,108.0,0.0
462.49955749540914,107.0,0.0
462.50934546408934,108.0,0.0
462.51010274404024,107.0,0.0
462.51252982244966,106.0,0.0
462.5255793786202,107.0,0.0
462.52596176675723,108.0,0.0
462.52611203916734,109.0,0.0
462.52774703573675,110.0,0.0
462.53688638638437,109.0,0.0
462.5375795913827,110.0,0.0
462.53907973252154,111.0,0.0
462.54485728613565,112.0,0.0
462.5453202097718,111.0,0.0
462.54696511889927,110.0,0.0
462.54702070638666,111.0,0.0
462.5515079276285,112.0,0.0
462.55386017002036,111.0,0.0
462.55839691930345,110.0,0.0
462.5709404391461,111.0,0.0
462.58544796610084,110.0,0.0
462.5891901577449,109.0,0.0
462.59907840515655,110.0,0.0
462.61472577141456,111.0,0.0
462.6256642028575,112.0,0.0
462.6407634567455,111.0,0.0
462.6456615286423,110.0,0.0
462.65332259754297,109.0,0.0
462.65586847219816,110.0,0.0
462.65633316317326,111.0,0.0
462.659096909772,112.0,0.0
462.6733682751948,113.0,0.0
462.67600543032813,112.0,0.0
462.6763519787855,111.0,0.0
462.67635599720467,110.0,0.0
462.6770390493002,109.0,0.0
462.6820395047401,108.0,0.0
462.68915429053385,107.0,0.0
462.69947791428166,108.0,0.0
462.71257242522137,107.0,0.0
462.73655099060915,106.0,0.0
462.74075082426333,105.0,0.0
462.74757727049285,106.0,0.0
462.75493378922704,105.0,0.0
462.7614678028091,106.0,0.0
462.7621370563958,107.0,0.0
462.7633727057351,106.0,0.0
462.7653650864359,107.0,0.0
462.7673245815519,108.0,0.0
462.7732574072601,107.0,0.0
462.7739903235232,108.0,0.0
462.7834327304892,107.0,0.0
462.8017694371605,106.0,0.0
462.80433282287964,107.0,0.0
462.8043470877706,106.0,0.0
462.80675637838516,105.0,0.0
462.8090084000935,106.0,0.0
462.82762900950604,107.0,0.0
462.83648437653954,108.0,0.0
462.8407075085941,107.0,0.0
462.84105281783025,108.0,0.0
462.8415814052889,109.0,0.0
462.84499855173397,110.0,0.0
462.8472632747769,109.0,0.0
462.84790875498453,110.0,0.0
462.85080537810484,109.0,0.0
462.85140067807043,108.0,0.0
462.8537385529611,107.0,0.0
462.8580979263818,108.0,0.0
462.8582301601842,107.0,0.0
462.8587058092669,108.0,0.0
462.86448126098765,107.0,0.0
462.8644921509897,108.0,0.0
462.8718469731948,107.0,0.0
462.87613878434337,108.0,0.0
462.87666877541585,109.0,0.0
462.8788923070007,110.0,0.0
462.8843080763518,109.0,0.0
462.88814788367677,110.0,0.0
462.8943103522231,109.0,0.0
462.89506320102646,108.0,0.0
462.89629637656105,109.0,0.0
462.9002826899522,108.0,0.0
462.90787189122364,109.0,0.0
462.9098510444697,110.0,0.0
462.9182402466202,109.0,0.0
462.92465820802227,110.0,0.0
462.9313926879014,109.0,0.0
462.93382326208035,110.0,0.0
462.9369599282587,109.0,0.0
462.9456993278376,110.0,0.0
462.9478482220244,109.0,0.0
462.9482578666782,108.0,0.0
462.95158927379407,109.0,0.0
462.95217692337684,108.0,0.0
462.9598043401584,107.0,0.0
462.9791482429958,106.0,0.0
462.98351036186585,107.0,0.0
462.9874400244389,106.0,0.0
462.98855492588666,105.0,0.0
462.99038002922936,106.0,0.0
462.9910221410984,105.0,0.0
463.0170113400431,104.0,0.0
463.0175811233404,103.0,0.0
463.01842724820546,104.0,0.0
463.0418576963525,103.0,0.0
463.04899714779464,102.0,0.0
463.06339134733867,101.0,0.0
463.06644328772154,100.0,0.0
463.0704997053021,99.0,0.0
463.0845312622623,98.0,0.0
463.0845876587108,99.0,0.0
463.09014985617296,98.0,0.0
463.09232093918615,99.0,0.0
463.0949460946333,100.0,0.0
463.099578373613,99.0,0.0
463.10782661637705,98.0,0.0
463.11123688001527,97.0,0.0
463.11241129986445,98.0,0.0
463.11480937775,97.0,0.0
463.120473069797,96.0,0.0
463.12632670306397,95.0,0.0
463.1334243697432,94.0,0.0
463.1467526714795,95.0,0.0
463.1543137074416,94.0,0.0
463.15463026159136,95.0,0.0
463.1554242313549,94.0,0.0
463.15995034286044,95.0,0.0
463.16066492945686,96.0,0.0
463.16413658062334,95.0,0.0
463.1802486498733,94.0,0.0
463.1815252063205,95.0,0.0
463.1824773519832,94.0,0.0
463.18540234576835,95.0,0.0
463.1857165489928,94.0,0.0
463.1861828958504,93.0,0.0
463.18793009568566,94.0,0.0
463.2022991342912,93.0,0.0
463.2130362110403,92.0,0.0
463.2245360446913,91.0,0.0
463.22463746539273,90.0,0.0
463.2247934462315,89.0,0.0
463.2251054182834,88.0,0.0
463.22746694006895,87.0,0.0
463.23187757051215,86.0,0.0
463.2320421433421,85.0,0.0
463.23475559765586,86.0,0.0
463.24415475504196,85.0,0.0
463.2740130695956,86.0,0.0
463.2753839755194,87.0,0.0
463.2770515448566,86.0,0.0
463.281416134649,85.0,0.0
463.2861361901178,86.0,0.0
463.2938524421911,87.0,0.0
463.29911341240876,88.0,0.0
463.3004927667563,89.0,0.0
463.3068912535297,88.0,0.0
463.3079148015349,87.0,0.0
463.31014779954467,86.0,0.0
463.32214613340227,85.0,0.0
463.3256666850806,86.0,0.0
463.3266920708319,85.0,0.0
463.3280587893716,84.0,0.0
463.330569678959,83.0,0.0
463.33444128448883,84.0,0.0
463.3369516038653,83.0,0.0
463.3413990990522,84.0,0.0
463.3504625626756,83.0,0.0
463.35661568892044,84.0,0.0
463.35681828164184,85.0,0.0
463.36701321110183,84.0,0.0
463.3743391135833,85.0,0.0
463.3770909844091,86.0,0.0
463.3881267271972,85.0,0.0
463.38969770803936,86.0,0.0
463.39791952113063,85.0,0.0
463.4029728254703,84.0,0.0
463.4083321431428,85.0,0.0
463.42207299552604,84.0,0.0
463.44440184250993,83.0,0.0
463.452848859439,82.0,0.0
463.45387445226845,83.0,0.0
463.4566729752401,82.0,0.0
463.4593420525569,83.0,0.0
463.46290591561893,82.0,0.0
463.48003321930895,81.0,0.0
463.48584764504625,80.0,0.0
463.4890569463546,81.0,0.0
463.49502708359125,82.0,0.0
463.49779934682334,81.0,0.0
463.5090372363308,82.0,0.0
463.51373092518395,83.0,0.0
463.51568950476263,82.0,0.0
463.5475997868026,83.0,0.0
463.56770303998815,84.0,0.0
463.5687327787847,85.0,0.0
463.5858380678991,86.0,0.0
463.5884221658441,85.0,0.0
463.5888285322785,86.0,0.0
463.60327260016106,87.0,0.0
463.6211486110378,86.0,0.0
463.6232196848168,85.0,0.0
463.62884715390146,84.0,0.0
463.6339277739228,83.0,0.0
463.6371144944642,84.0,0.0
463.6371827310167,83.0,0.0
463.63841822449916,82.0,0.0
463.6399401747309,81.0,0.0
463.65099125373047,82.0,0.0
463.65682705736367,81.0,0.0
463.6571844832531,82.0,0.0
463.6574074592177,81.0,0.0
463.65751607185865,80.0,0.0
463.67493644131093,79.0,0.0
463.681540305151,78.0,0.0
463.6912639238392,79.0,0.0
463.69151875382425,78.0,0.0
463.69497060738195,77.0,0.0
463.6971374166733,76.0,0.0
463.7311446875788,77.0,0.0
463.7387557085417,78.0,0.0
463.73938327902044,79.0,0.0
463.7401061123908,78.0,0.0
463.76245949896486,79.0,0.0
463.7631129803226,78.0,0.0
463.7653020953821,79.0,0.0
463.7722593241028,78.0,0.0
463.7732197848748,77.0,0.0
463.7735798929542,76.0,0.0
463.77785308436916,77.0,0.0
463.7782833043345,78.0,0.0
463.7953410518362,79.0,0.0
463.803680899167,80.0,0.0
463.8074544204818,81.0,0.0
463.81292497055915,82.0,0.0
463.8179992390477,83.0,0.0
463.8250497960905,84.0,0.0
463.83570581168874,85.0,0.0
463.8386137763434,86.0,0.0
463.8571502044446,87.0,0.0
463.85744998145066,86.0,0.0
463.86320708488796,87.0,0.0
463.86462703703336,86.0,0.0
463.8722132923079,87.0,0.0
463.87222828521976,88.0,0.0
463.87470476306066,89.0,0.0
463.88003601216496,88.0,0.0
463.903662798309,87.0,0.0
463.9045836115862,88.0,0.0
463.9056905888275,87.0,0.0
463.90972216815874,86.0,0.0
463.9097453362005,85.0,0.0
463.9216333474524,84.0,0.0
463.93696606352705,83.0,0.0
463.9441223739735,82.0,0.0
463.9460126514232,81.0,0.0
463.9501988052709,82.0,0.0
463.9574906154581,81.0,0.0
463.9688526303262,82.0,0.0
463.97136746964736,81.0,0.0
463.9826973719496,80.0,0.0
463.9832840368319,79.0,0.0
463.9887197424518,78.0,0.0
463.9890026213812,77.0,0.0
463.9913686519403,76.0,0.0
463.99337548303663,77.0,0.0
463.99830820894294,78.0,0.0
464.0000179186372,79.0,0.0
464.0014985752906,80.0,0.0
464.0080492285043,79.0,0.0
464.00912152230336,78.0,0.0
464.01126293600794,77.0,0.0
464.0161891882623,78.0,0.0
464.0221159002478,77.0,0.0
464.03181978089026,76.0,0.0
464.0351731264125,77.0,0.0
464.0399760618509,76.0,0.0
464.048321879866,77.0,0.0
464.0492824747929,76.0,0.0
464.0601134659588,75.0,0.0
464.06878912121704,74.0,0.0
464.069751630276,73.0,0.0
464.0825113163084,74.0,0.0
464.08613424948976,73.0,0.0
464.0864908992387,74.0,0.0
464.08951840593056,73.0,0.0
464.08989166066294,74.0,0.0
464.09401470223537,75.0,0.0
464.0958789039016,74.0,0.0
464.09703227168,75.0,0.0
464.0996368803585,74.0,0.0
464.1064544615925,75.0,0.0
464.11001373572896,74.0,0.0
464.11220925504153,73.0,0.0
464.11441231652543,74.0,0.0
464.12222438448464,73.0,0.0
464.13793769585806,72.0,0.0
464.1402954552686,71.0,0.0
464.1581342311968,70.0,0.0
464.16875597797497,69.0,0.0
464.17791848132737,68.0,0.0
464.17860641226576,67.0,0.0
464.1798792011674,66.0,0.0
464.1886977399825,65.0,0.0
464.20808873799615,64.0,0.0
464.2166116361154,63.0,0.0
464.23692692313494,62.0,0.0
464.23867660806417,61.0,0.0
464.24814307944615,60.0,0.0
464.248864435349,61.0,0.0
464.25306729493747,60.0,0.0
464.26129344637695,59.0,0.0
464.2761128599594,58.0,0.0
464.28088777281266,59.0,0.0
464.2846630315309,60.0,0.0
464.29615650373364,61.0,0.0
464.3163270160906,60.0,0.0
464.3177385077055,59.0,0.0
464.3213489173303,58.0,0.0
464.33279832025556,57.0,0.0
464.33412793599933,56.0,0.0
464.3356953082938,57.0,0.0
464.34322285457574,56.0,0.0
464.345586055484,55.0,0.0
464.3672302567209,54.0,0.0
464.36784518836964,53.0,0.0
464.392947461735,52.0,0.0
464.3936622931313,53.0,0.0
464.40878620134447,52.0,0.0
464.411427073457,51.0,0.0
464.4121286310396,52.0,0.0
464.4152898155963,51.0,0.0
464.4215489347462,52.0,0.0
464.42194155840116,53.0,0.0
464.4248064858541,54.0,0.0
464.4253412862068,53.0,0.0
464.42614544780537,52.0,0.0
464.4263074784472,53.0,0.0
464.4360218268672,54.0,0.0
464.45032458384026,53.0,0.0
464.4519992621963,52.0,0.0
464.4746581685659,53.0,0.0
464.47688260375054,52.0,0.0
464.4986476830853,51.0,0.0
464.50129427109505,50.0,0.0
464.5116906153915,49.0,0.0
464.52922673754506,48.0,0.0
464.53340490125856,47.0,0.0
464.53397877014413,46.0,0.0
464.53876667256236,45.0,0.0
464.54587232313656,44.0,0.0
464.5506123153369,45.0,0.0
464.5578152212156,44.0,0.0
464.56181748600227,45.0,0.0
464.5634952246242,46.0,0.0
464.57232117907284,47.0,0.0
464.5850523620547,46.0,0.0
464.58604642139574,47.0,0.0
464.59712479156127,46.0,0.0
464.6081025322041,45.0,0.0
464.6082788200076,46.0,0.0
464.6216178062352,45.0,0.0
464.6223191336892,44.0,0.0
464.6247008293019,43.0,0.0
464.6418483619451,44.0,0.0
464.649058160547,45.0,0.0
464.65776617026154,46.0,0.0
464.65855293114475,47.0,0.0
464.6647407909449,46.0,0.0
464.684183420533,45.0,0.0
464.6959936210251,44.0,0.0
464.69895546872414,43.0,0.0
464.70120978779653,42.0,0.0
464.7045044793094,41.0,0.0
464.7118130772728,40.0,0.0
464.7255812318216,41.0,0.0
464.7300312381948,42.0,0.0
464.73090660545233,41.0,0.0
464.73373766900875,40.0,0.0
464.74798415569467,41.0,0.0
464.7552111837615,40.0,0.0
464.7679270547466,41.0,0.0
464.7730244857954,40.0,0.0
464.77327839786113,39.0,0.0
464.7806281459668,38.0,0.0
464.78514275816025,37.0,0.0
464.7863060182392,36.0,0.0
464.7898615582008,37.0,0.0
464.8117458847882,36.0,0.0
464.83711620506693,35.0,0.0
464.8374303763778,34.0,0.0
464.8392184067078,33.0,0.0
464.84351046997193,32.0,0.0
464.85347249607594,33.0,0.0
464.864756865835,32.0,0.0
464.8654076821787,33.0,0.0
464.8891964065539,34.0,0.0
464.8902736364401,33.0,0.0
464.8925594020554,34.0,0.0
464.89613446415757,33.0,0.0
464.89645192115535,32.0,0.0
464.89896233788437,33.0,0.0
464.92137478209224,32.0,0.0
464.9230938864972,33.0,0.0
464.9389012991789,34.0,0.0
464.96984806586977,35.0,0.0
464.97476413655176,34.0,0.0
464.9978638791792,35.0,0.0
465.01817512321435,36.0,0.0
465.0181969324147,37.0,0.0
465.0268428269217,36.0,0.0
465.028274630966,35.0,0.0
465.0302807396919,36.0,0.0
465.03833432495634,35.0,0.0
465.04709539945685,34.0,0.0
465.0533919599106,33.0,0.0
465.07004454402266,34.0,0.0
465.072613255386,35.0,0.0
465.0740818793737,34.0,0.0
465.09004101281306,33.0,0.0
465.1120370900385,32.0,0.0
465.1120899527335,31.0,0.0
465.1136501786838,30.0,0.0
465.11740028922463,31.0,0.0
465.1178640374164,30.0,0.0
465.12872657677076,29.0,0.0
465.150776021335,30.0,0.0
465.1612929159052,29.0,0.0
465.16336549500267,28.0,0.0
465.1649012501729,27.0,0.0
465.1671610820184,26.0,0.0
465.1815791548067,25.0,0.0
465.18375403052767,26.0,0.0
465.1934598854596,27.0,0.0
465.20867203345017,26.0,0.0
465.23778892291904,25.0,0.0
465.2517886330823,24.0,0.0
465.2649390583692,23.0,0.0
465.3051216270227,22.0,0.0
465.31028817100264,21.0,0.0
465.3125685028154,20.0,0.0
465.3224010355542,19.0,0.0
465.33557775459514,18.0,0.0
465.34984451310606,17.0,0.0
465.3730068734339,16.0,0.0
465.37659812423607,15.0,0.0
465.37686906045235,16.0,0.0
465.38518203184907,17.0,0.0
465.39026346761756,16.0,0.0
465.40868437450297,17.0,0.0
465.4138128830931,16.0,0.0
465.4168541617262,17.0,0.0
465.42377011954187,16.0,0.0
465.43840890828255,15.0,0.0
465.4485405891164,16.0,0.0
465.4523094940365,17.0,0.0
465.4609891122237,16.0,0.0
465.4782186095925,17.0,0.0
465.48706925227094,16.0,0.0
465.49906728054475,15.0,0.0
465.5017417611232,14.0,0.0
465.5130367491276,15.0,0.0
465.57615898478014,14.0,0.0
465.57643189949306,13.0,0.0
465.5963478302032,14.0,0.0
465.59762439284924,15.0,0.0
465.62068482774566,14.0,0.0
465.64577538801103,13.0,0.0
465.6513549037019,12.0,0.0
465.65652024131543,11.0,0.0
465.67520279264386,10.0,0.0
465.67708209170326,9.0,0.0
465.6825107946829,10.0,0.0
465.6940537426872,9.0,0.0
465.6942358316608,8.0,0.0
465.6973716003781,9.0,0.0
465.69756271680825,10.0,0.0
465.6985277370426,9.0,0.0
465.7103668289492,8.0,0.0
465.7115026998117,9.0,0.0
465.71900809704795,8.0,0.0
465.72883475461424,7.0,0.0
465.7292459392504,6.0,0.0
465.7450475623911,5.0,0.0
465.7595732491457,6.0,0.0
465.7723243924433,5.0,0.0
465.7762682385634,6.0,0.0
465.79801767902643,5.0,0.0
465.8165767374831,4.0,0.0
465.8188922037287,5.0,0.0
465.82097184181436,4.0,0.0
465.8295512938145,3.0,0.0
465.83573406511795,2.0,0.0
465.84306120544824,3.0,0.0
465.8457344369082,2.0,0.0
465.8680443908037,3.0,0.0
465.8842367504205,4.0,0.0
465.88788345148856,5.0,0.0
465.8932765341823,4.0,0.0
465.8943220508939,5.0,0.0
465.90657501422817,4.0,0.0
465.92012532536586,5.0,0.0
465.92397923202066,4.0,0.0
465.9479081249119,3.0,0.0
465.96180388792436,2.0,0.0
465.9654259196406,1.0,0.0
465.9721242728932,2.0,0.0
465.97902730656176,1.0,0.0
465.9940695187161,2.0,0.0
466.0012219267019,3.0,0.0
466.0023222632836,2.0,0.0
466.0089797594233,3.0,0.0
466.01146679989927,4.0,0.0
466.0421041400599,5.0,0.0
466.0576001560157,6.0,0.0
466.06154420286487,5.0,0.0
466.0621093172703,4.0,0.0
466.06709684809323,3.0,0.0
466.06880137891784,2.0,0.0
466.10851599447943,3.0,0.0
466.1105242533138,2.0,0.0
466.1261339395708,1.0,0.0
466.1451182774422,0.0,0.0
466.1655620387643,1.0,0.0
466.19540154561435,0.0,0.0
466.2368150297471,1.0,0.0
466.244782594045,0.0,0.0
466.24605091496403,1.0,0.0
466.256779340295,2.0,0.0
466.2586156516457,1.0,0.0
466.2709749107128,2.0,0.0
466.2756850629877,1.0,0.0
466.2772839334302,0.0,0.0
466.29796969811895,1.0,0.0
466.2984740725966,0.0,0.0
466.3538489920659,1.0,0.0
466.35789302391106,0.0,0.0
466.370780184411,1.0,0.0
466.3867587794719,2.0,0.0
466.3898235611123,3.0,0.0
466.3914306880926,2.0,0.0
466.40727421356087,3.0,0.0
466.41740379916706,2.0,0.0
466.42318030557345,1.0,0.0
466.43474613419414,2.0,0.0
466.45404118624623,1.0,0.0
466.45935687816575,0.0,0.0
466.46398978356183,1.0,0.0
466.47157946174747,0.0,0.0
466.47804022473144,1.0,0.0
466.4794523072121,2.0,0.0
466.48843324273173,3.0,0.0
466.54353787736187,4.0,0.0
466.56225493750225,3.0,0.0
466.56584596597537,4.0,0.0
466.57681042099983,3.0,0.0
466.57694854480036,2.0,0.0
466.5909581103107,3.0,0.0
466.59549726758326,4.0,0.0
466.59578062609523,3.0,0.0
466.65610043287893,4.0,0.0
466.6595486262652,5.0,0.0
466.67122049600584,4.0,0.0
466.6713835915002,5.0,0.0
466.67388176490283,4.0,0.0
466.6876385546977,3.0,0.0
466.69538202525,2.0,0.0
466.70728262952076,1.0,0.0
466.711313801088,0.0,0.0
466.8490010637852,1.0,0.0
466.85692132059535,0.0,0.0
466.88778746719873,1.0,0.0
466.8957712088292,2.0,0.0
466.9118030012487,1.0,0.0
466.9125256083993,2.0,0.0
466.96349344620023,1.0,0.0
466.97183021340953,2.0,0.0
466.9967183576252,1.0,0.0
467.0107480498491,2.0,0.0
467.0154439581161,3.0,0.0
467.03240200299416,2.0,0.0
467.0344816744139,1.0,0.0
467.038090799216,0.0,0.0
467.1357162061205,1.0,0.0
467.14022905542157,0.0,0.0
467.23948454698575,1.0,0.0
467.32514749385365,2.0,0.0
467.3383026712281,3.0,0.0
467.34326507820754,2.0,0.0
467.35943862435687,3.0,0.0
467.35983280425864,4.0,0.0
467.3677768404132,5.0,0.0
467.3685004504163,4.0,0.0
467.3900399021385,3.0,0.0
467.39880882806415,2.0,0.0
467.4061709831129,3.0,0.0
467.40631028845485,2.0,0.0
467.43198916164596,3.0,0.0
467.43600829219304,2.0,0.0
467.4583462264727,1.0,0.0
467.4873346897491,2.0,0.0
467.497460098893,3.0,0.0
467.50598126355965,4.0,0.0
467.51141069714504,5.0,0.0
467.5152028762692,4.0,0.0
467.5162362954916,3.0,0.0
467.51705816247613,4.0,0.0
467.5171616830839,3.0,0.0
467.5261031667108,4.0,0.0
467.5286901111868,5.0,0.0
467.5297070707284,4.0,0.0
467.5363793006344,3.0,0.0
467.56120059487034,4.0,0.0
467.5644672090193,3.0,0.0
467.5646458300588,2.0,0.0
467.5993493544543,1.0,0.0
467.60254509492535,2.0,0.0
467.6040661712399,1.0,0.0
467.6062543506002,0.0,0.0
467.6089914430725,1.0,0.0
467.6285396042348,2.0,0.0
467.6494474034314,1.0,0.0
467.6662469669402,0.0,0.0
467.68415339121634,1.0,0.0
467.68491440015686,0.0,0.0
467.7982293725151,1.0,0.0
467.80649088749067,2.0,0.0
467.8140125807686,1.0,0.0
467.81405716483687,0.0,0.0
467.8307400797384,1.0,0.0
467.8494205010744,0.0,0.0
467.95699916829244,1.0,0.0
467.95887752764685,2.0,0.0
467.9823521541605,1.0,0.0
467.98539845352644,2.0,0.0
468.01588479626975,1.0,0.0
468.03987699652845,0.0,0.0
468.05375925365036,1.0,0.0
468.0757047881254,0.0,0.0
468.1029857223841,1.0,0.0
468.1071446953643,2.0,0.0
468.11067519713936,3.0,0.0
468.1129794633417,2.0,0.0
468.1162981172512,1.0,0.0
468.11766287159276,0.0,0.0
468.13571704369446,1.0,0.0
468.17471507994435,2.0,0.0
468.2016543727473,1.0,0.0
468.21540446286207,0.0,0.0
468.21677496599693,1.0,0.0
468.248366831023,2.0,0.0
468.251322222827,1.0,0.0
468.2586486285668,0.0,0.0
468.2633468859906,1.0,0.0
468.2640746919613,0.0,0.0
468.28812579860704,1.0,0.0
468.332753960658,0.0,0.0
468.41723525391455,1.0,0.0
468.4588754486315,0.0,0.0
468.5222975591832,1.0,0.0
468.53639610479496,0.0,0.0
468.68517829696043,1.0,0.0
468.69065837414996,0.0,0.0
468.72104145161285,1.0,0.0
468.7348876975356,2.0,0.0
468.735721448927,3.0,0.0
468.7384870538688,4.0,0.0
468.7559337595712,3.0,0.0
468.7577835669712,2.0,0.0
468.7738335972105,1.0,0.0
468.77821051211396,2.0,0.0
468.8387368557623,1.0,0.0
468.84031191691685,2.0,0.0
468.8477400744678,1.0,0.0
468.8577202587877,0.0,0.0
468.90203288969076,1.0,0.0
468.9194063692539,0.0,0.0
468.9239847268611,1.0,0.0
468.95135084224245,2.0,0.0
468.9625843963175,1.0,0.0
468.96876762467707,0.0,0.0
468.9849879006012,1.0,0.0
468.9886420671816,2.0,0.0
468.9897460831229,1.0,0.0
468.9971895244853,0.0,0.0
469.0619547067744,1.0,0.0
469.0866620777895,0.0,0.0
469.11646642815646,1.0,0.0
469.1273307097185,2.0,0.0
469.1277911404292,1.0,0.0
469.1290930400057,0.0,0.0
469.187095363559,1.0,0.0
469.1983752871179,0.0,0.0
469.206295906908,1.0,0.0
469.2216761977133,2.0,0.0
469.22552273602173,1.0,0.0
469.23619190217727,0.0,0.0
469.2566247255395,1.0,0.0
469.2591415723747,2.0,0.0
469.26070753345,1.0,0.0
469.2665719360912,2.0,0.0
469.2777544043667,1.0,0.0
469.2955596521166,0.0,0.0
469.30230845754687,1.0,0.0
469.33649354153897,0.0,0.0
469.4016581788156,1.0,0.0
469.40530250692706,0.0,0.0
469.4180963777766,1.0,0.0
469.42084557321283,2.0,0.0
469.44535481941176,1.0,0.0
469.4550430699557,0.0,0.0
469.46253716266153,1.0,0.0
469.46842603410454,0.0,0.0
469.4742676118191,1.0,0.0
469.48248142356346,2.0,0.0
469.4901740612218,3.0,0.0
469.50180835901426,2.0,0.0
469.5139270556316,1.0,0.0
469.5315684420086,2.0,0.0
469.560365152118,1.0,0.0
469.56504275905917,0.0,0.0
469.5819857836624,1.0,0.0
469.58543657745577,2.0,0.0
469.5892074869324,3.0,0.0
469.6386155913907,2.0,0.0
469.64693659871705,3.0,0.0
469.6767086037707,2.0,0.0
469.67735618789123,3.0,0.0
469.68188059878383,2.0,0.0
469.69033760908883,1.0,0.0
469.699904745405,2.0,0.0
469.7018239331386,1.0,0.0
469.7053082516148,2.0,0.0
469.7121977838791,3.0,0.0
469.74951482409034,2.0,0.0
469.7624121912425,3.0,0.0
469.7641610772369,2.0,0.0
469.77253729846245,1.0,0.0
469.8042145822172,2.0,0.0
469.81864152971616,1.0,0.0
469.8348320585155,0.0,0.0
469.86181271407133,1.0,0.0
469.88843446964813,0.0,0.0
469.91034420971846,1.0,0.0
469.92612561626845,0.0,0.0
469.93051493881313,1.0,0.0
469.94808400485687,0.0,0.0
469.9600153545794,1.0,0.0
469.9688875454949,0.0,0.0
469.98566027483616,1.0,0.0
469.98820073793325,0.0,0.0
470.05605654772563,1.0,0.0
470.0817186563277,0.0,0.0
470.10559877921514,1.0,0.0
470.10623135689127,0.0,0.0
470.1638313117995,1.0,0.0
470.16913888090926,2.0,0.0
470.1791535491575,1.0,0.0
470.2558460320254,2.0,0.0
470.2602419324391,1.0,0.0
470.26197293656696,0.0,0.0
470.26362751087225,1.0,0.0
470.27541786687146,0.0,0.0
470.28082130874606,1.0,0.0
470.28252640632877,0.0,0.0
470.30902183910746,1.0,0.0
470.31670913629586,0.0,0.0
470.3450613753131,1.0,0.0
470.3619380938483,0.0,0.0
470.37276704165043,1.0,0.0
470.373180866727,0.0,0.0
470.38291223061475,1.0,0.0
470.3863337371549,2.0,0.0
470.3874351916919,3.0,0.0
470.3948191439877,2.0,0.0
470.4142694913787,1.0,0.0
470.41594651730355,2.0,0.0
470.43339679492,3.0,0.0
470.4361136028157,2.0,0.0
470.44929861802405,1.0,0.0
470.44944023523254,0.0,0.0
470.46050444059836,1.0,0.0
470.46382124839295,2.0,0.0
470.47280473393783,1.0,0.0
470.48512797496073,2.0,0.0
470.4916155425389,3.0,0.0
470.4950802893893,2.0,0.0
470.49701347756377,1.0,0.0
470.50432722135974,2.0,0.0
470.54541948437867,1.0,0.0
470.5588483188472,2.0,0.0
470.56415872477487,3.0,0.0
470.5660858444876,2.0,0.0
470.57430014174747,3.0,0.0
470.58470500261825,4.0,0.0
470.58887187897795,3.0,0.0
470.5973098141234,2.0,0.0
470.6006886894272,3.0,0.0
470.6094770895667,4.0,0.0
470.61724604963086,5.0,0.0
470.6381109362484,4.0,0.0
470.6391025876443,3.0,0.0
470.6401177679057,4.0,0.0
470.6434714630935,5.0,0.0
470.6439173388701,4.0,0.0
470.64654564561187,5.0,0.0
470.648691587924,6.0,0.0
470.6488138495451,5.0,0.0
470.65105417001325,6.0,0.0
470.6690109394973,5.0,0.0
470.67219990492924,4.0,0.0
470.6869022122023,5.0,0.0
470.69222377605706,4.0,0.0
470.69461724260896,5.0,0.0
470.7153256667223,6.0,0.0
470.71922050160305,5.0,0.0
470.7291913580782,4.0,0.0
470.7306455274794,3.0,0.0
470.7421504457885,2.0,0.0
470.7485144632141,3.0,0.0
470.7709522655181,4.0,0.0
470.77599475874143,3.0,0.0
470.78334374403494,4.0,0.0
470.78344057662963,3.0,0.0
470.7899736700689,4.0,0.0
470.8051755309514,5.0,0.0
470.8087334007719,4.0,0.0
470.8770200183434,3.0,0.0
470.87786396555424,2.0,0.0
470.88479293954856,3.0,0.0
470.9023680151965,4.0,0.0
470.91237663473487,3.0,0.0
470.92996728344696,4.0,0.0
470.93072849366706,3.0,0.0
470.93146423755,2.0,0.0
470.93963100313493,1.0,0.0
470.9524993346345,2.0,0.0
470.95943756837994,1.0,0.0
470.9612697048022,0.0,0.0
470.9929086525871,1.0,0.0
470.99380078327243,0.0,0.0
471.0045762370735,1.0,0.0
471.00751384916396,0.0,0.0
471.01405450687673,1.0,0.0
471.0238381751977,2.0,0.0
471.0308467652747,1.0,0.0
471.03856062419334,2.0,0.0
471.04027150385815,3.0,0.0
471.04665612853097,2.0,0.0
471.0470061108462,1.0,0.0
471.0471293187234,2.0,0.0
471.0477566431566,3.0,0.0
471.04779780673556,2.0,0.0
471.05456279718794,1.0,0.0
471.0549822943301,2.0,0.0
471.06471885991215,3.0,0.0
471.0667875598511,4.0,0.0
471.0898479714142,3.0,0.0
471.0926537787423,4.0,0.0
471.09341235923455,5.0,0.0
471.09653421318797,4.0,0.0
471.1038284395774,3.0,0.0
471.1165834021153,2.0,0.0
471.1179776347961,1.0,0.0
471.1188913877153,0.0,0.0
471.1229587169119,1.0,0.0
471.1247993721089,0.0,0.0
471.12549988775635,1.0,0.0
471.1295847300696,2.0,0.0
471.13259318507903,1.0,0.0
471.14138919850154,0.0,0.0
471.15721858353896,1.0,0.0
471.15775592449586,2.0,0.0
471.17060390545106,3.0,0.0
471.1755268821937,4.0,0.0
471.18177688628,5.0,0.0
471.18761554985133,4.0,0.0
471.19227042552865,3.0,0.0
471.2110562973568,2.0,0.0
471.22262655477857,1.0,0.0
471.22375951850614,2.0,0.0
471.23108639003954,3.0,0.0
471.23927190619713,2.0,0.0
471.24281783337983,3.0,0.0
471.2564046020969,4.0,0.0
471.2610416898647,5.0,0.0
471.2650565650662,6.0,0.0
471.2803756324928,7.0,0.0
471.30120264779254,8.0,0.0
471.3099175761009,9.0,0.0
471.3127127538038,10.0,0.0
471.31694921921314,11.0,0.0
471.3191345806082,12.0,0.0
471.3199741201648,13.0,0.0
471.32299222126966,12.0,0.0
471.3270574685625,11.0,0.0
471.33771048314986,12.0,0.0
471.34097876095535,13.0,0.0
471.35237553574984,14.0,0.0
471.3650263661139,15.0,0.0
471.3653867610832,16.0,0.0
471.3692491715785,15.0,0.0
471.37173903390413,14.0,0.0
471.40000617778094,13.0,0.0
471.4181656029364,12.0,0.0
471.4191365275748,13.0,0.0
471.42572761221885,14.0,0.0
471.4357226805447,13.0,0.0
471.4379768746601,12.0,0.0
471.4389882333422,11.0,0.0
471.4398226306774,12.0,0.0
471.4423373598294,11.0,0.0
471.44450990575234,10.0,0.0
471.45508153159176,9.0,0.0
471.45612987184325,8.0,0.0
471.4575332619846,7.0,0.0
471.46365362020254,8.0,0.0
471.46869047712926,9.0,0.0
471.4720261372253,10.0,0.0
471.4748138683456,11.0,0.0
471.4828150040462,12.0,0.0
471.492813257242,13.0,0.0
471.49587532019916,12.0,0.0
471.50954888884166,11.0,0.0
471.52216681077925,12.0,0.0
471.52426460876876,13.0,0.0
471.53983615418105,14.0,0.0
471.5474931029972,15.0,0.0
471.5532490036,16.0,0.0
471.5641849014851,17.0,0.0
471.5647889214342,16.0,0.0
471.56510095903883,17.0,0.0
471.5678507037481,18.0,0.0
471.5705008789899,17.0,0.0
471.57774031690286,18.0,0.0
471.579944811352,19.0,0.0
471.5867330178026,18.0,0.0
471.5890069463509,17.0,0.0
471.58993201058985,18.0,0.0
471.5935442629824,17.0,0.0
471.59575663978325,16.0,0.0
471.6084081547146,17.0,0.0
471.60923338759744,18.0,0.0
471.62289811205187,19.0,0.0
471.6246840046104,20.0,0.0
471.6461523460877,19.0,0.0
471.64649929021226,20.0,0.0
471.64822845257186,19.0,0.0
471.66023824055947,20.0,0.0
471.66204320356076,19.0,0.0
471.6651498763165,18.0,0.0
471.6693390349598,19.0,0.0
471.67270801246525,20.0,0.0
471.674212975366,21.0,0.0
471.6749530044592,20.0,0.0
471.6753283282138,21.0,0.0
471.68321762117654,22.0,0.0
471.6890329109664,23.0,0.0
471.6898901959926,24.0,0.0
471.69069624150677,23.0,0.0
471.6922574132966,24.0,0.0
471.693611952211,23.0,0.0
471.6961341658071,22.0,0.0
471.69755808453846,21.0,0.0
471.70150653472217,20.0,0.0
471.7022866324959,19.0,0.0
471.70786671144714,20.0,0.0
471.718467702989,21.0,0.0
471.72483355057756,20.0,0.0
471.72826944665945,21.0,0.0
471.72889112371547,22.0,0.0
471.7457413380489,23.0,0.0
471.74820573701254,22.0,0.0
471.7545221295549,23.0,0.0
471.7592892100054,24.0,0.0
471.76556326336225,25.0,0.0
471.76918060171164,24.0,0.0
471.77262215119856,23.0,0.0
471.7742891337075,22.0,0.0
471.7766047556023,23.0,0.0
471.78535729927637,24.0,0.0
471.7982689244989,25.0,0.0
471.80538904142594,26.0,0.0
471.808404372755,25.0,0.0
471.81393031509543,24.0,0.0
471.8242622262006,23.0,0.0
471.8312429358538,24.0,0.0
471.83645748681323,23.0,0.0
471.8425922536639,24.0,0.0
471.8449381251586,25.0,0.0
471.8463299703307,24.0,0.0
471.86013514663426,25.0,0.0
471.86098766100383,24.0,0.0
471.8668629577291,25.0,0.0
471.88161185871905,26.0,0.0
471.88483035530055,27.0,0.0
471.89768734005185,28.0,0.0
471.8983046852526,29.0,0.0
471.9014923074781,28.0,0.0
471.90167810202075,27.0,0.0
471.90198585033966,28.0,0.0
471.9050067963403,29.0,0.0
471.90776547482443,30.0,0.0
471.91402382671345,29.0,0.0
471.9143323740199,30.0,0.0
471.92439215518954,31.0,0.0
471.92606047873306,30.0,0.0
471.9329600129258,31.0,0.0
471.9359084920191,32.0,0.0
471.9419613637337,31.0,0.0
471.95119242389006,32.0,0.0
471.9722038152215,33.0,0.0
471.97999216862877,34.0,0.0
471.9903456078879,35.0,0.0
471.9908643819743,36.0,0.0
471.99306651290004,37.0,0.0
471.9935509922154,38.0,0.0
471.99792683408066,37.0,0.0
472.0059724403573,38.0,0.0
472.0108249465862,39.0,0.0
472.01372418135344,40.0,0.0
472.0180333590981,41.0,0.0
472.0222341712955,42.0,0.0
472.03318921401507,43.0,0.0
472.0342329280554,42.0,0.0
472.04385268997805,41.0,0.0
472.05285736688285,40.0,0.0
472.0706149458209,41.0,0.0
472.07373144577423,42.0,0.0
472.07823638612774,43.0,0.0
472.07886401961264,42.0,0.0
472.0843717625369,43.0,0.0
472.09657060498813,44.0,0.0
472.0967526237618,43.0,0.0
472.09849321932035,42.0,0.0
472.10274293261665,43.0,0.0
472.10492776869614,44.0,0.0
472.108384743736,45.0,0.0
472.1123411604855,44.0,0.0
472.11808838886316,43.0,0.0
472.12004539699984,44.0,0.0
472.1214095717022,43.0,0.0
472.12823918188013,42.0,0.0
472.13345586061257,41.0,0.0
472.136841115447,42.0,0.0
472.1378826171667,43.0,0.0
472.13865365143545,42.0,0.0
472.13873716934006,41.0,0.0
472.14891392325234,40.0,0.0
472.1531937102818,39.0,0.0
472.16653109769817,38.0,0.0
472.1678293012622,39.0,0.0
472.17033554728835,38.0,0.0
472.17071820642707,39.0,0.0
472.1731483388911,38.0,0.0
472.18160858296477,37.0,0.0
472.18774729361195,38.0,0.0
472.19299220857755,39.0,0.0
472.1946197314034,40.0,0.0
472.1993502156987,39.0,0.0
472.2021678250393,38.0,0.0
472.2085592858136,39.0,0.0
472.21494701861906,38.0,0.0
472.21531696260547,39.0,0.0
472.2201289814466,40.0,0.0
472.23104424285395,41.0,0.0
472.23139118716716,42.0,0.0
472.2352314389526,43.0,0.0
472.23827238090485,44.0,0.0
472.2438584584375,45.0,0.0
472.2495805679935,46.0,0.0
472.25359819939604,47.0,0.0
472.2560304613605,48.0,0.0
472.26325417580574,47.0,0.0
472.2673860274562,48.0,0.0
472.274584278201,47.0,0.0
472.2858757766928,46.0,0.0
472.28723516114576,47.0,0.0
472.2950281774465,48.0,0.0
472.2952229569735,49.0,0.0
472.30250005874376,48.0,0.0
472.30913702378444,49.0,0.0
472.3153295748606,50.0,0.0
472.3204836097623,49.0,0.0
472.32860799703326,50.0,0.0
472.3509038905827,51.0,0.0
472.3527570381125,52.0,0.0
472.3575044963093,53.0,0.0
472.3579703120331,54.0,0.0
472.358140478573,55.0,0.0
472.36035333695105,56.0,0.0
472.3719349564319,55.0,0.0
472.3806728207541,56.0,0.0
472.38981830952986,55.0,0.0
472.39728452731816,56.0,0.0
472.399637665962,57.0,0.0
472.4042043579374,58.0,0.0
472.4098270015606,57.0,0.0
472.414565813163,56.0,0.0
472.41617100782736,55.0,0.0
472.42632651797885,56.0,0.0
472.42769114096245,55.0,0.0
472.43200855167083,56.0,0.0
472.4465244960003,57.0,0.0
472.45843937097044,58.0,0.0
472.4587012098633,59.0,0.0
472.4593751417604,60.0,0.0
472.4614267489535,61.0,0.0
472.4623463860736,62.0,0.0
472.4668796717044,63.0,0.0
472.46753761827927,62.0,0.0
472.47880707790944,63.0,0.0
472.48207267696677,64.0,0.0
472.4883532541469,63.0,0.0
472.4885970617394,64.0,0.0
472.4900131001148,63.0,0.0
472.49346423433826,64.0,0.0
472.4962709653776,65.0,0.0
472.49759415195894,66.0,0.0
472.4983452015426,67.0,0.0
472.5044015786058,66.0,0.0
472.5094122486852,67.0,0.0
472.5146132479054,68.0,0.0
472.51724721899,67.0,0.0
472.52159469288915,68.0,0.0
472.52201830130923,67.0,0.0
472.53323137349105,66.0,0.0
472.5359777783627,67.0,0.0
472.536160887384,68.0,0.0
472.5380258577092,67.0,0.0
472.5408607144439,66.0,0.0
472.5474499214173,65.0,0.0
472.5487681882786,64.0,0.0
472.5540939276917,65.0,0.0
472.55636782381794,64.0,0.0
472.56404400975714,65.0,0.0
472.5700429039312,64.0,0.0
472.5708808247191,65.0,0.0
472.5760012806947,64.0,0.0
472.57732343564004,63.0,0.0
472.5807292559153,62.0,0.0
472.5813537810595,61.0,0.0
472.5819410489808,60.0,0.0
472.5870436294557,61.0,0.0
472.58709721738455,62.0,0.0
472.5951680816885,63.0,0.0
472.5962554537716,64.0,0.0
472.5971371613348,63.0,0.0
472.6000723718071,62.0,0.0
472.60251599502504,63.0,0.0
472.60386212560115,64.0,0.0
472.60428495307156,65.0,0.0
472.61136135853116,66.0,0.0
472.6153459077662,67.0,0.0
472.619797188441,66.0,0.0
472.62878417012695,67.0,0.0
472.63430260088984,66.0,0.0
472.6407960754531,67.0,0.0
472.64521351746396,68.0,0.0
472.6460058080162,69.0,0.0
472.648106606353,68.0,0.0
472.65180677648914,69.0,0.0
472.6610867462733,70.0,0.0
472.6807304799934,69.0,0.0
472.68731792855175,70.0,0.0
472.6895044089858,71.0,0.0
472.6964591846784,70.0,0.0
472.69696727593697,69.0,0.0
472.6975619274287,70.0,0.0
472.69838251424284,71.0,0.0
472.69984292298693,72.0,0.0
472.7046048732619,71.0,0.0
472.70610702306413,72.0,0.0
472.71397320044275,73.0,0.0
472.7142059489653,74.0,0.0
472.7213822245921,73.0,0.0
472.7294885243583,74.0,0.0
472.73150330844567,75.0,0.0
472.73992710564374,76.0,0.0
472.7433687619789,75.0,0.0
472.7435203387595,74.0,0.0
472.7467285348798,73.0,0.0
472.7484443343182,74.0,0.0
472.7489999890495,75.0,0.0
472.7529539974047,76.0,0.0
472.75609930178643,77.0,0.0
472.75744849853095,78.0,0.0
472.7607586572256,77.0,0.0
472.7652391620229,78.0,0.0
472.76598245826443,79.0,0.0
472.7695961778066,80.0,0.0
472.7773492368582,81.0,0.0
472.7780436364015,82.0,0.0
472.78333720973257,81.0,0.0
472.7898276506319,80.0,0.0
472.79646080303695,81.0,0.0
472.7993569437243,82.0,0.0
472.80128524991846,83.0,0.0
472.8019646669538,84.0,0.0
472.8063174088098,85.0,0.0
472.80757157150526,84.0,0.0
472.8181937365224,85.0,0.0
472.81963151937254,84.0,0.0
472.82395008371327,85.0,0.0
472.8254977051481,86.0,0.0
472.82555326628307,87.0,0.0
472.828483940156,88.0,0.0
472.8333250546157,89.0,0.0
472.83651813419755,90.0,0.0
472.8365928366817,91.0,0.0
472.83803277306333,92.0,0.0
472.8421724841519,91.0,0.0
472.843399976178,92.0,0.0
472.8446148770227,93.0,0.0
472.8500269170942,92.0,0.0
472.8566117123349,93.0,0.0
472.86098634255717,94.0,0.0
472.8667513154704,95.0,0.0
472.8677954445145,96.0,0.0
472.870535380522,97.0,0.0
472.87115861537035,96.0,0.0
472.88197270708196,95.0,0.0
472.8857631016614,94.0,0.0
472.8882744252834,93.0,0.0
472.89410467311905,92.0,0.0
472.89797955540655,93.0,0.0
472.90313562923484,92.0,0.0
472.9034956116469,93.0,0.0
472.9153796892107,94.0,0.0
472.92914718590373,95.0,0.0
472.93286024291825,96.0,0.0
472.9370616027099,95.0,0.0
472.93856530648935,94.0,0.0
472.9398483319882,95.0,0.0
472.9409285536,96.0,0.0
472.94552449574735,95.0,0.0
472.9487449141515,96.0,0.0
472.955122900559,97.0,0.0
472.9690921580307,98.0,0.0
472.97717085023135,97.0,0.0
472.9821129008007,96.0,0.0
472.98393873113895,97.0,0.0
472.9850055436971,98.0,0.0
472.98761644301396,97.0,0.0
473.0034965629478,98.0,0.0
473.0125208849471,97.0,0.0
473.0127783142872,98.0,0.0
473.0152677905721,99.0,0.0
473.0223430231169,98.0,0.0
473.02564861505317,97.0,0.0
473.02902170003904,96.0,0.0
473.043877873266,97.0,0.0
473.0450962768052,98.0,0.0
473.0475036814317,99.0,0.0
473.04970004567997,100.0,0.0
473.0522430433414,99.0,0.0
473.071682534072,100.0,0.0
473.07207150865906,99.0,0.0
473.0754498847203,98.0,0.0
473.07896321414916,99.0,0.0
473.0830319941355,98.0,0.0
473.09001914525516,97.0,0.0
473.0961715535386,96.0,0.0
473.10366445268284,95.0,0.0
473.1091960981872,96.0,0.0
473.1166273361501,95.0,0.0
473.11854195023443,94.0,0.0
473.1233961843056,93.0,0.0
473.12893759954585,92.0,0.0
473.1427740226988,91.0,0.0
473.1466447588185,92.0,0.0
473.15442564482015,93.0,0.0
473.1612609689557,92.0,0.0
473.17084369958394,93.0,0.0
473.17381656958406,92.0,0.0
473.17394256143393,91.0,0.0
473.17862432310955,92.0,0.0
473.17882678523597,91.0,0.0
473.1827962734289,92.0,0.0
473.18457653395495,91.0,0.0
473.1854194636446,90.0,0.0
473.1866717914059,91.0,0.0
473.1943130337185,92.0,0.0
473.19632218705937,91.0,0.0
473.20007571265376,90.0,0.0
473.20990114847353,91.0,0.0
473.21439524384107,92.0,0.0
473.22415475942114,91.0,0.0
473.2342387018631,90.0,0.0
473.2343133995286,89.0,0.0
473.2347873760455,88.0,0.0
473.2374748474856,87.0,0.0
473.2476701528581,88.0,0.0
473.24826485656934,87.0,0.0
473.2579839907186,88.0,0.0
473.2583483376325,89.0,0.0
473.2645189853456,90.0,0.0
473.2656546480949,91.0,0.0
473.2658591351124,92.0,0.0
473.26885018372997,93.0,0.0
473.2718693929065,92.0,0.0
473.2924916730143,93.0,0.0
473.2974886844776,94.0,0.0
473.2982121813672,95.0,0.0
473.303315284151,96.0,0.0
473.30931463593424,97.0,0.0
473.3184310738562,98.0,0.0
473.32146206162724,99.0,0.0
473.3328866117611,100.0,0.0
473.3369888873844,101.0,0.0
473.33864912349435,100.0,0.0
473.3392482192675,99.0,0.0
473.34021185225487,100.0,0.0
473.3468774757761,101.0,0.0
473.34987494065723,100.0,0.0
473.35544481576414,101.0,0.0
473.3581619030874,100.0,0.0
473.36069124210087,101.0,0.0
473.3642774875419,102.0,0.0
473.3810270030639,103.0,0.0
473.385309043845,104.0,0.0
473.39373099035043,105.0,0.0
473.39853289341636,106.0,0.0
473.39973730830735,107.0,0.0
473.40020007060247,106.0,0.0
473.4018810467498,107.0,0.0
473.40274386593444,108.0,0.0
473.40674771800394,109.0,0.0
473.4097120216577,110.0,0.0
473.4167309093941,111.0,0.0
473.4229376062954,110.0,0.0
473.4277079891154,109.0,0.0
473.42929377734,110.0,0.0
473.4461910675212,111.0,0.0
473.4533576914776,112.0,0.0
473.4610513399345,113.0,0.0
473.46611466835753,114.0,0.0
473.49060718070746,115.0,0.0
473.4958895199525,114.0,0.0
473.4982350969017,113.0,0.0
473.50366361888786,114.0,0.0
473.50418177247707,113.0,0.0
473.51253651119396,114.0,0.0
473.5166451894623,113.0,0.0
473.5200446479762,112.0,0.0
473.52157120779617,113.0,0.0
473.5264630001619,114.0,0.0
473.53282690812847,115.0,0.0
473.53467898211545,116.0,0.0
473.5353281542351,117.0,0.0
473.5498395864073,116.0,0.0
473.5520640835297,115.0,0.0
473.55503297634596,114.0,0.0
473.56384132191386,115.0,0.0
473.56954222205735,116.0,0.0
473.57309485060074,115.0,0.0
473.5750838930628,114.0,0.0
473.57837228139834,115.0,0.0
473.5797109195569,116.0,0.0
473.58481045307485,117.0,0.0
473.5905688980598,116.0,0.0
473.594059373012,117.0,0.0
473.59583482106916,116.0,0.0
473.5960719030515,117.0,0.0
473.59731225653957,118.0,0.0
473.5973528729542,119.0,0.0
473.5982400549101,118.0,0.0
473.60055673151686,117.0,0.0
473.60185424218463,116.0,0.0
473.6032669424551,115.0,0.0
473.60354736113203,116.0,0.0
473.6037330768757,117.0,0.0
473.60508701164787,116.0,0.0
473.60630132141245,115.0,0.0
473.608378482431,116.0,0.0
473.6105829621641,117.0,0.0
473.6145662308414,116.0,0.0
473.61928703256746,117.0,0.0
473.61948750181125,116.0,0.0
473.61982379853146,117.0,0.0
473.622151088528,118.0,0.0
473.62220142037603,117.0,0.0
473.6228622265648,116.0,0.0
473.62500547572745,117.0,0.0
473.6251485545181,118.0,0.0
473.62569302762205,119.0,0.0
473.6366895518719,118.0,0.0
473.638310427198,117.0,0.0
473.6408271388117,118.0,0.0
473.64343204563454,117.0,0.0
473.64896157624327,116.0,0.0
473.65654532146954,115.0,0.0
473.65706973695575,114.0,0.0
473.6580380212069,115.0,0.0
473.6655108313208,116.0,0.0
473.666029826844,115.0,0.0
473.66748752235725,116.0,0.0
473.66858951356954,117.0,0.0
473.68607707812697,118.0,0.0
473.6878455722014,119.0,0.0
473.7167175772068,118.0,0.0
473.72131750195484,117.0,0.0
473.73119769832294,118.0,0.0
473.73444701985375,119.0,0.0
473.73996258876406,118.0,0.0
473.74728024704325,117.0,0.0
473.7505981176523,118.0,0.0
473.7525556581523,119.0,0.0
473.75432618756514,120.0,0.0
473.7836362424066,119.0,0.0
473.7841379524954,118.0,0.0
473.7851345036343,117.0,0.0
473.7894100634543,118.0,0.0
473.7920751054201,119.0,0.0
473.8055432815607,120.0,0.0
473.81327479496053,121.0,0.0
473.8187579983372,122.0,0.0
473.8196843603405,121.0,0.0
473.82563310095236,122.0,0.0
473.82804942747225,123.0,0.0
473.8280701482163,124.0,0.0
473.8314539457692,125.0,0.0
473.83423354209305,126.0,0.0
473.83865120163335,125.0,0.0
473.84143475288744,126.0,0.0
473.8469105803548,127.0,0.0
473.84989454888756,126.0,0.0
473.85329605349654,127.0,0.0
473.8557593852435,126.0,0.0
473.8565415478273,125.0,0.0
473.8582128864521,124.0,0.0
473.8653509728398,125.0,0.0
473.8675082766283,124.0,0.0
473.8695904095487,125.0,0.0
473.8736951272156,126.0,0.0
473.87716415807853,125.0,0.0
473.88134425723626,124.0,0.0
473.88243420406627,123.0,0.0
473.8830332308314,124.0,0.0
473.8847139330345,123.0,0.0
473.89001497382094,122.0,0.0
473.8924357163031,121.0,0.0
473.89275963997744,120.0,0.0
473.89468220584416,119.0,0.0
473.899078033246,120.0,0.0
473.8992506892679,121.0,0.0
473.8995119693899,122.0,0.0
473.9048482854713,123.0,0.0
473.90587304213534,124.0,0.0
473.91468678155843,123.0,0.0
473.9189938380688,124.0,0.0
473.9231860205304,125.0,0.0
473.9255103531674,126.0,0.0
473.92925808110147,125.0,0.0
473.9404654247709,126.0,0.0
473.94191244104303,127.0,0.0
473.94822745518775,126.0,0.0
473.9525924574334,125.0,0.0
473.9624897566456,124.0,0.0
473.96418119937243,125.0,0.0
473.9775592115667,124.0,0.0
473.9780946913734,125.0,0.0
473.98058895809766,124.0,0.0
473.9809542536988,123.0,0.0
473.9840730528434,124.0,0.0
473.9850021687065,125.0,0.0
473.9863627840676,126.0,0.0
473.99810423296884,127.0,0.0
473.9981307205704,128.0,0.0
474.00782180101453,127.0,0.0
474.00810451046794,126.0,0.0
474.0138541462964,125.0,0.0
474.0168075589074,124.0,0.0
474.0174263990792,125.0,0.0
474.0181222699566,126.0,0.0
474.02042686086253,125.0,0.0
474.0245397330884,126.0,0.0
474.02765687932344,127.0,0.0
474.0295628904177,128.0,0.0
474.0381195152743,127.0,0.0
474.0388124836189,128.0,0.0
474.04198611170557,127.0,0.0
474.0440797667376,126.0,0.0
474.04995074866247,125.0,0.0
474.0511043243254,126.0,0.0
474.0521444070697,127.0,0.0
474.05561835499714,128.0,0.0
474.05574773557265,127.0,0.0
474.05821063893734,128.0,0.0
474.0640952254841,127.0,0.0
474.0651414865761,128.0,0.0
474.06838422629994,127.0,0.0
474.06954974050564,126.0,0.0
474.0770486046846,125.0,0.0
474.0793211088601,126.0,0.0
474.0910490973414,125.0,0.0
474.09304042781014,126.0,0.0
474.0953755909674,125.0,0.0
474.0964205343237,124.0,0.0
474.10447892322185,123.0,0.0
474.108480465282,124.0,0.0
474.1108303601658,125.0,0.0
474.1130462212042,124.0,0.0
474.11986849104653,125.0,0.0
474.1212939691293,126.0,0.0
474.1256529548632,127.0,0.0
474.12855493556566,126.0,0.0
474.13140843290626,127.0,0.0
474.1344066537205,126.0,0.0
474.1439537186394,125.0,0.0
474.14623482498905,126.0,0.0
474.14657193284125,127.0,0.0
474.15657735078753,128.0,0.0
474.1600974967333,129.0,0.0
474.16124307245695,130.0,0.0
474.17326781475913,129.0,0.0
474.1751860093883,128.0,0.0
474.18067074738167,129.0,0.0
474.18521452032775,128.0,0.0
474.18637173311157,129.0,0.0
474.1914149227406,128.0,0.0
474.19161790597985,129.0,0.0
474.1920300684938,130.0,0.0
474.19446577256014,129.0,0.0
474.1999868858803,130.0,0.0
474.2076304733943,129.0,0.0
474.210113120109,128.0,0.0
474.2145365154052,127.0,0.0
474.21737804775927,126.0,0.0
474.21777086874175,125.0,0.0
474.228514163488,124.0,0.0
474.23620783293484,123.0,0.0
474.2383403119827,124.0,0.0
474.23999916848874,125.0,0.0
474.2412754730373,126.0,0.0
474.2463628287516,125.0,0.0
474.2530189297552,124.0,0.0
474.2563519902322,123.0,0.0
474.25916241135604,122.0,0.0
474.26099626641417,123.0,0.0
474.2636764064732,124.0,0.0
474.27077356235634,125.0,0.0
474.275105989983,126.0,0.0
474.27678748249366,127.0,0.0
474.27713609505935,128.0,0.0
474.2781868212467,127.0,0.0
474.28229621283407,126.0,0.0
474.28581607544373,127.0,0.0
474.29239818417966,128.0,0.0
474.29283059901155,129.0,0.0
474.2957111251905,130.0,0.0
474.29592129810607,129.0,0.0
474.3006488460849,130.0,0.0
474.3012020249981,131.0,0.0
474.31325708563395,132.0,0.0
474.31971980057193,133.0,0.0
474.32183160746814,132.0,0.0
474.3235305975216,131.0,0.0
474.32964870369614,130.0,0.0
474.3325367965949,131.0,0.0
474.33300964247326,132.0,0.0
474.3346487216435,131.0,0.0
474.35135012914327,132.0,0.0
474.3536369037402,133.0,0.0
474.36149486134667,134.0,0.0
474.3703359894237,133.0,0.0
474.38037130218555,132.0,0.0
474.387500433172,133.0,0.0
474.39236800283186,132.0,0.0
474.39486977505885,131.0,0.0
474.39575677308625,130.0,0.0
474.3975675815686,131.0,0.0
474.4008501366686,132.0,0.0
474.4042635723207,133.0,0.0
474.4090081302953,132.0,0.0
474.40977615194106,131.0,0.0
474.411751215638,130.0,0.0
474.41422105670364,129.0,0.0
474.4163800821144,130.0,0.0
474.41837278305985,131.0,0.0
474.425560685287,132.0,0.0
474.4279453122482,133.0,0.0
474.42834746742767,132.0,0.0
474.43045569196994,133.0,0.0
474.4337694587677,134.0,0.0
474.44752116453196,135.0,0.0
474.44879954833283,136.0,0.0
474.45011172314634,137.0,0.0
474.4574266179119,138.0,0.0
474.46423985440924,139.0,0.0
474.46607777523775,140.0,0.0
474.4673079451268,139.0,0.0
474.4685708346655,138.0,0.0
474.4753987423401,137.0,0.0
474.47802897338346,138.0,0.0
474.47940889495976,137.0,0.0
474.48062887828416,136.0,0.0
474.482012580082,135.0,0.0
474.4963019683136,136.0,0.0
474.5004476982313,135.0,0.0
474.50111654239714,136.0,0.0
474.5093674480744,135.0,0.0
474.5099425928187,134.0,0.0
474.5175773869019,135.0,0.0
474.5207177057083,136.0,0.0
474.52464470659476,135.0,0.0
474.53668180044434,136.0,0.0
474.5379208195631,137.0,0.0
474.5391176462144,138.0,0.0
474.54079711049434,139.0,0.0
474.5416776891519,140.0,0.0
474.54774944017413,141.0,0.0
474.55227378293444,140.0,0.0
474.5599224957013,141.0,0.0
474.56000557846374,140.0,0.0
474.56413669009015,141.0,0.0
474.5724076013543,140.0,0.0
474.5735220430004,139.0,0.0
474.57466947802953,140.0,0.0
474.5751080872804,141.0,0.0
474.5822902458277,140.0,0.0
474.5823471978495,139.0,0.0
474.5894480321526,138.0,0.0
474.59071926167593,137.0,0.0
474.5910176573463,138.0,0.0
474.59157494754794,139.0,0.0
474.59356994406886,140.0,0.0
474.6030327921464,139.0,0.0
474.60325903829715,138.0,0.0
474.6039756121565,137.0,0.0
474.6084150163988,138.0,0.0
474.61763295888136,139.0,0.0
474.61776854939467,138.0,0.0
474.62023220668345,139.0,0.0
474.62125730014935,138.0,0.0
474.6296688450292,139.0,0.0
474.63019001014686,140.0,0.0
474.65311688702786,141.0,0.0
474.65484116719045,142.0,0.0
474.6554971707948,143.0,0.0
474.66292666175644,144.0,0.0
474.6686378345173,143.0,0.0
474.67579602248765,142.0,0.0
474.6842962908827,143.0,0.0
474.6859042378911,144.0,0.0
474.6934330250916,145.0,0.0
474.6947957087907,144.0,0.0
474.69561055198193,145.0,0.0
474.69566340837304,144.0,0.0
474.698343461359,143.0,0.0
474.6993533804361,142.0,0.0
474.7048748123484,141.0,0.0
474.7173269687777,142.0,0.0
474.72618143060885,143.0,0.0
474.7313873550848,142.0,0.0
474.7335246243684,141.0,0.0
474.73450310663947,142.0,0.0
474.7355848490097,143.0,0.0
474.74118161885633,142.0,0.0
474.74214612200046,143.0,0.0
474.76116120218046,142.0,0.0
474.77352853805405,141.0,0.0
474.7762737233032,142.0,0.0
474.7766733570372,143.0,0.0
474.790152935434,144.0,0.0
474.800576503025,143.0,0.0
474.80612614259405,144.0,0.0
474.80800723814485,143.0,0.0
474.81384788099484,144.0,0.0
474.8142298105241,145.0,0.0
474.8155131754271,144.0,0.0
474.8168190253996,143.0,0.0
474.8240980232942,144.0,0.0
474.8248087291711,145.0,0.0
474.8263257120815,146.0,0.0
474.85648307572217,145.0,0.0
474.8604748550379,144.0,0.0
474.8616112741411,145.0,0.0
474.86857604384005,146.0,0.0
474.8952575615797,145.0,0.0
474.896173035705,146.0,0.0
474.89982444423646,147.0,0.0
474.9057963125213,148.0,0.0
474.9066601517256,149.0,0.0
474.91046395399235,150.0,0.0
474.91220744529977,149.0,0.0
474.9170090044984,148.0,0.0
474.91841964967244,147.0,0.0
474.91962455252,146.0,0.0
474.9205148078864,147.0,0.0
474.92108122597995,148.0,0.0
474.92559917088437,149.0,0.0
474.9284262177136,150.0,0.0
474.9445510159528,151.0,0.0
474.94539933246455,152.0,0.0
474.95826630781903,151.0,0.0
474.96471424932065,152.0,0.0
474.96799676229836,151.0,0.0
474.9705945377318,152.0,0.0
474.97610960859896,153.0,0.0
474.9772452994708,152.0,0.0
474.9790843614321,151.0,0.0
474.98527232929877,152.0,0.0
474.98884466412903,153.0,0.0
474.98906019149723,152.0,0.0
474.98919324471296,153.0,0.0
474.99662018701747,154.0,0.0
474.99934284935654,155.0,0.0
475.00217494778826,156.0,0.0
475.0033243934576,157.0,0.0
475.0107776371536,158.0,0.0
475.02256258625107,157.0,0.0
475.02392345291,156.0,0.0
475.02910867557074,155.0,0.0
475.0313925782548,154.0,0.0
475.0437470569223,155.0,0.0
475.0452115979882,156.0,0.0
475.0469721707489,155.0,0.0
475.0487114742702,156.0,0.0
475.0491615506011,155.0,0.0
475.0569287079038,156.0,0.0
475.0590984347376,157.0,0.0
475.0720728926393,158.0,0.0
475.0791828564984,159.0,0.0
475.0847211960776,160.0,0.0
475.08651703101566,161.0,0.0
475.1039921273893,160.0,0.0
475.1060234886446,161.0,0.0
475.1164771470965,162.0,0.0
475.1288667235314,163.0,0.0
475.1300383673297,162.0,0.0
475.1318532896535,163.0,0.0
475.13682783361213,162.0,0.0
475.1391425560629,163.0,0.0
475.1475544877308,164.0,0.0
475.14882013648185,165.0,0.0
475.15379578516195,166.0,0.0
475.15592177749227,167.0,0.0
475.15794092175975,168.0,0.0
475.16039238424923,169.0,0.0
475.1807400262682,168.0,0.0
475.18499957979583,167.0,0.0
475.1924670998411,166.0,0.0
475.1926365181567,165.0,0.0
475.1948878099277,166.0,0.0
475.2018313845551,167.0,0.0
475.2044334887222,166.0,0.0
475.2098559280216,165.0,0.0
475.22031211652285,166.0,0.0
475.2205676429102,167.0,0.0
475.22185824876294,168.0,0.0
475.2245968082391,167.0,0.0
475.23248164648055,168.0,0.0
475.25271885705666,169.0,0.0
475.25714496147896,170.0,0.0
475.2584773149234,171.0,0.0
475.26840454687425,170.0,0.0
475.2689265356273,169.0,0.0
475.27798694804426,170.0,0.0
475.28471663643745,169.0,0.0
475.29329886089346,170.0,0.0
475.2936119512507,169.0,0.0
475.2948902490452,168.0,0.0
475.2988527839762,167.0,0.0
475.3152027109662,166.0,0.0
475.31726721468766,167.0,0.0
475.3307330228076,168.0,0.0
475.33223294148166,167.0,0.0
475.333053250304,168.0,0.0
475.3350668396898,169.0,0.0
475.3353229268548,170.0,0.0
475.3392995266629,169.0,0.0
475.34883277679904,170.0,0.0
475.36743495298083,171.0,0.0
475.373148914656,172.0,0.0
475.37537577625807,173.0,0.0
475.37629982977376,172.0,0.0
475.37753177354364,171.0,0.0
475.3789562336375,172.0,0.0
475.38301003998777,173.0,0.0
475.38561408420793,174.0,0.0
475.3957962483343,175.0,0.0
475.39792369813483,176.0,0.0
475.3985423031107,175.0,0.0
475.4134390457812,176.0,0.0
475.41376884376456,177.0,0.0
475.4162425915783,178.0,0.0
475.421419435438,179.0,0.0
475.4248062699778,178.0,0.0
475.4303873871205,179.0,0.0
475.4309665511517,178.0,0.0
475.4324046241567,179.0,0.0
475.43398718788916,180.0,0.0
475.4361103314527,179.0,0.0
475.4389045279576,180.0,0.0
475.44242144028897,181.0,0.0
475.44279546477816,180.0,0.0
475.447819283669,179.0,0.0
475.4532712295545,180.0,0.0
475.47299668764674,181.0,0.0
475.47556321521535,182.0,0.0
475.4942650252941,183.0,0.0
475.4991983833244,184.0,0.0
475.5078904599549,183.0,0.0
475.5091752599808,184.0,0.0
475.51640133290584,183.0,0.0
475.5310461956868,182.0,0.0
475.5388352989422,181.0,0.0
475.5475142062223,180.0,0.0
475.549009409565,179.0,0.0
475.5551071862415,178.0,0.0
475.56532559298347,179.0,0.0
475.57160716070035,178.0,0.0
475.5773384301778,177.0,0.0
475.58412375184673,176.0,0.0
475.5873859031261,177.0,0.0
475.596675433333,176.0,0.0
475.6006498142895,177.0,0.0
475.6082692321677,176.0,0.0
475.6157438522362,175.0,0.0
475.61642919214523,174.0,0.0
475.62137063187794,175.0,0.0
475.62220112944414,174.0,0.0
475.6243007273141,175.0,0.0
475.6316330682575,176.0,0.0
475.6393617859962,177.0,0.0
475.64034004584175,178.0,0.0
475.6406398656792,179.0,0.0
475.64372024090267,180.0,0.0
475.64498314850994,181.0,0.0
475.64590282409415,180.0,0.0
475.64851287951905,179.0,0.0
475.64860560730716,180.0,0.0
475.65127229511273,181.0,0.0
475.67684729036864,180.0,0.0
475.6827298585647,181.0,0.0
475.68655875785805,182.0,0.0
475.69049314774077,183.0,0.0
475.6910557399108,182.0,0.0
475.69569029322196,181.0,0.0
475.696331191695,182.0,0.0
475.69656861922084,183.0,0.0
475.7043589283001,182.0,0.0
475.7065394299736,181.0,0.0
475.7095537154519,182.0,0.0
475.71299410757933,181.0,0.0
475.7133043278917,180.0,0.0
475.7250404983409,181.0,0.0
475.72858471790425,180.0,0.0
475.74349401190744,181.0,0.0
475.7477933425155,180.0,0.0
475.7563910982222,179.0,0.0
475.7577037402058,180.0,0.0
475.76313555526787,179.0,0.0
475.76695467673176,180.0,0.0
475.76721854667187,179.0,0.0
475.77278331819184,180.0,0.0
475.7762793335589,179.0,0.0
475.77780842809995,178.0,0.0
475.78181808898375,179.0,0.0
475.78253875207724,178.0,0.0
475.7849226945158,177.0,0.0
475.7888156562349,176.0,0.0
475.79004550100245,175.0,0.0
475.79015903204186,174.0,0.0
475.7909351262125,175.0,0.0
475.7911495567456,176.0,0.0
475.7958463201192,175.0,0.0
475.7997691217869,174.0,0.0
475.804232863024,175.0,0.0
475.82129483705296,174.0,0.0
475.8315036542979,175.0,0.0
475.83774542168084,174.0,0.0
475.85019326900715,175.0,0.0
475.85457217089265,176.0,0.0
475.8547342437544,177.0,0.0
475.87084939770574,178.0,0.0
475.87241392349836,177.0,0.0
475.87700571086305,176.0,0.0
475.8791867254887,175.0,0.0
475.8830740767593,176.0,0.0
475.88336542827756,177.0,0.0
475.88342588102756,176.0,0.0
475.8863742414376,177.0,0.0
475.8999634496729,178.0,0.0
475.9112562382715,179.0,0.0
475.9193123991747,180.0,0.0
475.9198612913419,179.0,0.0
475.92340148003507,180.0,0.0
475.9254064602511,181.0,0.0
475.92933324618286,180.0,0.0
475.9306653939603,179.0,0.0
475.9348882470318,180.0,0.0
475.93705222067325,181.0,0.0
475.93939410536933,180.0,0.0
475.93982971319684,181.0,0.0
475.9420316189484,180.0,0.0
475.9453859707353,181.0,0.0
475.9457526617951,180.0,0.0
475.95126348270765,181.0,0.0
475.9556834437168,182.0,0.0
475.9631130841642,183.0,0.0
475.97247777139387,182.0,0.0
475.9757518424352,181.0,0.0
475.98028225507835,182.0,0.0
475.98031664942647,183.0,0.0
475.9807126733444,184.0,0.0
475.9814543598486,183.0,0.0
475.98351833747375,182.0,0.0
475.98607311062545,181.0,0.0
475.9925784151424,180.0,0.0
475.99506278205837,181.0,0.0
476.01071582058006,182.0,0.0
476.0177204550812,181.0,0.0
476.01977475317864,180.0,0.0
476.0219119287261,179.0,0.0
476.02609312361824,180.0,0.0
476.0269297166692,179.0,0.0
476.0272383466,180.0,0.0
476.0285607536785,179.0,0.0
476.0391335859106,180.0,0.0
476.0391548617741,181.0,0.0
476.0445660182476,180.0,0.0
476.0540408891424,181.0,0.0
476.0562570231003,180.0,0.0
476.0627484774749,179.0,0.0
476.06963896504004,180.0,0.0
476.0736589734765,179.0,0.0
476.0824149919369,178.0,0.0
476.08322953096956,179.0,0.0
476.0840976641474,180.0,0.0
476.096451356376,181.0,0.0
476.09980787480663,180.0,0.0
476.109388543057,179.0,0.0
476.1094452753855,178.0,0.0
476.1340456038424,177.0,0.0
476.13607108420246,178.0,0.0
476.14307051062696,177.0,0.0
476.15103689414326,178.0,0.0
476.15438861047863,179.0,0.0
476.1603091638985,180.0,0.0
476.17735540365834,181.0,0.0
476.1830296874817,180.0,0.0
476.1841641953326,179.0,0.0
476.18461088328365,178.0,0.0
476.18919918411297,177.0,0.0
476.19612618414277,176.0,0.0
476.1968228948805,175.0,0.0
476.2047746270164,176.0,0.0
476.205886708059,177.0,0.0
476.209995092996,178.0,0.0
476.2110761142241,177.0,0.0
476.2202891701228,178.0,0.0
476.22142334339253,179.0,0.0
476.22179174231326,180.0,0.0
476.22730313528064,181.0,0.0
476.2275631329571,180.0,0.0
476.23175795732493,181.0,0.0
476.23386443504864,182.0,0.0
476.23877092131295,181.0,0.0
476.24088354487657,180.0,0.0
476.2519592320108,179.0,0.0
476.2612150174665,178.0,0.0
476.2634394929059,179.0,0.0
476.2695360378149,178.0,0.0
476.2774685376799,177.0,0.0
476.27803843234506,176.0,0.0
476.2803429598159,175.0,0.0
476.28155864246173,174.0,0.0
476.2856335703807,173.0,0.0
476.28717095459933,172.0,0.0
476.3042767326702,171.0,0.0
476.30588272987427,170.0,0.0
476.3080222118678,171.0,0.0
476.31150334266147,170.0,0.0
476.3232486507638,169.0,0.0
476.3290310379934,170.0,0.0
476.3319954532936,169.0,0.0
476.3403014906855,168.0,0.0
476.34435920560617,169.0,0.0
476.3527093764583,170.0,0.0
476.3558493337126,169.0,0.0
476.3578519221012,168.0,0.0
476.3602480754744,167.0,0.0
476.36279059089463,168.0,0.0
476.3648437439686,169.0,0.0
476.36622513612605,168.0,0.0
476.37141583860466,169.0,0.0
476.37258030747734,168.0,0.0
476.3861046969653,167.0,0.0
476.3985904844066,166.0,0.0
476.3986195344687,165.0,0.0
476.40107052945115,164.0,0.0
476.40911894618114,163.0,0.0
476.40975993946165,162.0,0.0
476.4118186069306,163.0,0.0
476.420904594306,164.0,0.0
476.431089298717,165.0,0.0
476.432968409002,164.0,0.0
476.4364771791393,163.0,0.0
476.44297843871755,162.0,0.0
476.4457094170177,163.0,0.0
476.4649838295551,164.0,0.0
476.46839401053154,165.0,0.0
476.47573124834844,166.0,0.0
476.48249811230266,165.0,0.0
476.48535219693434,166.0,0.0
476.4855649108761,167.0,0.0
476.4857698799215,168.0,0.0
476.4863938798546,167.0,0.0
476.4913141759595,168.0,0.0
476.4961253780914,167.0,0.0
476.5093668603423,166.0,0.0
476.5204678942358,167.0,0.0
476.5285216371332,166.0,0.0
476.5308019223922,165.0,0.0
476.541435629342,166.0,0.0
476.54162714447887,167.0,0.0
476.5461569269061,166.0,0.0
476.5516924089087,167.0,0.0
476.55174312112786,168.0,0.0
476.55213786028133,169.0,0.0
476.55236157458154,168.0,0.0
476.56248779377734,169.0,0.0
476.5693056578786,168.0,0.0
476.57878248937214,169.0,0.0
476.58090139871234,170.0,0.0
476.5825907164158,171.0,0.0
476.5868015837264,172.0,0.0
476.59307663127163,173.0,0.0
476.5969322445698,172.0,0.0
476.6022898664172,173.0,0.0
476.60540068592996,172.0,0.0
476.60618243547674,173.0,0.0
476.60899535487624,172.0,0.0
476.61030108274224,173.0,0.0
476.6175770473801,174.0,0.0
476.61838971111126,173.0,0.0
476.61953523414826,174.0,0.0
476.62508921284314,175.0,0.0
476.6261631395726,174.0,0.0
476.6330631317179,175.0,0.0
476.636135715872,176.0,0.0
476.6514566293625,177.0,0.0
476.6519281793502,178.0,0.0
476.66377642291667,179.0,0.0
476.6797568209226,178.0,0.0
476.69530278973747,179.0,0.0
476.7017924539678,180.0,0.0
476.70628152294256,181.0,0.0
476.7105310716286,182.0,0.0
476.7173766966571,183.0,0.0
476.7220792062153,184.0,0.0
476.7374137484338,183.0,0.0
476.7443581168623,182.0,0.0
476.7465424654865,181.0,0.0
476.74712639473233,180.0,0.0
476.755183243567,179.0,0.0
476.7589547006232,180.0,0.0
476.7629360960102,181.0,0.0
476.77100675887704,182.0,0.0
476.78058717505024,183.0,0.0
476.7879125990737,184.0,0.0
476.79084227346533,183.0,0.0
476.7954834169915,184.0,0.0
476.80054619228844,185.0,0.0
476.80308097499227,186.0,0.0
476.8051652318598,185.0,0.0
476.80797608931823,186.0,0.0
476.8090907768215,185.0,0.0
476.8273714331517,184.0,0.0
476.82812207295575,185.0,0.0
476.8322473607441,186.0,0.0
476.8352061946625,185.0,0.0
476.8417413643979,186.0,0.0
476.84177290811215,187.0,0.0
476.8429132136547,186.0,0.0
476.8503146743897,185.0,0.0
476.8533093296921,184.0,0.0
476.85528105045694,185.0,0.0
476.8577279779781,186.0,0.0
476.86218660765115,187.0,0.0
476.8686972336239,186.0,0.0
476.87191874398644,185.0,0.0
476.89745429377746,186.0,0.0
476.89777011157605,187.0,0.0
476.899029259441,188.0,0.0
476.899258382878,187.0,0.0
476.9166577303156,186.0,0.0
476.9171407665856,187.0,0.0
476.91986966543436,188.0,0.0
476.9229851327574,189.0,0.0
476.9288591394031,188.0,0.0
476.92919975333524,187.0,0.0
476.9324905364069,188.0,0.0
476.9324997169123,187.0,0.0
476.9339271668821,186.0,0.0
476.93766629813877,185.0,0.0
476.94083753687147,184.0,0.0
476.94141107747663,183.0,0.0
476.94159684456406,184.0,0.0
476.9451280037182,183.0,0.0
476.94519995971945,182.0,0.0
476.94643613894215,183.0,0.0
476.94984027770573,182.0,0.0
476.9569331631411,181.0,0.0
476.9573979519734,182.0,0.0
476.95808179931646,181.0,0.0
476.95988192820636,182.0,0.0
476.9643876985898,183.0,0.0
476.96930796009036,182.0,0.0
476.97103200598247,183.0,0.0
476.9752286102923,184.0,0.0
476.97683647231077,183.0,0.0
476.9844177127235,182.0,0.0
476.99218206155217,181.0,0.0
476.99504202738484,182.0,0.0
476.99713794342676,181.0,0.0
477.00952812576605,180.0,0.0
477.02651644562735,181.0,0.0
477.04009590799734,180.0,0.0
477.04037874107405,181.0,0.0
477.042079126505,182.0,0.0
477.04414191468265,181.0,0.0
477.0456764767317,182.0,0.0
477.0492004995652,181.0,0.0
477.05410380745946,182.0,0.0
477.06025730926063,181.0,0.0
477.0637151998862,182.0,0.0
477.0643886411157,181.0,0.0
477.0702756205894,182.0,0.0
477.07594237814243,183.0,0.0
477.0776482648944,184.0,0.0
477.077695492577,185.0,0.0
477.0816264250008,186.0,0.0
477.0849214421429,187.0,0.0
477.0863134671446,188.0,0.0
477.0908300414297,189.0,0.0
477.110197782631,190.0,0.0
477.11226608412,189.0,0.0
477.1189444806553,190.0,0.0
477.1199153668412,189.0,0.0
477.12126845681695,190.0,0.0
477.12379833710247,189.0,0.0
477.1328786585882,190.0,0.0
477.1396668220401,191.0,0.0
477.1441535308482,190.0,0.0
477.1537207057889,189.0,0.0
477.15409585688866,188.0,0.0
477.16645851404843,189.0,0.0
477.17122603087876,190.0,0.0
477.1760372441715,189.0,0.0
477.1762106025171,188.0,0.0
477.1775820827056,189.0,0.0
477.18117209829194,190.0,0.0
477.1978611031267,189.0,0.0
477.21196478301005,188.0,0.0
477.21539619335584,187.0,0.0
477.2234367604195,188.0,0.0
477.23165133252724,187.0,0.0
477.23381008170446,186.0,0.0
477.23788715279653,187.0,0.0
477.238336228006,186.0,0.0
477.2385427604866,187.0,0.0
477.24665298103463,186.0,0.0
477.247445572862,187.0,0.0
477.257095484261,186.0,0.0
477.25797103539446,185.0,0.0
477.26189564010826,186.0,0.0
477.2723671911437,185.0,0.0
477.27594594300393,184.0,0.0
477.277125253441,183.0,0.0
477.2903312500643,184.0,0.0
477.2985894104114,185.0,0.0
477.30837347570304,186.0,0.0
477.3218298890716,187.0,0.0
477.32321220149544,186.0,0.0
477.32489838576566,185.0,0.0
477.3284172863516,184.0,0.0
477.3325734063062,185.0,0.0
477.33356675818953,186.0,0.0
477.33574044460653,185.0,0.0
477.33684278812564,184.0,0.0
477.34573262268793,183.0,0.0
477.3511223770039,184.0,0.0
477.3622999248312,185.0,0.0
477.3634970454606,184.0,0.0
477.3655462381006,183.0,0.0
477.371307990299,182.0,0.0
477.3776999808713,181.0,0.0
477.3784318151833,180.0,0.0
477.39915228239096,181.0,0.0
477.4051898922254,182.0,0.0
477.4116748942162,183.0,0.0
477.4338405658477,184.0,0.0
477.44175947936816,183.0,0.0
477.4554230692577,182.0,0.0
477.45852663727885,183.0,0.0
477.46111509663217,184.0,0.0
477.4641067964248,185.0,0.0
477.48960811527144,184.0,0.0
477.4926948818918,185.0,0.0
477.49558528622316,186.0,0.0
477.4994769086473,185.0,0.0
477.5041503031317,184.0,0.0
477.5259320607871,183.0,0.0
477.5282000605345,182.0,0.0
477.5315862666574,181.0,0.0
477.5331744902717,182.0,0.0
477.53392424439716,183.0,0.0
477.5406825610503,182.0,0.0
477.5412495973387,183.0,0.0
477.5422360562045,182.0,0.0
477.5441088561358,183.0,0.0
477.54864039942066,182.0,0.0
477.549088034606,181.0,0.0
477.54930364765323,180.0,0.0
477.5502331060609,179.0,0.0
477.5570067640522,180.0,0.0
477.5615990606586,179.0,0.0
477.5721953122773,178.0,0.0
477.58211546183145,179.0,0.0
477.58397304712395,180.0,0.0
477.587800569882,179.0,0.0
477.58863158116714,180.0,0.0
477.5896051326604,179.0,0.0
477.59258360642207,178.0,0.0
477.59876518682177,177.0,0.0
477.61890912472086,176.0,0.0
477.6230152045364,177.0,0.0
477.64627279302374,176.0,0.0
477.64809778603995,175.0,0.0
477.64824292858765,174.0,0.0
477.65063907676796,173.0,0.0
477.6510794760132,174.0,0.0
477.6527818962004,175.0,0.0
477.65484142875,174.0,0.0
477.6576719270361,173.0,0.0
477.6732810504062,172.0,0.0
477.67540045065425,171.0,0.0
477.67767506271935,170.0,0.0
477.68484545402055,171.0,0.0
477.688255485444,172.0,0.0
477.6927215495678,171.0,0.0
477.6964942417692,172.0,0.0
477.70028695958666,171.0,0.0
477.7048256171161,172.0,0.0
477.7062301135367,171.0,0.0
477.70884829833113,170.0,0.0
477.71605186362245,169.0,0.0
477.719300348851,170.0,0.0
477.7198909862334,171.0,0.0
477.72158328827845,172.0,0.0
477.7371609566272,171.0,0.0
477.7393219721102,170.0,0.0
477.7408207303152,171.0,0.0
477.74414282894645,170.0,0.0
477.7459613834107,171.0,0.0
477.75686530632544,172.0,0.0
477.75904789996366,171.0,0.0
477.7608453063787,172.0,0.0
477.7616459541857,173.0,0.0
477.7630025293854,172.0,0.0
477.763540138341,171.0,0.0
477.7660360136359,170.0,0.0
477.766333223276,171.0,0.0
477.7671402181569,172.0,0.0
477.77147567016226,173.0,0.0
477.7743226677684,174.0,0.0
477.77926349112454,173.0,0.0
477.78089670919496,172.0,0.0
477.78246599624214,171.0,0.0
477.78490285306003,172.0,0.0
477.78812507127697,173.0,0.0
477.80489969306115,174.0,0.0
477.81138840302873,175.0,0.0
477.8117858676172,176.0,0.0
477.8147172502692,177.0,0.0
477.81763345305336,176.0,0.0
477.81923258068247,177.0,0.0
477.8203716493872,176.0,0.0
477.829307925458,175.0,0.0
477.84052373231816,174.0,0.0
477.8435589441375,173.0,0.0
477.84974332154076,172.0,0.0
477.8530716172795,171.0,0.0
477.86380377726624,172.0,0.0
477.86632384030474,171.0,0.0
477.8689932501815,170.0,0.0
477.872059966242,171.0,0.0
477.8819897399454,170.0,0.0
477.8854160743972,169.0,0.0
477.8880238481376,168.0,0.0
477.8890039151087,167.0,0.0
477.8934691230977,168.0,0.0
477.90892955042165,167.0,0.0
477.9099739088909,168.0,0.0
477.91636734981364,167.0,0.0
477.91770216077066,166.0,0.0
477.92100069862175,165.0,0.0
477.92506559982917,164.0,0.0
477.92698183251326,165.0,0.0
477.93358670674206,164.0,0.0
477.9372842935225,165.0,0.0
477.95357423053883,166.0,0.0
477.9563409373591,167.0,0.0
477.9604993397452,168.0,0.0
477.9775184961669,169.0,0.0
477.9791782526021,170.0,0.0
477.9902835365958,169.0,0.0
477.99160842250575,168.0,0.0
477.99226191259015,169.0,0.0
477.9955018416893,168.0,0.0
477.9961176436427,167.0,0.0
477.99841555376236,168.0,0.0
478.0037860798126,167.0,0.0
478.0345384671388,166.0,0.0
478.03583871288004,165.0,0.0
478.0516663753488,164.0,0.0
478.0571178023177,163.0,0.0
478.0609670271287,162.0,0.0
478.0613697780234,163.0,0.0
478.0651513657192,162.0,0.0
478.0750157464168,163.0,0.0
478.0794432480892,164.0,0.0
478.083544877687,163.0,0.0
478.08575372722754,162.0,0.0
478.0868271689954,163.0,0.0
478.0906035090229,164.0,0.0
478.09217050539047,163.0,0.0
478.09325727004745,164.0,0.0
478.09972979118925,165.0,0.0
478.10036994540167,166.0,0.0
478.1039926987107,165.0,0.0
478.11063469458804,166.0,0.0
478.11244451048697,165.0,0.0
478.11689493904737,164.0,0.0
478.11907424821965,163.0,0.0
478.12427585165557,162.0,0.0
478.1258662454431,163.0,0.0
478.1258785992235,164.0,0.0
478.1358485849712,163.0,0.0
478.1521432817616,162.0,0.0
478.1546122030881,161.0,0.0
478.1548921592756,160.0,0.0
478.1566387118731,159.0,0.0
478.1602586803584,160.0,0.0
478.1638575187428,161.0,0.0
478.17829120078414,160.0,0.0
478.18987285033563,159.0,0.0
478.1913081948271,158.0,0.0
478.19336193313023,157.0,0.0
478.19961066416636,156.0,0.0
478.2091950344027,157.0,0.0
478.2107224639216,156.0,0.0
478.2144024079925,155.0,0.0
478.2176980487303,154.0,0.0
478.22118104402074,153.0,0.0
478.2240579724774,152.0,0.0
478.2246761645729,153.0,0.0
478.2252711355504,152.0,0.0
478.22581004969743,153.0,0.0
478.2284635525147,152.0,0.0
478.23198248098004,153.0,0.0
478.2380611036598,152.0,0.0
478.23808519571367,151.0,0.0
478.25362682870184,150.0,0.0
478.25972832717855,149.0,0.0
478.26333423413905,150.0,0.0
478.2711219961158,151.0,0.0
478.2820251464199,150.0,0.0
478.2847648167123,151.0,0.0
478.3046922690918,152.0,0.0
478.3213189610088,151.0,0.0
478.32441608093603,152.0,0.0
478.3318625885728,153.0,0.0
478.3322726055041,154.0,0.0
478.33823520313615,153.0,0.0
478.33985818349623,154.0,0.0
478.3455780710139,155.0,0.0
478.3487176588071,154.0,0.0
478.34971808192006,153.0,0.0
478.35282572314446,154.0,0.0
478.3529691691888,153.0,0.0
478.3678701355156,154.0,0.0
478.4091696178125,155.0,0.0
478.42324623704565,154.0,0.0
478.4250110586846,155.0,0.0
478.42921410961236,156.0,0.0
478.4309276786332,157.0,0.0
478.4403521795754,156.0,0.0
478.4422149014746,157.0,0.0
478.45519602308667,158.0,0.0
478.4611103313227,157.0,0.0
478.4659040351612,156.0,0.0
478.4758051341963,157.0,0.0
478.48206301342276,156.0,0.0
478.4865407845514,157.0,0.0
478.4931459063941,156.0,0.0
478.49673871601834,157.0,0.0
478.5017130296154,158.0,0.0
478.50273116419226,157.0,0.0
478.5103750612256,156.0,0.0
478.5132830651558,157.0,0.0
478.51543882285813,158.0,0.0
478.5159477410006,157.0,0.0
478.52623188938946,156.0,0.0
478.53210228972677,155.0,0.0
478.5360340356046,156.0,0.0
478.53639813567054,157.0,0.0
478.5577262561913,156.0,0.0
478.5596749059728,155.0,0.0
478.56441377942656,156.0,0.0
478.5676085876394,155.0,0.0
478.56999712493894,154.0,0.0
478.5729268233261,155.0,0.0
478.57528474982735,156.0,0.0
478.5862448765026,155.0,0.0
478.5871484422495,154.0,0.0
478.5929367769458,153.0,0.0
478.5931720287714,152.0,0.0
478.59378540724936,151.0,0.0
478.60252074412176,152.0,0.0
478.60265384708873,151.0,0.0
478.6037320990201,152.0,0.0
478.62397866653396,151.0,0.0
478.6326326626229,150.0,0.0
478.63470196692685,149.0,0.0
478.63944660864536,150.0,0.0
478.6538836276088,151.0,0.0
478.6635728756179,150.0,0.0
478.6733997874514,149.0,0.0
478.6778379037098,150.0,0.0
478.67784474763687,151.0,0.0
478.684670945289,152.0,0.0
478.6884999778122,151.0,0.0
478.69806663848925,152.0,0.0
478.69913360257624,151.0,0.0
478.71515108295296,152.0,0.0
478.7194771709241,153.0,0.0
478.7201344178431,152.0,0.0
478.72106200012786,153.0,0.0
478.7277588077423,154.0,0.0
478.7297492064231,155.0,0.0
478.7311059424548,154.0,0.0
478.735491329196,155.0,0.0
478.7399375345294,156.0,0.0
478.7413996615987,157.0,0.0
478.7498486484164,156.0,0.0
478.7569575741069,155.0,0.0
478.7587374012985,154.0,0.0
478.7604940838854,153.0,0.0
478.7853849671862,152.0,0.0
478.79188046619805,151.0,0.0
478.7944652225216,152.0,0.0
478.79461244458923,153.0,0.0
478.7962193316294,152.0,0.0
478.79746819770025,153.0,0.0
478.80025199992116,154.0,0.0
478.80062630381207,155.0,0.0
478.8055856317184,154.0,0.0
478.82414248799535,153.0,0.0
478.8379611267646,152.0,0.0
478.8537203801428,151.0,0.0
478.89047279456946,150.0,0.0
478.8948050965124,149.0,0.0
478.8962562896881,148.0,0.0
478.9250525993519,147.0,0.0
478.92620147218145,148.0,0.0
478.92683390233753,147.0,0.0
478.93201323863605,148.0,0.0
478.93218536572334,149.0,0.0
478.93494289010044,148.0,0.0
478.9524257643934,147.0,0.0
478.9598427820029,146.0,0.0
478.9609366495088,147.0,0.0
478.97017408675134,146.0,0.0
478.9741010688114,147.0,0.0
478.98125717115187,148.0,0.0
478.98178959600966,147.0,0.0
478.9845313641652,148.0,0.0
478.9898808479951,149.0,0.0
478.991428392696,150.0,0.0
479.0026393517078,151.0,0.0
479.00881730062775,152.0,0.0
479.01172530439254,151.0,0.0
479.02322356050945,150.0,0.0
479.0249077331094,151.0,0.0
479.05023827354177,152.0,0.0
479.05434533695984,151.0,0.0
479.0558798330152,150.0,0.0
479.05986669777485,151.0,0.0
479.0661973068942,150.0,0.0
479.07176098848686,149.0,0.0
479.07269189678334,148.0,0.0
479.09540198414317,147.0,0.0
479.10188630179556,146.0,0.0
479.1056284996205,145.0,0.0
479.11822520445327,144.0,0.0
479.15167649984863,145.0,0.0
479.1542705698594,146.0,0.0
479.15930587477044,145.0,0.0
479.16394999277566,144.0,0.0
479.1645361061514,143.0,0.0
479.1692924278327,144.0,0.0
479.1693421953529,145.0,0.0
479.1770369156175,146.0,0.0
479.17920010579155,145.0,0.0
479.1883777305279,146.0,0.0
479.1900208166563,147.0,0.0
479.204171906474,146.0,0.0
479.20944765813016,145.0,0.0
479.2104044721739,144.0,0.0
479.22197604778535,143.0,0.0
479.2360209430138,142.0,0.0
479.2387999893328,141.0,0.0
479.2404131439177,142.0,0.0
479.2466149373464,143.0,0.0
479.25510162020277,142.0,0.0
479.2565300765037,141.0,0.0
479.2571623934636,140.0,0.0
479.25925351250226,139.0,0.0
479.2617616470374,140.0,0.0
479.2707908719819,139.0,0.0
479.27815137190424,138.0,0.0
479.27986799167354,139.0,0.0
479.2804652840981,138.0,0.0
479.28241585987035,137.0,0.0
479.28259080536475,138.0,0.0
479.28473638477675,139.0,0.0
479.2865854658113,138.0,0.0
479.292924432629,139.0,0.0
479.2940800248687,138.0,0.0
479.29423154214015,137.0,0.0
479.3213273878215,136.0,0.0
479.327087550002,137.0,0.0
479.3288312851242,138.0,0.0
479.3367869911872,137.0,0.0
479.3428076819587,138.0,0.0
479.35439731958866,137.0,0.0
479.3582351246564,138.0,0.0
479.37280562404965,137.0,0.0
479.38288058694894,138.0,0.0
479.38343309153123,137.0,0.0
479.3928032784104,136.0,0.0
479.3946047045762,135.0,0.0
479.40738708493114,134.0,0.0
479.4137525625688,133.0,0.0
479.41634961948836,132.0,0.0
479.4164982040492,133.0,0.0
479.41870816502257,134.0,0.0
479.4200118341851,133.0,0.0
479.431379959796,134.0,0.0
479.4340135528279,133.0,0.0
479.43867035929895,132.0,0.0
479.4442354946454,133.0,0.0
479.4522973503846,134.0,0.0
479.4798795453987,133.0,0.0
479.4831676298766,134.0,0.0
479.48358002610735,133.0,0.0
479.49843614985303,132.0,0.0
479.5000655835677,131.0,0.0
479.50167748916186,132.0,0.0
479.50604163055715,131.0,0.0
479.5062025510873,132.0,0.0
479.5321295250172,131.0,0.0
479.53216647159945,130.0,0.0
479.5324321669498,129.0,0.0
479.53336126259615,128.0,0.0
479.54206860080035,127.0,0.0
479.5438953056166,128.0,0.0
479.5441468755489,129.0,0.0
479.5451615080838,128.0,0.0
479.5585589679836,127.0,0.0
479.5702666326349,128.0,0.0
479.57049425965425,127.0,0.0
479.57160505395825,126.0,0.0
479.5737624993638,125.0,0.0
479.5919895364479,126.0,0.0
479.5937382211906,127.0,0.0
479.59912348744183,126.0,0.0
479.6145295876872,125.0,0.0
479.6187814721097,124.0,0.0
479.6188855022943,123.0,0.0
479.6265967309385,122.0,0.0
479.6303769431789,123.0,0.0
479.63324927501964,122.0,0.0
479.63593943784934,123.0,0.0
479.6369374697064,122.0,0.0
479.6369469686809,123.0,0.0
479.6372795004783,122.0,0.0
479.638012544993,121.0,0.0
479.64136790101753,120.0,0.0
479.6468549153565,121.0,0.0
479.6483768074701,120.0,0.0
479.66331593186976,119.0,0.0
479.66570107320405,118.0,0.0
479.68542888031607,117.0,0.0
479.6967085293198,116.0,0.0
479.7018629956548,115.0,0.0
479.7110135445671,114.0,0.0
479.71271537625444,115.0,0.0
479.7262345011462,114.0,0.0
479.7277007729062,115.0,0.0
479.73044299993757,114.0,0.0
479.73193412280955,113.0,0.0
479.7319886158036,114.0,0.0
479.73224393813666,115.0,0.0
479.7356070473091,114.0,0.0
479.74681587445235,113.0,0.0
479.74955081976765,114.0,0.0
479.7528716658555,115.0,0.0
479.7598041591394,114.0,0.0
479.765874502971,113.0,0.0
479.7742594018733,112.0,0.0
479.78384390304296,111.0,0.0
479.7892202990318,110.0,0.0
479.7904580889508,111.0,0.0
479.7940303576393,110.0,0.0
479.80454169542037,109.0,0.0
479.8077864703624,108.0,0.0
479.8164608143603,107.0,0.0
479.81799153080186,106.0,0.0
479.8337683950362,105.0,0.0
479.83999931728613,104.0,0.0
479.8446786927291,103.0,0.0
479.8523979382976,104.0,0.0
479.8534766164736,103.0,0.0
479.8584108504951,102.0,0.0
479.8589921212197,101.0,0.0
479.87154735338703,100.0,0.0
479.8766940929722,99.0,0.0
479.8770975014347,98.0,0.0
479.87973530517206,97.0,0.0
479.8804270567951,96.0,0.0
479.89042263555655,97.0,0.0
479.8959958803894,96.0,0.0
479.91524657171294,95.0,0.0
479.9159461426775,96.0,0.0
479.95063109820336,95.0,0.0
479.95695447858486,96.0,0.0
479.96339166076814,97.0,0.0
479.9740421332621,96.0,0.0
479.9792981908058,95.0,0.0
479.9807894521681,94.0,0.0
479.98716351590696,93.0,0.0
479.9910662928738,92.0,0.0
479.99925028853454,93.0,0.0
480.0001634534519,92.0,0.0
480.00031508169434,91.0,0.0
480.0034305315318,90.0,0.0
480.01272335750417,91.0,0.0
480.0164522103879,90.0,0.0
480.01815495175924,89.0,0.0
480.02116161058115,88.0,0.0
480.0360245647492,87.0,0.0
480.05478315329424,86.0,0.0
480.0574873070961,85.0,0.0
480.06099276080323,84.0,0.0
480.0678411929098,83.0,0.0
480.082592983912,82.0,0.0
480.08841391916593,81.0,0.0
480.0952936316528,80.0,0.0
480.10954007361545,81.0,0.0
480.11050416885735,80.0,0.0
480.11285858244446,79.0,0.0
480.11295360155964,78.0,0.0
480.1159788932729,79.0,0.0
480.1215860508511,78.0,0.0
480.12794322810805,77.0,0.0
480.1314261090988,78.0,0.0
480.13458536588564,77.0,0.0
480.13651941635715,76.0,0.0
480.1452880371337,75.0,0.0
480.15916982661656,76.0,0.0
480.1679003287931,77.0,0.0
480.18480061161836,76.0,0.0
480.1883728660269,75.0,0.0
480.19277317664364,74.0,0.0
480.19672652842644,75.0,0.0
480.1973008928013,74.0,0.0
480.1975346146779,73.0,0.0
480.19945377605114,72.0,0.0
480.2015884692249,71.0,0.0
480.20459469275846,72.0,0.0
480.2078980063539,71.0,0.0
480.2108055426164,70.0,0.0
480.2145186870793,71.0,0.0
480.22545329207463,70.0,0.0
480.2263127342409,69.0,0.0
480.25134204125055,70.0,0.0
480.25307135151127,69.0,0.0
480.26131837498866,70.0,0.0
480.2628394941323,71.0,0.0
480.26896129397363,72.0,0.0
480.2881689479572,71.0,0.0
480.2940464659276,70.0,0.0
480.29624216732395,69.0,0.0
480.29922900046876,68.0,0.0
480.2997298707987,67.0,0.0
480.31339247453707,68.0,0.0
480.3147131986377,69.0,0.0
480.32018209137595,68.0,0.0
480.32834770787724,67.0,0.0
480.33538531505263,68.0,0.0
480.335734628079,67.0,0.0
480.3581161330395,66.0,0.0
480.3756895442519,67.0,0.0
480.3796449125181,66.0,0.0
480.3903138273825,67.0,0.0
480.39908589508644,66.0,0.0
480.4000575969017,67.0,0.0
480.4133823633235,66.0,0.0
480.4210864051669,65.0,0.0
480.42699429786785,66.0,0.0
480.43230534909264,65.0,0.0
480.442322493909,66.0,0.0
480.4551657724137,67.0,0.0
480.4567960551136,68.0,0.0
480.4575339283949,67.0,0.0
480.4629790711884,68.0,0.0
480.50846930089256,69.0,0.0
480.5158551772029,70.0,0.0
480.5203712157791,69.0,0.0
480.52745305376436,68.0,0.0
480.5467428515273,67.0,0.0
480.5582936129197,66.0,0.0
480.5611809891388,65.0,0.0
480.57174331169534,66.0,0.0
480.5739155750314,65.0,0.0
480.5748700139425,64.0,0.0
480.5772810671885,63.0,0.0
480.5837236068748,62.0,0.0
480.5901750777602,61.0,0.0
480.5910733597344,62.0,0.0
480.6220320698909,61.0,0.0
480.62907752542446,60.0,0.0
480.64040647877215,61.0,0.0
480.64534152309534,62.0,0.0
480.6587884909415,63.0,0.0
480.677226036603,64.0,0.0
480.6779975934243,65.0,0.0
480.68151121169024,64.0,0.0
480.696345953039,65.0,0.0
480.72573556671534,64.0,0.0
480.7340525565351,63.0,0.0
480.7380475570401,64.0,0.0
480.75054534474054,63.0,0.0
480.75076039551305,64.0,0.0
480.7559661194065,63.0,0.0
480.76892842120776,62.0,0.0
480.7744446140164,63.0,0.0
480.7755527660403,62.0,0.0
480.79172453471205,61.0,0.0
480.79567208470314,62.0,0.0
480.79748400999046,63.0,0.0
480.798756020038,62.0,0.0
480.8096212057042,61.0,0.0
480.8115699711746,60.0,0.0
480.8223032694962,61.0,0.0
480.84288668304623,60.0,0.0
480.84883723075677,61.0,0.0
480.8626268840314,60.0,0.0
480.87067201545193,61.0,0.0
480.876853771253,60.0,0.0
480.887695205683,59.0,0.0
480.8891588293877,60.0,0.0
480.891387272774,59.0,0.0
480.8918997138809,58.0,0.0
480.8926745478657,57.0,0.0
480.9060274090336,56.0,0.0
480.90828545376286,55.0,0.0
480.91672748076957,56.0,0.0
480.9280319907642,57.0,0.0
480.9546523552009,56.0,0.0
480.9595749859928,55.0,0.0
480.98022307838886,56.0,0.0
480.980309348036,55.0,0.0
480.9947503745262,54.0,0.0
480.9964704084346,53.0,0.0
481.01304088834763,54.0,0.0
481.0136716801961,53.0,0.0
481.0314228592818,54.0,0.0
481.0385946350767,55.0,0.0
481.04014133239525,54.0,0.0
481.0427404502659,53.0,0.0
481.0437980861753,54.0,0.0
481.04992456030345,53.0,0.0
481.0554679837816,52.0,0.0
481.094743251461,51.0,0.0
481.0949626564075,50.0,0.0
481.1006847395845,49.0,0.0
481.11227543945967,48.0,0.0
481.1130484405091,49.0,0.0
481.1325218853579,50.0,0.0
481.1405511320025,49.0,0.0
481.1433432168557,48.0,0.0
481.15758736730976,47.0,0.0
481.1711352274648,46.0,0.0
481.1932920605334,47.0,0.0
481.195479699503,46.0,0.0
481.20805996055543,45.0,0.0
481.21243957426293,44.0,0.0
481.2163667633982,43.0,0.0
481.22257458339885,44.0,0.0
481.2234243817069,45.0,0.0
481.227983041324,46.0,0.0
481.2424137874904,45.0,0.0
481.24908859660513,46.0,0.0
481.2507846011916,45.0,0.0
481.27738272119547,44.0,0.0
481.2831897125902,43.0,0.0
481.2933277266366,44.0,0.0
481.295040214686,43.0,0.0
481.31395317051346,44.0,0.0
481.3221545408462,45.0,0.0
481.3258510556012,44.0,0.0
481.3265472233721,43.0,0.0
481.3303737912309,42.0,0.0
481.33270357378507,41.0,0.0
481.34777437182504,42.0,0.0
481.3486745259883,41.0,0.0
481.3601516626444,42.0,0.0
481.36425018561044,41.0,0.0
481.3733130789006,42.0,0.0
481.3778989400189,41.0,0.0
481.41398155411747,40.0,0.0
481.42937491006273,39.0,0.0
481.43043793216043,38.0,0.0
481.4346888336776,37.0,0.0
481.4517744159544,36.0,0.0
481.4539912043765,37.0,0.0
481.4579550055987,36.0,0.0
481.4939459784491,35.0,0.0
481.50513387034505,34.0,0.0
481.5065843472187,35.0,0.0
481.51196459779754,34.0,0.0
481.5146435172589,33.0,0.0
481.53638844274707,32.0,0.0
481.5697766490143,31.0,0.0
481.57549994423005,30.0,0.0
481.5761235039433,29.0,0.0
481.59506945124616,30.0,0.0
481.59773700588875,29.0,0.0
481.60725247945345,30.0,0.0
481.61980355261625,29.0,0.0
481.62427051349306,28.0,0.0
481.62457243842306,29.0,0.0
481.6253078844667,30.0,0.0
481.6267029714476,29.0,0.0
481.6273130379962,28.0,0.0
481.63685971564905,27.0,0.0
481.64208749154443,28.0,0.0
481.64217908220365,27.0,0.0
481.6460170198613,28.0,0.0
481.65020578907274,27.0,0.0
481.6555276266606,28.0,0.0
481.65613141672463,27.0,0.0
481.65928041714886,26.0,0.0
481.69069841120034,25.0,0.0
481.692709482016,24.0,0.0
481.6955093633642,23.0,0.0
481.698118087411,22.0,0.0
481.6988631332444,21.0,0.0
481.7050812757668,22.0,0.0
481.7066241710649,21.0,0.0
481.7194805247683,22.0,0.0
481.72373607961725,21.0,0.0
481.7275289669707,20.0,0.0
481.73356116796657,19.0,0.0
481.7353986905952,18.0,0.0
481.74791040810084,19.0,0.0
481.7513501336092,18.0,0.0
481.7591627741319,17.0,0.0
481.7601236391529,16.0,0.0
481.7634779937715,15.0,0.0
481.76598842828207,14.0,0.0
481.78612505734003,13.0,0.0
481.79245061576387,12.0,0.0
481.8042487875613,11.0,0.0
481.80458786229144,10.0,0.0
481.8180445085369,9.0,0.0
481.8187034009114,8.0,0.0
481.8296080391905,9.0,0.0
481.83208559784185,8.0,0.0
481.8530329177839,7.0,0.0
481.8605558013747,6.0,0.0
481.8624191989367,5.0,0.0
481.86430924114245,4.0,0.0
481.87737651925175,3.0,0.0
481.8859623347766,4.0,0.0
481.90718456032135,3.0,0.0
481.91633763898176,4.0,0.0
481.9202265114585,5.0,0.0
481.9225770096533,6.0,0.0
481.92645429615163,7.0,0.0
481.9286443847918,6.0,0.0
481.93265950820586,7.0,0.0
481.9567332551959,8.0,0.0
481.9783621931011,7.0,0.0
481.9801067454678,8.0,0.0
481.9983395574012,7.0,0.0
482.00829349436805,8.0,0.0
482.01969419873507,9.0,0.0
482.0419568792734,8.0,0.0
482.05565049288566,7.0,0.0
482.0641792462013,8.0,0.0
482.06458050567045,9.0,0.0
482.06871280143736,8.0,0.0
482.07274223763716,7.0,0.0
482.07939910149616,6.0,0.0
482.09580262507876,7.0,0.0
482.09752172778224,8.0,0.0
482.1203479213458,7.0,0.0
482.1240844390068,6.0,0.0
482.12648934905377,5.0,0.0
482.1440649783129,6.0,0.0
482.15121541265876,5.0,0.0
482.17314567926945,4.0,0.0
482.18018093914714,5.0,0.0
482.19183017944675,4.0,0.0
482.20398120193147,5.0,0.0
482.2041847513612,6.0,0.0
482.21243533520584,5.0,0.0
482.2150445586444,4.0,0.0
482.2278604443106,3.0,0.0
482.2396226082057,2.0,0.0
482.2570061624722,1.0,0.0
482.2745862436187,0.0,0.0
482.28454568505686,1.0,0.0
482.28902179418895,0.0,0.0
482.2923582449525,1.0,0.0
482.29445237056456,0.0,0.0
482.33633932218635,1.0,0.0
482.3522618302072,2.0,0.0
482.3971057606895,1.0,0.0
482.4034155456801,0.0,0.0
482.40431070243426,1.0,0.0
482.41034010614834,2.0,0.0
482.41787390246003,1.0,0.0
482.45382001336196,0.0,0.0
482.4687948296008,1.0,0.0
482.53083250852967,0.0,0.0
482.55256938230923,1.0,0.0
482.5613495949881,0.0,0.0
482.5789717736427,1.0,0.0
482.5986271874092,0.0,0.0
482.6436372105211,1.0,0.0
482.64547858005835,0.0,0.0
482.85753486194074,1.0,0.0
482.8616031790602,2.0,0.0
482.86271120958975,1.0,0.0
482.9021586193452,2.0,0.0
482.92050668161164,3.0,0.0
482.929052090225,4.0,0.0
482.9344236034595,3.0,0.0
482.97084780267664,2.0,0.0
482.97166479005205,3.0,0.0
482.98679272702145,4.0,0.0
483.0007172856616,3.0,0.0
483.0180069560679,2.0,0.0
483.0207413259555,1.0,0.0
483.02612831021185,0.0,0.0
483.0391123645377,1.0,0.0
483.047129076084,0.0,0.0
483.2049645785937,1.0,0.0
483.2246453085525,2.0,0.0
483.2362022873099,1.0,0.0
483.26265794488967,0.0,0.0
483.34327778012346,1.0,0.0
483.3493498084505,0.0,0.0
483.4231408279923,1.0,0.0
483.43430050761515,0.0,0.0
483.4760639116615,1.0,0.0
483.48050722364434,2.0,0.0
483.49701965126656,3.0,0.0
483.5066604110766,2.0,0.0
483.5219928893852,1.0,0.0
483.5432971706137,0.0,0.0
483.5929391467048,1.0,0.0
483.6096979436123,2.0,0.0
483.62291762897416,1.0,0.0
483.64907561236254,0.0,0.0
483.65373176675666,1.0,0.0
483.6613749194122,0.0,0.0
483.6707086092424,1.0,0.0
483.6731928100141,0.0,0.0
483.67410522305113,1.0,0.0
483.70830525637956,0.0,0.0
483.7390125112152,1.0,0.0
483.75737565131567,2.0,0.0
483.75992348101835,1.0,0.0
483.7671051943892,0.0,0.0
483.854808058138,1.0,0.0
483.8557343147453,0.0,0.0
483.8956411505312,1.0,0.0
483.9135957696646,0.0,0.0
483.95150875832155,1.0,0.0
483.9599369869856,0.0,0.0
483.9670801029823,1.0,0.0
483.9693590761448,0.0,0.0
483.97108978607463,1.0,0.0
483.9795184531741,0.0,0.0
484.08197150179376,1.0,0.0
484.08261578898646,0.0,0.0
484.09334701352117,1.0,0.0
484.0983627477484,2.0,0.0
484.1123081234061,1.0,0.0
484.13210611904327,0.0,0.0
484.15138228296104,1.0,0.0
484.17385415869967,2.0,0.0
484.1805669794495,3.0,0.0
484.2129159657464,2.0,0.0
484.2213670097715,1.0,0.0
484.2504563371997,2.0,0.0
484.2653604487143,1.0,0.0
484.2653931551766,2.0,0.0
484.277954198813,1.0,0.0
484.28263468824395,0.0,0.0
484.30895280176134,1.0,0.0
484.3115274729596,2.0,0.0
484.3121735618256,1.0,0.0
484.33282497843885,0.0,0.0
484.3597789681843,1.0,0.0
484.36348266302804,2.0,0.0
484.3828487422474,3.0,0.0
484.41387022059945,4.0,0.0
484.42022921674294,3.0,0.0
484.44335296479846,4.0,0.0
484.45998211862735,3.0,0.0
484.46147711800427,2.0,0.0
484.4634512546943,1.0,0.0
484.4701153910207,2.0,0.0
484.47851761190844,3.0,0.0
484.4903614003791,2.0,0.0
484.4967944395395,1.0,0.0
484.4991585673809,0.0,0.0
484.5428101415785,1.0,0.0
484.5444594250984,0.0,0.0
484.5722698977527,1.0,0.0
484.57440182058946,0.0,0.0
484.64723180532195,1.0,0.0
484.65464716614474,2.0,0.0
484.68514365190856,1.0,0.0
484.705452241959,2.0,0.0
484.7246455102347,3.0,0.0
484.74138279764327,2.0,0.0
484.75125515128633,1.0,0.0
484.75473910107803,2.0,0.0
484.75629662040217,3.0,0.0
484.76442138362916,2.0,0.0
484.77189754223076,1.0,0.0
484.7896543774088,0.0,0.0
484.82698393883413,1.0,0.0
484.83434681628273,0.0,0.0
484.8529561241109,1.0,0.0
484.87051859874055,2.0,0.0
484.88990081177235,1.0,0.0
484.9431798889225,2.0,0.0
484.9499505429533,1.0,0.0
484.96356679687375,2.0,0.0
485.013234593602,1.0,0.0
485.0223429076545,2.0,0.0
485.03388677015295,3.0,0.0
485.04788004070497,2.0,0.0
485.0607327013174,3.0,0.0
485.095162237395,2.0,0.0
485.10020657704433,1.0,0.0
485.10505259537473,2.0,0.0
485.10842875934645,1.0,0.0
485.1476337684776,0.0,0.0
485.1488188427283,1.0,0.0
485.15660890345544,2.0,0.0
485.16165925760714,3.0,0.0
485.1794617592296,2.0,0.0
485.1873476152115,1.0,0.0
485.24870632539364,0.0,0.0
485.28590400579225,1.0,0.0
485.31342929590056,0.0,0.0
485.343677202767,1.0,0.0
485.3757333940545,2.0,0.0
485.38405369173347,3.0,0.0
485.3868160693805,2.0,0.0
485.397201140383,1.0,0.0
485.4023461762132,2.0,0.0
485.44922401788733,3.0,0.0
485.45327815596,2.0,0.0
485.47005225631875,1.0,0.0
485.4751610184551,2.0,0.0
485.49716877114355,1.0,0.0
485.5051594571578,0.0,0.0
485.5137690038768,1.0,0.0
485.55858036021783,2.0,0.0
485.5644878307313,3.0,0.0
485.57598746626655,2.0,0.0
485.5779383286969,3.0,0.0
485.5901202569069,2.0,0.0
485.60136507794965,1.0,0.0
485.6136227600301,0.0,0.0
485.62061233002896,1.0,0.0
485.6553991725703,2.0,0.0
485.67120153986093,1.0,0.0
485.7103222147143,2.0,0.0
485.7298707423169,3.0,0.0
485.74271397752074,4.0,0.0
485.75006185349525,5.0,0.0
485.75416566174835,6.0,0.0
485.7560444011808,7.0,0.0
485.75931803998617,6.0,0.0
485.76564922407323,5.0,0.0
485.79641309245477,4.0,0.0
485.8076365176657,5.0,0.0
485.82998604759797,4.0,0.0
485.84384952822916,3.0,0.0
485.8484233140285,4.0,0.0
485.8598412139943,5.0,0.0
485.868184227294,6.0,0.0
485.8751868562433,7.0,0.0
485.8842097049293,6.0,0.0
485.8915115080741,5.0,0.0
485.90475854546423,4.0,0.0
485.9074669899351,3.0,0.0
485.9154341062214,4.0,0.0
485.9211646625665,3.0,0.0
485.92284618349504,2.0,0.0
485.952246124444,1.0,0.0
485.96166487588414,0.0,0.0
485.96215582000934,1.0,0.0
485.9708603644948,2.0,0.0
485.97507755497725,3.0,0.0
485.9788533431063,4.0,0.0
485.9890056700026,5.0,0.0
485.9904373192624,4.0,0.0
485.99729564682195,5.0,0.0
486.00655866813594,4.0,0.0
486.01233143197766,3.0,0.0
486.01747851827366,2.0,0.0
486.0248601591721,3.0,0.0
486.04396141972103,4.0,0.0
486.0566369312193,5.0,0.0
486.05856794646587,6.0,0.0
486.0586073669938,5.0,0.0
486.0770394941687,4.0,0.0
486.0777497140953,5.0,0.0
486.1052229709389,4.0,0.0
486.1133540349381,5.0,0.0
486.1159715670928,4.0,0.0
486.13291967480245,5.0,0.0
486.134082300149,6.0,0.0
486.13937329257436,7.0,0.0
486.14543013980807,8.0,0.0
486.203845873071,7.0,0.0
486.21191275814743,8.0,0.0
486.2180218550928,7.0,0.0
486.23734767602235,8.0,0.0
486.2492461282766,7.0,0.0
486.25583867014194,6.0,0.0
486.272957391828,5.0,0.0
486.29163324849907,6.0,0.0
486.29576692080855,5.0,0.0
486.2981809950717,6.0,0.0
486.3021791058511,5.0,0.0
486.30998379969674,6.0,0.0
486.31220728718125,5.0,0.0
486.31430874916236,4.0,0.0
486.33642939325824,5.0,0.0
486.34791837871956,4.0,0.0
486.34832398205765,5.0,0.0
486.3522250804896,6.0,0.0
486.35372663595456,5.0,0.0
486.35722714023854,6.0,0.0
486.36031157170135,7.0,0.0
486.369030221977,6.0,0.0
486.36993240606927,7.0,0.0
486.3748961526502,6.0,0.0
486.3840978908828,5.0,0.0
486.3861502801161,4.0,0.0
486.39036358877814,5.0,0.0
486.40488780146023,4.0,0.0
486.4177211884959,5.0,0.0
486.41849302943456,6.0,0.0
486.43111555935474,5.0,0.0
486.43231460338944,4.0,0.0
486.4336582462773,5.0,0.0
486.45788671144464,4.0,0.0
486.4705172656181,3.0,0.0
486.4779079832609,2.0,0.0
486.4971435070152,1.0,0.0
486.50917453776,0.0,0.0
486.53206056219733,1.0,0.0
486.53302136193247,0.0,0.0
486.5384450493602,1.0,0.0
486.59960079685436,2.0,0.0
486.6119229698213,3.0,0.0
486.6119535287545,2.0,0.0
486.6254664757488,3.0,0.0
486.6260786329445,2.0,0.0
486.62880641099457,1.0,0.0
486.6326913139369,2.0,0.0
486.63347448679923,3.0,0.0
486.6349064223483,2.0,0.0
486.64177799247204,3.0,0.0
486.6533896604427,2.0,0.0
486.6571766962809,3.0,0.0
486.65915933917984,4.0,0.0
486.66178730727404,5.0,0.0
486.6762839372197,6.0,0.0
486.6799433654109,5.0,0.0
486.6830681264704,6.0,0.0
486.68610620678,7.0,0.0
486.69209910991333,8.0,0.0
486.69213446855656,9.0,0.0
486.7233132832301,10.0,0.0
486.7413325759523,9.0,0.0
486.74826309536456,8.0,0.0
486.7526361998797,7.0,0.0
486.7556213085318,8.0,0.0
486.7597776000666,9.0,0.0
486.76144120740696,8.0,0.0
486.76477600062026,9.0,0.0
486.7841283053174,10.0,0.0
486.7899318347266,9.0,0.0
486.792726623165,10.0,0.0
486.7941911441034,11.0,0.0
486.7982048870477,10.0,0.0
486.8014254358063,9.0,0.0
486.8071093853172,8.0,0.0
486.8074463709164,9.0,0.0
486.8293207164049,8.0,0.0
486.8425732735362,7.0,0.0
486.8443861279258,8.0,0.0
486.84675696742363,9.0,0.0
486.8468221529616,10.0,0.0
486.84728269158154,11.0,0.0
486.8556085403755,12.0,0.0
486.8624534851866,13.0,0.0
486.87344938387173,12.0,0.0
486.8765729447453,11.0,0.0
486.8783261037323,10.0,0.0
486.8785862745487,9.0,0.0
486.88824784096965,10.0,0.0
486.8888438323362,9.0,0.0
486.90617128514964,10.0,0.0
486.9072167148258,9.0,0.0
486.9099948869494,10.0,0.0
486.91773026464443,9.0,0.0
486.9283225156947,8.0,0.0
486.9327550840427,9.0,0.0
486.9355020339552,8.0,0.0
486.9426161947346,9.0,0.0
486.95062626047826,8.0,0.0
486.96166790845945,9.0,0.0
486.97859342199,10.0,0.0
486.97962503240785,11.0,0.0
487.0038139498152,10.0,0.0
487.0064345856281,11.0,0.0
487.0124380301538,12.0,0.0
487.01503934710263,11.0,0.0
487.016073893935,10.0,0.0
487.02208161648997,11.0,0.0
487.02468664095073,10.0,0.0
487.02715554804337,9.0,0.0
487.0357995237417,10.0,0.0
487.0437801344298,11.0,0.0
487.04523164138794,12.0,0.0
487.0487171735153,13.0,0.0
487.0650968468096,14.0,0.0
487.0680361373513,15.0,0.0
487.0747069081201,16.0,0.0
487.08692690291053,17.0,0.0
487.0947725697647,18.0,0.0
487.09769891414254,17.0,0.0
487.1003265234831,16.0,0.0
487.1069016131236,15.0,0.0
487.1139894121669,16.0,0.0
487.11579693385187,17.0,0.0
487.11649657776036,18.0,0.0
487.13683098247446,17.0,0.0
487.13872293305076,16.0,0.0
487.1436369431063,17.0,0.0
487.14457006690895,16.0,0.0
487.148366877583,17.0,0.0
487.149925303667,16.0,0.0
487.15376818008053,15.0,0.0
487.1624823119841,14.0,0.0
487.16264679161156,15.0,0.0
487.1633586107332,14.0,0.0
487.16899160076997,15.0,0.0
487.17099361385266,14.0,0.0
487.17315558196856,13.0,0.0
487.1820882604356,14.0,0.0
487.2077127051255,15.0,0.0
487.2173859880209,14.0,0.0
487.24325080140255,13.0,0.0
487.247430074559,14.0,0.0
487.26465297509964,13.0,0.0
487.26924491870045,12.0,0.0
487.26981877456575,13.0,0.0
487.27414726044515,14.0,0.0
487.2810899673267,13.0,0.0
487.3097450831182,12.0,0.0
487.3257175192428,13.0,0.0
487.327675618406,14.0,0.0
487.3395284854329,15.0,0.0
487.34154558740414,16.0,0.0
487.3541135095227,15.0,0.0
487.35532650621326,16.0,0.0
487.36057246727825,17.0,0.0
487.36250136136,16.0,0.0
487.36729128354386,17.0,0.0
487.3718961173717,16.0,0.0
487.37705243654835,17.0,0.0
487.3796960488209,18.0,0.0
487.3798633966117,19.0,0.0
487.38228228800534,20.0,0.0
487.3884493348781,19.0,0.0
487.3893848807406,18.0,0.0
487.3911836881376,19.0,0.0
487.3933835376253,20.0,0.0
487.3958426665821,19.0,0.0
487.4142748546844,20.0,0.0
487.41471207274503,19.0,0.0
487.41771103053514,18.0,0.0
487.4210247076386,17.0,0.0
487.4248673752708,18.0,0.0
487.42490849252715,19.0,0.0
487.4332064495613,18.0,0.0
487.4426289062104,19.0,0.0
487.44810692808176,18.0,0.0
487.45030772943153,17.0,0.0
487.4520338408856,16.0,0.0
487.45900705429307,17.0,0.0
487.4662418382422,16.0,0.0
487.4763567858992,15.0,0.0
487.4775268278168,16.0,0.0
487.49724430338813,17.0,0.0
487.5001857812619,16.0,0.0
487.5051496447898,15.0,0.0
487.50779137946137,16.0,0.0
487.5113510088194,15.0,0.0
487.5129094358395,14.0,0.0
487.51305063261606,13.0,0.0
487.5261966038093,12.0,0.0
487.53069063422316,13.0,0.0
487.530976537914,12.0,0.0
487.53132587747245,11.0,0.0
487.5380096351102,12.0,0.0
487.5385012418427,11.0,0.0
487.5438802601348,10.0,0.0
487.5643755267475,11.0,0.0
487.56727512306725,12.0,0.0
487.5709136798509,13.0,0.0
487.5892353292197,12.0,0.0
487.5902718210418,11.0,0.0
487.5934178011315,10.0,0.0
487.59548310219765,9.0,0.0
487.5984551075672,8.0,0.0
487.60169030198733,9.0,0.0
487.6025573191748,10.0,0.0
487.6138607861345,9.0,0.0
487.6224197407258,10.0,0.0
487.6303502157677,9.0,0.0
487.63833062385686,8.0,0.0
487.6409909961665,9.0,0.0
487.6422312954127,10.0,0.0
487.6426004076554,11.0,0.0
487.6469334609181,10.0,0.0
487.64974790879603,11.0,0.0
487.650240985619,10.0,0.0
487.6542361667073,9.0,0.0
487.6585148944557,10.0,0.0
487.66708686948124,9.0,0.0
487.670627831504,10.0,0.0
487.6881684782189,9.0,0.0
487.6899594251641,10.0,0.0
487.6974585176798,11.0,0.0
487.70067425121357,12.0,0.0
487.7164837338033,13.0,0.0
487.7198468079599,14.0,0.0
487.726661863731,15.0,0.0
487.7297962616211,16.0,0.0
487.73191027263607,15.0,0.0
487.73698179037353,14.0,0.0
487.7405936826476,15.0,0.0
487.7528403093687,14.0,0.0
487.7644085906696,13.0,0.0
487.76996699445095,14.0,0.0
487.77130437853265,15.0,0.0
487.7739230447649,16.0,0.0
487.78065737431757,15.0,0.0
487.79930166290103,14.0,0.0
487.83535833996734,15.0,0.0
487.8422353075174,14.0,0.0
487.8431901683704,13.0,0.0
487.84500737962156,14.0,0.0
487.85275964883454,15.0,0.0
487.86767184163006,14.0,0.0
487.8794338851626,15.0,0.0
487.88040523216955,14.0,0.0
487.88067239240354,15.0,0.0
487.8859004171109,16.0,0.0
487.88949283805795,17.0,0.0
487.89599364965636,16.0,0.0
487.8982653874101,17.0,0.0
487.9044697993155,16.0,0.0
487.9078621837236,17.0,0.0
487.9081386614165,18.0,0.0
487.9424591619279,17.0,0.0
487.9571201379663,16.0,0.0
487.96216276101273,17.0,0.0
487.96992589437167,16.0,0.0
487.9797505277564,17.0,0.0
487.98857796202054,18.0,0.0
487.99367184459,19.0,0.0
488.002686296715,20.0,0.0
488.004377114058,19.0,0.0
488.00948406796346,20.0,0.0
488.01170584218374,19.0,0.0
488.01192805707205,20.0,0.0
488.0134295687721,19.0,0.0
488.02094545726214,20.0,0.0
488.0300692207625,21.0,0.0
488.0315527520966,22.0,0.0
488.0352573967033,21.0,0.0
488.03611135495316,22.0,0.0
488.0365483127731,21.0,0.0
488.0448047073567,22.0,0.0
488.0508336440163,23.0,0.0
488.05155252973174,24.0,0.0
488.0520091154784,25.0,0.0
488.05379949536837,26.0,0.0
488.0538309924472,25.0,0.0
488.06130485611345,26.0,0.0
488.06346114510836,27.0,0.0
488.06983495433616,28.0,0.0
488.0704894385123,27.0,0.0
488.09047972728456,26.0,0.0
488.0962252161344,25.0,0.0
488.09796932470994,24.0,0.0
488.1029500916116,23.0,0.0
488.1070241723101,22.0,0.0
488.10734848152873,23.0,0.0
488.11528400969263,24.0,0.0
488.1165403858727,23.0,0.0
488.11918668935976,22.0,0.0
488.1222006589939,21.0,0.0
488.13066148065974,22.0,0.0
488.1366314844425,21.0,0.0
488.1387492763821,20.0,0.0
488.16341534149115,19.0,0.0
488.17146769024697,20.0,0.0
488.174976343102,19.0,0.0
488.17986844563075,20.0,0.0
488.1836620935817,19.0,0.0
488.18913128761506,18.0,0.0
488.21031234240735,19.0,0.0
488.2103891211439,18.0,0.0
488.21254589958465,19.0,0.0
488.22276616524186,20.0,0.0
488.2227693680722,21.0,0.0
488.22418528176394,20.0,0.0
488.22516357262407,19.0,0.0
488.225936600085,18.0,0.0
488.22706066187754,19.0,0.0
488.2324420130844,20.0,0.0
488.23509633754094,21.0,0.0
488.2368049444897,20.0,0.0
488.2460793596085,19.0,0.0
488.2580704168343,20.0,0.0
488.25958926767953,21.0,0.0
488.2620225497077,22.0,0.0
488.26672932340716,23.0,0.0
488.2713655995732,22.0,0.0
488.2732076176697,23.0,0.0
488.2733560314617,22.0,0.0
488.27846328265827,21.0,0.0
488.27986667401706,20.0,0.0
488.2853578748588,19.0,0.0
488.30922277204803,20.0,0.0
488.309335985336,19.0,0.0
488.3221419960375,18.0,0.0
488.3321233601386,19.0,0.0
488.3358774472108,20.0,0.0
488.33806974426983,21.0,0.0
488.3381686054786,20.0,0.0
488.33960203855855,19.0,0.0
488.34283910919163,20.0,0.0
488.34847693404515,21.0,0.0
488.3489285943024,20.0,0.0
488.35070868414476,21.0,0.0
488.3557100569326,20.0,0.0
488.3632029630279,21.0,0.0
488.3662297538104,22.0,0.0
488.3674207121779,21.0,0.0
488.37100831997753,22.0,0.0
488.3756209540751,23.0,0.0
488.3820519379192,24.0,0.0
488.38737948406447,25.0,0.0
488.38870344888556,26.0,0.0
488.39149994632277,27.0,0.0
488.3919083838861,26.0,0.0
488.39299977628474,27.0,0.0
488.39766540325667,26.0,0.0
488.4049870377786,27.0,0.0
488.4057115094359,26.0,0.0
488.4089984496449,27.0,0.0
488.41207870774446,26.0,0.0
488.4142554107409,27.0,0.0
488.414341048263,28.0,0.0
488.4237612996279,29.0,0.0
488.42655418655266,30.0,0.0
488.43326471908205,31.0,0.0
488.43349697908997,32.0,0.0
488.44039157115776,33.0,0.0
488.44834877082513,34.0,0.0
488.45277326846906,35.0,0.0
488.4577497644047,36.0,0.0
488.45861212627995,37.0,0.0
488.47604182609354,38.0,0.0
488.4868893290126,39.0,0.0
488.4882323972412,40.0,0.0
488.4903668096759,41.0,0.0
488.4913644402016,40.0,0.0
488.4937955264696,41.0,0.0
488.5009840865409,42.0,0.0
488.5053072723394,43.0,0.0
488.5114924782542,42.0,0.0
488.51428354258405,41.0,0.0
488.51538941747975,40.0,0.0
488.5175400700391,41.0,0.0
488.5227842223392,40.0,0.0
488.5297597357823,41.0,0.0
488.53611714704437,42.0,0.0
488.5388246592556,41.0,0.0
488.5391569224365,40.0,0.0
488.5428370864528,41.0,0.0
488.5480336417208,42.0,0.0
488.5558799028605,41.0,0.0
488.55767779694554,42.0,0.0
488.55941320883113,41.0,0.0
488.5727031762246,42.0,0.0
488.5785159461598,43.0,0.0
488.5832871849582,42.0,0.0
488.58499261276927,41.0,0.0
488.5858116405667,42.0,0.0
488.59057599976103,43.0,0.0
488.5925247449301,44.0,0.0
488.59336934551163,45.0,0.0
488.5959176165107,46.0,0.0
488.60274145472965,45.0,0.0
488.6050459214974,46.0,0.0
488.6109339536787,45.0,0.0
488.6131078630949,46.0,0.0
488.6147782867384,45.0,0.0
488.61804826882803,46.0,0.0
488.63700668605287,45.0,0.0
488.65063764673863,46.0,0.0
488.6727838972512,45.0,0.0
488.67587126186953,44.0,0.0
488.6820532704342,45.0,0.0
488.69672332969014,46.0,0.0
488.7021677675461,45.0,0.0
488.70811079045376,46.0,0.0
488.7094599667817,45.0,0.0
488.71566519501476,44.0,0.0
488.71788916518244,43.0,0.0
488.71821914738166,44.0,0.0
488.7188670981067,43.0,0.0
488.7214483749326,44.0,0.0
488.74314822585075,43.0,0.0
488.7447528706352,44.0,0.0
488.76259167538143,43.0,0.0
488.77884721964335,42.0,0.0
488.7791439043641,41.0,0.0
488.77922404299875,42.0,0.0
488.78256241154844,43.0,0.0
488.7840659164429,44.0,0.0
488.78824403821926,43.0,0.0
488.7916005952048,42.0,0.0
488.7927230483207,41.0,0.0
488.79496414508435,40.0,0.0
488.79549487986344,41.0,0.0
488.7961885493848,40.0,0.0
488.7986731211298,41.0,0.0
488.81436754870975,42.0,0.0
488.8159469980328,43.0,0.0
488.8211262155043,44.0,0.0
488.822212488566,43.0,0.0
488.828521897794,44.0,0.0
488.82957545132064,45.0,0.0
488.83614146835566,44.0,0.0
488.83996717537497,45.0,0.0
488.8643527735042,46.0,0.0
488.86485466707165,45.0,0.0
488.8881698398504,44.0,0.0
488.89068570387224,43.0,0.0
488.8915628990062,44.0,0.0
488.9008247345392,45.0,0.0
488.90276493492667,44.0,0.0
488.91445094540455,45.0,0.0
488.91715587300075,44.0,0.0
488.9319310518779,45.0,0.0
488.93378165109493,46.0,0.0
488.9351836365873,47.0,0.0
488.93519058476284,48.0,0.0
488.95895294166644,49.0,0.0
488.96014470718205,50.0,0.0
488.9754247139806,51.0,0.0
488.9836371589806,50.0,0.0
488.9852465458692,51.0,0.0
488.98980080365834,50.0,0.0
488.9913992746918,51.0,0.0
488.99252961282826,52.0,0.0
488.9930464101584,53.0,0.0
488.9939987012099,54.0,0.0
488.9967926773907,53.0,0.0
488.99789302491644,54.0,0.0
489.00131510381675,55.0,0.0
489.00820124559766,56.0,0.0
489.00880909110987,57.0,0.0
489.0153794774568,56.0,0.0
489.02456318988857,57.0,0.0
489.03412976426523,58.0,0.0
489.0388292536517,59.0,0.0
489.0410862815556,58.0,0.0
489.0485235078831,57.0,0.0
489.0537351667736,58.0,0.0
489.0544460841499,59.0,0.0
489.0563226613301,58.0,0.0
489.0583188991146,59.0,0.0
489.0593165915103,58.0,0.0
489.0608987614049,59.0,0.0
489.06448131952794,60.0,0.0
489.0662270908777,59.0,0.0
489.0671102326311,60.0,0.0
489.067149832328,61.0,0.0
489.06736094134016,60.0,0.0
489.0722371714421,61.0,0.0
489.0775917040092,62.0,0.0
489.0872276867184,63.0,0.0
489.08893597227274,64.0,0.0
489.09197052579646,65.0,0.0
489.09299194082814,66.0,0.0
489.09458484727185,67.0,0.0
489.0955292111573,68.0,0.0
489.1050384787625,67.0,0.0
489.1099500717294,68.0,0.0
489.11056334294835,69.0,0.0
489.1135915197678,70.0,0.0
489.1165249843529,69.0,0.0
489.1203744919009,70.0,0.0
489.1261454953716,69.0,0.0
489.1287186641674,68.0,0.0
489.13313251097986,69.0,0.0
489.13367650998265,68.0,0.0
489.14159227478854,67.0,0.0
489.1422771733747,68.0,0.0
489.14580197113617,69.0,0.0
489.14718272870033,70.0,0.0
489.159293462388,71.0,0.0
489.1603098715687,72.0,0.0
489.1660132586174,73.0,0.0
489.17517562634833,72.0,0.0
489.1757294907674,71.0,0.0
489.1855353560448,72.0,0.0
489.1865325947263,71.0,0.0
489.19551263372597,70.0,0.0
489.1992932586672,71.0,0.0
489.2119246473644,72.0,0.0
489.2234509425575,73.0,0.0
489.2309533462482,74.0,0.0
489.23360986819216,73.0,0.0
489.24185165076256,72.0,0.0
489.2505213462525,73.0,0.0
489.2567221564348,72.0,0.0
489.25748502399347,73.0,0.0
489.26042499899677,74.0,0.0
489.2627854017244,73.0,0.0
489.27163288499963,72.0,0.0
489.2761836624573,71.0,0.0
489.27696266050486,72.0,0.0
489.28368158943823,73.0,0.0
489.2837945007087,74.0,0.0
489.2853849378454,75.0,0.0
489.29008388946426,74.0,0.0
489.30627546138516,73.0,0.0
489.3142594717958,74.0,0.0
489.3191256122905,75.0,0.0
489.31957377780617,74.0,0.0
489.320545027801,75.0,0.0
489.33096790376504,76.0,0.0
489.33982312812907,77.0,0.0
489.3587624507652,76.0,0.0
489.3601864464479,77.0,0.0
489.3730613352831,78.0,0.0
489.3739957926874,79.0,0.0
489.37713391805636,78.0,0.0
489.3774293905669,77.0,0.0
489.3938735287717,78.0,0.0
489.39609069860086,77.0,0.0
489.3998380166277,78.0,0.0
489.40314655647023,79.0,0.0
489.42441797939256,78.0,0.0
489.42624037418693,77.0,0.0
489.4283988357749,76.0,0.0
489.4291881052327,77.0,0.0
489.45099965286175,78.0,0.0
489.45427467122107,79.0,0.0
489.4557194136302,80.0,0.0
489.45858386027436,79.0,0.0
489.47441730244884,80.0,0.0
489.4827035354595,81.0,0.0
489.4888045203019,82.0,0.0
489.48929854975245,81.0,0.0
489.4925920809694,82.0,0.0
489.4946990887192,83.0,0.0
489.5049431431954,82.0,0.0
489.50755874408355,83.0,0.0
489.51321180415914,82.0,0.0
489.5162745691111,81.0,0.0
489.522313684546,82.0,0.0
489.5224560122735,83.0,0.0
489.52285901517786,82.0,0.0
489.52559048417066,81.0,0.0
489.5283842257256,82.0,0.0
489.5323851462367,83.0,0.0
489.535166194633,84.0,0.0
489.5621302709716,83.0,0.0
489.5641915172281,82.0,0.0
489.5654305690902,81.0,0.0
489.56571495704577,80.0,0.0
489.56578222332257,79.0,0.0
489.56603476802394,78.0,0.0
489.5707412244814,77.0,0.0
489.5783406275638,78.0,0.0
489.58962934661804,77.0,0.0
489.59055361575093,76.0,0.0
489.5915689147297,75.0,0.0
489.5969391248706,74.0,0.0
489.6070427506253,73.0,0.0
489.61344215078594,72.0,0.0
489.63143824763404,73.0,0.0
489.63143841997646,72.0,0.0
489.63325069846746,71.0,0.0
489.63723896517854,70.0,0.0
489.64358180487835,69.0,0.0
489.66011027466084,70.0,0.0
489.66034894158713,71.0,0.0
489.6646445217942,72.0,0.0
489.66531789330935,71.0,0.0
489.6683700160949,70.0,0.0
489.6739106613924,69.0,0.0
489.6771639034821,70.0,0.0
489.6788602072683,69.0,0.0
489.6828492182866,68.0,0.0
489.6844992945892,67.0,0.0
489.68562459164247,66.0,0.0
489.6913217200187,65.0,0.0
489.7002735226026,64.0,0.0
489.70040069396964,63.0,0.0
489.70521086758237,64.0,0.0
489.7067588017527,65.0,0.0
489.71392753521195,66.0,0.0
489.7160102080265,67.0,0.0
489.71975216099054,68.0,0.0
489.72253414571287,69.0,0.0
489.7236329808961,68.0,0.0
489.7270039020379,69.0,0.0
489.72742528268054,68.0,0.0
489.73374603416204,67.0,0.0
489.7349899773748,66.0,0.0
489.7358889375223,65.0,0.0
489.7365726371562,64.0,0.0
489.73846859227814,65.0,0.0
489.74414798407724,64.0,0.0
489.7457150235586,63.0,0.0
489.7523920616204,64.0,0.0
489.76083728194584,65.0,0.0
489.76168200263356,64.0,0.0
489.76914807149194,65.0,0.0
489.798774902867,66.0,0.0
489.80174604379454,67.0,0.0
489.803764606483,68.0,0.0
489.80665818487387,69.0,0.0
489.81301795878574,70.0,0.0
489.82224488465414,71.0,0.0
489.8261609784428,72.0,0.0
489.8397338065219,73.0,0.0
489.84903322567465,74.0,0.0
489.8519423062453,75.0,0.0
489.85713720873053,76.0,0.0
489.8609740927918,75.0,0.0
489.87402496469326,76.0,0.0
489.8760161563977,75.0,0.0
489.89299920416903,74.0,0.0
489.9073974733671,75.0,0.0
489.92844318205636,74.0,0.0
489.93083270208916,73.0,0.0
489.9402226613995,72.0,0.0
489.9440428030738,71.0,0.0
489.9462423779987,72.0,0.0
489.9591943777359,73.0,0.0
489.96581721005276,74.0,0.0
489.9695433544119,73.0,0.0
489.9911168370382,74.0,0.0
489.99121305408636,75.0,0.0
489.99718929621247,74.0,0.0
490.00399273724713,75.0,0.0
490.00562731245213,74.0,0.0
490.0220788799605,75.0,0.0
490.02254222953985,74.0,0.0
490.0233054128735,75.0,0.0
490.02758470369054,74.0,0.0
490.02813542396893,75.0,0.0
490.03052057442795,76.0,0.0
490.0310037075987,77.0,0.0
490.04486647309363,78.0,0.0
490.0550983019282,77.0,0.0
490.05852600261767,76.0,0.0
490.05999988929256,75.0,0.0
490.06200178410774,76.0,0.0
490.0837731667893,75.0,0.0
490.09270205504566,74.0,0.0
490.0938672279943,73.0,0.0
490.09695785739547,72.0,0.0
490.0979364607173,73.0,0.0
490.1325710147449,74.0,0.0
490.14002775371847,75.0,0.0
490.14891311467255,76.0,0.0
490.14918933739676,75.0,0.0
490.1510607199231,76.0,0.0
490.1513052515678,77.0,0.0
490.1606649159482,78.0,0.0
490.16083958849885,77.0,0.0
490.16542863016053,78.0,0.0
490.1698662672204,77.0,0.0
490.1723048861016,76.0,0.0
490.17265305103973,77.0,0.0
490.176361219744,76.0,0.0
490.17703499880696,77.0,0.0
490.1780014393782,76.0,0.0
490.1850749967725,77.0,0.0
490.1870390820245,78.0,0.0
490.18739158475273,79.0,0.0
490.193656537452,78.0,0.0
490.20311560199355,79.0,0.0
490.2065672204829,78.0,0.0
490.20846281490515,77.0,0.0
490.21027597536937,78.0,0.0
490.2165150305181,79.0,0.0
490.21832656136485,78.0,0.0
490.2186100963585,79.0,0.0
490.2187286170343,80.0,0.0
490.2240314009363,79.0,0.0
490.2319248661357,78.0,0.0
490.24156669572227,79.0,0.0
490.2470879501129,78.0,0.0
490.2473474619313,77.0,0.0
490.2557716029823,78.0,0.0
490.2612948431603,79.0,0.0
490.26310255610036,78.0,0.0
490.2684949418892,79.0,0.0
490.2711299184135,78.0,0.0
490.2913941330132,79.0,0.0
490.2952190730868,80.0,0.0
490.3026277925479,81.0,0.0
490.3076836835142,80.0,0.0
490.3151216697585,81.0,0.0
490.32042029056663,82.0,0.0
490.32775150002306,81.0,0.0
490.3334615635919,80.0,0.0
490.3372800043978,81.0,0.0
490.3405630096404,82.0,0.0
490.34936759537,83.0,0.0
490.3533134967392,82.0,0.0
490.35468354688214,83.0,0.0
490.3634090636567,82.0,0.0
490.3664041000279,83.0,0.0
490.36774611295505,82.0,0.0
490.37148635718063,81.0,0.0
490.37590795042394,82.0,0.0
490.3811025924624,83.0,0.0
490.3836345544412,84.0,0.0
490.3866448114146,83.0,0.0
490.40029489943,82.0,0.0
490.40094269119083,81.0,0.0
490.40182880003346,80.0,0.0
490.40194547924136,81.0,0.0
490.4029621448262,80.0,0.0
490.4104379896097,79.0,0.0
490.41832554722805,80.0,0.0
490.428538195332,79.0,0.0
490.4359370640806,78.0,0.0
490.4465839772324,79.0,0.0
490.4489411017078,80.0,0.0
490.4741835115027,79.0,0.0
490.4746096398094,80.0,0.0
490.48036565348133,81.0,0.0
490.48146125220444,80.0,0.0
490.4883970277308,81.0,0.0
490.4909144721792,82.0,0.0
490.4945565878396,83.0,0.0
490.5069956575184,84.0,0.0
490.5121586506371,85.0,0.0
490.5189535560961,84.0,0.0
490.522889702051,83.0,0.0
490.52870721404474,82.0,0.0
490.53597967734476,83.0,0.0
490.53620762756935,84.0,0.0
490.53690025874386,85.0,0.0
490.54391122511873,86.0,0.0
490.54398084844723,87.0,0.0
490.54823419065144,88.0,0.0
490.5492392286355,89.0,0.0
490.56575485035023,88.0,0.0
490.56692816409907,89.0,0.0
490.5914022089646,90.0,0.0
490.59992389326146,91.0,0.0
490.60580538921624,92.0,0.0
490.60684351538157,93.0,0.0
490.61279593567593,92.0,0.0
490.614386188352,93.0,0.0
490.61457457940645,92.0,0.0
490.62243817819274,93.0,0.0
490.6245246476477,94.0,0.0
490.6248055141737,93.0,0.0
490.63779734499656,92.0,0.0
490.6385065450748,93.0,0.0
490.6391987189233,94.0,0.0
490.64395025251207,95.0,0.0
490.65482127878795,96.0,0.0
490.65564743446265,95.0,0.0
490.66376613062425,94.0,0.0
490.66516637169275,95.0,0.0
490.6667262618427,94.0,0.0
490.6719812402199,95.0,0.0
490.6811843449543,96.0,0.0
490.68163988569836,97.0,0.0
490.68914714656614,96.0,0.0
490.69432144845314,97.0,0.0
490.7142151994893,96.0,0.0
490.7142489666785,95.0,0.0
490.7212328656291,94.0,0.0
490.7237191667094,95.0,0.0
490.74177445365035,96.0,0.0
490.742988036249,97.0,0.0
490.74635663051055,96.0,0.0
490.7523418571767,97.0,0.0
490.75523397920864,96.0,0.0
490.75542835551556,97.0,0.0
490.76508453840006,96.0,0.0
490.76626303180234,95.0,0.0
490.77422424531846,94.0,0.0
490.7802870918246,93.0,0.0
490.7933365336479,94.0,0.0
490.8067412046031,95.0,0.0
490.82305400096266,96.0,0.0
490.8233274566954,97.0,0.0
490.8284389864363,96.0,0.0
490.83911454213813,95.0,0.0
490.84348229318954,94.0,0.0
490.84352528215356,95.0,0.0
490.8444093204017,96.0,0.0
490.84849336582425,97.0,0.0
490.8562360907669,96.0,0.0
490.8597800351196,95.0,0.0
490.86342909525814,96.0,0.0
490.86626172903743,97.0,0.0
490.86985491563075,96.0,0.0
490.8724043956445,97.0,0.0
490.8749546806679,98.0,0.0
490.8824780074057,99.0,0.0
490.88679826938306,100.0,0.0
490.8959342716341,99.0,0.0
490.89823309560956,98.0,0.0
490.9028847501568,99.0,0.0
490.9062082232824,100.0,0.0
490.90688446414185,99.0,0.0
490.9106891033986,100.0,0.0
490.91249399716315,101.0,0.0
490.917366276961,102.0,0.0
490.9200984475242,103.0,0.0
490.92362248738795,104.0,0.0
490.9259859632233,105.0,0.0
490.9357032341159,104.0,0.0
490.94025936667555,103.0,0.0
490.94553808067116,104.0,0.0
490.95131885841414,103.0,0.0
490.9526375024379,104.0,0.0
490.9546912471549,103.0,0.0
490.955383983459,104.0,0.0
490.96463625477867,105.0,0.0
490.9658376377857,104.0,0.0
490.97016914934517,105.0,0.0
490.97105529720017,106.0,0.0
490.97567973442995,105.0,0.0
490.9786418391878,104.0,0.0
490.9840077726158,105.0,0.0
490.9868510781048,104.0,0.0
490.9894715042653,105.0,0.0
490.9895889693698,104.0,0.0
490.9896713749956,103.0,0.0
490.9925252859298,102.0,0.0
490.99496367022965,101.0,0.0
491.012271432072,102.0,0.0
491.02264146682455,103.0,0.0
491.0239153285521,102.0,0.0
491.03087378795493,101.0,0.0
491.03504041783964,102.0,0.0
491.04120712740405,101.0,0.0
491.05404679231,100.0,0.0
491.05422498087637,101.0,0.0
491.067509179014,100.0,0.0
491.0827820845231,101.0,0.0
491.09802595210505,102.0,0.0
491.11674105644823,103.0,0.0
491.12056873620844,104.0,0.0
491.12193752131884,105.0,0.0
491.1248534511081,104.0,0.0
491.128720104753,105.0,0.0
491.1294412695797,106.0,0.0
491.1306259688858,107.0,0.0
491.1373835406689,106.0,0.0
491.1378852631192,107.0,0.0
491.13931050015253,108.0,0.0
491.18508278089155,109.0,0.0
491.1883109336824,110.0,0.0
491.19173297143783,109.0,0.0
491.1932885251881,108.0,0.0
491.1959787174939,109.0,0.0
491.20268399868047,110.0,0.0
491.2055929467366,111.0,0.0
491.2164249701849,112.0,0.0
491.2182485347688,113.0,0.0
491.2202188807936,114.0,0.0
491.2258826228744,115.0,0.0
491.2299777347877,114.0,0.0
491.24246003454965,115.0,0.0
491.24252534161036,116.0,0.0
491.24660535043887,115.0,0.0
491.2559497218404,114.0,0.0
491.2604340825598,113.0,0.0
491.27130440626786,114.0,0.0
491.2836768970008,113.0,0.0
491.28828500580124,112.0,0.0
491.28930853913545,111.0,0.0
491.2898106242257,112.0,0.0
491.31199633697685,111.0,0.0
491.3125550297294,110.0,0.0
491.3140956825804,111.0,0.0
491.31578851792347,110.0,0.0
491.31859410307095,109.0,0.0
491.3187768778251,110.0,0.0
491.33215937184065,111.0,0.0
491.33565518632537,112.0,0.0
491.34220345940935,111.0,0.0
491.34836235049863,110.0,0.0
491.3519346696283,111.0,0.0
491.3519749485469,112.0,0.0
491.35208289830956,111.0,0.0
491.3572081478413,112.0,0.0
491.35981458261637,111.0,0.0
491.35982098390565,112.0,0.0
491.36266174552895,113.0,0.0
491.3725639698889,112.0,0.0
491.3727384091771,113.0,0.0
491.3896092575154,112.0,0.0
491.40548858653995,113.0,0.0
491.4105092654977,114.0,0.0
491.41189130298835,113.0,0.0
491.414230090059,112.0,0.0
491.4159559353067,113.0,0.0
491.4201495242424,114.0,0.0
491.4326237581756,115.0,0.0
491.43987068348594,116.0,0.0
491.4437623159137,117.0,0.0
491.44526286690024,118.0,0.0
491.4464802869658,117.0,0.0
491.45175423184037,118.0,0.0
491.45203815886913,119.0,0.0
491.45303051248214,120.0,0.0
491.4533948497342,121.0,0.0
491.457619920173,120.0,0.0
491.45762296366445,119.0,0.0
491.458895555049,118.0,0.0
491.4689630448378,119.0,0.0
491.48584232132646,120.0,0.0
491.48984129962156,121.0,0.0
491.4935634323144,122.0,0.0
491.508100981095,121.0,0.0
491.5178923407991,122.0,0.0
491.52627669727275,123.0,0.0
491.53153349479055,122.0,0.0
491.5335808025,123.0,0.0
491.5351795260713,124.0,0.0
491.54202971427173,123.0,0.0
491.5443169096928,124.0,0.0
491.54791292752776,123.0,0.0
491.5495116639767,122.0,0.0
491.566640824692,121.0,0.0
491.57336089368187,120.0,0.0
491.5808710353814,119.0,0.0
491.58184207090045,120.0,0.0
491.5866182105519,119.0,0.0
491.59065399227666,120.0,0.0
491.60577254966023,119.0,0.0
491.60755135353384,118.0,0.0
491.6081487840022,119.0,0.0
491.6085001795501,118.0,0.0
491.6096646204087,119.0,0.0
491.6102571837198,120.0,0.0
491.61359708350875,121.0,0.0
491.61858342039085,120.0,0.0
491.6187001265506,121.0,0.0
491.62090843956076,122.0,0.0
491.64975229675315,123.0,0.0
491.6535662064705,122.0,0.0
491.68847558452984,121.0,0.0
491.6946530539366,122.0,0.0
491.69564102237644,121.0,0.0
491.7090146100698,122.0,0.0
491.7162731004291,121.0,0.0
491.71828250111594,120.0,0.0
491.7216134277709,119.0,0.0
491.7221760399843,118.0,0.0
491.72297772585756,119.0,0.0
491.7258400143651,120.0,0.0
491.7275172250325,121.0,0.0
491.7275319461822,120.0,0.0
491.72909821330444,121.0,0.0
491.73275796939777,122.0,0.0
491.7341306465521,123.0,0.0
491.74237914485155,124.0,0.0
491.74242672730867,123.0,0.0
491.7481185130877,122.0,0.0
491.75149416113277,121.0,0.0
491.7527619170849,120.0,0.0
491.7629500178908,119.0,0.0
491.769416760107,118.0,0.0
491.7781267261354,119.0,0.0
491.7783529942909,120.0,0.0
491.7822283745877,121.0,0.0
491.7858338458062,122.0,0.0
491.79275926621705,123.0,0.0
491.79379440314233,124.0,0.0
491.8219766455747,125.0,0.0
491.8228021343042,126.0,0.0
491.82691676269843,127.0,0.0
491.8390446025768,126.0,0.0
491.8402890657309,125.0,0.0
491.8596376906832,126.0,0.0
491.8679199017129,127.0,0.0
491.877216345914,128.0,0.0
491.87739964907405,127.0,0.0
491.8788729051928,126.0,0.0
491.88120074119473,127.0,0.0
491.8812601565736,128.0,0.0
491.8856813375456,129.0,0.0
491.88839685903525,128.0,0.0
491.89003562342174,129.0,0.0
491.89411051997035,130.0,0.0
491.8958421819575,131.0,0.0
491.89820360846426,130.0,0.0
491.90210500135663,129.0,0.0
491.9073981276109,128.0,0.0
491.91035999109135,129.0,0.0
491.91369953380195,128.0,0.0
491.9158191900391,129.0,0.0
491.9163767976786,128.0,0.0
491.9203922569915,127.0,0.0
491.9246380467359,126.0,0.0
491.9278364777498,127.0,0.0
491.93034123730394,128.0,0.0
491.9408244224639,129.0,0.0
491.94179477929305,128.0,0.0
491.95193552526814,129.0,0.0
491.9538335590927,128.0,0.0
491.9541470419034,129.0,0.0
491.95763123258183,128.0,0.0
491.96080703432614,127.0,0.0
491.9692870819488,128.0,0.0
492.0164036422566,129.0,0.0
492.03219537975986,128.0,0.0
492.0545150372441,127.0,0.0
492.06224986962775,126.0,0.0
492.06307815734027,127.0,0.0
492.06900703879967,126.0,0.0
492.06975356460526,127.0,0.0
492.07155868773924,126.0,0.0
492.0776067757794,125.0,0.0
492.07888792010857,124.0,0.0
492.0862420386022,123.0,0.0
492.09075874081384,122.0,0.0
492.0911059456997,121.0,0.0
492.10510941827226,120.0,0.0
492.11324912035667,119.0,0.0
492.120444367809,120.0,0.0
492.12429161097816,119.0,0.0
492.13335840144657,118.0,0.0
492.1447768770381,117.0,0.0
492.14579030715197,118.0,0.0
492.1507867311125,119.0,0.0
492.1530154141562,118.0,0.0
492.15919609847316,119.0,0.0
492.16183080292325,120.0,0.0
492.1677492037612,119.0,0.0
492.1695742406819,118.0,0.0
492.17213467626414,119.0,0.0
492.1740845622607,120.0,0.0
492.1750604084795,119.0,0.0
492.1827094882906,118.0,0.0
492.1989584805702,119.0,0.0
492.2025594879676,118.0,0.0
492.2041779102112,117.0,0.0
492.20961263773034,118.0,0.0
492.21895470593574,117.0,0.0
492.2225839324456,118.0,0.0
492.22622351746145,119.0,0.0
492.2329170990172,120.0,0.0
492.2334770961106,121.0,0.0
492.23350855342915,122.0,0.0
492.24146484921835,123.0,0.0
492.2468469710507,124.0,0.0
492.2739940915157,123.0,0.0
492.2785424431946,122.0,0.0
492.2890382747074,123.0,0.0
492.29156174287965,124.0,0.0
492.2984562766273,125.0,0.0
492.3123324594561,126.0,0.0
492.31843644794236,125.0,0.0
492.3272410132864,124.0,0.0
492.3280310458647,123.0,0.0
492.3452178320445,124.0,0.0
492.3520674888985,125.0,0.0
492.3667831920949,124.0,0.0
492.38001968612673,123.0,0.0
492.3890184829073,122.0,0.0
492.3953402204954,121.0,0.0
492.40721690996634,122.0,0.0
492.4097445798162,121.0,0.0
492.41228333012754,122.0,0.0
492.41796391587366,121.0,0.0
492.41969391883805,122.0,0.0
492.41984466238813,121.0,0.0
492.4218649775395,122.0,0.0
492.42213588528017,121.0,0.0
492.42320889166035,122.0,0.0
492.42699998722014,123.0,0.0
492.4338061593802,122.0,0.0
492.4482952439392,121.0,0.0
492.4555216509448,122.0,0.0
492.46164638606683,123.0,0.0
492.4626543709604,124.0,0.0
492.4681916735911,125.0,0.0
492.4692061303802,124.0,0.0
492.4818964621505,123.0,0.0
492.4866880881297,124.0,0.0
492.49062448232513,123.0,0.0
492.4973261506043,124.0,0.0
492.51023041031846,123.0,0.0
492.51780721052074,122.0,0.0
492.52817832663357,123.0,0.0
492.5307243375605,122.0,0.0
492.5481592039904,121.0,0.0
492.55545111336085,122.0,0.0
492.5560554533746,121.0,0.0
492.55961699876974,122.0,0.0
492.5620765103242,121.0,0.0
492.56514153490934,120.0,0.0
492.57281462736665,121.0,0.0
492.58865600029554,122.0,0.0
492.59168065550244,123.0,0.0
492.61366631031206,124.0,0.0
492.62724523825034,125.0,0.0
492.6334729459267,124.0,0.0
492.6337269989933,125.0,0.0
492.64222044460007,126.0,0.0
492.6424945914007,125.0,0.0
492.64421333987326,124.0,0.0
492.64821156485107,123.0,0.0
492.6532645491847,124.0,0.0
492.6618708848546,123.0,0.0
492.66488109136003,124.0,0.0
492.6651981430616,125.0,0.0
492.675008463059,124.0,0.0
492.6761863082698,125.0,0.0
492.679717039655,124.0,0.0
492.6826717279176,125.0,0.0
492.6831507248478,126.0,0.0
492.6892893517406,127.0,0.0
492.70055052643323,128.0,0.0
492.7045161740724,127.0,0.0
492.7118433987725,128.0,0.0
492.72640040797637,129.0,0.0
492.75202313080075,130.0,0.0
492.75816835394124,129.0,0.0
492.7642289428429,128.0,0.0
492.7691497103099,127.0,0.0
492.79288107481904,128.0,0.0
492.7965021284394,129.0,0.0
492.79777707194717,130.0,0.0
492.80913119269763,129.0,0.0
492.81677881468437,130.0,0.0
492.8186897774499,129.0,0.0
492.82210166264736,128.0,0.0
492.8249157987516,129.0,0.0
492.8250589042845,130.0,0.0
492.8252990376827,129.0,0.0
492.8284105684853,128.0,0.0
492.8350026619214,129.0,0.0
492.8359909640469,128.0,0.0
492.83904399612663,127.0,0.0
492.85274321859833,126.0,0.0
492.86752370879384,125.0,0.0
492.8675715036784,124.0,0.0
492.8683220131543,125.0,0.0
492.8749180692098,126.0,0.0
492.87544838707623,125.0,0.0
492.88378415172025,124.0,0.0
492.8952925046878,123.0,0.0
492.899253919412,122.0,0.0
492.90996096262955,123.0,0.0
492.912245110059,122.0,0.0
492.9129340470893,123.0,0.0
492.91474637155017,122.0,0.0
492.9241038566104,121.0,0.0
492.93074893086737,122.0,0.0
492.93088411292786,123.0,0.0
492.9400475319763,124.0,0.0
492.94214512674256,125.0,0.0
492.9454354518292,124.0,0.0
492.9465838815183,125.0,0.0
492.9557334244162,124.0,0.0
492.9572553780765,123.0,0.0
492.9629350958676,122.0,0.0
492.9718328401874,123.0,0.0
492.9786495050705,122.0,0.0
492.9789050701028,123.0,0.0
492.9889836207622,124.0,0.0
493.0041415077518,123.0,0.0
493.00477442791527,124.0,0.0
493.0081054161663,123.0,0.0
493.00936045049707,122.0,0.0
493.0147104708499,121.0,0.0
493.02292957747903,120.0,0.0
493.02415700467526,121.0,0.0
493.03246179868194,122.0,0.0
493.0343944665374,123.0,0.0
493.0387908468556,122.0,0.0
493.0432595485463,123.0,0.0
493.0456831313697,124.0,0.0
493.0564967973049,123.0,0.0
493.05662425782725,124.0,0.0
493.07278039697667,125.0,0.0
493.07811184744315,124.0,0.0
493.09090806706456,123.0,0.0
493.1041418900024,122.0,0.0
493.1122477380229,121.0,0.0
493.11763570260507,120.0,0.0
493.13044176954764,121.0,0.0
493.13142269720413,120.0,0.0
493.1337727995587,119.0,0.0
493.1341020009073,120.0,0.0
493.13824159615126,119.0,0.0
493.1382495065306,118.0,0.0
493.1416806117315,119.0,0.0
493.1513162205852,118.0,0.0
493.15138450431937,119.0,0.0
493.17041111219055,118.0,0.0
493.17250653129855,117.0,0.0
493.1814145520165,116.0,0.0
493.18851165550603,117.0,0.0
493.19652441486875,118.0,0.0
493.1993105824663,119.0,0.0
493.20618537682964,120.0,0.0
493.209569935967,121.0,0.0
493.21361085367687,122.0,0.0
493.2137496453222,121.0,0.0
493.21442149862617,120.0,0.0
493.22963767931327,121.0,0.0
493.2321453010995,122.0,0.0
493.24098376009533,123.0,0.0
493.2592448771616,124.0,0.0
493.261183727271,125.0,0.0
493.26807297774,124.0,0.0
493.28666935141644,123.0,0.0
493.28903497610423,124.0,0.0
493.2900064612974,123.0,0.0
493.30352467959375,124.0,0.0
493.31759453506766,123.0,0.0
493.31767009675355,122.0,0.0
493.32471423938773,121.0,0.0
493.335731429099,122.0,0.0
493.33668039367035,121.0,0.0
493.338175462458,122.0,0.0
493.3740333318333,123.0,0.0
493.3742601879295,124.0,0.0
493.37604361482795,123.0,0.0
493.3765073716186,124.0,0.0
493.377323882371,125.0,0.0
493.390226158457,126.0,0.0
493.39410768604085,125.0,0.0
493.3980715080555,124.0,0.0
493.4011220155968,125.0,0.0
493.4098383977892,126.0,0.0
493.42051640431254,127.0,0.0
493.42063491116795,126.0,0.0
493.4315630905641,125.0,0.0
493.43972741698155,126.0,0.0
493.45444929417306,127.0,0.0
493.46075968769514,126.0,0.0
493.4619525734805,127.0,0.0
493.4671736977983,126.0,0.0
493.4915046009938,125.0,0.0
493.49540813416775,126.0,0.0
493.5092133189597,125.0,0.0
493.5179187255678,124.0,0.0
493.52408771711424,123.0,0.0
493.5252197038457,124.0,0.0
493.5254954203783,125.0,0.0
493.52675582397643,126.0,0.0
493.5304985767867,125.0,0.0
493.54071483345825,126.0,0.0
493.54399505374215,127.0,0.0
493.5546837054669,128.0,0.0
493.5559482551543,129.0,0.0
493.5657424280278,130.0,0.0
493.5689789456789,129.0,0.0
493.57737876089965,130.0,0.0
493.58966699279677,131.0,0.0
493.5943070685023,130.0,0.0
493.5963110039963,131.0,0.0
493.59821141509667,130.0,0.0
493.6024790059938,129.0,0.0
493.61097899690697,128.0,0.0
493.6212963938583,127.0,0.0
493.6416239094624,128.0,0.0
493.6487401852577,129.0,0.0
493.6497583479581,130.0,0.0
493.65202353262947,131.0,0.0
493.65387135031386,132.0,0.0
493.67506822401026,131.0,0.0
493.6777712412065,132.0,0.0
493.67857340296587,131.0,0.0
493.6825608837115,132.0,0.0
493.6834950797589,133.0,0.0
493.6888235855295,132.0,0.0
493.6980985485749,131.0,0.0
493.70301803978174,130.0,0.0
493.70626929048416,129.0,0.0
493.70683981019926,130.0,0.0
493.7112335385836,129.0,0.0
493.71256642552925,128.0,0.0
493.71314793060986,127.0,0.0
493.7203737161938,128.0,0.0
493.7210602451032,127.0,0.0
493.72423272731567,128.0,0.0
493.7318231796714,129.0,0.0
493.7327836882196,128.0,0.0
493.7349380224797,129.0,0.0
493.7349553731836,128.0,0.0
493.74117700162185,129.0,0.0
493.7459861183001,128.0,0.0
493.7466874714276,127.0,0.0
493.75100243331116,126.0,0.0
493.7527102559774,127.0,0.0
493.75372678084153,128.0,0.0
493.75664679531803,127.0,0.0
493.7572025284364,128.0,0.0
493.7869757226032,127.0,0.0
493.798686711704,126.0,0.0
493.813558149115,125.0,0.0
493.81794184282955,124.0,0.0
493.8298278520938,125.0,0.0
493.83055176121957,126.0,0.0
493.83468348548917,125.0,0.0
493.8353340786609,126.0,0.0
493.85092109881344,127.0,0.0
493.854292645109,128.0,0.0
493.85745148311304,129.0,0.0
493.8578663639844,128.0,0.0
493.8660378563856,129.0,0.0
493.86992292349055,130.0,0.0
493.87264306799705,131.0,0.0
493.8806025986303,130.0,0.0
493.9016093571351,129.0,0.0
493.90285253620794,128.0,0.0
493.9059264990965,129.0,0.0
493.90871344011515,128.0,0.0
493.91465409937257,127.0,0.0
493.91697984782485,126.0,0.0
493.92157406121305,125.0,0.0
493.92579492596786,126.0,0.0
493.9498286260298,125.0,0.0
493.9544972190953,124.0,0.0
493.95460634020327,123.0,0.0
493.9675739570112,124.0,0.0
493.97610292892267,123.0,0.0
493.9768967086368,124.0,0.0
493.9797892599544,125.0,0.0
493.9834626872928,124.0,0.0
493.9876550760596,125.0,0.0
493.9943341676757,124.0,0.0
493.99437786190924,123.0,0.0
493.9963062102677,122.0,0.0
494.0061148294063,121.0,0.0
494.00952121875537,120.0,0.0
494.0126418942818,119.0,0.0
494.0241596998608,118.0,0.0
494.03340588626486,117.0,0.0
494.0347767103784,116.0,0.0
494.0435238725176,115.0,0.0
494.0445324272299,116.0,0.0
494.0489395561375,115.0,0.0
494.0516825770586,114.0,0.0
494.05625897289383,115.0,0.0
494.0656988822095,114.0,0.0
494.06775462002247,113.0,0.0
494.07658544964005,112.0,0.0
494.07662859677487,111.0,0.0
494.07741883668217,110.0,0.0
494.0775634527086,109.0,0.0
494.0824978134655,110.0,0.0
494.0852428476702,111.0,0.0
494.0934112017474,110.0,0.0
494.0972743045618,109.0,0.0
494.1321518837424,110.0,0.0
494.13509942124955,111.0,0.0
494.1359850014351,110.0,0.0
494.1360139660661,111.0,0.0
494.14400617997927,112.0,0.0
494.1445900380714,111.0,0.0
494.1503700053465,110.0,0.0
494.1507381388973,111.0,0.0
494.1515198034023,110.0,0.0
494.169152331369,111.0,0.0
494.17474913540866,110.0,0.0
494.175784996558,109.0,0.0
494.1765723044759,110.0,0.0
494.19074004716805,109.0,0.0
494.20190914864594,108.0,0.0
494.2050311605322,107.0,0.0
494.24590014518077,106.0,0.0
494.24768426099934,107.0,0.0
494.24865062780754,108.0,0.0
494.2490210183937,107.0,0.0
494.2532209392095,108.0,0.0
494.25699805626687,107.0,0.0
494.26471848882534,106.0,0.0
494.26522590435457,107.0,0.0
494.2666655488913,106.0,0.0
494.2788761294,105.0,0.0
494.2992927289948,104.0,0.0
494.3055779494764,103.0,0.0
494.3134499583947,104.0,0.0
494.31450774607055,103.0,0.0
494.3198722827548,102.0,0.0
494.3524990513664,101.0,0.0
494.35867916271025,102.0,0.0
494.3612686817438,103.0,0.0
494.3654217568753,104.0,0.0
494.3716644743339,103.0,0.0
494.3761354287113,102.0,0.0
494.3874113590168,103.0,0.0
494.3948522549464,104.0,0.0
494.39980686559363,105.0,0.0
494.4003134463412,106.0,0.0
494.40567289963883,105.0,0.0
494.4135222301596,106.0,0.0
494.42253831227185,107.0,0.0
494.4296106556327,106.0,0.0
494.43172269429334,105.0,0.0
494.43610928204515,104.0,0.0
494.43861423624344,103.0,0.0
494.44449713095156,104.0,0.0
494.4447925422258,103.0,0.0
494.46283986044557,102.0,0.0
494.4696808916626,101.0,0.0
494.48661897578296,100.0,0.0
494.4901076949554,99.0,0.0
494.49242646536544,100.0,0.0
494.50608596496295,99.0,0.0
494.5081565051991,98.0,0.0
494.51523702281844,97.0,0.0
494.5179079988585,96.0,0.0
494.5368604135088,97.0,0.0
494.5376909318107,96.0,0.0
494.54907657091843,97.0,0.0
494.55346404221405,96.0,0.0
494.5571435965522,97.0,0.0
494.58972249770824,96.0,0.0
494.59028110094465,95.0,0.0
494.59240039610717,94.0,0.0
494.6289493416231,93.0,0.0
494.6367239092728,92.0,0.0
494.6406577611891,91.0,0.0
494.6429645952651,92.0,0.0
494.6453005480118,93.0,0.0
494.6514853408271,92.0,0.0
494.65162490323996,91.0,0.0
494.6564136709499,92.0,0.0
494.67816909487817,93.0,0.0
494.67828135549945,92.0,0.0
494.68698342736826,93.0,0.0
494.6888765334603,94.0,0.0
494.69054240830417,95.0,0.0
494.69243775239755,96.0,0.0
494.69473586187587,97.0,0.0
494.699935914585,96.0,0.0
494.7113872663163,97.0,0.0
494.7123130622619,98.0,0.0
494.714720949339,99.0,0.0
494.73001799148443,100.0,0.0
494.7314045583503,101.0,0.0
494.73811041322784,102.0,0.0
494.74067481824784,101.0,0.0
494.7420439453701,102.0,0.0
494.7428454862459,101.0,0.0
494.74478641774675,102.0,0.0
494.74812966537684,103.0,0.0
494.75237624978394,102.0,0.0
494.76329102122486,101.0,0.0
494.76449130015953,102.0,0.0
494.767769769371,101.0,0.0
494.77794346585904,100.0,0.0
494.7842925853995,101.0,0.0
494.78498870138714,100.0,0.0
494.79429402726,101.0,0.0
494.79760690565286,102.0,0.0
494.8114613272976,101.0,0.0
494.81703287879463,102.0,0.0
494.8176197673024,103.0,0.0
494.82071920821113,104.0,0.0
494.8265371268795,103.0,0.0
494.85392907136935,104.0,0.0
494.85835399202483,105.0,0.0
494.8641725721576,104.0,0.0
494.87043867147236,103.0,0.0
494.87430057391157,104.0,0.0
494.88765767235384,103.0,0.0
494.88966384014526,102.0,0.0
494.8943719581433,103.0,0.0
494.897533112535,102.0,0.0
494.8984470565914,101.0,0.0
494.9068295157212,102.0,0.0
494.9111169610514,101.0,0.0
494.9160040113851,100.0,0.0
494.9234737408114,99.0,0.0
494.9239205292969,100.0,0.0
494.92899789018304,101.0,0.0
494.93885837785433,100.0,0.0
494.9498820489728,99.0,0.0
494.9635369429572,100.0,0.0
494.96463294524705,101.0,0.0
494.96556428886646,102.0,0.0
494.9759098943687,103.0,0.0
494.9821373991534,102.0,0.0
494.98468808331234,103.0,0.0
494.9873769640353,102.0,0.0
494.99085331368025,103.0,0.0
494.99185304994717,102.0,0.0
494.9999365645546,103.0,0.0
495.0047321177658,102.0,0.0
495.0155087499296,103.0,0.0
495.01713219053704,104.0,0.0
495.02013241022587,103.0,0.0
495.0316023205143,102.0,0.0
495.0430029182768,101.0,0.0
495.0497418326425,100.0,0.0
495.05144986030086,101.0,0.0
495.05401296638456,102.0,0.0
495.0557887043438,101.0,0.0
495.0565406717468,100.0,0.0
495.0586331394645,99.0,0.0
495.0591816711367,100.0,0.0
495.0726481577643,99.0,0.0
495.0738319885692,100.0,0.0
495.07440496444804,101.0,0.0
495.0747440246704,102.0,0.0
495.0861146798636,101.0,0.0
495.08763942090224,102.0,0.0
495.0884159752625,103.0,0.0
495.09429510128683,102.0,0.0
495.09924527999965,101.0,0.0
495.0992879909757,100.0,0.0
495.10185143930823,101.0,0.0
495.10469039388687,100.0,0.0
495.11424603132633,101.0,0.0
495.1245055488022,100.0,0.0
495.1298819845277,99.0,0.0
495.12990962269254,98.0,0.0
495.1307969924504,97.0,0.0
495.1315253800389,98.0,0.0
495.13658197611346,99.0,0.0
495.1489970284941,98.0,0.0
495.15075089006615,97.0,0.0
495.15646248270025,96.0,0.0
495.16129360937185,97.0,0.0
495.17755766990354,96.0,0.0
495.19749639354814,95.0,0.0
495.2036819830131,94.0,0.0
495.2127436798403,95.0,0.0
495.21771664358215,96.0,0.0
495.230663300966,95.0,0.0
495.2400347950648,94.0,0.0
495.2479744092878,93.0,0.0
495.24986097298785,92.0,0.0
495.2628046223352,93.0,0.0
495.2636662872401,92.0,0.0
495.2690016561075,93.0,0.0
495.2734989476714,92.0,0.0
495.29258041147114,93.0,0.0
495.30606003442966,94.0,0.0
495.31457967507123,93.0,0.0
495.3178988308406,94.0,0.0
495.33279309781597,95.0,0.0
495.3463319805466,96.0,0.0
495.34889747893556,95.0,0.0
495.3591171672326,94.0,0.0
495.3711612929118,93.0,0.0
495.37505566810984,94.0,0.0
495.38498847444583,93.0,0.0
495.39416535341417,94.0,0.0
495.4286292907458,93.0,0.0
495.44958262066274,92.0,0.0
495.45396466864224,91.0,0.0
495.4578460182155,90.0,0.0
495.46391263948794,89.0,0.0
495.46589222283006,88.0,0.0
495.4705829067882,87.0,0.0
495.4720665395787,88.0,0.0
495.4774796634668,87.0,0.0
495.48035051583753,88.0,0.0
495.48089175620044,89.0,0.0
495.48528219786004,90.0,0.0
495.4889274740646,91.0,0.0
495.4897929818424,90.0,0.0
495.51357433390575,89.0,0.0
495.5175693595317,90.0,0.0
495.524006461022,89.0,0.0
495.5257417038528,88.0,0.0
495.52576433373696,87.0,0.0
495.53730003720244,86.0,0.0
495.54490580694267,85.0,0.0
495.5499845167775,84.0,0.0
495.56169792704804,83.0,0.0
495.5754037179371,82.0,0.0
495.5926898625839,81.0,0.0
495.59589774031565,80.0,0.0
495.6052712212579,79.0,0.0
495.6063395237323,78.0,0.0
495.61837521214403,79.0,0.0
495.6199421534212,78.0,0.0
495.6214029179283,77.0,0.0
495.6308000421115,76.0,0.0
495.63149242444524,77.0,0.0
495.63764007170613,76.0,0.0
495.6382718647063,75.0,0.0
495.63872103507896,76.0,0.0
495.639874336424,75.0,0.0
495.64435333208985,74.0,0.0
495.68493352147294,73.0,0.0
495.6948996103889,74.0,0.0
495.69926314976937,75.0,0.0
495.721753291708,76.0,0.0
495.7223707949514,77.0,0.0
495.7226797194264,76.0,0.0
495.72274022548703,77.0,0.0
495.73853307768144,78.0,0.0
495.7418894870209,77.0,0.0
495.7466660691195,76.0,0.0
495.7520454868677,75.0,0.0
495.75459742307544,74.0,0.0
495.76423167566867,73.0,0.0
495.76568042637075,72.0,0.0
495.7675166039896,71.0,0.0
495.7859450037935,70.0,0.0
495.7990507895553,71.0,0.0
495.8046404143873,70.0,0.0
495.8078052798219,69.0,0.0
495.81282905286946,68.0,0.0
495.81556840779535,67.0,0.0
495.8305353956197,66.0,0.0
495.83074966946833,67.0,0.0
495.8324354523499,66.0,0.0
495.8535254356389,65.0,0.0
495.8542217357595,64.0,0.0
495.86600217799224,63.0,0.0
495.8714353484926,64.0,0.0
495.88773657676415,63.0,0.0
495.8939047010681,62.0,0.0
495.9044588459229,61.0,0.0
495.9046210658415,60.0,0.0
495.9412380825008,61.0,0.0
495.94528945776096,62.0,0.0
495.9483351189606,61.0,0.0
495.9510477174202,62.0,0.0
495.952683173756,61.0,0.0
495.980878632151,60.0,0.0
495.9822559500994,59.0,0.0
495.98939507519003,58.0,0.0
496.0014907833874,59.0,0.0
496.0023430005817,58.0,0.0
496.0081066654773,57.0,0.0
496.01328473999325,58.0,0.0
496.03617317969434,57.0,0.0
496.0493730667312,56.0,0.0
496.05488331298585,57.0,0.0
496.05642645298695,58.0,0.0
496.0617545436911,59.0,0.0
496.0698630723566,60.0,0.0
496.07267900397267,59.0,0.0
496.08313972132373,58.0,0.0
496.0954445738354,57.0,0.0
496.1042654001355,56.0,0.0
496.1061055236397,57.0,0.0
496.10617399749646,58.0,0.0
496.1084065697957,57.0,0.0
496.1084638829611,56.0,0.0
496.1434349133541,55.0,0.0
496.14675147714956,56.0,0.0
496.17478111289756,55.0,0.0
496.1772978747761,54.0,0.0
496.2057885781795,53.0,0.0
496.22091093443487,52.0,0.0
496.2251520224615,51.0,0.0
496.2454934909512,50.0,0.0
496.24824485613715,49.0,0.0
496.25063342186604,48.0,0.0
496.27557299637226,47.0,0.0
496.2764745175468,46.0,0.0
496.280383658708,45.0,0.0
496.31370760310125,44.0,0.0
496.33348275495626,45.0,0.0
496.35932567356315,46.0,0.0
496.3681073175351,45.0,0.0
496.3731692933501,44.0,0.0
496.385547164379,43.0,0.0
496.38868718655795,44.0,0.0
496.3968031683305,43.0,0.0
496.42650985904504,42.0,0.0
496.44188488658386,41.0,0.0
496.44890080350825,42.0,0.0
496.46453491386666,41.0,0.0
496.4674196211108,40.0,0.0
496.4762249424572,41.0,0.0
496.49706259007684,40.0,0.0
496.5036869997267,39.0,0.0
496.50641064201477,38.0,0.0
496.5169130119648,37.0,0.0
496.52848698999463,38.0,0.0
496.5297626751875,37.0,0.0
496.5323290525373,36.0,0.0
496.5484429334102,35.0,0.0
496.5651163202331,34.0,0.0
496.5697355407449,33.0,0.0
496.5723128316309,32.0,0.0
496.59751044338293,31.0,0.0
496.5989673377787,30.0,0.0
496.60822981416675,31.0,0.0
496.62299402495256,30.0,0.0
496.6413626520909,29.0,0.0
496.64565368812856,30.0,0.0
496.658765095103,29.0,0.0
496.66244073583556,28.0,0.0
496.6643529903748,27.0,0.0
496.66455753274784,26.0,0.0
496.66612600321645,25.0,0.0
496.66877794156886,26.0,0.0
496.6688877719896,25.0,0.0
496.6950401625849,24.0,0.0
496.7276998393665,25.0,0.0
496.7299961028683,24.0,0.0
496.76064816389993,25.0,0.0
496.7759058173485,24.0,0.0
496.7980887478063,23.0,0.0
496.80209830545266,24.0,0.0
496.80212361179167,23.0,0.0
496.80584113508513,22.0,0.0
496.8090959258053,23.0,0.0
496.81263775304717,24.0,0.0
496.82701325961267,23.0,0.0
496.83220710184435,22.0,0.0
496.84215883187915,21.0,0.0
496.88420537557994,22.0,0.0
496.9022611782552,21.0,0.0
496.9090674219478,22.0,0.0
496.91380933501074,21.0,0.0
496.93793236028387,20.0,0.0
496.94362583863136,19.0,0.0
496.96898649484683,20.0,0.0
496.97641071675287,19.0,0.0
496.97731221076805,20.0,0.0
496.9842040306282,19.0,0.0
496.99301070547256,18.0,0.0
497.0009492179254,17.0,0.0
497.0107078284438,16.0,0.0
497.0145195208491,15.0,0.0
497.0272984798842,16.0,0.0
497.03943154951503,15.0,0.0
497.0399403550043,14.0,0.0
497.04232848640777,13.0,0.0
497.0583689052739,12.0,0.0
497.0619554082893,11.0,0.0
497.07480893920365,10.0,0.0
497.0871061014473,9.0,0.0
497.09318940229576,8.0,0.0
497.1108148801595,7.0,0.0
497.1137078348392,6.0,0.0
497.1156380398198,5.0,0.0
497.12117151877004,4.0,0.0
497.1347144193644,3.0,0.0
497.14932598095606,4.0,0.0
497.15081989399584,3.0,0.0
497.15208959469396,2.0,0.0
497.17489697180156,1.0,0.0
497.1852344409577,2.0,0.0
497.1936245125949,3.0,0.0
497.1968389459577,4.0,0.0
497.20306367037443,3.0,0.0
497.2629210428969,4.0,0.0
497.2688065734527,5.0,0.0
497.28794805059914,4.0,0.0
497.2993834937633,5.0,0.0
497.3000888311844,4.0,0.0
497.30790056503974,5.0,0.0
497.31745293561835,6.0,0.0
497.3194142287298,5.0,0.0
497.33402578539625,4.0,0.0
497.3556037989242,5.0,0.0
497.35645576996814,6.0,0.0
497.3597195603393,5.0,0.0
497.36913449883775,4.0,0.0
497.3747392630903,3.0,0.0
497.37496888945196,4.0,0.0
497.3776081734162,3.0,0.0
497.39169438079654,2.0,0.0
497.4220895699106,1.0,0.0
497.4285398168883,2.0,0.0
497.44030883381436,1.0,0.0
497.45383777010767,0.0,0.0
497.47264125091755,1.0,0.0
497.50334943070214,0.0,0.0
497.53273104489995,1.0,0.0
497.54117246290514,0.0,0.0
497.54816686033746,1.0,0.0
497.5501497989384,0.0,0.0
497.5973491660756,1.0,0.0
497.599480885092,0.0,0.0
497.60851390266606,1.0,0.0
497.6212329853264,0.0,0.0
497.6514912233587,1.0,0.0
497.6593640799051,0.0,0.0
497.66521488417254,1.0,0.0
497.6842945734636,0.0,0.0
497.7659075643704,1.0,0.0
497.8134267829894,0.0,0.0
497.83286070648967,1.0,0.0
497.83329904150685,0.0,0.0
497.8775730325492,1.0,0.0
497.89143602335764,0.0,0.0
497.9172364286671,1.0,0.0
497.9177728356709,0.0,0.0
497.9237228782563,1.0,0.0
497.95865306857917,2.0,0.0
497.98978103576985,3.0,0.0
497.9916870034472,2.0,0.0
498.00486137086887,1.0,0.0
498.01193134804754,0.0,0.0
498.02507019269615,1.0,0.0
498.0305767162704,0.0,0.0
498.0864736426194,1.0,0.0
498.1458458196203,0.0,0.0
498.16795833903063,1.0,0.0
498.16985443469713,0.0,0.0
498.2471847609858,1.0,0.0
498.2969571344439,2.0,0.0
498.32343794794303,1.0,0.0
498.34007149659374,0.0,0.0
498.3977488153629,1.0,0.0
498.4242106447122,0.0,0.0
498.50047010445513,1.0,0.0
498.507402449877,2.0,0.0
498.5163185210535,3.0,0.0
498.5206783138202,2.0,0.0
498.52412651284527,1.0,0.0
498.5417353362665,2.0,0.0
498.57195368429603,1.0,0.0
498.59416794930655,0.0,0.0
498.65029900515265,1.0,0.0
498.67017521754207,0.0,0.0
498.72842398212873,1.0,0.0
498.73136182589,2.0,0.0
498.7319581389199,1.0,0.0
498.7345087866745,0.0,0.0
498.79278911627006,1.0,0.0
498.80909308097796,2.0,0.0
498.811733935927,1.0,0.0
498.8217540123476,0.0,0.0
498.8555169709105,1.0,0.0
498.8584216633618,0.0,0.0
498.86878987474313,1.0,0.0
498.86880487038576,2.0,0.0
498.87871764728857,1.0,0.0
498.8944431924672,2.0,0.0
498.93362020656485,1.0,0.0
498.9786075465775,2.0,0.0
498.98121323684467,1.0,0.0
499.01521878078455,2.0,0.0
499.0168056071121,1.0,0.0
499.0307443586854,0.0,0.0
499.0332446994452,1.0,0.0
499.03849849376354,0.0,0.0
499.1241395499542,1.0,0.0
499.15095570847365,0.0,0.0
499.1577352761783,1.0,0.0
499.22922444750145,0.0,0.0
499.2695224660951,1.0,0.0
499.30178414153517,2.0,0.0
499.310115830096,3.0,0.0
499.31190313810936,2.0,0.0
499.320015136713,1.0,0.0
499.3556275755072,0.0,0.0
499.4593061851791,1.0,0.0
499.4691215325046,2.0,0.0
499.470392041199,1.0,0.0
499.4975581241928,0.0,0.0
499.50044264879847,1.0,0.0
499.51454846912884,0.0,0.0
499.51683789378654,1.0,0.0
499.5280164694747,2.0,0.0
499.5445464999087,3.0,0.0
499.57044320950365,2.0,0.0
499.59043931532483,1.0,0.0
499.6038777104731,0.0,0.0
499.63108827526645,1.0,0.0
499.6375569056988,0.0,0.0
499.6378260233671,1.0,0.0
499.67882084470557,0.0,0.0
499.68888350726013,1.0,0.0
499.6980024166063,2.0,0.0
499.7111448199559,1.0,0.0
499.72218851309015,0.0,0.0
499.7406285215839,1.0,0.0
499.7441933190413,0.0,0.0
499.7458497535049,1.0,0.0
499.7516305358057,2.0,0.0
499.7570625887006,1.0,0.0
499.7613644801107,2.0,0.0
499.7736566825541,1.0,0.0
499.8212443779829,0.0,0.0
499.8631017137726,1.0,0.0
499.86966040618995,0.0,0.0
499.86996986272436,1.0,0.0
499.87248560264095,2.0,0.0
499.9388428716122,1.0,0.0
499.94140992516856,0.0,0.0
500.06389626693556,1.0,0.0
500.0660239004907,2.0,0.0
500.06883346948007,3.0,0.0
500.07329682081786,2.0,0.0
500.08802778643525,1.0,0.0
500.15403224813684,2.0,0.0
500.1760919455336,3.0,0.0
500.22108344420826,4.0,0.0
500.22354994720274,3.0,0.0
500.22578789391036,2.0,0.0
500.2291352962899,3.0,0.0
500.24140564629107,4.0,0.0
500.262170926002,3.0,0.0
500.2972064569354,2.0,0.0
500.3305909194393,3.0,0.0
500.35748533620955,2.0,0.0
500.3643111405103,1.0,0.0
500.3725330401372,0.0,0.0
500.39277675136884,1.0,0.0
500.40449073751756,0.0,0.0
500.4655298151515,1.0,0.0
500.4816013289126,2.0,0.0
500.54287381865385,3.0,0.0
500.54870662191684,2.0,0.0
500.5493197966289,1.0,0.0
500.55487379369106,0.0,0.0
500.5673403826207,1.0,0.0
500.58602852934644,2.0,0.0
500.60450061200754,3.0,0.0
500.604958498365,4.0,0.0
500.60505911976355,5.0,0.0
500.61518966903526,4.0,0.0
500.61559984759884,3.0,0.0
500.63203984812867,4.0,0.0
500.6897091875003,3.0,0.0
500.69172128553237,2.0,0.0
500.6998143589164,3.0,0.0
500.7007224163758,2.0,0.0
500.7095931877539,3.0,0.0
500.7260952707329,4.0,0.0
500.73537467438837,3.0,0.0
500.738611975562,4.0,0.0
500.73954583554854,5.0,0.0
500.7399368094317,4.0,0.0
500.7476979644624,5.0,0.0
500.7480158563966,4.0,0.0
500.74914674434274,5.0,0.0
500.75561350704703,4.0,0.0
500.75619885185074,5.0,0.0
500.7586129668585,4.0,0.0
500.77550811185796,5.0,0.0
500.77620998542915,4.0,0.0
500.78128231033287,5.0,0.0
500.79182246444884,4.0,0.0
500.79259584773894,3.0,0.0
500.7989456751633,4.0,0.0
500.83231571906384,5.0,0.0
500.84749505941966,6.0,0.0
500.8602182447922,5.0,0.0
500.86049933414563,6.0,0.0
500.8741688676343,5.0,0.0
500.87651534495683,4.0,0.0
500.8785366116181,5.0,0.0
500.8841634292681,6.0,0.0
500.88632477294885,5.0,0.0
500.8917593993433,6.0,0.0
500.9142863293464,7.0,0.0
500.92120131053576,6.0,0.0
500.9254575451738,7.0,0.0
500.930390658188,6.0,0.0
500.93178629658416,5.0,0.0
500.9443320353363,6.0,0.0
500.9690107106379,5.0,0.0
500.9821471188435,6.0,0.0
500.989639414839,5.0,0.0
500.9912934564545,6.0,0.0
500.99895566157403,5.0,0.0
501.00418570392276,4.0,0.0
501.0099635386441,3.0,0.0
501.0137521454871,4.0,0.0
501.016322907907,3.0,0.0
501.017681252482,2.0,0.0
501.0737556528284,1.0,0.0
501.11013145421094,2.0,0.0
501.12773626881284,3.0,0.0
501.12794011573453,4.0,0.0
501.1367887460293,5.0,0.0
501.1383861249787,6.0,0.0
501.15869611575795,5.0,0.0
501.1712773867106,6.0,0.0
501.17665468925,7.0,0.0
501.1872169487668,8.0,0.0
501.20615683926457,7.0,0.0
501.20693933300896,6.0,0.0
501.2090030646408,7.0,0.0
501.21630659460595,8.0,0.0
501.21760831243694,9.0,0.0
501.2228220766924,8.0,0.0
501.23513943667865,7.0,0.0
501.2446883294526,6.0,0.0
501.2565986504106,5.0,0.0
501.2609221024642,4.0,0.0
501.2652880606167,5.0,0.0
501.27086255895796,4.0,0.0
501.27397988768695,5.0,0.0
501.2751456352636,6.0,0.0
501.2801161586893,5.0,0.0
501.2965110890258,6.0,0.0
501.30511391075817,7.0,0.0
501.3202521671163,8.0,0.0
501.32687448957176,9.0,0.0
501.32962330091283,8.0,0.0
501.34872757646724,9.0,0.0
501.3587558937379,8.0,0.0
501.3737009849567,9.0,0.0
501.39815324841686,8.0,0.0
501.408046491561,7.0,0.0
501.41124981879227,6.0,0.0
501.4172221817862,5.0,0.0
501.4266918787889,4.0,0.0
501.4384772996737,3.0,0.0
501.44001986426065,4.0,0.0
501.4630478770003,3.0,0.0
501.46358804163543,4.0,0.0
501.46854462481787,5.0,0.0
501.4701969952791,4.0,0.0
501.4785642023784,5.0,0.0
501.49236446328047,4.0,0.0
501.5003380879458,5.0,0.0
501.5051512734863,4.0,0.0
501.53323079545777,3.0,0.0
501.5385835371298,4.0,0.0
501.5487252122231,5.0,0.0
501.55373614002957,6.0,0.0
501.5556205177479,5.0,0.0
501.5626551090298,4.0,0.0
501.56938849469725,3.0,0.0
501.59147303896583,4.0,0.0
501.5947471270528,5.0,0.0
501.59903657569487,6.0,0.0
501.6011687358078,7.0,0.0
501.62190022654386,6.0,0.0
501.6252677453354,7.0,0.0
501.6272093726876,6.0,0.0
501.6283634389801,5.0,0.0
501.63335927313733,4.0,0.0
501.65881904947275,3.0,0.0
501.66116075447997,4.0,0.0
501.66250244778155,5.0,0.0
501.663557935167,6.0,0.0
501.668736272075,5.0,0.0
501.67805226836276,6.0,0.0
501.6854121992194,5.0,0.0
501.6909186000699,6.0,0.0
501.69386479116423,5.0,0.0
501.7086675221441,6.0,0.0
501.71771808282267,7.0,0.0
501.7244363615226,6.0,0.0
501.72765856551587,5.0,0.0
501.729483364523,6.0,0.0
501.748045441661,5.0,0.0
501.75317292290435,4.0,0.0
501.75468757199684,5.0,0.0
501.7596841175655,6.0,0.0
501.7625933479834,7.0,0.0
501.78141406678765,6.0,0.0
501.78374239116084,7.0,0.0
501.7922523275518,8.0,0.0
501.8067000751514,9.0,0.0
501.8080659731916,10.0,0.0
501.82168768412316,11.0,0.0
501.82625451271787,12.0,0.0
501.8324354640887,11.0,0.0
501.8337987995626,12.0,0.0
501.8489482487914,13.0,0.0
501.8596267245183,12.0,0.0
501.8676171732296,13.0,0.0
501.8794916734965,14.0,0.0
501.88340457182636,15.0,0.0
501.9007590780709,14.0,0.0
501.9055575757132,13.0,0.0
501.909276527862,12.0,0.0
501.9215760091405,13.0,0.0
501.940628448076,12.0,0.0
501.9459158062672,13.0,0.0
501.94810024868383,12.0,0.0
501.95529026546126,11.0,0.0
501.9595520136764,10.0,0.0
501.9740540354951,9.0,0.0
501.980447574207,8.0,0.0
501.98931811406965,7.0,0.0
501.9980761101165,8.0,0.0
502.00324456073724,7.0,0.0
502.00897545940785,6.0,0.0
502.01074899870025,5.0,0.0
502.0267944654397,4.0,0.0
502.02944799462824,5.0,0.0
502.0295465166361,4.0,0.0
502.0398805451013,3.0,0.0
502.0403230064705,4.0,0.0
502.04406922401716,3.0,0.0
502.04601056360303,4.0,0.0
502.0571475193993,3.0,0.0
502.0624614909452,4.0,0.0
502.06807662457413,5.0,0.0
502.07077301283084,6.0,0.0
502.07732751414613,5.0,0.0
502.0821497352759,6.0,0.0
502.1004031001127,5.0,0.0
502.10129192014705,6.0,0.0
502.1020633344411,5.0,0.0
502.10424455118033,6.0,0.0
502.1296329801833,5.0,0.0
502.1310184531563,6.0,0.0
502.1371111121344,7.0,0.0
502.15401259907054,8.0,0.0
502.16084038195874,9.0,0.0
502.16253101304716,8.0,0.0
502.1734506740704,9.0,0.0
502.17458848674937,8.0,0.0
502.17667557891605,7.0,0.0
502.1888209025473,6.0,0.0
502.1946583346876,5.0,0.0
502.1968953256912,6.0,0.0
502.2247689403278,7.0,0.0
502.22888241998146,8.0,0.0
502.23896060799956,7.0,0.0
502.2450687550717,8.0,0.0
502.2479248304157,9.0,0.0
502.2590898506763,10.0,0.0
502.2616035726013,9.0,0.0
502.27224575341216,8.0,0.0
502.27243977222776,9.0,0.0
502.2773210154337,10.0,0.0
502.316447601676,11.0,0.0
502.3225160507507,10.0,0.0
502.3448679920021,11.0,0.0
502.36005716682837,12.0,0.0
502.3693303299074,13.0,0.0
502.3697833588633,12.0,0.0
502.3928358943843,13.0,0.0
502.39450174840675,12.0,0.0
502.4061497488433,11.0,0.0
502.4072988017632,10.0,0.0
502.42029414563365,9.0,0.0
502.4301209542441,10.0,0.0
502.4308343174686,11.0,0.0
502.4324432010461,10.0,0.0
502.4355421606455,9.0,0.0
502.45345265357247,8.0,0.0
502.4559659437625,7.0,0.0
502.4718355695348,6.0,0.0
502.4735595773674,5.0,0.0
502.47767479797767,4.0,0.0
502.4821252071858,5.0,0.0
502.484231941819,6.0,0.0
502.4854555622395,5.0,0.0
502.48818404426714,4.0,0.0
502.49679365545154,3.0,0.0
502.5021824336925,4.0,0.0
502.5031328336068,5.0,0.0
502.505772015209,6.0,0.0
502.511809609379,7.0,0.0
502.51722014039757,6.0,0.0
502.52036280968827,7.0,0.0
502.52345899229556,6.0,0.0
502.5257618656141,5.0,0.0
502.54206643026544,4.0,0.0
502.5466812125985,5.0,0.0
502.5468576818272,6.0,0.0
502.56654321157635,5.0,0.0
502.5678368344079,4.0,0.0
502.57180300583394,3.0,0.0
502.58463962098534,2.0,0.0
502.58649420322354,3.0,0.0
502.5898656594583,4.0,0.0
502.59550259704275,3.0,0.0
502.5959805244028,2.0,0.0
502.59628374902417,1.0,0.0
502.5976382525828,0.0,0.0
502.6043845548963,1.0,0.0
502.6101991187357,2.0,0.0
502.64227112586275,3.0,0.0
502.6533833378209,4.0,0.0
502.6565582814843,5.0,0.0
502.657742746948,4.0,0.0
502.6589042684942,5.0,0.0
502.66249155923254,6.0,0.0
502.66729583774776,7.0,0.0
502.66776582478786,8.0,0.0
502.67073920384814,7.0,0.0
502.6708047625606,8.0,0.0
502.67371562942805,9.0,0.0
502.6752760380392,10.0,0.0
502.6828395185151,11.0,0.0
502.69323425346766,12.0,0.0
502.69577605527115,13.0,0.0
502.7102136420811,14.0,0.0
502.7135664757411,15.0,0.0
502.7267080856004,14.0,0.0
502.72843932161953,15.0,0.0
502.736691966898,16.0,0.0
502.73745897676605,15.0,0.0
502.74291044521254,14.0,0.0
502.7489796260917,15.0,0.0
502.75577226634107,14.0,0.0
502.76674963001983,13.0,0.0
502.7727948168958,12.0,0.0
502.77333690699425,11.0,0.0
502.78078668972745,10.0,0.0
502.78201305299586,11.0,0.0
502.78208939821945,12.0,0.0
502.7831217500973,13.0,0.0
502.7875519498769,12.0,0.0
502.78767516768846,13.0,0.0
502.8016294939044,14.0,0.0
502.81155041730244,15.0,0.0
502.81272225963977,16.0,0.0
502.8163201071705,17.0,0.0
502.82235946029135,16.0,0.0
502.8227572756641,15.0,0.0
502.8402785841233,16.0,0.0
502.8410419946339,17.0,0.0
502.84223082035015,16.0,0.0
502.84236474361535,15.0,0.0
502.8443336125335,16.0,0.0
502.84966440608787,17.0,0.0
502.8525718056104,18.0,0.0
502.8534831933191,17.0,0.0
502.8549950184663,18.0,0.0
502.85538360702833,19.0,0.0
502.8621397463002,20.0,0.0
502.86508971276373,21.0,0.0
502.8763912507521,22.0,0.0
502.88528845838636,21.0,0.0
502.8858220848204,20.0,0.0
502.88598243311213,19.0,0.0
502.8940972539685,18.0,0.0
502.89608495428143,19.0,0.0
502.8963069045787,20.0,0.0
502.9002768037997,19.0,0.0
502.90768948411693,20.0,0.0
502.919183416135,19.0,0.0
502.9229106356299,20.0,0.0
502.92291965372624,21.0,0.0
502.9264107285414,20.0,0.0
502.9557663748865,19.0,0.0
502.96328961344636,20.0,0.0
502.9698432941168,19.0,0.0
502.97724777982774,20.0,0.0
502.9903319468409,19.0,0.0
502.99490451173267,18.0,0.0
502.9991352425695,17.0,0.0
503.00373055309467,16.0,0.0
503.01415779480914,17.0,0.0
503.016868548086,16.0,0.0
503.01716174048755,17.0,0.0
503.0197437295516,16.0,0.0
503.0231003813631,17.0,0.0
503.0587660786131,18.0,0.0
503.059476530644,19.0,0.0
503.0639572094912,18.0,0.0
503.0695737625759,19.0,0.0
503.07888299079417,20.0,0.0
503.08323130406325,19.0,0.0
503.08882857589134,20.0,0.0
503.0906659186727,19.0,0.0
503.0948003626512,20.0,0.0
503.09876428049796,19.0,0.0
503.10739736674924,20.0,0.0
503.1084740066302,21.0,0.0
503.1118276360655,20.0,0.0
503.1139921065518,19.0,0.0
503.11925146847824,20.0,0.0
503.12036114800856,19.0,0.0
503.14121526245754,18.0,0.0
503.1478592217236,19.0,0.0
503.14957456962384,20.0,0.0
503.1495759449075,21.0,0.0
503.1512714809946,20.0,0.0
503.1563270412928,21.0,0.0
503.16176119315344,22.0,0.0
503.17814886350914,23.0,0.0
503.1907486358342,24.0,0.0
503.19908863178404,23.0,0.0
503.2001687696382,24.0,0.0
503.2027531006084,25.0,0.0
503.22356386297065,26.0,0.0
503.22871594588133,27.0,0.0
503.25791214176377,28.0,0.0
503.26075308488396,27.0,0.0
503.276687432931,28.0,0.0
503.2778886697469,27.0,0.0
503.27969604664696,26.0,0.0
503.28890727722455,27.0,0.0
503.29191797141107,28.0,0.0
503.2994805367988,29.0,0.0
503.30070853720434,30.0,0.0
503.3032722605773,31.0,0.0
503.30626833660637,30.0,0.0
503.31077440322923,29.0,0.0
503.31827190693895,30.0,0.0
503.3204076097459,29.0,0.0
503.3236164594693,30.0,0.0
503.32654184991435,31.0,0.0
503.3266404724105,30.0,0.0
503.33932916721665,29.0,0.0
503.3491325783379,30.0,0.0
503.3512976891915,29.0,0.0
503.3600848846787,30.0,0.0
503.3654555001004,31.0,0.0
503.3692777392209,30.0,0.0
503.3695500476234,31.0,0.0
503.3802868526514,30.0,0.0
503.39038757939574,31.0,0.0
503.39110215441127,32.0,0.0
503.3920675801517,33.0,0.0
503.39535786838866,34.0,0.0
503.39657753363565,33.0,0.0
503.4091017279104,34.0,0.0
503.4114178292657,33.0,0.0
503.42303598756683,34.0,0.0
503.42826057662865,35.0,0.0
503.43497767620744,36.0,0.0
503.43753634445847,35.0,0.0
503.44644447357075,34.0,0.0
503.4529943677632,35.0,0.0
503.4604020735685,34.0,0.0
503.471135171778,33.0,0.0
503.4915537769195,32.0,0.0
503.4980465075403,31.0,0.0
503.5001118575963,30.0,0.0
503.50661230411106,29.0,0.0
503.5152604027008,28.0,0.0
503.5226723381963,29.0,0.0
503.52388504230925,28.0,0.0
503.52567694844174,29.0,0.0
503.5267726112659,28.0,0.0
503.53034864538586,29.0,0.0
503.5357602407511,30.0,0.0
503.5510252231529,31.0,0.0
503.5564733342684,30.0,0.0
503.56245018544547,29.0,0.0
503.5641687043358,30.0,0.0
503.59081322617146,31.0,0.0
503.606443205283,30.0,0.0
503.610978465322,29.0,0.0
503.62932838501024,30.0,0.0
503.636848053101,31.0,0.0
503.64502575676596,32.0,0.0
503.66013042634063,33.0,0.0
503.6616776055879,34.0,0.0
503.66846781379513,33.0,0.0
503.66897110319917,32.0,0.0
503.66982907396624,31.0,0.0
503.6754159070205,30.0,0.0
503.67650967794526,31.0,0.0
503.68286629302804,32.0,0.0
503.6866542810855,31.0,0.0
503.6939097581032,32.0,0.0
503.6999472613368,33.0,0.0
503.7031321115132,32.0,0.0
503.7034156435153,33.0,0.0
503.7136511729838,32.0,0.0
503.717693586057,33.0,0.0
503.71907347801164,34.0,0.0
503.73231664507597,35.0,0.0
503.73407275308637,36.0,0.0
503.74590227213474,35.0,0.0
503.75827711512363,36.0,0.0
503.76218795955276,35.0,0.0
503.76407080639024,36.0,0.0
503.7755939046979,37.0,0.0
503.7831192440216,38.0,0.0
503.79025365299145,37.0,0.0
503.7928819109308,36.0,0.0
503.79620242551454,35.0,0.0
503.7963191656156,34.0,0.0
503.79681004999355,35.0,0.0
503.80591463953834,34.0,0.0
503.8076466464312,33.0,0.0
503.8136296805225,34.0,0.0
503.81494118388764,35.0,0.0
503.8207244783101,36.0,0.0
503.8209480308121,35.0,0.0
503.8328358181405,36.0,0.0
503.83976104934607,35.0,0.0
503.8548051425486,34.0,0.0
503.85747814550194,35.0,0.0
503.86111034055534,34.0,0.0
503.8641421393237,33.0,0.0
503.8649656802968,32.0,0.0
503.8658573205898,31.0,0.0
503.867549615278,30.0,0.0
503.8704596611475,31.0,0.0
503.87769309704686,32.0,0.0
503.883484858285,33.0,0.0
503.8932230101879,34.0,0.0
503.90376618731443,33.0,0.0
503.90396351056876,32.0,0.0
503.9049659081124,31.0,0.0
503.90989316635296,30.0,0.0
503.91972361286287,31.0,0.0
503.9202343260642,32.0,0.0
503.92307739731484,31.0,0.0
503.9234077385894,32.0,0.0
503.92377733175874,33.0,0.0
503.92640708037845,34.0,0.0
503.92769671915,35.0,0.0
503.935886113874,34.0,0.0
503.9364495046691,35.0,0.0
503.93730860366344,36.0,0.0
503.94454842390735,37.0,0.0
503.9510821142978,38.0,0.0
503.9539929178736,39.0,0.0
503.9584450353717,40.0,0.0
503.96069910356283,41.0,0.0
503.9611954442229,40.0,0.0
503.9726311226734,39.0,0.0
503.9796261999646,40.0,0.0
503.99460796542735,39.0,0.0
504.00800012787533,38.0,0.0
504.00988839598455,37.0,0.0
504.01059125075267,36.0,0.0
504.0185794758019,35.0,0.0
504.0213893176606,34.0,0.0
504.02601873426556,33.0,0.0
504.0299272250517,32.0,0.0
504.03018318409835,31.0,0.0
504.0322443397345,32.0,0.0
504.03678192862503,31.0,0.0
504.0369029067841,30.0,0.0
504.0414066719869,31.0,0.0
504.06324140929786,30.0,0.0
504.0681948980553,31.0,0.0
504.0762015033651,30.0,0.0
504.07918071373064,31.0,0.0
504.07952904287896,30.0,0.0
504.07994371471375,29.0,0.0
504.08177364734695,30.0,0.0
504.085431974813,31.0,0.0
504.0885697990521,30.0,0.0
504.09136338153826,31.0,0.0
504.0931096829583,30.0,0.0
504.0981912551997,29.0,0.0
504.10072154188566,30.0,0.0
504.11261072305274,29.0,0.0
504.11399198776303,30.0,0.0
504.12275576843155,31.0,0.0
504.1229621080371,32.0,0.0
504.1245104871375,33.0,0.0
504.1345858283102,34.0,0.0
504.1425016058544,33.0,0.0
504.15024429425074,34.0,0.0
504.1525094357719,33.0,0.0
504.1677515745737,32.0,0.0
504.1769723973768,31.0,0.0
504.18776085561274,32.0,0.0
504.1909788697324,31.0,0.0
504.19288530724583,32.0,0.0
504.19313740691047,31.0,0.0
504.2026172602735,32.0,0.0
504.210385109554,33.0,0.0
504.21197853569925,34.0,0.0
504.21548403484536,35.0,0.0
504.22119475515626,34.0,0.0
504.221775454594,35.0,0.0
504.2237408423223,36.0,0.0
504.23022421987815,35.0,0.0
504.2347585061192,36.0,0.0
504.2353563407957,37.0,0.0
504.2409256623934,38.0,0.0
504.2457886542074,39.0,0.0
504.2467501894112,40.0,0.0
504.2513978941379,41.0,0.0
504.25851437662055,42.0,0.0
504.2598195220445,43.0,0.0
504.2657270263806,42.0,0.0
504.2675848325029,43.0,0.0
504.2713684166499,42.0,0.0
504.27840885258894,41.0,0.0
504.2805180686954,42.0,0.0
504.2997775012656,41.0,0.0
504.30520654518176,40.0,0.0
504.30584559223047,41.0,0.0
504.30626935266827,40.0,0.0
504.3149095483814,39.0,0.0
504.3159470381514,40.0,0.0
504.31715360627317,41.0,0.0
504.31884787535313,40.0,0.0
504.3209515157794,39.0,0.0
504.3345724345201,40.0,0.0
504.33555700234024,39.0,0.0
504.3391366978993,40.0,0.0
504.3507068802487,41.0,0.0
504.36970532428245,40.0,0.0
504.37969651553317,41.0,0.0
504.37999214806587,42.0,0.0
504.38528871476404,43.0,0.0
504.3878982506296,44.0,0.0
504.38878257305606,45.0,0.0
504.38994948615954,46.0,0.0
504.3965400635506,47.0,0.0
504.39931430285867,46.0,0.0
504.41044675218893,45.0,0.0
504.41607168097636,46.0,0.0
504.4177227350271,47.0,0.0
504.417769028041,48.0,0.0
504.4178903256214,47.0,0.0
504.4192520390315,48.0,0.0
504.4261153536131,49.0,0.0
504.42636494000334,50.0,0.0
504.4310483863958,51.0,0.0
504.43402093922924,52.0,0.0
504.4341898429676,51.0,0.0
504.44032256217525,52.0,0.0
504.4482574536153,53.0,0.0
504.44864363636196,54.0,0.0
504.4492597887087,55.0,0.0
504.45449907542604,54.0,0.0
504.46501527275467,55.0,0.0
504.46788715465175,54.0,0.0
504.4737400808398,55.0,0.0
504.4838653427958,54.0,0.0
504.4860660595116,53.0,0.0
504.4920345342761,54.0,0.0
504.49994414843763,55.0,0.0
504.5022517062592,54.0,0.0
504.5117958273395,53.0,0.0
504.51271512062885,52.0,0.0
504.52243827839953,51.0,0.0
504.5363772811388,52.0,0.0
504.5438952590561,51.0,0.0
504.5551276616434,50.0,0.0
504.5769591187438,49.0,0.0
504.5811609595842,48.0,0.0
504.5841156234101,49.0,0.0
504.5871608967771,50.0,0.0
504.5880848005067,51.0,0.0
504.59111500939827,50.0,0.0
504.59794705896746,51.0,0.0
504.604187866397,52.0,0.0
504.6162328653671,51.0,0.0
504.61741864710706,52.0,0.0
504.6323507396135,51.0,0.0
504.6453161699508,50.0,0.0
504.6460968353169,51.0,0.0
504.64614645486563,50.0,0.0
504.6493080309393,49.0,0.0
504.6543650060607,48.0,0.0
504.6547058430929,47.0,0.0
504.65805484051486,48.0,0.0
504.6669779289108,47.0,0.0
504.66727421899816,48.0,0.0
504.67096502106324,49.0,0.0
504.6731117497986,48.0,0.0
504.6758805166734,47.0,0.0
504.70175582783725,48.0,0.0
504.7056517247846,49.0,0.0
504.72404721793976,48.0,0.0
504.7287359685347,47.0,0.0
504.73459075632104,48.0,0.0
504.7401713197554,47.0,0.0
504.74093730669784,48.0,0.0
504.74394524729286,49.0,0.0
504.7502265483156,48.0,0.0
504.75635086043786,47.0,0.0
504.75796849348643,46.0,0.0
504.7626411992972,45.0,0.0
504.76700131987735,44.0,0.0
504.783209047303,43.0,0.0
504.7965840054278,44.0,0.0
504.80483502053204,45.0,0.0
504.80540901733576,46.0,0.0
504.8065844876568,47.0,0.0
504.8083994861902,48.0,0.0
504.80878338810993,49.0,0.0
504.8099944521339,48.0,0.0
504.8336993166194,49.0,0.0
504.8370887326299,50.0,0.0
504.8465479951484,51.0,0.0
504.8467354224117,52.0,0.0
504.8472073589249,51.0,0.0
504.8505127157034,52.0,0.0
504.8581775775954,53.0,0.0
504.8661858682099,54.0,0.0
504.86728571532495,55.0,0.0
504.8758003578127,54.0,0.0
504.88061210560295,55.0,0.0
504.8853104342441,56.0,0.0
504.88952434984816,55.0,0.0
504.88960234635874,56.0,0.0
504.9084803262748,55.0,0.0
504.91877371351103,56.0,0.0
504.92053721717576,55.0,0.0
504.9227824667736,54.0,0.0
504.93600492815534,53.0,0.0
504.9362103995941,52.0,0.0
504.94614464757717,51.0,0.0
504.94816978909273,52.0,0.0
504.9577192091056,51.0,0.0
504.96399318065136,52.0,0.0
504.96445367828244,51.0,0.0
504.96459820380585,50.0,0.0
504.96514770109616,51.0,0.0
504.9652705565064,50.0,0.0
504.96878024094616,51.0,0.0
504.97060966247034,52.0,0.0
504.98455877846396,53.0,0.0
504.98471097125366,54.0,0.0
504.9940075005427,55.0,0.0
505.0025702264857,56.0,0.0
505.0062823021847,57.0,0.0
505.0112650492689,56.0,0.0
505.0449917487568,55.0,0.0
505.04821404198265,54.0,0.0
505.0498973087032,55.0,0.0
505.05362197802407,54.0,0.0
505.059081792619,53.0,0.0
505.06549582300875,54.0,0.0
505.06759812006266,55.0,0.0
505.0680037950236,56.0,0.0
505.06859907857154,55.0,0.0
505.0711431153755,54.0,0.0
505.0731054370817,53.0,0.0
505.07499478052955,54.0,0.0
505.0773603602541,53.0,0.0
505.0782818526862,54.0,0.0
505.08409322994504,53.0,0.0
505.0875801409453,54.0,0.0
505.0888044423594,55.0,0.0
505.1000768909476,56.0,0.0
505.1008159692562,55.0,0.0
505.1113696159723,56.0,0.0
505.11425998958805,55.0,0.0
505.1166776788013,54.0,0.0
505.1233049179702,55.0,0.0
505.1401237753121,54.0,0.0
505.14516872082396,55.0,0.0
505.15968632358977,54.0,0.0
505.16841192707216,53.0,0.0
505.17490938437254,54.0,0.0
505.19102518751805,55.0,0.0
505.1914815528734,54.0,0.0
505.1970421785332,55.0,0.0
505.1992044121596,56.0,0.0
505.2000860637995,57.0,0.0
505.21392680314483,56.0,0.0
505.21440092548073,57.0,0.0
505.2170818357154,58.0,0.0
505.221761825407,57.0,0.0
505.2302759643001,56.0,0.0
505.2320319714148,57.0,0.0
505.2383803410814,58.0,0.0
505.24199420182526,59.0,0.0
505.24964015642036,60.0,0.0
505.2524560750938,59.0,0.0
505.26638709192497,60.0,0.0
505.2665875258986,61.0,0.0
505.27750633357346,60.0,0.0
505.2785862944435,59.0,0.0
505.2789498993409,60.0,0.0
505.2834497486282,61.0,0.0
505.28903378869404,62.0,0.0
505.28989352130947,63.0,0.0
505.29869634805686,64.0,0.0
505.30046910421913,65.0,0.0
505.31018049124737,66.0,0.0
505.3107968869636,65.0,0.0
505.3180195439456,66.0,0.0
505.324723638797,65.0,0.0
505.3362243801436,64.0,0.0
505.33880543250655,63.0,0.0
505.3399725819137,64.0,0.0
505.3511145388988,63.0,0.0
505.36410121423614,64.0,0.0
505.3692533398004,65.0,0.0
505.371459137406,64.0,0.0
505.3847010914159,63.0,0.0
505.3853022959905,64.0,0.0
505.38726451841785,63.0,0.0
505.39404647942877,64.0,0.0
505.39868717274953,63.0,0.0
505.4128392809314,64.0,0.0
505.41428006030606,65.0,0.0
505.42682456176516,64.0,0.0
505.42881803130194,65.0,0.0
505.4319451897892,66.0,0.0
505.4459331497367,67.0,0.0
505.454544982643,68.0,0.0
505.45457312428096,69.0,0.0
505.4552798953618,70.0,0.0
505.45528165175074,71.0,0.0
505.456112957641,72.0,0.0
505.45865968721506,73.0,0.0
505.46226183732125,74.0,0.0
505.4642504182084,73.0,0.0
505.46849889277524,74.0,0.0
505.47110901568686,75.0,0.0
505.4777215659227,76.0,0.0
505.4861353948692,77.0,0.0
505.48780034715037,78.0,0.0
505.48784549710336,79.0,0.0
505.49442298393194,80.0,0.0
505.4953744811536,81.0,0.0
505.49690797056934,82.0,0.0
505.49958958117753,83.0,0.0
505.500401106041,84.0,0.0
505.50454242026336,85.0,0.0
505.50847443183056,84.0,0.0
505.5168349176505,85.0,0.0
505.52157580588585,86.0,0.0
505.52177459527974,85.0,0.0
505.5235274637897,84.0,0.0
505.5300244718227,83.0,0.0
505.5363908257732,84.0,0.0
505.5379214660267,83.0,0.0
505.54455071675756,82.0,0.0
505.56358294350275,83.0,0.0
505.57581801696944,84.0,0.0
505.5826716243888,83.0,0.0
505.58377295645664,84.0,0.0
505.58554405289493,83.0,0.0
505.5964914504005,84.0,0.0
505.59828751121154,83.0,0.0
505.6002430509843,82.0,0.0
505.6014745962717,83.0,0.0
505.6024602274409,82.0,0.0
505.6158132129203,81.0,0.0
505.6168220446482,82.0,0.0
505.61713710679686,83.0,0.0
505.6202051579831,84.0,0.0
505.6210283282195,83.0,0.0
505.627189638138,84.0,0.0
505.62805630646835,85.0,0.0
505.6283545528346,86.0,0.0
505.6289733985016,87.0,0.0
505.63378950893076,86.0,0.0
505.63999760171987,85.0,0.0
505.641052393423,84.0,0.0
505.6487572546254,85.0,0.0
505.651602367328,86.0,0.0
505.6660481282539,85.0,0.0
505.678556962495,86.0,0.0
505.689341447147,87.0,0.0
505.6901999739894,88.0,0.0
505.6909941897424,89.0,0.0
505.69411313132986,88.0,0.0
505.69584576293096,89.0,0.0
505.7088217686335,88.0,0.0
505.7112521405372,89.0,0.0
505.71621947980043,90.0,0.0
505.71986311086806,89.0,0.0
505.72449952217124,90.0,0.0
505.7254537727401,91.0,0.0
505.73637170856153,92.0,0.0
505.7364840341669,93.0,0.0
505.73845040230617,94.0,0.0
505.7404540065082,93.0,0.0
505.74075841227665,94.0,0.0
505.7426849568441,93.0,0.0
505.74553480803957,92.0,0.0
505.74595090222687,93.0,0.0
505.7578244227774,92.0,0.0
505.7745295591371,91.0,0.0
505.7905690667076,90.0,0.0
505.79478590022455,91.0,0.0
505.7954975842865,90.0,0.0
505.7992441371807,89.0,0.0
505.7997155812303,88.0,0.0
505.80943502071176,89.0,0.0
505.8106884661962,88.0,0.0
505.8239654288016,87.0,0.0
505.8240002326331,86.0,0.0
505.83269568275233,87.0,0.0
505.8368367272971,88.0,0.0
505.8438228538185,89.0,0.0
505.8450538229491,88.0,0.0
505.85624388314955,89.0,0.0
505.85631014042184,90.0,0.0
505.8566554094194,89.0,0.0
505.8645652036226,88.0,0.0
505.86601377212247,87.0,0.0
505.86907502777666,88.0,0.0
505.86915535313534,89.0,0.0
505.8740852156924,88.0,0.0
505.87637178437905,89.0,0.0
505.87683250057734,88.0,0.0
505.8807521377734,87.0,0.0
505.88787046642557,88.0,0.0
505.8892434289012,87.0,0.0
505.8976282912518,86.0,0.0
505.9008413190471,87.0,0.0
505.90097363041025,88.0,0.0
505.9033317725113,87.0,0.0
505.90593066394615,88.0,0.0
505.9108730779528,87.0,0.0
505.91150278463886,88.0,0.0
505.9365691744718,89.0,0.0
505.93924566045996,88.0,0.0
505.9402404848938,89.0,0.0
505.94779619318945,88.0,0.0
505.9532184663604,89.0,0.0
505.95399108575714,88.0,0.0
505.9570635405375,87.0,0.0
505.96365129650053,88.0,0.0
505.96713112022127,89.0,0.0
505.9709379454938,88.0,0.0
505.9728840133528,87.0,0.0
505.98025167442324,88.0,0.0
505.9840247317601,89.0,0.0
505.9876186902521,90.0,0.0
505.9876665361908,91.0,0.0
505.99122671805253,92.0,0.0
505.9923166877917,91.0,0.0
505.9930386650158,90.0,0.0
505.99361692310623,89.0,0.0
506.00113603903617,90.0,0.0
506.0105250157615,89.0,0.0
506.0116936034065,90.0,0.0
506.01249596833486,89.0,0.0
506.01314054451194,88.0,0.0
506.0178820111604,87.0,0.0
506.01982907219883,86.0,0.0
506.0199815221552,85.0,0.0
506.02063139895847,84.0,0.0
506.02200316987467,83.0,0.0
506.03432052906413,82.0,0.0
506.03846231190613,83.0,0.0
506.04946593157155,82.0,0.0
506.05286876106715,81.0,0.0
506.05552512576145,82.0,0.0
506.06240372925737,83.0,0.0
506.0646819137351,84.0,0.0
506.0680797363048,83.0,0.0
506.07062373216314,82.0,0.0
506.0737816249842,83.0,0.0
506.07397963889116,82.0,0.0
506.07918151586335,83.0,0.0
506.0819662884592,82.0,0.0
506.09697795031127,81.0,0.0
506.09964252751325,82.0,0.0
506.1042818202879,83.0,0.0
506.10771994578414,82.0,0.0
506.1085840206548,81.0,0.0
506.10936905415525,82.0,0.0
506.11441575854434,81.0,0.0
506.13669400579477,80.0,0.0
506.1411584652506,79.0,0.0
506.1477840916004,80.0,0.0
506.1484977057336,81.0,0.0
506.1594479997374,80.0,0.0
506.16151095476533,79.0,0.0
506.16887756794847,78.0,0.0
506.1705278564365,77.0,0.0
506.1751909447348,78.0,0.0
506.1784065807583,79.0,0.0
506.183267451548,78.0,0.0
506.1850463874409,79.0,0.0
506.20828516701994,80.0,0.0
506.2138087360845,81.0,0.0
506.22295915824793,82.0,0.0
506.2252343998808,81.0,0.0
506.22620307401814,82.0,0.0
506.2298181807921,83.0,0.0
506.2411305655085,82.0,0.0
506.2440998663651,81.0,0.0
506.25325630556046,82.0,0.0
506.2550303793984,83.0,0.0
506.26028650546886,84.0,0.0
506.2671695942758,83.0,0.0
506.2734372815363,82.0,0.0
506.27805522529655,83.0,0.0
506.2882452176513,84.0,0.0
506.2926250034088,83.0,0.0
506.30959791430354,84.0,0.0
506.3106388262291,83.0,0.0
506.31466977582267,84.0,0.0
506.31471652451063,83.0,0.0
506.31891996205087,82.0,0.0
506.3270596540881,83.0,0.0
506.33088774231584,84.0,0.0
506.336409599777,83.0,0.0
506.3391667502094,84.0,0.0
506.34333822975464,85.0,0.0
506.3461384462034,84.0,0.0
506.34737032716566,85.0,0.0
506.3477806825825,84.0,0.0
506.34808627183986,85.0,0.0
506.3506542283777,84.0,0.0
506.35649333136377,85.0,0.0
506.35765446829123,86.0,0.0
506.3634828322857,87.0,0.0
506.369347473757,86.0,0.0
506.3701661200523,87.0,0.0
506.3781279233157,86.0,0.0
506.385742473835,85.0,0.0
506.39724420717033,84.0,0.0
506.40646782665306,83.0,0.0
506.4102984028771,84.0,0.0
506.41624636809195,83.0,0.0
506.41763785145804,82.0,0.0
506.4186246361109,83.0,0.0
506.4210411439713,84.0,0.0
506.42524303204164,83.0,0.0
506.43005154259623,84.0,0.0
506.4344440819342,85.0,0.0
506.43547464719194,86.0,0.0
506.4417110868394,85.0,0.0
506.4586007240677,84.0,0.0
506.46433474371855,85.0,0.0
506.4650024048811,86.0,0.0
506.46559504402876,85.0,0.0
506.4674984589458,84.0,0.0
506.47165941207334,85.0,0.0
506.47785137015245,84.0,0.0
506.484772222208,83.0,0.0
506.4857221574135,82.0,0.0
506.4928895482165,81.0,0.0
506.4944030711532,82.0,0.0
506.4974186488937,83.0,0.0
506.5064097242189,84.0,0.0
506.508546646129,85.0,0.0
506.5113770670505,86.0,0.0
506.5116323264872,87.0,0.0
506.52286263164444,86.0,0.0
506.53158922695354,87.0,0.0
506.53461634846684,88.0,0.0
506.5408866183752,89.0,0.0
506.5414833840775,90.0,0.0
506.55407782805696,89.0,0.0
506.55605357001343,90.0,0.0
506.5598900477775,89.0,0.0
506.56051531668254,90.0,0.0
506.56125876988034,89.0,0.0
506.56961327626266,88.0,0.0
506.57572916968815,89.0,0.0
506.5869900244919,90.0,0.0
506.59560662310054,91.0,0.0
506.602301478954,92.0,0.0
506.606505315838,91.0,0.0
506.6192964340359,92.0,0.0
506.63691460878573,91.0,0.0
506.63820328437026,92.0,0.0
506.65495334191013,91.0,0.0
506.67530682718046,90.0,0.0
506.67895683663437,89.0,0.0
506.6810733451676,88.0,0.0
506.6817386371563,89.0,0.0
506.6825686395705,90.0,0.0
506.6848105953561,91.0,0.0
506.69284033518636,92.0,0.0
506.7007017717554,93.0,0.0
506.70181329498473,92.0,0.0
506.7026016610652,91.0,0.0
506.7042875455494,90.0,0.0
506.7108494359508,91.0,0.0
506.71347622473195,90.0,0.0
506.7203315725549,89.0,0.0
506.7245037594678,88.0,0.0
506.72969736759427,87.0,0.0
506.7516934407948,86.0,0.0
506.7531946491101,87.0,0.0
506.75820836939243,88.0,0.0
506.7592436003501,87.0,0.0
506.76186075844674,88.0,0.0
506.76932087923535,89.0,0.0
506.7700939034583,88.0,0.0
506.77266715433746,87.0,0.0
506.7746456606,86.0,0.0
506.77518083296974,85.0,0.0
506.77974827297425,86.0,0.0
506.782015678693,85.0,0.0
506.78504319467805,86.0,0.0
506.78557030500303,85.0,0.0
506.79575388431766,84.0,0.0
506.8003642555812,83.0,0.0
506.8094017214888,84.0,0.0
506.81224813107025,83.0,0.0
506.8244124840651,84.0,0.0
506.83834581051104,85.0,0.0
506.8391060053276,86.0,0.0
506.84291924953305,87.0,0.0
506.84593239656306,88.0,0.0
506.8568471376469,87.0,0.0
506.86396092531504,88.0,0.0
506.87064078586604,87.0,0.0
506.8720773909859,86.0,0.0
506.87969620959603,87.0,0.0
506.88203353342544,88.0,0.0
506.8961449456324,87.0,0.0
506.91280947586654,88.0,0.0
506.92103300105305,89.0,0.0
506.9217186995563,88.0,0.0
506.9306746449845,87.0,0.0
506.93277804041816,88.0,0.0
506.9336020390571,89.0,0.0
506.94599152944255,88.0,0.0
506.94765294090087,89.0,0.0
506.95037748323296,90.0,0.0
506.9537147422328,89.0,0.0
506.9583084982503,90.0,0.0
506.9666312568474,89.0,0.0
506.9668034260762,88.0,0.0
506.96835402199514,87.0,0.0
506.97171923912555,88.0,0.0
506.97717906265575,89.0,0.0
506.9799577872731,88.0,0.0
506.98438535010285,89.0,0.0
506.98896566713796,90.0,0.0
507.00566944414066,89.0,0.0
507.00908578472286,90.0,0.0
507.01095486122273,89.0,0.0
507.02762608768035,90.0,0.0
507.0419822135043,91.0,0.0
507.0478789106537,90.0,0.0
507.05590033389956,89.0,0.0
507.055961908248,90.0,0.0
507.0635696871106,89.0,0.0
507.06948832343676,90.0,0.0
507.07880941835833,91.0,0.0
507.08829319131394,92.0,0.0
507.0891589111509,91.0,0.0
507.1008712456449,90.0,0.0
507.10643017855614,89.0,0.0
507.11084205982985,90.0,0.0
507.1222948522685,91.0,0.0
507.12598581453216,90.0,0.0
507.127408035003,89.0,0.0
507.1398146159127,88.0,0.0
507.15296045284344,89.0,0.0
507.1763167450742,88.0,0.0
507.1855125257192,89.0,0.0
507.19966403840317,88.0,0.0
507.2002277422458,89.0,0.0
507.20636109213973,88.0,0.0
507.21660092087114,87.0,0.0
507.2295865434121,88.0,0.0
507.23033460814634,87.0,0.0
507.23388600862376,86.0,0.0
507.2428283903915,87.0,0.0
507.244017278892,86.0,0.0
507.2487831724696,87.0,0.0
507.2493674658759,86.0,0.0
507.2493971525918,87.0,0.0
507.25850262590694,88.0,0.0
507.26099191700706,89.0,0.0
507.2612793119215,88.0,0.0
507.2617023577661,87.0,0.0
507.2660443703432,86.0,0.0
507.26657104337687,87.0,0.0
507.2734472444121,88.0,0.0
507.2752025075276,89.0,0.0
507.2913124665532,90.0,0.0
507.29451752881215,89.0,0.0
507.31893290283716,90.0,0.0
507.3254317102039,89.0,0.0
507.3262678829696,88.0,0.0
507.32881565712546,87.0,0.0
507.352121078542,86.0,0.0
507.35355314394485,87.0,0.0
507.35581009612633,88.0,0.0
507.3600361883271,87.0,0.0
507.3648964367804,86.0,0.0
507.3930112455304,87.0,0.0
507.396690364767,86.0,0.0
507.41217712048814,85.0,0.0
507.4155063363841,86.0,0.0
507.4231872437478,87.0,0.0
507.42401809721633,88.0,0.0
507.43104661818774,87.0,0.0
507.4461290119019,88.0,0.0
507.45198184456007,87.0,0.0
507.45504223938934,86.0,0.0
507.4561734902616,87.0,0.0
507.4659317351544,88.0,0.0
507.4660063451032,87.0,0.0
507.4733173317979,86.0,0.0
507.48000748272455,87.0,0.0
507.4916360858408,88.0,0.0
507.493344957914,87.0,0.0
507.49382515004123,88.0,0.0
507.49556574493596,89.0,0.0
507.5080559298715,88.0,0.0
507.5133858857984,87.0,0.0
507.51639818728734,88.0,0.0
507.5169717483122,87.0,0.0
507.51727997919653,86.0,0.0
507.51900666030247,87.0,0.0
507.53503062745455,86.0,0.0
507.543476984008,87.0,0.0
507.54528161487826,88.0,0.0
507.5531309859234,87.0,0.0
507.5648220813598,86.0,0.0
507.5716841486906,85.0,0.0
507.58675380257614,84.0,0.0
507.5899341333727,83.0,0.0
507.5985952747962,84.0,0.0
507.6282903825615,85.0,0.0
507.6293634943709,86.0,0.0
507.63487888987584,87.0,0.0
507.64518489346204,86.0,0.0
507.6478904522742,87.0,0.0
507.6519059571888,88.0,0.0
507.6530229096056,87.0,0.0
507.657101365841,86.0,0.0
507.6738215642214,87.0,0.0
507.6779121816992,86.0,0.0
507.68234990259634,85.0,0.0
507.6828289794532,84.0,0.0
507.69465373948714,85.0,0.0
507.69791409260716,84.0,0.0
507.6998128380188,83.0,0.0
507.7000543698171,82.0,0.0
507.7020217635538,83.0,0.0
507.7036228826013,82.0,0.0
507.70796082449897,83.0,0.0
507.7086673967152,84.0,0.0
507.72805875832563,83.0,0.0
507.73169681166434,82.0,0.0
507.73169956155175,81.0,0.0
507.7321551578576,80.0,0.0
507.73736060046167,79.0,0.0
507.74033581636115,80.0,0.0
507.74293308612647,81.0,0.0
507.7606070962834,80.0,0.0
507.77247902467036,79.0,0.0
507.7734832373801,80.0,0.0
507.7763029688259,79.0,0.0
507.77887837868633,78.0,0.0
507.78025601706236,79.0,0.0
507.78033875435005,78.0,0.0
507.78326632908886,79.0,0.0
507.7890970082974,80.0,0.0
507.79039234050487,79.0,0.0
507.7912329222492,78.0,0.0
507.7943115032125,77.0,0.0
507.80542027385144,78.0,0.0
507.8056956169944,79.0,0.0
507.81503165759307,80.0,0.0
507.8174284469601,81.0,0.0
507.82285876371844,82.0,0.0
507.8418105638332,83.0,0.0
507.84321017790586,84.0,0.0
507.8525894687421,83.0,0.0
507.8531451138048,84.0,0.0
507.8557481588041,83.0,0.0
507.862453654488,82.0,0.0
507.86407041917926,83.0,0.0
507.86732010842206,82.0,0.0
507.8679155501585,81.0,0.0
507.8695099716453,82.0,0.0
507.8719662768876,83.0,0.0
507.8925983451619,82.0,0.0
507.8951451232222,83.0,0.0
507.89748923632857,82.0,0.0
507.89888207255217,81.0,0.0
507.90067473868396,80.0,0.0
507.90329799804056,79.0,0.0
507.9045503076856,78.0,0.0
507.90684143201423,79.0,0.0
507.9073056857768,80.0,0.0
507.91771967349075,79.0,0.0
507.91911011037087,80.0,0.0
507.9258502095184,79.0,0.0
507.92799014990294,80.0,0.0
507.9312432268167,81.0,0.0
507.94846592643376,80.0,0.0
507.94897267662543,79.0,0.0
507.9509289077912,80.0,0.0
507.97507180024775,81.0,0.0
507.97603467318106,82.0,0.0
507.98249352481594,81.0,0.0
507.9833197192171,80.0,0.0
507.9884122388138,79.0,0.0
507.9931725935977,80.0,0.0
507.9987171375577,79.0,0.0
507.99925090216084,78.0,0.0
507.99929317432395,77.0,0.0
508.00152471334843,78.0,0.0
508.0159008552713,77.0,0.0
508.03397827660325,78.0,0.0
508.04298187152324,77.0,0.0
508.0452263182645,76.0,0.0
508.0463586257032,75.0,0.0
508.0471372425054,76.0,0.0
508.05680938493066,75.0,0.0
508.06127126910866,74.0,0.0
508.0659358394437,73.0,0.0
508.07047553231746,72.0,0.0
508.07869919161243,71.0,0.0
508.0816962392708,72.0,0.0
508.0833780981546,73.0,0.0
508.08887097450713,74.0,0.0
508.08932632122924,73.0,0.0
508.1005768733413,72.0,0.0
508.1151898668954,73.0,0.0
508.11888299542164,74.0,0.0
508.13615058811183,73.0,0.0
508.150789875108,74.0,0.0
508.1520212874233,75.0,0.0
508.15211961563074,74.0,0.0
508.15697791141105,75.0,0.0
508.1605580736921,74.0,0.0
508.1617126967419,75.0,0.0
508.1655559873517,76.0,0.0
508.168828972586,77.0,0.0
508.17033870949865,78.0,0.0
508.1709972032799,79.0,0.0
508.172501228171,80.0,0.0
508.1810996848344,81.0,0.0
508.18220187989226,82.0,0.0
508.1862125070818,81.0,0.0
508.1884741457408,80.0,0.0
508.188628178209,81.0,0.0
508.1915910630569,82.0,0.0
508.20859396390966,81.0,0.0
508.21543796019097,82.0,0.0
508.218115586711,81.0,0.0
508.22825873336194,82.0,0.0
508.2306395573592,81.0,0.0
508.2306948985887,82.0,0.0
508.2354092885613,83.0,0.0
508.23930084185656,82.0,0.0
508.2445168271455,81.0,0.0
508.2489749842508,80.0,0.0
508.2538256442087,81.0,0.0
508.2619328183834,80.0,0.0
508.26871922089083,79.0,0.0
508.2731703454584,80.0,0.0
508.2767652040281,81.0,0.0
508.2797643239693,80.0,0.0
508.2843999954854,79.0,0.0
508.2915265152152,78.0,0.0
508.2947336351846,77.0,0.0
508.30501646244824,78.0,0.0
508.32061408320834,77.0,0.0
508.32287839926835,78.0,0.0
508.32390517038,79.0,0.0
508.3245553538837,80.0,0.0
508.3448920429934,81.0,0.0
508.3458475543339,80.0,0.0
508.3585665017215,79.0,0.0
508.3607192360994,78.0,0.0
508.36338695244604,77.0,0.0
508.36604674033066,76.0,0.0
508.36780405951777,77.0,0.0
508.37221567054826,76.0,0.0
508.37268325472184,77.0,0.0
508.37633058512563,78.0,0.0
508.37983895720544,79.0,0.0
508.39805822974944,78.0,0.0
508.4074807906411,79.0,0.0
508.407626769754,78.0,0.0
508.4101370790457,77.0,0.0
508.42701052074403,78.0,0.0
508.4335156259028,77.0,0.0
508.43493434606967,78.0,0.0
508.4365429364694,77.0,0.0
508.4380402348009,76.0,0.0
508.43971079028313,75.0,0.0
508.44833935264353,74.0,0.0
508.4504642668832,73.0,0.0
508.4608739708831,72.0,0.0
508.4665684229377,73.0,0.0
508.4714125737165,72.0,0.0
508.477571513313,73.0,0.0
508.47844666943257,72.0,0.0
508.48006114796857,71.0,0.0
508.48011222594823,70.0,0.0
508.48187046433037,71.0,0.0
508.4884533683358,70.0,0.0
508.48856519929274,71.0,0.0
508.4976097231167,70.0,0.0
508.501675025245,69.0,0.0
508.50513718951845,70.0,0.0
508.51132211336454,69.0,0.0
508.52025364610853,68.0,0.0
508.53178655103335,67.0,0.0
508.53246710325675,68.0,0.0
508.5333222748001,69.0,0.0
508.5373483402981,70.0,0.0
508.5485689350298,69.0,0.0
508.5639201274075,70.0,0.0
508.56392320401545,69.0,0.0
508.56400039979064,68.0,0.0
508.57270870273726,67.0,0.0
508.57779662915976,68.0,0.0
508.57799208234263,69.0,0.0
508.5791719508681,68.0,0.0
508.57999457017655,69.0,0.0
508.58068624471343,68.0,0.0
508.58375073824345,67.0,0.0
508.58507898869544,66.0,0.0
508.5957334081885,65.0,0.0
508.59829633840957,64.0,0.0
508.6142389016196,63.0,0.0
508.6192732087072,64.0,0.0
508.62709181673165,63.0,0.0
508.6333276691802,64.0,0.0
508.63620397735497,63.0,0.0
508.6446963861233,62.0,0.0
508.65988942650324,61.0,0.0
508.71305647733215,62.0,0.0
508.7199620095257,63.0,0.0
508.7232138285843,62.0,0.0
508.72617783049503,63.0,0.0
508.73466542070287,64.0,0.0
508.73569642984734,63.0,0.0
508.73831615622237,62.0,0.0
508.7402399039912,61.0,0.0
508.74452155582094,60.0,0.0
508.7486373265338,61.0,0.0
508.7576711143585,60.0,0.0
508.7646171660454,61.0,0.0
508.76565701606864,60.0,0.0
508.78283689490445,59.0,0.0
508.7840738928933,58.0,0.0
508.792812952991,57.0,0.0
508.79330331417543,58.0,0.0
508.79364898614523,57.0,0.0
508.79616670571994,56.0,0.0
508.8046991274415,57.0,0.0
508.8049301899216,56.0,0.0
508.8264416888132,57.0,0.0
508.82886192652757,58.0,0.0
508.83033338644077,57.0,0.0
508.8391560089593,56.0,0.0
508.8453260136151,55.0,0.0
508.84873573376746,54.0,0.0
508.84888111090294,53.0,0.0
508.8517014611461,52.0,0.0
508.8549218142719,51.0,0.0
508.85649885060286,52.0,0.0
508.85652176219,51.0,0.0
508.8585720423045,52.0,0.0
508.8609880443932,53.0,0.0
508.8648123425994,54.0,0.0
508.86663425227414,53.0,0.0
508.8692792436303,52.0,0.0
508.89108825088925,51.0,0.0
508.8949168692208,52.0,0.0
508.9006137957844,51.0,0.0
508.90121156676867,50.0,0.0
508.90231053998576,51.0,0.0
508.9122573089176,52.0,0.0
508.9187571977385,51.0,0.0
508.9432163245134,50.0,0.0
508.9497725090033,51.0,0.0
508.9606424522299,52.0,0.0
508.963681292726,53.0,0.0
508.9672635978479,54.0,0.0
508.98707231354916,55.0,0.0
509.0249856870241,56.0,0.0
509.0269049913695,55.0,0.0
509.03030331651826,56.0,0.0
509.0314959932615,55.0,0.0
509.03198733015813,54.0,0.0
509.0335762268498,53.0,0.0
509.0393109555956,52.0,0.0
509.0411664887216,53.0,0.0
509.0420967461333,54.0,0.0
509.0490768411689,53.0,0.0
509.0508340989239,54.0,0.0
509.0530382147448,55.0,0.0
509.055927838752,54.0,0.0
509.05728170910265,53.0,0.0
509.061014175599,54.0,0.0
509.08280174796755,53.0,0.0
509.0894329502265,52.0,0.0
509.1107369415503,51.0,0.0
509.12009486719097,50.0,0.0
509.12796095880765,51.0,0.0
509.13935097461575,50.0,0.0
509.14258745167484,49.0,0.0
509.15826346266664,48.0,0.0
509.1649704616304,47.0,0.0
509.1728299073485,48.0,0.0
509.17316964092464,49.0,0.0
509.1809321929617,48.0,0.0
509.19433782207216,47.0,0.0
509.216025594546,46.0,0.0
509.2166790687103,47.0,0.0
509.21936244137396,46.0,0.0
509.22735759447477,45.0,0.0
509.2292154201982,44.0,0.0
509.2323012711327,45.0,0.0
509.23417119060554,44.0,0.0
509.2437320354538,45.0,0.0
509.243765357259,44.0,0.0
509.24764025838874,45.0,0.0
509.2517476487415,44.0,0.0
509.2657256949154,43.0,0.0
509.2862367236996,42.0,0.0
509.28902751111696,41.0,0.0
509.2907203987193,42.0,0.0
509.2950516457462,41.0,0.0
509.3191885175933,42.0,0.0
509.33079595187394,43.0,0.0
509.34103207671166,44.0,0.0
509.3579454530182,45.0,0.0
509.35799233603177,46.0,0.0
509.37015080932645,45.0,0.0
509.3711611253869,44.0,0.0
509.37308459149506,45.0,0.0
509.3744545009203,46.0,0.0
509.3823263728149,45.0,0.0
509.38363015298745,44.0,0.0
509.39592833673305,43.0,0.0
509.3962783839471,42.0,0.0
509.4377738748875,43.0,0.0
509.4484229627607,44.0,0.0
509.4542409745646,43.0,0.0
509.4568158674621,42.0,0.0
509.47483543255277,41.0,0.0
509.4765138861851,42.0,0.0
509.4927853894906,41.0,0.0
509.5066705331828,42.0,0.0
509.50785302757026,41.0,0.0
509.517723557578,42.0,0.0
509.5186061080301,43.0,0.0
509.5195371528657,44.0,0.0
509.533566010077,43.0,0.0
509.5582188350323,42.0,0.0
509.5730194720212,43.0,0.0
509.57754409315817,44.0,0.0
509.5789602353268,43.0,0.0
509.596012221462,42.0,0.0
509.59623284546853,41.0,0.0
509.60327993741225,40.0,0.0
509.6053503935711,39.0,0.0
509.63056859427036,40.0,0.0
509.6330419493926,41.0,0.0
509.65416508547884,40.0,0.0
509.6580899761372,39.0,0.0
509.65831393758117,40.0,0.0
509.6706969282372,39.0,0.0
509.6870317297714,38.0,0.0
509.7064215325928,37.0,0.0
509.70750977762646,36.0,0.0
509.70948579191077,35.0,0.0
509.7105799989112,36.0,0.0
509.7137911568041,37.0,0.0
509.7138107310484,36.0,0.0
509.74296961110383,37.0,0.0
509.7473999182594,36.0,0.0
509.7488765111955,35.0,0.0
509.765982947429,34.0,0.0
509.7697641294203,33.0,0.0
509.77672864369043,32.0,0.0
509.7783377694045,31.0,0.0
509.78686650324937,32.0,0.0
509.7894110028045,31.0,0.0
509.8004450908789,30.0,0.0
509.80256583827213,31.0,0.0
509.8046388484761,32.0,0.0
509.8229445922774,33.0,0.0
509.8278817292911,32.0,0.0
509.8279508026194,31.0,0.0
509.82940149589007,30.0,0.0
509.831245242911,29.0,0.0
509.8445149391678,30.0,0.0
509.85497228747096,31.0,0.0
509.8686051909969,30.0,0.0
509.8699879662852,31.0,0.0
509.87494364476964,32.0,0.0
509.90137215325484,33.0,0.0
509.912904458711,34.0,0.0
509.9186084488337,33.0,0.0
509.91881910198157,32.0,0.0
509.9201408270669,33.0,0.0
509.926208024568,34.0,0.0
509.92830973771527,35.0,0.0
509.93452258940937,34.0,0.0
509.9366668401675,35.0,0.0
509.940875470395,36.0,0.0
509.94350423495206,37.0,0.0
509.9642222351762,36.0,0.0
509.96603108038084,35.0,0.0
509.97234750403925,34.0,0.0
509.9851831284403,35.0,0.0
509.98889697127584,36.0,0.0
509.9936576008339,37.0,0.0
509.99608892630386,36.0,0.0
510.0035606444398,35.0,0.0
510.00928783004633,36.0,0.0
510.0151520173436,37.0,0.0
510.01866544920114,38.0,0.0
510.0197799202186,39.0,0.0
510.0226043617528,38.0,0.0
510.02883210553426,39.0,0.0
510.0329331149344,38.0,0.0
510.03605203435575,39.0,0.0
510.04599812427836,38.0,0.0
510.0472254459777,39.0,0.0
510.05200521653524,38.0,0.0
510.05331173213665,39.0,0.0
510.0536539145054,38.0,0.0
510.0557732715416,39.0,0.0
510.06281609383154,40.0,0.0
510.0877639004268,39.0,0.0
510.09112905356193,40.0,0.0
510.0911908198335,39.0,0.0
510.0974270486293,40.0,0.0
510.1074139385633,39.0,0.0
510.1104889195732,40.0,0.0
510.1109768625415,39.0,0.0
510.1136151773925,40.0,0.0
510.1248150288334,41.0,0.0
510.12597503988434,40.0,0.0
510.1353691380404,41.0,0.0
510.1378288711081,40.0,0.0
510.1457155614458,41.0,0.0
510.17910319744254,40.0,0.0
510.18997456216624,39.0,0.0
510.19505278310584,38.0,0.0
510.19510441171803,37.0,0.0
510.19668669772307,36.0,0.0
510.20058407787735,35.0,0.0
510.2012373373604,34.0,0.0
510.20225481386814,35.0,0.0
510.2022632251806,34.0,0.0
510.2047719957461,33.0,0.0
510.2098932265444,34.0,0.0
510.210740863021,33.0,0.0
510.2201230839768,34.0,0.0
510.2248717795395,33.0,0.0
510.2359133086505,34.0,0.0
510.24404992289124,33.0,0.0
510.25369318590623,32.0,0.0
510.25397125172833,33.0,0.0
510.25553928487005,34.0,0.0
510.26968453702864,33.0,0.0
510.28436715962033,34.0,0.0
510.2870623982902,35.0,0.0
510.3110650855042,34.0,0.0
510.3152257895311,33.0,0.0
510.32507169728126,34.0,0.0
510.33157481216574,33.0,0.0
510.3427215398506,32.0,0.0
510.34731613327864,31.0,0.0
510.35677366124884,32.0,0.0
510.36357133205564,33.0,0.0
510.36913849162994,32.0,0.0
510.38607707000466,31.0,0.0
510.39858158540983,32.0,0.0
510.409040263415,31.0,0.0
510.4115050680897,30.0,0.0
510.4236653681047,31.0,0.0
510.4390658617346,30.0,0.0
510.45064131817674,31.0,0.0
510.45800873709373,32.0,0.0
510.4656190997635,31.0,0.0
510.4759417050027,30.0,0.0
510.47879685973857,31.0,0.0
510.4887756864964,30.0,0.0
510.4931714016439,31.0,0.0
510.49807973220146,32.0,0.0
510.49939057013955,33.0,0.0
510.50066883712446,32.0,0.0
510.50362971161076,33.0,0.0
510.50952319617187,34.0,0.0
510.5097306635869,33.0,0.0
510.5130992676865,32.0,0.0
510.51691856106765,33.0,0.0
510.5309536385066,34.0,0.0
510.53729341820764,35.0,0.0
510.537987965786,36.0,0.0
510.5395776131302,37.0,0.0
510.5415923564704,38.0,0.0
510.54284621721996,39.0,0.0
510.5445814815083,40.0,0.0
510.5463480155635,39.0,0.0
510.5520313633549,40.0,0.0
510.5545276344725,39.0,0.0
510.57585038369797,38.0,0.0
510.5929422129499,39.0,0.0
510.619703577834,40.0,0.0
510.63419377267314,39.0,0.0
510.63734356431064,38.0,0.0
510.64466075872053,39.0,0.0
510.6529973268266,38.0,0.0
510.66494744098907,37.0,0.0
510.70316196180187,36.0,0.0
510.70327790746114,37.0,0.0
510.7094558577209,36.0,0.0
510.71450409548834,35.0,0.0
510.7289492631513,36.0,0.0
510.73395873847716,37.0,0.0
510.73746344559356,36.0,0.0
510.7393746271709,37.0,0.0
510.7479267820945,38.0,0.0
510.75540931235906,39.0,0.0
510.7578839589349,40.0,0.0
510.7625447359165,39.0,0.0
510.76759536084444,40.0,0.0
510.7730856848891,39.0,0.0
510.7828043583417,38.0,0.0
510.78712817414794,37.0,0.0
510.7940605779209,36.0,0.0
510.79771519999815,37.0,0.0
510.79783029928416,36.0,0.0
510.79879200653727,35.0,0.0
510.7991428807415,34.0,0.0
510.8025371430292,33.0,0.0
510.83107988059817,32.0,0.0
510.8320975949909,31.0,0.0
510.83963860062414,30.0,0.0
510.84184717718296,29.0,0.0
510.84471878622776,28.0,0.0
510.84560615419235,27.0,0.0
510.8475658882787,26.0,0.0
510.8542539210631,25.0,0.0
510.8673516933946,24.0,0.0
510.87021712996653,25.0,0.0
510.8725915497496,26.0,0.0
510.8742683211402,25.0,0.0
510.8743536535774,24.0,0.0
510.8864814726189,23.0,0.0
510.8891322769865,24.0,0.0
510.89335171552125,25.0,0.0
510.9020140097224,24.0,0.0
510.90499270205476,23.0,0.0
510.9164855945754,24.0,0.0
510.9255852870691,25.0,0.0
510.9294007983344,26.0,0.0
510.92945021833395,25.0,0.0
510.9332885930291,24.0,0.0
510.9359900578935,23.0,0.0
510.9445474657756,24.0,0.0
510.94676734688994,23.0,0.0
510.94793561323684,22.0,0.0
510.9488528055832,21.0,0.0
510.9578851274921,20.0,0.0
510.9590319228885,19.0,0.0
510.9685229813677,20.0,0.0
510.9705989126469,21.0,0.0
510.970653804383,20.0,0.0
510.9868907590466,19.0,0.0
510.9919243506861,20.0,0.0
510.9926760828582,21.0,0.0
511.00125668938483,20.0,0.0
511.0080054549736,19.0,0.0
511.0126538914688,18.0,0.0
511.028033611035,17.0,0.0
511.07315383850965,16.0,0.0
511.0847896763406,15.0,0.0
511.088057615946,14.0,0.0
511.0884260377266,13.0,0.0
511.0941668262176,12.0,0.0
511.0986420989674,11.0,0.0
511.09956938422147,10.0,0.0
511.1011695864599,9.0,0.0
511.1113161215031,8.0,0.0
511.1125318167402,9.0,0.0
511.1167420677642,8.0,0.0
511.11718491496055,7.0,0.0
511.11753897774537,6.0,0.0
511.1178055201923,5.0,0.0
511.1195164385924,4.0,0.0
511.1272289585091,3.0,0.0
511.14051677485213,2.0,0.0
511.14168853211527,3.0,0.0
511.16970072285943,4.0,0.0
511.1730874775822,5.0,0.0
511.1788534735457,4.0,0.0
511.19359758700557,3.0,0.0
511.1954208398232,4.0,0.0
511.21226099010585,3.0,0.0
511.22163516991526,2.0,0.0
511.231413208365,3.0,0.0
511.23189310840166,2.0,0.0
511.23843481185935,1.0,0.0
511.2411586426657,0.0,0.0
511.2656101177587,1.0,0.0
511.2756276033664,2.0,0.0
511.30426501647736,3.0,0.0
511.3206810842195,2.0,0.0
511.3332808624816,1.0,0.0
511.3460115808684,2.0,0.0
511.3488746689583,3.0,0.0
511.3510588224457,2.0,0.0
511.3669756944399,3.0,0.0
511.3829659459242,2.0,0.0
511.3892376754037,1.0,0.0
511.41317766778764,0.0,0.0
511.48536480267023,1.0,0.0
511.5516263595706,2.0,0.0
511.5575739586941,1.0,0.0
511.57303955044046,2.0,0.0
511.57436544867556,3.0,0.0
511.57492509594704,4.0,0.0
511.5818650314099,3.0,0.0
511.593931801217,2.0,0.0
511.61267218164994,1.0,0.0
511.6225159916533,0.0,0.0
511.6399544436725,1.0,0.0
511.65778176097984,2.0,0.0
511.6769133892369,3.0,0.0
511.68091844728167,2.0,0.0
511.70404386855995,3.0,0.0
511.71557522126056,2.0,0.0
511.7182841773039,3.0,0.0
511.7228410585172,2.0,0.0
511.72836945355175,3.0,0.0
511.7385604798731,2.0,0.0
511.74009715490274,1.0,0.0
511.74602404279017,0.0,0.0
511.7764045680713,1.0,0.0
511.776549820046,2.0,0.0
511.79289439031817,1.0,0.0
511.80421472753414,2.0,0.0
511.8275007391032,1.0,0.0
511.82879222262414,0.0,0.0
511.8340782974916,1.0,0.0
511.8446049224677,0.0,0.0
511.8823627603995,1.0,0.0
511.88699819320306,2.0,0.0
511.89044390683506,1.0,0.0
511.9107074540766,2.0,0.0
511.9538367629229,1.0,0.0
511.9542250577586,2.0,0.0
511.95888774172363,1.0,0.0
512.0299647582837,2.0,0.0
512.0425356520245,1.0,0.0
512.0431280237536,0.0,0.0
512.0520814195945,1.0,0.0
512.0798558033368,0.0,0.0
512.1078560406244,1.0,0.0
512.1367858480642,2.0,0.0
512.1439342766158,3.0,0.0
512.1775191707727,2.0,0.0
512.1918102144688,3.0,0.0
512.1929485923677,2.0,0.0
512.1960934148174,1.0,0.0
512.1997194294253,2.0,0.0
512.204249891174,3.0,0.0
512.2046682662482,2.0,0.0
512.21184550997,1.0,0.0
512.2138283392802,2.0,0.0
512.2201690318517,1.0,0.0
512.2394113228625,2.0,0.0
512.2489663363473,3.0,0.0
512.2568631204149,2.0,0.0
512.2658343593208,1.0,0.0
512.2689695010888,0.0,0.0
512.2787545615867,1.0,0.0
512.3077237880208,0.0,0.0
512.3157226648559,1.0,0.0
512.3168851418457,2.0,0.0
512.3172234642724,3.0,0.0
512.3640078178094,2.0,0.0
512.4082751126052,1.0,0.0
512.4101894136442,0.0,0.0
512.4845330267601,1.0,0.0
512.4942243457018,2.0,0.0
512.4970584421504,3.0,0.0
512.5170954254613,4.0,0.0
512.5190962411486,3.0,0.0
512.5273173736646,2.0,0.0
512.5323174217137,1.0,0.0
512.5522977545783,2.0,0.0
512.5666433790883,3.0,0.0
512.5964996178126,2.0,0.0
512.6177151070183,1.0,0.0
512.629602337958,2.0,0.0
512.6535011755832,1.0,0.0
512.6539958525625,0.0,0.0
512.6784936238294,1.0,0.0
512.7088228278412,2.0,0.0
512.7153791499989,1.0,0.0
512.7251268999066,2.0,0.0
512.7401741065743,1.0,0.0
512.7752996652092,0.0,0.0
512.8313527543103,1.0,0.0
512.8366405362136,0.0,0.0
512.8411774064597,1.0,0.0
512.8835069792323,0.0,0.0
512.8898031160448,1.0,0.0
512.8916302839963,0.0,0.0
512.9258856951784,1.0,0.0
512.9270286141698,0.0,0.0
513.0515542169228,1.0,0.0
513.0851729145521,0.0,0.0
513.1687197462577,1.0,0.0
513.1891189434218,0.0,0.0
513.2472507997949,1.0,0.0
513.2479069077272,2.0,0.0
513.2539032571236,1.0,0.0
513.2590682079036,0.0,0.0
513.2969188335398,1.0,0.0
513.3157125015507,2.0,0.0
513.32063590601,1.0,0.0
513.3210109066165,0.0,0.0
513.3717641117134,1.0,0.0
513.4081759832196,0.0,0.0
513.4192148440758,1.0,0.0
513.4394186235661,0.0,0.0
513.4964457162525,1.0,0.0
513.5117483997788,0.0,0.0
513.5256923797565,1.0,0.0
513.5277717558133,0.0,0.0
513.5728412601743,1.0,0.0
513.5763452551946,0.0,0.0
513.5964697262847,1.0,0.0
513.6039561437419,0.0,0.0
513.6150127503577,1.0,0.0
513.6287508981975,0.0,0.0
513.6400921607465,1.0,0.0
513.6458432523821,0.0,0.0
513.7591565275721,1.0,0.0
513.7688068935793,0.0,0.0
513.8037152096654,1.0,0.0
513.815683267469,0.0,0.0
513.8973172211053,1.0,0.0
513.9382638856189,0.0,0.0
513.9487416372291,1.0,0.0
513.948920519792,0.0,0.0
513.9833096414824,1.0,0.0
513.9876908822455,0.0,0.0
514.0467972632582,1.0,0.0
514.063791545168,0.0,0.0
514.1002248635837,1.0,0.0
514.1126643004134,0.0,0.0
514.1265851306555,1.0,0.0
514.1299502296232,0.0,0.0
514.1559446685238,1.0,0.0
514.1727961111591,0.0,0.0
514.250455258078,1.0,0.0
514.2535991209861,2.0,0.0
514.2670274640573,3.0,0.0
514.2681840706831,4.0,0.0
514.2931274640547,3.0,0.0
514.295915664507,2.0,0.0
514.3041356125544,1.0,0.0
514.3092469678473,0.0,0.0
514.3383640912568,1.0,0.0
514.3558693694,2.0,0.0
514.3610044498035,1.0,0.0
514.3614643000211,2.0,0.0
514.3670167858573,3.0,0.0
514.3682196961831,2.0,0.0
514.371822334774,1.0,0.0
514.3809541602382,2.0,0.0
514.3869508722704,3.0,0.0
514.4056168385092,2.0,0.0
514.4287574645692,3.0,0.0
514.4365830238434,4.0,0.0
514.4635061523675,3.0,0.0
514.4716286817053,2.0,0.0
514.485809768966,3.0,0.0
514.502877516612,4.0,0.0
514.5209837051885,5.0,0.0
514.5279508643644,6.0,0.0
514.5419464456993,7.0,0.0
514.5773910566007,6.0,0.0
514.5788252799974,5.0,0.0
514.5806387011007,4.0,0.0
514.583863685801,5.0,0.0
514.5961318706363,6.0,0.0
514.59798071166,7.0,0.0
514.6053959542264,8.0,0.0
514.6135628592384,7.0,0.0
514.6395525572581,8.0,0.0
514.6410440904207,9.0,0.0
514.6411363407724,10.0,0.0
514.6689339775514,9.0,0.0
514.6725761920605,8.0,0.0
514.6809397249987,9.0,0.0
514.6863611691949,8.0,0.0
514.6905087159355,7.0,0.0
514.6906868573496,6.0,0.0
514.7037153283902,5.0,0.0
514.7102469077591,6.0,0.0
514.7154881333302,7.0,0.0
514.7170175726054,8.0,0.0
514.7244640657877,7.0,0.0
514.7286955776698,8.0,0.0
514.7447524814679,7.0,0.0
514.7473770446355,6.0,0.0
514.757133472037,5.0,0.0
514.7658903411764,4.0,0.0
514.7699626135841,3.0,0.0
514.7701364417193,2.0,0.0
514.7820496960509,3.0,0.0
514.7824459737487,2.0,0.0
514.7837838599185,3.0,0.0
514.8026053166499,4.0,0.0
514.836139440092,3.0,0.0
514.8439519269787,4.0,0.0
514.844231706921,5.0,0.0
514.8524641555457,4.0,0.0
514.8552773902157,3.0,0.0
514.8616219213166,4.0,0.0
514.8698299902405,5.0,0.0
514.8753066012434,4.0,0.0
514.8766056789483,3.0,0.0
514.8842513428942,4.0,0.0
514.8991760574603,3.0,0.0
514.9069214394276,4.0,0.0
514.9115703966369,3.0,0.0
514.9207295266253,2.0,0.0
514.9316866218752,3.0,0.0
514.9637166666412,2.0,0.0
514.9707551136895,1.0,0.0
514.9846574307566,0.0,0.0
514.9852478002108,1.0,0.0
515.0052521156933,2.0,0.0
515.0198632940894,1.0,0.0
515.0713492078986,2.0,0.0
515.0955789561259,1.0,0.0
515.1120979741751,2.0,0.0
515.1297480879227,1.0,0.0
515.1348920820633,0.0,0.0
515.1410390558177,1.0,0.0
515.1482738200223,0.0,0.0
515.1832178079906,1.0,0.0
515.217959099248,2.0,0.0
515.2308447409317,3.0,0.0
515.2337106330642,2.0,0.0
515.2420903726795,3.0,0.0
515.2462151688788,4.0,0.0
515.250181376271,5.0,0.0
515.2826792904939,4.0,0.0
515.2956158971147,3.0,0.0
515.295914071383,4.0,0.0
515.3011514440843,5.0,0.0
515.3104645108144,6.0,0.0
515.3321021898806,5.0,0.0
515.3534875166829,6.0,0.0
515.3665795005577,5.0,0.0
515.3670549410857,4.0,0.0
515.3704690345618,3.0,0.0
515.3735178132464,4.0,0.0
515.374884528494,3.0,0.0
515.3819515820672,4.0,0.0
515.3869561969407,5.0,0.0
515.3889633385777,4.0,0.0
515.3971149102108,3.0,0.0
515.4260190964554,4.0,0.0
515.4316641912131,3.0,0.0
515.4537860563541,4.0,0.0
515.453927613389,3.0,0.0
515.4583311476852,4.0,0.0
515.4627804485998,5.0,0.0
515.4666293969498,6.0,0.0
515.469718179669,7.0,0.0
515.494486689087,6.0,0.0
515.507321315146,5.0,0.0
515.518783553115,4.0,0.0
515.5209391594485,5.0,0.0
515.5305747483436,4.0,0.0
515.5457439937217,3.0,0.0
515.5602778116189,4.0,0.0
515.5648625186434,5.0,0.0
515.5675337759682,6.0,0.0
515.5785495565266,5.0,0.0
515.601052232799,4.0,0.0
515.6136858012289,5.0,0.0
515.6184649599811,4.0,0.0
515.6327180965776,3.0,0.0
515.657929782998,4.0,0.0
515.6590501711449,3.0,0.0
515.662252908671,2.0,0.0
515.6645213662617,3.0,0.0
515.6671613295082,2.0,0.0
515.6721527698775,3.0,0.0
515.676899725096,4.0,0.0
515.6816315779146,3.0,0.0
515.6838130961524,4.0,0.0
515.6899737595025,5.0,0.0
515.7043125205564,6.0,0.0
515.7154084199381,5.0,0.0
515.7198357842332,4.0,0.0
515.719913450002,5.0,0.0
515.7243176227379,4.0,0.0
515.7276210579439,5.0,0.0
515.7282409645243,6.0,0.0
515.7305714063956,5.0,0.0
515.7632102598487,4.0,0.0
515.7666552628853,3.0,0.0
515.7725550981446,2.0,0.0
515.7829150498469,3.0,0.0
515.7858786273739,4.0,0.0
515.7907366518375,5.0,0.0
515.7920403355873,6.0,0.0
515.8010842465645,5.0,0.0
515.8092665185242,6.0,0.0
515.8127043588078,7.0,0.0
515.8315701643822,6.0,0.0
515.8320751353434,7.0,0.0
515.8497238444922,8.0,0.0
515.850854347906,7.0,0.0
515.8549826239847,6.0,0.0
515.8618288383593,5.0,0.0
515.8676953192339,6.0,0.0
515.8686150707226,5.0,0.0
515.8686524174785,4.0,0.0
515.8687607520762,5.0,0.0
515.8718091527704,4.0,0.0
515.8752191809376,5.0,0.0
515.8759019111959,4.0,0.0
515.8929303843498,3.0,0.0
515.908110113365,4.0,0.0
515.9267287831753,5.0,0.0
515.9298900525,4.0,0.0
515.9363021714647,5.0,0.0
515.939871924728,6.0,0.0
515.9438501587726,7.0,0.0
515.9497827211134,8.0,0.0
515.9514550231349,9.0,0.0
515.9561658367301,10.0,0.0
515.9682549473488,9.0,0.0
515.9791063701565,10.0,0.0
515.992513647102,11.0,0.0
515.9937677492546,10.0,0.0
515.9961674843937,9.0,0.0
515.9962469138463,8.0,0.0
515.9993936521099,9.0,0.0
516.0373804140617,10.0,0.0
516.0602275016796,11.0,0.0
516.0606857394421,12.0,0.0
516.0624509915664,13.0,0.0
516.0649681046128,12.0,0.0
516.0681138552874,11.0,0.0
516.0742561772051,10.0,0.0
516.0785433076707,9.0,0.0
516.0792093030866,8.0,0.0
516.0869153982766,7.0,0.0
516.1006037837751,6.0,0.0
516.1010492724702,5.0,0.0
516.1089328730915,6.0,0.0
516.111990263998,7.0,0.0
516.1194560808924,8.0,0.0
516.1214905671516,9.0,0.0
516.1233745914582,8.0,0.0
516.1271374222,7.0,0.0
516.158535102802,6.0,0.0
516.176605489106,7.0,0.0
516.1822224013341,8.0,0.0
516.1837764488433,9.0,0.0
516.1851825329134,10.0,0.0
516.1925631155043,9.0,0.0
516.1929743771096,10.0,0.0
516.1937981424386,9.0,0.0
516.1969625582798,10.0,0.0
516.2015324938238,11.0,0.0
516.2138059697124,10.0,0.0
516.2173263105642,11.0,0.0
516.2216668949974,10.0,0.0
516.2239098356338,11.0,0.0
516.2325480116664,10.0,0.0
516.2380314510863,9.0,0.0
516.2443526024248,8.0,0.0
516.2506683874717,7.0,0.0
516.2645951505118,8.0,0.0
516.2677816135705,7.0,0.0
516.2780300634628,8.0,0.0
516.2831878128572,9.0,0.0
516.288544047226,8.0,0.0
516.2969269185472,7.0,0.0
516.3085331447176,6.0,0.0
516.3113113268062,5.0,0.0
516.3153041942845,6.0,0.0
516.3190342809507,5.0,0.0
516.3204554639782,6.0,0.0
516.3210750729745,5.0,0.0
516.3217521297148,6.0,0.0
516.3239579023312,5.0,0.0
516.324229118531,6.0,0.0
516.328283741203,7.0,0.0
516.3490638173889,8.0,0.0
516.3746387946867,7.0,0.0
516.3777998571245,6.0,0.0
516.378197080864,5.0,0.0
516.3876270073538,6.0,0.0
516.3986656882477,7.0,0.0
516.3986818560005,6.0,0.0
516.4059542983,5.0,0.0
516.4070587312058,6.0,0.0
516.423611403921,7.0,0.0
516.4351381376129,8.0,0.0
516.4359226305727,7.0,0.0
516.4438600906359,8.0,0.0
516.4474465204154,9.0,0.0
516.4614875406313,8.0,0.0
516.4617248888825,9.0,0.0
516.469427706268,8.0,0.0
516.4698454373213,9.0,0.0
516.4764729242111,10.0,0.0
516.4834920821796,9.0,0.0
516.4879795501361,8.0,0.0
516.5150831557403,9.0,0.0
516.5205303033663,10.0,0.0
516.5244754684877,11.0,0.0
516.539461307856,10.0,0.0
516.5641523138697,9.0,0.0
516.5641973345441,8.0,0.0
516.5668854953994,7.0,0.0
516.5728518620025,8.0,0.0
516.5768998936534,9.0,0.0
516.5938940045711,8.0,0.0
516.5946889512553,9.0,0.0
516.596393806421,10.0,0.0
516.5979446652684,11.0,0.0
516.6035573329816,12.0,0.0
516.6147023233598,13.0,0.0
516.6178396518236,12.0,0.0
516.6427612333267,13.0,0.0
516.644455047472,14.0,0.0
516.6477866935784,15.0,0.0
516.6542419910691,14.0,0.0
516.6648229461077,13.0,0.0
516.6837836397334,12.0,0.0
516.6883615883606,13.0,0.0
516.7038005054327,12.0,0.0
516.7062297918535,13.0,0.0
516.7097029721182,14.0,0.0
516.7100813997931,15.0,0.0
516.7104101818345,16.0,0.0
516.7177315625468,17.0,0.0
516.7237290354778,16.0,0.0
516.7274894028618,15.0,0.0
516.732298697026,14.0,0.0
516.7366643730119,13.0,0.0
516.7376832298573,12.0,0.0
516.7425492968863,11.0,0.0
516.7522668932497,10.0,0.0
516.7525540106387,9.0,0.0
516.7588906719101,10.0,0.0
516.7608005381321,9.0,0.0
516.762236612864,8.0,0.0
516.7957742062357,9.0,0.0
516.7963144765877,8.0,0.0
516.7985322116684,7.0,0.0
516.8017568706888,6.0,0.0
516.8057925861482,7.0,0.0
516.8149583122124,8.0,0.0
516.819843814974,7.0,0.0
516.8350628986045,8.0,0.0
516.8496758397678,9.0,0.0
516.8572275566709,10.0,0.0
516.8590346593837,11.0,0.0
516.8602420938171,12.0,0.0
516.8648389824006,13.0,0.0
516.8772294237062,12.0,0.0
516.8835682544942,11.0,0.0
516.8883648498611,10.0,0.0
516.8947673443389,9.0,0.0
516.9047809075694,10.0,0.0
516.9200066230376,11.0,0.0
516.9314680061278,10.0,0.0
516.9381867069758,11.0,0.0
516.9427212961726,12.0,0.0
516.9445036017072,13.0,0.0
516.9456671200567,14.0,0.0
516.9511069445005,13.0,0.0
516.9663490718269,14.0,0.0
516.9677421245293,13.0,0.0
516.9678298487768,14.0,0.0
516.9718109395747,15.0,0.0
516.9763041871873,14.0,0.0
516.979271402946,15.0,0.0
516.9816659434672,16.0,0.0
516.9921990390583,17.0,0.0
516.9933445297391,16.0,0.0
516.9985240698625,17.0,0.0
517.0042397624317,18.0,0.0
517.0104379647264,19.0,0.0
517.0255724700647,18.0,0.0
517.0273162492248,19.0,0.0
517.0285121632675,20.0,0.0
517.0297627480098,21.0,0.0
517.0348290747175,20.0,0.0
517.0349986724749,19.0,0.0
517.0354347523792,20.0,0.0
517.0410968769693,21.0,0.0
517.0424281204233,22.0,0.0
517.043226989176,21.0,0.0
517.0459792283244,20.0,0.0
517.0473960182804,21.0,0.0
517.053222995965,22.0,0.0
517.0548247258379,21.0,0.0
517.0568404093644,20.0,0.0
517.0826774153738,21.0,0.0
517.0885460958533,22.0,0.0
517.0921164047329,23.0,0.0
517.0927253230675,24.0,0.0
517.1003117320311,25.0,0.0
517.1053741439325,24.0,0.0
517.1094946669481,25.0,0.0
517.1190495626867,26.0,0.0
517.1274257401604,27.0,0.0
517.1318323103072,26.0,0.0
517.1323301548954,27.0,0.0
517.1503667087137,26.0,0.0
517.1582717069597,25.0,0.0
517.1668880909018,26.0,0.0
517.1692640542797,27.0,0.0
517.1697721200659,26.0,0.0
517.1786554674119,25.0,0.0
517.1817893412592,24.0,0.0
517.1945717824563,23.0,0.0
517.1961066658722,24.0,0.0
517.202279204164,23.0,0.0
517.2051107594654,24.0,0.0
517.2160732634425,23.0,0.0
517.2549937354441,24.0,0.0
517.25702801114,25.0,0.0
517.260052065999,26.0,0.0
517.2693672791221,25.0,0.0
517.2828746533672,24.0,0.0
517.2873483977091,23.0,0.0
517.2886978362869,24.0,0.0
517.2922315862063,25.0,0.0
517.2935473943057,24.0,0.0
517.2985841318932,23.0,0.0
517.3024541930931,22.0,0.0
517.3067030326714,21.0,0.0
517.3101455510114,22.0,0.0
517.3257275920273,23.0,0.0
517.3276537590355,22.0,0.0
517.3298015707783,23.0,0.0
517.3345550464451,22.0,0.0
517.334975181604,23.0,0.0
517.3383235586651,24.0,0.0
517.3429918479701,25.0,0.0
517.354409334137,26.0,0.0
517.3549007991918,25.0,0.0
517.3555531400017,24.0,0.0
517.3618568764839,25.0,0.0
517.3620288192473,26.0,0.0
517.3705601818499,25.0,0.0
517.3738462126817,26.0,0.0
517.3786088763767,27.0,0.0
517.3825932563934,26.0,0.0
517.3836581513002,27.0,0.0
517.3875417790797,28.0,0.0
517.3956700509111,29.0,0.0
517.4059269649395,28.0,0.0
517.4096540286374,29.0,0.0
517.4228011610134,30.0,0.0
517.4288550405248,29.0,0.0
517.4403834501549,30.0,0.0
517.4468722444303,29.0,0.0
517.4469128664897,30.0,0.0
517.4534482252745,29.0,0.0
517.457004424243,30.0,0.0
517.4574623465966,31.0,0.0
517.4665188279026,30.0,0.0
517.4876552649082,31.0,0.0
517.4899706839486,30.0,0.0
517.5007335754825,29.0,0.0
517.5031283413987,28.0,0.0
517.5125033250368,27.0,0.0
517.5158734264037,26.0,0.0
517.5206199106818,25.0,0.0
517.5259707562102,26.0,0.0
517.5322480314558,25.0,0.0
517.5323082565455,26.0,0.0
517.5325668184729,27.0,0.0
517.5363823620137,26.0,0.0
517.5443621740908,27.0,0.0
517.5465878187815,28.0,0.0
517.5477140011686,29.0,0.0
517.5498694169805,28.0,0.0
517.5504408518325,29.0,0.0
517.5510563219875,30.0,0.0
517.5596999476887,29.0,0.0
517.5613923447404,28.0,0.0
517.5685767320914,27.0,0.0
517.5701427776405,28.0,0.0
517.5747691387918,29.0,0.0
517.5828789649203,30.0,0.0
517.586756516193,29.0,0.0
517.5901418097677,30.0,0.0
517.590875457327,29.0,0.0
517.5950336021481,30.0,0.0
517.5970319889391,31.0,0.0
517.5992484089749,30.0,0.0
517.6072679868586,31.0,0.0
517.6100020108473,32.0,0.0
517.6101033994883,33.0,0.0
517.6190058304259,34.0,0.0
517.6376246203326,33.0,0.0
517.6519590976014,34.0,0.0
517.6623096299812,35.0,0.0
517.663872268107,36.0,0.0
517.6649152263093,35.0,0.0
517.6649281904915,34.0,0.0
517.6682720541173,33.0,0.0
517.6709215280184,34.0,0.0
517.6724239687679,35.0,0.0
517.6724805510779,36.0,0.0
517.673159183271,35.0,0.0
517.674399234401,36.0,0.0
517.6753927590088,35.0,0.0
517.6968135132706,34.0,0.0
517.7057766325903,35.0,0.0
517.7087926506289,36.0,0.0
517.7106511982804,35.0,0.0
517.7179902420894,36.0,0.0
517.7192386145105,35.0,0.0
517.7217404514629,34.0,0.0
517.7257114435757,33.0,0.0
517.7367095001235,34.0,0.0
517.7373804051933,35.0,0.0
517.7511442034568,34.0,0.0
517.755523075148,35.0,0.0
517.7621300966966,34.0,0.0
517.7725341251522,35.0,0.0
517.7731211655554,34.0,0.0
517.775602402835,33.0,0.0
517.7895751986707,32.0,0.0
517.7921087350235,33.0,0.0
517.7956247628617,34.0,0.0
517.8186833588677,35.0,0.0
517.8278743877022,36.0,0.0
517.8281158802647,37.0,0.0
517.8434195903217,36.0,0.0
517.8444730009638,35.0,0.0
517.8461815693811,34.0,0.0
517.8536108519819,33.0,0.0
517.8544511048149,34.0,0.0
517.8587964810928,33.0,0.0
517.8678953631038,34.0,0.0
517.8694294860053,35.0,0.0
517.8725497962012,36.0,0.0
517.8867978006436,37.0,0.0
517.8877690443038,36.0,0.0
517.8877773621361,35.0,0.0
517.8933077699052,34.0,0.0
517.8953953788766,35.0,0.0
517.8986574554324,34.0,0.0
517.9058251121853,35.0,0.0
517.9061857049387,36.0,0.0
517.9175082350496,35.0,0.0
517.9189375501697,36.0,0.0
517.9232730735266,35.0,0.0
517.9256095570241,34.0,0.0
517.9291017002762,35.0,0.0
517.936332562309,36.0,0.0
517.9397898425373,37.0,0.0
517.9445537302257,36.0,0.0
517.9455835259577,35.0,0.0
517.9461360772962,34.0,0.0
517.9522234890434,35.0,0.0
517.9608248675573,34.0,0.0
517.9611770124604,35.0,0.0
517.9624809770094,34.0,0.0
517.9664728770779,35.0,0.0
517.9682150730748,36.0,0.0
517.9701846136898,37.0,0.0
517.9719432203192,36.0,0.0
517.9842755643787,37.0,0.0
517.9979629047205,38.0,0.0
517.9987555921123,39.0,0.0
518.0009779056016,38.0,0.0
518.0019402996771,39.0,0.0
518.0109937170037,40.0,0.0
518.0237124316131,39.0,0.0
518.0274242969444,40.0,0.0
518.0291674582222,39.0,0.0
518.0336961235804,38.0,0.0
518.0378771276237,39.0,0.0
518.0415780029281,40.0,0.0
518.0425121035978,41.0,0.0
518.0458780011878,40.0,0.0
518.0460757829438,41.0,0.0
518.0461274159726,40.0,0.0
518.0556178049843,39.0,0.0
518.0568716255095,40.0,0.0
518.0593305379534,41.0,0.0
518.0766206928814,42.0,0.0
518.0821363935635,43.0,0.0
518.0908785791115,42.0,0.0
518.0945415629997,41.0,0.0
518.0952037659803,42.0,0.0
518.1241912495434,41.0,0.0
518.1421985524971,42.0,0.0
518.1481776371623,43.0,0.0
518.1511609821071,44.0,0.0
518.1529977366132,45.0,0.0
518.1573135764368,44.0,0.0
518.158374674233,43.0,0.0
518.1640612289925,44.0,0.0
518.1664878523306,45.0,0.0
518.1673404345959,46.0,0.0
518.1724410575077,47.0,0.0
518.1785697875055,48.0,0.0
518.184906600987,47.0,0.0
518.1923605699213,46.0,0.0
518.1930986300994,45.0,0.0
518.1984243035475,46.0,0.0
518.2001403798957,45.0,0.0
518.2035471491741,44.0,0.0
518.2043737934221,45.0,0.0
518.2048422812322,46.0,0.0
518.2144220220425,47.0,0.0
518.2318735863186,46.0,0.0
518.2345306811299,47.0,0.0
518.2348947883811,48.0,0.0
518.2356131591464,49.0,0.0
518.2440441510871,48.0,0.0
518.2444602685437,47.0,0.0
518.246058235369,48.0,0.0
518.2717873024792,49.0,0.0
518.2721735482965,48.0,0.0
518.273710128296,47.0,0.0
518.2785064345561,46.0,0.0
518.2816285002132,45.0,0.0
518.2985277245259,46.0,0.0
518.3035136697259,45.0,0.0
518.3088086486423,46.0,0.0
518.3206792086178,47.0,0.0
518.324294074874,48.0,0.0
518.3269880339769,47.0,0.0
518.3312013025803,48.0,0.0
518.3355001994827,49.0,0.0
518.3489086673943,48.0,0.0
518.3543762300236,49.0,0.0
518.3558897258165,50.0,0.0
518.3602837311226,49.0,0.0
518.367721107841,48.0,0.0
518.3691353588283,47.0,0.0
518.3837045374269,46.0,0.0
518.3873765524474,47.0,0.0
518.3955603792367,48.0,0.0
518.3974795522296,49.0,0.0
518.4019600886612,50.0,0.0
518.4035900667499,49.0,0.0
518.4076601074671,50.0,0.0
518.4091706989874,51.0,0.0
518.414953752716,52.0,0.0
518.4234159326039,53.0,0.0
518.4253419780276,54.0,0.0
518.430299678745,55.0,0.0
518.433540980801,56.0,0.0
518.4353379000485,57.0,0.0
518.4468925358905,58.0,0.0
518.4488512835004,59.0,0.0
518.4501691139169,58.0,0.0
518.4596451847004,59.0,0.0
518.4674907564071,60.0,0.0
518.4688103217477,61.0,0.0
518.4713712833417,62.0,0.0
518.4722097439234,63.0,0.0
518.4872794823001,62.0,0.0
518.4946943649869,61.0,0.0
518.5017633901854,62.0,0.0
518.5045074313146,63.0,0.0
518.5065179564835,62.0,0.0
518.5076775757258,63.0,0.0
518.5185254798325,62.0,0.0
518.5250293227095,63.0,0.0
518.5275672117876,62.0,0.0
518.5407560909273,63.0,0.0
518.5468959169414,64.0,0.0
518.5476273861029,63.0,0.0
518.5626056469281,64.0,0.0
518.5725819661234,63.0,0.0
518.5777787300331,62.0,0.0
518.5792566395016,63.0,0.0
518.5885770207382,62.0,0.0
518.5903048502483,61.0,0.0
518.5923052342564,60.0,0.0
518.5935912876434,59.0,0.0
518.5937083544409,58.0,0.0
518.5981434004519,59.0,0.0
518.598501126722,60.0,0.0
518.6044849902801,59.0,0.0
518.6072329494548,58.0,0.0
518.608848577486,59.0,0.0
518.6106311859352,60.0,0.0
518.611868112459,59.0,0.0
518.6127178606089,58.0,0.0
518.6150755735869,57.0,0.0
518.6225026783155,58.0,0.0
518.6234436842453,59.0,0.0
518.6245979922666,60.0,0.0
518.6287827983152,59.0,0.0
518.635109275617,60.0,0.0
518.6354960443097,61.0,0.0
518.6498055560994,60.0,0.0
518.6537920330379,59.0,0.0
518.656995100814,58.0,0.0
518.6672900246316,59.0,0.0
518.6789316608107,60.0,0.0
518.6819742435349,59.0,0.0
518.6889190045697,60.0,0.0
518.6937641371379,61.0,0.0
518.6957660471129,62.0,0.0
518.6992501012583,61.0,0.0
518.7047951796421,60.0,0.0
518.7118647301166,61.0,0.0
518.7206494348997,62.0,0.0
518.723310247532,61.0,0.0
518.7357627684036,60.0,0.0
518.7365768630436,61.0,0.0
518.737733373227,60.0,0.0
518.7385580488361,61.0,0.0
518.7386990921149,62.0,0.0
518.7421665146464,63.0,0.0
518.7434320716848,64.0,0.0
518.7506420315972,63.0,0.0
518.7508070221893,64.0,0.0
518.7532010666857,65.0,0.0
518.7544443462042,64.0,0.0
518.755203091523,63.0,0.0
518.7583082610051,62.0,0.0
518.7689199843261,63.0,0.0
518.7698428342588,64.0,0.0
518.7754301485985,65.0,0.0
518.7767674601116,66.0,0.0
518.7796235548856,67.0,0.0
518.7809240870156,66.0,0.0
518.7816472468164,65.0,0.0
518.7840153683987,66.0,0.0
518.7882577812181,67.0,0.0
518.7911985357374,68.0,0.0
518.795962293702,67.0,0.0
518.8069681639233,68.0,0.0
518.8103496533822,69.0,0.0
518.8113992702756,68.0,0.0
518.8153672772576,67.0,0.0
518.8311769696669,68.0,0.0
518.8342312817759,69.0,0.0
518.8497858706676,70.0,0.0
518.8523064788873,71.0,0.0
518.8573727558505,70.0,0.0
518.8604341807013,71.0,0.0
518.8646636770856,72.0,0.0
518.867669873881,71.0,0.0
518.8729117792508,72.0,0.0
518.8856461463992,73.0,0.0
518.8910849577363,72.0,0.0
518.8938749213676,73.0,0.0
518.8979655682804,74.0,0.0
518.9011848323171,73.0,0.0
518.9052654722476,72.0,0.0
518.9103487430147,71.0,0.0
518.9126030910109,70.0,0.0
518.9172508254746,69.0,0.0
518.9215667446583,68.0,0.0
518.9230403747707,67.0,0.0
518.9235994279592,66.0,0.0
518.9247303650515,67.0,0.0
518.9255419301875,66.0,0.0
518.9329982442994,67.0,0.0
518.9351034467911,68.0,0.0
518.9392859603987,69.0,0.0
518.9403059578849,70.0,0.0
518.9414986913674,71.0,0.0
518.9462805430533,72.0,0.0
518.9521463104949,71.0,0.0
518.961047310931,70.0,0.0
518.9726833047947,69.0,0.0
518.9754315888459,70.0,0.0
518.977966543132,71.0,0.0
518.9807479004077,70.0,0.0
518.9877449822337,69.0,0.0
518.9898868862749,70.0,0.0
518.9985237949979,71.0,0.0
519.005633076794,70.0,0.0
519.0122034290326,71.0,0.0
519.0164603160002,72.0,0.0
519.0241957162718,73.0,0.0
519.0245918328435,74.0,0.0
519.0284936094575,75.0,0.0
519.0390216173215,76.0,0.0
519.0435075110245,75.0,0.0
519.0481444962498,76.0,0.0
519.0484297933992,75.0,0.0
519.0486971113703,74.0,0.0
519.0544012702055,75.0,0.0
519.0554809491435,76.0,0.0
519.056035085663,77.0,0.0
519.0613527118354,76.0,0.0
519.0627871077885,75.0,0.0
519.0678528857231,76.0,0.0
519.0694398835802,77.0,0.0
519.0744469701259,78.0,0.0
519.075355629115,77.0,0.0
519.0851938446654,78.0,0.0
519.0945842712431,79.0,0.0
519.0961901415394,78.0,0.0
519.096306361184,79.0,0.0
519.0987950978725,78.0,0.0
519.1021083509925,77.0,0.0
519.1075622585176,78.0,0.0
519.1101464715209,79.0,0.0
519.1161834703754,80.0,0.0
519.1300643421584,79.0,0.0
519.1377715361027,80.0,0.0
519.1511660191469,81.0,0.0
519.1539884944802,80.0,0.0
519.154075528676,81.0,0.0
519.1569490153489,82.0,0.0
519.1802084985275,83.0,0.0
519.1948309790024,82.0,0.0
519.201721222458,81.0,0.0
519.2161208616799,82.0,0.0
519.216375527404,81.0,0.0
519.2212332332142,82.0,0.0
519.2215689542833,83.0,0.0
519.2245556297029,82.0,0.0
519.2262410111324,81.0,0.0
519.2271923203714,82.0,0.0
519.2358634020219,83.0,0.0
519.2390512562405,84.0,0.0
519.2427779505948,85.0,0.0
519.24322431084,86.0,0.0
519.2504217880635,85.0,0.0
519.2522585006634,86.0,0.0
519.2545485739645,87.0,0.0
519.2578703091037,86.0,0.0
519.2582836360219,85.0,0.0
519.264087015046,84.0,0.0
519.2688543018212,83.0,0.0
519.2692631353613,82.0,0.0
519.2713103106508,81.0,0.0
519.2771900730477,82.0,0.0
519.2881674503177,81.0,0.0
519.3027498800194,82.0,0.0
519.3133691312889,83.0,0.0
519.3227317408393,82.0,0.0
519.3261591229252,81.0,0.0
519.3280262751531,80.0,0.0
519.3318525533936,79.0,0.0
519.3410284231313,78.0,0.0
519.3478991883768,79.0,0.0
519.3497761905558,80.0,0.0
519.357524059912,79.0,0.0
519.3580097132178,78.0,0.0
519.3717005604669,77.0,0.0
519.3720426581108,76.0,0.0
519.384447010564,77.0,0.0
519.3846334519915,76.0,0.0
519.3961110094342,77.0,0.0
519.3998092384317,76.0,0.0
519.4000896057036,75.0,0.0
519.4030362299736,76.0,0.0
519.4063607619142,75.0,0.0
519.4066029943986,74.0,0.0
519.4212189883917,75.0,0.0
519.4310261185344,76.0,0.0
519.4357861278389,77.0,0.0
519.4363446529727,76.0,0.0
519.436565243973,77.0,0.0
519.4486107246928,76.0,0.0
519.4492629390959,75.0,0.0
519.4557049433363,74.0,0.0
519.4589268241913,75.0,0.0
519.4590573581826,74.0,0.0
519.4641596171473,75.0,0.0
519.4682210126535,76.0,0.0
519.4707867202311,75.0,0.0
519.4725479416129,76.0,0.0
519.4730027062808,75.0,0.0
519.474236549089,76.0,0.0
519.4812406525364,75.0,0.0
519.486982795009,76.0,0.0
519.4884548017687,77.0,0.0
519.4914293269994,78.0,0.0
519.4921283222377,77.0,0.0
519.4966881101965,76.0,0.0
519.5034437544177,75.0,0.0
519.5059541844522,74.0,0.0
519.5222454209455,75.0,0.0
519.5270594002288,76.0,0.0
519.5348556225654,77.0,0.0
519.5386677201444,76.0,0.0
519.5864818083539,77.0,0.0
519.5906036796371,76.0,0.0
519.5941219648995,75.0,0.0
519.6022152518815,76.0,0.0
519.6060415217063,77.0,0.0
519.6110116040084,76.0,0.0
519.6134386986804,77.0,0.0
519.6180237890219,76.0,0.0
519.6255088393746,77.0,0.0
519.6280880743213,76.0,0.0
519.6284284694315,77.0,0.0
519.6331060036341,76.0,0.0
519.634866718273,77.0,0.0
519.6419383762056,76.0,0.0
519.6475848767282,77.0,0.0
519.6497854977686,78.0,0.0
519.6604284832378,77.0,0.0
519.66220852963,76.0,0.0
519.6721521857619,77.0,0.0
519.6737483951714,78.0,0.0
519.6765556729555,77.0,0.0
519.676770996133,78.0,0.0
519.677327112652,79.0,0.0
519.6785339010445,80.0,0.0
519.6793130097155,79.0,0.0
519.6915039644532,78.0,0.0
519.6990096622053,77.0,0.0
519.7062647991379,76.0,0.0
519.706863414633,77.0,0.0
519.715769312677,78.0,0.0
519.7202648301683,79.0,0.0
519.7303331597418,78.0,0.0
519.7341237571702,79.0,0.0
519.7423488819117,78.0,0.0
519.7456208088759,77.0,0.0
519.7573414480486,76.0,0.0
519.7624256883643,77.0,0.0
519.7775434926115,78.0,0.0
519.7790623223464,79.0,0.0
519.7822465124799,80.0,0.0
519.793274631178,79.0,0.0
519.7935368387867,78.0,0.0
519.8033575098979,79.0,0.0
519.8043662188846,80.0,0.0
519.8092211108362,79.0,0.0
519.8104769238506,78.0,0.0
519.813527521345,79.0,0.0
519.8201928943172,78.0,0.0
519.8243447847783,79.0,0.0
519.826715944364,78.0,0.0
519.829747918098,77.0,0.0
519.8323142587656,78.0,0.0
519.8323452359856,79.0,0.0
519.8336902989522,80.0,0.0
519.8370505292726,81.0,0.0
519.8407446971383,82.0,0.0
519.8491821720733,83.0,0.0
519.851933530971,82.0,0.0
519.8581630982765,83.0,0.0
519.8709829029316,84.0,0.0
519.8718140348076,83.0,0.0
519.872449877487,82.0,0.0
519.8886498195341,81.0,0.0
519.8942441157633,82.0,0.0
519.8944160487088,83.0,0.0
519.895146217571,84.0,0.0
519.903671392974,83.0,0.0
519.9080336235792,82.0,0.0
519.9088188901794,83.0,0.0
519.91385212719,84.0,0.0
519.9214149505427,85.0,0.0
519.9231345379319,86.0,0.0
519.9316375719571,87.0,0.0
519.9317955277224,88.0,0.0
519.9345548057271,89.0,0.0
519.9404827097452,88.0,0.0
519.940930750888,87.0,0.0
519.9437663465566,86.0,0.0
519.9465759343242,85.0,0.0
519.9518236943759,86.0,0.0
519.9524628849059,85.0,0.0
519.9548216025237,86.0,0.0
519.9677730516465,87.0,0.0
519.9772379505001,88.0,0.0
519.99130792174,89.0,0.0
519.9957490254801,90.0,0.0
520.0092817531466,91.0,0.0
520.0101576006462,90.0,0.0
520.011360495755,89.0,0.0
520.0198928658805,88.0,0.0
520.0276072515625,89.0,0.0
520.03828767937,88.0,0.0
520.0386919198154,87.0,0.0
520.0417676905228,86.0,0.0
520.0469328889249,87.0,0.0
520.059957350187,88.0,0.0
520.062950941543,89.0,0.0
520.064834658782,90.0,0.0
520.0676601986496,91.0,0.0
520.0753911037241,92.0,0.0
520.0755167226705,91.0,0.0
520.0758698536349,92.0,0.0
520.0771323271765,91.0,0.0
520.0785283490519,90.0,0.0
520.0823757940216,91.0,0.0
520.0900451424366,92.0,0.0
520.0970672783575,91.0,0.0
520.0996941484824,90.0,0.0
520.1020755875975,91.0,0.0
520.1102321057875,90.0,0.0
520.1189235254345,91.0,0.0
520.1230916168371,92.0,0.0
520.1273279352529,91.0,0.0
520.1399195576771,90.0,0.0
520.1406054315156,89.0,0.0
520.1417555821868,90.0,0.0
520.1473284932897,91.0,0.0
520.1521834764451,90.0,0.0
520.1552432893146,89.0,0.0
520.1730542049183,90.0,0.0
520.1865530162311,91.0,0.0
520.1877106451909,90.0,0.0
520.1929301948195,89.0,0.0
520.1940420130006,88.0,0.0
520.2057938404611,89.0,0.0
520.2059342832066,88.0,0.0
520.20911377919,89.0,0.0
520.2107762710033,88.0,0.0
520.2129314439198,89.0,0.0
520.2195063420758,90.0,0.0
520.2233332819637,89.0,0.0
520.2335509217598,88.0,0.0
520.2343750876546,87.0,0.0
520.2422512019234,86.0,0.0
520.2434010925264,87.0,0.0
520.2471380421277,88.0,0.0
520.2551576688998,89.0,0.0
520.2575949412759,90.0,0.0
520.2600253485999,89.0,0.0
520.2605903964957,90.0,0.0
520.2667148438811,91.0,0.0
520.2669428393622,92.0,0.0
520.271732682011,91.0,0.0
520.2776516085453,92.0,0.0
520.2790794969279,93.0,0.0
520.2910235436435,92.0,0.0
520.2926720001975,93.0,0.0
520.3070317235846,94.0,0.0
520.317709715977,95.0,0.0
520.3213056035115,96.0,0.0
520.3231093659733,97.0,0.0
520.323788276223,98.0,0.0
520.3360323520211,99.0,0.0
520.3419499142418,98.0,0.0
520.3432867491945,97.0,0.0
520.345575277173,98.0,0.0
520.3458150294227,99.0,0.0
520.3533623312753,98.0,0.0
520.3585833131419,97.0,0.0
520.3595455394699,98.0,0.0
520.3600615397818,99.0,0.0
520.3640031483543,100.0,0.0
520.3646575166316,101.0,0.0
520.3659275198136,102.0,0.0
520.367456189523,101.0,0.0
520.3701558251064,100.0,0.0
520.3781119008664,99.0,0.0
520.3825520181936,100.0,0.0
520.3874928858619,101.0,0.0
520.4018648795761,100.0,0.0
520.411374567538,101.0,0.0
520.4240205095612,100.0,0.0
520.4289720594996,101.0,0.0
520.4335418485451,102.0,0.0
520.43666946013,103.0,0.0
520.4632036051136,104.0,0.0
520.4646954363114,105.0,0.0
520.4671657637172,106.0,0.0
520.4791378800973,105.0,0.0
520.480812636366,106.0,0.0
520.4858634004476,105.0,0.0
520.4969160004831,106.0,0.0
520.5074609015837,105.0,0.0
520.5254416918007,104.0,0.0
520.530478399543,105.0,0.0
520.5308231188083,106.0,0.0
520.5351793299685,105.0,0.0
520.5363374209013,104.0,0.0
520.5369448559205,103.0,0.0
520.538229786351,102.0,0.0
520.5397655149792,101.0,0.0
520.5404843095325,100.0,0.0
520.5505242284789,101.0,0.0
520.5732518456285,100.0,0.0
520.575761808521,99.0,0.0
520.5812683679417,100.0,0.0
520.5841429670716,101.0,0.0
520.5862524344603,100.0,0.0
520.601599930776,101.0,0.0
520.6082415076152,102.0,0.0
520.6094905274385,101.0,0.0
520.6114780778781,102.0,0.0
520.6116563926364,103.0,0.0
520.6156549884107,104.0,0.0
520.6181232603631,103.0,0.0
520.6193216795697,102.0,0.0
520.6296662889511,101.0,0.0
520.6306813688251,102.0,0.0
520.635948004233,103.0,0.0
520.6363242564732,104.0,0.0
520.6367838238016,105.0,0.0
520.6383003477807,106.0,0.0
520.6556260154557,105.0,0.0
520.6616883337521,104.0,0.0
520.6682284469697,103.0,0.0
520.6689297245507,104.0,0.0
520.6778561911296,105.0,0.0
520.6780411595636,104.0,0.0
520.6815588885828,103.0,0.0
520.6914912966298,104.0,0.0
520.7029832808458,105.0,0.0
520.7060331267227,106.0,0.0
520.7119624370297,107.0,0.0
520.7190453001161,106.0,0.0
520.7336482599164,105.0,0.0
520.7511973308059,106.0,0.0
520.757788097663,105.0,0.0
520.7588635771345,104.0,0.0
520.7589416633814,105.0,0.0
520.7609663911811,106.0,0.0
520.7615998095283,105.0,0.0
520.775382933858,106.0,0.0
520.7921006157202,107.0,0.0
520.7941134087621,106.0,0.0
520.8076369099541,105.0,0.0
520.8104369410503,104.0,0.0
520.8132062392544,105.0,0.0
520.813666810749,106.0,0.0
520.8149357418898,107.0,0.0
520.8164955853538,108.0,0.0
520.8197534228221,107.0,0.0
520.8210471537317,108.0,0.0
520.8234739590498,109.0,0.0
520.8247173848322,108.0,0.0
520.8257413190444,109.0,0.0
520.8279165236361,108.0,0.0
520.8285554933634,107.0,0.0
520.8322073304541,106.0,0.0
520.8345846273234,107.0,0.0
520.843901155243,106.0,0.0
520.8477219744678,105.0,0.0
520.8586090059999,106.0,0.0
520.8638803385484,105.0,0.0
520.8714701898914,106.0,0.0
520.8719773971552,105.0,0.0
520.8818835849155,106.0,0.0
520.8823429995025,105.0,0.0
520.8862828148696,104.0,0.0
520.89096390811,105.0,0.0
520.8944815428437,106.0,0.0
520.8953424277024,107.0,0.0
520.8955241500175,108.0,0.0
520.9190869400048,107.0,0.0
520.9252008327356,106.0,0.0
520.9287988822011,105.0,0.0
520.9302476146559,106.0,0.0
520.9310538737592,107.0,0.0
520.9348121477241,108.0,0.0
520.9453798986191,107.0,0.0
520.9454239578355,108.0,0.0
520.9507710131936,107.0,0.0
520.9537496391622,108.0,0.0
520.9596698359704,109.0,0.0
520.9613007318619,108.0,0.0
520.9615848054062,107.0,0.0
520.9616896387298,108.0,0.0
520.9621394564687,109.0,0.0
520.9646433274012,108.0,0.0
520.9666231790311,107.0,0.0
520.9796429551127,106.0,0.0
520.9846568579026,105.0,0.0
520.9874896474352,106.0,0.0
520.9960355991061,107.0,0.0
521.0011872782106,106.0,0.0
521.0016911330432,107.0,0.0
521.0077970196577,106.0,0.0
521.0086324332897,107.0,0.0
521.0129838474313,108.0,0.0
521.0164792399161,109.0,0.0
521.0227179070421,108.0,0.0
521.0292662056523,107.0,0.0
521.0386182956446,106.0,0.0
521.0489432506357,107.0,0.0
521.0595864476377,106.0,0.0
521.0732942344964,107.0,0.0
521.0825405704826,106.0,0.0
521.0942043102814,107.0,0.0
521.0963974562891,108.0,0.0
521.1018698466979,107.0,0.0
521.1222690931899,106.0,0.0
521.1223194111092,107.0,0.0
521.1236959214049,106.0,0.0
521.1262139767692,105.0,0.0
521.1267628302141,106.0,0.0
521.1362514755155,105.0,0.0
521.151517718448,104.0,0.0
521.1518485069522,103.0,0.0
521.1521704444306,104.0,0.0
521.1536842178134,103.0,0.0
521.1546940315427,104.0,0.0
521.1838044656702,103.0,0.0
521.1881360902208,104.0,0.0
521.189548764068,103.0,0.0
521.1924624271346,102.0,0.0
521.1926393207955,101.0,0.0
521.1991623153166,102.0,0.0
521.2004186292011,103.0,0.0
521.2017002473629,102.0,0.0
521.2034055794215,103.0,0.0
521.2137082433748,104.0,0.0
521.2185601764069,105.0,0.0
521.232909133383,106.0,0.0
521.2339038582162,105.0,0.0
521.2354180760203,106.0,0.0
521.246506091237,107.0,0.0
521.2534644351722,106.0,0.0
521.2661163093967,107.0,0.0
521.2919820166526,108.0,0.0
521.2956660891265,107.0,0.0
521.3003571156152,108.0,0.0
521.300948988083,107.0,0.0
521.3054618429715,108.0,0.0
521.3152783563182,107.0,0.0
521.3267551289459,106.0,0.0
521.3280133546554,105.0,0.0
521.3286174218364,104.0,0.0
521.3389936579852,103.0,0.0
521.3417786236432,104.0,0.0
521.3447281530631,103.0,0.0
521.3460554136535,104.0,0.0
521.347020446578,103.0,0.0
521.3490198561854,104.0,0.0
521.3531502144089,103.0,0.0
521.3611334030222,104.0,0.0
521.3623169004823,105.0,0.0
521.3678197685039,104.0,0.0
521.3894458065159,105.0,0.0
521.4033184515775,106.0,0.0
521.4145760697306,107.0,0.0
521.4246230366319,106.0,0.0
521.4301594000581,107.0,0.0
521.4367292809402,106.0,0.0
521.4387833611067,107.0,0.0
521.4397914117953,108.0,0.0
521.4420214783477,109.0,0.0
521.4453167767232,110.0,0.0
521.4472567537906,109.0,0.0
521.4475853021007,110.0,0.0
521.4587359611976,111.0,0.0
521.4661667601678,110.0,0.0
521.4891417616677,109.0,0.0
521.4996267379074,110.0,0.0
521.502204396408,111.0,0.0
521.5024548666513,110.0,0.0
521.5037768225566,111.0,0.0
521.5038718283186,112.0,0.0
521.5132223356511,113.0,0.0
521.5156431852524,112.0,0.0
521.5159094851185,113.0,0.0
521.519356047145,114.0,0.0
521.5282879632322,115.0,0.0
521.5296169765279,114.0,0.0
521.5310580604023,115.0,0.0
521.5326139028726,114.0,0.0
521.5476649933906,115.0,0.0
521.54899776566,116.0,0.0
521.5501890586906,115.0,0.0
521.5525323447065,116.0,0.0
521.5617271096589,115.0,0.0
521.5679081486238,116.0,0.0
521.5712702458233,115.0,0.0
521.572448332046,116.0,0.0
521.5732364778031,117.0,0.0
521.5938269224732,116.0,0.0
521.596097713589,115.0,0.0
521.5975362228164,116.0,0.0
521.5976828580025,115.0,0.0
521.6019841253275,116.0,0.0
521.6093435697361,117.0,0.0
521.6220189371396,118.0,0.0
521.6324198116342,119.0,0.0
521.6384809008078,120.0,0.0
521.6395279960298,119.0,0.0
521.6683466120978,120.0,0.0
521.6823032113839,121.0,0.0
521.6963933234377,122.0,0.0
521.7084517977938,123.0,0.0
521.7098950983848,124.0,0.0
521.7099687179075,125.0,0.0
521.7186816925449,124.0,0.0
521.7230018689836,123.0,0.0
521.7238112915928,122.0,0.0
521.7272907848106,123.0,0.0
521.7285631375677,122.0,0.0
521.7349398596989,121.0,0.0
521.7349672536249,120.0,0.0
521.7412496669979,121.0,0.0
521.7461725789175,120.0,0.0
521.7476993928767,119.0,0.0
521.7559201028452,120.0,0.0
521.7665681588628,121.0,0.0
521.7725632698554,122.0,0.0
521.7735136915235,121.0,0.0
521.7737538671532,122.0,0.0
521.7739619417483,121.0,0.0
521.7764678934766,120.0,0.0
521.777323546682,119.0,0.0
521.7805749845353,118.0,0.0
521.7926990678451,119.0,0.0
521.7941906765517,118.0,0.0
521.8046452597606,119.0,0.0
521.8067332806414,118.0,0.0
521.8081601668869,119.0,0.0
521.8135874398578,120.0,0.0
521.8136086168611,121.0,0.0
521.8143334999564,120.0,0.0
521.8144856263301,119.0,0.0
521.8147241845796,120.0,0.0
521.8222785569982,121.0,0.0
521.8257480652189,122.0,0.0
521.8296007936907,121.0,0.0
521.8343687278393,122.0,0.0
521.8371355674136,121.0,0.0
521.8387243032887,120.0,0.0
521.8402709946305,121.0,0.0
521.8403477002656,120.0,0.0
521.8430658421078,119.0,0.0
521.8459316587855,120.0,0.0
521.8478227260341,121.0,0.0
521.8496979350855,120.0,0.0
521.8571549681603,121.0,0.0
521.8698018230206,122.0,0.0
521.8721753116897,121.0,0.0
521.8725681659289,122.0,0.0
521.8741531360216,121.0,0.0
521.8755015182455,120.0,0.0
521.8767017401667,121.0,0.0
521.876995922245,122.0,0.0
521.8776496138006,123.0,0.0
521.8884507256814,124.0,0.0
521.8926200724478,125.0,0.0
521.8975218705064,124.0,0.0
521.9014412890228,125.0,0.0
521.9092711587091,124.0,0.0
521.9092835862766,123.0,0.0
521.9111669614251,124.0,0.0
521.9128849637466,125.0,0.0
521.9226958169735,124.0,0.0
521.9256658676628,125.0,0.0
521.926551077246,126.0,0.0
521.9321987664774,125.0,0.0
521.9364948878912,126.0,0.0
521.9397144072392,125.0,0.0
521.9408422178973,126.0,0.0
521.9412818164595,125.0,0.0
521.9544045864528,124.0,0.0
521.9576370622872,123.0,0.0
521.9586695973128,122.0,0.0
521.9625970581548,123.0,0.0
521.9641404773093,122.0,0.0
521.9684890850262,123.0,0.0
521.9716456662811,122.0,0.0
521.9747364997417,121.0,0.0
521.9785301219243,120.0,0.0
521.9795771539137,119.0,0.0
521.9824341243541,118.0,0.0
521.994030003557,119.0,0.0
521.9957269064193,118.0,0.0
522.001373488523,117.0,0.0
522.0087008427982,116.0,0.0
522.0089254854779,117.0,0.0
522.033003302,118.0,0.0
522.0396869446686,117.0,0.0
522.043222962232,118.0,0.0
522.0433331526009,117.0,0.0
522.0494811735609,118.0,0.0
522.0528428501368,117.0,0.0
522.0542400631041,118.0,0.0
522.0567314783975,117.0,0.0
522.0700761198523,116.0,0.0
522.0784427743353,115.0,0.0
522.0850934079012,116.0,0.0
522.086195518792,117.0,0.0
522.1056402752031,116.0,0.0
522.112034905237,117.0,0.0
522.1423203072135,118.0,0.0
522.1462706784366,119.0,0.0
522.1478999488928,120.0,0.0
522.1495334858238,119.0,0.0
522.1673677836163,120.0,0.0
522.1688710992916,119.0,0.0
522.1712955754571,118.0,0.0
522.1740413695854,117.0,0.0
522.1840502652002,118.0,0.0
522.1866150549466,117.0,0.0
522.1990825873924,116.0,0.0
522.200545494776,115.0,0.0
522.206528386659,114.0,0.0
522.2084732639942,115.0,0.0
522.2091747050747,116.0,0.0
522.2247359619369,115.0,0.0
522.235209557605,114.0,0.0
522.2352701989348,113.0,0.0
522.2365828581236,114.0,0.0
522.2509504820167,113.0,0.0
522.2511452497065,114.0,0.0
522.2516323506524,113.0,0.0
522.255063371376,112.0,0.0
522.2552979914985,111.0,0.0
522.2618343447224,110.0,0.0
522.2629609872042,111.0,0.0
522.2738287141166,110.0,0.0
522.2803225523344,109.0,0.0
522.2934589654881,110.0,0.0
522.2939421208388,109.0,0.0
522.2961237299254,110.0,0.0
522.3008688091996,109.0,0.0
522.3164655241717,110.0,0.0
522.3256244069717,109.0,0.0
522.3297272337336,108.0,0.0
522.3335638123615,109.0,0.0
522.3346246280479,108.0,0.0
522.3554336242972,107.0,0.0
522.359738959239,106.0,0.0
522.3711046019424,105.0,0.0
522.3760820791981,104.0,0.0
522.3808109172112,105.0,0.0
522.3857150852392,106.0,0.0
522.3951263779599,105.0,0.0
522.3956990170009,106.0,0.0
522.3990854484879,107.0,0.0
522.4041260258003,106.0,0.0
522.4062879081248,105.0,0.0
522.4081271140843,104.0,0.0
522.411193261277,103.0,0.0
522.4144088373976,102.0,0.0
522.4214271354938,101.0,0.0
522.4258009466798,100.0,0.0
522.4299754912138,99.0,0.0
522.4314308689134,98.0,0.0
522.4333661027981,97.0,0.0
522.4383525514785,98.0,0.0
522.4394778235229,99.0,0.0
522.4583064924017,100.0,0.0
522.4720616919677,99.0,0.0
522.5078078633182,98.0,0.0
522.51494931932,97.0,0.0
522.5267798075114,98.0,0.0
522.5283336413803,97.0,0.0
522.5378812662087,96.0,0.0
522.5419526257892,95.0,0.0
522.551770088121,94.0,0.0
522.5530640072861,93.0,0.0
522.5546113520356,94.0,0.0
522.5565099563303,95.0,0.0
522.5619449467007,94.0,0.0
522.5653290111727,93.0,0.0
522.567764171924,94.0,0.0
522.576931040174,95.0,0.0
522.5788698551634,96.0,0.0
522.59324603425,95.0,0.0
522.5947068308418,96.0,0.0
522.6109991229748,97.0,0.0
522.6136629750688,98.0,0.0
522.6221489489766,99.0,0.0
522.6257522932912,100.0,0.0
522.6281527003601,101.0,0.0
522.6412988263149,102.0,0.0
522.6421358473416,101.0,0.0
522.6438799097441,100.0,0.0
522.6452897557228,99.0,0.0
522.6510692485768,98.0,0.0
522.6576377023322,97.0,0.0
522.6616699341237,96.0,0.0
522.6646465158132,95.0,0.0
522.6661365910309,94.0,0.0
522.6786481824993,95.0,0.0
522.6797369646779,96.0,0.0
522.6856228771393,97.0,0.0
522.705503926099,96.0,0.0
522.7114344358777,97.0,0.0
522.7301710614983,96.0,0.0
522.7336794380002,95.0,0.0
522.748981003099,96.0,0.0
522.7609868001379,95.0,0.0
522.7683747513491,94.0,0.0
522.768389955687,95.0,0.0
522.7844734603323,96.0,0.0
522.7865255595017,97.0,0.0
522.8058048099629,96.0,0.0
522.8254017964364,95.0,0.0
522.8353130373201,96.0,0.0
522.8386425341291,95.0,0.0
522.8445735250905,94.0,0.0
522.8628400140165,93.0,0.0
522.8702200109445,94.0,0.0
522.8709846587377,95.0,0.0
522.8787105745134,94.0,0.0
522.8799879245701,93.0,0.0
522.880120752855,94.0,0.0
522.8814842844027,93.0,0.0
522.8935376887873,92.0,0.0
522.9008538657296,91.0,0.0
522.90092539282,90.0,0.0
522.9189871482838,89.0,0.0
522.9393652407931,90.0,0.0
522.9405106580317,91.0,0.0
522.9512423443006,90.0,0.0
522.9543754201362,89.0,0.0
522.9589203600532,88.0,0.0
522.9590235593013,89.0,0.0
522.9634358392991,90.0,0.0
522.9661056200579,89.0,0.0
522.9673870653161,88.0,0.0
522.9778180727968,89.0,0.0
522.9803031141703,90.0,0.0
522.9808082641298,89.0,0.0
522.98149061244,88.0,0.0
522.9829768578064,87.0,0.0
522.9953732864866,86.0,0.0
522.9967524722518,87.0,0.0
522.998952827416,86.0,0.0
523.0013927134352,87.0,0.0
523.0093511064454,88.0,0.0
523.0236079685174,89.0,0.0
523.035819078314,90.0,0.0
523.0426679364477,89.0,0.0
523.0457580778418,90.0,0.0
523.052100292194,91.0,0.0
523.0576641607838,92.0,0.0
523.0610389925824,93.0,0.0
523.0642473127912,94.0,0.0
523.0769716610241,93.0,0.0
523.0790651069016,94.0,0.0
523.0812206474748,93.0,0.0
523.081761195407,92.0,0.0
523.0824564475861,93.0,0.0
523.0850320204368,92.0,0.0
523.0880190344802,93.0,0.0
523.0910395220169,92.0,0.0
523.1008219621809,93.0,0.0
523.105924628093,94.0,0.0
523.1106182420552,93.0,0.0
523.1177551572406,92.0,0.0
523.1224584697162,91.0,0.0
523.1228312981794,90.0,0.0
523.1265351735029,89.0,0.0
523.1293538896276,88.0,0.0
523.1355220482512,89.0,0.0
523.1397760221801,90.0,0.0
523.141434784631,91.0,0.0
523.1601190141187,90.0,0.0
523.1833897248436,89.0,0.0
523.1868757385488,88.0,0.0
523.2090131537823,89.0,0.0
523.209452436031,90.0,0.0
523.2135144583948,91.0,0.0
523.2201562774335,90.0,0.0
523.2241999459205,91.0,0.0
523.2282954268757,92.0,0.0
523.2310526943461,91.0,0.0
523.2373873419915,92.0,0.0
523.2498109817188,91.0,0.0
523.2516444678906,90.0,0.0
523.2684325526265,91.0,0.0
523.2827401526466,92.0,0.0
523.2877701324945,93.0,0.0
523.3112308624422,94.0,0.0
523.3157380498349,93.0,0.0
523.3193583556892,92.0,0.0
523.3250866900728,91.0,0.0
523.3251003535477,90.0,0.0
523.3338112912338,89.0,0.0
523.3495449801886,88.0,0.0
523.3499796145064,87.0,0.0
523.3534167333785,86.0,0.0
523.361639010588,85.0,0.0
523.3750589231532,84.0,0.0
523.3753694456657,83.0,0.0
523.3919629213609,82.0,0.0
523.397817795463,81.0,0.0
523.4032965116872,82.0,0.0
523.433369719909,83.0,0.0
523.4346952326559,82.0,0.0
523.4364179826872,83.0,0.0
523.4550173961643,82.0,0.0
523.4710807489454,83.0,0.0
523.4716448646852,84.0,0.0
523.4797253319339,83.0,0.0
523.4864213041581,82.0,0.0
523.4865527322753,83.0,0.0
523.4879705909666,84.0,0.0
523.4969695343332,83.0,0.0
523.5021249054163,82.0,0.0
523.5373305473889,83.0,0.0
523.5493473153595,82.0,0.0
523.5642584124098,81.0,0.0
523.5651860136035,82.0,0.0
523.5821715357118,83.0,0.0
523.5869347442286,82.0,0.0
523.5876593151818,81.0,0.0
523.5901889186546,82.0,0.0
523.5937982866567,81.0,0.0
523.6088652347589,82.0,0.0
523.6132016395526,81.0,0.0
523.6168772700106,82.0,0.0
523.6175200406947,83.0,0.0
523.6191726536657,84.0,0.0
523.621582355246,83.0,0.0
523.6263473677561,82.0,0.0
523.6325054767302,83.0,0.0
523.6359760557721,82.0,0.0
523.6367285975734,81.0,0.0
523.647413998707,82.0,0.0
523.6701473169838,83.0,0.0
523.6858552997352,84.0,0.0
523.7109651095035,83.0,0.0
523.7139466405872,82.0,0.0
523.7231304358697,81.0,0.0
523.7394111633852,82.0,0.0
523.7478198199299,81.0,0.0
523.747954048506,82.0,0.0
523.7560205084671,83.0,0.0
523.7813080677217,84.0,0.0
523.7897256377591,85.0,0.0
523.7915153967683,86.0,0.0
523.7986019413603,87.0,0.0
523.8070175554095,86.0,0.0
523.8076293847085,85.0,0.0
523.815782118244,84.0,0.0
523.8181706365328,85.0,0.0
523.8184264206277,86.0,0.0
523.8214646415856,87.0,0.0
523.821836344035,86.0,0.0
523.8310347925917,85.0,0.0
523.8403072935989,84.0,0.0
523.8587030231649,85.0,0.0
523.8694389401758,84.0,0.0
523.8761956837828,83.0,0.0
523.8859587355525,82.0,0.0
523.8958575963178,83.0,0.0
523.9065086498795,84.0,0.0
523.9154496121066,83.0,0.0
523.922766945938,82.0,0.0
523.925100613649,81.0,0.0
523.9585653402055,80.0,0.0
523.9587659945536,79.0,0.0
523.9607874911433,78.0,0.0
523.9643821757032,77.0,0.0
523.9653377056414,76.0,0.0
523.9748179603782,77.0,0.0
523.9942252489773,76.0,0.0
523.9957178059884,75.0,0.0
524.0063147761341,74.0,0.0
524.0078520693072,73.0,0.0
524.0080839398291,72.0,0.0
524.0081192368461,73.0,0.0
524.0124973061586,74.0,0.0
524.0275139656743,73.0,0.0
524.0382528094779,72.0,0.0
524.0475350259849,71.0,0.0
524.0489902283638,70.0,0.0
524.0637836138923,69.0,0.0
524.0700178718498,68.0,0.0
524.0703149016057,69.0,0.0
524.070975166834,68.0,0.0
524.0753058868704,67.0,0.0
524.0894968478549,66.0,0.0
524.0997275914559,67.0,0.0
524.1000678569136,66.0,0.0
524.1245757348889,65.0,0.0
524.1297781401254,66.0,0.0
524.1323067740261,65.0,0.0
524.137985122046,66.0,0.0
524.1384810562558,67.0,0.0
524.1397049461974,68.0,0.0
524.1408195923469,67.0,0.0
524.1486463887688,66.0,0.0
524.1507811192986,67.0,0.0
524.165651194691,68.0,0.0
524.1751509308257,67.0,0.0
524.18965226184,66.0,0.0
524.210998876977,65.0,0.0
524.2135494119323,64.0,0.0
524.2188371706105,63.0,0.0
524.2221400185823,62.0,0.0
524.2283386015387,61.0,0.0
524.2342915377412,60.0,0.0
524.239127097747,59.0,0.0
524.2464671008747,58.0,0.0
524.2619794017622,57.0,0.0
524.2621498029342,58.0,0.0
524.2692424928044,59.0,0.0
524.2722356832371,60.0,0.0
524.2803150675294,61.0,0.0
524.2856067712574,60.0,0.0
524.2867167119474,61.0,0.0
524.2911292038583,60.0,0.0
524.2982107610986,59.0,0.0
524.3152761996088,58.0,0.0
524.3199994358561,57.0,0.0
524.3309552522857,58.0,0.0
524.3549594477427,59.0,0.0
524.3696069117075,58.0,0.0
524.3740407988239,57.0,0.0
524.3751528629883,56.0,0.0
524.4248452535694,55.0,0.0
524.4404818501773,54.0,0.0
524.4456269366673,53.0,0.0
524.4494130510948,52.0,0.0
524.4617940575905,53.0,0.0
524.4695201981109,54.0,0.0
524.4699253093686,53.0,0.0
524.4783256176893,52.0,0.0
524.4810672434967,53.0,0.0
524.4845251027373,54.0,0.0
524.4904606555087,53.0,0.0
524.4938937963572,52.0,0.0
524.5000002522929,53.0,0.0
524.5028334344595,52.0,0.0
524.5046632932131,51.0,0.0
524.5085534745739,52.0,0.0
524.5223123873648,53.0,0.0
524.5423988801602,52.0,0.0
524.5560777337905,51.0,0.0
524.5640546910174,50.0,0.0
524.5666091921307,49.0,0.0
524.5673066163922,48.0,0.0
524.5675791546175,49.0,0.0
524.5709936406257,50.0,0.0
524.579212399685,49.0,0.0
524.5927930994453,50.0,0.0
524.60530857902,49.0,0.0
524.6086533503973,48.0,0.0
524.6092176505555,47.0,0.0
524.612190425357,48.0,0.0
524.6168789004481,47.0,0.0
524.6213800644178,46.0,0.0
524.6223685417373,47.0,0.0
524.6461699930318,46.0,0.0
524.6522346844782,45.0,0.0
524.655053574827,46.0,0.0
524.6583559920922,47.0,0.0
524.662128006669,46.0,0.0
524.669321566206,45.0,0.0
524.6749310691238,44.0,0.0
524.6758987009732,43.0,0.0
524.678702957695,42.0,0.0
524.7000403080343,41.0,0.0
524.7132225569433,40.0,0.0
524.7213298808779,41.0,0.0
524.7266392497493,40.0,0.0
524.7283240672153,39.0,0.0
524.737914570639,38.0,0.0
524.7440761606089,37.0,0.0
524.7511935545452,36.0,0.0
524.7638626903649,37.0,0.0
524.7649177407043,38.0,0.0
524.7710764514025,39.0,0.0
524.7772212281367,40.0,0.0
524.7788198283897,41.0,0.0
524.798201670935,42.0,0.0
524.8013584652175,43.0,0.0
524.816738088698,42.0,0.0
524.8260121109489,43.0,0.0
524.83875015169,42.0,0.0
524.8456870370509,41.0,0.0
524.8467368601811,42.0,0.0
524.8684174931876,41.0,0.0
524.8699160727741,40.0,0.0
524.8776242440599,39.0,0.0
524.8820130449143,40.0,0.0
524.8980636314808,39.0,0.0
524.8993746913812,38.0,0.0
524.9076190727183,37.0,0.0
524.9084700165222,38.0,0.0
524.9149540464009,37.0,0.0
524.9157190983964,36.0,0.0
524.9165690014445,37.0,0.0
524.9193347705652,36.0,0.0
524.9307716350007,35.0,0.0
524.9456076601272,34.0,0.0
524.9469545696874,33.0,0.0
524.9495420817486,34.0,0.0
524.9548450162185,33.0,0.0
524.9586511967641,32.0,0.0
524.9770004591774,33.0,0.0
525.0001948336535,32.0,0.0
525.0152711617411,31.0,0.0
525.018254052571,30.0,0.0
525.0209484311629,29.0,0.0
525.021443091602,28.0,0.0
525.0287611474578,29.0,0.0
525.0339764347517,30.0,0.0
525.0666621485277,31.0,0.0
525.0733551138271,30.0,0.0
525.0772092566415,31.0,0.0
525.0897459453819,30.0,0.0
525.0910206951406,29.0,0.0
525.0924412586569,28.0,0.0
525.0936154450511,27.0,0.0
525.093976241204,26.0,0.0
525.0961414118734,25.0,0.0
525.1040754491403,24.0,0.0
525.1262662372953,23.0,0.0
525.1309696053852,24.0,0.0
525.1324975308654,23.0,0.0
525.1332781861475,22.0,0.0
525.1340065970812,23.0,0.0
525.1376328905567,24.0,0.0
525.1582749497178,23.0,0.0
525.1625958310167,22.0,0.0
525.1647842653031,21.0,0.0
525.1670154415306,22.0,0.0
525.1698741884923,21.0,0.0
525.1723475498111,20.0,0.0
525.173825736587,21.0,0.0
525.1856518446031,20.0,0.0
525.1938195454873,19.0,0.0
525.198109388442,20.0,0.0
525.2061383844006,21.0,0.0
525.2115517786342,20.0,0.0
525.2282993845777,21.0,0.0
525.2387086122493,22.0,0.0
525.244156382375,23.0,0.0
525.2464217772019,22.0,0.0
525.2482978156035,21.0,0.0
525.2488389603508,20.0,0.0
525.2568769753404,19.0,0.0
525.2843195823358,18.0,0.0
525.2855437261463,17.0,0.0
525.2858457378873,16.0,0.0
525.2944163897,15.0,0.0
525.2977431465889,14.0,0.0
525.3122087778263,13.0,0.0
525.3132025225401,12.0,0.0
525.3204918994497,11.0,0.0
525.3205945164044,10.0,0.0
525.3232863278963,11.0,0.0
525.3239748147894,10.0,0.0
525.3426455219127,9.0,0.0
525.3686996346943,10.0,0.0
525.400518073617,9.0,0.0
525.4034296226015,8.0,0.0
525.4105233301224,7.0,0.0
525.4111658623484,6.0,0.0
525.4191336895234,5.0,0.0
525.4551770761259,4.0,0.0
525.4592360674425,5.0,0.0
525.4788998507556,4.0,0.0
525.4897945809746,3.0,0.0
525.5283110817173,4.0,0.0
525.5351494826621,5.0,0.0
525.5612825109656,4.0,0.0
525.5733674326452,5.0,0.0
525.5831193650336,6.0,0.0
525.5848366324025,5.0,0.0
525.58562012363,4.0,0.0
525.5991633235252,3.0,0.0
525.6001744324997,4.0,0.0
525.6176727235376,3.0,0.0
525.6292269536923,2.0,0.0
525.6374367605255,3.0,0.0
525.6467831582901,4.0,0.0
525.65135949339,3.0,0.0
525.6529796526638,2.0,0.0
525.6589852968839,1.0,0.0
525.6957965184099,0.0,0.0
525.7967075435342,1.0,0.0
525.7983100962737,0.0,0.0
525.7997258313745,1.0,0.0
525.8109569094694,2.0,0.0
525.8212262359904,1.0,0.0
525.8238455389968,0.0,0.0
525.8336072755058,1.0,0.0
525.8491060782607,0.0,0.0
525.9189739369432,1.0,0.0
525.9196400996439,2.0,0.0
525.9283330732335,3.0,0.0
525.9315341500889,4.0,0.0
525.9399626149151,5.0,0.0
525.9553649584223,4.0,0.0
525.9570973363518,3.0,0.0
525.9577892166567,2.0,0.0
525.9591930019135,1.0,0.0
525.9628918161717,2.0,0.0
525.9689367048549,3.0,0.0
525.9756143998762,2.0,0.0
525.9937012183086,1.0,0.0
526.014259550653,0.0,0.0
526.0207280839359,1.0,0.0
526.0273696280926,0.0,0.0
526.0602533659251,1.0,0.0
526.0679154526883,0.0,0.0
526.1400898821412,1.0,0.0
526.18149307128,0.0,0.0
526.2329392136028,1.0,0.0
526.2448993938422,0.0,0.0
526.2460101034619,1.0,0.0
526.2625790650345,0.0,0.0
526.3026789826357,1.0,0.0
526.3175130311931,0.0,0.0
526.3548615381062,1.0,0.0
526.3559812808032,0.0,0.0
526.3781026588576,1.0,0.0
526.3803335518579,0.0,0.0
526.3873342812591,1.0,0.0
526.4173955610848,0.0,0.0
526.4265657130264,1.0,0.0
526.4296844502242,0.0,0.0
526.4359903942195,1.0,0.0
526.4538096835596,0.0,0.0
526.4793340324137,1.0,0.0
526.494774936677,0.0,0.0
526.5051231489495,1.0,0.0
526.5069202333422,0.0,0.0
526.5451605299113,1.0,0.0
526.5820087444966,0.0,0.0
526.7121305532304,1.0,0.0
526.7376734039201,2.0,0.0
526.7535647159688,1.0,0.0
526.8064941463824,0.0,0.0
526.8135661930614,1.0,0.0
526.8276963455339,2.0,0.0
526.8296890354353,3.0,0.0
526.8569309512137,2.0,0.0
526.8981566661158,3.0,0.0
526.9112772390906,2.0,0.0
526.9118325521864,3.0,0.0
526.9439876354138,2.0,0.0
526.968573506147,1.0,0.0
527.0045745091847,2.0,0.0
527.0199128287237,1.0,0.0
527.0307042134184,0.0,0.0
527.057885282817,1.0,0.0
527.094445687234,0.0,0.0
527.1162604450885,1.0,0.0
527.119947104759,0.0,0.0
527.1265351075708,1.0,0.0
527.1336522560482,0.0,0.0
527.1915267821528,1.0,0.0
527.1927947805143,2.0,0.0
527.2020632529967,1.0,0.0
527.210266352752,0.0,0.0
527.22292816606,1.0,0.0
527.2286023511286,2.0,0.0
527.2337153592924,1.0,0.0
527.2827721050694,0.0,0.0
527.3367791725001,1.0,0.0
527.3479836501429,2.0,0.0
527.3642802666391,1.0,0.0
527.3762470380791,0.0,0.0
527.4207037971834,1.0,0.0
527.5033667240397,0.0,0.0
527.529676240244,1.0,0.0
527.547243721099,0.0,0.0
527.6065085070078,1.0,0.0
527.6091875558973,2.0,0.0
527.6229065573049,1.0,0.0
527.6282288951205,2.0,0.0
527.6394118271323,1.0,0.0
527.6537649585125,0.0,0.0
527.7608798959989,1.0,0.0
527.7834448791717,2.0,0.0
527.7982811287599,1.0,0.0
527.7984974548951,2.0,0.0
527.8007530124297,1.0,0.0
527.8196241976702,2.0,0.0
527.8274632708685,3.0,0.0
527.828810410236,4.0,0.0
527.8432854764757,5.0,0.0
527.8527864482284,4.0,0.0
527.8530963180175,3.0,0.0
527.8563139518907,2.0,0.0
527.8743537287984,1.0,0.0
527.8814006557745,0.0,0.0
527.9121708569105,1.0,0.0
527.9398342789434,2.0,0.0
527.9407109041318,3.0,0.0
527.9583536988532,2.0,0.0
527.9739187609753,1.0,0.0
527.9838076692565,2.0,0.0
527.9903112820933,3.0,0.0
528.000446153201,2.0,0.0
528.003901591807,1.0,0.0
528.0143514876726,0.0,0.0
528.035807613011,1.0,0.0
528.0461297337944,0.0,0.0
528.1030068450868,1.0,0.0
528.1138581558841,2.0,0.0
528.1224441189988,1.0,0.0
528.1275731448453,2.0,0.0
528.1311483810467,1.0,0.0
528.1406309527249,2.0,0.0
528.1490193472016,1.0,0.0
528.1566730486086,0.0,0.0
528.1965704831048,1.0,0.0
528.2244505712786,2.0,0.0
528.2283685161773,3.0,0.0
528.2972940610143,4.0,0.0
528.3034216042042,5.0,0.0
528.3035965376952,4.0,0.0
528.3057827659047,3.0,0.0
528.3072595894561,2.0,0.0
528.3111648620721,1.0,0.0
528.3306198355981,2.0,0.0
528.3308435503227,3.0,0.0
528.3643111624845,2.0,0.0
528.3683927158194,1.0,0.0
528.3928379628438,2.0,0.0
528.4061480699067,3.0,0.0
528.4666998904962,2.0,0.0
528.470838824822,3.0,0.0
528.4762625494961,4.0,0.0
528.5146642313392,3.0,0.0
528.5158561706802,4.0,0.0
528.5186450604832,3.0,0.0
528.5189306603367,2.0,0.0
528.5257498787713,3.0,0.0
528.5285514850754,2.0,0.0
528.5299618533029,1.0,0.0
528.5561067834403,0.0,0.0
528.5817896805729,1.0,0.0
528.5947606120691,2.0,0.0
528.6140192948747,3.0,0.0
528.6154346605028,4.0,0.0
528.6181567047026,3.0,0.0
528.6236529795142,4.0,0.0
528.6263190126526,3.0,0.0
528.6424184746936,2.0,0.0
528.6558541241783,3.0,0.0
528.6647596028054,2.0,0.0
528.6701213436023,1.0,0.0
528.6815019845844,0.0,0.0
528.7500164756257,1.0,0.0
528.7629711950588,0.0,0.0
528.7864523300207,1.0,0.0
528.7952773128012,2.0,0.0
528.8083758382713,1.0,0.0
528.8176764680028,0.0,0.0
528.835705799507,1.0,0.0
528.8441966317496,2.0,0.0
528.8566449321874,3.0,0.0
528.8835193843446,2.0,0.0
528.9052909163812,1.0,0.0
528.9072394138219,0.0,0.0
528.9097725034387,1.0,0.0
528.9116265368964,0.0,0.0
528.978744404135,1.0,0.0
528.9801926956635,2.0,0.0
528.9988737947846,1.0,0.0
529.0089530796832,0.0,0.0
529.0217712825827,1.0,0.0
529.027658972333,0.0,0.0
529.0557422749459,1.0,0.0
529.0747589510862,0.0,0.0
529.0990795546162,1.0,0.0
529.1003232758444,0.0,0.0
529.1032639332678,1.0,0.0
529.1035166120337,0.0,0.0
529.1208604008312,1.0,0.0
529.1246168272182,2.0,0.0
529.1251143766467,3.0,0.0
529.1258557006092,2.0,0.0
529.1310445639383,3.0,0.0
529.1439379693834,2.0,0.0
529.1867814374879,3.0,0.0
529.1906649261807,2.0,0.0
529.1982203830669,3.0,0.0
529.2040641056608,2.0,0.0
529.2154697175571,3.0,0.0
529.2183459691523,4.0,0.0
529.226252220998,5.0,0.0
529.2318120705368,6.0,0.0
529.2350198358256,5.0,0.0
529.2465649037679,4.0,0.0
529.2527490725325,5.0,0.0
529.258313891117,6.0,0.0
529.2650551383994,5.0,0.0
529.2768167315863,4.0,0.0
529.2772744786861,5.0,0.0
529.2774833481302,6.0,0.0
529.2868530367532,5.0,0.0
529.2930082955294,6.0,0.0
529.3004598544321,7.0,0.0
529.3372123992459,6.0,0.0
529.3703719164242,5.0,0.0
529.3728882905243,6.0,0.0
529.3766471678522,5.0,0.0
529.381569894902,6.0,0.0
529.3848621047974,7.0,0.0
529.397384170264,8.0,0.0
529.4432802663139,7.0,0.0
529.4589506384386,6.0,0.0
529.4885082668698,5.0,0.0
529.4897403324313,4.0,0.0
529.5081702165384,3.0,0.0
529.5135001673941,4.0,0.0
529.5261033296637,5.0,0.0
529.5454503789587,4.0,0.0
529.5461398153021,3.0,0.0
529.5558898358939,2.0,0.0
529.5560785755367,1.0,0.0
529.5726865006213,2.0,0.0
529.5755554874885,1.0,0.0
529.6042913328857,0.0,0.0
529.6248421411451,1.0,0.0
529.6262435014619,2.0,0.0
529.6318283038355,1.0,0.0
529.6381783210659,2.0,0.0
529.6515298169129,3.0,0.0
529.6570244822751,4.0,0.0
529.6599231902214,5.0,0.0
529.6617130528338,4.0,0.0
529.6731969962083,3.0,0.0
529.7183332095043,2.0,0.0
529.7373553438545,1.0,0.0
529.7487150471601,0.0,0.0
529.7731831204401,1.0,0.0
529.7744704098113,0.0,0.0
529.7902222648805,1.0,0.0
529.8101920720053,0.0,0.0
529.8105326134195,1.0,0.0
529.8120192184697,2.0,0.0
529.8173373405975,1.0,0.0
529.83378466818,2.0,0.0
529.8361193881857,3.0,0.0
529.8365182039172,4.0,0.0
529.8451694738111,5.0,0.0
529.8526339096227,4.0,0.0
529.8564170903519,3.0,0.0
529.8731693403658,4.0,0.0
529.8812378993641,3.0,0.0
529.8895484148702,4.0,0.0
529.8943678010336,5.0,0.0
529.8996641026664,6.0,0.0
529.9097194555291,7.0,0.0
529.9100250622889,8.0,0.0
529.9250977365543,9.0,0.0
529.9404336839191,10.0,0.0
529.9517387086254,9.0,0.0
529.9529310948179,8.0,0.0
529.9547345410291,7.0,0.0
529.9559147462966,6.0,0.0
529.9599445566333,7.0,0.0
529.9618124332616,8.0,0.0
529.9764251780708,7.0,0.0
529.9822301036031,6.0,0.0
529.989170283236,7.0,0.0
530.0039317009714,6.0,0.0
530.0051024001629,5.0,0.0
530.0200209664185,6.0,0.0
530.0253831973237,7.0,0.0
530.0260364034615,8.0,0.0
530.0262198029463,9.0,0.0
530.0263159035756,8.0,0.0
530.034736057147,9.0,0.0
530.0428192216165,10.0,0.0
530.0452974171471,9.0,0.0
530.0454582401555,8.0,0.0
530.049552961188,9.0,0.0
530.0526909661571,10.0,0.0
530.0545068471683,9.0,0.0
530.0590201577033,10.0,0.0
530.0593519902089,9.0,0.0
530.0597131319173,8.0,0.0
530.0674758599957,7.0,0.0
530.0699215677644,6.0,0.0
530.0739977731374,7.0,0.0
530.0769190167678,8.0,0.0
530.0796445418008,7.0,0.0
530.0853742410632,8.0,0.0
530.0937536061455,7.0,0.0
530.0939200735622,8.0,0.0
530.0943308190193,7.0,0.0
530.1329178859085,8.0,0.0
530.134629330792,9.0,0.0
530.1458676654028,10.0,0.0
530.147477163993,11.0,0.0
530.1687603970776,12.0,0.0
530.1765640136556,13.0,0.0
530.1803985639337,12.0,0.0
530.1877880858874,13.0,0.0
530.1888974545018,14.0,0.0
530.1947524977165,15.0,0.0
530.1949590846447,14.0,0.0
530.1961475021354,15.0,0.0
530.1983440361312,14.0,0.0
530.2148627394876,15.0,0.0
530.2199641809061,16.0,0.0
530.2439724458607,15.0,0.0
530.2493487350845,16.0,0.0
530.2579957254446,15.0,0.0
530.2617284570538,16.0,0.0
530.2726816059295,17.0,0.0
530.2786341768873,16.0,0.0
530.2818689646122,15.0,0.0
530.2898690140337,16.0,0.0
530.2906000787467,15.0,0.0
530.2977317217232,16.0,0.0
530.2977566598303,15.0,0.0
530.301914266512,16.0,0.0
530.3080949591201,17.0,0.0
530.3126546805557,16.0,0.0
530.3159859594115,15.0,0.0
530.3213530332589,14.0,0.0
530.3233891377585,13.0,0.0
530.3275405482349,14.0,0.0
530.3324117359043,13.0,0.0
530.3387630398581,14.0,0.0
530.3394869867647,15.0,0.0
530.3528494834001,14.0,0.0
530.369403198261,15.0,0.0
530.3731132829805,16.0,0.0
530.3748721567852,15.0,0.0
530.3767603251514,14.0,0.0
530.3777414935264,15.0,0.0
530.3952848679988,14.0,0.0
530.3969205140319,13.0,0.0
530.4115257755925,12.0,0.0
530.4178689848806,11.0,0.0
530.421663151958,10.0,0.0
530.4228922359456,11.0,0.0
530.4439701601236,12.0,0.0
530.4484314841087,11.0,0.0
530.4592909964794,10.0,0.0
530.4608386375115,9.0,0.0
530.4613245638209,10.0,0.0
530.4680615286413,11.0,0.0
530.4705904085154,12.0,0.0
530.4812322705437,11.0,0.0
530.4873654509674,12.0,0.0
530.4953487545481,11.0,0.0
530.4996288163281,10.0,0.0
530.5169562624283,11.0,0.0
530.5201917117578,10.0,0.0
530.5276684921062,9.0,0.0
530.5565069262707,10.0,0.0
530.5722756413594,9.0,0.0
530.586270657194,10.0,0.0
530.5994628776825,9.0,0.0
530.6036808621976,10.0,0.0
530.6147508808873,11.0,0.0
530.6153821101174,12.0,0.0
530.6214629140841,13.0,0.0
530.6303642446896,12.0,0.0
530.6383070213308,13.0,0.0
530.6508631938229,14.0,0.0
530.6587566232805,13.0,0.0
530.6625237111494,12.0,0.0
530.6632449222785,13.0,0.0
530.6664589891362,12.0,0.0
530.6790730459287,13.0,0.0
530.6799567791551,12.0,0.0
530.6861508754669,13.0,0.0
530.6967964329916,12.0,0.0
530.6983826363005,13.0,0.0
530.7003302086121,14.0,0.0
530.7150231329932,13.0,0.0
530.720186195101,14.0,0.0
530.7287621363458,13.0,0.0
530.7289227340822,14.0,0.0
530.7295420615453,13.0,0.0
530.735151392267,14.0,0.0
530.7390247053324,15.0,0.0
530.7482675264425,16.0,0.0
530.7557699935359,17.0,0.0
530.7654552056613,16.0,0.0
530.765822137371,17.0,0.0
530.7669216781209,18.0,0.0
530.769724337385,19.0,0.0
530.7748350310538,18.0,0.0
530.777653591153,19.0,0.0
530.7811918074112,20.0,0.0
530.7822693949083,21.0,0.0
530.7895823508435,22.0,0.0
530.800317676972,21.0,0.0
530.8008390262637,22.0,0.0
530.8015050331642,23.0,0.0
530.8221959731073,22.0,0.0
530.8318592283968,21.0,0.0
530.8350117523557,22.0,0.0
530.8422741597388,21.0,0.0
530.8425910589306,20.0,0.0
530.8504835640877,19.0,0.0
530.8510919524784,20.0,0.0
530.851895167596,21.0,0.0
530.853002593286,20.0,0.0
530.8588558772386,19.0,0.0
530.8592538687376,20.0,0.0
530.8601205292766,21.0,0.0
530.8633476045733,20.0,0.0
530.8692152950418,19.0,0.0
530.8849323204973,18.0,0.0
530.9000751785975,17.0,0.0
530.9122801143743,16.0,0.0
530.9261524661835,15.0,0.0
530.9266444482363,16.0,0.0
530.9292753975185,15.0,0.0
530.9349068709734,14.0,0.0
530.9414414440563,15.0,0.0
530.9468676412656,14.0,0.0
530.9504286885364,15.0,0.0
530.9521431989486,16.0,0.0
530.9539467548275,15.0,0.0
530.965213104463,14.0,0.0
530.9694862382449,15.0,0.0
530.9773006215307,14.0,0.0
530.99077168663,15.0,0.0
530.9932186136112,16.0,0.0
530.9962098196182,15.0,0.0
530.996438821126,16.0,0.0
531.0350336884779,17.0,0.0
531.0354716648226,16.0,0.0
531.03840949889,17.0,0.0
531.0400527519503,16.0,0.0
531.0450260947465,17.0,0.0
531.0568978304277,16.0,0.0
531.0625281975534,15.0,0.0
531.0810270227304,16.0,0.0
531.0890477657174,17.0,0.0
531.0923363009074,18.0,0.0
531.0924163036585,19.0,0.0
531.0951576331119,20.0,0.0
531.0967878311567,19.0,0.0
531.0969273535861,20.0,0.0
531.1003018309106,19.0,0.0
531.102660123128,20.0,0.0
531.109528587892,19.0,0.0
531.1171017983164,18.0,0.0
531.1262460676538,19.0,0.0
531.135938604861,20.0,0.0
531.1434511608244,21.0,0.0
531.1485874161618,22.0,0.0
531.1524611756909,23.0,0.0
531.1564970586638,22.0,0.0
531.1644759759367,23.0,0.0
531.164952118214,24.0,0.0
531.1705428905949,25.0,0.0
531.1814692816184,26.0,0.0
531.1840791506193,27.0,0.0
531.1883896882931,26.0,0.0
531.1924300717412,25.0,0.0
531.2000885967636,24.0,0.0
531.2007279165207,23.0,0.0
531.2015258250537,24.0,0.0
531.2265485650372,23.0,0.0
531.2268274739076,24.0,0.0
531.2391811539528,23.0,0.0
531.2439208882985,24.0,0.0
531.2450536532914,23.0,0.0
531.2460788910925,24.0,0.0
531.2522685927613,25.0,0.0
531.2605913546237,26.0,0.0
531.261578341888,27.0,0.0
531.2630571841618,26.0,0.0
531.2732059155071,25.0,0.0
531.2744374635428,24.0,0.0
531.2946390664596,23.0,0.0
531.2976539999006,22.0,0.0
531.298156310652,21.0,0.0
531.3014386524563,22.0,0.0
531.3017921879789,21.0,0.0
531.3018897058894,22.0,0.0
531.3099112781289,21.0,0.0
531.3138789190375,22.0,0.0
531.3160910952142,23.0,0.0
531.316675468662,24.0,0.0
531.32121362816,25.0,0.0
531.3230430340539,26.0,0.0
531.3310219065357,27.0,0.0
531.3321368170489,26.0,0.0
531.3360181890616,25.0,0.0
531.3377799389496,26.0,0.0
531.3427399549892,27.0,0.0
531.3600958534645,28.0,0.0
531.3767490733826,29.0,0.0
531.3809806101464,30.0,0.0
531.3834292549733,31.0,0.0
531.3972932844321,32.0,0.0
531.4043973874348,31.0,0.0
531.4085945318391,32.0,0.0
531.4107850269547,33.0,0.0
531.4286331824113,34.0,0.0
531.4407110928368,35.0,0.0
531.4459602073354,34.0,0.0
531.4473656630764,35.0,0.0
531.4612644171627,36.0,0.0
531.4801820877314,37.0,0.0
531.4832883958107,36.0,0.0
531.4863595363854,37.0,0.0
531.4998388611159,38.0,0.0
531.5016441571454,37.0,0.0
531.5054362823878,36.0,0.0
531.5145801870813,37.0,0.0
531.5148602499723,38.0,0.0
531.5163245383316,39.0,0.0
531.5206330217773,38.0,0.0
531.5330006111128,39.0,0.0
531.5381319878,38.0,0.0
531.5408266432277,37.0,0.0
531.5444253256503,38.0,0.0
531.548420779439,37.0,0.0
531.5516827093873,36.0,0.0
531.5652276235797,37.0,0.0
531.5657758941643,38.0,0.0
531.577393416428,39.0,0.0
531.5822901653346,38.0,0.0
531.5841072272156,39.0,0.0
531.5927977703411,38.0,0.0
531.5935928379878,39.0,0.0
531.6064359043883,38.0,0.0
531.6077573349321,37.0,0.0
531.6111973941756,38.0,0.0
531.617284754183,39.0,0.0
531.6525232003062,40.0,0.0
531.6580803225546,41.0,0.0
531.6624763196701,40.0,0.0
531.664616152918,39.0,0.0
531.6759772014897,38.0,0.0
531.6762865936323,37.0,0.0
531.6765817311024,38.0,0.0
531.6831481152497,37.0,0.0
531.6844349712674,38.0,0.0
531.6868397754165,37.0,0.0
531.6877070811214,38.0,0.0
531.6900459623174,37.0,0.0
531.6930849605405,36.0,0.0
531.6946574886243,37.0,0.0
531.6954315058595,36.0,0.0
531.6961158985215,35.0,0.0
531.6977845795592,36.0,0.0
531.6985081819076,37.0,0.0
531.7022716948989,38.0,0.0
531.703845959801,39.0,0.0
531.7060394134699,40.0,0.0
531.714040005508,41.0,0.0
531.7255277005943,42.0,0.0
531.729996299302,43.0,0.0
531.7332046663666,42.0,0.0
531.7334553736539,41.0,0.0
531.7340523113721,42.0,0.0
531.735402750992,43.0,0.0
531.7378277798026,44.0,0.0
531.7385584396591,43.0,0.0
531.7397640094977,42.0,0.0
531.7399657858499,41.0,0.0
531.743837144891,40.0,0.0
531.7477745117434,39.0,0.0
531.7561658081363,40.0,0.0
531.7671672795209,41.0,0.0
531.770752986349,40.0,0.0
531.7713961011415,39.0,0.0
531.777666835725,38.0,0.0
531.7818998866433,37.0,0.0
531.8040612296041,36.0,0.0
531.8098363622291,35.0,0.0
531.8110633715891,36.0,0.0
531.8120265624361,35.0,0.0
531.8223962190175,36.0,0.0
531.8261011192974,37.0,0.0
531.8277842746476,38.0,0.0
531.8454248827371,37.0,0.0
531.8455726109596,36.0,0.0
531.8500130404376,37.0,0.0
531.8519231634829,38.0,0.0
531.8523483684858,39.0,0.0
531.8558234195855,40.0,0.0
531.858467397083,39.0,0.0
531.860400263713,38.0,0.0
531.8614652301752,37.0,0.0
531.8659127681923,38.0,0.0
531.8740422620576,37.0,0.0
531.8741128865112,38.0,0.0
531.882566591302,37.0,0.0
531.8880257596082,38.0,0.0
531.890798967803,37.0,0.0
531.893665728462,38.0,0.0
531.8954870558263,37.0,0.0
531.8979980820336,38.0,0.0
531.9043507578392,37.0,0.0
531.9044122819953,38.0,0.0
531.9045725013326,37.0,0.0
531.9091299579555,36.0,0.0
531.9124917323144,37.0,0.0
531.9124961070677,38.0,0.0
531.9130885701695,39.0,0.0
531.9213343994235,38.0,0.0
531.9245106384839,39.0,0.0
531.9307773132743,40.0,0.0
531.9386837351342,41.0,0.0
531.9540721782805,42.0,0.0
531.970726125932,43.0,0.0
531.9988470316899,42.0,0.0
532.0028630876881,43.0,0.0
532.0066805355083,44.0,0.0
532.0150821225087,45.0,0.0
532.0163383519688,44.0,0.0
532.0225355881294,43.0,0.0
532.0362037206538,44.0,0.0
532.0440107379283,45.0,0.0
532.0495792766532,46.0,0.0
532.0523007327167,47.0,0.0
532.0613792761128,46.0,0.0
532.0626357300312,47.0,0.0
532.0716655925662,46.0,0.0
532.0753375292875,47.0,0.0
532.0928984686635,46.0,0.0
532.0956075343242,45.0,0.0
532.1063075514505,44.0,0.0
532.1070141287163,43.0,0.0
532.1132008705035,44.0,0.0
532.117591260435,45.0,0.0
532.1186920709163,46.0,0.0
532.1261624811907,47.0,0.0
532.1321710034435,48.0,0.0
532.1374986347515,47.0,0.0
532.1414613752792,48.0,0.0
532.1456316434032,49.0,0.0
532.1526197355116,50.0,0.0
532.1598621082098,51.0,0.0
532.1612088223533,52.0,0.0
532.1639319723201,51.0,0.0
532.1658505700763,52.0,0.0
532.169855233751,51.0,0.0
532.1751570519992,52.0,0.0
532.1845906984803,53.0,0.0
532.1891947892099,54.0,0.0
532.1905377422621,53.0,0.0
532.2006567526872,52.0,0.0
532.2061444446964,53.0,0.0
532.2078644626356,52.0,0.0
532.2111250147494,53.0,0.0
532.2157313906848,54.0,0.0
532.2195548746897,55.0,0.0
532.2219471727469,54.0,0.0
532.2239702483076,55.0,0.0
532.224565136798,54.0,0.0
532.2259040071008,55.0,0.0
532.2259629126434,56.0,0.0
532.2262445475789,55.0,0.0
532.2268207709651,56.0,0.0
532.2289220816349,57.0,0.0
532.2444915498537,58.0,0.0
532.2576797978314,59.0,0.0
532.2578181993151,60.0,0.0
532.2613344167111,59.0,0.0
532.2672210596922,58.0,0.0
532.2719643613522,57.0,0.0
532.2828928605012,58.0,0.0
532.2926578778092,59.0,0.0
532.2963020838539,58.0,0.0
532.3002724488477,57.0,0.0
532.3048378491603,58.0,0.0
532.3064511350866,59.0,0.0
532.3128340875974,58.0,0.0
532.3162434187616,57.0,0.0
532.319422923501,58.0,0.0
532.3273496582042,59.0,0.0
532.3320351289558,60.0,0.0
532.3326882398413,59.0,0.0
532.3349860328834,58.0,0.0
532.3397199536278,59.0,0.0
532.3425575517036,60.0,0.0
532.3456478540884,61.0,0.0
532.3469121752455,60.0,0.0
532.3544330675834,61.0,0.0
532.3573214013313,60.0,0.0
532.3587566523732,61.0,0.0
532.3682154636699,60.0,0.0
532.3734152636156,61.0,0.0
532.3819735166778,60.0,0.0
532.3870762426087,59.0,0.0
532.3872494911659,60.0,0.0
532.3907529906324,61.0,0.0
532.4029782362635,60.0,0.0
532.4068930514052,61.0,0.0
532.4124066274338,60.0,0.0
532.4147461265889,59.0,0.0
532.419441107292,60.0,0.0
532.41987208924,59.0,0.0
532.4321719632688,60.0,0.0
532.4434852517808,59.0,0.0
532.4436169821442,60.0,0.0
532.447379090415,59.0,0.0
532.4573075248167,58.0,0.0
532.4761142252294,59.0,0.0
532.4772656756492,60.0,0.0
532.4780128398072,59.0,0.0
532.4800472275504,58.0,0.0
532.4830438294338,59.0,0.0
532.4877010441095,58.0,0.0
532.499338576291,57.0,0.0
532.4997826929671,58.0,0.0
532.5038570675147,59.0,0.0
532.5054414662379,58.0,0.0
532.5080037037235,59.0,0.0
532.5103079544913,60.0,0.0
532.5118644177126,59.0,0.0
532.5177102379846,60.0,0.0
532.532632287309,59.0,0.0
532.5466737858949,60.0,0.0
532.5593283543116,61.0,0.0
532.5735662968198,60.0,0.0
532.5786490182642,61.0,0.0
532.5805811806143,60.0,0.0
532.5808207255765,61.0,0.0
532.5844220028347,60.0,0.0
532.586370771906,59.0,0.0
532.590895428326,60.0,0.0
532.5937202457279,61.0,0.0
532.5960777302721,60.0,0.0
532.5982901579409,59.0,0.0
532.6063213389573,60.0,0.0
532.6067826918802,61.0,0.0
532.6072944795894,62.0,0.0
532.6085130278751,61.0,0.0
532.6089567847814,62.0,0.0
532.6123768058834,63.0,0.0
532.6128604446457,62.0,0.0
532.6181593031624,63.0,0.0
532.6205987036578,62.0,0.0
532.6240971106444,61.0,0.0
532.6262663791606,62.0,0.0
532.6378532534665,63.0,0.0
532.6388840720304,62.0,0.0
532.6437895672065,61.0,0.0
532.644446949527,60.0,0.0
532.6503135156554,59.0,0.0
532.6613307490032,58.0,0.0
532.6625042440015,57.0,0.0
532.6649575968279,56.0,0.0
532.665401955514,57.0,0.0
532.6661313787074,58.0,0.0
532.6664928484546,57.0,0.0
532.6700615536665,58.0,0.0
532.69251257852,57.0,0.0
532.7049852308043,58.0,0.0
532.7054154349444,59.0,0.0
532.7177724825025,58.0,0.0
532.7200485304962,57.0,0.0
532.7281868616727,56.0,0.0
532.771958957909,57.0,0.0
532.778882668408,58.0,0.0
532.7879715493968,59.0,0.0
532.7887305608256,58.0,0.0
532.7944533493222,57.0,0.0
532.7975395708095,58.0,0.0
532.798557211025,57.0,0.0
532.8075522898888,58.0,0.0
532.8096976941017,59.0,0.0
532.8133347623418,58.0,0.0
532.8228839071361,59.0,0.0
532.8347898300541,60.0,0.0
532.8348305276382,59.0,0.0
532.8372478555399,58.0,0.0
532.8413551508324,57.0,0.0
532.8585496861094,56.0,0.0
532.8586978156891,55.0,0.0
532.8641448869602,54.0,0.0
532.8648447699657,55.0,0.0
532.8729060358329,54.0,0.0
532.8845463363092,53.0,0.0
532.8907192304897,54.0,0.0
532.8916673041275,55.0,0.0
532.899762777954,56.0,0.0
532.9005194736491,57.0,0.0
532.9052533532064,58.0,0.0
532.9060648735293,59.0,0.0
532.91554634249,58.0,0.0
532.9164941387004,57.0,0.0
532.9255350710978,58.0,0.0
532.9290853033906,57.0,0.0
532.9299314351802,56.0,0.0
532.9323811452952,55.0,0.0
532.9331498335063,56.0,0.0
532.9371165153769,55.0,0.0
532.9531119249151,54.0,0.0
532.9541565359187,53.0,0.0
532.9566100904696,54.0,0.0
532.9704603590484,53.0,0.0
532.9732825258719,54.0,0.0
532.9743213736405,53.0,0.0
532.979963116836,52.0,0.0
532.9937429196244,51.0,0.0
532.9985733415205,52.0,0.0
532.9999416451939,53.0,0.0
533.0006104721404,54.0,0.0
533.0022255441489,53.0,0.0
533.0046829981254,54.0,0.0
533.0069147114062,55.0,0.0
533.0094901676657,56.0,0.0
533.0133454067867,57.0,0.0
533.0173055313867,56.0,0.0
533.022685988235,55.0,0.0
533.0391131767291,56.0,0.0
533.0434814744112,57.0,0.0
533.0435659776127,58.0,0.0
533.0445968475391,59.0,0.0
533.0538551312013,58.0,0.0
533.0600685330583,59.0,0.0
533.0654590985312,60.0,0.0
533.0678739340414,59.0,0.0
533.0683212339397,60.0,0.0
533.0754921902213,61.0,0.0
533.0756051521543,60.0,0.0
533.0898002678417,59.0,0.0
533.097666047938,58.0,0.0
533.1040793767422,59.0,0.0
533.1143026848957,58.0,0.0
533.1392858351985,59.0,0.0
533.1503746177877,58.0,0.0
533.1506587413025,59.0,0.0
533.165384125963,60.0,0.0
533.1699781245057,59.0,0.0
533.1703420060602,58.0,0.0
533.1745950925729,59.0,0.0
533.1883598486646,58.0,0.0
533.1892406525659,57.0,0.0
533.1898368417252,58.0,0.0
533.1901286289245,57.0,0.0
533.1984425317319,58.0,0.0
533.1987741147105,57.0,0.0
533.2060459832494,56.0,0.0
533.2102299965221,57.0,0.0
533.2131204716276,58.0,0.0
533.2179026394484,59.0,0.0
533.2263376347393,58.0,0.0
533.2293365821882,59.0,0.0
533.2375850576504,58.0,0.0
533.2425815958924,57.0,0.0
533.2486893028139,58.0,0.0
533.2541298278921,57.0,0.0
533.2573574939219,58.0,0.0
533.2585739375542,59.0,0.0
533.2607319658074,60.0,0.0
533.2622343687478,59.0,0.0
533.2631165115115,60.0,0.0
533.2704739720905,61.0,0.0
533.2731862524736,62.0,0.0
533.2762095255639,61.0,0.0
533.2763170506303,62.0,0.0
533.2781685653466,61.0,0.0
533.2853726739345,60.0,0.0
533.2867017576734,59.0,0.0
533.2870970206309,58.0,0.0
533.2873841313879,59.0,0.0
533.2884674024579,60.0,0.0
533.2928873782741,61.0,0.0
533.2993648234408,62.0,0.0
533.3004196920489,61.0,0.0
533.3089525119339,60.0,0.0
533.3220712082066,59.0,0.0
533.3227828463796,60.0,0.0
533.3250997979702,61.0,0.0
533.3341676470982,62.0,0.0
533.3394408270387,63.0,0.0
533.3425945775311,64.0,0.0
533.3483194640727,65.0,0.0
533.360610188125,64.0,0.0
533.3606825993453,63.0,0.0
533.3624376687337,64.0,0.0
533.3824589179285,65.0,0.0
533.3826113505105,64.0,0.0
533.3875406047913,65.0,0.0
533.3875458510277,64.0,0.0
533.3879556793296,63.0,0.0
533.3910527636485,64.0,0.0
533.402192499523,65.0,0.0
533.4032512459803,66.0,0.0
533.4043283675398,65.0,0.0
533.4054014567884,64.0,0.0
533.4059569822005,65.0,0.0
533.4068620291077,66.0,0.0
533.4140370222993,67.0,0.0
533.4296192923899,68.0,0.0
533.4325530778157,69.0,0.0
533.4370526944599,70.0,0.0
533.442173501469,69.0,0.0
533.4424215200443,70.0,0.0
533.4510169671097,69.0,0.0
533.453399716699,68.0,0.0
533.4639723933486,69.0,0.0
533.4687123596239,70.0,0.0
533.4694147992146,71.0,0.0
533.4754754022108,72.0,0.0
533.4886943384143,73.0,0.0
533.4917207011437,72.0,0.0
533.5024799504152,73.0,0.0
533.5100391980803,74.0,0.0
533.5139008318627,75.0,0.0
533.5156629696421,74.0,0.0
533.5279257776855,75.0,0.0
533.5523108449112,76.0,0.0
533.5565711852256,77.0,0.0
533.558560030038,78.0,0.0
533.5621953590539,77.0,0.0
533.5638373559452,76.0,0.0
533.5639695355783,77.0,0.0
533.5740579675448,76.0,0.0
533.5786595830327,75.0,0.0
533.5857395384003,76.0,0.0
533.5911361321839,77.0,0.0
533.596111789006,76.0,0.0
533.6014233639278,75.0,0.0
533.6017910751272,76.0,0.0
533.6050397440416,75.0,0.0
533.60820656759,76.0,0.0
533.6153571628031,75.0,0.0
533.6354449810495,74.0,0.0
533.636065668232,75.0,0.0
533.6375378906057,74.0,0.0
533.6520908753728,75.0,0.0
533.6551235497466,74.0,0.0
533.6585872467672,73.0,0.0
533.6665533578309,74.0,0.0
533.6731542568807,75.0,0.0
533.6782655499214,74.0,0.0
533.6813172086021,75.0,0.0
533.6836246528261,74.0,0.0
533.6854216833985,75.0,0.0
533.6859550018231,74.0,0.0
533.68694395303,75.0,0.0
533.6913908442076,76.0,0.0
533.694979699512,77.0,0.0
533.6950420183509,76.0,0.0
533.6983513106318,77.0,0.0
533.7001849376647,76.0,0.0
533.7058279345492,77.0,0.0
533.710210607256,76.0,0.0
533.7146688458757,75.0,0.0
533.7148068264162,76.0,0.0
533.7178909725493,77.0,0.0
533.7209236096747,76.0,0.0
533.7282842982382,77.0,0.0
533.73739645165,78.0,0.0
533.7393021605295,79.0,0.0
533.7417930948702,80.0,0.0
533.7435774625034,81.0,0.0
533.748970346353,82.0,0.0
533.7521787635376,83.0,0.0
533.7539276070444,84.0,0.0
533.75483466524,85.0,0.0
533.7551302262937,84.0,0.0
533.7588734742119,83.0,0.0
533.7635006877359,84.0,0.0
533.7656883287839,85.0,0.0
533.7794965860866,86.0,0.0
533.7812175780662,87.0,0.0
533.7971738072774,86.0,0.0
533.8079875589548,87.0,0.0
533.8257960749728,86.0,0.0
533.8354159784511,85.0,0.0
533.8402514182145,86.0,0.0
533.8458838828235,85.0,0.0
533.8477521263684,86.0,0.0
533.8530135450552,85.0,0.0
533.853554434516,86.0,0.0
533.8564193635128,87.0,0.0
533.8585357437647,86.0,0.0
533.867802507409,85.0,0.0
533.8713841423408,86.0,0.0
533.8818120172479,87.0,0.0
533.8839539421293,88.0,0.0
533.8873210935972,89.0,0.0
533.8886585548604,90.0,0.0
533.892789219479,91.0,0.0
533.898230112639,90.0,0.0
533.9162983158633,91.0,0.0
533.9301478026808,92.0,0.0
533.9308208246302,93.0,0.0
533.9399838045745,94.0,0.0
533.9447711718303,93.0,0.0
533.9549511627865,92.0,0.0
533.9566383419027,91.0,0.0
533.9597261736484,92.0,0.0
533.9671357969247,93.0,0.0
533.9722351703836,92.0,0.0
533.9778615838034,91.0,0.0
533.9855178670022,90.0,0.0
533.9883399369238,91.0,0.0
533.9972888356743,92.0,0.0
534.0117394882635,93.0,0.0
534.0137229863385,92.0,0.0
534.0206982112844,91.0,0.0
534.0243786717066,90.0,0.0
534.0316905330073,91.0,0.0
534.036481284938,90.0,0.0
534.0486680647665,91.0,0.0
534.0494625865053,92.0,0.0
534.0569540823799,91.0,0.0
534.0577621685763,90.0,0.0
534.0582890097912,89.0,0.0
534.0836037916039,90.0,0.0
534.0911898698326,91.0,0.0
534.1004279394556,92.0,0.0
534.1050220775378,93.0,0.0
534.1053448568492,92.0,0.0
534.1074480595744,93.0,0.0
534.1094087849763,92.0,0.0
534.1159865859048,93.0,0.0
534.1185856200742,94.0,0.0
534.1303795028552,95.0,0.0
534.1310807225929,94.0,0.0
534.1409940882327,93.0,0.0
534.1458375262721,94.0,0.0
534.1462327445914,95.0,0.0
534.1548574095365,96.0,0.0
534.1603505020684,95.0,0.0
534.161232579651,96.0,0.0
534.1640866667005,97.0,0.0
534.1688599783313,98.0,0.0
534.1705760490499,99.0,0.0
534.1743659146924,100.0,0.0
534.1760017377702,99.0,0.0
534.1765908051299,100.0,0.0
534.1953363832577,101.0,0.0
534.1958867634291,102.0,0.0
534.2090170721013,101.0,0.0
534.2106378178219,100.0,0.0
534.2119722070947,101.0,0.0
534.2233849711205,100.0,0.0
534.2262878203633,99.0,0.0
534.2284710460667,100.0,0.0
534.2347496151839,99.0,0.0
534.2368057867473,100.0,0.0
534.2375285772179,99.0,0.0
534.2385654264556,98.0,0.0
534.2398969838796,99.0,0.0
534.2452938783097,100.0,0.0
534.2481854716896,101.0,0.0
534.2654449525343,100.0,0.0
534.2735863882336,101.0,0.0
534.282593941988,102.0,0.0
534.2912033341762,101.0,0.0
534.2918919184815,100.0,0.0
534.2936049781215,99.0,0.0
534.3002624582563,100.0,0.0
534.3090985583773,101.0,0.0
534.309543474814,100.0,0.0
534.3098046016934,99.0,0.0
534.3126591323511,100.0,0.0
534.3153568075982,101.0,0.0
534.3255058784985,102.0,0.0
534.3297090468596,101.0,0.0
534.3343037749767,100.0,0.0
534.3357715517917,99.0,0.0
534.3415484693859,98.0,0.0
534.3469006079097,99.0,0.0
534.3504926132024,98.0,0.0
534.363560732045,99.0,0.0
534.3736684587465,100.0,0.0
534.3784727919194,101.0,0.0
534.379958046608,100.0,0.0
534.3823882868155,99.0,0.0
534.3956881797112,100.0,0.0
534.3998467292976,101.0,0.0
534.4011667732512,100.0,0.0
534.4109783746061,101.0,0.0
534.4141046970917,102.0,0.0
534.4170220339204,103.0,0.0
534.4311699000157,102.0,0.0
534.4314208822813,103.0,0.0
534.433038710313,102.0,0.0
534.4380027266837,101.0,0.0
534.4446248144791,102.0,0.0
534.4456078801969,103.0,0.0
534.4484916240386,104.0,0.0
534.4723092635745,103.0,0.0
534.476005429385,104.0,0.0
534.476641608172,103.0,0.0
534.487123607789,104.0,0.0
534.5142592819323,105.0,0.0
534.5186965790745,106.0,0.0
534.522488195833,105.0,0.0
534.5352807668485,106.0,0.0
534.535678755879,107.0,0.0
534.5420953156478,108.0,0.0
534.5489787172213,107.0,0.0
534.5503117016569,106.0,0.0
534.5513471842082,107.0,0.0
534.5531042088523,106.0,0.0
534.5552506632048,105.0,0.0
534.5585989555648,106.0,0.0
534.5620962221383,107.0,0.0
534.5635520822126,106.0,0.0
534.5682194957478,105.0,0.0
534.5730909784596,106.0,0.0
534.5743620162278,107.0,0.0
534.5767532039952,108.0,0.0
534.5768911118481,109.0,0.0
534.5814578250395,108.0,0.0
534.5890101159183,109.0,0.0
534.5905114959776,110.0,0.0
534.595190668887,111.0,0.0
534.607758730211,112.0,0.0
534.6124131947099,113.0,0.0
534.6137353863853,112.0,0.0
534.6169131749299,111.0,0.0
534.6209713971425,112.0,0.0
534.6346828150714,113.0,0.0
534.6384528073106,112.0,0.0
534.6591270457112,111.0,0.0
534.6655616935735,112.0,0.0
534.6664592599315,113.0,0.0
534.671122016484,114.0,0.0
534.6720764090812,113.0,0.0
534.6756936915214,112.0,0.0
534.6891952501525,111.0,0.0
534.6973071233176,112.0,0.0
534.7056837215079,113.0,0.0
534.7063962570172,112.0,0.0
534.7187427940027,113.0,0.0
534.720184583019,114.0,0.0
534.7220147760395,115.0,0.0
534.7227669119687,116.0,0.0
534.7238029660349,117.0,0.0
534.7262028509156,118.0,0.0
534.7306646820139,119.0,0.0
534.737458340434,120.0,0.0
534.7444355933217,121.0,0.0
534.7446478148382,120.0,0.0
534.7473351238272,121.0,0.0
534.7495463763088,122.0,0.0
534.7501970527998,123.0,0.0
534.757090781292,124.0,0.0
534.7573097442504,123.0,0.0
534.7636840700103,124.0,0.0
534.7677502237609,125.0,0.0
534.7753931762064,126.0,0.0
534.778703438801,125.0,0.0
534.7930151757503,124.0,0.0
534.7984832638531,123.0,0.0
534.8016683616241,122.0,0.0
534.8024819232542,121.0,0.0
534.812403403825,122.0,0.0
534.8280010772176,123.0,0.0
534.8357137943145,122.0,0.0
534.8481191255878,123.0,0.0
534.8535854803508,122.0,0.0
534.8556538934736,123.0,0.0
534.8557786411179,122.0,0.0
534.856756353167,121.0,0.0
534.8583535128938,120.0,0.0
534.8650246497413,119.0,0.0
534.87165520957,118.0,0.0
534.8742689934599,119.0,0.0
534.8768502049709,118.0,0.0
534.8794584532216,117.0,0.0
534.8860549673435,116.0,0.0
534.8897266533324,117.0,0.0
534.8915813720013,116.0,0.0
534.8926561926514,115.0,0.0
534.8943045694048,116.0,0.0
534.8950859682454,115.0,0.0
534.8952696065554,116.0,0.0
534.8983188757412,115.0,0.0
534.8984754608452,116.0,0.0
534.9038060582573,117.0,0.0
534.9101115375964,116.0,0.0
534.9135954417471,117.0,0.0
534.9139581241126,118.0,0.0
534.9154159571132,119.0,0.0
534.9335266665801,118.0,0.0
534.9344673498938,117.0,0.0
534.9558096184352,116.0,0.0
534.9560443775907,115.0,0.0
534.9700708727459,114.0,0.0
534.9745661224993,113.0,0.0
534.9769210463999,114.0,0.0
534.9845481504616,115.0,0.0
534.9847826068287,116.0,0.0
534.990340406583,117.0,0.0
534.9907566389996,116.0,0.0
534.9981977024995,117.0,0.0
535.0110626382123,116.0,0.0
535.0129564836963,115.0,0.0
535.0180124746554,116.0,0.0
535.0333287923713,117.0,0.0
535.0380694371877,116.0,0.0
535.0404401455744,115.0,0.0
535.0434484544671,116.0,0.0
535.0449263454835,115.0,0.0
535.0584019007763,114.0,0.0
535.0607298210657,113.0,0.0
535.0658816614148,114.0,0.0
535.0666250832303,115.0,0.0
535.0674795324421,116.0,0.0
535.0679602235831,115.0,0.0
535.0698131206392,116.0,0.0
535.0700642126503,117.0,0.0
535.0708645637416,116.0,0.0
535.0865688698401,115.0,0.0
535.0891896501234,114.0,0.0
535.0967862736842,113.0,0.0
535.1198987743679,112.0,0.0
535.1246800729858,111.0,0.0
535.126702695015,112.0,0.0
535.131380242562,113.0,0.0
535.1336497349401,112.0,0.0
535.1426625471586,113.0,0.0
535.1496280887648,112.0,0.0
535.1526297001926,111.0,0.0
535.1561731522768,110.0,0.0
535.1635534700889,109.0,0.0
535.1689312007485,108.0,0.0
535.1719138591699,107.0,0.0
535.17964896547,108.0,0.0
535.1821437180056,107.0,0.0
535.1822964026503,106.0,0.0
535.1877519218218,105.0,0.0
535.1905296130493,106.0,0.0
535.1910249404359,107.0,0.0
535.1955354160959,106.0,0.0
535.1973282566528,107.0,0.0
535.1974469974768,108.0,0.0
535.2038617948665,109.0,0.0
535.2082836893553,108.0,0.0
535.2143835719327,109.0,0.0
535.2248837282738,110.0,0.0
535.2255403694016,111.0,0.0
535.2297846718102,112.0,0.0
535.2361044745102,113.0,0.0
535.2400116610571,114.0,0.0
535.2448204584013,113.0,0.0
535.2472619494972,112.0,0.0
535.2504641568219,113.0,0.0
535.265547013519,112.0,0.0
535.2663057653406,113.0,0.0
535.2942861037221,114.0,0.0
535.3015731893848,113.0,0.0
535.3057223143317,114.0,0.0
535.3229393900639,115.0,0.0
535.3242925071057,114.0,0.0
535.3250592032643,115.0,0.0
535.3303868516988,116.0,0.0
535.3489093037497,117.0,0.0
535.3557886839989,118.0,0.0
535.3561067228527,117.0,0.0
535.3648793518665,116.0,0.0
535.3663593634359,115.0,0.0
535.3726607339503,116.0,0.0
535.3761169255617,115.0,0.0
535.3912067325814,114.0,0.0
535.3947291699631,115.0,0.0
535.3951066819641,116.0,0.0
535.4002300562499,117.0,0.0
535.404916563544,118.0,0.0
535.4156918951463,119.0,0.0
535.4384169234056,118.0,0.0
535.4386184222462,117.0,0.0
535.4570932428207,116.0,0.0
535.4733257262478,115.0,0.0
535.4749392170609,116.0,0.0
535.4817970041813,115.0,0.0
535.4900838387016,116.0,0.0
535.4925725229198,117.0,0.0
535.4936056726286,118.0,0.0
535.5076983737672,119.0,0.0
535.5110586115024,118.0,0.0
535.5207024322796,117.0,0.0
535.5220060599448,118.0,0.0
535.5227092819194,119.0,0.0
535.5229829162051,120.0,0.0
535.5252471393412,121.0,0.0
535.5297846508615,120.0,0.0
535.529995706186,119.0,0.0
535.5366245479556,118.0,0.0
535.5400860786257,117.0,0.0
535.5555170737239,116.0,0.0
535.5644948450476,115.0,0.0
535.5786244513077,114.0,0.0
535.584235593747,115.0,0.0
535.5868385342155,116.0,0.0
535.5886435663826,117.0,0.0
535.5945605159136,118.0,0.0
535.5946394965364,119.0,0.0
535.5964924324282,118.0,0.0
535.5998256361644,117.0,0.0
535.617207181798,118.0,0.0
535.625424636188,119.0,0.0
535.6329438172423,120.0,0.0
535.639535163795,121.0,0.0
535.6400927906215,122.0,0.0
535.643343684958,123.0,0.0
535.6457893506234,124.0,0.0
535.6591107921829,125.0,0.0
535.6604058939344,126.0,0.0
535.6656846529968,127.0,0.0
535.672837828042,128.0,0.0
535.6766847015691,127.0,0.0
535.676868916004,128.0,0.0
535.6799337055768,127.0,0.0
535.6989152568733,128.0,0.0
535.7079726357763,127.0,0.0
535.7358375723159,128.0,0.0
535.7516555351915,127.0,0.0
535.7577881845181,126.0,0.0
535.7586513421347,127.0,0.0
535.7626691567938,126.0,0.0
535.7631254835098,127.0,0.0
535.7738399853904,128.0,0.0
535.7758105773214,129.0,0.0
535.7900786735566,130.0,0.0
535.790409728611,129.0,0.0
535.801145954035,128.0,0.0
535.8033940147693,129.0,0.0
535.8046059102396,128.0,0.0
535.8072524108221,129.0,0.0
535.8088010683499,128.0,0.0
535.8108905160907,127.0,0.0
535.8167615527723,128.0,0.0
535.8174831481937,127.0,0.0
535.8294021597691,126.0,0.0
535.8301949864783,125.0,0.0
535.8304864366214,126.0,0.0
535.8326748532147,127.0,0.0
535.8366813573986,126.0,0.0
535.8369773460323,127.0,0.0
535.8384483524798,126.0,0.0
535.8501626706882,127.0,0.0
535.8505108724177,126.0,0.0
535.8535171247456,125.0,0.0
535.8692182875988,126.0,0.0
535.8713522238608,125.0,0.0
535.8720942296483,126.0,0.0
535.8732713114565,125.0,0.0
535.8757620412265,124.0,0.0
535.8773996269634,125.0,0.0
535.8806504029079,126.0,0.0
535.8858720268993,127.0,0.0
535.891196728797,126.0,0.0
535.9081316001495,125.0,0.0
535.9157141740478,124.0,0.0
535.9169193924773,125.0,0.0
535.9193563488773,124.0,0.0
535.924164061981,125.0,0.0
535.9273149697788,124.0,0.0
535.9342579607088,123.0,0.0
535.9401634367356,124.0,0.0
535.9430571440506,123.0,0.0
535.9446625631957,122.0,0.0
535.9544024254797,123.0,0.0
535.964713105741,122.0,0.0
535.9703338465887,121.0,0.0
535.9768142237969,122.0,0.0
535.9794298113655,123.0,0.0
535.9800638432483,124.0,0.0
535.9948776849271,125.0,0.0
535.9968848925283,126.0,0.0
536.0031503542899,127.0,0.0
536.0085856520006,126.0,0.0
536.0092352091331,125.0,0.0
536.022250921861,126.0,0.0
536.0227937142329,125.0,0.0
536.0238602636043,126.0,0.0
536.028500123942,127.0,0.0
536.0468238041393,128.0,0.0
536.0476660004224,129.0,0.0
536.0485927239739,128.0,0.0
536.060116544422,127.0,0.0
536.0655668635667,128.0,0.0
536.0678843050823,129.0,0.0
536.0811840478893,128.0,0.0
536.0998786517426,127.0,0.0
536.1030787926293,126.0,0.0
536.1073337208695,125.0,0.0
536.112408171868,126.0,0.0
536.1168913387149,125.0,0.0
536.1227143064398,126.0,0.0
536.1412880970123,125.0,0.0
536.1491931237977,124.0,0.0
536.1533470446049,123.0,0.0
536.1595787524004,122.0,0.0
536.1634438524898,123.0,0.0
536.1636886594522,122.0,0.0
536.1687600011834,123.0,0.0
536.1729679351996,124.0,0.0
536.2060078747364,123.0,0.0
536.2155676648274,124.0,0.0
536.2167903704919,125.0,0.0
536.22143747805,124.0,0.0
536.2323792465622,123.0,0.0
536.2326509924808,122.0,0.0
536.238680939753,121.0,0.0
536.2422128337984,122.0,0.0
536.246020712664,121.0,0.0
536.2536025410809,122.0,0.0
536.2609836453307,121.0,0.0
536.269451876402,120.0,0.0
536.271865504725,119.0,0.0
536.2736492380247,118.0,0.0
536.2821289381619,117.0,0.0
536.295318943738,116.0,0.0
536.296027502817,117.0,0.0
536.3008669326586,118.0,0.0
536.3100884180728,117.0,0.0
536.3127897706471,118.0,0.0
536.3145107263678,119.0,0.0
536.3152013456559,120.0,0.0
536.320567168029,121.0,0.0
536.3244964367127,122.0,0.0
536.3286884845776,121.0,0.0
536.3368942137907,120.0,0.0
536.3376467371559,121.0,0.0
536.3426179889736,122.0,0.0
536.3446676734634,123.0,0.0
536.34755010191,124.0,0.0
536.3532619561656,123.0,0.0
536.3550960845678,124.0,0.0
536.3552403526895,125.0,0.0
536.3565536481799,126.0,0.0
536.3631689312084,125.0,0.0
536.3658031627061,124.0,0.0
536.3663909494771,123.0,0.0
536.3669020008388,122.0,0.0
536.3681588612454,123.0,0.0
536.3706409516042,122.0,0.0
536.3794891724001,121.0,0.0
536.3836736160023,120.0,0.0
536.3865227285738,119.0,0.0
536.3897949217268,118.0,0.0
536.3953484674281,119.0,0.0
536.3963322436446,118.0,0.0
536.3989302259503,119.0,0.0
536.4087754752292,118.0,0.0
536.4284187073143,117.0,0.0
536.436798126051,118.0,0.0
536.4467876563281,119.0,0.0
536.4486152902803,120.0,0.0
536.4590906551475,121.0,0.0
536.4682067914429,122.0,0.0
536.4689738708843,121.0,0.0
536.4753656377765,122.0,0.0
536.4776592077374,123.0,0.0
536.4781647407034,124.0,0.0
536.4981801693618,125.0,0.0
536.5016972751506,124.0,0.0
536.5061071667707,125.0,0.0
536.5137983003685,124.0,0.0
536.5188335676179,125.0,0.0
536.5291313408699,126.0,0.0
536.5386557151724,125.0,0.0
536.5586684971493,126.0,0.0
536.5663576778562,125.0,0.0
536.5674839000015,124.0,0.0
536.5681035164857,125.0,0.0
536.5742581928355,126.0,0.0
536.5799509938918,127.0,0.0
536.5835659587588,126.0,0.0
536.5876850624111,125.0,0.0
536.6138428450329,124.0,0.0
536.6208706886711,125.0,0.0
536.6281525747237,126.0,0.0
536.6517226512382,125.0,0.0
536.6545088449996,124.0,0.0
536.6569117549102,123.0,0.0
536.6731712131678,122.0,0.0
536.6851779285312,121.0,0.0
536.6872344876452,120.0,0.0
536.6940539474754,121.0,0.0
536.7090773677294,122.0,0.0
536.7238891990789,121.0,0.0
536.7317354266787,120.0,0.0
536.7392626421488,119.0,0.0
536.7468458727802,118.0,0.0
536.7677052798235,117.0,0.0
536.7771843902347,116.0,0.0
536.7829013851727,117.0,0.0
536.7878564093722,118.0,0.0
536.7933147570685,117.0,0.0
536.7983047471902,116.0,0.0
536.8004096118175,117.0,0.0
536.8009707764966,116.0,0.0
536.808581052434,115.0,0.0
536.8206615869269,114.0,0.0
536.8255589517686,113.0,0.0
536.8303714265218,114.0,0.0
536.8320872933883,113.0,0.0
536.8342251055757,114.0,0.0
536.8378667268425,113.0,0.0
536.8495142876819,114.0,0.0
536.8512441386164,115.0,0.0
536.8549480712917,114.0,0.0
536.8570321230916,115.0,0.0
536.8680561340955,116.0,0.0
536.8680735790878,115.0,0.0
536.8763579079869,114.0,0.0
536.8771750281253,113.0,0.0
536.8933102096569,112.0,0.0
536.9026040754802,113.0,0.0
536.9111594068562,114.0,0.0
536.9163785880623,113.0,0.0
536.9213176811139,112.0,0.0
536.9257765303696,113.0,0.0
536.9259716182755,114.0,0.0
536.9409739214294,115.0,0.0
536.9459676802077,114.0,0.0
536.9480340447398,113.0,0.0
536.9574347298161,112.0,0.0
536.967043405919,113.0,0.0
536.9673304893371,112.0,0.0
536.9740673671499,113.0,0.0
536.9816018953708,112.0,0.0
536.9966541217289,111.0,0.0
536.9980408611523,110.0,0.0
537.0096760113396,109.0,0.0
537.0144122320751,110.0,0.0
537.0477446776688,109.0,0.0
537.0539593681057,108.0,0.0
537.0638867350093,109.0,0.0
537.0639804830649,108.0,0.0
537.0663903172122,107.0,0.0
537.0685018274139,106.0,0.0
537.0702129781945,107.0,0.0
537.0711787909634,106.0,0.0
537.0728518251309,107.0,0.0
537.0779104928181,106.0,0.0
537.0808497152631,107.0,0.0
537.0844206715143,106.0,0.0
537.0869154932032,107.0,0.0
537.0875613160655,108.0,0.0
537.0900425648323,109.0,0.0
537.0906853520288,108.0,0.0
537.0911947696455,109.0,0.0
537.0940266828692,110.0,0.0
537.1070509442834,109.0,0.0
537.1184867528401,108.0,0.0
537.1203022846793,107.0,0.0
537.1258296766689,108.0,0.0
537.1322914878682,109.0,0.0
537.1353400272154,110.0,0.0
537.1474913616495,109.0,0.0
537.1654339133363,110.0,0.0
537.1707618014804,109.0,0.0
537.1795178669698,110.0,0.0
537.179588427283,111.0,0.0
537.1819327113876,112.0,0.0
537.183409729507,113.0,0.0
537.2001233314206,112.0,0.0
537.2021539419592,111.0,0.0
537.2118230189768,112.0,0.0
537.2147412396839,111.0,0.0
537.2272553064879,110.0,0.0
537.2356104756899,109.0,0.0
537.23853651195,108.0,0.0
537.2425019924068,107.0,0.0
537.2428882820649,106.0,0.0
537.2527295896247,107.0,0.0
537.2569507048078,106.0,0.0
537.2725370623675,107.0,0.0
537.2826761786494,108.0,0.0
537.2973612421671,107.0,0.0
537.2974898249792,108.0,0.0
537.307308197236,107.0,0.0
537.3188959906188,108.0,0.0
537.3206105729214,107.0,0.0
537.3252439411724,106.0,0.0
537.3271020218449,105.0,0.0
537.3509136170287,104.0,0.0
537.3606821416936,105.0,0.0
537.369411280272,104.0,0.0
537.3943988749597,103.0,0.0
537.4043892031402,102.0,0.0
537.4241352810228,101.0,0.0
537.4252948576775,102.0,0.0
537.4265405614555,103.0,0.0
537.4362447372882,104.0,0.0
537.4414528641624,103.0,0.0
537.4509321903055,104.0,0.0
537.455507179699,103.0,0.0
537.4618883172609,102.0,0.0
537.4650412298239,101.0,0.0
537.4651507952232,100.0,0.0
537.4655167482673,101.0,0.0
537.4748520681042,100.0,0.0
537.478295155209,101.0,0.0
537.4863817800394,100.0,0.0
537.4919729917538,101.0,0.0
537.4944687055624,100.0,0.0
537.5164011081821,101.0,0.0
537.5211003101912,102.0,0.0
537.5220886961646,101.0,0.0
537.528570016299,102.0,0.0
537.5313223256722,101.0,0.0
537.5317016473251,102.0,0.0
537.5509508981294,103.0,0.0
537.5553744453267,102.0,0.0
537.5862554209082,101.0,0.0
537.5909860326307,100.0,0.0
537.6003804278442,99.0,0.0
537.6067018904359,100.0,0.0
537.6164138261,99.0,0.0
537.6233065871907,98.0,0.0
537.6234255262244,97.0,0.0
537.6293421420493,96.0,0.0
537.6341153896823,95.0,0.0
537.6437101142244,96.0,0.0
537.6440933667199,95.0,0.0
537.6473619486836,94.0,0.0
537.6533920113573,93.0,0.0
537.6621729722219,92.0,0.0
537.6666508439474,91.0,0.0
537.6818871225371,92.0,0.0
537.6830812728006,91.0,0.0
537.6832933562208,92.0,0.0
537.6840609181066,91.0,0.0
537.6860680685747,92.0,0.0
537.6931273097242,93.0,0.0
537.7010157894935,94.0,0.0
537.7083156748843,93.0,0.0
537.7186164645237,92.0,0.0
537.7229406959677,93.0,0.0
537.7340416827933,92.0,0.0
537.7464380336107,93.0,0.0
537.7561130143065,94.0,0.0
537.7624496406413,93.0,0.0
537.7743730187851,94.0,0.0
537.7823098735844,93.0,0.0
537.7827141482483,92.0,0.0
537.783621847185,93.0,0.0
537.7851072845076,94.0,0.0
537.7860174689296,93.0,0.0
537.7991601213475,92.0,0.0
537.8026235694438,93.0,0.0
537.8038361703277,94.0,0.0
537.8087601843366,93.0,0.0
537.8138087945897,92.0,0.0
537.8147505626816,93.0,0.0
537.821149812671,94.0,0.0
537.8221111881986,93.0,0.0
537.8254660333334,92.0,0.0
537.8302538438438,91.0,0.0
537.8483799879498,90.0,0.0
537.8495346130888,89.0,0.0
537.8544339142961,90.0,0.0
537.8648248022757,89.0,0.0
537.8665922724681,88.0,0.0
537.8719385773915,89.0,0.0
537.8959659235204,90.0,0.0
537.9055399812282,91.0,0.0
537.9181054932183,90.0,0.0
537.922773815075,91.0,0.0
537.957776102081,92.0,0.0
537.9655708443374,91.0,0.0
537.9704002671997,92.0,0.0
537.9721809463349,93.0,0.0
537.9955481835053,94.0,0.0
538.000251605737,95.0,0.0
538.009235746059,96.0,0.0
538.0127365305173,97.0,0.0
538.0193480064627,96.0,0.0
538.0225895519477,95.0,0.0
538.0230863314092,94.0,0.0
538.024571019001,95.0,0.0
538.0325541685817,94.0,0.0
538.0408727319149,93.0,0.0
538.0416672349613,92.0,0.0
538.0460216674213,93.0,0.0
538.0573237819443,92.0,0.0
538.0739873534093,93.0,0.0
538.0923497951936,94.0,0.0
538.0988319271507,95.0,0.0
538.1006908603351,94.0,0.0
538.1060945471191,95.0,0.0
538.1095829872896,94.0,0.0
538.1235664891915,93.0,0.0
538.132615404954,94.0,0.0
538.1357340560247,93.0,0.0
538.1360266681014,92.0,0.0
538.1365596257939,93.0,0.0
538.1504846149876,94.0,0.0
538.1716660601804,93.0,0.0
538.1807528203491,94.0,0.0
538.1861359946415,93.0,0.0
538.1894122876065,92.0,0.0
538.195482663314,91.0,0.0
538.2009602386435,92.0,0.0
538.2466888459505,91.0,0.0
538.2625686909672,92.0,0.0
538.262816349892,91.0,0.0
538.2690955721497,90.0,0.0
538.2782534468488,89.0,0.0
538.279409191312,88.0,0.0
538.2859427296078,87.0,0.0
538.2874677605355,86.0,0.0
538.290664794835,87.0,0.0
538.306329420267,86.0,0.0
538.310058966644,85.0,0.0
538.3120541848454,84.0,0.0
538.3192077035134,85.0,0.0
538.3236168761347,84.0,0.0
538.3347128147954,85.0,0.0
538.3403470758817,84.0,0.0
538.3528400068005,83.0,0.0
538.354405572743,82.0,0.0
538.362390312324,81.0,0.0
538.3924615702239,82.0,0.0
538.4060422408749,81.0,0.0
538.4212176472607,82.0,0.0
538.4554542011995,83.0,0.0
538.4583777179639,82.0,0.0
538.463055659942,81.0,0.0
538.4659489529881,82.0,0.0
538.4887476315139,83.0,0.0
538.490776273512,82.0,0.0
538.5026033231803,81.0,0.0
538.507954265377,80.0,0.0
538.5131955477244,79.0,0.0
538.532627622931,78.0,0.0
538.5385177172639,79.0,0.0
538.5386712474958,78.0,0.0
538.5398465665169,77.0,0.0
538.5541739394846,76.0,0.0
538.5550041015634,77.0,0.0
538.5662663666959,78.0,0.0
538.5765389733067,77.0,0.0
538.5863603291943,76.0,0.0
538.605118988017,75.0,0.0
538.6189657572837,76.0,0.0
538.6193208386969,75.0,0.0
538.6275081392382,74.0,0.0
538.6293046443943,75.0,0.0
538.6407906171,74.0,0.0
538.6495610332255,73.0,0.0
538.6502202568438,74.0,0.0
538.6572577393797,75.0,0.0
538.6647474524706,74.0,0.0
538.6659771494978,75.0,0.0
538.6818285301016,76.0,0.0
538.6955036824488,75.0,0.0
538.7045843497073,74.0,0.0
538.7161365313165,75.0,0.0
538.7188466762854,76.0,0.0
538.7370015116206,75.0,0.0
538.7391359043272,76.0,0.0
538.7523546363615,77.0,0.0
538.7536274274527,76.0,0.0
538.7548283333954,75.0,0.0
538.7580689168316,76.0,0.0
538.7662608613359,77.0,0.0
538.7769785976767,76.0,0.0
538.7773292522862,77.0,0.0
538.7775918488126,76.0,0.0
538.7780369239017,75.0,0.0
538.7788760750308,74.0,0.0
538.7823647169567,75.0,0.0
538.7922582696308,74.0,0.0
538.8021155554064,75.0,0.0
538.8374365640514,74.0,0.0
538.8503240042576,75.0,0.0
538.8532070548796,76.0,0.0
538.854252654724,75.0,0.0
538.8702558655507,74.0,0.0
538.8861758893906,73.0,0.0
538.8915228944617,72.0,0.0
538.8964307234457,73.0,0.0
538.9296559201458,74.0,0.0
538.9368835324825,73.0,0.0
538.9381724334729,74.0,0.0
538.9396820239014,73.0,0.0
538.9565931335982,72.0,0.0
538.9601493629774,73.0,0.0
538.9614898869754,74.0,0.0
538.9642194593116,73.0,0.0
538.9710144211447,74.0,0.0
538.9999063402738,73.0,0.0
539.0070978307715,74.0,0.0
539.007581304912,73.0,0.0
539.008116588273,74.0,0.0
539.0184990296284,75.0,0.0
539.0306837238998,76.0,0.0
539.0433678145056,75.0,0.0
539.0466326815608,74.0,0.0
539.0489920903764,75.0,0.0
539.0607740854389,74.0,0.0
539.0641893193337,75.0,0.0
539.071056757838,74.0,0.0
539.0727494843629,75.0,0.0
539.0902296025889,74.0,0.0
539.1000626032895,75.0,0.0
539.11568566717,74.0,0.0
539.1182052453149,75.0,0.0
539.1238280185764,76.0,0.0
539.1329219425938,75.0,0.0
539.1331926479957,76.0,0.0
539.1362503188464,77.0,0.0
539.1495492295361,76.0,0.0
539.1545735389279,75.0,0.0
539.1591891144694,74.0,0.0
539.1743932607916,73.0,0.0
539.185251564039,72.0,0.0
539.1957319064383,73.0,0.0
539.1994697743145,74.0,0.0
539.2021240865049,75.0,0.0
539.2062797696832,74.0,0.0
539.2117434933317,75.0,0.0
539.2221887418838,76.0,0.0
539.2232741144694,75.0,0.0
539.2267885446267,74.0,0.0
539.2289224579133,73.0,0.0
539.2296995308806,74.0,0.0
539.2378375192727,73.0,0.0
539.2403162522486,72.0,0.0
539.242272327463,73.0,0.0
539.2457765615723,74.0,0.0
539.2554147067127,73.0,0.0
539.2938714880885,72.0,0.0
539.3003052132752,71.0,0.0
539.3039690762623,72.0,0.0
539.3142022477205,73.0,0.0
539.3152745133467,72.0,0.0
539.31643022608,71.0,0.0
539.3242921805603,72.0,0.0
539.3285129843732,71.0,0.0
539.3332289737704,72.0,0.0
539.3347106320398,71.0,0.0
539.3533051453124,70.0,0.0
539.3674914135185,71.0,0.0
539.3675022052582,72.0,0.0
539.3724414384318,71.0,0.0
539.3849445175334,72.0,0.0
539.3926302620007,73.0,0.0
539.3970681106905,72.0,0.0
539.4194982139454,71.0,0.0
539.4230184624546,72.0,0.0
539.4341145050017,73.0,0.0
539.4491862784604,72.0,0.0
539.4505082864015,73.0,0.0
539.4571155098822,72.0,0.0
539.4573253325652,71.0,0.0
539.4739588273362,70.0,0.0
539.4843226983656,69.0,0.0
539.4891165001155,70.0,0.0
539.5035172028497,69.0,0.0
539.5036769087744,68.0,0.0
539.5158506593042,69.0,0.0
539.5202897265897,70.0,0.0
539.5246141311786,69.0,0.0
539.5272082733014,68.0,0.0
539.5313729413552,69.0,0.0
539.5348336139257,68.0,0.0
539.5402247453709,67.0,0.0
539.5453845146872,68.0,0.0
539.5528022256411,67.0,0.0
539.5564132430233,68.0,0.0
539.5572903674607,67.0,0.0
539.5597279265623,66.0,0.0
539.5669736436298,67.0,0.0
539.5879028461848,68.0,0.0
539.5884690418576,69.0,0.0
539.6146688531118,70.0,0.0
539.6288383724079,69.0,0.0
539.6356536739843,68.0,0.0
539.668865689881,69.0,0.0
539.6706946166131,70.0,0.0
539.6711624348542,69.0,0.0
539.6738266439886,70.0,0.0
539.6805137370229,69.0,0.0
539.6829992466123,70.0,0.0
539.6841886054434,71.0,0.0
539.6924257538725,70.0,0.0
539.6944527739984,69.0,0.0
539.6995577474956,70.0,0.0
539.6999273081238,69.0,0.0
539.7105163100254,70.0,0.0
539.7145399488707,71.0,0.0
539.7150521908721,70.0,0.0
539.71529967217,69.0,0.0
539.7208510995904,68.0,0.0
539.7332524040706,67.0,0.0
539.7576544837808,68.0,0.0
539.7651000882007,69.0,0.0
539.7653734372586,70.0,0.0
539.7656876154068,69.0,0.0
539.7716545574718,68.0,0.0
539.7743213716368,67.0,0.0
539.7763322337189,66.0,0.0
539.7846368249359,65.0,0.0
539.7891215945131,66.0,0.0
539.8026284324949,65.0,0.0
539.809390224105,66.0,0.0
539.8173139201457,65.0,0.0
539.8414751448968,64.0,0.0
539.850864496311,63.0,0.0
539.8607452763193,62.0,0.0
539.877414190573,63.0,0.0
539.8860202741711,62.0,0.0
539.8925272381541,63.0,0.0
539.9023877601916,64.0,0.0
539.9030472558188,65.0,0.0
539.911210881033,66.0,0.0
539.9327976853449,65.0,0.0
539.9371241977494,64.0,0.0
539.95869187191,65.0,0.0
539.9714605175385,64.0,0.0
539.978467934281,63.0,0.0
539.9903935902638,64.0,0.0
540.0096049980809,63.0,0.0
540.0158052597111,62.0,0.0
540.0445183467691,63.0,0.0
540.045399780526,62.0,0.0
540.045911795803,61.0,0.0
540.0474032434738,62.0,0.0
540.0511497312766,61.0,0.0
540.0544787213069,60.0,0.0
540.0552342522619,59.0,0.0
540.0559951246652,58.0,0.0
540.0607898190403,57.0,0.0
540.0730837371001,56.0,0.0
540.0916123105008,55.0,0.0
540.1037849573394,54.0,0.0
540.104313028448,55.0,0.0
540.1128100133332,56.0,0.0
540.1249025140875,55.0,0.0
540.1260299579284,54.0,0.0
540.1266551852511,53.0,0.0
540.1303215708313,52.0,0.0
540.1479395508388,53.0,0.0
540.1541967325294,52.0,0.0
540.1562885097376,51.0,0.0
540.1597844737045,52.0,0.0
540.1666620987119,51.0,0.0
540.1719712709374,50.0,0.0
540.1796857393147,51.0,0.0
540.1848789312517,50.0,0.0
540.2043388351018,49.0,0.0
540.2109432934268,50.0,0.0
540.21767979112,51.0,0.0
540.2195829698804,52.0,0.0
540.2360994420291,51.0,0.0
540.2387519990422,50.0,0.0
540.2422120467756,51.0,0.0
540.2499631031862,50.0,0.0
540.2515068636538,49.0,0.0
540.25922733087,48.0,0.0
540.2645393032702,47.0,0.0
540.273546745661,46.0,0.0
540.2885114189604,45.0,0.0
540.2944090400523,44.0,0.0
540.3034209678667,43.0,0.0
540.3078349057056,42.0,0.0
540.3181860155757,41.0,0.0
540.3184853518536,42.0,0.0
540.3306763373076,43.0,0.0
540.3411881558726,44.0,0.0
540.3424523164664,43.0,0.0
540.3532328368228,44.0,0.0
540.3606875141032,43.0,0.0
540.3690717407055,44.0,0.0
540.3745710605778,45.0,0.0
540.379005819511,46.0,0.0
540.3884546462651,45.0,0.0
540.3900171357042,46.0,0.0
540.3931780195048,47.0,0.0
540.4040821740264,48.0,0.0
540.4048034174344,49.0,0.0
540.4066986200801,50.0,0.0
540.4096249904782,49.0,0.0
540.4161392719544,48.0,0.0
540.4230558955895,47.0,0.0
540.4249115438153,46.0,0.0
540.4272399012949,45.0,0.0
540.429563525089,46.0,0.0
540.4315407637689,45.0,0.0
540.4368685860717,44.0,0.0
540.4373591902993,45.0,0.0
540.4476783802046,44.0,0.0
540.4948646976391,43.0,0.0
540.5148815584996,42.0,0.0
540.5177942216071,41.0,0.0
540.5203666167116,40.0,0.0
540.5279267206138,39.0,0.0
540.551052694391,38.0,0.0
540.5557367531262,39.0,0.0
540.5580077455887,38.0,0.0
540.5737201874822,37.0,0.0
540.5850107441797,38.0,0.0
540.5987877130117,37.0,0.0
540.621235954003,38.0,0.0
540.6286598314804,39.0,0.0
540.6296952824933,38.0,0.0
540.6304416682833,37.0,0.0
540.6366878902791,38.0,0.0
540.6376459752855,37.0,0.0
540.6401985031182,36.0,0.0
540.6410616076827,35.0,0.0
540.6441358588623,36.0,0.0
540.6685734431031,35.0,0.0
540.6791541591583,34.0,0.0
540.6797560048916,33.0,0.0
540.6813925148092,32.0,0.0
540.6855035533688,31.0,0.0
540.6868918226676,32.0,0.0
540.6882305520021,33.0,0.0
540.6980597810564,32.0,0.0
540.7088608544387,31.0,0.0
540.7218656149668,30.0,0.0
540.7486809299907,29.0,0.0
540.7641882526528,28.0,0.0
540.7685391651961,27.0,0.0
540.7765881570394,26.0,0.0
540.7775410251296,25.0,0.0
540.7818304592699,26.0,0.0
540.7831916974567,25.0,0.0
540.7943331633829,24.0,0.0
540.7973767148553,23.0,0.0
540.8023601604035,22.0,0.0
540.8045710776549,21.0,0.0
540.8258058178674,20.0,0.0
540.847593232182,21.0,0.0
540.8509288197616,20.0,0.0
540.8512753214015,19.0,0.0
540.8529747454692,18.0,0.0
540.8632625400401,19.0,0.0
540.8671538866715,18.0,0.0
540.8676407604347,17.0,0.0
540.8704145108203,16.0,0.0
540.8723103095903,15.0,0.0
540.878706382606,14.0,0.0
540.8854006939197,15.0,0.0
540.8879003950422,14.0,0.0
540.8913581414322,13.0,0.0
540.9233499182623,14.0,0.0
540.9328629398335,13.0,0.0
540.9470801776231,14.0,0.0
540.9519760489501,13.0,0.0
540.9607233445877,12.0,0.0
540.9693448614297,11.0,0.0
540.972938967919,10.0,0.0
540.9779929824057,11.0,0.0
540.982106482478,10.0,0.0
540.9946362156829,9.0,0.0
540.9983105296611,10.0,0.0
541.0058839500447,9.0,0.0
541.0071136530095,10.0,0.0
541.0210173418704,9.0,0.0
541.0243464076875,10.0,0.0
541.0809793078921,9.0,0.0
541.1055572399086,8.0,0.0
541.1104895229574,7.0,0.0
541.1191108462547,8.0,0.0
541.1427764347173,7.0,0.0
541.1462871029105,6.0,0.0
541.1558649129565,5.0,0.0
541.1559786067285,4.0,0.0
541.1570184916698,5.0,0.0
541.1627289500427,4.0,0.0
541.1659635177577,3.0,0.0
541.1687431578437,2.0,0.0
541.169474142227,1.0,0.0
541.1861915984884,2.0,0.0
541.271990229814,3.0,0.0
541.2750017177981,4.0,0.0
541.2885710538854,3.0,0.0
541.2897903419114,2.0,0.0
541.3445759598624,3.0,0.0
541.3636630287109,2.0,0.0
541.3701919556158,1.0,0.0
541.3760434805307,2.0,0.0
541.3766756705518,3.0,0.0
541.385292754431,2.0,0.0
541.3964795181037,1.0,0.0
541.3967788304543,2.0,0.0
541.3994825917823,1.0,0.0
541.4025421356301,0.0,0.0
541.5586622983434,1.0,0.0
541.5883199856336,0.0,0.0
541.5893419459611,1.0,0.0
541.5939467216409,0.0,0.0
541.6066827684399,1.0,0.0
541.6127704974982,0.0,0.0
541.7858453864441,1.0,0.0
541.7971306650614,0.0,0.0
541.8050439244149,1.0,0.0
541.811141741887,2.0,0.0
541.8407901365423,1.0,0.0
541.8575884453475,0.0,0.0
541.8626217802182,1.0,0.0
541.9030145787019,2.0,0.0
541.906327448527,1.0,0.0
541.9176614062493,2.0,0.0
541.9287567042114,1.0,0.0
541.9336602443352,2.0,0.0
541.9395930087118,1.0,0.0
541.9404479166785,2.0,0.0
541.9464211751817,1.0,0.0
541.9542954225025,0.0,0.0
541.995777721312,1.0,0.0
541.9968680676934,0.0,0.0
542.0933402428243,1.0,0.0
542.0964471658945,2.0,0.0
542.1130946689407,1.0,0.0
542.1719967161807,0.0,0.0
542.1863918118883,1.0,0.0
542.1986579188992,0.0,0.0
542.262697058305,1.0,0.0
542.2720451407183,2.0,0.0
542.2750557996284,3.0,0.0
542.2875437173408,2.0,0.0
542.294540639595,1.0,0.0
542.3009243114844,0.0,0.0
542.3681617066841,1.0,0.0
542.4049637236548,0.0,0.0
542.4602170024447,1.0,0.0
542.4813827233677,2.0,0.0
542.4913503312765,1.0,0.0
542.5215734464892,2.0,0.0
542.5424921526233,1.0,0.0
542.5883267344246,0.0,0.0
542.6068086741989,1.0,0.0
542.62142953392,0.0,0.0
542.632768107048,1.0,0.0
542.6529457021574,0.0,0.0
542.7772923501032,1.0,0.0
542.7948100195817,0.0,0.0
542.8161994411136,1.0,0.0
542.8335830636627,2.0,0.0
542.8476864733542,3.0,0.0
542.8532333787965,2.0,0.0
542.8582137679119,1.0,0.0
542.890795479196,2.0,0.0
542.8977205739709,1.0,0.0
542.9025519179899,0.0,0.0
543.0474793742717,1.0,0.0
543.0591394662436,0.0,0.0
543.1331597013925,1.0,0.0
543.1376864420909,2.0,0.0
543.1386157415225,3.0,0.0
543.1510488988208,2.0,0.0
543.1527727765958,3.0,0.0
543.163244129782,2.0,0.0
543.1739347873303,1.0,0.0
543.1993904883938,0.0,0.0
543.2449685452464,1.0,0.0
543.2469526298997,0.0,0.0
543.2749974813678,1.0,0.0
543.2844719344093,0.0,0.0
543.3056177726722,1.0,0.0
543.3058580764279,0.0,0.0
543.3097591716718,1.0,0.0
543.3267648650009,0.0,0.0
543.3315879436034,1.0,0.0
543.3504342388434,0.0,0.0
543.4111875137935,1.0,0.0
543.4180585474187,0.0,0.0
543.4489873271457,1.0,0.0
543.480357702373,2.0,0.0
543.4818979830834,1.0,0.0
543.5032968076368,2.0,0.0
543.5088254224919,1.0,0.0
543.5305744516054,0.0,0.0
543.5587382040108,1.0,0.0
543.571689714062,0.0,0.0
543.6952243703562,1.0,0.0
543.6998747270557,0.0,0.0
543.7335343416622,1.0,0.0
543.744153316037,0.0,0.0
543.7606233729274,1.0,0.0
543.7870727677001,2.0,0.0
543.7875104258761,3.0,0.0
543.7886860789097,4.0,0.0
543.796220868835,3.0,0.0
543.7980865263963,2.0,0.0
543.8097803094886,3.0,0.0
543.827629626865,2.0,0.0
543.8313351440971,1.0,0.0
543.8428837630112,0.0,0.0
543.9074664277757,1.0,0.0
543.9362781623514,0.0,0.0
543.981601622684,1.0,0.0
544.0041719748931,2.0,0.0
544.0257131258536,1.0,0.0
544.0310721585945,2.0,0.0
544.04162392798,1.0,0.0
544.0563093745368,0.0,0.0
544.0942896837826,1.0,0.0
544.136456018588,0.0,0.0
544.1399122174461,1.0,0.0
544.159328583069,2.0,0.0
544.1605813859189,1.0,0.0
544.2068856244497,2.0,0.0
544.2158754778429,1.0,0.0
544.2343147893998,2.0,0.0
544.2368161679096,3.0,0.0
544.253451422152,4.0,0.0
544.273548713366,3.0,0.0
544.2740628685548,4.0,0.0
544.2756328313304,5.0,0.0
544.2999549546714,4.0,0.0
544.3553948315349,5.0,0.0
544.3722457874179,4.0,0.0
544.3804580053752,3.0,0.0
544.3825094933042,2.0,0.0
544.3853875076926,1.0,0.0
544.4067776952595,2.0,0.0
544.4079119647993,1.0,0.0
544.4227273016811,0.0,0.0
544.4761889632701,1.0,0.0
544.4822373678946,0.0,0.0
544.4945072892923,1.0,0.0
544.5102811544878,2.0,0.0
544.5198456918707,3.0,0.0
544.5208669321868,2.0,0.0
544.5216393457713,1.0,0.0
544.5422967802906,0.0,0.0
544.5486462804458,1.0,0.0
544.5564057716485,0.0,0.0
544.5937796312348,1.0,0.0
544.598707849085,2.0,0.0
544.6469223027987,1.0,0.0
544.6555226823662,2.0,0.0
544.6615611277022,1.0,0.0
544.6647095155744,2.0,0.0
544.6893548628456,3.0,0.0
544.708986619075,2.0,0.0
544.7259609820168,1.0,0.0
544.7260488968986,2.0,0.0
544.7317769864394,1.0,0.0
544.7474645356216,0.0,0.0
544.7511859104648,1.0,0.0
544.7549716258221,0.0,0.0
544.7856643538158,1.0,0.0
544.8076840713795,2.0,0.0
544.8504603565465,1.0,0.0
544.851694361095,0.0,0.0
544.8643107234053,1.0,0.0
544.8811418970482,2.0,0.0
544.9159728841913,3.0,0.0
544.9237931992212,2.0,0.0
544.9275045841551,1.0,0.0
544.9282254845641,2.0,0.0
544.9322072380473,3.0,0.0
544.933952995596,2.0,0.0
544.9528549971507,1.0,0.0
544.9648700661817,0.0,0.0
544.9846960992825,1.0,0.0
545.0020069234303,2.0,0.0
545.002948381125,3.0,0.0
545.0309163997349,2.0,0.0
545.0314374162944,3.0,0.0
545.0330189141603,2.0,0.0
545.043497447153,1.0,0.0
545.0476172943081,0.0,0.0
545.0614338874007,1.0,0.0
545.0656800022688,0.0,0.0
545.0718379221432,1.0,0.0
545.0840777315502,0.0,0.0
545.0844211745012,1.0,0.0
545.0982361045325,2.0,0.0
545.110896262321,3.0,0.0
545.114715192585,2.0,0.0
545.1157831666138,3.0,0.0
545.1194896323804,2.0,0.0
545.1256890786265,3.0,0.0
545.1277098281965,2.0,0.0
545.1295077838693,1.0,0.0
545.1585665691432,2.0,0.0
545.1631767055142,1.0,0.0
545.1862744895475,2.0,0.0
545.2067389441331,1.0,0.0
545.2068164171351,2.0,0.0
545.2192088696654,3.0,0.0
545.2199325909073,4.0,0.0
545.2205651107472,5.0,0.0
545.2226572552445,4.0,0.0
545.2489862096879,3.0,0.0
545.2531559050119,4.0,0.0
545.2535274193418,5.0,0.0
545.2657581339548,6.0,0.0
545.271557764136,7.0,0.0
545.2731142965903,8.0,0.0
545.2982829639768,7.0,0.0
545.2995274192842,6.0,0.0
545.2996965543463,7.0,0.0
545.3018550864914,6.0,0.0
545.3030094981029,5.0,0.0
545.3122555245359,4.0,0.0
545.3159577105205,5.0,0.0
545.3222113880623,4.0,0.0
545.325438188588,3.0,0.0
545.3257917588552,4.0,0.0
545.3258297675739,3.0,0.0
545.3291720430601,2.0,0.0
545.3374807096835,1.0,0.0
545.3414966369922,0.0,0.0
545.3468485669019,1.0,0.0
545.3576767666366,2.0,0.0
545.3615813636305,1.0,0.0
545.3679611235469,2.0,0.0
545.3761747768477,1.0,0.0
545.3772648837617,2.0,0.0
545.3858258757924,3.0,0.0
545.3860741715127,4.0,0.0
545.3889408925403,3.0,0.0
545.4098731167333,2.0,0.0
545.4126892864243,3.0,0.0
545.4409434071054,2.0,0.0
545.4509513869336,3.0,0.0
545.4526619349713,2.0,0.0
545.4583827795907,3.0,0.0
545.4599132004964,2.0,0.0
545.466071904566,1.0,0.0
545.468081334847,0.0,0.0
545.4910371403299,1.0,0.0
545.492977696938,2.0,0.0
545.4951349986984,3.0,0.0
545.4985019135886,4.0,0.0
545.5042029391026,5.0,0.0
545.5294810573563,4.0,0.0
545.5771076604163,5.0,0.0
545.5989816459813,4.0,0.0
545.6120790463781,3.0,0.0
545.6281181745163,4.0,0.0
545.6402874530634,3.0,0.0
545.65509333622,4.0,0.0
545.6610864448855,5.0,0.0
545.6651065406502,4.0,0.0
545.6678634873892,5.0,0.0
545.6760619341985,6.0,0.0
545.6818895455875,5.0,0.0
545.6827195901237,4.0,0.0
545.6922238102485,3.0,0.0
545.692238780668,4.0,0.0
545.7013020230492,5.0,0.0
545.7028342693027,6.0,0.0
545.7187694480228,5.0,0.0
545.7193936388221,4.0,0.0
545.7222235101624,3.0,0.0
545.7419757209829,4.0,0.0
545.7458623375293,3.0,0.0
545.7520239582736,2.0,0.0
545.7763863040459,1.0,0.0
545.7764697390649,0.0,0.0
545.7840137132947,1.0,0.0
545.7971092929797,2.0,0.0
545.805644995384,1.0,0.0
545.8056863629296,0.0,0.0
545.8088187335878,1.0,0.0
545.8294693315008,2.0,0.0
545.8348263130257,3.0,0.0
545.8375761103061,4.0,0.0
545.8381922935702,3.0,0.0
545.839467069096,4.0,0.0
545.842956956822,5.0,0.0
545.845098670511,6.0,0.0
545.8529052716176,7.0,0.0
545.858265205956,6.0,0.0
545.8684469411221,7.0,0.0
545.8788056058735,8.0,0.0
545.8825701578271,7.0,0.0
545.8849820612434,8.0,0.0
545.8852663020465,7.0,0.0
545.9027003166467,6.0,0.0
545.9153492255198,5.0,0.0
545.9197001173637,4.0,0.0
545.9216412663387,3.0,0.0
545.9251626325695,4.0,0.0
545.9272616720932,3.0,0.0
545.9338820269639,2.0,0.0
545.9622780159716,1.0,0.0
545.9723645838102,0.0,0.0
545.9916998068604,1.0,0.0
546.0221129561928,2.0,0.0
546.0358037603312,3.0,0.0
546.0365446889944,4.0,0.0
546.0389174011984,5.0,0.0
546.043525510907,6.0,0.0
546.0508193043831,7.0,0.0
546.05334267582,6.0,0.0
546.0537761552054,5.0,0.0
546.0546355723384,6.0,0.0
546.0547108449707,5.0,0.0
546.0616617908167,6.0,0.0
546.0719506405312,5.0,0.0
546.0768893943729,6.0,0.0
546.0856131359561,5.0,0.0
546.0893205662873,4.0,0.0
546.0920958474908,5.0,0.0
546.0968919971996,6.0,0.0
546.1042559950281,7.0,0.0
546.1158366413067,8.0,0.0
546.1198728037667,7.0,0.0
546.1257887950522,6.0,0.0
546.1262702459959,7.0,0.0
546.1267721042113,8.0,0.0
546.1309747589402,7.0,0.0
546.1316998016915,8.0,0.0
546.1376524625097,7.0,0.0
546.146450931492,8.0,0.0
546.1501649736709,7.0,0.0
546.1537315383399,8.0,0.0
546.15671738371,9.0,0.0
546.1587486964806,8.0,0.0
546.1782620130118,9.0,0.0
546.1788539731218,10.0,0.0
546.1842263532329,9.0,0.0
546.2033544062167,10.0,0.0
546.2106387822192,9.0,0.0
546.2132621873849,8.0,0.0
546.2222203334636,7.0,0.0
546.2224006248484,6.0,0.0
546.2299369011322,7.0,0.0
546.2305138482413,8.0,0.0
546.2313257245512,9.0,0.0
546.237689842054,10.0,0.0
546.239752775381,11.0,0.0
546.2458412397352,12.0,0.0
546.2549787479571,11.0,0.0
546.2923178944435,10.0,0.0
546.2979698185255,11.0,0.0
546.3052343809675,12.0,0.0
546.3124919048985,13.0,0.0
546.3386314851062,12.0,0.0
546.3398788653489,13.0,0.0
546.348944943129,14.0,0.0
546.3529233071218,15.0,0.0
546.3550855716496,16.0,0.0
546.3680592630639,15.0,0.0
546.3775785693506,16.0,0.0
546.3798169064323,15.0,0.0
546.3845167277462,14.0,0.0
546.3920909662236,13.0,0.0
546.3949564672577,12.0,0.0
546.4078122643856,13.0,0.0
546.4304599678976,14.0,0.0
546.4313808982998,15.0,0.0
546.4338064469881,16.0,0.0
546.4489099473298,17.0,0.0
546.4668761445605,18.0,0.0
546.4768886093873,19.0,0.0
546.481892861314,20.0,0.0
546.4839561477069,19.0,0.0
546.4842502647044,20.0,0.0
546.4904656790987,19.0,0.0
546.4923029211241,20.0,0.0
546.5071965196662,21.0,0.0
546.5100161109343,20.0,0.0
546.5112443112073,21.0,0.0
546.5117509175815,20.0,0.0
546.5124452869369,21.0,0.0
546.5139077158988,22.0,0.0
546.5168979864346,21.0,0.0
546.5257610021994,22.0,0.0
546.5344047159407,23.0,0.0
546.5467284670784,24.0,0.0
546.5501980825796,25.0,0.0
546.5507606228173,26.0,0.0
546.5556496682046,27.0,0.0
546.5607791275629,26.0,0.0
546.5634390138457,25.0,0.0
546.5824920511672,26.0,0.0
546.5865336457769,25.0,0.0
546.5990582036634,26.0,0.0
546.6048051113285,27.0,0.0
546.6072676631786,28.0,0.0
546.6171699544476,27.0,0.0
546.6175010222771,26.0,0.0
546.6188477097518,27.0,0.0
546.6235483417909,28.0,0.0
546.6341632798898,29.0,0.0
546.6344101538414,28.0,0.0
546.635539641732,29.0,0.0
546.635698943414,30.0,0.0
546.656608003448,31.0,0.0
546.6765890931467,30.0,0.0
546.6792463169702,31.0,0.0
546.6858265443958,32.0,0.0
546.6891023664004,31.0,0.0
546.6938915785305,30.0,0.0
546.7077212856226,29.0,0.0
546.7195745371899,28.0,0.0
546.7301669848256,27.0,0.0
546.7303367324432,28.0,0.0
546.7361761683279,29.0,0.0
546.7397130865749,30.0,0.0
546.7458053383118,29.0,0.0
546.7541307209042,30.0,0.0
546.7548607060845,29.0,0.0
546.7565413177902,28.0,0.0
546.7603353193658,29.0,0.0
546.7738767847397,28.0,0.0
546.7818607233586,29.0,0.0
546.7874341960172,30.0,0.0
546.7954054784138,31.0,0.0
546.7958753090494,32.0,0.0
546.7981411225032,33.0,0.0
546.8075333677069,32.0,0.0
546.8175545883009,31.0,0.0
546.8220497209265,32.0,0.0
546.8228473858566,33.0,0.0
546.8316996515321,34.0,0.0
546.8325563191686,33.0,0.0
546.8386677614245,32.0,0.0
546.8546735326793,33.0,0.0
546.8569551710557,34.0,0.0
546.8570383759246,35.0,0.0
546.8637168747931,34.0,0.0
546.8682211611269,35.0,0.0
546.8722357132253,34.0,0.0
546.8722503237741,35.0,0.0
546.881355335362,36.0,0.0
546.8915755101175,35.0,0.0
546.8955848670644,36.0,0.0
546.9001611022146,37.0,0.0
546.9074664468784,38.0,0.0
546.9121702084576,37.0,0.0
546.9364740252328,36.0,0.0
546.9373228826914,35.0,0.0
546.9376043722577,34.0,0.0
546.9415027771521,35.0,0.0
546.9415462277407,34.0,0.0
546.9455665921265,35.0,0.0
546.9464025316146,34.0,0.0
546.9594044126774,35.0,0.0
546.9705271977233,36.0,0.0
546.9824152453671,37.0,0.0
546.9967846927703,36.0,0.0
547.0052806330586,35.0,0.0
547.0120750740061,36.0,0.0
547.0173073043863,35.0,0.0
547.0218884160836,36.0,0.0
547.0267748942966,37.0,0.0
547.0290015567964,38.0,0.0
547.0316285545546,37.0,0.0
547.0350158672574,38.0,0.0
547.0370351792461,39.0,0.0
547.0435992564063,38.0,0.0
547.0460639365298,37.0,0.0
547.0590106001727,36.0,0.0
547.0617624106926,35.0,0.0
547.0661953544076,34.0,0.0
547.0720336595374,35.0,0.0
547.0746523293434,34.0,0.0
547.089179637817,35.0,0.0
547.1030159036669,36.0,0.0
547.1031823164783,35.0,0.0
547.1053485598949,34.0,0.0
547.118168725265,35.0,0.0
547.1295356866793,36.0,0.0
547.136054791162,37.0,0.0
547.1477062180456,38.0,0.0
547.1487345154937,39.0,0.0
547.1543279179067,38.0,0.0
547.1608907234685,37.0,0.0
547.1654864556251,38.0,0.0
547.1683204661364,37.0,0.0
547.1834752205865,36.0,0.0
547.2131151071715,37.0,0.0
547.2228820484928,36.0,0.0
547.2239557551432,35.0,0.0
547.2281345489026,34.0,0.0
547.2326393006665,35.0,0.0
547.236904587652,36.0,0.0
547.2442872223702,35.0,0.0
547.2461837715184,36.0,0.0
547.2469756702916,35.0,0.0
547.2528669712733,36.0,0.0
547.2574461344104,37.0,0.0
547.2607234227297,36.0,0.0
547.2617674655094,35.0,0.0
547.2674038255647,34.0,0.0
547.2745530845929,33.0,0.0
547.2787773273529,34.0,0.0
547.2806885432096,33.0,0.0
547.2824512765915,32.0,0.0
547.2955136631225,33.0,0.0
547.2958672825548,32.0,0.0
547.2989373593634,33.0,0.0
547.310755565066,32.0,0.0
547.3111402051359,33.0,0.0
547.3128430467061,34.0,0.0
547.3143953544361,33.0,0.0
547.3160747695313,34.0,0.0
547.323643975705,35.0,0.0
547.3237167484589,36.0,0.0
547.3328821728197,37.0,0.0
547.3430010548288,36.0,0.0
547.35632650902,35.0,0.0
547.3659076792809,34.0,0.0
547.368531229516,35.0,0.0
547.3686806814078,36.0,0.0
547.3703676183268,35.0,0.0
547.3884940953061,36.0,0.0
547.4014722455748,37.0,0.0
547.4034744949256,36.0,0.0
547.4121488176601,37.0,0.0
547.4126906716879,38.0,0.0
547.4239266006476,39.0,0.0
547.4312815648208,38.0,0.0
547.4382445313719,37.0,0.0
547.4478368857132,38.0,0.0
547.4482753188107,39.0,0.0
547.4529775298753,40.0,0.0
547.460464191186,41.0,0.0
547.4655769792173,42.0,0.0
547.4985998960816,41.0,0.0
547.5013720452556,40.0,0.0
547.5096301815726,41.0,0.0
547.5127816175805,40.0,0.0
547.5222802087155,41.0,0.0
547.5257576901702,42.0,0.0
547.5288758226997,43.0,0.0
547.5300538939027,44.0,0.0
547.5334014371165,43.0,0.0
547.5358722313965,42.0,0.0
547.5396653927139,41.0,0.0
547.5464038434715,42.0,0.0
547.5476906191801,43.0,0.0
547.5522512462132,44.0,0.0
547.5556399077818,45.0,0.0
547.5662271685701,46.0,0.0
547.5672206856229,47.0,0.0
547.5699883820952,48.0,0.0
547.5724976686,49.0,0.0
547.6008853751258,48.0,0.0
547.60702392358,47.0,0.0
547.6165698889441,46.0,0.0
547.618717660705,47.0,0.0
547.6191457704772,48.0,0.0
547.6193161815678,49.0,0.0
547.6300583458915,50.0,0.0
547.6349112505416,51.0,0.0
547.6418031505867,52.0,0.0
547.6561977850655,53.0,0.0
547.6570705045968,52.0,0.0
547.6583400910014,53.0,0.0
547.6735569368593,54.0,0.0
547.6759961245601,55.0,0.0
547.6846734427407,56.0,0.0
547.6873773422045,55.0,0.0
547.7020963233522,56.0,0.0
547.7178462153495,57.0,0.0
547.7183456557275,56.0,0.0
547.7236204818968,57.0,0.0
547.7319187933546,58.0,0.0
547.7404965322,57.0,0.0
547.7406828186125,56.0,0.0
547.7424727248928,55.0,0.0
547.7441501283479,54.0,0.0
547.7509720931465,55.0,0.0
547.75254709339,56.0,0.0
547.757083696602,57.0,0.0
547.7623005654274,58.0,0.0
547.766917620415,59.0,0.0
547.7866590617195,58.0,0.0
547.7953651871376,59.0,0.0
547.7980349099113,60.0,0.0
547.798690597815,61.0,0.0
547.8022697336413,60.0,0.0
547.8057779245305,61.0,0.0
547.8164976915714,62.0,0.0
547.8193067341633,61.0,0.0
547.82348233092,60.0,0.0
547.834053657634,61.0,0.0
547.8357181414214,60.0,0.0
547.8392457511204,61.0,0.0
547.8422225158615,60.0,0.0
547.8503554243175,61.0,0.0
547.852675784521,62.0,0.0
547.8556477057556,61.0,0.0
547.8570538538996,60.0,0.0
547.8657911408278,61.0,0.0
547.8687529438014,60.0,0.0
547.8691691239998,59.0,0.0
547.8823405599787,60.0,0.0
547.8829009790458,61.0,0.0
547.8869524908929,62.0,0.0
547.8971110088373,63.0,0.0
547.8971997725017,64.0,0.0
547.8994506304966,65.0,0.0
547.9051716266035,66.0,0.0
547.9084771147701,65.0,0.0
547.9144185349722,66.0,0.0
547.915392806565,67.0,0.0
547.9157163868714,68.0,0.0
547.9371966441119,69.0,0.0
547.9374839482293,70.0,0.0
547.937557989039,69.0,0.0
547.9417026544381,70.0,0.0
547.9438527361639,71.0,0.0
547.9466232991188,70.0,0.0
547.9475849472053,71.0,0.0
547.9476998745561,72.0,0.0
547.9482148801623,71.0,0.0
547.9487910534533,70.0,0.0
547.9595162438511,69.0,0.0
547.9668315776335,68.0,0.0
547.9740337284868,69.0,0.0
547.9801263378577,68.0,0.0
547.980330243553,69.0,0.0
547.9837316014837,70.0,0.0
547.986286475155,69.0,0.0
547.9914899561378,68.0,0.0
548.0023696706032,69.0,0.0
548.0097690045719,70.0,0.0
548.0167726964992,71.0,0.0
548.0227833816417,72.0,0.0
548.0309994776725,71.0,0.0
548.0381644364392,72.0,0.0
548.0454164554885,73.0,0.0
548.0486870976329,74.0,0.0
548.0570555222398,75.0,0.0
548.0638266620567,74.0,0.0
548.0643732901045,75.0,0.0
548.0728939822321,76.0,0.0
548.0736929115706,77.0,0.0
548.0764841506468,78.0,0.0
548.0770276646413,79.0,0.0
548.0818577112481,78.0,0.0
548.100125692755,79.0,0.0
548.1014248564114,80.0,0.0
548.1176905362327,81.0,0.0
548.1214080574119,80.0,0.0
548.1222651290041,79.0,0.0
548.1451312880129,78.0,0.0
548.147080135916,77.0,0.0
548.1501449942807,78.0,0.0
548.1528310507887,79.0,0.0
548.1571582076875,80.0,0.0
548.159323391472,81.0,0.0
548.1602268898359,80.0,0.0
548.1620176223184,81.0,0.0
548.1737924495401,80.0,0.0
548.1808758707225,79.0,0.0
548.1834720817466,78.0,0.0
548.184911560918,77.0,0.0
548.1897071531379,76.0,0.0
548.1989017383595,77.0,0.0
548.2035197802102,76.0,0.0
548.20662847102,77.0,0.0
548.2122790403484,78.0,0.0
548.213547449863,79.0,0.0
548.2144674196219,80.0,0.0
548.2182853318345,81.0,0.0
548.2285484656402,82.0,0.0
548.2352861268367,81.0,0.0
548.2364577548536,80.0,0.0
548.2396538126359,81.0,0.0
548.2460924126815,80.0,0.0
548.259356475376,81.0,0.0
548.2599324879759,80.0,0.0
548.2620588930174,81.0,0.0
548.2634444421071,82.0,0.0
548.2669753805073,83.0,0.0
548.2699066327662,84.0,0.0
548.2738822389616,85.0,0.0
548.2757176620989,86.0,0.0
548.2788253674177,85.0,0.0
548.2837697956054,86.0,0.0
548.2841248771183,87.0,0.0
548.2897423790029,88.0,0.0
548.2901777938207,89.0,0.0
548.2929555366269,90.0,0.0
548.2954340872428,91.0,0.0
548.3138731056558,90.0,0.0
548.3352592171161,91.0,0.0
548.3509809470745,92.0,0.0
548.3516316898889,91.0,0.0
548.3540941458127,90.0,0.0
548.3551188910221,91.0,0.0
548.3590685706004,92.0,0.0
548.3595986864161,91.0,0.0
548.3641310723614,90.0,0.0
548.369819170867,91.0,0.0
548.3708042392329,92.0,0.0
548.3741060073403,91.0,0.0
548.3750105647661,92.0,0.0
548.3813798959447,93.0,0.0
548.3838844295054,94.0,0.0
548.3868581412706,93.0,0.0
548.3919212471828,94.0,0.0
548.3925340227511,93.0,0.0
548.393893006593,94.0,0.0
548.3973711190397,95.0,0.0
548.3989967842023,94.0,0.0
548.4065195833795,95.0,0.0
548.414852898103,96.0,0.0
548.418797407231,95.0,0.0
548.418805697789,94.0,0.0
548.4218234297053,95.0,0.0
548.4268692416043,96.0,0.0
548.432089880483,97.0,0.0
548.4340653955691,98.0,0.0
548.4372061775333,97.0,0.0
548.4409102055746,98.0,0.0
548.4441904655079,99.0,0.0
548.4499859898854,100.0,0.0
548.4505668487786,101.0,0.0
548.4523003701609,100.0,0.0
548.4557163398138,99.0,0.0
548.4565542688749,98.0,0.0
548.4579954003774,97.0,0.0
548.4617136384985,98.0,0.0
548.4666400611379,99.0,0.0
548.4730827744879,100.0,0.0
548.4790749058745,101.0,0.0
548.4823635711493,102.0,0.0
548.4847249310043,103.0,0.0
548.4857816912257,102.0,0.0
548.4881772609318,103.0,0.0
548.4883343174415,104.0,0.0
548.4925056805798,103.0,0.0
548.4954600637676,102.0,0.0
548.4969518573724,103.0,0.0
548.4983621351719,104.0,0.0
548.4992599415726,105.0,0.0
548.5089186661771,104.0,0.0
548.5110569407487,103.0,0.0
548.5254589362942,104.0,0.0
548.5268120743058,105.0,0.0
548.5274926829456,104.0,0.0
548.5282462561046,103.0,0.0
548.536946742206,102.0,0.0
548.5545259330152,103.0,0.0
548.5560345049082,104.0,0.0
548.5603705675658,105.0,0.0
548.5638466616772,106.0,0.0
548.5643078040922,105.0,0.0
548.57764376297,104.0,0.0
548.5839816856717,103.0,0.0
548.5847626482151,104.0,0.0
548.5879858318041,105.0,0.0
548.5947586598719,104.0,0.0
548.5952259129883,103.0,0.0
548.5974117931974,104.0,0.0
548.6044710959757,105.0,0.0
548.6083628178628,106.0,0.0
548.6088426856968,105.0,0.0
548.6132117594442,106.0,0.0
548.620161657372,107.0,0.0
548.6243214359497,106.0,0.0
548.6354267295459,105.0,0.0
548.6383935024693,106.0,0.0
548.6397626188434,105.0,0.0
548.6494378295114,104.0,0.0
548.6495439730986,105.0,0.0
548.6625007365576,106.0,0.0
548.6730657209707,105.0,0.0
548.6736258242017,106.0,0.0
548.680053600022,107.0,0.0
548.6905083934139,106.0,0.0
548.6914968538699,107.0,0.0
548.6927259698738,106.0,0.0
548.7071464387477,107.0,0.0
548.7097922511371,106.0,0.0
548.709879988201,107.0,0.0
548.7116648132317,108.0,0.0
548.7146714263964,107.0,0.0
548.7260680486029,106.0,0.0
548.7464767890576,107.0,0.0
548.7503742706349,108.0,0.0
548.7522795259279,107.0,0.0
548.7576557080664,108.0,0.0
548.7652147034097,109.0,0.0
548.7684262672635,110.0,0.0
548.7734127220052,111.0,0.0
548.7767270626881,112.0,0.0
548.7916044055294,111.0,0.0
548.8022451820657,112.0,0.0
548.8095343327526,111.0,0.0
548.8210465723308,110.0,0.0
548.8272656739721,109.0,0.0
548.8283577671433,110.0,0.0
548.8312255025976,109.0,0.0
548.831842043445,108.0,0.0
548.8423689152994,107.0,0.0
548.8542067947327,106.0,0.0
548.8551540655851,107.0,0.0
548.85706413619,108.0,0.0
548.8694634242017,109.0,0.0
548.8726426959138,108.0,0.0
548.8741926302254,109.0,0.0
548.8935812437361,108.0,0.0
548.9006494335291,107.0,0.0
548.9025332735265,108.0,0.0
548.9042283872194,107.0,0.0
548.9096217913628,108.0,0.0
548.910368796694,107.0,0.0
548.9184074712797,108.0,0.0
548.9219286849767,109.0,0.0
548.9245340038087,108.0,0.0
548.9317437730399,107.0,0.0
548.9338673904592,108.0,0.0
548.9366444899246,107.0,0.0
548.943895266776,108.0,0.0
548.9451019111747,109.0,0.0
548.9494362028697,110.0,0.0
548.9528095178052,111.0,0.0
548.9620406434211,110.0,0.0
548.9633612409847,111.0,0.0
548.968578561045,112.0,0.0
548.9725700035071,111.0,0.0
548.9769244874961,112.0,0.0
548.978371068095,111.0,0.0
548.9786906450339,112.0,0.0
548.9847239488672,111.0,0.0
548.9860729485342,112.0,0.0
548.987281575263,113.0,0.0
548.9879617480785,112.0,0.0
548.9964601231118,113.0,0.0
548.9992212724356,114.0,0.0
549.0126331601009,115.0,0.0
549.0214144660605,116.0,0.0
549.0273594184554,117.0,0.0
549.0280972351618,116.0,0.0
549.0340422327636,115.0,0.0
549.0345623620437,116.0,0.0
549.0395060811961,117.0,0.0
549.0440777098959,116.0,0.0
549.0468848316126,117.0,0.0
549.0500897607745,118.0,0.0
549.0531884684307,119.0,0.0
549.0545002763149,120.0,0.0
549.0692413489397,119.0,0.0
549.0770156947543,120.0,0.0
549.0774381798619,119.0,0.0
549.0844366938235,118.0,0.0
549.0852134643314,117.0,0.0
549.0927664913675,118.0,0.0
549.0944531084563,117.0,0.0
549.1095439473102,116.0,0.0
549.1167571704661,117.0,0.0
549.1196026525347,116.0,0.0
549.1253695043118,117.0,0.0
549.1271521072226,118.0,0.0
549.1285012921028,119.0,0.0
549.1305484930903,120.0,0.0
549.1316404648334,121.0,0.0
549.1320769936683,120.0,0.0
549.1327549928691,121.0,0.0
549.1412341483215,120.0,0.0
549.1421940533946,121.0,0.0
549.1433235275437,122.0,0.0
549.1436367906176,121.0,0.0
549.1494186582568,120.0,0.0
549.1579274452379,121.0,0.0
549.1592556371595,122.0,0.0
549.1706034238188,123.0,0.0
549.1834381100331,124.0,0.0
549.1866812523804,123.0,0.0
549.1903702285706,124.0,0.0
549.1973786683978,123.0,0.0
549.2108322081328,124.0,0.0
549.2145648456063,125.0,0.0
549.2188165500978,126.0,0.0
549.2192579044979,125.0,0.0
549.222428038317,124.0,0.0
549.225473909435,123.0,0.0
549.2284164434499,124.0,0.0
549.2313944904191,125.0,0.0
549.2379961334469,126.0,0.0
549.241012073817,127.0,0.0
549.2482659386319,128.0,0.0
549.251994422756,127.0,0.0
549.2625621692516,128.0,0.0
549.265600398606,127.0,0.0
549.2696596817473,128.0,0.0
549.288559292844,129.0,0.0
549.290019040113,128.0,0.0
549.291642390374,127.0,0.0
549.2916541971346,126.0,0.0
549.2941340461016,127.0,0.0
549.3034456213361,128.0,0.0
549.3036118111728,127.0,0.0
549.3118601205092,126.0,0.0
549.31398104047,127.0,0.0
549.3191774285259,126.0,0.0
549.3199845882804,125.0,0.0
549.320425602737,126.0,0.0
549.3218129145238,127.0,0.0
549.3258665376684,128.0,0.0
549.3316679067665,127.0,0.0
549.3333849633933,126.0,0.0
549.3397056651761,127.0,0.0
549.346431216022,128.0,0.0
549.3510835086907,129.0,0.0
549.3539220266334,128.0,0.0
549.3597720202074,129.0,0.0
549.3651978738908,128.0,0.0
549.3673111018504,127.0,0.0
549.3733776880895,128.0,0.0
549.3784457603058,127.0,0.0
549.3857141094403,128.0,0.0
549.3948178155185,129.0,0.0
549.402255466743,130.0,0.0
549.4023017632123,129.0,0.0
549.4039291352836,130.0,0.0
549.4047390913262,131.0,0.0
549.4072351605931,132.0,0.0
549.408195062719,131.0,0.0
549.4175229616756,132.0,0.0
549.4177270009301,133.0,0.0
549.4195054634306,134.0,0.0
549.4210678988859,133.0,0.0
549.4293351402921,134.0,0.0
549.4306891358268,133.0,0.0
549.4380138208903,134.0,0.0
549.4431721266758,135.0,0.0
549.4441495967274,136.0,0.0
549.4533558556582,137.0,0.0
549.4576145197856,138.0,0.0
549.4652286134332,139.0,0.0
549.4658422804334,138.0,0.0
549.4663010215698,137.0,0.0
549.4681886636413,136.0,0.0
549.4759830251127,137.0,0.0
549.4775563814406,138.0,0.0
549.4896788582681,139.0,0.0
549.4907673392543,138.0,0.0
549.5004624069999,139.0,0.0
549.5075335539519,140.0,0.0
549.5091968654947,141.0,0.0
549.5126425565137,142.0,0.0
549.5143374549058,143.0,0.0
549.5191775756535,144.0,0.0
549.5290003477747,143.0,0.0
549.531483630847,142.0,0.0
549.5389826509447,143.0,0.0
549.5400548019223,142.0,0.0
549.5580385291664,143.0,0.0
549.5648717911299,144.0,0.0
549.5691513483918,145.0,0.0
549.5694231744758,144.0,0.0
549.5707286019634,143.0,0.0
549.5781856975441,144.0,0.0
549.5851565641218,145.0,0.0
549.5941289538534,144.0,0.0
549.5979463847493,143.0,0.0
549.5988591312241,142.0,0.0
549.6032508336289,141.0,0.0
549.6053457211881,142.0,0.0
549.6065172745763,141.0,0.0
549.6140299155896,142.0,0.0
549.6150487234518,141.0,0.0
549.6194817479312,142.0,0.0
549.625131309829,143.0,0.0
549.6287194028915,142.0,0.0
549.6307024791944,141.0,0.0
549.6363369719417,142.0,0.0
549.6374588393875,143.0,0.0
549.6416431391845,144.0,0.0
549.6585706780867,145.0,0.0
549.662045814558,146.0,0.0
549.6624470592474,147.0,0.0
549.6630283027324,146.0,0.0
549.6664755973774,145.0,0.0
549.6698770899185,146.0,0.0
549.6711933560487,147.0,0.0
549.6724810648212,148.0,0.0
549.6731486039631,147.0,0.0
549.6758569416893,146.0,0.0
549.6770654195224,145.0,0.0
549.6835455056788,146.0,0.0
549.6881587325393,147.0,0.0
549.6893110707952,148.0,0.0
549.6967860653716,147.0,0.0
549.6991764544682,146.0,0.0
549.6995546334873,147.0,0.0
549.708162038867,148.0,0.0
549.7150198275814,147.0,0.0
549.7175479320099,148.0,0.0
549.7202022644714,147.0,0.0
549.7205797127908,146.0,0.0
549.7225922898974,145.0,0.0
549.7228429020671,146.0,0.0
549.7236787814362,145.0,0.0
549.7260341365507,146.0,0.0
549.7361020698416,145.0,0.0
549.7364324541952,144.0,0.0
549.7445149954794,143.0,0.0
549.7519545206568,144.0,0.0
549.7537876569853,143.0,0.0
549.7558404633324,144.0,0.0
549.7615097177816,145.0,0.0
549.763756597862,146.0,0.0
549.7676110852977,145.0,0.0
549.7765544175123,144.0,0.0
549.7789876926106,143.0,0.0
549.7823655274306,142.0,0.0
549.7845838063661,141.0,0.0
549.7875834242883,140.0,0.0
549.791778118666,141.0,0.0
549.7971080769951,140.0,0.0
549.7972528608851,141.0,0.0
549.802845615206,142.0,0.0
549.8087660668442,143.0,0.0
549.8098667979255,144.0,0.0
549.8116251611627,143.0,0.0
549.8139561118434,142.0,0.0
549.8171775422747,141.0,0.0
549.8211485732531,142.0,0.0
549.8320036904772,143.0,0.0
549.8336830771306,144.0,0.0
549.836001625612,145.0,0.0
549.838301252018,146.0,0.0
549.8385701903948,147.0,0.0
549.8390206152256,146.0,0.0
549.8524098016641,145.0,0.0
549.8562614134004,146.0,0.0
549.8697121840912,147.0,0.0
549.8717198754125,146.0,0.0
549.8737638032782,145.0,0.0
549.8792789419449,144.0,0.0
549.8893677576045,143.0,0.0
549.9008908441074,142.0,0.0
549.904935816238,141.0,0.0
549.9064843313158,140.0,0.0
549.9087682913229,141.0,0.0
549.919322895628,142.0,0.0
549.922676196853,141.0,0.0
549.929832773846,140.0,0.0
549.934867245315,139.0,0.0
549.9380769276422,140.0,0.0
549.9414012550226,139.0,0.0
549.9417358826405,138.0,0.0
549.9423398174823,137.0,0.0
549.9433096439901,136.0,0.0
549.9474160561587,137.0,0.0
549.9516536435071,138.0,0.0
549.9611818102655,137.0,0.0
549.9619111760037,136.0,0.0
549.9711125650724,137.0,0.0
549.9711759367002,136.0,0.0
549.9856785080337,137.0,0.0
549.9884611060177,138.0,0.0
549.9962009214989,139.0,0.0
549.9967373473738,140.0,0.0
549.9995792911088,141.0,0.0
550.0145176850931,140.0,0.0
550.0165095928774,141.0,0.0
550.0173159845865,142.0,0.0
550.0238651499726,141.0,0.0
550.0273613969354,140.0,0.0
550.0314130510998,141.0,0.0
550.0413451419324,142.0,0.0
550.0415242675608,143.0,0.0
550.0770446941893,142.0,0.0
550.078128003482,143.0,0.0
550.0798960408872,144.0,0.0
550.0807186007049,145.0,0.0
550.0949949998682,146.0,0.0
550.1018424244245,145.0,0.0
550.1124434840306,146.0,0.0
550.117030718919,145.0,0.0
550.1175346425432,144.0,0.0
550.1190276909408,143.0,0.0
550.1234286650547,142.0,0.0
550.125750434462,143.0,0.0
550.1306161107982,142.0,0.0
550.1371538233217,141.0,0.0
550.1425468953958,142.0,0.0
550.1487586637226,143.0,0.0
550.1587116127232,142.0,0.0
550.1592909107094,143.0,0.0
550.1665190182322,144.0,0.0
550.1678592173615,145.0,0.0
550.1684864489158,144.0,0.0
550.1835147420996,143.0,0.0
550.1845992370143,142.0,0.0
550.1858632641064,141.0,0.0
550.1982740661824,142.0,0.0
550.20237066057,141.0,0.0
550.2025141529145,140.0,0.0
550.2094668613264,141.0,0.0
550.2157011080666,142.0,0.0
550.2232678800011,143.0,0.0
550.2340271933991,142.0,0.0
550.2431049515274,141.0,0.0
550.2498910579407,140.0,0.0
550.2505719479702,139.0,0.0
550.25759172842,138.0,0.0
550.2645390892277,139.0,0.0
550.2693276001712,140.0,0.0
550.2702406338034,139.0,0.0
550.2708640437928,138.0,0.0
550.2813411934092,139.0,0.0
550.2834976852657,140.0,0.0
550.2836581043146,141.0,0.0
550.2844409647872,142.0,0.0
550.2880053960438,141.0,0.0
550.2882995663969,140.0,0.0
550.2908760215917,139.0,0.0
550.2928183500247,140.0,0.0
550.2947493565416,141.0,0.0
550.3011542159509,140.0,0.0
550.3058140660172,141.0,0.0
550.3062033264747,142.0,0.0
550.3062209688783,143.0,0.0
550.3156536598982,144.0,0.0
550.3217172538467,145.0,0.0
550.3232806707754,144.0,0.0
550.3268329060231,143.0,0.0
550.3281564983905,144.0,0.0
550.3318492782431,143.0,0.0
550.3426642293355,144.0,0.0
550.3441049719781,143.0,0.0
550.3443676770604,144.0,0.0
550.3452417343536,143.0,0.0
550.3473781718384,142.0,0.0
550.3478376826255,143.0,0.0
550.3483025545013,144.0,0.0
550.3488423280669,143.0,0.0
550.3648173020828,142.0,0.0
550.3669927805236,141.0,0.0
550.3672211819096,142.0,0.0
550.3695043754158,143.0,0.0
550.3759308713958,144.0,0.0
550.3925750803635,143.0,0.0
550.3927275122729,144.0,0.0
550.3928031254563,143.0,0.0
550.3991949660747,142.0,0.0
550.3996869154076,143.0,0.0
550.3996887219153,144.0,0.0
550.4044124319743,145.0,0.0
550.4047327256835,144.0,0.0
550.4052000413017,143.0,0.0
550.4138015831224,142.0,0.0
550.4151398577261,141.0,0.0
550.419283464177,142.0,0.0
550.4220310425675,143.0,0.0
550.4314313251142,144.0,0.0
550.4316522404514,143.0,0.0
550.4341110033066,142.0,0.0
550.435872032239,141.0,0.0
550.4400156079233,142.0,0.0
550.4469372337555,143.0,0.0
550.4511470907721,142.0,0.0
550.451154557176,143.0,0.0
550.4525190274161,142.0,0.0
550.4571509967965,141.0,0.0
550.4576089643026,142.0,0.0
550.4877262918175,143.0,0.0
550.4921412521318,144.0,0.0
550.4952364644449,143.0,0.0
550.50024970063,142.0,0.0
550.5081055366293,143.0,0.0
550.5137475865442,142.0,0.0
550.5156371827094,143.0,0.0
550.5273629875956,144.0,0.0
550.5296401030184,145.0,0.0
550.533698528703,146.0,0.0
550.5340296087195,147.0,0.0
550.53749497543,148.0,0.0
550.5413542253879,147.0,0.0
550.5423073631712,148.0,0.0
550.5504154212772,147.0,0.0
550.5530437350454,148.0,0.0
550.5546389317984,147.0,0.0
550.5569048862358,146.0,0.0
550.5659733692951,147.0,0.0
550.5702104048836,148.0,0.0
550.5725144183094,147.0,0.0
550.5734733688543,148.0,0.0
550.575558863156,149.0,0.0
550.5778082042981,150.0,0.0
550.5815435131769,149.0,0.0
550.5860375972965,150.0,0.0
550.5862767833911,151.0,0.0
550.5894048288795,152.0,0.0
550.5953450094689,151.0,0.0
550.6037007251052,152.0,0.0
550.604348869815,153.0,0.0
550.6043916469501,154.0,0.0
550.6050318580615,155.0,0.0
550.6108989797149,156.0,0.0
550.6126163266916,157.0,0.0
550.6198428798169,158.0,0.0
550.6230325488709,159.0,0.0
550.6245999014799,158.0,0.0
550.6403971018898,157.0,0.0
550.6470399265387,158.0,0.0
550.6520253777727,159.0,0.0
550.6547827342625,158.0,0.0
550.6609530437523,157.0,0.0
550.6808706280557,158.0,0.0
550.6979258293325,157.0,0.0
550.7033014137477,158.0,0.0
550.7038226505567,157.0,0.0
550.7062172220993,156.0,0.0
550.7067007836339,157.0,0.0
550.7126356902886,158.0,0.0
550.7192742681239,159.0,0.0
550.7219511026021,160.0,0.0
550.735678392865,161.0,0.0
550.7441187194021,162.0,0.0
550.7460965080675,161.0,0.0
550.7484640540207,162.0,0.0
550.7498388259035,163.0,0.0
550.7538747164888,164.0,0.0
550.7575771719952,163.0,0.0
550.7667255813795,162.0,0.0
550.7685729939592,161.0,0.0
550.7697593447913,162.0,0.0
550.7722642601996,163.0,0.0
550.7783705815302,162.0,0.0
550.7858685741071,163.0,0.0
550.7860271615616,164.0,0.0
550.7881566532362,165.0,0.0
550.7946462964694,166.0,0.0
550.7976517606779,165.0,0.0
550.8012332415473,166.0,0.0
550.8062329893191,167.0,0.0
550.8243463243795,166.0,0.0
550.8246839864205,165.0,0.0
550.8255171195631,166.0,0.0
550.8294826972312,165.0,0.0
550.8335881623904,164.0,0.0
550.8397769898638,163.0,0.0
550.8576056875529,162.0,0.0
550.8582851495111,163.0,0.0
550.859379039868,164.0,0.0
550.8610689538696,165.0,0.0
550.8703524809888,164.0,0.0
550.876452047273,165.0,0.0
550.8779657874477,164.0,0.0
550.8797608854328,165.0,0.0
550.8806890125345,166.0,0.0
550.8810768896601,167.0,0.0
550.8813696150899,168.0,0.0
550.8933243087679,167.0,0.0
550.9043521502293,166.0,0.0
550.9092940826212,165.0,0.0
550.9113725714528,166.0,0.0
550.9155692920489,167.0,0.0
550.9167793022146,166.0,0.0
550.917641372706,167.0,0.0
550.9191833671629,168.0,0.0
550.9204517760089,167.0,0.0
550.9310495003253,168.0,0.0
550.9367918923716,169.0,0.0
550.937134403392,170.0,0.0
550.9378079681527,171.0,0.0
550.9389118854566,170.0,0.0
550.9550688246356,171.0,0.0
550.9551203453293,172.0,0.0
550.9557867530615,173.0,0.0
550.9717263325881,174.0,0.0
550.974029332993,175.0,0.0
550.9759571036915,176.0,0.0
550.9781009882206,175.0,0.0
550.9810070722544,176.0,0.0
550.9872555115517,177.0,0.0
550.9880446337224,178.0,0.0
550.9942026562946,177.0,0.0
550.9997337506063,178.0,0.0
551.0213977487285,179.0,0.0
551.025345314695,178.0,0.0
551.0381295171766,179.0,0.0
551.0386072619365,178.0,0.0
551.0443829855665,179.0,0.0
551.0484149256037,178.0,0.0
551.0698319877595,177.0,0.0
551.0843627709817,176.0,0.0
551.0943948428401,175.0,0.0
551.0991393979787,174.0,0.0
551.1002113691732,175.0,0.0
551.1022658615848,176.0,0.0
551.1082511282465,175.0,0.0
551.1117933471901,174.0,0.0
551.1128205658831,173.0,0.0
551.112881255837,174.0,0.0
551.1260193377457,175.0,0.0
551.1470275167777,174.0,0.0
551.150283122075,175.0,0.0
551.1530954187499,176.0,0.0
551.155083861534,175.0,0.0
551.1592033220738,176.0,0.0
551.1744340893603,175.0,0.0
551.1796841466005,176.0,0.0
551.1814319055648,177.0,0.0
551.1872881799819,178.0,0.0
551.1880011233702,179.0,0.0
551.1950553939795,180.0,0.0
551.2025253494647,181.0,0.0
551.2082776050936,182.0,0.0
551.2137565380061,183.0,0.0
551.222698789043,184.0,0.0
551.2238214568011,183.0,0.0
551.2286259399766,182.0,0.0
551.228801292959,183.0,0.0
551.2333489885397,184.0,0.0
551.2404856540584,183.0,0.0
551.257549988916,184.0,0.0
551.2597590922459,185.0,0.0
551.2657856421592,184.0,0.0
551.2673234589603,185.0,0.0
551.2727152189424,184.0,0.0
551.2731268647216,185.0,0.0
551.2771261296814,184.0,0.0
551.2835860615386,185.0,0.0
551.2898862870359,184.0,0.0
551.2959554997982,185.0,0.0
551.2971178942676,184.0,0.0
551.2994472113365,185.0,0.0
551.3018254474513,184.0,0.0
551.3062631721033,183.0,0.0
551.3075881392563,184.0,0.0
551.3169579221791,185.0,0.0
551.3170735159663,184.0,0.0
551.3225945344844,185.0,0.0
551.3227543020604,184.0,0.0
551.3257965737874,183.0,0.0
551.3311038142867,184.0,0.0
551.332541840352,183.0,0.0
551.3368330427846,182.0,0.0
551.3425527169335,181.0,0.0
551.3631817918791,182.0,0.0
551.3705408597499,183.0,0.0
551.3707887736989,182.0,0.0
551.3718719398958,183.0,0.0
551.3732687021106,184.0,0.0
551.3739134584791,185.0,0.0
551.3830009953298,186.0,0.0
551.3886438749994,187.0,0.0
551.3887826329071,186.0,0.0
551.3946283350078,185.0,0.0
551.397862573596,184.0,0.0
551.4019508078255,185.0,0.0
551.4034749655567,186.0,0.0
551.4081300218656,187.0,0.0
551.4084596823567,188.0,0.0
551.4110692015802,187.0,0.0
551.4118787974583,188.0,0.0
551.4130877745229,187.0,0.0
551.420067564819,188.0,0.0
551.4289798807,189.0,0.0
551.4300211804186,190.0,0.0
551.4346609168279,189.0,0.0
551.4391780747949,190.0,0.0
551.443121078103,189.0,0.0
551.4538414618426,188.0,0.0
551.4567927272268,189.0,0.0
551.4599037630485,190.0,0.0
551.4645848562448,191.0,0.0
551.4735164478215,192.0,0.0
551.48660294553,191.0,0.0
551.4895659346615,190.0,0.0
551.4916524832653,189.0,0.0
551.4922739836933,188.0,0.0
551.492979234314,189.0,0.0
551.5033479430267,190.0,0.0
551.5155753280079,191.0,0.0
551.5211146777435,190.0,0.0
551.5221029848967,191.0,0.0
551.5388053158719,192.0,0.0
551.5423058048357,191.0,0.0
551.5456558999616,192.0,0.0
551.5494688955273,191.0,0.0
551.5499502581123,192.0,0.0
551.5504273083625,193.0,0.0
551.5514178858641,192.0,0.0
551.5522571291158,193.0,0.0
551.5543113741915,194.0,0.0
551.5564141651636,195.0,0.0
551.5577452138419,194.0,0.0
551.559851513779,193.0,0.0
551.5632368551022,194.0,0.0
551.5634944065898,195.0,0.0
551.564002238496,194.0,0.0
551.5647669650798,193.0,0.0
551.5736715472092,194.0,0.0
551.5747688455685,195.0,0.0
551.5755466356705,194.0,0.0
551.5799049980151,195.0,0.0
551.5812752270843,194.0,0.0
551.5826857808978,195.0,0.0
551.5869750407111,194.0,0.0
551.5890670773894,193.0,0.0
551.610355347258,192.0,0.0
551.61178630784,191.0,0.0
551.6202076098251,190.0,0.0
551.6256271024552,189.0,0.0
551.6327732380965,188.0,0.0
551.6329366671318,187.0,0.0
551.633645490371,188.0,0.0
551.6354590643907,187.0,0.0
551.636042238998,188.0,0.0
551.6380769445539,189.0,0.0
551.6552743934901,188.0,0.0
551.6565790173357,187.0,0.0
551.6765726788794,186.0,0.0
551.6777926313213,187.0,0.0
551.6790129005559,186.0,0.0
551.6930570223212,185.0,0.0
551.703451313876,186.0,0.0
551.7117704395368,185.0,0.0
551.7122923495267,186.0,0.0
551.7153626690621,185.0,0.0
551.7162742466763,184.0,0.0
551.7219238308946,183.0,0.0
551.7254140398024,184.0,0.0
551.7351651598749,185.0,0.0
551.7367950859033,186.0,0.0
551.7384122284423,187.0,0.0
551.7406615431718,186.0,0.0
551.7449479703681,185.0,0.0
551.7485790467251,186.0,0.0
551.7497449460518,185.0,0.0
551.761305699441,184.0,0.0
551.7662833765573,185.0,0.0
551.7723644629458,186.0,0.0
551.78523882102,187.0,0.0
551.7859830310013,188.0,0.0
551.7894562175217,189.0,0.0
551.7948717042965,188.0,0.0
551.8032034307017,187.0,0.0
551.8051229422082,186.0,0.0
551.8161601458773,185.0,0.0
551.823650276653,184.0,0.0
551.8330152360201,185.0,0.0
551.8376241337044,186.0,0.0
551.8421158641366,185.0,0.0
551.8504404524916,186.0,0.0
551.8550385731128,187.0,0.0
551.856925766173,186.0,0.0
551.8577940766396,185.0,0.0
551.8590322282446,186.0,0.0
551.8670790553482,185.0,0.0
551.8688307589556,184.0,0.0
551.8786941262604,185.0,0.0
551.8888040627578,184.0,0.0
551.8955272486926,183.0,0.0
551.9112562261215,182.0,0.0
551.9158116859567,183.0,0.0
551.9231005540953,182.0,0.0
551.9233331767988,181.0,0.0
551.923560164024,180.0,0.0
551.925887468327,181.0,0.0
551.9350094537984,180.0,0.0
551.9528044546917,179.0,0.0
551.9857597136189,178.0,0.0
551.9875594561283,179.0,0.0
552.0056516680553,180.0,0.0
552.0095047246086,181.0,0.0
552.0098645794764,180.0,0.0
552.0165991825321,179.0,0.0
552.019533315346,178.0,0.0
552.0253120992337,179.0,0.0
552.0268938626075,178.0,0.0
552.0322172284739,177.0,0.0
552.0336980634567,178.0,0.0
552.0377067671975,177.0,0.0
552.0416992093784,178.0,0.0
552.0419684774436,177.0,0.0
552.0428643234438,176.0,0.0
552.0492596278899,177.0,0.0
552.0508861370301,176.0,0.0
552.0541514259509,175.0,0.0
552.0553088125504,174.0,0.0
552.061945027697,175.0,0.0
552.0632266893538,174.0,0.0
552.0667604921463,173.0,0.0
552.0713558869951,172.0,0.0
552.0794705898458,173.0,0.0
552.080468245546,172.0,0.0
552.0824225499161,173.0,0.0
552.0902757177406,172.0,0.0
552.0931765937617,171.0,0.0
552.0934743986893,170.0,0.0
552.0961540655197,169.0,0.0
552.103748392149,168.0,0.0
552.1049548628106,169.0,0.0
552.1276663590694,170.0,0.0
552.1312075231883,169.0,0.0
552.1546043285637,170.0,0.0
552.1668761261476,171.0,0.0
552.1691543341327,172.0,0.0
552.1697177768294,171.0,0.0
552.1710368453365,172.0,0.0
552.1728549419155,171.0,0.0
552.1982194672039,170.0,0.0
552.2088667342832,169.0,0.0
552.2244007515662,170.0,0.0
552.2418077484308,171.0,0.0
552.2422769505002,172.0,0.0
552.24515114032,173.0,0.0
552.2490975849049,172.0,0.0
552.2525137278022,173.0,0.0
552.2581635891962,174.0,0.0
552.2666102150246,175.0,0.0
552.2688316527683,174.0,0.0
552.276334901599,173.0,0.0
552.2767567615114,172.0,0.0
552.2768390725231,171.0,0.0
552.2829206775779,172.0,0.0
552.2885860004675,173.0,0.0
552.2924055590637,174.0,0.0
552.2926152856036,173.0,0.0
552.2946196708582,174.0,0.0
552.2974775755819,173.0,0.0
552.2987473301678,172.0,0.0
552.3001902179966,171.0,0.0
552.303512020675,170.0,0.0
552.3079864353151,171.0,0.0
552.314048691068,172.0,0.0
552.3187598820425,173.0,0.0
552.3188318957789,172.0,0.0
552.3299795842138,171.0,0.0
552.3315485844888,172.0,0.0
552.3346386461584,171.0,0.0
552.3380402268572,172.0,0.0
552.3456641220741,173.0,0.0
552.3487666311537,172.0,0.0
552.3488881940716,173.0,0.0
552.3515176786179,172.0,0.0
552.351700678786,171.0,0.0
552.3526548344377,170.0,0.0
552.3680124660262,169.0,0.0
552.3705083037238,168.0,0.0
552.3705557106168,169.0,0.0
552.3890639003712,168.0,0.0
552.3969032518598,169.0,0.0
552.3977446816797,168.0,0.0
552.4014992940604,167.0,0.0
552.409665232094,168.0,0.0
552.4113715179875,169.0,0.0
552.412525509599,170.0,0.0
552.4142274306886,169.0,0.0
552.4154933568356,168.0,0.0
552.4200582602394,167.0,0.0
552.4212827030581,168.0,0.0
552.4224189774416,167.0,0.0
552.4260288211864,166.0,0.0
552.441570991332,165.0,0.0
552.4440410708789,164.0,0.0
552.4443338240656,163.0,0.0
552.4554264625899,162.0,0.0
552.4584533047733,161.0,0.0
552.4743780861512,162.0,0.0
552.4859157537172,161.0,0.0
552.4912587547805,160.0,0.0
552.4916077296252,161.0,0.0
552.4986632295693,162.0,0.0
552.5010132452448,161.0,0.0
552.5057793737201,162.0,0.0
552.5087471900185,163.0,0.0
552.5207886738884,162.0,0.0
552.5260124431297,161.0,0.0
552.5383587840862,162.0,0.0
552.5439551756574,163.0,0.0
552.5517788930722,164.0,0.0
552.5544993021202,163.0,0.0
552.560040033605,164.0,0.0
552.5622451406446,165.0,0.0
552.5778562976284,164.0,0.0
552.5902255732575,163.0,0.0
552.5939363957414,162.0,0.0
552.6059134074281,163.0,0.0
552.6174401557026,162.0,0.0
552.6340902430643,163.0,0.0
552.6387660103373,162.0,0.0
552.640913993021,161.0,0.0
552.6435144928688,160.0,0.0
552.6452063531844,161.0,0.0
552.6536783137531,162.0,0.0
552.6629316399254,161.0,0.0
552.667161819114,162.0,0.0
552.6757545017932,163.0,0.0
552.6886429396019,162.0,0.0
552.6967460993632,161.0,0.0
552.7110444047006,162.0,0.0
552.7158694206604,161.0,0.0
552.7225266994237,162.0,0.0
552.7256946654667,163.0,0.0
552.7328053059008,164.0,0.0
552.7334023463355,163.0,0.0
552.7351917935547,162.0,0.0
552.735998442191,161.0,0.0
552.7447340959993,160.0,0.0
552.7509574390576,159.0,0.0
552.7527845296502,160.0,0.0
552.7531758839573,161.0,0.0
552.7608848366702,160.0,0.0
552.7673920002525,161.0,0.0
552.7678738425526,162.0,0.0
552.7693470338745,161.0,0.0
552.771694074445,160.0,0.0
552.7759205706787,159.0,0.0
552.7899585954218,160.0,0.0
552.7923295205636,161.0,0.0
552.7960374058015,160.0,0.0
552.8096071563457,159.0,0.0
552.8201882209991,160.0,0.0
552.8233199777301,159.0,0.0
552.8245949083887,158.0,0.0
552.8274651648044,157.0,0.0
552.8323604615221,156.0,0.0
552.8375127987489,157.0,0.0
552.8406307559667,158.0,0.0
552.8412615583194,159.0,0.0
552.8413723130926,160.0,0.0
552.8483607612967,159.0,0.0
552.8493142638516,158.0,0.0
552.856363169992,157.0,0.0
552.8606650802382,156.0,0.0
552.8620844299166,155.0,0.0
552.8700357072652,154.0,0.0
552.8712664767983,155.0,0.0
552.873114936968,154.0,0.0
552.8890804406739,155.0,0.0
552.8949888642738,154.0,0.0
552.8958636516331,155.0,0.0
552.8968032443213,154.0,0.0
552.9025333411748,155.0,0.0
552.9033201067789,154.0,0.0
552.9072994277581,155.0,0.0
552.9094704634748,156.0,0.0
552.9101942956731,157.0,0.0
552.9124682968526,156.0,0.0
552.924778568827,155.0,0.0
552.927423524033,156.0,0.0
552.9516871854206,155.0,0.0
552.9520947947196,154.0,0.0
552.9532304975409,153.0,0.0
552.953880237843,154.0,0.0
552.9592789049549,155.0,0.0
552.9607241772284,154.0,0.0
552.9708146489568,153.0,0.0
552.9714278975445,152.0,0.0
552.9789780710948,151.0,0.0
552.9806913197139,150.0,0.0
552.9814860468987,151.0,0.0
552.9878482921504,150.0,0.0
552.9907623686445,151.0,0.0
552.9984988142286,152.0,0.0
552.9988999076729,153.0,0.0
553.0067476180143,152.0,0.0
553.0167637984505,151.0,0.0
553.0185966305272,150.0,0.0
553.0231218909917,149.0,0.0
553.0276860262777,148.0,0.0
553.0336467979342,147.0,0.0
553.0349887958095,148.0,0.0
553.0352403302074,147.0,0.0
553.0392009402516,146.0,0.0
553.0421559490454,145.0,0.0
553.0444896263893,146.0,0.0
553.049774574624,147.0,0.0
553.0645325788678,148.0,0.0
553.0793553446683,149.0,0.0
553.0794948775515,148.0,0.0
553.0861230853296,149.0,0.0
553.0883494887214,150.0,0.0
553.0929909225353,149.0,0.0
553.0931988710541,148.0,0.0
553.1107837421089,147.0,0.0
553.1113575926097,146.0,0.0
553.1137167303923,147.0,0.0
553.1145470951759,146.0,0.0
553.1178688841196,145.0,0.0
553.122673076302,144.0,0.0
553.1234118907983,145.0,0.0
553.125009080042,146.0,0.0
553.1253259954018,145.0,0.0
553.127644975406,146.0,0.0
553.14324805314,145.0,0.0
553.1603164244032,144.0,0.0
553.1626262690307,143.0,0.0
553.1676391406196,142.0,0.0
553.1692924345442,141.0,0.0
553.1759418940551,140.0,0.0
553.1784138833243,141.0,0.0
553.1863861964167,142.0,0.0
553.1894141457701,141.0,0.0
553.1901071746353,140.0,0.0
553.1917791106226,141.0,0.0
553.19534720755,140.0,0.0
553.1954343726592,141.0,0.0
553.1984824890004,142.0,0.0
553.2012511784653,143.0,0.0
553.2051249472852,142.0,0.0
553.2093888914906,141.0,0.0
553.2150281431367,140.0,0.0
553.2362067612437,139.0,0.0
553.2370282338052,140.0,0.0
553.25187785534,141.0,0.0
553.256352769366,140.0,0.0
553.2645529466329,139.0,0.0
553.2701216354061,138.0,0.0
553.270575269195,139.0,0.0
553.2745628067753,138.0,0.0
553.3101613103876,137.0,0.0
553.310315832685,138.0,0.0
553.3181901985533,137.0,0.0
553.3313364108254,136.0,0.0
553.3317220945816,137.0,0.0
553.3353069549099,136.0,0.0
553.3366093257065,137.0,0.0
553.3378920977109,136.0,0.0
553.3501631970576,137.0,0.0
553.3649891217705,138.0,0.0
553.3704392914335,139.0,0.0
553.3735676949487,140.0,0.0
553.378895071167,141.0,0.0
553.3814787200238,140.0,0.0
553.3860369934982,139.0,0.0
553.3933804757247,138.0,0.0
553.4066077843413,139.0,0.0
553.4093774824654,138.0,0.0
553.4096836191899,137.0,0.0
553.4165089331843,138.0,0.0
553.425475969783,139.0,0.0
553.4313082471934,140.0,0.0
553.4329218917393,139.0,0.0
553.4416089103239,140.0,0.0
553.4530706553713,139.0,0.0
553.4674024343421,138.0,0.0
553.4719684350226,139.0,0.0
553.4734148231556,140.0,0.0
553.4830263208593,141.0,0.0
553.4898271381409,142.0,0.0
553.494967244392,141.0,0.0
553.4972472432552,140.0,0.0
553.5017652171972,141.0,0.0
553.5028891766377,140.0,0.0
553.504253808281,139.0,0.0
553.5104730296503,138.0,0.0
553.5165911564474,137.0,0.0
553.5189746056964,136.0,0.0
553.5202394262387,137.0,0.0
553.5271371501319,136.0,0.0
553.5337839696514,135.0,0.0
553.5348485714401,134.0,0.0
553.5361633274485,135.0,0.0
553.5381623744247,136.0,0.0
553.5382951300528,137.0,0.0
553.5424832866133,136.0,0.0
553.558847479813,137.0,0.0
553.560001205182,138.0,0.0
553.5604939924256,137.0,0.0
553.5627091833311,136.0,0.0
553.5689542222312,135.0,0.0
553.5702256026287,134.0,0.0
553.5753560603898,133.0,0.0
553.5808415669404,132.0,0.0
553.5956231825875,131.0,0.0
553.5966049916882,130.0,0.0
553.6003127283526,129.0,0.0
553.600880790092,128.0,0.0
553.6015990821221,127.0,0.0
553.6085167747034,128.0,0.0
553.6150172837899,129.0,0.0
553.6158134053874,128.0,0.0
553.6348622590345,129.0,0.0
553.6362035210568,128.0,0.0
553.6474058133339,127.0,0.0
553.6484970287503,128.0,0.0
553.6489183960965,129.0,0.0
553.6516549207488,128.0,0.0
553.6628399761337,127.0,0.0
553.6807530108648,126.0,0.0
553.6930031181357,125.0,0.0
553.6969789771476,124.0,0.0
553.6992640776309,123.0,0.0
553.7023035496003,122.0,0.0
553.7057278635885,121.0,0.0
553.7090668820061,120.0,0.0
553.709882984279,121.0,0.0
553.7172579894226,122.0,0.0
553.7178333786721,123.0,0.0
553.7216882415241,122.0,0.0
553.7227746625894,121.0,0.0
553.7234517228293,122.0,0.0
553.726121548388,123.0,0.0
553.7262028804494,124.0,0.0
553.7415261745832,123.0,0.0
553.7431919851344,124.0,0.0
553.7575531471304,123.0,0.0
553.7583048170102,124.0,0.0
553.7600762944852,125.0,0.0
553.7626570158833,124.0,0.0
553.772792442473,123.0,0.0
553.7763960585955,122.0,0.0
553.7776071359515,121.0,0.0
553.77775648937,120.0,0.0
553.7875120283278,121.0,0.0
553.7881714130604,120.0,0.0
553.7983894540577,121.0,0.0
553.7992099544105,122.0,0.0
553.8106160774608,121.0,0.0
553.8280550669417,122.0,0.0
553.8301014244142,121.0,0.0
553.8315325041018,120.0,0.0
553.8345841608901,121.0,0.0
553.8419157252123,120.0,0.0
553.8428255831435,121.0,0.0
553.846610551179,120.0,0.0
553.8556152903118,121.0,0.0
553.8703807707511,120.0,0.0
553.872060412632,119.0,0.0
553.8735752914665,118.0,0.0
553.9123046271951,117.0,0.0
553.9142642949815,118.0,0.0
553.9211725199389,119.0,0.0
553.9267269588998,120.0,0.0
553.9327775366006,119.0,0.0
553.9642360511851,120.0,0.0
553.968675456361,119.0,0.0
553.9697956149926,120.0,0.0
553.9700350236411,119.0,0.0
553.9704382065836,120.0,0.0
553.9733189714582,121.0,0.0
553.9751225976127,122.0,0.0
553.9760278384407,121.0,0.0
553.9781837347261,122.0,0.0
553.9833037474023,123.0,0.0
553.9878394825889,122.0,0.0
553.9942875684103,121.0,0.0
553.994428906593,120.0,0.0
553.9958465229705,119.0,0.0
553.9994163099618,120.0,0.0
554.0048545488528,121.0,0.0
554.0093029473353,122.0,0.0
554.0098362906632,121.0,0.0
554.0155517206404,120.0,0.0
554.022368947371,119.0,0.0
554.0397862457457,120.0,0.0
554.0415332001576,121.0,0.0
554.0457568536975,120.0,0.0
554.0494509222766,119.0,0.0
554.0563234501076,120.0,0.0
554.0579860518193,119.0,0.0
554.0584879713696,118.0,0.0
554.0618534699955,117.0,0.0
554.085778391126,116.0,0.0
554.0858103866368,117.0,0.0
554.0926287542771,116.0,0.0
554.0989253656875,115.0,0.0
554.1149683496272,114.0,0.0
554.1282171325976,115.0,0.0
554.1292152969868,116.0,0.0
554.1295782468217,117.0,0.0
554.1302211474236,116.0,0.0
554.1402449026864,115.0,0.0
554.148046361213,114.0,0.0
554.1512866343837,115.0,0.0
554.1700621348809,116.0,0.0
554.1770118059678,117.0,0.0
554.1815892946028,118.0,0.0
554.1841233185702,117.0,0.0
554.193645914328,116.0,0.0
554.1954471675991,117.0,0.0
554.2027538174108,116.0,0.0
554.2091858622915,115.0,0.0
554.2125480015367,114.0,0.0
554.2192177248054,113.0,0.0
554.2265376224472,112.0,0.0
554.2297538739897,111.0,0.0
554.232030624933,110.0,0.0
554.2334070518416,111.0,0.0
554.2336946075466,110.0,0.0
554.2434200396144,111.0,0.0
554.2478390261365,110.0,0.0
554.2582125277852,109.0,0.0
554.272822758864,108.0,0.0
554.2943310758104,107.0,0.0
554.3012610087666,106.0,0.0
554.3016510167294,107.0,0.0
554.3051987140248,106.0,0.0
554.3091335319383,105.0,0.0
554.3235094204072,104.0,0.0
554.3310213778017,103.0,0.0
554.3479967265217,102.0,0.0
554.3545035813269,103.0,0.0
554.3643209782837,102.0,0.0
554.3657721583877,101.0,0.0
554.3786227503278,102.0,0.0
554.3789863331797,103.0,0.0
554.3865361571337,102.0,0.0
554.3888424647232,103.0,0.0
554.397922082899,104.0,0.0
554.4004310530546,103.0,0.0
554.4056800015867,102.0,0.0
554.421321881355,101.0,0.0
554.4233470093953,102.0,0.0
554.4454246352326,101.0,0.0
554.4569338440131,100.0,0.0
554.457446027711,99.0,0.0
554.4616205140658,100.0,0.0
554.4653900768201,99.0,0.0
554.4693310632205,98.0,0.0
554.4719625532196,97.0,0.0
554.4775282336906,96.0,0.0
554.4792858785543,97.0,0.0
554.4960479259,96.0,0.0
554.501009413411,95.0,0.0
554.5066547115109,94.0,0.0
554.5096889422949,93.0,0.0
554.5299811620289,92.0,0.0
554.5723773361412,91.0,0.0
554.5772545903259,90.0,0.0
554.5775797528798,91.0,0.0
554.6114765320432,92.0,0.0
554.6147937771908,91.0,0.0
554.6162949731906,92.0,0.0
554.6275908890453,91.0,0.0
554.6366572641637,90.0,0.0
554.6552519753404,89.0,0.0
554.6656029452605,88.0,0.0
554.708209409185,89.0,0.0
554.7140550328559,90.0,0.0
554.7142163160976,89.0,0.0
554.7201699754734,88.0,0.0
554.7386272029727,87.0,0.0
554.7401397113044,86.0,0.0
554.7481118749762,85.0,0.0
554.7526168857485,86.0,0.0
554.7793461636687,87.0,0.0
554.7807415471038,86.0,0.0
554.7887696700385,85.0,0.0
554.7925398623549,86.0,0.0
554.8129561292611,87.0,0.0
554.8138403191489,86.0,0.0
554.8194712280911,87.0,0.0
554.8224850473697,86.0,0.0
554.8388439978205,85.0,0.0
554.8398563403068,86.0,0.0
554.8588232471936,87.0,0.0
554.8725922050106,86.0,0.0
554.8732611986137,85.0,0.0
554.8792294009568,86.0,0.0
554.8797680484242,85.0,0.0
554.8872393150272,84.0,0.0
554.89626525551,83.0,0.0
554.8979007195547,82.0,0.0
554.9098813519518,81.0,0.0
554.9167608060123,82.0,0.0
554.9184647126258,81.0,0.0
554.9348513080266,82.0,0.0
554.9430896093603,83.0,0.0
554.948627781824,82.0,0.0
554.9539024127073,83.0,0.0
554.9588860504476,82.0,0.0
554.9636390462947,83.0,0.0
554.9711606617365,82.0,0.0
554.9728658790032,81.0,0.0
554.9802834876209,80.0,0.0
554.9811067403699,79.0,0.0
554.9846279283324,78.0,0.0
554.9863018632517,79.0,0.0
554.9920288540484,80.0,0.0
555.0157762533,81.0,0.0
555.0166963317181,80.0,0.0
555.024185476877,79.0,0.0
555.0254836664845,78.0,0.0
555.0283932977334,79.0,0.0
555.02913012194,78.0,0.0
555.0417023263474,77.0,0.0
555.0422005137939,76.0,0.0
555.0575058266631,75.0,0.0
555.0651279982336,74.0,0.0
555.0680511670115,75.0,0.0
555.0705554211003,76.0,0.0
555.0773146448508,77.0,0.0
555.0966163976951,76.0,0.0
555.1080284361722,77.0,0.0
555.1105726295949,76.0,0.0
555.1114261761591,75.0,0.0
555.1372100124698,74.0,0.0
555.1534846466362,75.0,0.0
555.1763890500976,74.0,0.0
555.1800910360497,73.0,0.0
555.2047170385831,72.0,0.0
555.2102299468906,71.0,0.0
555.2119494253053,70.0,0.0
555.2200354057018,69.0,0.0
555.2445069432176,68.0,0.0
555.2533283630879,67.0,0.0
555.2579344181092,68.0,0.0
555.260700271036,67.0,0.0
555.2630302158847,68.0,0.0
555.2635800147116,67.0,0.0
555.2646361984005,68.0,0.0
555.2647997142542,69.0,0.0
555.2803771811857,68.0,0.0
555.2967734230361,69.0,0.0
555.3025925863277,70.0,0.0
555.3117647659539,69.0,0.0
555.3153273320355,68.0,0.0
555.319564471302,69.0,0.0
555.3213927170908,70.0,0.0
555.3221700494875,69.0,0.0
555.3241672158911,68.0,0.0
555.3313470088547,67.0,0.0
555.3380870756155,66.0,0.0
555.3493788256637,65.0,0.0
555.3560545543978,64.0,0.0
555.3738109204337,63.0,0.0
555.3762039442996,62.0,0.0
555.3855333595667,63.0,0.0
555.3859735785286,64.0,0.0
555.4071670409872,63.0,0.0
555.4138430201731,62.0,0.0
555.4151046961179,61.0,0.0
555.415274084182,60.0,0.0
555.4453495303583,59.0,0.0
555.4522724070176,60.0,0.0
555.4577566853179,61.0,0.0
555.4635153318051,60.0,0.0
555.4932948301971,61.0,0.0
555.4961711833977,60.0,0.0
555.4966330983736,61.0,0.0
555.5003809748201,62.0,0.0
555.5173661018677,61.0,0.0
555.5241870887293,60.0,0.0
555.5316856940523,59.0,0.0
555.5335958262821,58.0,0.0
555.5509873598924,57.0,0.0
555.5552552498281,56.0,0.0
555.5618032142554,57.0,0.0
555.6003370473675,56.0,0.0
555.6041261167677,57.0,0.0
555.605964978049,56.0,0.0
555.6207255057155,55.0,0.0
555.6379084551859,54.0,0.0
555.6445400981039,53.0,0.0
555.6516944020228,52.0,0.0
555.6535512609025,53.0,0.0
555.6731503392006,52.0,0.0
555.6767390348082,51.0,0.0
555.6770216686608,52.0,0.0
555.6952467091834,53.0,0.0
555.704011512205,52.0,0.0
555.7221456545155,53.0,0.0
555.7330787256265,52.0,0.0
555.7333527372136,51.0,0.0
555.7338645881356,50.0,0.0
555.7407408274602,49.0,0.0
555.7444997861537,50.0,0.0
555.7595589741159,49.0,0.0
555.7699534218353,48.0,0.0
555.7774533167831,47.0,0.0
555.7949936456325,48.0,0.0
555.7954907100828,47.0,0.0
555.7979782652471,46.0,0.0
555.8020527290357,45.0,0.0
555.804453810081,46.0,0.0
555.8098567486321,45.0,0.0
555.8396400873063,46.0,0.0
555.8431211649128,47.0,0.0
555.85335434761,46.0,0.0
555.8779766298802,45.0,0.0
555.8879603117732,44.0,0.0
555.8973582381218,43.0,0.0
555.9027933087135,42.0,0.0
555.9135084047908,41.0,0.0
555.9188939686883,42.0,0.0
555.9278050779974,41.0,0.0
555.9380955439535,40.0,0.0
555.9578710907282,41.0,0.0
555.9597603430835,40.0,0.0
555.9749700491727,39.0,0.0
555.986613422636,38.0,0.0
556.0062901121745,37.0,0.0
556.0316843664386,36.0,0.0
556.0374666807468,35.0,0.0
556.0671641823196,34.0,0.0
556.0820189266045,35.0,0.0
556.0881142351432,34.0,0.0
556.0950515845069,33.0,0.0
556.0956924610014,34.0,0.0
556.1047287556418,33.0,0.0
556.1062678399895,32.0,0.0
556.1141597191257,33.0,0.0
556.139819219558,32.0,0.0
556.1526529649956,31.0,0.0
556.1526643458785,30.0,0.0
556.1783838740462,31.0,0.0
556.1881149611411,32.0,0.0
556.1916940621486,31.0,0.0
556.1952056814455,32.0,0.0
556.1974217209807,33.0,0.0
556.2003092225568,32.0,0.0
556.2081183217774,33.0,0.0
556.2114810256478,32.0,0.0
556.2189495828873,31.0,0.0
556.2246563874792,30.0,0.0
556.2326924176526,29.0,0.0
556.238249479026,30.0,0.0
556.2462584709915,29.0,0.0
556.2539736761547,30.0,0.0
556.2555082328524,31.0,0.0
556.2805360360555,30.0,0.0
556.3012057108944,29.0,0.0
556.3093205150968,28.0,0.0
556.3168801946429,27.0,0.0
556.3363447249052,26.0,0.0
556.3522831028046,27.0,0.0
556.3549655556002,26.0,0.0
556.356436613366,25.0,0.0
556.3715017198095,24.0,0.0
556.3733994990871,23.0,0.0
556.3819969467476,22.0,0.0
556.3849148637634,21.0,0.0
556.3949311482988,22.0,0.0
556.3956962852683,21.0,0.0
556.3983478600398,20.0,0.0
556.3984765745605,19.0,0.0
556.404711977532,18.0,0.0
556.4214528251292,19.0,0.0
556.4230927032352,18.0,0.0
556.4248497576239,17.0,0.0
556.4287389015336,16.0,0.0
556.4300852419449,17.0,0.0
556.438975319842,16.0,0.0
556.4567682102391,15.0,0.0
556.4865286920481,14.0,0.0
556.5018850811591,13.0,0.0
556.5039183562835,12.0,0.0
556.5156758261675,11.0,0.0
556.5204554098416,12.0,0.0
556.5583432590722,13.0,0.0
556.5763207833872,12.0,0.0
556.6000836823264,11.0,0.0
556.6006410914697,10.0,0.0
556.6040689885712,11.0,0.0
556.6041731162046,12.0,0.0
556.6119313886072,13.0,0.0
556.6130826277284,12.0,0.0
556.6184569078678,11.0,0.0
556.640918758412,12.0,0.0
556.6448565648903,11.0,0.0
556.6491067937279,12.0,0.0
556.6512656354739,13.0,0.0
556.6649750465159,12.0,0.0
556.6744082163012,13.0,0.0
556.6745488960527,12.0,0.0
556.6876254194872,11.0,0.0
556.6924504248386,10.0,0.0
556.6991324766092,9.0,0.0
556.7055003259138,8.0,0.0
556.7155068338692,7.0,0.0
556.7187880297241,8.0,0.0
556.7237026025908,9.0,0.0
556.7590936856596,8.0,0.0
556.7630306364011,7.0,0.0
556.7635484815352,8.0,0.0
556.7763914759134,7.0,0.0
556.7859438486713,6.0,0.0
556.8095863584984,7.0,0.0
556.8152039971342,8.0,0.0
556.8344055205614,7.0,0.0
556.838844436872,6.0,0.0
556.8565444630957,5.0,0.0
556.8657506934549,4.0,0.0
556.8718662852872,5.0,0.0
556.8723857736641,4.0,0.0
556.8736997090093,5.0,0.0
556.8895758231607,6.0,0.0
556.9103396957762,7.0,0.0
556.9156560600826,6.0,0.0
556.9206539400976,7.0,0.0
556.9290374021845,6.0,0.0
556.9539749904627,5.0,0.0
556.9716483700943,4.0,0.0
556.9916386854227,3.0,0.0
556.9935477133072,2.0,0.0
556.9975626246193,3.0,0.0
556.9982320098227,2.0,0.0
557.0041239628265,3.0,0.0
557.0099803955197,4.0,0.0
557.0333230489622,3.0,0.0
557.0405381560283,2.0,0.0
557.0678540404565,1.0,0.0
557.0688147519365,0.0,0.0
557.108391711293,1.0,0.0
557.1098549156223,0.0,0.0
557.1673875219244,1.0,0.0
557.1673949717765,2.0,0.0
557.2107152568956,1.0,0.0
557.2231820125086,2.0,0.0
557.2245029357484,3.0,0.0
557.2260030412879,2.0,0.0
557.2314553014912,1.0,0.0
557.2379753167745,0.0,0.0
557.2655661374818,1.0,0.0
557.27490768083,0.0,0.0
557.3697559471458,1.0,0.0
557.4641403125884,0.0,0.0
557.4643907920357,1.0,0.0
557.5027324566315,0.0,0.0
557.5107043357128,1.0,0.0
557.5168860731642,0.0,0.0
557.5269130528732,1.0,0.0
557.5434472389593,0.0,0.0
557.721402894271,1.0,0.0
557.7325776571545,2.0,0.0
557.756916032684,1.0,0.0
557.7677297256761,0.0,0.0
557.9146100561699,1.0,0.0
557.9169340224273,2.0,0.0
557.9219058810967,1.0,0.0
557.924580775177,0.0,0.0
557.9879650776977,1.0,0.0
557.9966054556181,0.0,0.0
558.019612874278,1.0,0.0
558.0416523017901,0.0,0.0
558.0973987138954,1.0,0.0
558.1551607299292,2.0,0.0
558.176086643022,1.0,0.0
558.1948128310014,0.0,0.0
558.3334384279623,1.0,0.0
558.3437427154639,0.0,0.0
558.4361122838246,1.0,0.0
558.4503876752271,0.0,0.0
558.4891843408092,1.0,0.0
558.5020698398657,2.0,0.0
558.5045148573518,1.0,0.0
558.5198507115653,0.0,0.0
558.565012680126,1.0,0.0
558.5895155627982,2.0,0.0
558.5951855966123,1.0,0.0
558.6053229368432,0.0,0.0
558.6573901287154,1.0,0.0
558.6603240728788,2.0,0.0
558.6699564954977,1.0,0.0
558.6829403489494,0.0,0.0
558.6956956718393,1.0,0.0
558.7048370232174,0.0,0.0
558.7048539727188,1.0,0.0
558.7326041006695,2.0,0.0
558.7361098948085,1.0,0.0
558.737907098103,0.0,0.0
558.7439211460644,1.0,0.0
558.7447453051691,0.0,0.0
558.79264753596,1.0,0.0
558.8241859410542,0.0,0.0
558.8853190925013,1.0,0.0
558.8901739418296,0.0,0.0
558.8973198383876,1.0,0.0
558.9172686451296,0.0,0.0
559.007490056982,1.0,0.0
559.02277861038,0.0,0.0
559.0722795705137,1.0,0.0
559.0766325753955,0.0,0.0
559.1107615903887,1.0,0.0
559.1455186027448,2.0,0.0
559.22227460964,1.0,0.0
559.2375645468902,2.0,0.0
559.2391870056466,1.0,0.0
559.2677384689089,0.0,0.0
559.3294413046755,1.0,0.0
559.332404525246,0.0,0.0
559.3626894464109,1.0,0.0
559.3843650791227,0.0,0.0
559.4258562948792,1.0,0.0
559.4342242309654,2.0,0.0
559.4508371833439,3.0,0.0
559.4592963036699,2.0,0.0
559.4923699542566,1.0,0.0
559.4988094268759,0.0,0.0
559.5535881235422,1.0,0.0
559.5820452554096,2.0,0.0
559.583364749129,1.0,0.0
559.5880950105894,0.0,0.0
559.6082734022214,1.0,0.0
559.6156876898192,2.0,0.0
559.6243176679772,1.0,0.0
559.6298237084018,0.0,0.0
559.678536303374,1.0,0.0
559.6806386641637,0.0,0.0
559.7130831362687,1.0,0.0
559.7283533846721,0.0,0.0
559.7596567213111,1.0,0.0
559.7628941392858,0.0,0.0
559.7684432172132,1.0,0.0
559.7727448940086,2.0,0.0
559.7834847444323,1.0,0.0
559.8006205847686,0.0,0.0
559.8516126667203,1.0,0.0
559.8545938221338,0.0,0.0
559.8559812161523,1.0,0.0
559.8702213668496,2.0,0.0
559.8740302678184,3.0,0.0
559.924449929373,4.0,0.0
559.9538108059039,3.0,0.0
559.9591861684208,2.0,0.0
559.9598949911363,3.0,0.0
559.994505831953,2.0,0.0
559.9958640108284,3.0,0.0
560.0021930973496,2.0,0.0
560.0104794876119,3.0,0.0
560.0146853223877,4.0,0.0
560.0175228390673,3.0,0.0
560.0239335564868,2.0,0.0
560.0259465399328,1.0,0.0
560.0312671542904,2.0,0.0
560.0373876204725,1.0,0.0
560.0411452426431,2.0,0.0
560.0417206409968,3.0,0.0
560.0519829822626,2.0,0.0
560.0542896386621,1.0,0.0
560.0571058857184,0.0,0.0
560.0679832269227,1.0,0.0
560.0765163005308,2.0,0.0
560.0953143400224,3.0,0.0
560.1091324308385,4.0,0.0
560.1211599950269,3.0,0.0
560.1262281345262,4.0,0.0
560.1365348069518,3.0,0.0
560.1677889772427,2.0,0.0
560.1791969702424,3.0,0.0
560.1846969268988,2.0,0.0
560.1858079000141,1.0,0.0
560.1955508410988,0.0,0.0
560.2091770947095,1.0,0.0
560.2149131363814,0.0,0.0
560.297860386442,1.0,0.0
560.2981390138303,0.0,0.0
560.2985830307582,1.0,0.0
560.2986824838634,2.0,0.0
560.3022544168458,3.0,0.0
560.3039756129074,2.0,0.0
560.3040037323693,1.0,0.0
560.3242584266785,0.0,0.0
560.3320106262044,1.0,0.0
560.3691789098987,2.0,0.0
560.3782546811199,1.0,0.0
560.3997590627018,2.0,0.0
560.4014078191609,1.0,0.0
560.4016327886693,0.0,0.0
560.4317142552223,1.0,0.0
560.4323710729752,2.0,0.0
560.4400021147468,3.0,0.0
560.4482690281202,2.0,0.0
560.5134543598293,1.0,0.0
560.5491700763807,0.0,0.0
560.5759705749706,1.0,0.0
560.5853048251167,0.0,0.0
560.6068674536687,1.0,0.0
560.6201057461537,2.0,0.0
560.6221067654755,3.0,0.0
560.6513990909159,2.0,0.0
560.6532662486019,1.0,0.0
560.6553764236472,0.0,0.0
560.6652591574984,1.0,0.0
560.6693407094181,2.0,0.0
560.6726238470451,3.0,0.0
560.6871208205264,4.0,0.0
560.7095398326061,5.0,0.0
560.7231833091737,6.0,0.0
560.7249559346544,5.0,0.0
560.7332296228494,6.0,0.0
560.7349781721396,5.0,0.0
560.7496648874226,4.0,0.0
560.772910562864,5.0,0.0
560.7756586735907,6.0,0.0
560.778507585774,5.0,0.0
560.8032470861065,4.0,0.0
560.8072746949479,3.0,0.0
560.8239766656762,2.0,0.0
560.833450742058,3.0,0.0
560.8509562895473,2.0,0.0
560.8542648354469,1.0,0.0
560.8573477752367,2.0,0.0
560.8654011040527,1.0,0.0
560.8822574851555,2.0,0.0
560.8849745774185,1.0,0.0
560.90060313217,0.0,0.0
560.903040101292,1.0,0.0
560.9048186733934,2.0,0.0
560.9199586350279,3.0,0.0
560.920836940508,4.0,0.0
560.9255826484743,3.0,0.0
560.9393478937859,4.0,0.0
560.953569985066,3.0,0.0
560.9576635407025,4.0,0.0
560.9633153936538,3.0,0.0
560.969095036387,4.0,0.0
560.9828147507119,3.0,0.0
561.0114664364386,4.0,0.0
561.016462663746,3.0,0.0
561.0254512990062,4.0,0.0
561.0289840884063,3.0,0.0
561.0345157641771,2.0,0.0
561.0549565500826,3.0,0.0
561.0865087219358,2.0,0.0
561.0870957878326,3.0,0.0
561.0891270095689,4.0,0.0
561.0941699556554,5.0,0.0
561.1126702311649,4.0,0.0
561.1219465059942,3.0,0.0
561.1265844331738,2.0,0.0
561.1370805027416,1.0,0.0
561.13771003906,0.0,0.0
561.1473803587618,1.0,0.0
561.1605230327664,0.0,0.0
561.1656353030966,1.0,0.0
561.2189388436561,2.0,0.0
561.2223030828023,3.0,0.0
561.2259448679745,4.0,0.0
561.2324149143211,5.0,0.0
561.2372832077499,6.0,0.0
561.2391324689918,5.0,0.0
561.2426319440581,6.0,0.0
561.2441563240751,5.0,0.0
561.2507622989078,6.0,0.0
561.2538724571319,7.0,0.0
561.2540677554309,8.0,0.0
561.261084503076,9.0,0.0
561.2691980129789,8.0,0.0
561.2749440697029,7.0,0.0
561.2779157862102,8.0,0.0
561.2798267777653,9.0,0.0
561.2989753234938,8.0,0.0
561.3013410101221,7.0,0.0
561.3128791752212,6.0,0.0
561.319166332475,5.0,0.0
561.3194242851943,4.0,0.0
561.323892541746,5.0,0.0
561.3250340190255,4.0,0.0
561.3399261737775,5.0,0.0
561.3409744378042,4.0,0.0
561.3438860532882,5.0,0.0
561.3489572802317,4.0,0.0
561.3505334829657,3.0,0.0
561.351362866591,4.0,0.0
561.3586585158173,3.0,0.0
561.3594467202661,2.0,0.0
561.3777934949175,1.0,0.0
561.3786730580474,0.0,0.0
561.4000586305741,1.0,0.0
561.4060149236889,2.0,0.0
561.4131994494529,3.0,0.0
561.4152060379284,4.0,0.0
561.4291342057364,5.0,0.0
561.4294100951497,6.0,0.0
561.4370950447959,5.0,0.0
561.4389013603807,4.0,0.0
561.442769730801,5.0,0.0
561.4427945840251,4.0,0.0
561.452011505921,5.0,0.0
561.4572802525323,6.0,0.0
561.465185691508,7.0,0.0
561.4760654125706,6.0,0.0
561.4892724617432,5.0,0.0
561.4899568813706,6.0,0.0
561.4972144890837,7.0,0.0
561.5022798536287,6.0,0.0
561.5501413588208,7.0,0.0
561.5704589864694,8.0,0.0
561.5825964951119,7.0,0.0
561.583144054975,6.0,0.0
561.5880301731208,7.0,0.0
561.5883916457424,6.0,0.0
561.600171061954,5.0,0.0
561.6219869061987,6.0,0.0
561.6227693793238,5.0,0.0
561.6283951140914,4.0,0.0
561.6360389237493,3.0,0.0
561.6480424139743,2.0,0.0
561.6510586855111,3.0,0.0
561.6609869987402,4.0,0.0
561.6722397967002,5.0,0.0
561.67430691647,6.0,0.0
561.6765342010236,5.0,0.0
561.6816507750594,6.0,0.0
561.692942639499,5.0,0.0
561.6957518530968,4.0,0.0
561.7004929594659,3.0,0.0
561.7101289831586,2.0,0.0
561.7131523130819,1.0,0.0
561.7161526384682,0.0,0.0
561.7262607502362,1.0,0.0
561.7349079384677,2.0,0.0
561.7371734767084,1.0,0.0
561.7501212398163,2.0,0.0
561.7567074038961,3.0,0.0
561.7575555200069,4.0,0.0
561.7697351630915,3.0,0.0
561.7791731968402,4.0,0.0
561.7820557815409,5.0,0.0
561.8101357149325,4.0,0.0
561.8152960320986,5.0,0.0
561.8174899214782,6.0,0.0
561.820747986124,7.0,0.0
561.822737081693,8.0,0.0
561.8243236527137,9.0,0.0
561.829232580196,8.0,0.0
561.8327198157318,7.0,0.0
561.8357122355972,6.0,0.0
561.8383778542154,5.0,0.0
561.8396904407523,4.0,0.0
561.8418164819161,3.0,0.0
561.8495624397685,2.0,0.0
561.8532127973324,3.0,0.0
561.8607864632343,2.0,0.0
561.8662559569133,3.0,0.0
561.8761088360553,4.0,0.0
561.877298026731,5.0,0.0
561.8973768583265,4.0,0.0
561.9277341378621,5.0,0.0
561.9328321848492,4.0,0.0
561.9384930836009,3.0,0.0
561.9522108026346,2.0,0.0
561.9635449612274,3.0,0.0
561.9894651039868,4.0,0.0
561.9921296321545,3.0,0.0
561.9975199958526,2.0,0.0
562.017586673452,3.0,0.0
562.0200117219998,2.0,0.0
562.0237048296626,3.0,0.0
562.0255393763385,2.0,0.0
562.0257680187732,1.0,0.0
562.0282379542423,0.0,0.0
562.030322458266,1.0,0.0
562.0341867056501,2.0,0.0
562.0405063380657,3.0,0.0
562.0463995812178,4.0,0.0
562.0578466620558,5.0,0.0
562.0604620731959,4.0,0.0
562.063838169071,5.0,0.0
562.0690565980024,4.0,0.0
562.071987123029,5.0,0.0
562.072046399964,4.0,0.0
562.0760909439869,3.0,0.0
562.0783501082325,4.0,0.0
562.0831666802221,3.0,0.0
562.090994255449,4.0,0.0
562.0921372029657,3.0,0.0
562.098319179848,2.0,0.0
562.098834037378,3.0,0.0
562.1128731084829,4.0,0.0
562.1234996095059,5.0,0.0
562.1254967931852,4.0,0.0
562.1296463745929,5.0,0.0
562.1383365696656,6.0,0.0
562.1387926826068,5.0,0.0
562.1432604490327,4.0,0.0
562.143548358023,3.0,0.0
562.144339914523,4.0,0.0
562.1477311260518,3.0,0.0
562.1482551127187,4.0,0.0
562.1530950669268,3.0,0.0
562.1573868709605,2.0,0.0
562.1598671645961,1.0,0.0
562.1625060256398,2.0,0.0
562.169890103698,3.0,0.0
562.1880149559904,4.0,0.0
562.1886122706761,3.0,0.0
562.1982795764312,4.0,0.0
562.1987834864627,5.0,0.0
562.1998314206223,4.0,0.0
562.200399453502,5.0,0.0
562.2146141759125,4.0,0.0
562.2177349785677,5.0,0.0
562.2184016678136,4.0,0.0
562.2207430751662,3.0,0.0
562.2213052905826,4.0,0.0
562.2254414652192,5.0,0.0
562.2263782610186,4.0,0.0
562.2322305995166,5.0,0.0
562.2371328382548,4.0,0.0
562.2500811173003,3.0,0.0
562.2501479368609,2.0,0.0
562.2602381976751,1.0,0.0
562.2637548613405,2.0,0.0
562.2766647011697,3.0,0.0
562.2782078895555,2.0,0.0
562.281991177761,1.0,0.0
562.3052279122924,0.0,0.0
562.3144761451659,1.0,0.0
562.347178669928,2.0,0.0
562.3611570398896,3.0,0.0
562.3676033631657,4.0,0.0
562.3756605460916,3.0,0.0
562.3874837597893,2.0,0.0
562.3973152952419,1.0,0.0
562.3978564394669,2.0,0.0
562.3983189207587,3.0,0.0
562.3989548802676,2.0,0.0
562.4019844518856,3.0,0.0
562.4052062487548,2.0,0.0
562.4054442956059,3.0,0.0
562.4054668458544,4.0,0.0
562.4144633365585,3.0,0.0
562.4486703352538,2.0,0.0
562.45133766174,3.0,0.0
562.4547365619902,4.0,0.0
562.4651810986164,5.0,0.0
562.4680626017745,6.0,0.0
562.4702423328151,7.0,0.0
562.475374610774,8.0,0.0
562.4773510244081,9.0,0.0
562.4841786201242,10.0,0.0
562.4853213583924,9.0,0.0
562.4916578001132,8.0,0.0
562.4939213462668,7.0,0.0
562.4941491066703,8.0,0.0
562.4946434796296,9.0,0.0
562.5008386655768,10.0,0.0
562.5019064554131,9.0,0.0
562.5114182809269,8.0,0.0
562.5150279749165,7.0,0.0
562.5272185063121,6.0,0.0
562.530862106141,5.0,0.0
562.5372715222142,4.0,0.0
562.5533601454936,5.0,0.0
562.5736848863824,4.0,0.0
562.5798613092809,5.0,0.0
562.5880804965387,6.0,0.0
562.5881716223163,7.0,0.0
562.590011000942,8.0,0.0
562.5965601766027,9.0,0.0
562.5979331625867,8.0,0.0
562.6017561201608,9.0,0.0
562.6088575552545,10.0,0.0
562.6114055283067,11.0,0.0
562.6214093336079,10.0,0.0
562.6231378336145,11.0,0.0
562.6294932639462,12.0,0.0
562.6300542363304,11.0,0.0
562.6309966274268,10.0,0.0
562.635646533521,11.0,0.0
562.6436727445988,12.0,0.0
562.6651986705239,13.0,0.0
562.6844689671752,12.0,0.0
562.7016282036515,11.0,0.0
562.7252775912053,10.0,0.0
562.7312806801932,11.0,0.0
562.7369513720784,12.0,0.0
562.7445696921229,13.0,0.0
562.752600983253,12.0,0.0
562.752789785345,11.0,0.0
562.7550368881145,12.0,0.0
562.7567273588845,13.0,0.0
562.7591517556394,14.0,0.0
562.7599818037176,13.0,0.0
562.7729675851169,14.0,0.0
562.7911346085765,13.0,0.0
562.7935994096559,12.0,0.0
562.79613146719,13.0,0.0
562.796878021294,14.0,0.0
562.7973510665639,15.0,0.0
562.8013531251082,14.0,0.0
562.802129217718,15.0,0.0
562.8160889229034,14.0,0.0
562.8228552843336,15.0,0.0
562.8232392679141,14.0,0.0
562.8267973579859,15.0,0.0
562.8285139038503,16.0,0.0
562.8342111617607,15.0,0.0
562.8396634623062,14.0,0.0
562.8411791179329,13.0,0.0
562.8415667839932,12.0,0.0
562.8481351485076,11.0,0.0
562.8545198562288,12.0,0.0
562.8631506767949,11.0,0.0
562.8738897328135,12.0,0.0
562.8786443472817,13.0,0.0
562.884311678224,14.0,0.0
562.8868165273766,13.0,0.0
562.8885270499408,12.0,0.0
562.8936610575662,11.0,0.0
562.9122509844195,12.0,0.0
562.9136379225023,11.0,0.0
562.9287407975073,12.0,0.0
562.9315851801142,11.0,0.0
562.9334070800857,12.0,0.0
562.9430215022223,13.0,0.0
562.9446110827851,14.0,0.0
562.9474657730625,15.0,0.0
562.9531359354303,16.0,0.0
562.9535489742417,17.0,0.0
562.9542738068498,18.0,0.0
562.9577919457657,19.0,0.0
562.9591331701076,18.0,0.0
562.9596879530853,17.0,0.0
562.965316456313,18.0,0.0
562.9822710071411,19.0,0.0
563.0047735605615,18.0,0.0
563.0061448121951,19.0,0.0
563.0103791921534,18.0,0.0
563.0120469931313,19.0,0.0
563.0134062880506,18.0,0.0
563.0137136382962,19.0,0.0
563.0156161066045,20.0,0.0
563.0176342216098,19.0,0.0
563.0290447127306,18.0,0.0
563.0347106536683,19.0,0.0
563.043902473963,20.0,0.0
563.0445441530956,19.0,0.0
563.0522064223719,18.0,0.0
563.0542330055439,19.0,0.0
563.069455866933,18.0,0.0
563.0794924436096,17.0,0.0
563.0823411829282,16.0,0.0
563.0926330396834,17.0,0.0
563.0993182164456,18.0,0.0
563.1022206593392,17.0,0.0
563.1068199793658,18.0,0.0
563.1153587218379,17.0,0.0
563.1168083790025,16.0,0.0
563.1196456840927,15.0,0.0
563.1267984199546,16.0,0.0
563.1275929420956,15.0,0.0
563.1305967624916,16.0,0.0
563.1325569832644,17.0,0.0
563.1340433334391,18.0,0.0
563.1397354487682,19.0,0.0
563.1415403594115,18.0,0.0
563.1441280534041,19.0,0.0
563.15952239094,20.0,0.0
563.1602768596492,19.0,0.0
563.1622245814642,20.0,0.0
563.1741110436136,21.0,0.0
563.1761161860204,20.0,0.0
563.1797614200476,21.0,0.0
563.1851301959642,22.0,0.0
563.1948846679194,23.0,0.0
563.1972415425762,24.0,0.0
563.2103010162481,23.0,0.0
563.2135452419634,24.0,0.0
563.2172364366886,25.0,0.0
563.2248578787461,24.0,0.0
563.2289140963641,25.0,0.0
563.230917637549,24.0,0.0
563.2466421086057,25.0,0.0
563.2509062013665,24.0,0.0
563.251732935211,23.0,0.0
563.2539658931778,24.0,0.0
563.2590757959388,23.0,0.0
563.2603111258408,24.0,0.0
563.2618044789255,25.0,0.0
563.2646168301158,26.0,0.0
563.2747953048032,25.0,0.0
563.2892397773181,26.0,0.0
563.2903393957743,27.0,0.0
563.2918869774007,28.0,0.0
563.310630045575,27.0,0.0
563.3167810678572,26.0,0.0
563.3213409934474,27.0,0.0
563.3248556411565,26.0,0.0
563.32723129836,25.0,0.0
563.3278526898563,26.0,0.0
563.3344358736654,25.0,0.0
563.3353145792973,24.0,0.0
563.3388298634571,25.0,0.0
563.3464125986605,26.0,0.0
563.3485722087062,25.0,0.0
563.3565706223874,24.0,0.0
563.3625949348412,25.0,0.0
563.3672617467392,24.0,0.0
563.3706462415157,25.0,0.0
563.3740559447724,26.0,0.0
563.3741514157456,27.0,0.0
563.3779284095891,26.0,0.0
563.381285825172,25.0,0.0
563.3872804316588,26.0,0.0
563.3912132736426,27.0,0.0
563.4169566754613,28.0,0.0
563.418796715209,29.0,0.0
563.4294352241955,28.0,0.0
563.451093590559,29.0,0.0
563.4549709873218,30.0,0.0
563.4645977957488,31.0,0.0
563.4739157723204,30.0,0.0
563.4753777808477,31.0,0.0
563.4877989717505,32.0,0.0
563.4902002521708,33.0,0.0
563.5184891492042,32.0,0.0
563.5203283542819,33.0,0.0
563.5228463308098,32.0,0.0
563.5257657076145,31.0,0.0
563.5282238456962,30.0,0.0
563.5287621892985,31.0,0.0
563.5298633532038,32.0,0.0
563.5309564816988,33.0,0.0
563.5360789361902,34.0,0.0
563.5518841645844,33.0,0.0
563.5598710716054,32.0,0.0
563.5671557362796,33.0,0.0
563.5878423005337,32.0,0.0
563.5938789145575,31.0,0.0
563.6037474583932,32.0,0.0
563.6049951591472,33.0,0.0
563.6089963857736,32.0,0.0
563.6153497675858,33.0,0.0
563.6154399880497,32.0,0.0
563.6181106943009,33.0,0.0
563.6199863657656,34.0,0.0
563.6200861083344,33.0,0.0
563.6242916042416,34.0,0.0
563.6268728479315,33.0,0.0
563.6288958528031,34.0,0.0
563.6292797341648,35.0,0.0
563.6328823027874,36.0,0.0
563.6424424563014,37.0,0.0
563.6428038737017,36.0,0.0
563.6522980419436,37.0,0.0
563.6609673871577,38.0,0.0
563.6674360877411,37.0,0.0
563.6709044324987,38.0,0.0
563.6946238426992,39.0,0.0
563.7061384719741,40.0,0.0
563.7066388697275,39.0,0.0
563.7080710702326,38.0,0.0
563.7089337361448,39.0,0.0
563.7135218965878,38.0,0.0
563.7143385732533,39.0,0.0
563.7271175953323,40.0,0.0
563.727895029092,41.0,0.0
563.7341389192493,42.0,0.0
563.7429225974017,41.0,0.0
563.7495516904168,40.0,0.0
563.7527151839947,39.0,0.0
563.7622362538846,40.0,0.0
563.7631893479262,41.0,0.0
563.7637277819053,42.0,0.0
563.7645497831857,43.0,0.0
563.7647024959208,42.0,0.0
563.7704885690047,43.0,0.0
563.7856002955269,42.0,0.0
563.7887939871508,43.0,0.0
563.790827881487,44.0,0.0
563.7968302083173,45.0,0.0
563.8079780027023,44.0,0.0
563.8087785285718,43.0,0.0
563.8230103973832,44.0,0.0
563.8249779208959,43.0,0.0
563.8297041741914,44.0,0.0
563.8311159028556,43.0,0.0
563.8345443805077,44.0,0.0
563.8348527130356,45.0,0.0
563.8459833653422,44.0,0.0
563.8462851167335,45.0,0.0
563.8472866747888,46.0,0.0
563.848558722255,45.0,0.0
563.8678133140966,46.0,0.0
563.8737968565264,47.0,0.0
563.875334768133,48.0,0.0
563.8754112721135,49.0,0.0
563.8834331312028,50.0,0.0
563.8986373281533,49.0,0.0
563.9072847444511,50.0,0.0
563.9073253307864,49.0,0.0
563.9245641706366,48.0,0.0
563.9267786501899,49.0,0.0
563.9268993445792,48.0,0.0
563.9269362787454,49.0,0.0
563.9304096909748,50.0,0.0
563.9456868083704,51.0,0.0
563.9476414488856,52.0,0.0
563.9501918344381,53.0,0.0
563.9533746878518,52.0,0.0
563.955717233472,53.0,0.0
563.9590859404879,54.0,0.0
563.9650647323158,53.0,0.0
563.9676168013208,54.0,0.0
563.9718619765534,53.0,0.0
563.9813377031102,52.0,0.0
563.9936087618524,53.0,0.0
564.0087012398676,52.0,0.0
564.010571058152,53.0,0.0
564.019830416283,54.0,0.0
564.0209799851359,55.0,0.0
564.0284018742451,54.0,0.0
564.028995048921,55.0,0.0
564.0367369011693,56.0,0.0
564.0461031121074,55.0,0.0
564.0525516429851,56.0,0.0
564.0532147523269,55.0,0.0
564.0632058903412,56.0,0.0
564.0855777561443,57.0,0.0
564.0951577285699,58.0,0.0
564.0968891777997,57.0,0.0
564.0989166975509,56.0,0.0
564.1009820172535,57.0,0.0
564.1042978451812,58.0,0.0
564.1066035733012,57.0,0.0
564.1066472495423,58.0,0.0
564.1073139207255,57.0,0.0
564.1106253052067,56.0,0.0
564.1176188208917,57.0,0.0
564.1216007546619,56.0,0.0
564.1239717978186,55.0,0.0
564.1268784034338,56.0,0.0
564.1332719605397,55.0,0.0
564.1363553204959,54.0,0.0
564.1466523732854,53.0,0.0
564.1468242349081,54.0,0.0
564.148669219922,55.0,0.0
564.1488526881487,54.0,0.0
564.1511089816103,53.0,0.0
564.1512228823746,54.0,0.0
564.1563610115803,53.0,0.0
564.1635044800139,54.0,0.0
564.1678274165076,55.0,0.0
564.1734500965861,54.0,0.0
564.1784201460322,55.0,0.0
564.1861521496817,54.0,0.0
564.1923835927988,55.0,0.0
564.195872899464,56.0,0.0
564.1963929878873,57.0,0.0
564.2055291505513,58.0,0.0
564.2073927517362,59.0,0.0
564.2110440877128,58.0,0.0
564.2158902836894,59.0,0.0
564.2241405039397,58.0,0.0
564.2338247307616,57.0,0.0
564.2422905766781,58.0,0.0
564.2481704025287,57.0,0.0
564.254029949077,56.0,0.0
564.258119823207,55.0,0.0
564.2602934928848,54.0,0.0
564.2683342580146,53.0,0.0
564.2728852546344,52.0,0.0
564.2772976057519,51.0,0.0
564.2791921066771,50.0,0.0
564.2813357371605,49.0,0.0
564.2929967094066,50.0,0.0
564.3022855331079,49.0,0.0
564.3118203945163,50.0,0.0
564.3155601917676,51.0,0.0
564.3223186176157,50.0,0.0
564.3235425586076,49.0,0.0
564.3302554553493,48.0,0.0
564.3306588337956,49.0,0.0
564.3321797697926,50.0,0.0
564.333614694894,51.0,0.0
564.3402107439491,50.0,0.0
564.3407572502499,51.0,0.0
564.3419502091397,52.0,0.0
564.3541966479285,53.0,0.0
564.3624070143502,52.0,0.0
564.3644934703061,51.0,0.0
564.3725439275944,50.0,0.0
564.3799769173622,49.0,0.0
564.3867005612251,48.0,0.0
564.3886138670744,49.0,0.0
564.3911432834037,50.0,0.0
564.3957241757622,51.0,0.0
564.4328099736931,52.0,0.0
564.434743174907,53.0,0.0
564.434858907828,54.0,0.0
564.4395326983273,53.0,0.0
564.4407341227663,52.0,0.0
564.4573662098454,51.0,0.0
564.457541474377,52.0,0.0
564.4601602483153,51.0,0.0
564.4676583086765,52.0,0.0
564.4682910131065,53.0,0.0
564.4834617389616,52.0,0.0
564.4885153568333,53.0,0.0
564.5070575849485,54.0,0.0
564.5103770223086,53.0,0.0
564.5130905699081,52.0,0.0
564.5137440391002,51.0,0.0
564.5178029878772,52.0,0.0
564.5250904658424,51.0,0.0
564.5312237805824,52.0,0.0
564.5360073724851,51.0,0.0
564.5447527244685,50.0,0.0
564.546054178623,49.0,0.0
564.5517881085028,50.0,0.0
564.559380463457,51.0,0.0
564.5698628678956,52.0,0.0
564.5754958599861,53.0,0.0
564.575593003135,52.0,0.0
564.5934910194146,51.0,0.0
564.6036896690139,50.0,0.0
564.6104776908207,51.0,0.0
564.6176874477587,52.0,0.0
564.6182381292411,51.0,0.0
564.6183214934927,52.0,0.0
564.6470793311182,53.0,0.0
564.650900828234,54.0,0.0
564.6535289002517,53.0,0.0
564.6581943173444,54.0,0.0
564.6636652570457,53.0,0.0
564.6665353088846,52.0,0.0
564.674168042259,53.0,0.0
564.679471881889,54.0,0.0
564.6867091073748,53.0,0.0
564.6920896702908,54.0,0.0
564.6929139262726,55.0,0.0
564.6946189816439,54.0,0.0
564.700863403482,55.0,0.0
564.7025055386001,54.0,0.0
564.715515160389,53.0,0.0
564.7262373414644,52.0,0.0
564.7290314397776,53.0,0.0
564.7487267346252,54.0,0.0
564.749508490348,53.0,0.0
564.7600862900109,54.0,0.0
564.7625210929565,55.0,0.0
564.7722082260905,56.0,0.0
564.7756706392488,57.0,0.0
564.7860413081189,58.0,0.0
564.7884104237618,57.0,0.0
564.7896202081631,56.0,0.0
564.8083327219381,57.0,0.0
564.8085353070817,58.0,0.0
564.8111656016085,57.0,0.0
564.8147306304865,56.0,0.0
564.817959721793,57.0,0.0
564.822215343548,58.0,0.0
564.8251262981889,59.0,0.0
564.8251596575286,60.0,0.0
564.8263785456347,61.0,0.0
564.8269003679728,62.0,0.0
564.8291266267844,61.0,0.0
564.8320860278969,62.0,0.0
564.8364364770114,61.0,0.0
564.8369259787694,60.0,0.0
564.8400138010901,59.0,0.0
564.8400548868257,60.0,0.0
564.8457700621226,61.0,0.0
564.8471656231056,62.0,0.0
564.8486288144005,61.0,0.0
564.8566569809543,62.0,0.0
564.8586593023928,63.0,0.0
564.85953480548,62.0,0.0
564.8607608908171,63.0,0.0
564.8624636372462,62.0,0.0
564.8673895619944,63.0,0.0
564.8688071325723,64.0,0.0
564.8723189153486,63.0,0.0
564.8737635031736,62.0,0.0
564.87397331126,63.0,0.0
564.87541691562,64.0,0.0
564.8770886356435,65.0,0.0
564.8816557086595,64.0,0.0
564.8821285635065,63.0,0.0
564.8912569514941,62.0,0.0
564.8928199751466,61.0,0.0
564.8966694526782,60.0,0.0
564.8996607539656,61.0,0.0
564.9031130385388,62.0,0.0
564.9059465382707,63.0,0.0
564.9071262889324,64.0,0.0
564.9140071800589,65.0,0.0
564.9169193347943,64.0,0.0
564.9340028146012,63.0,0.0
564.934653071877,64.0,0.0
564.9470515000929,65.0,0.0
564.9560786285074,66.0,0.0
564.9600730398653,65.0,0.0
564.9612477639964,66.0,0.0
564.9620129385673,67.0,0.0
564.964863319247,68.0,0.0
564.9685630723425,69.0,0.0
564.9696729705237,70.0,0.0
564.9703914388234,71.0,0.0
564.9710701821182,72.0,0.0
564.9737625761621,73.0,0.0
564.9749164780608,74.0,0.0
564.9765953589111,75.0,0.0
564.9793956208946,74.0,0.0
564.9941889307313,73.0,0.0
564.9953447751285,72.0,0.0
564.9974820812204,71.0,0.0
564.9984468561091,70.0,0.0
565.0026463173718,69.0,0.0
565.010297901429,70.0,0.0
565.0203616765193,71.0,0.0
565.0206401463614,72.0,0.0
565.0230513482506,71.0,0.0
565.0254963221382,72.0,0.0
565.0282091166548,73.0,0.0
565.0293501503099,74.0,0.0
565.0296229159068,73.0,0.0
565.0523080785408,74.0,0.0
565.0547901672351,75.0,0.0
565.055022998819,76.0,0.0
565.0662225768273,77.0,0.0
565.0686309844091,76.0,0.0
565.0731284759402,75.0,0.0
565.0755746339742,76.0,0.0
565.0801920620761,77.0,0.0
565.0818001224544,76.0,0.0
565.1017185630949,75.0,0.0
565.1034019685701,76.0,0.0
565.1095341446816,77.0,0.0
565.1156695850733,76.0,0.0
565.1210872113295,77.0,0.0
565.1283414453126,78.0,0.0
565.1349565695555,79.0,0.0
565.1369568712909,80.0,0.0
565.142517202477,79.0,0.0
565.1526799548811,80.0,0.0
565.1577853462793,81.0,0.0
565.1607425722915,82.0,0.0
565.1610891881378,81.0,0.0
565.1611969977866,82.0,0.0
565.1646370759921,81.0,0.0
565.1703525936664,80.0,0.0
565.1720888096997,79.0,0.0
565.1794131461724,78.0,0.0
565.1800173115207,79.0,0.0
565.1830924580065,80.0,0.0
565.1885204515976,81.0,0.0
565.1907284755233,80.0,0.0
565.1913285968326,81.0,0.0
565.2041251655604,82.0,0.0
565.2063121081555,81.0,0.0
565.213623353706,82.0,0.0
565.2157140295374,83.0,0.0
565.2359367343527,82.0,0.0
565.2360620013062,83.0,0.0
565.2369125278799,82.0,0.0
565.2402066389703,83.0,0.0
565.2404209194151,84.0,0.0
565.241262769001,85.0,0.0
565.2413122862102,84.0,0.0
565.2512985882219,83.0,0.0
565.2533987645515,82.0,0.0
565.2540695549467,81.0,0.0
565.2589033651305,82.0,0.0
565.2686764797683,83.0,0.0
565.2687970970444,84.0,0.0
565.2714185304925,85.0,0.0
565.2723854611369,86.0,0.0
565.279278213896,87.0,0.0
565.2803316459373,88.0,0.0
565.2837342557415,89.0,0.0
565.2852123369474,88.0,0.0
565.286303569074,87.0,0.0
565.2969727683117,88.0,0.0
565.2988355363708,89.0,0.0
565.301235071669,88.0,0.0
565.3017491798508,89.0,0.0
565.3018230667548,88.0,0.0
565.3052462640254,89.0,0.0
565.307164561952,90.0,0.0
565.3120761836578,89.0,0.0
565.3162637147456,90.0,0.0
565.3203995533896,89.0,0.0
565.3215425277338,88.0,0.0
565.3256169160425,89.0,0.0
565.3266194746391,90.0,0.0
565.3310566320558,91.0,0.0
565.3376077991384,90.0,0.0
565.3462938597327,91.0,0.0
565.3548315132247,92.0,0.0
565.3630228366271,93.0,0.0
565.3641809795969,92.0,0.0
565.3697502727856,91.0,0.0
565.3707205887441,90.0,0.0
565.3791410149029,89.0,0.0
565.3795640932468,88.0,0.0
565.3797147916879,89.0,0.0
565.3856149658583,88.0,0.0
565.3869685463628,87.0,0.0
565.3937881879049,86.0,0.0
565.3970040897926,85.0,0.0
565.4095495863198,86.0,0.0
565.416010367875,85.0,0.0
565.4169735289208,84.0,0.0
565.424397658101,83.0,0.0
565.4266605205723,84.0,0.0
565.4277885473979,83.0,0.0
565.4320065899094,84.0,0.0
565.4334901449274,83.0,0.0
565.4335279812815,82.0,0.0
565.4480354420529,83.0,0.0
565.4497755290898,84.0,0.0
565.4503874301893,85.0,0.0
565.4548592122728,84.0,0.0
565.4697253535512,83.0,0.0
565.4701060333259,82.0,0.0
565.4762529221483,81.0,0.0
565.4791164134834,82.0,0.0
565.4819810933835,81.0,0.0
565.4839030047749,82.0,0.0
565.4935512605238,83.0,0.0
565.4941173142953,82.0,0.0
565.5203477857682,83.0,0.0
565.5206442844152,82.0,0.0
565.5206482042112,83.0,0.0
565.5215950383229,84.0,0.0
565.5347702079641,85.0,0.0
565.5388500056962,86.0,0.0
565.5490499095968,85.0,0.0
565.5552122235238,86.0,0.0
565.5558005257515,87.0,0.0
565.5576717358623,88.0,0.0
565.5589576565565,89.0,0.0
565.5741933386445,90.0,0.0
565.5779884523937,89.0,0.0
565.5893466337473,88.0,0.0
565.5903330166408,87.0,0.0
565.5907127982204,86.0,0.0
565.5941187938776,87.0,0.0
565.6000381423834,88.0,0.0
565.6109311927587,89.0,0.0
565.6115375782651,90.0,0.0
565.6116046608519,89.0,0.0
565.6143952242772,88.0,0.0
565.6184581558549,89.0,0.0
565.6226538137872,90.0,0.0
565.6386193688219,91.0,0.0
565.6448318458029,90.0,0.0
565.6516618496693,89.0,0.0
565.668913428114,88.0,0.0
565.670216888099,89.0,0.0
565.677595240639,88.0,0.0
565.6795657139994,87.0,0.0
565.6800911497648,88.0,0.0
565.6815818263838,89.0,0.0
565.6873140483578,90.0,0.0
565.6888766242456,89.0,0.0
565.6907053387503,88.0,0.0
565.6929095297552,89.0,0.0
565.7033302160916,90.0,0.0
565.7056818059068,91.0,0.0
565.7061598545017,92.0,0.0
565.7078978546434,93.0,0.0
565.7123194693962,92.0,0.0
565.7157862531653,91.0,0.0
565.7167980417377,90.0,0.0
565.7177623201345,91.0,0.0
565.7214157603472,92.0,0.0
565.7230171282779,91.0,0.0
565.7274092215621,90.0,0.0
565.7334425969711,91.0,0.0
565.7371021867627,90.0,0.0
565.7418176220854,91.0,0.0
565.7418185137777,90.0,0.0
565.7483596297519,89.0,0.0
565.7505307672606,88.0,0.0
565.7570099250141,89.0,0.0
565.7588977795984,90.0,0.0
565.7656151454127,91.0,0.0
565.7657252621109,92.0,0.0
565.7700536916716,93.0,0.0
565.7894815812581,92.0,0.0
565.7943795334728,93.0,0.0
565.802768596073,94.0,0.0
565.8068337204729,93.0,0.0
565.8216253418182,92.0,0.0
565.8234374464397,91.0,0.0
565.8267054480608,92.0,0.0
565.8363185242482,91.0,0.0
565.8441952964007,92.0,0.0
565.848296380395,91.0,0.0
565.8492806149892,90.0,0.0
565.8531724875213,89.0,0.0
565.8556983791507,88.0,0.0
565.8659809876071,87.0,0.0
565.8708920133533,88.0,0.0
565.8709957518462,89.0,0.0
565.8738810116347,90.0,0.0
565.8748662644872,89.0,0.0
565.8757179505644,88.0,0.0
565.8795851744387,87.0,0.0
565.8810240985466,88.0,0.0
565.8828780084693,89.0,0.0
565.8894895564296,90.0,0.0
565.8987491729426,89.0,0.0
565.9157314600277,88.0,0.0
565.9159473396728,89.0,0.0
565.9373800217024,90.0,0.0
565.9542306762303,91.0,0.0
565.9657232142224,90.0,0.0
565.9689199144877,89.0,0.0
565.9717773509363,88.0,0.0
565.9777646984186,87.0,0.0
565.9811129057874,88.0,0.0
565.9868265036785,87.0,0.0
565.9904196052664,88.0,0.0
565.991368391651,87.0,0.0
566.0042685999333,88.0,0.0
566.0050389563775,87.0,0.0
566.0057280885961,88.0,0.0
566.0121889933283,89.0,0.0
566.0130667199487,90.0,0.0
566.0196491737236,91.0,0.0
566.024325561314,92.0,0.0
566.0379091823785,91.0,0.0
566.0395475801289,90.0,0.0
566.0433678499262,89.0,0.0
566.0480623901035,88.0,0.0
566.0495802977897,87.0,0.0
566.0509447194054,86.0,0.0
566.0586732465997,87.0,0.0
566.0744692185245,86.0,0.0
566.1017550667534,85.0,0.0
566.1040239441917,86.0,0.0
566.1154395432616,85.0,0.0
566.1234222530271,84.0,0.0
566.1371659558268,85.0,0.0
566.1380741868235,86.0,0.0
566.1390028031936,85.0,0.0
566.1448683322391,84.0,0.0
566.147291868627,85.0,0.0
566.1572450028453,86.0,0.0
566.1644347804644,87.0,0.0
566.1734318407155,88.0,0.0
566.1813906181095,87.0,0.0
566.1853129644007,88.0,0.0
566.196906047611,87.0,0.0
566.1980423133393,86.0,0.0
566.2016506183875,87.0,0.0
566.2070090429673,88.0,0.0
566.2094575009031,89.0,0.0
566.2102223485201,90.0,0.0
566.2103888181606,91.0,0.0
566.2118280403461,92.0,0.0
566.2265167820016,91.0,0.0
566.2544384972786,92.0,0.0
566.2739746665438,91.0,0.0
566.2745457817022,92.0,0.0
566.2751206241169,91.0,0.0
566.2790140775746,90.0,0.0
566.2840698814971,89.0,0.0
566.2840750823162,88.0,0.0
566.2893092278316,87.0,0.0
566.2953088718828,86.0,0.0
566.3088857234875,85.0,0.0
566.3243633902442,86.0,0.0
566.3286433197737,87.0,0.0
566.3382536084914,86.0,0.0
566.3411832533948,85.0,0.0
566.3420164619527,86.0,0.0
566.3440835986873,85.0,0.0
566.3501758372155,84.0,0.0
566.3656150162348,85.0,0.0
566.3734034548767,86.0,0.0
566.3753074274467,87.0,0.0
566.3790698384628,88.0,0.0
566.3821266061485,87.0,0.0
566.3849420314189,86.0,0.0
566.3917519155432,85.0,0.0
566.3930155696354,86.0,0.0
566.3932629113974,87.0,0.0
566.3980196172078,86.0,0.0
566.4003716186132,85.0,0.0
566.4045392934362,86.0,0.0
566.4101682290169,85.0,0.0
566.4112768860905,86.0,0.0
566.4193262227553,87.0,0.0
566.4257843996733,88.0,0.0
566.4344362175488,87.0,0.0
566.439078017318,86.0,0.0
566.4460304485717,87.0,0.0
566.4484675335224,86.0,0.0
566.4514145872201,87.0,0.0
566.4525614862871,86.0,0.0
566.4540310526435,87.0,0.0
566.454572251476,88.0,0.0
566.4584941014258,89.0,0.0
566.4639125857431,90.0,0.0
566.4669571237258,91.0,0.0
566.4676739557417,92.0,0.0
566.4818098037188,91.0,0.0
566.4876240372218,92.0,0.0
566.4891089595052,91.0,0.0
566.4979336700333,92.0,0.0
566.5012823338243,91.0,0.0
566.5018692878255,90.0,0.0
566.5032066087921,91.0,0.0
566.5077788228859,92.0,0.0
566.5088015596489,93.0,0.0
566.5123421806313,92.0,0.0
566.5141768188314,93.0,0.0
566.5279447320422,94.0,0.0
566.5292962295848,95.0,0.0
566.5346918713341,96.0,0.0
566.5347275102579,97.0,0.0
566.5361318769009,96.0,0.0
566.5462968514172,97.0,0.0
566.5490185690433,96.0,0.0
566.5503651926126,97.0,0.0
566.5561645347841,98.0,0.0
566.5565310719046,97.0,0.0
566.5567573866439,98.0,0.0
566.5588703521847,97.0,0.0
566.5633429411923,98.0,0.0
566.5637806705804,99.0,0.0
566.5662756288741,100.0,0.0
566.5678782316664,101.0,0.0
566.5683115940778,102.0,0.0
566.5707715432917,103.0,0.0
566.5724134432261,102.0,0.0
566.5813835094488,101.0,0.0
566.5838146202288,102.0,0.0
566.6054816859581,103.0,0.0
566.6193428598655,102.0,0.0
566.6199891877878,101.0,0.0
566.6261213214112,100.0,0.0
566.6264454457445,101.0,0.0
566.6299420415854,102.0,0.0
566.6355131098292,101.0,0.0
566.635641293819,102.0,0.0
566.6556910672264,103.0,0.0
566.6656404699914,104.0,0.0
566.6735683696523,105.0,0.0
566.6756175042774,106.0,0.0
566.6769739120887,107.0,0.0
566.6920754729063,108.0,0.0
566.6979487426782,107.0,0.0
566.705239420299,108.0,0.0
566.7115550277097,109.0,0.0
566.712897343668,110.0,0.0
566.719644515713,109.0,0.0
566.7230414653702,110.0,0.0
566.7290815175085,109.0,0.0
566.7317529592138,110.0,0.0
566.732421888209,111.0,0.0
566.7380843794018,112.0,0.0
566.7400254592736,111.0,0.0
566.7421536530654,110.0,0.0
566.7473922285076,109.0,0.0
566.7559038878132,110.0,0.0
566.7656232754832,111.0,0.0
566.7678783902519,110.0,0.0
566.7690930761945,111.0,0.0
566.7715115840559,112.0,0.0
566.7744351999554,111.0,0.0
566.7773251460288,110.0,0.0
566.7794765344187,111.0,0.0
566.7803204001797,110.0,0.0
566.7976233880677,111.0,0.0
566.7992486895268,112.0,0.0
566.8021146181233,111.0,0.0
566.802734850318,112.0,0.0
566.8035758195904,111.0,0.0
566.8133653438423,112.0,0.0
566.8152537805435,111.0,0.0
566.8189969757361,112.0,0.0
566.8196176677858,111.0,0.0
566.8201894708327,112.0,0.0
566.8213823026598,113.0,0.0
566.8235570272391,112.0,0.0
566.8329464502992,111.0,0.0
566.8390198357392,110.0,0.0
566.8485036660234,111.0,0.0
566.8493321188207,112.0,0.0
566.8508054429692,113.0,0.0
566.8568670219971,112.0,0.0
566.8606316581336,113.0,0.0
566.8697450446609,112.0,0.0
566.8710634187652,113.0,0.0
566.8710800862236,112.0,0.0
566.8712705668121,113.0,0.0
566.8814650118436,114.0,0.0
566.882798475654,113.0,0.0
566.8849285091934,112.0,0.0
566.8939886621247,113.0,0.0
566.8998618675269,112.0,0.0
566.9029110670963,113.0,0.0
566.9038499603715,114.0,0.0
566.9041977780148,115.0,0.0
566.9061532899755,114.0,0.0
566.9062063883418,115.0,0.0
566.9063121590146,114.0,0.0
566.9091827545719,115.0,0.0
566.9136464933669,114.0,0.0
566.9208729841719,115.0,0.0
566.9266107222905,116.0,0.0
566.9283410277643,117.0,0.0
566.9361173091323,118.0,0.0
566.9380096578805,119.0,0.0
566.9451431222359,120.0,0.0
566.9463364683022,119.0,0.0
566.9478076566918,118.0,0.0
566.9548521562557,119.0,0.0
566.9549555473112,120.0,0.0
566.9646508741301,121.0,0.0
566.9771592895798,122.0,0.0
566.9855849041406,123.0,0.0
566.9911064273466,124.0,0.0
567.0030465073526,123.0,0.0
567.0167051934984,124.0,0.0
567.034239538365,125.0,0.0
567.0388147202706,126.0,0.0
567.0515468798661,127.0,0.0
567.0528528099107,128.0,0.0
567.0534832650001,127.0,0.0
567.0545576278142,126.0,0.0
567.0575338109543,125.0,0.0
567.0634810574328,126.0,0.0
567.0683614097732,127.0,0.0
567.0866970599886,126.0,0.0
567.087212940854,127.0,0.0
567.0931708279666,128.0,0.0
567.0943637229207,129.0,0.0
567.0962036121825,130.0,0.0
567.1016892453789,131.0,0.0
567.1044879383047,130.0,0.0
567.1073261198284,131.0,0.0
567.1171215440525,130.0,0.0
567.1178828383266,131.0,0.0
567.1198695714902,130.0,0.0
567.1211050767929,129.0,0.0
567.1274021519956,128.0,0.0
567.1325389144091,127.0,0.0
567.1399704080974,126.0,0.0
567.1413249428385,127.0,0.0
567.1491115853297,128.0,0.0
567.1512455840095,127.0,0.0
567.1672855276151,128.0,0.0
567.1689008824512,127.0,0.0
567.1695950925283,128.0,0.0
567.1711295835604,127.0,0.0
567.1782186591969,126.0,0.0
567.1805953475603,127.0,0.0
567.1823546602949,128.0,0.0
567.1825721375471,127.0,0.0
567.1918986778685,126.0,0.0
567.2001652807414,127.0,0.0
567.2062792966724,126.0,0.0
567.2106071259591,127.0,0.0
567.21630286071,126.0,0.0
567.2184413762888,127.0,0.0
567.2223816408024,128.0,0.0
567.2280273483218,127.0,0.0
567.2298213487552,126.0,0.0
567.2429672874433,127.0,0.0
567.2431911548124,126.0,0.0
567.2458329191579,127.0,0.0
567.2499506953599,128.0,0.0
567.2551769739382,127.0,0.0
567.2599058475823,128.0,0.0
567.261270305764,127.0,0.0
567.271914091732,128.0,0.0
567.2738290207745,129.0,0.0
567.2869804821146,128.0,0.0
567.287912730853,129.0,0.0
567.2884840103843,130.0,0.0
567.2903768146601,129.0,0.0
567.2921318375094,130.0,0.0
567.3013988377874,131.0,0.0
567.3317151751831,130.0,0.0
567.3428645813774,129.0,0.0
567.3475768516712,130.0,0.0
567.348871853789,129.0,0.0
567.3546546337905,130.0,0.0
567.3546822451776,131.0,0.0
567.3608166503154,132.0,0.0
567.3624188081011,133.0,0.0
567.3648649093695,134.0,0.0
567.3694372409404,135.0,0.0
567.3706441652658,136.0,0.0
567.3749772758009,135.0,0.0
567.3830311056633,136.0,0.0
567.3958930563244,137.0,0.0
567.3995044185286,136.0,0.0
567.4023589620078,137.0,0.0
567.4047355404497,136.0,0.0
567.4123162328497,135.0,0.0
567.4135695969544,136.0,0.0
567.4162390076574,137.0,0.0
567.4172041172807,136.0,0.0
567.4191240760778,137.0,0.0
567.4296436403872,136.0,0.0
567.4390288056476,137.0,0.0
567.4408007334476,138.0,0.0
567.4459357354505,139.0,0.0
567.4509883856426,140.0,0.0
567.4529515827936,139.0,0.0
567.453137837357,138.0,0.0
567.4536522992871,137.0,0.0
567.4563704516254,138.0,0.0
567.4605458642079,139.0,0.0
567.4637897450812,140.0,0.0
567.4717506622308,139.0,0.0
567.475649219634,140.0,0.0
567.4773306256998,141.0,0.0
567.4786948877469,140.0,0.0
567.4817830423676,141.0,0.0
567.482603173122,140.0,0.0
567.4886813836716,139.0,0.0
567.4918026195375,138.0,0.0
567.4977020608961,139.0,0.0
567.4994273023249,140.0,0.0
567.5109461566109,141.0,0.0
567.5141713859609,142.0,0.0
567.5145861351363,143.0,0.0
567.5167765767114,144.0,0.0
567.5168834285638,143.0,0.0
567.5207580436474,144.0,0.0
567.5222489826931,145.0,0.0
567.5241960901927,146.0,0.0
567.5252271610118,145.0,0.0
567.5352638492495,144.0,0.0
567.5380781300337,145.0,0.0
567.5391755704256,146.0,0.0
567.5401826690716,147.0,0.0
567.5430477753829,148.0,0.0
567.5489955382018,149.0,0.0
567.5520217263128,148.0,0.0
567.5609365570655,147.0,0.0
567.5644782545478,146.0,0.0
567.5751890264323,145.0,0.0
567.5821624069578,146.0,0.0
567.5835575356762,147.0,0.0
567.585902878585,146.0,0.0
567.586549816551,145.0,0.0
567.5896447758037,144.0,0.0
567.5896785419804,145.0,0.0
567.5952241811951,146.0,0.0
567.6036238481345,147.0,0.0
567.6060027303948,148.0,0.0
567.6150497420083,147.0,0.0
567.6155202418341,146.0,0.0
567.6178972422583,147.0,0.0
567.619416801736,146.0,0.0
567.6273257277795,145.0,0.0
567.6278265686559,146.0,0.0
567.6312381465698,145.0,0.0
567.6400542553367,144.0,0.0
567.6450316914828,143.0,0.0
567.6474142267047,142.0,0.0
567.6477185780408,143.0,0.0
567.6504589249747,144.0,0.0
567.6546239434942,145.0,0.0
567.67056951627,144.0,0.0
567.6744233798021,145.0,0.0
567.6772386459572,144.0,0.0
567.6871397044889,143.0,0.0
567.6904081226569,144.0,0.0
567.6905139837994,143.0,0.0
567.6924910742047,144.0,0.0
567.6951588737455,145.0,0.0
567.6997382153216,146.0,0.0
567.7007240554681,145.0,0.0
567.702639767865,144.0,0.0
567.7104919504237,145.0,0.0
567.7123354603323,146.0,0.0
567.7201635195293,147.0,0.0
567.7241549918891,148.0,0.0
567.7378569592415,149.0,0.0
567.7398056774016,150.0,0.0
567.7411512982536,151.0,0.0
567.7456158614905,152.0,0.0
567.7486638229492,151.0,0.0
567.7499086880784,152.0,0.0
567.7598903211175,153.0,0.0
567.7709685582388,154.0,0.0
567.7717261890361,153.0,0.0
567.7720436443351,154.0,0.0
567.7738723773698,155.0,0.0
567.7775029426275,156.0,0.0
567.7777451088353,157.0,0.0
567.7795645555566,158.0,0.0
567.7807094854626,159.0,0.0
567.7830485635018,160.0,0.0
567.8043896057152,161.0,0.0
567.8067639649516,160.0,0.0
567.8161513551656,161.0,0.0
567.8173854988373,162.0,0.0
567.8359564062446,161.0,0.0
567.838155322458,162.0,0.0
567.8382458313594,161.0,0.0
567.8387898127673,162.0,0.0
567.8435076073687,163.0,0.0
567.857087458849,162.0,0.0
567.8607804229777,161.0,0.0
567.8617867820614,162.0,0.0
567.8659205273643,163.0,0.0
567.8714313717519,164.0,0.0
567.8756525251487,165.0,0.0
567.8845588467495,166.0,0.0
567.8883804779607,165.0,0.0
567.8898361570934,166.0,0.0
567.8908188795571,167.0,0.0
567.900491573335,166.0,0.0
567.9008216473952,165.0,0.0
567.9018453850362,164.0,0.0
567.9059021590019,163.0,0.0
567.9095512813149,162.0,0.0
567.915287406097,161.0,0.0
567.9153775093104,162.0,0.0
567.9231768673276,161.0,0.0
567.9331466703397,160.0,0.0
567.9350218800382,161.0,0.0
567.9354849900866,160.0,0.0
567.9511647758353,161.0,0.0
567.9554063579392,160.0,0.0
567.9626334555717,159.0,0.0
567.9628024824028,158.0,0.0
567.9663252140728,159.0,0.0
567.9664551834105,158.0,0.0
567.9698806472928,159.0,0.0
567.9870080167747,158.0,0.0
567.9877908403708,159.0,0.0
567.9984254041989,160.0,0.0
568.0091636728113,159.0,0.0
568.0333754571027,160.0,0.0
568.0376490419063,159.0,0.0
568.0403577555795,160.0,0.0
568.0433340296626,159.0,0.0
568.0550514831253,158.0,0.0
568.0559774150009,159.0,0.0
568.0630006115942,160.0,0.0
568.0662410014983,159.0,0.0
568.0735416817032,160.0,0.0
568.0817174383006,161.0,0.0
568.091958501096,162.0,0.0
568.0952088399455,161.0,0.0
568.095331635598,162.0,0.0
568.1296402929793,161.0,0.0
568.1349657486129,162.0,0.0
568.138649050176,163.0,0.0
568.1422193843504,162.0,0.0
568.1461371203997,163.0,0.0
568.153676546355,164.0,0.0
568.1572748274141,165.0,0.0
568.1573627760091,164.0,0.0
568.1617943858599,165.0,0.0
568.1622015837216,164.0,0.0
568.163341506277,163.0,0.0
568.1692420589883,162.0,0.0
568.1739862099181,163.0,0.0
568.1835305831479,162.0,0.0
568.1909845014557,163.0,0.0
568.1936918903964,162.0,0.0
568.1971286153928,161.0,0.0
568.2037146008026,162.0,0.0
568.2039599928014,161.0,0.0
568.2074444377674,160.0,0.0
568.2125670542031,159.0,0.0
568.213979158134,158.0,0.0
568.2192129511129,157.0,0.0
568.2236853884465,158.0,0.0
568.2340697708428,157.0,0.0
568.2412096775461,158.0,0.0
568.2470196438522,159.0,0.0
568.2563799276867,160.0,0.0
568.280901808495,161.0,0.0
568.2901117401245,160.0,0.0
568.2933685989577,159.0,0.0
568.2999743817547,160.0,0.0
568.3058072244514,159.0,0.0
568.3111418679496,158.0,0.0
568.3134930252371,157.0,0.0
568.315868775749,158.0,0.0
568.3381940503043,157.0,0.0
568.3525804428643,156.0,0.0
568.3588673461746,155.0,0.0
568.3609108573435,154.0,0.0
568.370455763071,155.0,0.0
568.3815007926428,154.0,0.0
568.3845123145395,155.0,0.0
568.3888445064039,154.0,0.0
568.3896281522678,153.0,0.0
568.4067325753241,152.0,0.0
568.414063009242,151.0,0.0
568.4171370920653,150.0,0.0
568.4185085914287,149.0,0.0
568.4299263132615,148.0,0.0
568.4322390631298,147.0,0.0
568.4385477983122,146.0,0.0
568.4401129701539,147.0,0.0
568.4499444139792,148.0,0.0
568.4576726165633,147.0,0.0
568.4590259503406,148.0,0.0
568.4610980748008,149.0,0.0
568.4613084168844,150.0,0.0
568.4617440491036,149.0,0.0
568.4726655611913,150.0,0.0
568.4755012937205,149.0,0.0
568.4840381791322,148.0,0.0
568.4847820758075,147.0,0.0
568.4931638419272,146.0,0.0
568.4947090511268,145.0,0.0
568.5015813696458,144.0,0.0
568.5072577446434,143.0,0.0
568.5097110639864,144.0,0.0
568.5131964908602,143.0,0.0
568.5197905644583,142.0,0.0
568.5199341726915,143.0,0.0
568.520402436267,144.0,0.0
568.5209504320333,145.0,0.0
568.5229062891524,146.0,0.0
568.5286032654278,147.0,0.0
568.5383242465992,146.0,0.0
568.538785941748,147.0,0.0
568.55314857465,146.0,0.0
568.5545686610047,147.0,0.0
568.557095979174,148.0,0.0
568.5587988588543,149.0,0.0
568.558868085033,150.0,0.0
568.575073347521,151.0,0.0
568.5932387358671,150.0,0.0
568.5944321015938,151.0,0.0
568.6158085041089,152.0,0.0
568.6198850258586,151.0,0.0
568.6215894029863,150.0,0.0
568.6267240949003,149.0,0.0
568.6411394084608,150.0,0.0
568.6527685082499,149.0,0.0
568.6532773584527,148.0,0.0
568.654758408982,147.0,0.0
568.6618779010967,148.0,0.0
568.668672538871,147.0,0.0
568.6706161738631,146.0,0.0
568.67674744984,147.0,0.0
568.6769490761351,146.0,0.0
568.6819698720446,147.0,0.0
568.683567396667,148.0,0.0
568.6990419610406,149.0,0.0
568.722572780476,148.0,0.0
568.7260349285264,149.0,0.0
568.7279781344942,148.0,0.0
568.7290993956733,149.0,0.0
568.7354401727731,150.0,0.0
568.7380115725422,149.0,0.0
568.7419064319571,148.0,0.0
568.7452880453983,149.0,0.0
568.7465748104256,150.0,0.0
568.7498327603939,149.0,0.0
568.7500077452719,148.0,0.0
568.7513592736275,149.0,0.0
568.7518301506483,150.0,0.0
568.7590190616772,151.0,0.0
568.7683517778821,150.0,0.0
568.7723672027386,151.0,0.0
568.7745576603578,152.0,0.0
568.7873625821842,153.0,0.0
568.7889117096801,154.0,0.0
568.8039730056486,155.0,0.0
568.8070311593921,154.0,0.0
568.8161621418466,155.0,0.0
568.8211847153411,154.0,0.0
568.8247437211425,155.0,0.0
568.8251646914395,154.0,0.0
568.8254383029287,155.0,0.0
568.83172766869,156.0,0.0
568.834445938371,155.0,0.0
568.8399541423483,154.0,0.0
568.8484837206768,153.0,0.0
568.8499559498691,154.0,0.0
568.8577986603127,153.0,0.0
568.8602259986993,154.0,0.0
568.8614617345675,155.0,0.0
568.8674601236593,154.0,0.0
568.8707276946757,153.0,0.0
568.8737118339169,152.0,0.0
568.8774125528054,153.0,0.0
568.8877801120057,154.0,0.0
568.8878648658913,153.0,0.0
568.8927603596969,154.0,0.0
568.906279628989,155.0,0.0
568.9165393894626,156.0,0.0
568.917412087114,155.0,0.0
568.9312556049781,156.0,0.0
568.933391863174,155.0,0.0
568.9393346227846,154.0,0.0
568.9412016511899,153.0,0.0
568.9429220812509,152.0,0.0
568.9443474067559,153.0,0.0
568.9515436135082,154.0,0.0
568.9536718219639,153.0,0.0
568.9592492503098,152.0,0.0
568.963338520678,151.0,0.0
568.9644909746663,150.0,0.0
568.9769554371608,149.0,0.0
568.9802143753449,148.0,0.0
568.9805323532969,149.0,0.0
568.9855322910724,148.0,0.0
568.9871702640979,147.0,0.0
568.9929328095195,146.0,0.0
568.9969781115506,145.0,0.0
569.0033148113826,146.0,0.0
569.0125088920385,147.0,0.0
569.0133668407449,148.0,0.0
569.0151563362432,149.0,0.0
569.0171156773861,148.0,0.0
569.022351158878,149.0,0.0
569.0284691917905,150.0,0.0
569.0286094337367,151.0,0.0
569.0388176928325,152.0,0.0
569.0422846570809,151.0,0.0
569.044289076436,150.0,0.0
569.046660228851,149.0,0.0
569.0510349676861,148.0,0.0
569.0622254306633,147.0,0.0
569.0634445873637,146.0,0.0
569.0690584464348,145.0,0.0
569.0708771131931,144.0,0.0
569.0802145196516,145.0,0.0
569.0830023146282,146.0,0.0
569.0833779425082,147.0,0.0
569.0840286542534,148.0,0.0
569.0843418468523,149.0,0.0
569.0876850567845,150.0,0.0
569.0911120083819,149.0,0.0
569.0932452279958,148.0,0.0
569.0943596301857,149.0,0.0
569.1147003139104,148.0,0.0
569.117354137784,147.0,0.0
569.1194042885468,148.0,0.0
569.1236185875629,149.0,0.0
569.1283224162777,150.0,0.0
569.1379963413248,151.0,0.0
569.1387493633565,150.0,0.0
569.1431432683722,151.0,0.0
569.1493311716243,150.0,0.0
569.1536516061924,149.0,0.0
569.1606654982223,150.0,0.0
569.1736450678636,149.0,0.0
569.1791545276981,150.0,0.0
569.1815011187326,151.0,0.0
569.1896215916712,150.0,0.0
569.2005816692199,151.0,0.0
569.2031637052271,152.0,0.0
569.2066949339544,153.0,0.0
569.209779415505,152.0,0.0
569.2117962353402,151.0,0.0
569.2272179119028,152.0,0.0
569.2289239251154,151.0,0.0
569.2319657171058,150.0,0.0
569.2377985210791,151.0,0.0
569.2380493585308,152.0,0.0
569.238845529574,151.0,0.0
569.2413228753151,152.0,0.0
569.2441104349856,151.0,0.0
569.2468739449829,152.0,0.0
569.2571111239496,153.0,0.0
569.2673929324053,154.0,0.0
569.2698194079463,155.0,0.0
569.2728568890882,154.0,0.0
569.2759645689496,153.0,0.0
569.2902481878521,152.0,0.0
569.3104668384977,151.0,0.0
569.3157119611616,150.0,0.0
569.318917258765,149.0,0.0
569.3194410726801,148.0,0.0
569.3303663886703,147.0,0.0
569.3391124541865,146.0,0.0
569.3397248233904,145.0,0.0
569.3469889986287,144.0,0.0
569.3553432596455,143.0,0.0
569.3570300494396,142.0,0.0
569.357342718727,143.0,0.0
569.3609543880341,142.0,0.0
569.3614262548889,141.0,0.0
569.3639400892953,140.0,0.0
569.3669943594984,139.0,0.0
569.3670829441902,140.0,0.0
569.3741126464588,139.0,0.0
569.3764632421764,140.0,0.0
569.3810823115139,139.0,0.0
569.4066043746188,140.0,0.0
569.4086765298003,139.0,0.0
569.41145470791,138.0,0.0
569.4114996156051,137.0,0.0
569.412194219996,138.0,0.0
569.4212870142954,137.0,0.0
569.4238882850915,138.0,0.0
569.4349412611715,137.0,0.0
569.4381410488771,138.0,0.0
569.4433779625871,137.0,0.0
569.447205114782,136.0,0.0
569.4485487236441,135.0,0.0
569.4527133489436,136.0,0.0
569.4533024326404,137.0,0.0
569.4597030832012,136.0,0.0
569.4613136334744,137.0,0.0
569.4695919250065,136.0,0.0
569.469866703501,137.0,0.0
569.4760828807648,136.0,0.0
569.4762920816006,137.0,0.0
569.4791098968847,136.0,0.0
569.4871346398137,135.0,0.0
569.4894277648657,136.0,0.0
569.4899561240439,135.0,0.0
569.4924802683146,134.0,0.0
569.4930022491675,133.0,0.0
569.4939125232117,132.0,0.0
569.5032943997506,133.0,0.0
569.5088983114449,134.0,0.0
569.5100802966365,133.0,0.0
569.5129694209646,134.0,0.0
569.5166141609993,133.0,0.0
569.5217706757319,134.0,0.0
569.53054800514,135.0,0.0
569.5312437583133,136.0,0.0
569.5330566155612,137.0,0.0
569.5333492912026,138.0,0.0
569.5418742977962,139.0,0.0
569.5493246799148,140.0,0.0
569.5543364969361,141.0,0.0
569.557118037676,140.0,0.0
569.5759102800228,139.0,0.0
569.5826796901281,140.0,0.0
569.58533990922,141.0,0.0
569.5856359198867,140.0,0.0
569.6004502082895,141.0,0.0
569.6081699839293,142.0,0.0
569.6092432570985,143.0,0.0
569.6301467619227,142.0,0.0
569.6373995382902,143.0,0.0
569.6474484008692,142.0,0.0
569.6520410463347,141.0,0.0
569.6521140283295,140.0,0.0
569.654241141214,141.0,0.0
569.6545754758763,140.0,0.0
569.6556837790292,141.0,0.0
569.6630890180212,142.0,0.0
569.665142810058,141.0,0.0
569.6651486843873,140.0,0.0
569.667541671113,141.0,0.0
569.6935465431975,140.0,0.0
569.7107252669385,139.0,0.0
569.7157461463687,138.0,0.0
569.7203052785675,139.0,0.0
569.7287320028989,140.0,0.0
569.7726130225193,139.0,0.0
569.7744445960798,138.0,0.0
569.7803130633063,137.0,0.0
569.7878131774534,138.0,0.0
569.8043097583908,137.0,0.0
569.8147980310874,136.0,0.0
569.8197502629002,135.0,0.0
569.8256701084078,134.0,0.0
569.8287393460063,133.0,0.0
569.8307668856194,134.0,0.0
569.8421993001864,135.0,0.0
569.8429812087772,134.0,0.0
569.8445656687819,135.0,0.0
569.8470161685655,134.0,0.0
569.8672846804535,133.0,0.0
569.868370070397,132.0,0.0
569.8724572387133,133.0,0.0
569.8804409923749,134.0,0.0
569.8924195057502,133.0,0.0
569.892857933511,132.0,0.0
569.8930076105272,133.0,0.0
569.8976605378131,134.0,0.0
569.8984536580247,135.0,0.0
569.9017518402514,134.0,0.0
569.903429943293,133.0,0.0
569.9053734869694,134.0,0.0
569.9070219492789,133.0,0.0
569.9090051112368,132.0,0.0
569.9126815766464,131.0,0.0
569.9177249974925,132.0,0.0
569.927795643355,133.0,0.0
569.954268083044,132.0,0.0
569.9617355608526,133.0,0.0
569.9650374960081,132.0,0.0
569.9654846484716,131.0,0.0
569.9693071379113,132.0,0.0
569.9775730842072,133.0,0.0
569.9872596289798,134.0,0.0
570.0003717472066,135.0,0.0
570.0102055944426,136.0,0.0
570.01537440308,135.0,0.0
570.0184924611223,134.0,0.0
570.0186993783317,135.0,0.0
570.0419904219565,134.0,0.0
570.0524752375957,133.0,0.0
570.0607342899821,132.0,0.0
570.0633053266467,131.0,0.0
570.0635483850114,132.0,0.0
570.0651000275398,131.0,0.0
570.0662417180276,130.0,0.0
570.0703668830712,129.0,0.0
570.0712701050103,128.0,0.0
570.0729681463645,127.0,0.0
570.0766594027089,126.0,0.0
570.0821215155936,127.0,0.0
570.0883227797185,126.0,0.0
570.0977506197626,125.0,0.0
570.1205629689816,124.0,0.0
570.1215450227214,123.0,0.0
570.1389554448476,124.0,0.0
570.147420573213,123.0,0.0
570.1574252747603,122.0,0.0
570.1612279444658,121.0,0.0
570.1720866722578,120.0,0.0
570.1751374298037,119.0,0.0
570.1780513355919,118.0,0.0
570.1892598724602,119.0,0.0
570.1943833856214,118.0,0.0
570.2031614774645,119.0,0.0
570.2054918691986,118.0,0.0
570.2141238877114,117.0,0.0
570.2341902307616,118.0,0.0
570.2384816448247,119.0,0.0
570.2399460661651,118.0,0.0
570.2417588149076,119.0,0.0
570.2471681668842,120.0,0.0
570.2541861726874,119.0,0.0
570.2543463697824,120.0,0.0
570.2547043893828,119.0,0.0
570.2640747606998,118.0,0.0
570.2733033194285,119.0,0.0
570.2818825538051,118.0,0.0
570.2867289997495,117.0,0.0
570.2875351433329,116.0,0.0
570.2937231196398,115.0,0.0
570.3093854882799,114.0,0.0
570.3125948492478,113.0,0.0
570.3233829050607,112.0,0.0
570.3312200956296,111.0,0.0
570.3319717840651,110.0,0.0
570.3361781156407,109.0,0.0
570.3410378833362,108.0,0.0
570.3459060819936,109.0,0.0
570.3485977884585,110.0,0.0
570.3521282948442,109.0,0.0
570.3542054720184,110.0,0.0
570.365172145971,109.0,0.0
570.3680946534989,110.0,0.0
570.3761219992753,109.0,0.0
570.3779932193953,108.0,0.0
570.3884954776181,107.0,0.0
570.3968192490187,108.0,0.0
570.4000516576233,109.0,0.0
570.4073688282627,108.0,0.0
570.4444688144863,107.0,0.0
570.4451089080488,106.0,0.0
570.4645564220443,105.0,0.0
570.4683429760559,104.0,0.0
570.4869396125806,103.0,0.0
570.5037272011815,104.0,0.0
570.5099935369775,103.0,0.0
570.5246234568443,102.0,0.0
570.5249394893168,101.0,0.0
570.5263550853472,102.0,0.0
570.5271020229255,101.0,0.0
570.5365440990504,100.0,0.0
570.5428937517368,101.0,0.0
570.5437802250555,100.0,0.0
570.5495743486902,101.0,0.0
570.5529992559568,100.0,0.0
570.557959221245,101.0,0.0
570.5651004117652,100.0,0.0
570.5701962906899,99.0,0.0
570.5770146423132,98.0,0.0
570.5873627178897,99.0,0.0
570.5937560148568,100.0,0.0
570.6053732071271,99.0,0.0
570.6091858305092,100.0,0.0
570.6169573064415,99.0,0.0
570.6173646173064,100.0,0.0
570.6234363852201,99.0,0.0
570.6382726435451,98.0,0.0
570.6476808120232,99.0,0.0
570.6807530510166,98.0,0.0
570.6830087521532,99.0,0.0
570.6873560033923,98.0,0.0
570.6880736009126,97.0,0.0
570.7071433379997,98.0,0.0
570.7173489893947,97.0,0.0
570.721641291157,96.0,0.0
570.7308400526107,95.0,0.0
570.7311801020671,96.0,0.0
570.7497508646057,95.0,0.0
570.7522308973316,96.0,0.0
570.7609047758766,95.0,0.0
570.7649857893857,94.0,0.0
570.7707781771765,93.0,0.0
570.7802435521769,92.0,0.0
570.7818856312222,91.0,0.0
570.7903368692165,90.0,0.0
570.7998214214532,91.0,0.0
570.8496871108589,90.0,0.0
570.872855738761,89.0,0.0
570.8922290419553,90.0,0.0
570.8947319703472,91.0,0.0
570.8955337600198,90.0,0.0
570.9082265703554,89.0,0.0
570.9091756658859,88.0,0.0
570.910948317867,87.0,0.0
570.9127743898255,86.0,0.0
570.9407591991871,85.0,0.0
570.9416140764127,84.0,0.0
570.9477703385186,85.0,0.0
570.9570436622031,86.0,0.0
570.9598620185307,85.0,0.0
570.9728012293498,84.0,0.0
570.9748341996811,83.0,0.0
570.9804484921353,82.0,0.0
570.9959124678869,81.0,0.0
571.013481012314,80.0,0.0
571.014245818862,79.0,0.0
571.0229759828327,80.0,0.0
571.0241357674234,79.0,0.0
571.0276598482525,78.0,0.0
571.0282061694894,77.0,0.0
571.0337259536739,76.0,0.0
571.0362515392934,75.0,0.0
571.0404726705088,74.0,0.0
571.0518383988637,73.0,0.0
571.0681880587407,72.0,0.0
571.079060755562,73.0,0.0
571.0925661424011,72.0,0.0
571.0942249721551,71.0,0.0
571.0959930915575,72.0,0.0
571.106854604991,71.0,0.0
571.1080756329186,72.0,0.0
571.1117998907506,71.0,0.0
571.1141412846225,72.0,0.0
571.1324097540937,71.0,0.0
571.1336861098878,70.0,0.0
571.1352186149758,71.0,0.0
571.1429934101707,72.0,0.0
571.1459137611624,71.0,0.0
571.1497660904088,72.0,0.0
571.1523903748738,71.0,0.0
571.152747026092,72.0,0.0
571.1586022214333,73.0,0.0
571.1618191604895,74.0,0.0
571.1734349707381,75.0,0.0
571.1756589946893,76.0,0.0
571.1767415022308,77.0,0.0
571.1798151036872,76.0,0.0
571.1815023280258,75.0,0.0
571.1817243090678,76.0,0.0
571.1827777652496,77.0,0.0
571.1828332516801,78.0,0.0
571.1839414952664,79.0,0.0
571.1841783075001,78.0,0.0
571.2275071510788,77.0,0.0
571.2333698108583,76.0,0.0
571.2345004960542,77.0,0.0
571.2402203930901,76.0,0.0
571.2411403665564,75.0,0.0
571.2464509883114,74.0,0.0
571.246700576803,73.0,0.0
571.2634640765444,72.0,0.0
571.2708773082377,71.0,0.0
571.2732258435044,70.0,0.0
571.2769444387648,69.0,0.0
571.290869513668,68.0,0.0
571.2927481625541,67.0,0.0
571.3189132749764,68.0,0.0
571.3215505425491,69.0,0.0
571.3388322752996,68.0,0.0
571.3476762804895,67.0,0.0
571.3633707016828,68.0,0.0
571.3657635591368,69.0,0.0
571.3771470763568,68.0,0.0
571.3828879339528,67.0,0.0
571.3959385844555,66.0,0.0
571.3995942281905,65.0,0.0
571.4067511504758,64.0,0.0
571.4086290123132,63.0,0.0
571.4139240325893,62.0,0.0
571.4373611274345,61.0,0.0
571.4498098351742,60.0,0.0
571.450722741341,59.0,0.0
571.4538666592106,60.0,0.0
571.4584253107861,61.0,0.0
571.4584898775264,62.0,0.0
571.4659673330472,63.0,0.0
571.4715043909442,64.0,0.0
571.47308774699,63.0,0.0
571.4805085304275,64.0,0.0
571.4951505280058,65.0,0.0
571.5065671522477,64.0,0.0
571.5272632586211,65.0,0.0
571.5321484854531,64.0,0.0
571.5397881653669,63.0,0.0
571.5488699930045,62.0,0.0
571.5513888655489,61.0,0.0
571.5615738027086,62.0,0.0
571.5732709752286,63.0,0.0
571.5799893999334,62.0,0.0
571.5836208583532,61.0,0.0
571.5858040302637,62.0,0.0
571.5965719978224,63.0,0.0
571.6192460607914,62.0,0.0
571.6198935957406,63.0,0.0
571.6226819604242,64.0,0.0
571.6317835510619,63.0,0.0
571.6342090667514,62.0,0.0
571.6490902330424,61.0,0.0
571.6520607137502,60.0,0.0
571.6574920635724,59.0,0.0
571.6762575576677,58.0,0.0
571.6820470913503,59.0,0.0
571.6946582052637,58.0,0.0
571.7060175290159,59.0,0.0
571.7082744729867,60.0,0.0
571.7192723696465,59.0,0.0
571.7265497347427,60.0,0.0
571.7272905903991,61.0,0.0
571.7283688200646,60.0,0.0
571.7306299257012,61.0,0.0
571.7335993950657,60.0,0.0
571.7408248499149,61.0,0.0
571.7479661323321,60.0,0.0
571.7504017494153,61.0,0.0
571.758690748609,60.0,0.0
571.7590922200347,59.0,0.0
571.7625060708638,60.0,0.0
571.7637921484771,61.0,0.0
571.7681400685976,60.0,0.0
571.7766149263928,61.0,0.0
571.7794944228814,60.0,0.0
571.7828187894812,61.0,0.0
571.8062053122857,60.0,0.0
571.8286293673349,59.0,0.0
571.8292407317545,58.0,0.0
571.8309301556524,57.0,0.0
571.8361951769651,56.0,0.0
571.8362110509819,55.0,0.0
571.8391958604524,56.0,0.0
571.8461744073984,57.0,0.0
571.8618344805699,56.0,0.0
571.8667538715392,55.0,0.0
571.8745770123578,56.0,0.0
571.874705111703,57.0,0.0
571.8793470891844,58.0,0.0
571.888321553241,57.0,0.0
571.8948773448499,56.0,0.0
571.9400803798552,55.0,0.0
571.9407191104634,54.0,0.0
571.9420099569556,53.0,0.0
571.9514402850206,52.0,0.0
571.9650290907065,51.0,0.0
571.9705806307769,50.0,0.0
571.9709971934565,49.0,0.0
571.9813015769117,50.0,0.0
571.9935366382178,49.0,0.0
572.0114505509424,48.0,0.0
572.0185170239379,49.0,0.0
572.0185867753901,48.0,0.0
572.0226748502866,47.0,0.0
572.0316631364575,46.0,0.0
572.034862105517,45.0,0.0
572.034956392339,46.0,0.0
572.0353614332441,45.0,0.0
572.0366722999523,44.0,0.0
572.0478869905622,43.0,0.0
572.0520989640653,42.0,0.0
572.0728269123679,43.0,0.0
572.0733306467919,42.0,0.0
572.0741757740519,41.0,0.0
572.0816840500433,42.0,0.0
572.1212086415895,43.0,0.0
572.1230672270633,44.0,0.0
572.1292900540233,43.0,0.0
572.1319741027743,44.0,0.0
572.1504818104241,43.0,0.0
572.1546514246577,42.0,0.0
572.1552495894216,41.0,0.0
572.1554053967475,40.0,0.0
572.1574990804072,41.0,0.0
572.1587207258113,40.0,0.0
572.180912501978,39.0,0.0
572.1942813353052,40.0,0.0
572.2104972568676,39.0,0.0
572.2116765868104,38.0,0.0
572.2163495480308,37.0,0.0
572.222484259009,36.0,0.0
572.2475563721176,37.0,0.0
572.2482349411029,36.0,0.0
572.2528762217347,35.0,0.0
572.2658359275629,36.0,0.0
572.2703081615913,35.0,0.0
572.2911847647623,36.0,0.0
572.2948639163288,35.0,0.0
572.307606999739,36.0,0.0
572.3268566183458,37.0,0.0
572.333956033411,36.0,0.0
572.335828544608,35.0,0.0
572.336180838306,36.0,0.0
572.3632548820822,35.0,0.0
572.3662875349264,34.0,0.0
572.3792056662688,35.0,0.0
572.3803001894092,34.0,0.0
572.3829484469046,33.0,0.0
572.3856729434409,32.0,0.0
572.4053619867517,31.0,0.0
572.4073573092362,30.0,0.0
572.4300027146747,29.0,0.0
572.4342198619319,28.0,0.0
572.4716857331554,27.0,0.0
572.4935576704246,28.0,0.0
572.5002394146778,27.0,0.0
572.501868059888,26.0,0.0
572.5148671229655,25.0,0.0
572.5156858571164,24.0,0.0
572.5315567961048,23.0,0.0
572.5511030071362,22.0,0.0
572.5630360080038,21.0,0.0
572.5679062236162,20.0,0.0
572.5905544370673,19.0,0.0
572.5945990523265,18.0,0.0
572.5972913108596,19.0,0.0
572.601155658066,18.0,0.0
572.6123375502984,17.0,0.0
572.6124827405948,16.0,0.0
572.6130474703963,15.0,0.0
572.6186208973019,14.0,0.0
572.6254503831797,13.0,0.0
572.6283883906185,12.0,0.0
572.6299972335511,11.0,0.0
572.6368705563028,10.0,0.0
572.6386393618054,9.0,0.0
572.6453199093282,8.0,0.0
572.6479319147577,9.0,0.0
572.6622047208317,8.0,0.0
572.6676818497335,7.0,0.0
572.668209478633,8.0,0.0
572.679454631194,7.0,0.0
572.6872015150074,6.0,0.0
572.7161464299156,7.0,0.0
572.7483263104045,6.0,0.0
572.7789551322101,5.0,0.0
572.787894711704,4.0,0.0
572.8006664068365,3.0,0.0
572.8110698197381,2.0,0.0
572.8133351499494,1.0,0.0
572.8162396235319,0.0,0.0
572.8452892881038,1.0,0.0
572.862271238707,0.0,0.0
572.8820353921627,1.0,0.0
572.8964246221873,0.0,0.0
572.904375009844,1.0,0.0
572.9080754002223,0.0,0.0
572.9278797789758,1.0,0.0
572.9552476322896,0.0,0.0
572.9817085097189,1.0,0.0
572.9982051937943,0.0,0.0
573.016889014609,1.0,0.0
573.0260246380308,2.0,0.0
573.0264331613989,1.0,0.0
573.0544697783359,2.0,0.0
573.0555525208299,1.0,0.0
573.0628069235322,0.0,0.0
573.0995282781143,1.0,0.0
573.1085613267005,0.0,0.0
573.1123011713114,1.0,0.0
573.1223120570289,2.0,0.0
573.1236435764199,1.0,0.0
573.1419493402345,2.0,0.0
573.1451236783187,1.0,0.0
573.1987344647436,2.0,0.0
573.2018751724642,3.0,0.0
573.2097304460283,2.0,0.0
573.2223570363551,1.0,0.0
573.2449495237254,0.0,0.0
573.302873634152,1.0,0.0
573.3095297964396,0.0,0.0
573.3414469646121,1.0,0.0
573.3576475892919,0.0,0.0
573.387317949531,1.0,0.0
573.4114336537423,0.0,0.0
573.4232799188824,1.0,0.0
573.4244808444284,2.0,0.0
573.4313620177807,1.0,0.0
573.4448157765581,2.0,0.0
573.4776613487379,3.0,0.0
573.4881460473492,2.0,0.0
573.4886553694004,3.0,0.0
573.490682960994,2.0,0.0
573.5040712958711,1.0,0.0
573.5127257357749,2.0,0.0
573.518205765226,3.0,0.0
573.520084704655,4.0,0.0
573.5272844456546,3.0,0.0
573.534039192249,2.0,0.0
573.5612920724234,1.0,0.0
573.5640103763226,0.0,0.0
573.5941193015328,1.0,0.0
573.6038934878142,0.0,0.0
573.6195353688216,1.0,0.0
573.6622304866307,0.0,0.0
573.6675759240745,1.0,0.0
573.6816533513864,2.0,0.0
573.7196068624627,3.0,0.0
573.7300388501625,2.0,0.0
573.801846501235,3.0,0.0
573.823970651988,2.0,0.0
573.8340120351471,1.0,0.0
573.8486995732936,0.0,0.0
573.854414374393,1.0,0.0
573.8745532007192,0.0,0.0
573.8848387567933,1.0,0.0
573.89962677085,0.0,0.0
573.911684655995,1.0,0.0
573.9541006796718,2.0,0.0
573.9647121972803,1.0,0.0
573.9753051033973,0.0,0.0
573.9930816554483,1.0,0.0
573.9975896444569,2.0,0.0
574.0140724006955,1.0,0.0
574.0297563647988,0.0,0.0
574.061787303679,1.0,0.0
574.0677776549513,0.0,0.0
574.1004666590748,1.0,0.0
574.1075637404026,0.0,0.0
574.2022782245508,1.0,0.0
574.2221968522757,0.0,0.0
574.261360059324,1.0,0.0
574.2693273737325,0.0,0.0
574.3502968944177,1.0,0.0
574.3613155860157,0.0,0.0
574.4096712081953,1.0,0.0
574.4190417350987,2.0,0.0
574.420629721847,1.0,0.0
574.426627890722,2.0,0.0
574.4333946615048,1.0,0.0
574.438621732066,0.0,0.0
574.532337866474,1.0,0.0
574.5558845191214,2.0,0.0
574.5612539930769,1.0,0.0
574.5636620309183,0.0,0.0
574.619602971957,1.0,0.0
574.6234007133254,2.0,0.0
574.6421302396984,1.0,0.0
574.6433507425014,0.0,0.0
574.6994641077508,1.0,0.0
574.7095526220234,2.0,0.0
574.7164869994699,1.0,0.0
574.724565300806,2.0,0.0
574.7465541520206,1.0,0.0
574.7672363881584,0.0,0.0
574.862088549158,1.0,0.0
574.9058328398121,0.0,0.0
574.9092697240263,1.0,0.0
574.9379418570742,0.0,0.0
574.9514790697084,1.0,0.0
574.99756747794,0.0,0.0
575.0269099605027,1.0,0.0
575.0270583089266,2.0,0.0
575.0297709406502,1.0,0.0
575.047817435577,0.0,0.0
575.0607948823734,1.0,0.0
575.078453602658,0.0,0.0
575.0827111049406,1.0,0.0
575.0854493493317,0.0,0.0
575.1040719912254,1.0,0.0
575.1159441061562,2.0,0.0
575.1163355283305,1.0,0.0
575.1355852596271,0.0,0.0
575.1425570828707,1.0,0.0
575.1442330284276,0.0,0.0
575.1518103555775,1.0,0.0
575.1736003829637,0.0,0.0
575.1785401439672,1.0,0.0
575.1877322758503,2.0,0.0
575.1958262735967,1.0,0.0
575.216036622787,2.0,0.0
575.2303948333248,3.0,0.0
575.2349136243594,2.0,0.0
575.247930647824,3.0,0.0
575.2691958316512,2.0,0.0
575.2883334884369,3.0,0.0
575.2924453899225,4.0,0.0
575.2957746994397,3.0,0.0
575.3033801137104,2.0,0.0
575.3216109270004,3.0,0.0
575.3244124456589,2.0,0.0
575.3484581373044,1.0,0.0
575.3694021946626,0.0,0.0
575.438288428725,1.0,0.0
575.4427001496259,0.0,0.0
575.4473996802943,1.0,0.0
575.4660667735309,0.0,0.0
575.5039695033876,1.0,0.0
575.5216821281454,0.0,0.0
575.5352723085382,1.0,0.0
575.5454366094282,0.0,0.0
575.60600504973,1.0,0.0
575.609760891286,0.0,0.0
575.6201404208305,1.0,0.0
575.6290272963415,0.0,0.0
575.7070243145965,1.0,0.0
575.7255278516026,0.0,0.0
575.7507032865052,1.0,0.0
575.7657473627714,0.0,0.0
575.8038678701568,1.0,0.0
575.8092965468801,2.0,0.0
575.8143572919223,1.0,0.0
575.8599350830744,2.0,0.0
575.8607155692173,3.0,0.0
575.8941466698424,2.0,0.0
575.8944303863495,1.0,0.0
575.9362022431218,2.0,0.0
575.9531722703248,1.0,0.0
575.9632600628197,0.0,0.0
575.9776448064218,1.0,0.0
575.9780802433186,0.0,0.0
576.0267325211909,1.0,0.0
576.0336325442847,0.0,0.0
576.0441579086844,1.0,0.0
576.0563876114516,0.0,0.0
576.0783577108652,1.0,0.0
576.1094691027931,0.0,0.0
576.1108937474235,1.0,0.0
576.1171160143905,0.0,0.0
576.1306533300536,1.0,0.0
576.170070814172,0.0,0.0
576.1738604631821,1.0,0.0
576.1983677113078,2.0,0.0
576.2018001505633,1.0,0.0
576.2107221743205,0.0,0.0
576.2136118887388,1.0,0.0
576.2373826965875,2.0,0.0
576.2499576820583,1.0,0.0
576.2623001703516,0.0,0.0
576.2627060950239,1.0,0.0
576.2627597192227,0.0,0.0
576.2844132678076,1.0,0.0
576.2935331224863,0.0,0.0
576.3230334752847,1.0,0.0
576.3231334194115,0.0,0.0
576.3622975213256,1.0,0.0
576.3900301988087,2.0,0.0
576.3918532772224,3.0,0.0
576.3979998103943,2.0,0.0
576.4075182179398,3.0,0.0
576.4116166448468,2.0,0.0
576.4145984923524,3.0,0.0
576.4334181737786,2.0,0.0
576.4463711260997,1.0,0.0
576.4476616454212,2.0,0.0
576.4537100297915,1.0,0.0
576.4550667808905,2.0,0.0
576.4558600073157,3.0,0.0
576.455864977781,2.0,0.0
576.4633865336764,1.0,0.0
576.4655711180931,0.0,0.0
576.4874624479119,1.0,0.0
576.5061920140135,2.0,0.0
576.5071106425661,3.0,0.0
576.5091847572764,2.0,0.0
576.5118438635154,1.0,0.0
576.5779836630227,0.0,0.0
576.5833280513834,1.0,0.0
576.5987805502172,2.0,0.0
576.5997000345155,3.0,0.0
576.6011060448474,4.0,0.0
576.6025843068114,5.0,0.0
576.6055068242306,6.0,0.0
576.623325599606,5.0,0.0
576.6372210295708,4.0,0.0
576.6381950750806,3.0,0.0
576.6414912604827,2.0,0.0
576.6514534424656,1.0,0.0
576.6532409461183,2.0,0.0
576.6588939824343,3.0,0.0
576.6712712008792,4.0,0.0
576.6759625781848,5.0,0.0
576.6870028551102,4.0,0.0
576.7129336971132,5.0,0.0
576.7135392856453,4.0,0.0
576.7140815041259,3.0,0.0
576.739371202785,2.0,0.0
576.7467760434189,1.0,0.0
576.7542815022601,0.0,0.0
576.7828782445462,1.0,0.0
576.7984034464417,2.0,0.0
576.8031456664927,3.0,0.0
576.806380624089,2.0,0.0
576.820197594016,1.0,0.0
576.8275034094052,2.0,0.0
576.8424924270981,3.0,0.0
576.8515440885553,2.0,0.0
576.8723179329769,1.0,0.0
576.8837013500284,0.0,0.0
576.894190439705,1.0,0.0
576.8963811179156,0.0,0.0
576.9225512658508,1.0,0.0
576.92469260232,0.0,0.0
576.9319793213177,1.0,0.0
576.9339538047202,2.0,0.0
576.9449436764534,1.0,0.0
576.9567196826337,2.0,0.0
576.9773155597916,3.0,0.0
576.9833811554977,4.0,0.0
576.9868904883164,3.0,0.0
576.9873650637915,4.0,0.0
577.0006406813293,5.0,0.0
577.0007934752256,4.0,0.0
577.0039874849231,3.0,0.0
577.0174869079593,2.0,0.0
577.0190170258439,1.0,0.0
577.0411082007338,0.0,0.0
577.0461641671977,1.0,0.0
577.0482892589677,2.0,0.0
577.0594996636765,1.0,0.0
577.0623136626564,0.0,0.0
577.0663419386217,1.0,0.0
577.0742462876157,2.0,0.0
577.0788047354602,1.0,0.0
577.1051859446943,0.0,0.0
577.115931245285,1.0,0.0
577.1182293773736,0.0,0.0
577.1458641736742,1.0,0.0
577.1468447834435,0.0,0.0
577.1692891999265,1.0,0.0
577.1895024571427,2.0,0.0
577.1957731170253,1.0,0.0
577.2452959366829,0.0,0.0
577.2688056886012,1.0,0.0
577.2713942541958,0.0,0.0
577.2860141244764,1.0,0.0
577.327061989516,0.0,0.0
577.3377895532177,1.0,0.0
577.344030976332,2.0,0.0
577.3464227251861,1.0,0.0
577.3536152819715,2.0,0.0
577.367287831026,3.0,0.0
577.3922602410107,2.0,0.0
577.4370321967963,1.0,0.0
577.4394163464264,2.0,0.0
577.4442756691734,3.0,0.0
577.4494056606678,2.0,0.0
577.4667479065369,1.0,0.0
577.4752283396527,2.0,0.0
577.4835774858789,3.0,0.0
577.484401645098,2.0,0.0
577.488034718929,3.0,0.0
577.4939218159085,4.0,0.0
577.4993448500253,5.0,0.0
577.504812295611,6.0,0.0
577.5199354342882,5.0,0.0
577.5258064516752,6.0,0.0
577.5404299680845,5.0,0.0
577.5423834729428,4.0,0.0
577.5424238308952,5.0,0.0
577.5427136890839,6.0,0.0
577.54306371308,5.0,0.0
577.5529502218957,6.0,0.0
577.5580585038705,7.0,0.0
577.5585820842969,8.0,0.0
577.57649090392,9.0,0.0
577.588752462169,8.0,0.0
577.5914642899381,9.0,0.0
577.5953582677805,8.0,0.0
577.5977948208122,9.0,0.0
577.6024181569112,10.0,0.0
577.605912062486,9.0,0.0
577.6140120389834,8.0,0.0
577.626597269271,9.0,0.0
577.6276474792853,8.0,0.0
577.6372090979479,9.0,0.0
577.6431050446665,8.0,0.0
577.6441438657216,7.0,0.0
577.646167469397,8.0,0.0
577.648686688609,9.0,0.0
577.6516719766903,10.0,0.0
577.6522117358323,9.0,0.0
577.6535701972978,10.0,0.0
577.6537725804833,11.0,0.0
577.6560869474663,10.0,0.0
577.669275949331,11.0,0.0
577.6790898892164,10.0,0.0
577.6805139144199,11.0,0.0
577.6822572812766,12.0,0.0
577.6856557663258,11.0,0.0
577.7202420529906,12.0,0.0
577.7202616215774,11.0,0.0
577.7252073823645,10.0,0.0
577.7281713558235,9.0,0.0
577.7288307596544,10.0,0.0
577.7298753723271,11.0,0.0
577.7357549120117,12.0,0.0
577.7442812750355,13.0,0.0
577.7480230631272,12.0,0.0
577.7516683649258,11.0,0.0
577.7694903080708,12.0,0.0
577.7718971253915,13.0,0.0
577.8055698071615,14.0,0.0
577.8067135991952,15.0,0.0
577.819048796639,16.0,0.0
577.8243147282194,15.0,0.0
577.8273012657172,14.0,0.0
577.83437559847,13.0,0.0
577.8352575668783,14.0,0.0
577.8418420456323,13.0,0.0
577.8560392225099,12.0,0.0
577.8724030744022,13.0,0.0
577.8904333957181,12.0,0.0
577.9049640700626,11.0,0.0
577.9182153562052,10.0,0.0
577.9243075411141,11.0,0.0
577.9362657457547,12.0,0.0
577.9427404968812,13.0,0.0
577.9492867143438,12.0,0.0
577.9510600359847,13.0,0.0
577.9526963784809,12.0,0.0
577.9537278224402,13.0,0.0
577.9623209743316,12.0,0.0
577.9651826477267,11.0,0.0
577.9731139766451,10.0,0.0
577.9769245013972,11.0,0.0
577.9807718212264,10.0,0.0
577.9849453248697,9.0,0.0
577.9929048678976,10.0,0.0
578.0004351773122,9.0,0.0
578.0036163747646,8.0,0.0
578.008881518322,7.0,0.0
578.023215229755,6.0,0.0
578.027913941587,7.0,0.0
578.0327688458596,8.0,0.0
578.0375704403406,9.0,0.0
578.0403341595465,10.0,0.0
578.0679569286822,9.0,0.0
578.0852017283175,10.0,0.0
578.0858426536504,11.0,0.0
578.0936350035228,12.0,0.0
578.1061542742582,13.0,0.0
578.1164090448642,14.0,0.0
578.1205758789456,15.0,0.0
578.1398981738901,16.0,0.0
578.1403404876258,17.0,0.0
578.140364225277,18.0,0.0
578.142118689603,17.0,0.0
578.1646674139837,16.0,0.0
578.1692596349101,15.0,0.0
578.1692835156174,16.0,0.0
578.1702864018067,15.0,0.0
578.1774372236074,14.0,0.0
578.1801154995482,15.0,0.0
578.1878219494207,16.0,0.0
578.18801216592,17.0,0.0
578.1936006466398,16.0,0.0
578.193945685703,17.0,0.0
578.1970473300962,18.0,0.0
578.2116063066059,19.0,0.0
578.212173916807,20.0,0.0
578.2215100727508,21.0,0.0
578.2294043380015,22.0,0.0
578.2321897303846,23.0,0.0
578.2384856797621,22.0,0.0
578.2430020764594,21.0,0.0
578.2443269123884,22.0,0.0
578.2445362113117,23.0,0.0
578.2469807697149,22.0,0.0
578.2528766086187,23.0,0.0
578.2530219497995,22.0,0.0
578.2554557769744,23.0,0.0
578.2610577361321,22.0,0.0
578.2625183210832,21.0,0.0
578.2763463253999,20.0,0.0
578.2797781496869,19.0,0.0
578.2807204379951,18.0,0.0
578.284611906847,19.0,0.0
578.2889990072372,18.0,0.0
578.2974291405106,19.0,0.0
578.3002140740991,18.0,0.0
578.316224446653,19.0,0.0
578.3213354634252,18.0,0.0
578.3214428927043,17.0,0.0
578.3236679850293,18.0,0.0
578.3311968251755,17.0,0.0
578.3313486394259,16.0,0.0
578.3320022300736,15.0,0.0
578.335111976957,14.0,0.0
578.3358862352353,13.0,0.0
578.3431172477142,14.0,0.0
578.3438116519045,13.0,0.0
578.3491233151558,14.0,0.0
578.3512483535167,15.0,0.0
578.3572518784058,16.0,0.0
578.3577733284213,17.0,0.0
578.3597764373915,18.0,0.0
578.3615312449381,17.0,0.0
578.3621899972593,18.0,0.0
578.3787293406369,17.0,0.0
578.383463981983,18.0,0.0
578.3911719410427,19.0,0.0
578.3920353256132,20.0,0.0
578.4110209835285,19.0,0.0
578.4169737024908,20.0,0.0
578.4260153374075,21.0,0.0
578.4294529949362,20.0,0.0
578.4412691266136,21.0,0.0
578.4460581419065,22.0,0.0
578.4640844106264,21.0,0.0
578.468067318482,20.0,0.0
578.4719081049568,21.0,0.0
578.4772068375834,20.0,0.0
578.4802412861097,21.0,0.0
578.501355963232,20.0,0.0
578.5069209597806,21.0,0.0
578.5120992552377,22.0,0.0
578.5197623653645,23.0,0.0
578.5208207120261,24.0,0.0
578.5288690615417,23.0,0.0
578.5400758665699,22.0,0.0
578.5437729008825,23.0,0.0
578.5550030904694,24.0,0.0
578.555040962894,23.0,0.0
578.555452056843,24.0,0.0
578.5565087479974,25.0,0.0
578.5620670490786,24.0,0.0
578.5720873775138,25.0,0.0
578.5832336661654,26.0,0.0
578.5868691371077,25.0,0.0
578.606849464299,26.0,0.0
578.6099120949104,25.0,0.0
578.6167162744233,26.0,0.0
578.6186464488675,25.0,0.0
578.6192225126908,24.0,0.0
578.6235074164332,25.0,0.0
578.6373532241877,26.0,0.0
578.6502680988486,25.0,0.0
578.6574427934129,26.0,0.0
578.6609279033888,27.0,0.0
578.6714692504506,28.0,0.0
578.6815016339775,27.0,0.0
578.6895273479566,28.0,0.0
578.6916070925199,29.0,0.0
578.6932981865679,30.0,0.0
578.6966004955665,31.0,0.0
578.703222855483,30.0,0.0
578.7037316870382,31.0,0.0
578.7420837885084,32.0,0.0
578.7507254514733,33.0,0.0
578.7541545668983,32.0,0.0
578.758551040405,31.0,0.0
578.7761969482043,30.0,0.0
578.7770123169886,29.0,0.0
578.7792344505732,30.0,0.0
578.7867090512575,31.0,0.0
578.797884008029,30.0,0.0
578.8025032203602,29.0,0.0
578.8114910851264,30.0,0.0
578.8189970934528,31.0,0.0
578.8201471624407,32.0,0.0
578.8259200417288,31.0,0.0
578.8467260914591,32.0,0.0
578.8543250569393,33.0,0.0
578.8552390885493,34.0,0.0
578.8571985646178,35.0,0.0
578.8611953716423,34.0,0.0
578.8652422397566,33.0,0.0
578.86596727961,32.0,0.0
578.8671412935133,33.0,0.0
578.8692278339644,32.0,0.0
578.8788423798231,31.0,0.0
578.8789605318846,32.0,0.0
578.8829239103803,33.0,0.0
578.8848974676481,32.0,0.0
578.8860987916137,33.0,0.0
578.8874899781786,34.0,0.0
578.8887654349168,35.0,0.0
578.8891389416686,36.0,0.0
578.8939918783859,37.0,0.0
578.9102010576638,36.0,0.0
578.9155614194294,37.0,0.0
578.9169883061323,38.0,0.0
578.9267163612699,39.0,0.0
578.9378543660847,38.0,0.0
578.9470519150208,39.0,0.0
578.9499636086164,38.0,0.0
578.9533355224825,39.0,0.0
578.9607859741561,38.0,0.0
578.9641638957522,39.0,0.0
578.9725129596644,40.0,0.0
578.9732753769661,41.0,0.0
578.9772297493413,40.0,0.0
578.9840269230215,39.0,0.0
578.9885279140448,40.0,0.0
578.9901627661645,39.0,0.0
578.9916641322575,38.0,0.0
578.9952215206292,37.0,0.0
578.9981792995886,36.0,0.0
578.9992507535643,35.0,0.0
579.0158521593092,36.0,0.0
579.0171496076762,37.0,0.0
579.0189656387258,38.0,0.0
579.0245880664946,39.0,0.0
579.0287450153346,38.0,0.0
579.0293590437695,39.0,0.0
579.0306422666848,40.0,0.0
579.0350509413128,39.0,0.0
579.0465790949185,40.0,0.0
579.0569269474398,41.0,0.0
579.0633340573435,42.0,0.0
579.0808514414072,41.0,0.0
579.0826231431278,42.0,0.0
579.0834959371153,41.0,0.0
579.0866242147246,42.0,0.0
579.0880735839881,43.0,0.0
579.0977865787102,44.0,0.0
579.1048072181082,45.0,0.0
579.1059516870332,44.0,0.0
579.1112865668455,45.0,0.0
579.1216963934643,46.0,0.0
579.1250308815248,45.0,0.0
579.1272396076959,46.0,0.0
579.1303462532577,45.0,0.0
579.1352384626161,46.0,0.0
579.1410671361497,45.0,0.0
579.1459337743265,46.0,0.0
579.1576238905459,45.0,0.0
579.1615955041183,44.0,0.0
579.1659518610985,45.0,0.0
579.1680958310699,46.0,0.0
579.1864432419591,45.0,0.0
579.1915134100399,46.0,0.0
579.1970288879637,47.0,0.0
579.2038700674607,46.0,0.0
579.2084347271272,47.0,0.0
579.2146267436419,46.0,0.0
579.2296987318138,47.0,0.0
579.2324710917741,48.0,0.0
579.2361121368924,49.0,0.0
579.2402228338159,48.0,0.0
579.2418379839809,47.0,0.0
579.2478913976926,48.0,0.0
579.2537014116562,47.0,0.0
579.2636030059967,46.0,0.0
579.2694683585717,47.0,0.0
579.2761150299493,46.0,0.0
579.2761190550167,47.0,0.0
579.2874044482405,46.0,0.0
579.3037631133741,47.0,0.0
579.3099170906638,46.0,0.0
579.3120925852116,47.0,0.0
579.313607457487,46.0,0.0
579.323309644103,47.0,0.0
579.3242261298932,48.0,0.0
579.3288316094721,49.0,0.0
579.3300285546455,50.0,0.0
579.3320153549605,51.0,0.0
579.3321038844135,52.0,0.0
579.3372300445244,53.0,0.0
579.3574052755293,52.0,0.0
579.3663395249847,51.0,0.0
579.3703624293465,50.0,0.0
579.3789571680605,49.0,0.0
579.3876650162849,48.0,0.0
579.3959469674523,47.0,0.0
579.3963701516719,46.0,0.0
579.3971235125433,45.0,0.0
579.3993372359657,44.0,0.0
579.4015817589706,45.0,0.0
579.4031389907933,46.0,0.0
579.4102152444383,47.0,0.0
579.411855998478,48.0,0.0
579.4147777168156,47.0,0.0
579.4157957194665,46.0,0.0
579.4159983992262,47.0,0.0
579.417470397271,48.0,0.0
579.4181225003739,47.0,0.0
579.4187838620425,48.0,0.0
579.4217953758479,49.0,0.0
579.4339856962991,48.0,0.0
579.4391299788605,49.0,0.0
579.4557002177631,50.0,0.0
579.4631633351308,51.0,0.0
579.4945496290445,52.0,0.0
579.4949664969865,53.0,0.0
579.4968074334341,54.0,0.0
579.5192168205838,55.0,0.0
579.523883322891,54.0,0.0
579.5280707218436,55.0,0.0
579.5339654671719,54.0,0.0
579.5366957962976,55.0,0.0
579.548459990818,56.0,0.0
579.5514601561941,57.0,0.0
579.5538768048223,58.0,0.0
579.5703543057175,57.0,0.0
579.5707582316397,58.0,0.0
579.577795561664,59.0,0.0
579.5925924855394,58.0,0.0
579.5973401707291,59.0,0.0
579.5999950266998,60.0,0.0
579.6030735488407,59.0,0.0
579.6071290408561,58.0,0.0
579.6129907772046,57.0,0.0
579.6152226728436,58.0,0.0
579.6175387577376,59.0,0.0
579.6189247323003,58.0,0.0
579.6195203338966,59.0,0.0
579.6203285898256,58.0,0.0
579.622764985227,57.0,0.0
579.6229031290948,58.0,0.0
579.6237077116647,59.0,0.0
579.6355549872587,58.0,0.0
579.6416525483852,59.0,0.0
579.6448190443734,58.0,0.0
579.6467932112113,57.0,0.0
579.6528324683013,58.0,0.0
579.6542703616403,59.0,0.0
579.6595977877545,58.0,0.0
579.6676768698875,59.0,0.0
579.6697138745035,58.0,0.0
579.6728635795724,57.0,0.0
579.6740940031889,56.0,0.0
579.675923561517,57.0,0.0
579.6881156844213,58.0,0.0
579.6889113781878,59.0,0.0
579.6893390062902,60.0,0.0
579.6943037883503,61.0,0.0
579.7017081257328,60.0,0.0
579.7024832360481,61.0,0.0
579.710429455308,62.0,0.0
579.718782767252,63.0,0.0
579.7224423307977,64.0,0.0
579.7391422025869,63.0,0.0
579.7510999135204,62.0,0.0
579.7641848665357,63.0,0.0
579.7683323010581,64.0,0.0
579.7685844231409,63.0,0.0
579.77266124738,62.0,0.0
579.7735033845687,63.0,0.0
579.7796856189294,64.0,0.0
579.7811025787655,63.0,0.0
579.7894416173183,64.0,0.0
579.7959701600206,65.0,0.0
579.7987075659549,66.0,0.0
579.7994943960301,67.0,0.0
579.8047869690937,66.0,0.0
579.80519858218,67.0,0.0
579.8053074143877,66.0,0.0
579.806834463406,65.0,0.0
579.8147909633528,64.0,0.0
579.8276409285879,65.0,0.0
579.8287800249045,66.0,0.0
579.8489779314212,67.0,0.0
579.8563981481719,66.0,0.0
579.8621341285384,65.0,0.0
579.8676699022117,66.0,0.0
579.8689896344473,67.0,0.0
579.8722849676726,68.0,0.0
579.8736941672081,67.0,0.0
579.8767471949564,66.0,0.0
579.8799396285744,65.0,0.0
579.8803359634267,66.0,0.0
579.8904280579326,67.0,0.0
579.8930613869327,68.0,0.0
579.8938716368659,69.0,0.0
579.8996292445817,70.0,0.0
579.9239483935179,69.0,0.0
579.9240718879164,70.0,0.0
579.9275485425827,69.0,0.0
579.9279194219898,70.0,0.0
579.9340542609287,69.0,0.0
579.9370207862811,70.0,0.0
579.951897964664,71.0,0.0
579.9597963635616,70.0,0.0
579.9657182382292,71.0,0.0
579.969141495527,72.0,0.0
579.9738726475276,71.0,0.0
579.9800383148231,72.0,0.0
579.9842694432609,71.0,0.0
580.0005027444429,72.0,0.0
580.0063859075492,73.0,0.0
580.0105965925893,74.0,0.0
580.0180888955251,73.0,0.0
580.0185368971764,74.0,0.0
580.025877977184,75.0,0.0
580.0327895700394,76.0,0.0
580.0339135288419,77.0,0.0
580.03538025247,78.0,0.0
580.0387343875614,79.0,0.0
580.0396587886504,80.0,0.0
580.0438362132915,81.0,0.0
580.0459133828595,80.0,0.0
580.0474735476416,81.0,0.0
580.0499083054667,80.0,0.0
580.0510041818063,81.0,0.0
580.0576960315656,80.0,0.0
580.0586500692489,81.0,0.0
580.0612238990484,80.0,0.0
580.0651109898137,81.0,0.0
580.0754053953189,80.0,0.0
580.1065598749218,81.0,0.0
580.1097211422884,82.0,0.0
580.1169021659944,83.0,0.0
580.118544099211,84.0,0.0
580.1284252330915,85.0,0.0
580.1289541134066,86.0,0.0
580.1292767108974,85.0,0.0
580.1308195385599,86.0,0.0
580.1309214203493,87.0,0.0
580.1375873075089,88.0,0.0
580.1379521659301,89.0,0.0
580.1435018299278,90.0,0.0
580.1437012984196,91.0,0.0
580.1510183848061,92.0,0.0
580.155125186357,91.0,0.0
580.1680526336459,92.0,0.0
580.1704724289984,93.0,0.0
580.1722662385529,92.0,0.0
580.1758259370047,93.0,0.0
580.194135711105,94.0,0.0
580.1957974047664,93.0,0.0
580.1996922622476,94.0,0.0
580.2044298807007,93.0,0.0
580.2046545807789,94.0,0.0
580.2091124297839,95.0,0.0
580.2125252141855,94.0,0.0
580.2201766714126,93.0,0.0
580.2284451069447,94.0,0.0
580.2308137965446,93.0,0.0
580.2394831383463,94.0,0.0
580.2449139926575,95.0,0.0
580.2601087495005,96.0,0.0
580.2625112861803,97.0,0.0
580.2634193920663,96.0,0.0
580.2668013378474,95.0,0.0
580.2711381806419,94.0,0.0
580.2748815319629,93.0,0.0
580.2749537063291,94.0,0.0
580.276410905915,93.0,0.0
580.2780988487341,94.0,0.0
580.2808362983384,93.0,0.0
580.2818534082651,92.0,0.0
580.2935061612458,93.0,0.0
580.2948604634335,94.0,0.0
580.2948885735176,93.0,0.0
580.2991483773056,94.0,0.0
580.3042181105194,93.0,0.0
580.3089162072906,94.0,0.0
580.313465298431,93.0,0.0
580.3254280664554,94.0,0.0
580.3261526778475,93.0,0.0
580.3262726612786,94.0,0.0
580.3327049969164,95.0,0.0
580.3372065310393,96.0,0.0
580.3415764618118,97.0,0.0
580.3429481893276,96.0,0.0
580.3487317836017,95.0,0.0
580.3526838741519,96.0,0.0
580.3533773901648,97.0,0.0
580.3539016218327,96.0,0.0
580.366157850104,97.0,0.0
580.3679829365946,96.0,0.0
580.378767412496,97.0,0.0
580.3803303122834,98.0,0.0
580.3849778762444,97.0,0.0
580.3853444675657,98.0,0.0
580.3862500295153,99.0,0.0
580.3919690268249,98.0,0.0
580.3936134934806,97.0,0.0
580.4009308258137,98.0,0.0
580.4023005330923,97.0,0.0
580.4042572120117,98.0,0.0
580.4056008000339,97.0,0.0
580.4077085729218,98.0,0.0
580.4118986372868,97.0,0.0
580.4127968820204,98.0,0.0
580.4154245558933,99.0,0.0
580.4220764435713,100.0,0.0
580.4221140976595,99.0,0.0
580.4253966819606,100.0,0.0
580.4288224578543,99.0,0.0
580.4334962128833,98.0,0.0
580.4337898390006,99.0,0.0
580.434166988825,98.0,0.0
580.435826859916,99.0,0.0
580.452616046613,98.0,0.0
580.4621072730445,97.0,0.0
580.4626840184594,96.0,0.0
580.4633916953543,97.0,0.0
580.4688836843037,98.0,0.0
580.4732272129346,97.0,0.0
580.4733781164718,96.0,0.0
580.4856918038562,97.0,0.0
580.4918897919173,98.0,0.0
580.4932966868794,99.0,0.0
580.4946641382188,100.0,0.0
580.4969719523951,101.0,0.0
580.4990632952049,102.0,0.0
580.4994974919694,101.0,0.0
580.50678671892,102.0,0.0
580.507727426462,101.0,0.0
580.5094308758476,102.0,0.0
580.5111060865491,101.0,0.0
580.5250854795337,102.0,0.0
580.5257675661674,101.0,0.0
580.5329275210737,100.0,0.0
580.5397049080191,101.0,0.0
580.5485442599085,102.0,0.0
580.5492050361592,103.0,0.0
580.5493037310421,104.0,0.0
580.5504405352225,105.0,0.0
580.5523898055213,104.0,0.0
580.5540660395285,103.0,0.0
580.5545913225615,104.0,0.0
580.5550225991734,105.0,0.0
580.560522601143,106.0,0.0
580.5613456299621,105.0,0.0
580.567931088466,104.0,0.0
580.5720465630793,103.0,0.0
580.5774829442246,104.0,0.0
580.5776133430276,103.0,0.0
580.5785091170618,102.0,0.0
580.5815497391704,103.0,0.0
580.5931855232467,104.0,0.0
580.5933533784008,105.0,0.0
580.5942035703818,106.0,0.0
580.5990492925014,105.0,0.0
580.6016593157365,106.0,0.0
580.611998551699,107.0,0.0
580.6133356686881,106.0,0.0
580.6215294056439,107.0,0.0
580.6338474962521,108.0,0.0
580.6463869669366,109.0,0.0
580.6529346142894,110.0,0.0
580.6600263801404,111.0,0.0
580.6670464770906,110.0,0.0
580.669142820813,111.0,0.0
580.6846711358628,112.0,0.0
580.6864718487741,113.0,0.0
580.6881643053221,112.0,0.0
580.6920043325673,113.0,0.0
580.6934394868006,114.0,0.0
580.6946346459604,113.0,0.0
580.6950960221985,114.0,0.0
580.6951856722715,115.0,0.0
580.7122512648787,116.0,0.0
580.7164146082437,117.0,0.0
580.7186772618493,116.0,0.0
580.7209653766962,117.0,0.0
580.7327432346331,118.0,0.0
580.7358577435448,117.0,0.0
580.7405953196926,116.0,0.0
580.7445898374324,117.0,0.0
580.7446872681622,116.0,0.0
580.7474935263431,117.0,0.0
580.7524742161092,118.0,0.0
580.7560859980902,119.0,0.0
580.7579500485637,120.0,0.0
580.7616092934784,119.0,0.0
580.7663207797327,118.0,0.0
580.7676551556932,119.0,0.0
580.7743370209087,120.0,0.0
580.7797476298105,119.0,0.0
580.7820098139761,118.0,0.0
580.7831117052513,119.0,0.0
580.7872779181699,118.0,0.0
580.8013512376709,119.0,0.0
580.8066108768065,118.0,0.0
580.8073204210116,117.0,0.0
580.8117206292328,116.0,0.0
580.8129379944817,117.0,0.0
580.814869686003,116.0,0.0
580.8235136091284,117.0,0.0
580.8257494277948,116.0,0.0
580.8327395050749,115.0,0.0
580.8376657423613,114.0,0.0
580.8378582012908,115.0,0.0
580.8421888232699,114.0,0.0
580.8512822854668,115.0,0.0
580.8579129104191,116.0,0.0
580.8581662697916,117.0,0.0
580.8599548340198,118.0,0.0
580.8648623483359,119.0,0.0
580.8653696691817,118.0,0.0
580.8678067428458,117.0,0.0
580.8682105281922,116.0,0.0
580.8701588472284,115.0,0.0
580.8709740867057,116.0,0.0
580.8736043283858,117.0,0.0
580.8760384807086,118.0,0.0
580.8805402087589,119.0,0.0
580.8812678760095,120.0,0.0
580.8905596923875,121.0,0.0
580.8947496892242,122.0,0.0
580.8965808650283,123.0,0.0
580.9135534192409,124.0,0.0
580.9205605854569,123.0,0.0
580.9205705430942,124.0,0.0
580.9218957561823,125.0,0.0
580.923251140164,124.0,0.0
580.92631368466,123.0,0.0
580.929945901758,122.0,0.0
580.9338431712994,121.0,0.0
580.9349660056305,120.0,0.0
580.939198129929,121.0,0.0
580.9404477850799,120.0,0.0
580.9420278197135,121.0,0.0
580.9567981941655,120.0,0.0
580.9608596424962,121.0,0.0
580.9705773361121,122.0,0.0
580.9706320754619,121.0,0.0
580.9732464693996,120.0,0.0
580.9829686131004,119.0,0.0
580.991382622667,120.0,0.0
581.0225199354777,119.0,0.0
581.023102441178,118.0,0.0
581.0349981621185,117.0,0.0
581.0392437038006,118.0,0.0
581.0512848426874,117.0,0.0
581.0525306705553,118.0,0.0
581.0533595068678,117.0,0.0
581.0676752998792,116.0,0.0
581.0791886427395,115.0,0.0
581.0990875256348,116.0,0.0
581.101807776456,117.0,0.0
581.102714404546,118.0,0.0
581.1045822838273,117.0,0.0
581.1049659974741,118.0,0.0
581.1069583602781,119.0,0.0
581.1079971425684,120.0,0.0
581.1189925498409,119.0,0.0
581.1227396031749,120.0,0.0
581.1262264650575,121.0,0.0
581.1276603918209,120.0,0.0
581.1339047371914,121.0,0.0
581.1355676290871,122.0,0.0
581.1402127481887,123.0,0.0
581.142280838122,122.0,0.0
581.1443920931024,121.0,0.0
581.1446754463085,120.0,0.0
581.1485256454306,119.0,0.0
581.1543652681415,120.0,0.0
581.1546003278233,121.0,0.0
581.173979423775,122.0,0.0
581.1745550318317,121.0,0.0
581.1808549465746,122.0,0.0
581.1836400008385,121.0,0.0
581.1853083929235,122.0,0.0
581.1854558467522,121.0,0.0
581.1888143904072,120.0,0.0
581.195352603976,119.0,0.0
581.1971188316068,118.0,0.0
581.2031439203433,119.0,0.0
581.2058638898225,118.0,0.0
581.2086525853508,119.0,0.0
581.2131360406755,118.0,0.0
581.2160148685574,119.0,0.0
581.2233412124749,120.0,0.0
581.2436172187033,119.0,0.0
581.2450148644465,118.0,0.0
581.2488330730309,117.0,0.0
581.2489463157909,118.0,0.0
581.2491102476016,117.0,0.0
581.254505978497,118.0,0.0
581.2550384544086,119.0,0.0
581.2625636556579,120.0,0.0
581.2708950336829,119.0,0.0
581.2721008267979,120.0,0.0
581.2780278183017,121.0,0.0
581.2789069791154,120.0,0.0
581.2793634629847,119.0,0.0
581.2820785447076,118.0,0.0
581.2828204350136,119.0,0.0
581.2831967641279,118.0,0.0
581.2924081322367,117.0,0.0
581.2944629436778,116.0,0.0
581.2952976381873,115.0,0.0
581.2954955193746,114.0,0.0
581.2973458367899,113.0,0.0
581.2980073635332,114.0,0.0
581.3029152033405,113.0,0.0
581.3384551310393,114.0,0.0
581.3417628912872,113.0,0.0
581.3438222311311,114.0,0.0
581.3517227220473,113.0,0.0
581.3543478014735,114.0,0.0
581.3611085478476,115.0,0.0
581.3620690680807,116.0,0.0
581.3668573313295,117.0,0.0
581.3771380516337,118.0,0.0
581.3819597786791,119.0,0.0
581.3845948884518,118.0,0.0
581.3856582517903,119.0,0.0
581.3916865623501,118.0,0.0
581.4100960402214,117.0,0.0
581.4176225876,118.0,0.0
581.4226328496063,117.0,0.0
581.4254653231056,118.0,0.0
581.4299466770669,119.0,0.0
581.4306897762383,118.0,0.0
581.4383488413868,119.0,0.0
581.4391366933814,120.0,0.0
581.4483651681901,121.0,0.0
581.453801749152,120.0,0.0
581.4542357666654,119.0,0.0
581.4550748856904,118.0,0.0
581.4554365835522,119.0,0.0
581.4562221957658,120.0,0.0
581.4717953331497,119.0,0.0
581.4740347098759,118.0,0.0
581.4935795068558,119.0,0.0
581.5161639442085,120.0,0.0
581.5278058473122,121.0,0.0
581.534856911071,120.0,0.0
581.5385841859407,119.0,0.0
581.5390327704259,120.0,0.0
581.5416590566018,121.0,0.0
581.5685063340311,122.0,0.0
581.5790315136563,123.0,0.0
581.5802293898029,122.0,0.0
581.5865089909242,121.0,0.0
581.5868176044356,122.0,0.0
581.5912695375512,123.0,0.0
581.5946358143747,122.0,0.0
581.6004043656496,121.0,0.0
581.603706873071,122.0,0.0
581.6062718626087,121.0,0.0
581.6153320459634,122.0,0.0
581.6156299511101,123.0,0.0
581.6206618561432,124.0,0.0
581.6264159330227,125.0,0.0
581.627055130319,126.0,0.0
581.6273955671253,127.0,0.0
581.6347705352011,128.0,0.0
581.6377968978223,129.0,0.0
581.644404654044,130.0,0.0
581.6461711049751,131.0,0.0
581.6564015375542,130.0,0.0
581.6665017103254,131.0,0.0
581.6711490882145,130.0,0.0
581.6747526798121,129.0,0.0
581.6751494888972,128.0,0.0
581.6803787526919,129.0,0.0
581.6878421423661,128.0,0.0
581.6879861271296,129.0,0.0
581.688766839601,128.0,0.0
581.6891840642504,127.0,0.0
581.6946204902648,128.0,0.0
581.695656074237,129.0,0.0
581.6977385294991,130.0,0.0
581.7166362645703,131.0,0.0
581.7229449515655,132.0,0.0
581.7329011761258,131.0,0.0
581.7365876695255,132.0,0.0
581.7555650229124,131.0,0.0
581.7646870819889,132.0,0.0
581.7704291826434,133.0,0.0
581.7717133282063,132.0,0.0
581.7733386280872,131.0,0.0
581.7807059838188,130.0,0.0
581.7906059170725,129.0,0.0
581.8055558707108,130.0,0.0
581.8069175008435,131.0,0.0
581.8093874175578,132.0,0.0
581.8115775455998,133.0,0.0
581.811910886478,134.0,0.0
581.8169112723477,133.0,0.0
581.8223332033259,132.0,0.0
581.8264629584954,133.0,0.0
581.8327333666109,132.0,0.0
581.8331680611062,133.0,0.0
581.8340481322293,134.0,0.0
581.8353042372896,133.0,0.0
581.8407132170773,134.0,0.0
581.8427294133975,133.0,0.0
581.8500615000174,132.0,0.0
581.8529833804323,133.0,0.0
581.8532038428276,134.0,0.0
581.86329536026,133.0,0.0
581.8642456610266,134.0,0.0
581.8675871565567,133.0,0.0
581.8796857677041,132.0,0.0
581.8807747396824,133.0,0.0
581.8808762963274,132.0,0.0
581.8821605147716,131.0,0.0
581.8855550593296,132.0,0.0
581.8861390949908,133.0,0.0
581.8931235987991,132.0,0.0
581.895987284792,133.0,0.0
581.898041721169,134.0,0.0
581.8982616308199,133.0,0.0
581.9009443430917,134.0,0.0
581.9115436733658,135.0,0.0
581.9144562501642,136.0,0.0
581.9160149190944,137.0,0.0
581.9194425119767,136.0,0.0
581.9246331015003,135.0,0.0
581.9258708351762,134.0,0.0
581.926579634205,135.0,0.0
581.9331981943018,134.0,0.0
581.9334680376851,133.0,0.0
581.9345494142979,132.0,0.0
581.9367751616077,131.0,0.0
581.9399012216531,130.0,0.0
581.9401887306002,129.0,0.0
581.9403342427729,130.0,0.0
581.9513183123454,131.0,0.0
581.9647544594142,132.0,0.0
581.9805423728432,133.0,0.0
581.9847602694022,134.0,0.0
581.9879966523453,135.0,0.0
581.992439257529,136.0,0.0
581.9944429734066,137.0,0.0
581.9981079732801,138.0,0.0
582.002869518288,139.0,0.0
582.0029721169583,140.0,0.0
582.011394239406,141.0,0.0
582.015850660601,142.0,0.0
582.0271802267346,143.0,0.0
582.0339254913748,144.0,0.0
582.041070999083,145.0,0.0
582.0427933450881,144.0,0.0
582.043096383293,145.0,0.0
582.0446084789601,146.0,0.0
582.0605186479645,147.0,0.0
582.0620294769749,146.0,0.0
582.0634650028221,147.0,0.0
582.0684617921695,148.0,0.0
582.0685628031632,147.0,0.0
582.072212345048,148.0,0.0
582.0780667308891,149.0,0.0
582.0782897109078,148.0,0.0
582.0799491344637,147.0,0.0
582.0857758030673,148.0,0.0
582.0859353196043,149.0,0.0
582.0968513331751,150.0,0.0
582.104771521445,151.0,0.0
582.1051957194796,152.0,0.0
582.105657568149,151.0,0.0
582.1162740192865,150.0,0.0
582.1172935739452,151.0,0.0
582.1183667284822,152.0,0.0
582.1213745649027,153.0,0.0
582.129541952194,152.0,0.0
582.1299953254455,151.0,0.0
582.1312323360025,150.0,0.0
582.1327157435062,151.0,0.0
582.1419610762349,150.0,0.0
582.1541148346633,151.0,0.0
582.1775250654364,152.0,0.0
582.190508097037,153.0,0.0
582.1953139981645,154.0,0.0
582.2048924794873,153.0,0.0
582.2088534344889,152.0,0.0
582.2186972060828,153.0,0.0
582.2255683251218,154.0,0.0
582.2260945572872,155.0,0.0
582.2279258163912,156.0,0.0
582.2279423364228,157.0,0.0
582.2285661810721,156.0,0.0
582.2412688158081,157.0,0.0
582.2414413525529,156.0,0.0
582.2465553268238,157.0,0.0
582.2515525427496,156.0,0.0
582.2515717129515,155.0,0.0
582.2589869325519,156.0,0.0
582.2592890640725,157.0,0.0
582.2623942155859,158.0,0.0
582.2639049920753,159.0,0.0
582.2658998752956,160.0,0.0
582.2691194097225,159.0,0.0
582.2702021055744,158.0,0.0
582.2707346834973,159.0,0.0
582.2798590226548,160.0,0.0
582.2801263538729,159.0,0.0
582.28595382703,160.0,0.0
582.291933321275,161.0,0.0
582.2954027670035,162.0,0.0
582.299262245749,163.0,0.0
582.3014851281887,164.0,0.0
582.3157952693202,165.0,0.0
582.322397133591,166.0,0.0
582.3225174716933,165.0,0.0
582.3264937141662,166.0,0.0
582.3270527248962,167.0,0.0
582.330753640949,168.0,0.0
582.349581178668,169.0,0.0
582.3564141920609,170.0,0.0
582.3666097606524,171.0,0.0
582.3711807006214,172.0,0.0
582.374297603672,173.0,0.0
582.3838322199944,174.0,0.0
582.3881411667668,173.0,0.0
582.3882546314923,174.0,0.0
582.3902326084482,175.0,0.0
582.3955668272315,176.0,0.0
582.3978395788405,175.0,0.0
582.39871393919,176.0,0.0
582.4012550938063,175.0,0.0
582.4082629308074,176.0,0.0
582.413253617972,177.0,0.0
582.4140870004903,178.0,0.0
582.4163820416902,177.0,0.0
582.420032979727,178.0,0.0
582.4268698623684,177.0,0.0
582.4362555732263,178.0,0.0
582.4378673472255,177.0,0.0
582.4506118851469,178.0,0.0
582.4508314292709,179.0,0.0
582.458271207818,178.0,0.0
582.4709257074143,177.0,0.0
582.4754262150909,178.0,0.0
582.4853379120572,179.0,0.0
582.4863960314837,178.0,0.0
582.4933657736171,179.0,0.0
582.5056923995065,178.0,0.0
582.506422717671,177.0,0.0
582.5077564235376,178.0,0.0
582.5082029828293,179.0,0.0
582.5091777742341,178.0,0.0
582.5166192754298,179.0,0.0
582.5255283083344,180.0,0.0
582.5256480586559,181.0,0.0
582.5260033772489,182.0,0.0
582.5262469492579,181.0,0.0
582.5462470364757,182.0,0.0
582.5470379204955,183.0,0.0
582.5486160367142,184.0,0.0
582.5504936815483,185.0,0.0
582.5517192818805,186.0,0.0
582.5527527619778,187.0,0.0
582.5584623612702,186.0,0.0
582.5640176136266,185.0,0.0
582.5710293663157,186.0,0.0
582.5735644071815,187.0,0.0
582.5823571540326,188.0,0.0
582.58306990585,189.0,0.0
582.583536404614,190.0,0.0
582.6004845996536,189.0,0.0
582.6045187106506,188.0,0.0
582.6060556603546,189.0,0.0
582.611566121753,188.0,0.0
582.6139194510364,189.0,0.0
582.6149073513551,188.0,0.0
582.6374933752907,187.0,0.0
582.6380187331212,186.0,0.0
582.6505832547392,185.0,0.0
582.6539620969023,184.0,0.0
582.6613903955306,185.0,0.0
582.6656542775225,186.0,0.0
582.6669055843687,185.0,0.0
582.6711945059002,186.0,0.0
582.6930834017984,187.0,0.0
582.6965201954538,188.0,0.0
582.6981734760253,187.0,0.0
582.698538506581,188.0,0.0
582.7021606367767,187.0,0.0
582.7047217068662,188.0,0.0
582.7086480107167,189.0,0.0
582.7106206323059,188.0,0.0
582.714027520195,187.0,0.0
582.7178963047071,186.0,0.0
582.7218715889696,185.0,0.0
582.7242442772881,186.0,0.0
582.7264078648644,187.0,0.0
582.730363247047,188.0,0.0
582.7317425985015,187.0,0.0
582.7426056975168,188.0,0.0
582.7445878953796,189.0,0.0
582.7477773017298,188.0,0.0
582.7505296138673,189.0,0.0
582.7589732204257,190.0,0.0
582.7613182062246,189.0,0.0
582.7632350339937,188.0,0.0
582.7705926263641,187.0,0.0
582.7720747791969,188.0,0.0
582.7771537227516,187.0,0.0
582.7834162151817,186.0,0.0
582.7879344469345,187.0,0.0
582.7904659076507,188.0,0.0
582.7932636633388,189.0,0.0
582.7950277946513,188.0,0.0
582.8009609682307,189.0,0.0
582.801123790056,190.0,0.0
582.8015538536009,191.0,0.0
582.8073172370267,192.0,0.0
582.8076262576419,191.0,0.0
582.8135710501678,192.0,0.0
582.8147638843456,193.0,0.0
582.8162004311275,192.0,0.0
582.8180097660669,193.0,0.0
582.8200159663065,192.0,0.0
582.8223888767214,191.0,0.0
582.8305387371456,192.0,0.0
582.8321347816044,193.0,0.0
582.8351517212436,192.0,0.0
582.8407113592455,193.0,0.0
582.8584703507227,194.0,0.0
582.8586075239763,195.0,0.0
582.8637912584506,194.0,0.0
582.8646911251531,195.0,0.0
582.8652215133924,194.0,0.0
582.8789009862959,193.0,0.0
582.8881568490183,194.0,0.0
582.890779362816,195.0,0.0
582.9015883304886,196.0,0.0
582.9033915179291,197.0,0.0
582.9185703317726,198.0,0.0
582.9277284710178,197.0,0.0
582.9301049899491,198.0,0.0
582.9302562740381,197.0,0.0
582.932601950074,196.0,0.0
582.9453845705863,195.0,0.0
582.950984798549,196.0,0.0
582.9526839336593,197.0,0.0
582.9567277955476,196.0,0.0
582.9577235342013,197.0,0.0
582.9577491984954,196.0,0.0
582.9691001077773,197.0,0.0
582.9725319981295,198.0,0.0
582.972667685335,199.0,0.0
582.9759916163723,200.0,0.0
582.9786091940981,199.0,0.0
582.9985551673662,198.0,0.0
582.9992771744433,199.0,0.0
583.0126217699889,200.0,0.0
583.0315342996807,201.0,0.0
583.035412980775,202.0,0.0
583.0374640329336,203.0,0.0
583.0392881691495,204.0,0.0
583.0399325426042,203.0,0.0
583.0452277755659,204.0,0.0
583.0456113375079,203.0,0.0
583.0482734478352,202.0,0.0
583.0638627996642,203.0,0.0
583.0655835023314,204.0,0.0
583.0660899279193,203.0,0.0
583.0853444428833,204.0,0.0
583.0858400450467,203.0,0.0
583.0889858198341,204.0,0.0
583.0898944495902,205.0,0.0
583.0918963758279,206.0,0.0
583.0958548782123,205.0,0.0
583.0964322770112,206.0,0.0
583.1083050297508,207.0,0.0
583.1209117308147,208.0,0.0
583.1251671619842,209.0,0.0
583.129540002218,210.0,0.0
583.1334267778525,209.0,0.0
583.1335283085018,210.0,0.0
583.139487353731,211.0,0.0
583.1429429323416,212.0,0.0
583.1459462728669,211.0,0.0
583.1483547492393,212.0,0.0
583.1569660574037,211.0,0.0
583.1576453009837,212.0,0.0
583.1597106124735,213.0,0.0
583.1604385752556,212.0,0.0
583.168304473829,211.0,0.0
583.1699925353488,212.0,0.0
583.1750651486043,213.0,0.0
583.1757308795083,212.0,0.0
583.1784595393291,211.0,0.0
583.1790276642436,210.0,0.0
583.1818656851981,211.0,0.0
583.1858857887514,212.0,0.0
583.1959305578183,213.0,0.0
583.2042480917468,212.0,0.0
583.205467628156,213.0,0.0
583.2119688179532,212.0,0.0
583.214302534308,211.0,0.0
583.2154952016729,212.0,0.0
583.2204625382233,211.0,0.0
583.2246744980673,212.0,0.0
583.2249305783348,213.0,0.0
583.2293171291351,212.0,0.0
583.2324100096284,213.0,0.0
583.2420147218152,214.0,0.0
583.2426606744191,215.0,0.0
583.2451425231527,216.0,0.0
583.2478712060552,215.0,0.0
583.2613463091969,216.0,0.0
583.2636407527405,217.0,0.0
583.264462736831,216.0,0.0
583.2682677238905,215.0,0.0
583.2719779853826,214.0,0.0
583.2726741815889,215.0,0.0
583.2727564260321,216.0,0.0
583.2741282025029,215.0,0.0
583.2762270007734,216.0,0.0
583.2817447890656,215.0,0.0
583.2833166301579,214.0,0.0
583.2847696257508,215.0,0.0
583.286254927632,214.0,0.0
583.2865117294485,213.0,0.0
583.2879765314087,212.0,0.0
583.2906882079476,211.0,0.0
583.2910452343299,212.0,0.0
583.2954111673749,213.0,0.0
583.2957686354264,212.0,0.0
583.2989872876971,211.0,0.0
583.3003529857816,212.0,0.0
583.305258544615,211.0,0.0
583.3242827124689,210.0,0.0
583.3265486971627,211.0,0.0
583.3351954455637,212.0,0.0
583.3380046947599,211.0,0.0
583.341395655055,212.0,0.0
583.3422339055089,213.0,0.0
583.3441339510479,212.0,0.0
583.3572283543699,211.0,0.0
583.3597452686092,210.0,0.0
583.371872748167,209.0,0.0
583.3784111930178,210.0,0.0
583.3798921681606,209.0,0.0
583.3872225921542,208.0,0.0
583.3873135169981,209.0,0.0
583.3950622266577,210.0,0.0
583.4031805332248,209.0,0.0
583.4091775346905,210.0,0.0
583.4102777558326,209.0,0.0
583.4134414909012,210.0,0.0
583.4169082148017,209.0,0.0
583.422710039862,210.0,0.0
583.4255675337663,211.0,0.0
583.4305189925769,212.0,0.0
583.4441663556867,213.0,0.0
583.4469005555351,212.0,0.0
583.4472348179772,213.0,0.0
583.45557835268,212.0,0.0
583.4556120456846,213.0,0.0
583.4698765046988,212.0,0.0
583.4719147914204,211.0,0.0
583.4762072237914,212.0,0.0
583.4884177322973,211.0,0.0
583.4916452230499,210.0,0.0
583.4924398857704,209.0,0.0
583.500201438645,208.0,0.0
583.5066557888318,209.0,0.0
583.5087984380724,208.0,0.0
583.5096698024726,209.0,0.0
583.5124666018982,210.0,0.0
583.5132174332422,209.0,0.0
583.5147404269377,210.0,0.0
583.5166439269194,211.0,0.0
583.5241992590828,210.0,0.0
583.5333008333702,209.0,0.0
583.5408435772413,210.0,0.0
583.5444775103373,211.0,0.0
583.5487248012296,212.0,0.0
583.5531261603296,211.0,0.0
583.5646708858458,210.0,0.0
583.5647843804016,211.0,0.0
583.5731351030802,212.0,0.0
583.5757785435993,213.0,0.0
583.577883618478,212.0,0.0
583.58053755059,211.0,0.0
583.5830315340801,212.0,0.0
583.5840320849837,213.0,0.0
583.5845155316736,214.0,0.0
583.587304530834,213.0,0.0
583.5916588852642,214.0,0.0
583.6027492612018,215.0,0.0
583.6174752558493,214.0,0.0
583.6334693807594,215.0,0.0
583.6386389417212,214.0,0.0
583.6398169546778,213.0,0.0
583.6506920820635,214.0,0.0
583.6538687762327,215.0,0.0
583.6591228362374,216.0,0.0
583.6625933095269,215.0,0.0
583.6666251372832,214.0,0.0
583.6728374026865,215.0,0.0
583.6755659960172,214.0,0.0
583.6909714396315,215.0,0.0
583.6923690946273,216.0,0.0
583.7058119264599,215.0,0.0
583.7080487951296,214.0,0.0
583.7083463784419,215.0,0.0
583.7205476828161,216.0,0.0
583.7207023677424,215.0,0.0
583.7217180368731,214.0,0.0
583.7247842944025,213.0,0.0
583.7252273943551,212.0,0.0
583.7411897918024,211.0,0.0
583.7420249927305,212.0,0.0
583.7473037655894,211.0,0.0
583.7473152004741,212.0,0.0
583.7519542434097,211.0,0.0
583.7586785933723,212.0,0.0
583.7608473167963,211.0,0.0
583.7788848623866,212.0,0.0
583.7792796451395,211.0,0.0
583.7870945774321,212.0,0.0
583.7905961254486,213.0,0.0
583.7913020048707,214.0,0.0
583.7991634208129,215.0,0.0
583.7994363017044,214.0,0.0
583.8026610328278,215.0,0.0
583.8038847278657,216.0,0.0
583.8121888197803,215.0,0.0
583.8128171335353,216.0,0.0
583.8170117523226,217.0,0.0
583.8253246722916,218.0,0.0
583.8330822674922,217.0,0.0
583.8405751677486,216.0,0.0
583.8548620922188,217.0,0.0
583.862139573439,218.0,0.0
583.8630771974271,219.0,0.0
583.8636303404246,220.0,0.0
583.8681487917995,219.0,0.0
583.8710384064606,220.0,0.0
583.8734933924001,219.0,0.0
583.87494752434,220.0,0.0
583.8780893917345,219.0,0.0
583.8784200918602,220.0,0.0
583.8817308202431,221.0,0.0
583.8833222639257,222.0,0.0
583.8846986774491,223.0,0.0
583.8850699709681,224.0,0.0
583.8901658452851,225.0,0.0
583.8907815162206,226.0,0.0
583.8928027404825,227.0,0.0
583.893675010746,226.0,0.0
583.8966346688829,225.0,0.0
583.899008741321,224.0,0.0
583.9117218686666,225.0,0.0
583.9137900681623,226.0,0.0
583.9221754726283,227.0,0.0
583.922632415371,228.0,0.0
583.9249977823997,229.0,0.0
583.9342768671632,230.0,0.0
583.9421720279904,231.0,0.0
583.9436657091866,230.0,0.0
583.9447936508492,229.0,0.0
583.9588997351856,230.0,0.0
583.967357447602,229.0,0.0
583.9790047402342,228.0,0.0
583.9820758536068,229.0,0.0
583.99670045251,230.0,0.0
583.9968235607521,231.0,0.0
583.9983959974237,230.0,0.0
584.0038737561702,229.0,0.0
584.00697553635,228.0,0.0
584.0102653075438,227.0,0.0
584.0135484950014,228.0,0.0
584.0156066889036,227.0,0.0
584.0239363230301,226.0,0.0
584.0312199542235,227.0,0.0
584.0340176311649,228.0,0.0
584.0487008484021,229.0,0.0
584.0523425333199,228.0,0.0
584.065417062666,227.0,0.0
584.0675670265377,228.0,0.0
584.067787973593,229.0,0.0
584.0749079808875,228.0,0.0
584.1056351842669,229.0,0.0
584.1074838693826,228.0,0.0
584.1077275398079,229.0,0.0
584.1176511063114,230.0,0.0
584.1181716781956,229.0,0.0
584.1182677741109,228.0,0.0
584.1230253935764,227.0,0.0
584.1236803617143,228.0,0.0
584.1281450783061,227.0,0.0
584.1292389655742,228.0,0.0
584.1337614565836,229.0,0.0
584.1362766280625,230.0,0.0
584.1368588115521,229.0,0.0
584.1531917413549,228.0,0.0
584.153562521124,229.0,0.0
584.157439251596,230.0,0.0
584.1644422891919,229.0,0.0
584.1684794518785,230.0,0.0
584.1755490240826,231.0,0.0
584.1769035998859,230.0,0.0
584.2026906796395,229.0,0.0
584.2237976825593,230.0,0.0
584.2242358092167,229.0,0.0
584.2259252369307,228.0,0.0
584.2267156521395,229.0,0.0
584.2274320017868,230.0,0.0
584.2313752591257,231.0,0.0
584.2404835429649,232.0,0.0
584.2412437849443,233.0,0.0
584.2471367832362,232.0,0.0
584.2544651559451,233.0,0.0
584.2771443631543,234.0,0.0
584.2796246285769,235.0,0.0
584.2796847117969,234.0,0.0
584.2839667869531,233.0,0.0
584.2890500966599,232.0,0.0
584.2961849367422,231.0,0.0
584.3046279694196,232.0,0.0
584.3111398957911,231.0,0.0
584.320955484156,232.0,0.0
584.326490152982,233.0,0.0
584.3412250250009,232.0,0.0
584.342543953231,233.0,0.0
584.345671087358,232.0,0.0
584.3461560370814,231.0,0.0
584.3595420804486,230.0,0.0
584.365514592407,231.0,0.0
584.3672217576026,230.0,0.0
584.3713845919507,229.0,0.0
584.372917236476,230.0,0.0
584.3737597957956,229.0,0.0
584.3781159774727,228.0,0.0
584.3910780130177,229.0,0.0
584.3980990044556,228.0,0.0
584.4060737344788,227.0,0.0
584.4103907988969,228.0,0.0
584.4238990647624,227.0,0.0
584.4284182031554,228.0,0.0
584.4410508915439,227.0,0.0
584.441450238425,226.0,0.0
584.4530377359276,225.0,0.0
584.4576362309881,224.0,0.0
584.4812895360991,223.0,0.0
584.4893343818505,222.0,0.0
584.4897413625675,221.0,0.0
584.491051576476,220.0,0.0
584.5002021913525,221.0,0.0
584.5046907601352,222.0,0.0
584.5080869666966,223.0,0.0
584.5228435460056,224.0,0.0
584.524026696221,225.0,0.0
584.5254793182172,226.0,0.0
584.5370535705371,227.0,0.0
584.5438297774732,226.0,0.0
584.5470125784516,227.0,0.0
584.548365856869,226.0,0.0
584.5501750687583,225.0,0.0
584.5599008105955,224.0,0.0
584.5658468105108,223.0,0.0
584.5689979625572,222.0,0.0
584.5692081613255,223.0,0.0
584.5735676315074,224.0,0.0
584.5750893250624,223.0,0.0
584.5766166231296,222.0,0.0
584.5774981407834,223.0,0.0
584.5832764548682,222.0,0.0
584.5894324335429,223.0,0.0
584.5960860310302,224.0,0.0
584.602056527176,225.0,0.0
584.6081997991715,224.0,0.0
584.6107209098311,223.0,0.0
584.6135818000017,222.0,0.0
584.6263569882865,223.0,0.0
584.6345059732778,224.0,0.0
584.6452373306562,223.0,0.0
584.6519649385641,224.0,0.0
584.6583791666097,223.0,0.0
584.6798417057544,224.0,0.0
584.6858159920473,225.0,0.0
584.6976017714827,224.0,0.0
584.7123264426367,223.0,0.0
584.7129080046932,222.0,0.0
584.721700643125,221.0,0.0
584.7235384299564,220.0,0.0
584.7258174748574,221.0,0.0
584.7450621850816,222.0,0.0
584.7500698254601,221.0,0.0
584.7507271158096,222.0,0.0
584.7528719183525,221.0,0.0
584.7542384197309,220.0,0.0
584.7586945261479,219.0,0.0
584.7604930903866,220.0,0.0
584.7652729540624,221.0,0.0
584.7681439707868,220.0,0.0
584.7756838834798,221.0,0.0
584.7879688148383,222.0,0.0
584.7962215334653,221.0,0.0
584.7976227800348,222.0,0.0
584.7993880475627,221.0,0.0
584.8053119739799,220.0,0.0
584.8100264989652,221.0,0.0
584.8139424152281,220.0,0.0
584.818026413807,219.0,0.0
584.8204170359056,220.0,0.0
584.8252630805256,221.0,0.0
584.8253857043876,222.0,0.0
584.8355544071023,223.0,0.0
584.8364290930099,224.0,0.0
584.847950233776,225.0,0.0
584.8492876798048,224.0,0.0
584.8511707136024,223.0,0.0
584.8532834200339,224.0,0.0
584.8567496065031,225.0,0.0
584.8664473132429,224.0,0.0
584.8708064295793,223.0,0.0
584.8736482620043,222.0,0.0
584.8760281430157,221.0,0.0
584.8785205513364,222.0,0.0
584.8793751379739,221.0,0.0
584.8817971024697,220.0,0.0
584.8913017404965,219.0,0.0
584.8930597343451,218.0,0.0
584.8935171804832,219.0,0.0
584.8957859274784,218.0,0.0
584.9025961163856,217.0,0.0
584.9051693649294,216.0,0.0
584.9128936051213,215.0,0.0
584.9177320659293,214.0,0.0
584.9203095145031,213.0,0.0
584.9206910432398,214.0,0.0
584.9269589474738,213.0,0.0
584.9350329377852,214.0,0.0
584.9400028857901,213.0,0.0
584.9459923456347,214.0,0.0
584.9489871512428,213.0,0.0
584.9504365930752,212.0,0.0
584.9548403422057,213.0,0.0
584.9567041054244,214.0,0.0
584.9590999898777,215.0,0.0
584.9599284558366,214.0,0.0
584.9632884447415,215.0,0.0
584.9683958105055,214.0,0.0
584.9703894831081,215.0,0.0
584.971956317831,214.0,0.0
584.9723672845015,213.0,0.0
584.9812165669193,212.0,0.0
584.9822196702371,213.0,0.0
584.9828853562218,212.0,0.0
584.9830562194658,211.0,0.0
584.9891902555362,210.0,0.0
584.9972840488749,209.0,0.0
584.9978357315006,208.0,0.0
585.0016400879289,207.0,0.0
585.0071953921605,206.0,0.0
585.0090971524388,205.0,0.0
585.0374233365611,206.0,0.0
585.0440219535292,205.0,0.0
585.0452501460396,204.0,0.0
585.0483282895893,203.0,0.0
585.05418070085,204.0,0.0
585.0551753138915,203.0,0.0
585.0587435681116,204.0,0.0
585.061540850698,203.0,0.0
585.0629186897854,204.0,0.0
585.0670391172262,205.0,0.0
585.0740315658709,206.0,0.0
585.0747357766387,207.0,0.0
585.0774944537619,206.0,0.0
585.0791769437402,205.0,0.0
585.080335347419,204.0,0.0
585.0819581854504,203.0,0.0
585.0845930871606,202.0,0.0
585.0868919635856,203.0,0.0
585.0921700882952,204.0,0.0
585.0939085089434,203.0,0.0
585.100652488423,202.0,0.0
585.1062854053987,201.0,0.0
585.1250952436632,202.0,0.0
585.1286576713204,203.0,0.0
585.1287775328674,202.0,0.0
585.1289104018244,201.0,0.0
585.139741187426,200.0,0.0
585.1405626627119,201.0,0.0
585.152872657658,200.0,0.0
585.1605916795985,199.0,0.0
585.1630763881417,198.0,0.0
585.1659662834046,197.0,0.0
585.1664616991028,196.0,0.0
585.2034059671438,197.0,0.0
585.2098935244685,196.0,0.0
585.2111988424341,197.0,0.0
585.2165154497981,198.0,0.0
585.2170948282634,199.0,0.0
585.2391301949324,198.0,0.0
585.2638354663598,199.0,0.0
585.2680848341877,198.0,0.0
585.2713868627139,197.0,0.0
585.2721198496365,196.0,0.0
585.2781556572066,195.0,0.0
585.2782591576913,194.0,0.0
585.2851152531256,193.0,0.0
585.2892080098985,192.0,0.0
585.3033337800524,191.0,0.0
585.3155816040532,190.0,0.0
585.3204028996064,191.0,0.0
585.3257525134843,190.0,0.0
585.3295086011691,191.0,0.0
585.3411136207945,190.0,0.0
585.3461027673975,189.0,0.0
585.3559482456964,188.0,0.0
585.3653626151868,187.0,0.0
585.36545527846,186.0,0.0
585.367751767999,185.0,0.0
585.3797244941705,186.0,0.0
585.3890727146202,187.0,0.0
585.3895584406296,186.0,0.0
585.4079297265971,185.0,0.0
585.423806247308,184.0,0.0
585.4590945309371,183.0,0.0
585.466579359719,182.0,0.0
585.4737907990955,183.0,0.0
585.48540709155,182.0,0.0
585.4880960406014,181.0,0.0
585.4962299147263,182.0,0.0
585.5033693577769,183.0,0.0
585.5084430838499,182.0,0.0
585.512833624706,183.0,0.0
585.519777935104,182.0,0.0
585.5284108493356,181.0,0.0
585.5403235842118,180.0,0.0
585.5495718466453,181.0,0.0
585.5589485255697,180.0,0.0
585.5856409008428,181.0,0.0
585.5910969150718,180.0,0.0
585.6051684171406,179.0,0.0
585.6143998652468,178.0,0.0
585.6178923204058,177.0,0.0
585.6230718438659,178.0,0.0
585.6249902914589,179.0,0.0
585.6295476048238,178.0,0.0
585.63444565283,179.0,0.0
585.6345338406586,178.0,0.0
585.6384161698205,179.0,0.0
585.6435146451062,178.0,0.0
585.6612271191774,179.0,0.0
585.664880868327,178.0,0.0
585.6649664704412,177.0,0.0
585.7062850554499,176.0,0.0
585.7229538187515,177.0,0.0
585.7285456647344,176.0,0.0
585.7307599185731,175.0,0.0
585.7412250280414,174.0,0.0
585.7447723847322,175.0,0.0
585.7532111868347,174.0,0.0
585.7580224090734,173.0,0.0
585.7599638764231,172.0,0.0
585.760813876856,171.0,0.0
585.7655473060956,170.0,0.0
585.7663265614353,171.0,0.0
585.776572719175,172.0,0.0
585.7842636645828,171.0,0.0
585.791584349115,170.0,0.0
585.7987621583129,169.0,0.0
585.8004935564118,170.0,0.0
585.8019533997675,169.0,0.0
585.8076312293018,168.0,0.0
585.8326577469801,169.0,0.0
585.8352228261872,170.0,0.0
585.8385519792138,171.0,0.0
585.8441534022245,170.0,0.0
585.8491580458316,169.0,0.0
585.8536160917208,170.0,0.0
585.8640675875062,169.0,0.0
585.8683252910602,168.0,0.0
585.8703647320774,169.0,0.0
585.8817999783574,170.0,0.0
585.8861235697341,169.0,0.0
585.8991627270952,168.0,0.0
585.9030934355258,167.0,0.0
585.9049389047409,166.0,0.0
585.9057106052552,167.0,0.0
585.9065388456524,168.0,0.0
585.918040441652,167.0,0.0
585.9338668616385,166.0,0.0
585.9358103049536,165.0,0.0
585.9391755218745,164.0,0.0
585.9476977571323,163.0,0.0
585.9489289703889,162.0,0.0
585.9594020377582,161.0,0.0
585.9639650917957,162.0,0.0
585.9691219704382,161.0,0.0
585.9696965605013,160.0,0.0
585.9757101038884,159.0,0.0
585.9808095552227,158.0,0.0
585.9827650053136,157.0,0.0
585.984110233266,158.0,0.0
585.9866493623881,159.0,0.0
585.9867587295342,160.0,0.0
585.9900274233685,161.0,0.0
585.9954212421884,160.0,0.0
585.9969053751963,161.0,0.0
585.9992072968224,160.0,0.0
586.0147819200398,161.0,0.0
586.0157514527306,162.0,0.0
586.0186837852838,163.0,0.0
586.0316365019586,162.0,0.0
586.0564570776529,161.0,0.0
586.0569807739715,160.0,0.0
586.0654778964916,159.0,0.0
586.0658066466988,158.0,0.0
586.069854417992,157.0,0.0
586.0720508708323,156.0,0.0
586.0733826803338,155.0,0.0
586.0904759547058,154.0,0.0
586.0919273850884,153.0,0.0
586.0928515095266,152.0,0.0
586.107360401122,151.0,0.0
586.109068544812,152.0,0.0
586.1136017300481,151.0,0.0
586.1188499214777,150.0,0.0
586.1295356840217,151.0,0.0
586.141431142167,150.0,0.0
586.1521106596642,149.0,0.0
586.1608059948009,150.0,0.0
586.1627230070142,149.0,0.0
586.1640468576961,148.0,0.0
586.167748787138,149.0,0.0
586.1685542673752,150.0,0.0
586.168822187393,151.0,0.0
586.1725442721654,150.0,0.0
586.1775476439449,151.0,0.0
586.1785412784177,152.0,0.0
586.1842268862599,151.0,0.0
586.1932779899953,152.0,0.0
586.1945731059708,153.0,0.0
586.1950757791848,152.0,0.0
586.2017247779662,151.0,0.0
586.2029520888836,150.0,0.0
586.2119602374503,149.0,0.0
586.2142615104842,150.0,0.0
586.2187138438671,151.0,0.0
586.2213601026623,150.0,0.0
586.228733694971,151.0,0.0
586.2304679658018,150.0,0.0
586.2462267935085,149.0,0.0
586.2674513685521,148.0,0.0
586.2781389564637,147.0,0.0
586.278718571794,146.0,0.0
586.2789900408367,145.0,0.0
586.291272517777,144.0,0.0
586.2930717212232,143.0,0.0
586.3002766272092,144.0,0.0
586.302504751334,143.0,0.0
586.3088194897905,144.0,0.0
586.3214801360721,143.0,0.0
586.3311184238382,144.0,0.0
586.3399904695383,143.0,0.0
586.350562220538,144.0,0.0
586.3545495416918,145.0,0.0
586.3557349359925,144.0,0.0
586.3559946293159,145.0,0.0
586.3603154934343,144.0,0.0
586.3646921812225,143.0,0.0
586.3677847165128,142.0,0.0
586.3707882982034,143.0,0.0
586.3834549618302,144.0,0.0
586.3951272352485,143.0,0.0
586.3975247461005,144.0,0.0
586.4030762137753,143.0,0.0
586.4054807801663,142.0,0.0
586.4081562495714,141.0,0.0
586.4177566509659,140.0,0.0
586.4191577756089,139.0,0.0
586.4272702354026,140.0,0.0
586.430690010778,139.0,0.0
586.4318957540868,138.0,0.0
586.4486974962311,139.0,0.0
586.4512930510028,138.0,0.0
586.4527741853734,139.0,0.0
586.4611924672154,138.0,0.0
586.4613599543404,137.0,0.0
586.4680294471839,136.0,0.0
586.4700692617276,137.0,0.0
586.4701972882914,136.0,0.0
586.4742542599953,135.0,0.0
586.4840453044168,136.0,0.0
586.4926566055095,135.0,0.0
586.5008483823076,136.0,0.0
586.5008777970329,135.0,0.0
586.5132189474533,136.0,0.0
586.5146424517405,135.0,0.0
586.5269572971155,134.0,0.0
586.5350532496561,133.0,0.0
586.5431815823695,134.0,0.0
586.544905328839,133.0,0.0
586.5490993169535,132.0,0.0
586.5648004019702,131.0,0.0
586.5737343147389,132.0,0.0
586.5740249663021,131.0,0.0
586.5804146737461,130.0,0.0
586.6098087643238,131.0,0.0
586.6177184659188,130.0,0.0
586.6271031023294,129.0,0.0
586.6370672962319,128.0,0.0
586.6388567130364,129.0,0.0
586.6433420249575,130.0,0.0
586.6556512703517,131.0,0.0
586.6703419187178,132.0,0.0
586.678507912639,131.0,0.0
586.6906026849605,130.0,0.0
586.6973087562376,131.0,0.0
586.698858584965,130.0,0.0
586.705254220051,131.0,0.0
586.708130398198,130.0,0.0
586.726555887117,131.0,0.0
586.7385588833108,130.0,0.0
586.7408561805021,129.0,0.0
586.7475604463615,128.0,0.0
586.7504259161126,129.0,0.0
586.756664615718,128.0,0.0
586.7638514785291,129.0,0.0
586.7673608170834,128.0,0.0
586.7808516493054,129.0,0.0
586.782155784571,128.0,0.0
586.7908460903822,129.0,0.0
586.7995019820293,128.0,0.0
586.8040353612806,127.0,0.0
586.8083898027517,126.0,0.0
586.8099448659038,125.0,0.0
586.8173699697421,124.0,0.0
586.8359038431387,123.0,0.0
586.8370259548625,122.0,0.0
586.8404562619933,121.0,0.0
586.8413006892143,120.0,0.0
586.867880552318,121.0,0.0
586.8688866558407,120.0,0.0
586.881462720709,121.0,0.0
586.8836969579958,120.0,0.0
586.9084215775082,119.0,0.0
586.9088054052553,118.0,0.0
586.9146072531778,117.0,0.0
586.9214860713427,116.0,0.0
586.932791976926,117.0,0.0
586.9369156347069,116.0,0.0
586.9423276016146,115.0,0.0
586.9575058489585,116.0,0.0
586.9711409214467,115.0,0.0
586.9761582837197,116.0,0.0
586.9846659607509,117.0,0.0
586.9909673263468,118.0,0.0
586.9970255668211,117.0,0.0
587.0022796153053,116.0,0.0
587.0070703764319,115.0,0.0
587.010683939256,114.0,0.0
587.0376935425835,113.0,0.0
587.0885024854722,112.0,0.0
587.0924455139229,111.0,0.0
587.0942588452882,110.0,0.0
587.0981857016797,111.0,0.0
587.1129444852264,110.0,0.0
587.1194177386584,109.0,0.0
587.1257138877312,108.0,0.0
587.1308470831927,109.0,0.0
587.1388436408523,108.0,0.0
587.147375247283,107.0,0.0
587.1519270320355,108.0,0.0
587.157255741624,109.0,0.0
587.158845799389,108.0,0.0
587.1594421962716,109.0,0.0
587.1679474751704,108.0,0.0
587.1744694250808,109.0,0.0
587.1922469996579,108.0,0.0
587.2090318378563,107.0,0.0
587.2131105143575,106.0,0.0
587.2155824586624,105.0,0.0
587.2172815257609,104.0,0.0
587.2182034753513,103.0,0.0
587.2215103688638,104.0,0.0
587.2349893387485,103.0,0.0
587.2365667952749,102.0,0.0
587.2371504303071,101.0,0.0
587.25520214278,100.0,0.0
587.2601882834359,99.0,0.0
587.2757567322927,98.0,0.0
587.2795960155023,99.0,0.0
587.2813008875678,98.0,0.0
587.2829166112408,99.0,0.0
587.2918887334987,98.0,0.0
587.310328092996,97.0,0.0
587.3327357218117,96.0,0.0
587.3418405573592,95.0,0.0
587.3589756773506,94.0,0.0
587.3647427175906,95.0,0.0
587.3795155045643,94.0,0.0
587.3858999240013,95.0,0.0
587.3929427897073,94.0,0.0
587.3980974165569,95.0,0.0
587.3991154873955,94.0,0.0
587.4000768185355,93.0,0.0
587.4018449959802,94.0,0.0
587.4587176524877,95.0,0.0
587.4668526019217,94.0,0.0
587.4683807219072,93.0,0.0
587.4702143979517,92.0,0.0
587.4847598990056,93.0,0.0
587.4893139532585,94.0,0.0
587.4927391403776,93.0,0.0
587.5009214575903,92.0,0.0
587.5185223543021,91.0,0.0
587.523439278024,90.0,0.0
587.5501292514265,91.0,0.0
587.5559167370502,90.0,0.0
587.5572792497461,91.0,0.0
587.5581278583005,90.0,0.0
587.5724591440098,91.0,0.0
587.5785519161442,92.0,0.0
587.5834915795325,91.0,0.0
587.5864976074104,92.0,0.0
587.5933413073469,91.0,0.0
587.5949137935945,92.0,0.0
587.6032658105651,91.0,0.0
587.6153261975086,90.0,0.0
587.6199269170996,91.0,0.0
587.6313753041576,92.0,0.0
587.6332503219985,93.0,0.0
587.6349300444089,92.0,0.0
587.6620356027923,91.0,0.0
587.6667120921416,90.0,0.0
587.6684873795529,91.0,0.0
587.6725135398161,90.0,0.0
587.6882438374356,89.0,0.0
587.6892968587362,88.0,0.0
587.6982607880842,89.0,0.0
587.6986707744954,88.0,0.0
587.713974567564,87.0,0.0
587.7207244464264,86.0,0.0
587.7251775471661,85.0,0.0
587.7265182912973,86.0,0.0
587.7362059192245,87.0,0.0
587.7382762267031,88.0,0.0
587.7390944789522,87.0,0.0
587.7412764186729,86.0,0.0
587.7453881125707,87.0,0.0
587.7503947990466,86.0,0.0
587.7547530138099,85.0,0.0
587.7663116647346,84.0,0.0
587.7718671962205,83.0,0.0
587.7781084187542,82.0,0.0
587.7782345864937,83.0,0.0
587.7790366424576,82.0,0.0
587.7832946719965,81.0,0.0
587.7927877090189,80.0,0.0
587.7945916954087,79.0,0.0
587.7975493676018,78.0,0.0
587.8020123290007,79.0,0.0
587.8026346913086,80.0,0.0
587.8120654671253,79.0,0.0
587.8155339027243,78.0,0.0
587.8310805528561,77.0,0.0
587.8429833121278,76.0,0.0
587.853175308376,75.0,0.0
587.8600121172913,74.0,0.0
587.8626676570051,75.0,0.0
587.869294133935,74.0,0.0
587.8800184104557,73.0,0.0
587.8878005845734,72.0,0.0
587.895488468609,71.0,0.0
587.895534153869,72.0,0.0
587.9141364105125,71.0,0.0
587.9159057860346,72.0,0.0
587.9262178739107,73.0,0.0
587.9321957475057,72.0,0.0
587.9349154734098,71.0,0.0
587.936825164754,72.0,0.0
587.9511207770933,71.0,0.0
587.962028681235,70.0,0.0
587.9621379139419,69.0,0.0
587.9653239346577,68.0,0.0
587.9685626876077,67.0,0.0
587.9844387353203,66.0,0.0
587.9853180306591,65.0,0.0
587.9870598786424,64.0,0.0
587.990841887032,63.0,0.0
587.9981125857189,62.0,0.0
588.0138112251931,61.0,0.0
588.01622765025,62.0,0.0
588.0218066497222,63.0,0.0
588.0327297222444,62.0,0.0
588.0363880028101,63.0,0.0
588.0637459008021,62.0,0.0
588.0653496429196,61.0,0.0
588.0677312429694,60.0,0.0
588.0687398619783,61.0,0.0
588.0715796737629,60.0,0.0
588.1074109437731,59.0,0.0
588.1240478122595,60.0,0.0
588.1643412064994,59.0,0.0
588.1646955577042,60.0,0.0
588.1704350883834,59.0,0.0
588.1733421977509,58.0,0.0
588.1734267012307,57.0,0.0
588.189976235505,56.0,0.0
588.1925685076936,57.0,0.0
588.2059455727922,56.0,0.0
588.2072733497035,55.0,0.0
588.2149756185052,56.0,0.0
588.225258282394,55.0,0.0
588.2261000202413,54.0,0.0
588.2362098447452,55.0,0.0
588.2377227081188,56.0,0.0
588.246854017601,55.0,0.0
588.2570865953063,56.0,0.0
588.267094480007,57.0,0.0
588.2759523561467,58.0,0.0
588.2769369858183,57.0,0.0
588.2985274142482,56.0,0.0
588.3149528984105,55.0,0.0
588.3264908368183,56.0,0.0
588.3385562484269,57.0,0.0
588.3768198299092,58.0,0.0
588.3873636557248,57.0,0.0
588.3879062438103,56.0,0.0
588.4124921871581,55.0,0.0
588.4203410145741,54.0,0.0
588.4313158714347,53.0,0.0
588.4324181973752,52.0,0.0
588.4542657384925,51.0,0.0
588.4766521225334,50.0,0.0
588.4967439753254,49.0,0.0
588.5055027980775,50.0,0.0
588.5069256520113,49.0,0.0
588.5254097417067,50.0,0.0
588.525512512105,49.0,0.0
588.5340998417634,48.0,0.0
588.5377645609846,47.0,0.0
588.553619701207,46.0,0.0
588.5556966370204,47.0,0.0
588.5717034827597,46.0,0.0
588.5994787303271,45.0,0.0
588.6072864018635,44.0,0.0
588.6356674141964,43.0,0.0
588.6422882832874,42.0,0.0
588.6488261086965,41.0,0.0
588.6568220729373,42.0,0.0
588.6647063335537,41.0,0.0
588.6648360172102,40.0,0.0
588.6765790897648,39.0,0.0
588.6793246508557,40.0,0.0
588.6794347532979,39.0,0.0
588.6812305196996,38.0,0.0
588.6939114504385,39.0,0.0
588.7210816036969,38.0,0.0
588.7300264722387,37.0,0.0
588.7342888965181,36.0,0.0
588.7366456541769,35.0,0.0
588.747131988594,34.0,0.0
588.7487955649938,35.0,0.0
588.7713466858595,36.0,0.0
588.7754266606095,35.0,0.0
588.7882110752931,34.0,0.0
588.7905860341632,35.0,0.0
588.8082331042204,34.0,0.0
588.8089212038416,33.0,0.0
588.8219156338569,32.0,0.0
588.8264107343668,33.0,0.0
588.8451620444076,34.0,0.0
588.8484291584721,33.0,0.0
588.8588546829506,32.0,0.0
588.8591407593412,31.0,0.0
588.8758103124228,30.0,0.0
588.88878839047,29.0,0.0
588.8959817341604,28.0,0.0
588.899355778657,27.0,0.0
588.908548284961,26.0,0.0
588.9379402292382,25.0,0.0
588.9551897898374,24.0,0.0
588.9579499793305,23.0,0.0
588.9806143004486,24.0,0.0
588.9868818761522,23.0,0.0
588.9884287111645,22.0,0.0
588.9912258679308,21.0,0.0
589.0013198683881,22.0,0.0
589.0249863035675,21.0,0.0
589.0308370412328,20.0,0.0
589.0351744159781,19.0,0.0
589.0506008684141,18.0,0.0
589.0690316717821,19.0,0.0
589.0726322553455,18.0,0.0
589.0729677515643,19.0,0.0
589.0982529404786,18.0,0.0
589.1078731363972,17.0,0.0
589.1191946546219,18.0,0.0
589.1563129694737,19.0,0.0
589.1594978033716,18.0,0.0
589.1606416694398,19.0,0.0
589.1659062695071,18.0,0.0
589.1696528649744,17.0,0.0
589.1768223667314,16.0,0.0
589.1825363950115,15.0,0.0
589.1880047311158,14.0,0.0
589.1986673280486,13.0,0.0
589.1992762485786,12.0,0.0
589.2025276822596,13.0,0.0
589.2298368970513,12.0,0.0
589.2362402672381,11.0,0.0
589.2546055206594,10.0,0.0
589.2547640535702,9.0,0.0
589.257775141935,10.0,0.0
589.2776754444037,9.0,0.0
589.2902781724565,8.0,0.0
589.2929116316727,9.0,0.0
589.2959904547353,8.0,0.0
589.3037963625936,7.0,0.0
589.3457584305473,8.0,0.0
589.3499052240788,7.0,0.0
589.3530215209801,8.0,0.0
589.3577234785388,7.0,0.0
589.3757759926955,6.0,0.0
589.3759450527994,5.0,0.0
589.3824393476172,4.0,0.0
589.3970708921712,3.0,0.0
589.4064207154319,2.0,0.0
589.4070587831108,3.0,0.0
589.414190895198,2.0,0.0
589.4206189300069,1.0,0.0
589.439096395831,0.0,0.0
589.4644130596381,1.0,0.0
589.4685773394848,2.0,0.0
589.5039298867174,1.0,0.0
589.5207833344821,0.0,0.0
589.5715566557492,1.0,0.0
589.5811401706763,2.0,0.0
589.5850961950557,1.0,0.0
589.5893391934051,0.0,0.0
589.6327961212257,1.0,0.0
589.6381051926061,0.0,0.0
589.6613936785086,1.0,0.0
589.6755354426581,0.0,0.0
589.6775401985741,1.0,0.0
589.6805913038606,2.0,0.0
589.6985532787108,3.0,0.0
589.6994692000554,2.0,0.0
589.7249873327122,1.0,0.0
589.7260282310724,2.0,0.0
589.729015228745,1.0,0.0
589.7458626181293,2.0,0.0
589.8056098892617,3.0,0.0
589.8085392723683,2.0,0.0
589.8273504417028,1.0,0.0
589.8342027681686,0.0,0.0
589.8856016476378,1.0,0.0
589.9482426776618,0.0,0.0
589.953521126284,1.0,0.0
589.9738672637596,2.0,0.0
589.9893437211695,1.0,0.0
590.0005421094692,0.0,0.0
590.1667212377888,1.0,0.0
590.183842021964,0.0,0.0
590.3026236466018,1.0,0.0
590.3141625512503,0.0,0.0
590.3283799103648,1.0,0.0
590.3447078037362,0.0,0.0
590.3631218415296,1.0,0.0
590.3810324122635,0.0,0.0
590.3907910915416,1.0,0.0
590.3939305812587,0.0,0.0
590.5025384878519,1.0,0.0
590.506553770455,0.0,0.0
590.5615710345209,1.0,0.0
590.5669447232043,2.0,0.0
590.5713465326082,1.0,0.0
590.5932597991297,0.0,0.0
590.6386931134222,1.0,0.0
590.6647013066856,0.0,0.0
590.8320185483789,1.0,0.0
590.8364144204693,0.0,0.0
590.8490541608434,1.0,0.0
590.8490694563047,0.0,0.0
590.8667937468376,1.0,0.0
590.8713711403088,0.0,0.0
590.9245621228864,1.0,0.0
590.9767661085713,0.0,0.0
590.9859451653605,1.0,0.0
590.9914317401746,2.0,0.0
590.9945977332391,1.0,0.0
591.004175070393,0.0,0.0
591.0264769590574,1.0,0.0
591.0769681494828,0.0,0.0
591.126669771917,1.0,0.0
591.141854495927,0.0,0.0
591.1522080937019,1.0,0.0
591.155853207504,0.0,0.0
591.2770819395175,1.0,0.0
591.2796373819605,0.0,0.0
591.2960191170108,1.0,0.0
591.3032083122313,2.0,0.0
591.3232011231476,3.0,0.0
591.3383795054153,2.0,0.0
591.3513820611475,1.0,0.0
591.3669677430086,0.0,0.0
591.3848696470241,1.0,0.0
591.398697681746,2.0,0.0
591.4159172131525,1.0,0.0
591.4390365289912,2.0,0.0
591.4444979174048,1.0,0.0
591.4778312509627,2.0,0.0
591.5017782548539,3.0,0.0
591.5153411028134,2.0,0.0
591.5287828641718,3.0,0.0
591.5339673361785,2.0,0.0
591.5410192658005,1.0,0.0
591.5526069722162,2.0,0.0
591.5542526127231,1.0,0.0
591.5888295304438,0.0,0.0
591.7045513279039,1.0,0.0
591.716127452043,2.0,0.0
591.7200660217615,3.0,0.0
591.7209442109469,2.0,0.0
591.7430270805419,1.0,0.0
591.7560483646844,0.0,0.0
591.8961521456096,1.0,0.0
591.8977433714698,2.0,0.0
591.9200767844206,1.0,0.0
591.9620728317144,2.0,0.0
591.9656178249836,1.0,0.0
591.9777383911983,2.0,0.0
591.9916112175919,1.0,0.0
591.9957331661329,0.0,0.0
592.0233179202529,1.0,0.0
592.0234987355038,0.0,0.0
592.025562337794,1.0,0.0
592.0499176046227,2.0,0.0
592.0730841574218,1.0,0.0
592.1069096983372,0.0,0.0
592.1229596976123,1.0,0.0
592.149299427966,0.0,0.0
592.1585648348021,1.0,0.0
592.176104562221,2.0,0.0
592.1892089611151,3.0,0.0
592.1966548708384,2.0,0.0
592.2226223299845,1.0,0.0
592.2242034413462,2.0,0.0
592.2296439723193,3.0,0.0
592.2312280062117,2.0,0.0
592.2332447138298,1.0,0.0
592.2452772829939,2.0,0.0
592.2675857916585,3.0,0.0
592.2933787282627,2.0,0.0
592.3071181954052,3.0,0.0
592.3147711116363,2.0,0.0
592.3387481436364,3.0,0.0
592.3392315511126,4.0,0.0
592.3493588795654,3.0,0.0
592.3498826070349,4.0,0.0
592.3501635407264,3.0,0.0
592.3680059543774,4.0,0.0
592.4262778131688,5.0,0.0
592.4287942499827,4.0,0.0
592.4463909013333,3.0,0.0
592.4520926312772,2.0,0.0
592.476255543144,1.0,0.0
592.4770287997466,2.0,0.0
592.479244275242,1.0,0.0
592.4847733241822,0.0,0.0
592.5014612321273,1.0,0.0
592.5085844614636,0.0,0.0
592.5428830490158,1.0,0.0
592.5649965006234,0.0,0.0
592.591224858637,1.0,0.0
592.5994590817667,2.0,0.0
592.6043474497136,1.0,0.0
592.6345298373709,0.0,0.0
592.656111719939,1.0,0.0
592.6569331376793,0.0,0.0
592.6766360715927,1.0,0.0
592.7035212366419,2.0,0.0
592.71329327769,3.0,0.0
592.7270519322904,2.0,0.0
592.730437291093,3.0,0.0
592.7326075254654,4.0,0.0
592.7384128193064,5.0,0.0
592.7683948162054,6.0,0.0
592.7762378953493,7.0,0.0
592.7791182902755,6.0,0.0
592.7840884880112,5.0,0.0
592.7937675487111,4.0,0.0
592.8051323974106,3.0,0.0
592.8242964981961,4.0,0.0
592.8273681062142,5.0,0.0
592.835311877767,4.0,0.0
592.8469232501864,3.0,0.0
592.8478719811795,2.0,0.0
592.8513784313789,3.0,0.0
592.8565538916346,2.0,0.0
592.8575993106015,1.0,0.0
592.8614729218892,0.0,0.0
592.872865815774,1.0,0.0
592.8732564258571,2.0,0.0
592.8851811333564,3.0,0.0
592.8893106123578,2.0,0.0
592.8940203444643,3.0,0.0
592.9009956020589,4.0,0.0
592.9057437630029,5.0,0.0
592.9089283910491,6.0,0.0
592.9149335722312,7.0,0.0
592.9155209749093,6.0,0.0
592.9324090579181,7.0,0.0
592.9342699980541,6.0,0.0
592.9424449620333,7.0,0.0
592.9459408625307,6.0,0.0
592.9548440860985,5.0,0.0
592.9792006643694,6.0,0.0
592.9800662344732,7.0,0.0
592.9914019543812,6.0,0.0
593.0067387662285,7.0,0.0
593.0090639934973,6.0,0.0
593.0345509023048,7.0,0.0
593.0436144935,6.0,0.0
593.0566805535839,5.0,0.0
593.0640491638691,6.0,0.0
593.0827035489212,5.0,0.0
593.0835938342033,6.0,0.0
593.0843978995075,7.0,0.0
593.0947162492164,8.0,0.0
593.0949914113606,7.0,0.0
593.0979083995055,6.0,0.0
593.1093693775576,7.0,0.0
593.1148298650994,6.0,0.0
593.1170581993811,5.0,0.0
593.1293128676806,6.0,0.0
593.1383879711267,7.0,0.0
593.1500365037215,6.0,0.0
593.1503396306435,5.0,0.0
593.1593147942234,6.0,0.0
593.1663472549951,5.0,0.0
593.2059713557079,6.0,0.0
593.2133961397542,5.0,0.0
593.2315060986988,6.0,0.0
593.2363750958615,7.0,0.0
593.2513786078781,6.0,0.0
593.2581706102657,5.0,0.0
593.2788885206444,4.0,0.0
593.2831646038901,5.0,0.0
593.2854258358058,4.0,0.0
593.2947262095386,5.0,0.0
593.2961863339561,4.0,0.0
593.3088838164518,3.0,0.0
593.3121159485033,4.0,0.0
593.3169635251314,5.0,0.0
593.3262966949604,4.0,0.0
593.3424954226683,5.0,0.0
593.36171385723,4.0,0.0
593.3634606307215,3.0,0.0
593.3659712276602,4.0,0.0
593.3683468390708,3.0,0.0
593.3744380409404,2.0,0.0
593.3794895981164,3.0,0.0
593.3893460586891,4.0,0.0
593.3917801688192,5.0,0.0
593.393852022787,4.0,0.0
593.4004167052829,5.0,0.0
593.4201383936254,4.0,0.0
593.4287290247456,5.0,0.0
593.4539381823841,4.0,0.0
593.4578217991213,3.0,0.0
593.4671249497484,4.0,0.0
593.4814509611994,3.0,0.0
593.5068189865896,2.0,0.0
593.5182146123591,1.0,0.0
593.5281288201971,2.0,0.0
593.5456516275618,1.0,0.0
593.5518754254437,0.0,0.0
593.5526856737506,1.0,0.0
593.5556732761065,0.0,0.0
593.6604546267201,1.0,0.0
593.6670800793976,0.0,0.0
593.6802415646267,1.0,0.0
593.7040280829724,0.0,0.0
593.7099217157587,1.0,0.0
593.7128439853386,0.0,0.0
593.7198298605036,1.0,0.0
593.720200667543,0.0,0.0
593.7253807189643,1.0,0.0
593.7315456239294,0.0,0.0
593.758828334591,1.0,0.0
593.773945361905,0.0,0.0
593.7768914148588,1.0,0.0
593.7947734544089,0.0,0.0
593.8126963287237,1.0,0.0
593.8174355002512,2.0,0.0
593.8436678439024,1.0,0.0
593.8491201090845,2.0,0.0
593.865553149186,3.0,0.0
593.8705851534272,2.0,0.0
593.8790500595039,1.0,0.0
593.88747563916,0.0,0.0
593.896093270291,1.0,0.0
593.9054029746331,0.0,0.0
593.9206825185761,1.0,0.0
593.9217175439906,2.0,0.0
593.9394198334415,3.0,0.0
593.9431917194999,4.0,0.0
593.9449174217445,3.0,0.0
593.9468661573346,4.0,0.0
593.9536126612804,3.0,0.0
593.9550964576249,4.0,0.0
593.9627922187478,5.0,0.0
593.9677172417,4.0,0.0
593.9693833446775,5.0,0.0
593.9985441461291,6.0,0.0
593.9986217052066,7.0,0.0
594.0154927063566,6.0,0.0
594.0236270611834,7.0,0.0
594.0245528009,8.0,0.0
594.0258364646825,7.0,0.0
594.0267096399532,6.0,0.0
594.0390560609411,7.0,0.0
594.0464478892405,6.0,0.0
594.0472867856112,5.0,0.0
594.0507226818139,4.0,0.0
594.0508199098809,3.0,0.0
594.0569941144557,4.0,0.0
594.0649924431706,3.0,0.0
594.0751704016932,4.0,0.0
594.085067681889,3.0,0.0
594.0852980659237,4.0,0.0
594.0878723661032,5.0,0.0
594.0906999422165,6.0,0.0
594.0941613355468,5.0,0.0
594.1001824530146,4.0,0.0
594.1094336792063,3.0,0.0
594.112560181553,4.0,0.0
594.1260199062658,3.0,0.0
594.1282357583889,2.0,0.0
594.1313118649996,3.0,0.0
594.136335759703,2.0,0.0
594.1513784580982,1.0,0.0
594.1701174732754,2.0,0.0
594.1710454670302,3.0,0.0
594.1745335100558,4.0,0.0
594.1947422505158,3.0,0.0
594.195474864429,4.0,0.0
594.2013071644084,3.0,0.0
594.2056038610882,2.0,0.0
594.2137101135648,1.0,0.0
594.2199343273735,2.0,0.0
594.2224510833603,3.0,0.0
594.2250677384455,2.0,0.0
594.2410670925336,1.0,0.0
594.2426153601551,0.0,0.0
594.2428981440659,1.0,0.0
594.2430329665642,2.0,0.0
594.2500562865753,3.0,0.0
594.2500618788607,4.0,0.0
594.2646388216572,5.0,0.0
594.2680325630623,4.0,0.0
594.2682319318411,5.0,0.0
594.2770309424222,4.0,0.0
594.2811294004342,5.0,0.0
594.2815301493517,6.0,0.0
594.2839077960564,5.0,0.0
594.2910707058476,6.0,0.0
594.2927921929733,5.0,0.0
594.3075550426298,4.0,0.0
594.3113086103556,3.0,0.0
594.313778165512,2.0,0.0
594.3210860755637,3.0,0.0
594.3215991790275,4.0,0.0
594.3258158354612,3.0,0.0
594.326121423607,4.0,0.0
594.3476447327612,3.0,0.0
594.3582326668926,2.0,0.0
594.364860512036,1.0,0.0
594.365648850512,2.0,0.0
594.3705218058939,3.0,0.0
594.3774133392116,4.0,0.0
594.3778817760398,3.0,0.0
594.3960144016537,4.0,0.0
594.3960404156777,3.0,0.0
594.3961742876209,4.0,0.0
594.3994233378323,5.0,0.0
594.4048461689792,4.0,0.0
594.4054643307107,3.0,0.0
594.4343298049199,2.0,0.0
594.4348561011527,1.0,0.0
594.4564074162032,0.0,0.0
594.4564964122501,1.0,0.0
594.4625128226163,2.0,0.0
594.4675854368624,3.0,0.0
594.4855701026811,2.0,0.0
594.4962716255045,3.0,0.0
594.5007500836927,2.0,0.0
594.5187280348559,3.0,0.0
594.5223782227229,4.0,0.0
594.5271230423389,5.0,0.0
594.5314623206527,6.0,0.0
594.5337572022707,5.0,0.0
594.5441155472803,4.0,0.0
594.5459941635139,3.0,0.0
594.5510979052276,4.0,0.0
594.5580012913296,3.0,0.0
594.5585457013517,4.0,0.0
594.5650654501128,5.0,0.0
594.5655073704613,4.0,0.0
594.5732514171636,3.0,0.0
594.5999352942925,4.0,0.0
594.6045546621567,3.0,0.0
594.6073948229856,4.0,0.0
594.6103905727282,3.0,0.0
594.6143756676636,2.0,0.0
594.6206557467701,1.0,0.0
594.6403633345849,2.0,0.0
594.6448468085084,3.0,0.0
594.6522264676902,2.0,0.0
594.6530781298467,1.0,0.0
594.6688924721147,2.0,0.0
594.6773609037223,3.0,0.0
594.6789263634862,4.0,0.0
594.6904729560708,5.0,0.0
594.6906951691752,6.0,0.0
594.6962673213783,7.0,0.0
594.7039930189933,8.0,0.0
594.7086865991671,7.0,0.0
594.7107082596718,8.0,0.0
594.7234465894802,9.0,0.0
594.7265580872755,10.0,0.0
594.7391273048286,11.0,0.0
594.7392401386301,12.0,0.0
594.7398449152731,13.0,0.0
594.745473372224,14.0,0.0
594.7505976658716,13.0,0.0
594.7577135033117,12.0,0.0
594.760797145568,13.0,0.0
594.7753851002088,12.0,0.0
594.7813290697194,11.0,0.0
594.7857323701663,12.0,0.0
594.7872339483827,13.0,0.0
594.7911067484712,12.0,0.0
594.7941587640843,13.0,0.0
594.7952761777849,14.0,0.0
594.7980322044992,13.0,0.0
594.8031391904611,12.0,0.0
594.8093495671227,13.0,0.0
594.8292943678777,14.0,0.0
594.8374256105105,13.0,0.0
594.8399729790428,12.0,0.0
594.8537541088155,11.0,0.0
594.8622582188954,10.0,0.0
594.8761651598378,11.0,0.0
594.9024981968752,10.0,0.0
594.9178013547204,11.0,0.0
594.9212636110522,12.0,0.0
594.922328582878,11.0,0.0
594.927660290719,10.0,0.0
594.937149886474,9.0,0.0
594.9434087860934,10.0,0.0
594.9513534326095,9.0,0.0
594.9514871023425,10.0,0.0
594.952179400173,11.0,0.0
594.954953942004,12.0,0.0
594.9755687060401,13.0,0.0
594.9766589698472,12.0,0.0
594.9818768677275,13.0,0.0
594.9929295614132,14.0,0.0
594.9945206569507,13.0,0.0
594.9948093868256,14.0,0.0
594.9971348622289,13.0,0.0
594.9986981313823,14.0,0.0
595.0066300217994,15.0,0.0
595.0073180668953,16.0,0.0
595.009002771086,17.0,0.0
595.0145751619981,18.0,0.0
595.0181689089012,19.0,0.0
595.0213291997911,18.0,0.0
595.0226870105491,17.0,0.0
595.0244381039115,16.0,0.0
595.0287450055616,17.0,0.0
595.0306568740838,18.0,0.0
595.0331262272892,19.0,0.0
595.034297135758,18.0,0.0
595.0412634746222,17.0,0.0
595.048622054651,18.0,0.0
595.0503980558926,17.0,0.0
595.0551446256626,16.0,0.0
595.05755503694,15.0,0.0
595.0620403803007,16.0,0.0
595.0694011051148,15.0,0.0
595.0709983169937,16.0,0.0
595.07342968452,17.0,0.0
595.074497904002,18.0,0.0
595.0776212104327,19.0,0.0
595.0776266495863,18.0,0.0
595.0792940541903,19.0,0.0
595.0817830493376,20.0,0.0
595.0832067585183,19.0,0.0
595.0840703996706,18.0,0.0
595.1031239451244,19.0,0.0
595.1041673635797,18.0,0.0
595.106817700184,19.0,0.0
595.1090028190999,20.0,0.0
595.1091766364765,19.0,0.0
595.1121984088604,20.0,0.0
595.1127072266246,21.0,0.0
595.1305705412499,22.0,0.0
595.1374577532564,21.0,0.0
595.1436879425636,20.0,0.0
595.1456236813016,21.0,0.0
595.1475386608057,22.0,0.0
595.1516900499952,21.0,0.0
595.1571988819586,20.0,0.0
595.1613942971059,21.0,0.0
595.1676010525555,22.0,0.0
595.1798296088276,23.0,0.0
595.1798296600367,22.0,0.0
595.1805388719728,23.0,0.0
595.1816533266036,22.0,0.0
595.193948608557,23.0,0.0
595.2004920834294,24.0,0.0
595.2070775417835,23.0,0.0
595.2100143363914,24.0,0.0
595.2127915387575,23.0,0.0
595.2131240971183,22.0,0.0
595.2212182347687,21.0,0.0
595.2250732576604,20.0,0.0
595.2250879910368,21.0,0.0
595.2270064554949,22.0,0.0
595.2311360213167,21.0,0.0
595.2384849084092,22.0,0.0
595.2429298318839,23.0,0.0
595.2451398778044,22.0,0.0
595.245796550774,23.0,0.0
595.24598559009,22.0,0.0
595.2479916772505,21.0,0.0
595.2506811738625,22.0,0.0
595.2563656184145,21.0,0.0
595.2663245486204,22.0,0.0
595.2794255303149,23.0,0.0
595.2803237452501,24.0,0.0
595.2825586727431,25.0,0.0
595.2972707574149,24.0,0.0
595.3059605157636,23.0,0.0
595.317308519822,24.0,0.0
595.3221653449422,25.0,0.0
595.3241293667229,26.0,0.0
595.3287883467187,27.0,0.0
595.3310596737972,26.0,0.0
595.3323771220931,25.0,0.0
595.3456740844582,24.0,0.0
595.3494275341169,25.0,0.0
595.3601766088867,24.0,0.0
595.3722855869581,23.0,0.0
595.3888119267343,24.0,0.0
595.3901487474269,25.0,0.0
595.3941860940912,26.0,0.0
595.3953118633816,27.0,0.0
595.3960444883926,28.0,0.0
595.3963659164589,29.0,0.0
595.4039108181399,30.0,0.0
595.4049306802452,29.0,0.0
595.4108073116014,30.0,0.0
595.4139259192345,31.0,0.0
595.4207951542048,32.0,0.0
595.422806666261,33.0,0.0
595.4262656813266,32.0,0.0
595.443894787683,31.0,0.0
595.4553160607836,32.0,0.0
595.4559533209303,31.0,0.0
595.460039487707,30.0,0.0
595.4657599276513,29.0,0.0
595.4689781513913,30.0,0.0
595.4745044884951,31.0,0.0
595.4789487224206,32.0,0.0
595.4847639319705,33.0,0.0
595.4883308179187,32.0,0.0
595.4900674302713,33.0,0.0
595.4925416807449,34.0,0.0
595.4979739471531,33.0,0.0
595.501751125783,34.0,0.0
595.5041004921438,33.0,0.0
595.51013210216,34.0,0.0
595.5116882904434,35.0,0.0
595.5122119354028,34.0,0.0
595.5162209587432,33.0,0.0
595.5182311058794,32.0,0.0
595.5281715086301,33.0,0.0
595.5364972347722,34.0,0.0
595.5449844350958,35.0,0.0
595.5468491923236,34.0,0.0
595.5528088678024,35.0,0.0
595.5554066697575,36.0,0.0
595.5571890613135,35.0,0.0
595.5624737347439,36.0,0.0
595.5626955629573,35.0,0.0
595.5629719342478,36.0,0.0
595.5644841432589,35.0,0.0
595.5661395949041,36.0,0.0
595.5717986386823,35.0,0.0
595.5803663925925,36.0,0.0
595.5877669431035,35.0,0.0
595.5937057192781,34.0,0.0
595.6031409627603,35.0,0.0
595.6031652933411,36.0,0.0
595.6049569116612,37.0,0.0
595.6055379092037,38.0,0.0
595.6069436168775,39.0,0.0
595.6113454581404,38.0,0.0
595.6148572786112,39.0,0.0
595.6191046950684,40.0,0.0
595.6230779255579,41.0,0.0
595.6257969745853,42.0,0.0
595.6310523928694,43.0,0.0
595.6357853609645,42.0,0.0
595.6380840368649,41.0,0.0
595.6392372522723,42.0,0.0
595.6430244337076,43.0,0.0
595.6432065613511,44.0,0.0
595.6483748968626,45.0,0.0
595.6492371313846,44.0,0.0
595.6512080541593,45.0,0.0
595.6538101138128,46.0,0.0
595.6552320278926,47.0,0.0
595.6625044582364,46.0,0.0
595.6789255292315,47.0,0.0
595.721362562777,48.0,0.0
595.7341121404313,49.0,0.0
595.7365750602677,50.0,0.0
595.7596509668546,49.0,0.0
595.7599268856109,50.0,0.0
595.7606347309136,51.0,0.0
595.7694311266321,50.0,0.0
595.7721368135354,51.0,0.0
595.7723560699851,50.0,0.0
595.7761341408445,49.0,0.0
595.783031941403,48.0,0.0
595.7848383951997,47.0,0.0
595.7872496197907,46.0,0.0
595.7886890383804,45.0,0.0
595.8025847047988,44.0,0.0
595.8155491528154,43.0,0.0
595.8159788563211,44.0,0.0
595.8189493326408,43.0,0.0
595.8296035092286,44.0,0.0
595.837300320578,45.0,0.0
595.850011384207,46.0,0.0
595.8644137293859,45.0,0.0
595.8764301944576,46.0,0.0
595.8820718746665,47.0,0.0
595.8822266169572,48.0,0.0
595.884339077574,47.0,0.0
595.8900678667197,46.0,0.0
595.8952919538482,47.0,0.0
595.8981416908882,46.0,0.0
595.8992226842695,47.0,0.0
595.9001395251194,46.0,0.0
595.9028286408987,45.0,0.0
595.9109181839708,44.0,0.0
595.9194306659555,43.0,0.0
595.9229202661099,42.0,0.0
595.9256793283648,41.0,0.0
595.9308231220324,42.0,0.0
595.9411820461211,41.0,0.0
595.9424787871361,42.0,0.0
595.9453634391242,43.0,0.0
595.9495679704623,42.0,0.0
595.9548206829716,41.0,0.0
595.9558130095486,42.0,0.0
595.9558798256473,43.0,0.0
595.9582044307392,42.0,0.0
595.9603586292689,43.0,0.0
595.9621837674491,42.0,0.0
595.9727436922817,41.0,0.0
595.9739567211597,40.0,0.0
595.9792221253135,39.0,0.0
595.9806345978425,38.0,0.0
595.983929581697,39.0,0.0
595.9931835443476,40.0,0.0
595.9991835258244,39.0,0.0
596.0078700088254,40.0,0.0
596.0140966196584,41.0,0.0
596.0176928697354,42.0,0.0
596.0197156993029,41.0,0.0
596.0205607303706,42.0,0.0
596.02500762016,41.0,0.0
596.02829667502,40.0,0.0
596.0291452953725,39.0,0.0
596.035858282378,40.0,0.0
596.0358897844392,39.0,0.0
596.0384876080572,38.0,0.0
596.0393531027032,39.0,0.0
596.0453402336719,38.0,0.0
596.0472315591138,39.0,0.0
596.0591224520841,40.0,0.0
596.0629602032993,41.0,0.0
596.0692018413747,40.0,0.0
596.070417691036,41.0,0.0
596.0855174553298,40.0,0.0
596.0877715867957,39.0,0.0
596.0931036488955,40.0,0.0
596.0987953406114,41.0,0.0
596.10531383984,42.0,0.0
596.112591907341,43.0,0.0
596.1254523695249,44.0,0.0
596.1269803807995,43.0,0.0
596.1300007729676,42.0,0.0
596.1321001420399,41.0,0.0
596.1340468413018,42.0,0.0
596.1434101887627,41.0,0.0
596.1436735395756,42.0,0.0
596.1471089364303,43.0,0.0
596.1476172737624,44.0,0.0
596.1487126401536,45.0,0.0
596.1503458155505,44.0,0.0
596.1520602524704,43.0,0.0
596.1543965200427,42.0,0.0
596.1627793602892,41.0,0.0
596.1642415522933,40.0,0.0
596.1657878208978,41.0,0.0
596.1686428863835,42.0,0.0
596.1712756367114,41.0,0.0
596.1769679436347,40.0,0.0
596.1849797114406,39.0,0.0
596.1993972222452,38.0,0.0
596.2016332048826,39.0,0.0
596.2050470795751,40.0,0.0
596.205465055076,41.0,0.0
596.21769375287,40.0,0.0
596.2197532467494,39.0,0.0
596.2203097916365,40.0,0.0
596.2204790410394,39.0,0.0
596.2250837227962,40.0,0.0
596.2306536571522,39.0,0.0
596.2326069892946,38.0,0.0
596.2395335943099,39.0,0.0
596.2474603161544,38.0,0.0
596.2578063483597,39.0,0.0
596.2592372299935,38.0,0.0
596.2597417671407,39.0,0.0
596.2656223321849,40.0,0.0
596.2733603388853,39.0,0.0
596.2844525582605,40.0,0.0
596.285832092091,39.0,0.0
596.287867108348,38.0,0.0
596.2971123868937,37.0,0.0
596.2981181942854,38.0,0.0
596.3037024590539,37.0,0.0
596.3121350623654,36.0,0.0
596.3180102788716,35.0,0.0
596.3181171590261,36.0,0.0
596.3195461591313,35.0,0.0
596.3200376794049,36.0,0.0
596.3218756511662,37.0,0.0
596.328524711784,38.0,0.0
596.3421957694612,37.0,0.0
596.3561260549145,36.0,0.0
596.3580218588559,37.0,0.0
596.3587345855677,38.0,0.0
596.3591342703221,37.0,0.0
596.3721591898083,38.0,0.0
596.3809323559518,39.0,0.0
596.3812504762178,40.0,0.0
596.3821731476202,41.0,0.0
596.3831348165592,42.0,0.0
596.3903874101115,43.0,0.0
596.3965416540091,42.0,0.0
596.3969723327191,43.0,0.0
596.3973546860208,42.0,0.0
596.3984770705921,43.0,0.0
596.4016301595955,44.0,0.0
596.4030417250408,45.0,0.0
596.4078705848281,44.0,0.0
596.4107368083263,43.0,0.0
596.4227451075941,42.0,0.0
596.4234494873211,41.0,0.0
596.4296027091161,42.0,0.0
596.4321252284803,41.0,0.0
596.4321618910503,40.0,0.0
596.4417318105196,41.0,0.0
596.4438245971505,40.0,0.0
596.4503757667313,39.0,0.0
596.4591521234335,40.0,0.0
596.4658156767963,39.0,0.0
596.4661127627342,38.0,0.0
596.470577597714,39.0,0.0
596.470593066763,38.0,0.0
596.4713346267405,39.0,0.0
596.4744337155523,40.0,0.0
596.4747515362947,39.0,0.0
596.4809500810176,38.0,0.0
596.4877836043254,37.0,0.0
596.4879523449184,38.0,0.0
596.5021683676689,39.0,0.0
596.5143861634909,40.0,0.0
596.5218188316966,39.0,0.0
596.5240893918618,38.0,0.0
596.5246407398816,39.0,0.0
596.5273238884304,40.0,0.0
596.5273447166521,39.0,0.0
596.5288515121138,38.0,0.0
596.530152592578,37.0,0.0
596.5321293607012,36.0,0.0
596.5343259768262,37.0,0.0
596.5420121611745,36.0,0.0
596.5424075498913,37.0,0.0
596.5463519595513,36.0,0.0
596.5528643753993,37.0,0.0
596.5595848119087,36.0,0.0
596.5614826037221,35.0,0.0
596.565350547275,36.0,0.0
596.5654762866917,35.0,0.0
596.5666517807185,34.0,0.0
596.5722166760404,35.0,0.0
596.575987350857,36.0,0.0
596.5809915745853,37.0,0.0
596.5935747666553,38.0,0.0
596.5982248538484,39.0,0.0
596.5984857214553,38.0,0.0
596.6017148588129,39.0,0.0
596.601869201837,38.0,0.0
596.6093500569348,39.0,0.0
596.6147881925157,38.0,0.0
596.6177713491757,39.0,0.0
596.6186852131868,38.0,0.0
596.618856584927,39.0,0.0
596.6244152052093,40.0,0.0
596.627770930881,41.0,0.0
596.6316974673451,40.0,0.0
596.6427982991995,41.0,0.0
596.6503059584987,40.0,0.0
596.6669429486401,41.0,0.0
596.678978151568,40.0,0.0
596.6936140767821,39.0,0.0
596.7013499127492,38.0,0.0
596.7015406399391,37.0,0.0
596.7024769256053,38.0,0.0
596.705144616316,37.0,0.0
596.7058446394927,38.0,0.0
596.7154019397902,37.0,0.0
596.7190171406046,38.0,0.0
596.7212173015282,37.0,0.0
596.7265000364507,38.0,0.0
596.7326351295487,39.0,0.0
596.7343689993799,40.0,0.0
596.7411477459925,41.0,0.0
596.7474418298583,42.0,0.0
596.7538606777682,41.0,0.0
596.764342571205,42.0,0.0
596.7651836795521,41.0,0.0
596.769108977114,42.0,0.0
596.7704123128808,41.0,0.0
596.7721923833627,42.0,0.0
596.7739681831654,43.0,0.0
596.7805503152256,42.0,0.0
596.7812142617444,43.0,0.0
596.7813150023766,44.0,0.0
596.7816856479359,45.0,0.0
596.7879234435613,44.0,0.0
596.8084598384944,45.0,0.0
596.8089023552335,46.0,0.0
596.8097246547883,45.0,0.0
596.812648059114,44.0,0.0
596.817822819547,43.0,0.0
596.8190394162901,44.0,0.0
596.8233670634833,45.0,0.0
596.8241786610174,44.0,0.0
596.8306370940464,43.0,0.0
596.831834278013,42.0,0.0
596.8341690026658,41.0,0.0
596.8398711215453,40.0,0.0
596.8404092482069,41.0,0.0
596.8488739283789,42.0,0.0
596.852100872543,41.0,0.0
596.8547785959453,40.0,0.0
596.8622872368554,39.0,0.0
596.8638351937083,40.0,0.0
596.8672209233059,41.0,0.0
596.8677109952756,42.0,0.0
596.8701015403096,41.0,0.0
596.8708677352121,42.0,0.0
596.8782342261234,43.0,0.0
596.8790288130652,42.0,0.0
596.8818439884348,41.0,0.0
596.8830323357234,40.0,0.0
596.8865112056006,39.0,0.0
596.8921977997206,40.0,0.0
596.895233857412,41.0,0.0
596.8956030198398,42.0,0.0
596.8974830811097,43.0,0.0
596.9048121471695,44.0,0.0
596.9083175934102,45.0,0.0
596.9109069924775,46.0,0.0
596.9198140503992,47.0,0.0
596.922066822073,48.0,0.0
596.927400521207,47.0,0.0
596.9307044757306,48.0,0.0
596.9310171625167,47.0,0.0
596.9339547122869,46.0,0.0
596.9362984644222,47.0,0.0
596.9375543946817,46.0,0.0
596.9439671015524,47.0,0.0
596.9491956603699,46.0,0.0
596.9541952421578,47.0,0.0
596.957849808711,48.0,0.0
596.9581010424838,49.0,0.0
596.9673973556571,48.0,0.0
596.9748392947678,47.0,0.0
596.9795854386902,48.0,0.0
596.9835084325052,47.0,0.0
596.9836676304544,46.0,0.0
596.987167318755,47.0,0.0
596.9877961854484,48.0,0.0
597.0008104326038,49.0,0.0
597.0019306711805,50.0,0.0
597.0023412881474,51.0,0.0
597.0065470799623,50.0,0.0
597.0066752578947,51.0,0.0
597.0173424987903,50.0,0.0
597.0370501764528,49.0,0.0
597.0460158199979,48.0,0.0
597.0467451831827,49.0,0.0
597.0477068917259,48.0,0.0
597.0486426650239,49.0,0.0
597.0488249331745,50.0,0.0
597.0494268513958,51.0,0.0
597.0568199968261,52.0,0.0
597.0606028386012,53.0,0.0
597.0754205236442,54.0,0.0
597.0842781305103,55.0,0.0
597.0855135848685,56.0,0.0
597.090104226881,57.0,0.0
597.1004975656402,58.0,0.0
597.1015363559012,57.0,0.0
597.1068786835935,56.0,0.0
597.1085955702295,55.0,0.0
597.1146922186999,56.0,0.0
597.1157779887842,55.0,0.0
597.1235864699592,56.0,0.0
597.1377412196747,57.0,0.0
597.1408295723547,56.0,0.0
597.1416841957254,57.0,0.0
597.143313533331,58.0,0.0
597.145324843604,57.0,0.0
597.1470516098564,56.0,0.0
597.1476397954343,55.0,0.0
597.150645999067,54.0,0.0
597.153600658805,55.0,0.0
597.1538929484685,56.0,0.0
597.1543900286342,57.0,0.0
597.1605171922074,56.0,0.0
597.1649969729929,57.0,0.0
597.1660795609456,56.0,0.0
597.1702442025786,55.0,0.0
597.1765997980882,54.0,0.0
597.1881938574511,55.0,0.0
597.1911661529994,56.0,0.0
597.2006472919628,57.0,0.0
597.2213781659028,56.0,0.0
597.2257987391919,57.0,0.0
597.2276251445427,58.0,0.0
597.229865421973,57.0,0.0
597.2349802918601,58.0,0.0
597.2431309046942,59.0,0.0
597.2564929293922,60.0,0.0
597.2646878152046,59.0,0.0
597.2676410929242,58.0,0.0
597.2856642520906,59.0,0.0
597.2880041451266,58.0,0.0
597.2913806258565,57.0,0.0
597.296297855878,58.0,0.0
597.2999165459263,57.0,0.0
597.3035034693314,58.0,0.0
597.3131530657301,57.0,0.0
597.3200033708134,58.0,0.0
597.3258464436185,57.0,0.0
597.3390919691319,58.0,0.0
597.3469586154597,57.0,0.0
597.3544125795272,56.0,0.0
597.359853197057,57.0,0.0
597.3602381034384,56.0,0.0
597.361201157211,55.0,0.0
597.3713473997395,56.0,0.0
597.3724476663666,57.0,0.0
597.3747551899537,58.0,0.0
597.3751464331677,59.0,0.0
597.3793275239813,60.0,0.0
597.3800876705486,61.0,0.0
597.3806948541138,60.0,0.0
597.3966714132706,61.0,0.0
597.410685252445,62.0,0.0
597.4203859090916,63.0,0.0
597.4222994525344,62.0,0.0
597.4227652888552,61.0,0.0
597.427625996453,62.0,0.0
597.4276781797646,63.0,0.0
597.4303840234425,64.0,0.0
597.4392902132677,65.0,0.0
597.4590616898327,66.0,0.0
597.4634625282694,67.0,0.0
597.4648835451244,66.0,0.0
597.4650058261653,65.0,0.0
597.4653689803548,64.0,0.0
597.4747529894332,65.0,0.0
597.4782573460933,64.0,0.0
597.4791884180387,65.0,0.0
597.4846845964003,64.0,0.0
597.4858247912234,65.0,0.0
597.4916168564539,66.0,0.0
597.4936979647076,67.0,0.0
597.50021969406,66.0,0.0
597.500900841268,67.0,0.0
597.5085383507374,68.0,0.0
597.5161556231845,67.0,0.0
597.5170768660821,68.0,0.0
597.5231897331142,67.0,0.0
597.5262961708568,66.0,0.0
597.5270786986728,65.0,0.0
597.527357111667,66.0,0.0
597.5369057842057,65.0,0.0
597.5408497849155,66.0,0.0
597.543399561015,67.0,0.0
597.5437120443554,66.0,0.0
597.5477956431189,65.0,0.0
597.5545946829207,66.0,0.0
597.5568358896099,67.0,0.0
597.5625537408303,68.0,0.0
597.5633551433395,69.0,0.0
597.5634604812836,70.0,0.0
597.5700952212031,71.0,0.0
597.5732990099314,72.0,0.0
597.5735289271001,71.0,0.0
597.5833927107429,70.0,0.0
597.5860403866342,69.0,0.0
597.5867379124369,70.0,0.0
597.5925969341431,71.0,0.0
597.5952883239883,72.0,0.0
597.6069603327885,73.0,0.0
597.6183545693341,72.0,0.0
597.6203309008846,71.0,0.0
597.6287953491681,70.0,0.0
597.6421253890579,71.0,0.0
597.6424380213124,72.0,0.0
597.6484520992641,73.0,0.0
597.6534333245569,72.0,0.0
597.6541953040456,73.0,0.0
597.6554709866584,72.0,0.0
597.6559230107803,73.0,0.0
597.6570960553072,72.0,0.0
597.6602039002014,71.0,0.0
597.6638913594372,70.0,0.0
597.6695451983774,71.0,0.0
597.6795266168791,72.0,0.0
597.6876140431799,73.0,0.0
597.688000849962,74.0,0.0
597.6905699363562,73.0,0.0
597.6907433244883,72.0,0.0
597.6908131626949,71.0,0.0
597.6909898352212,70.0,0.0
597.6921441681745,71.0,0.0
597.7077252665138,72.0,0.0
597.7146802437281,73.0,0.0
597.714719275957,72.0,0.0
597.7151623172475,73.0,0.0
597.7187177830658,72.0,0.0
597.7270373201418,71.0,0.0
597.7404328397688,72.0,0.0
597.7451986620745,71.0,0.0
597.74925318852,72.0,0.0
597.7622275830508,71.0,0.0
597.7645336872172,72.0,0.0
597.7691431699816,71.0,0.0
597.7701709301139,72.0,0.0
597.7710985464771,73.0,0.0
597.7733126928238,72.0,0.0
597.77410715296,73.0,0.0
597.7749157309512,74.0,0.0
597.7758370733346,75.0,0.0
597.7808934721768,76.0,0.0
597.7999509323093,75.0,0.0
597.8047276447576,76.0,0.0
597.8184039016252,77.0,0.0
597.8218315962808,76.0,0.0
597.8250731107948,77.0,0.0
597.834286994642,78.0,0.0
597.8359936607737,79.0,0.0
597.8372639769294,80.0,0.0
597.8461569217634,79.0,0.0
597.8461869962427,78.0,0.0
597.8513622330224,79.0,0.0
597.8550782923464,78.0,0.0
597.8577473211608,79.0,0.0
597.8615213707743,80.0,0.0
597.8640305747525,81.0,0.0
597.8720996229748,80.0,0.0
597.8757564828135,81.0,0.0
597.8758332060738,82.0,0.0
597.8766436660461,83.0,0.0
597.8822024417038,84.0,0.0
597.8894259146499,83.0,0.0
597.8904025936492,84.0,0.0
597.8914083147383,83.0,0.0
597.8937604523493,84.0,0.0
597.8984649352027,85.0,0.0
597.8990056482035,84.0,0.0
597.9119838797276,83.0,0.0
597.9125780776145,84.0,0.0
597.9183335054106,85.0,0.0
597.920149889288,86.0,0.0
597.9202423894802,85.0,0.0
597.9207056640713,86.0,0.0
597.9244968816938,87.0,0.0
597.9423730223026,86.0,0.0
597.9432930846672,87.0,0.0
597.9457056106135,86.0,0.0
597.9661635082402,85.0,0.0
597.9698916875434,86.0,0.0
597.9721870765558,87.0,0.0
597.9722280918677,86.0,0.0
597.9814630963182,87.0,0.0
597.9832981067349,88.0,0.0
597.9874253421123,87.0,0.0
597.9941637178257,86.0,0.0
597.9969266939478,85.0,0.0
598.0046453001733,84.0,0.0
598.0068852587667,83.0,0.0
598.0083738786554,84.0,0.0
598.0097201425176,83.0,0.0
598.0099409562245,84.0,0.0
598.0130524359462,83.0,0.0
598.016678485554,84.0,0.0
598.017134724396,83.0,0.0
598.0229938149522,84.0,0.0
598.0310781383232,85.0,0.0
598.0320464501297,86.0,0.0
598.0346625036965,85.0,0.0
598.0358196394884,84.0,0.0
598.0419559610847,85.0,0.0
598.0653704446014,84.0,0.0
598.0680665618478,83.0,0.0
598.0680719913214,84.0,0.0
598.0741966833782,83.0,0.0
598.0832909276546,82.0,0.0
598.0876814071679,83.0,0.0
598.097196001344,84.0,0.0
598.1059542080961,85.0,0.0
598.1067496383528,86.0,0.0
598.1173589608642,85.0,0.0
598.1173749962825,86.0,0.0
598.1190201365393,87.0,0.0
598.1215147699522,86.0,0.0
598.1232918688604,87.0,0.0
598.1250851240048,88.0,0.0
598.1264151290487,87.0,0.0
598.1438511948508,86.0,0.0
598.1454018647769,87.0,0.0
598.1780456452766,88.0,0.0
598.1834600179646,89.0,0.0
598.1835854631391,90.0,0.0
598.1861483642483,91.0,0.0
598.1878134359149,90.0,0.0
598.1897107364365,91.0,0.0
598.1902873367533,92.0,0.0
598.1913532534319,93.0,0.0
598.2121947056228,92.0,0.0
598.2122773782744,91.0,0.0
598.2242267424879,92.0,0.0
598.2257434068039,93.0,0.0
598.2257984743319,92.0,0.0
598.226320738453,91.0,0.0
598.2338599242329,90.0,0.0
598.2395899765193,91.0,0.0
598.2409828881741,90.0,0.0
598.2445512232553,91.0,0.0
598.2624507391266,92.0,0.0
598.2781148187186,93.0,0.0
598.2781985748703,94.0,0.0
598.2783572358447,95.0,0.0
598.2841041285387,96.0,0.0
598.2865654889557,97.0,0.0
598.293747347163,96.0,0.0
598.2938326054538,95.0,0.0
598.2950983686987,96.0,0.0
598.3012097997114,95.0,0.0
598.3107288129597,94.0,0.0
598.3182966666393,93.0,0.0
598.3184138200482,94.0,0.0
598.3264361219022,93.0,0.0
598.3271727560484,94.0,0.0
598.3286010934149,95.0,0.0
598.3410891069561,96.0,0.0
598.3414913651247,97.0,0.0
598.3475210647298,96.0,0.0
598.3488460793084,97.0,0.0
598.3660068015977,96.0,0.0
598.3742636203735,95.0,0.0
598.3881271540174,96.0,0.0
598.4081347776716,95.0,0.0
598.4127855504763,94.0,0.0
598.4186969589939,95.0,0.0
598.4281712820585,94.0,0.0
598.4320707573661,93.0,0.0
598.4335938690972,94.0,0.0
598.4354434797317,95.0,0.0
598.4445117870663,94.0,0.0
598.4469250194788,95.0,0.0
598.4526648056933,94.0,0.0
598.4742526484663,95.0,0.0
598.4754655704244,94.0,0.0
598.4766600647846,95.0,0.0
598.4841178649312,96.0,0.0
598.485330540118,95.0,0.0
598.4924488765965,96.0,0.0
598.4934323289176,97.0,0.0
598.4944431627027,96.0,0.0
598.4970621404984,97.0,0.0
598.5012071819153,98.0,0.0
598.5057907529024,99.0,0.0
598.5088179489661,98.0,0.0
598.5102149993455,97.0,0.0
598.5127946180415,96.0,0.0
598.5147974823352,95.0,0.0
598.5158018111782,96.0,0.0
598.5184254807837,95.0,0.0
598.5312064839087,96.0,0.0
598.5347230740958,95.0,0.0
598.5367277078533,96.0,0.0
598.5528834644444,95.0,0.0
598.5550531845228,96.0,0.0
598.5571864972719,97.0,0.0
598.5635135398496,98.0,0.0
598.5645913344163,99.0,0.0
598.5679922450827,100.0,0.0
598.570477935226,99.0,0.0
598.5729009554681,100.0,0.0
598.5743979618185,99.0,0.0
598.5850512288218,100.0,0.0
598.5865186468884,101.0,0.0
598.5879943616567,100.0,0.0
598.5928605032113,99.0,0.0
598.6101205556786,100.0,0.0
598.6109655218199,99.0,0.0
598.6195036338936,100.0,0.0
598.6204373420535,99.0,0.0
598.6220056285256,98.0,0.0
598.6292435444054,97.0,0.0
598.629936559585,98.0,0.0
598.6319559979893,97.0,0.0
598.6350084251231,98.0,0.0
598.6395075846979,97.0,0.0
598.6411641011955,98.0,0.0
598.6415824123369,99.0,0.0
598.6459015082273,98.0,0.0
598.6515683838543,99.0,0.0
598.654524884377,100.0,0.0
598.6607789387699,99.0,0.0
598.6642873228345,98.0,0.0
598.6790968732289,99.0,0.0
598.6811184836151,100.0,0.0
598.691939209787,99.0,0.0
598.6927020870006,100.0,0.0
598.6998401982016,101.0,0.0
598.7043508684095,102.0,0.0
598.7081570057056,103.0,0.0
598.7169823561906,104.0,0.0
598.7200385145932,105.0,0.0
598.724044499531,106.0,0.0
598.7471069486613,107.0,0.0
598.7565711779132,106.0,0.0
598.7585514530805,107.0,0.0
598.7597752858791,108.0,0.0
598.7715546917245,109.0,0.0
598.7797418663793,108.0,0.0
598.780698540407,109.0,0.0
598.7840046477174,110.0,0.0
598.786220812487,111.0,0.0
598.7918466853522,112.0,0.0
598.8050798677921,111.0,0.0
598.8104331395994,110.0,0.0
598.8109367184157,111.0,0.0
598.8124171088419,112.0,0.0
598.814604234526,111.0,0.0
598.8164892345707,112.0,0.0
598.8207245361348,113.0,0.0
598.8265518601899,114.0,0.0
598.8359131324175,115.0,0.0
598.8426855289065,114.0,0.0
598.843915473522,113.0,0.0
598.8475622802976,114.0,0.0
598.8554911940038,115.0,0.0
598.8596866515687,116.0,0.0
598.8646603970108,115.0,0.0
598.8703235124765,114.0,0.0
598.8712060422397,113.0,0.0
598.8884202451487,114.0,0.0
598.8936163450659,113.0,0.0
598.8949347413183,114.0,0.0
598.8980299256689,115.0,0.0
598.899407780882,116.0,0.0
598.9053721889704,115.0,0.0
598.9079265599438,114.0,0.0
598.9109166639797,113.0,0.0
598.9253294618059,112.0,0.0
598.925795746896,113.0,0.0
598.9263970446481,112.0,0.0
598.9307045123148,113.0,0.0
598.9313333212314,114.0,0.0
598.932818872162,113.0,0.0
598.9537651278569,114.0,0.0
598.964157863858,115.0,0.0
598.9666035014515,116.0,0.0
598.9723803858798,115.0,0.0
598.9790652956453,116.0,0.0
598.9848581426513,115.0,0.0
598.9862564864577,114.0,0.0
598.9921138322857,115.0,0.0
598.9938101628878,114.0,0.0
598.9976267335402,115.0,0.0
599.0090392936239,114.0,0.0
599.0157995063151,115.0,0.0
599.020841518271,116.0,0.0
599.0227879555248,115.0,0.0
599.0227885500849,116.0,0.0
599.0228868834273,117.0,0.0
599.0241892936174,116.0,0.0
599.0290113360475,117.0,0.0
599.0314625996726,118.0,0.0
599.0370904741533,117.0,0.0
599.0377108326521,118.0,0.0
599.0427084314852,117.0,0.0
599.0461969872011,116.0,0.0
599.064123923627,117.0,0.0
599.0643059572029,116.0,0.0
599.0843828581176,117.0,0.0
599.0868463478556,116.0,0.0
599.1032473558818,117.0,0.0
599.1065395105297,118.0,0.0
599.1093682931888,117.0,0.0
599.1094978887874,118.0,0.0
599.1171840684087,117.0,0.0
599.126062537465,116.0,0.0
599.1316439368845,115.0,0.0
599.144675612397,116.0,0.0
599.1452012878951,117.0,0.0
599.1497947252349,116.0,0.0
599.1559395706274,117.0,0.0
599.1596388305754,118.0,0.0
599.1641877572818,119.0,0.0
599.1736698737046,120.0,0.0
599.1782935726872,121.0,0.0
599.1808058438904,122.0,0.0
599.1816464767761,123.0,0.0
599.1825720317299,124.0,0.0
599.1841873533772,125.0,0.0
599.1845047347754,126.0,0.0
599.1852160285416,125.0,0.0
599.1890103648302,124.0,0.0
599.1926108748187,123.0,0.0
599.1931694233311,124.0,0.0
599.194081263348,123.0,0.0
599.2022154438692,124.0,0.0
599.2060970687301,123.0,0.0
599.2072029214143,122.0,0.0
599.2104697226324,123.0,0.0
599.2154265013985,124.0,0.0
599.2224313480197,123.0,0.0
599.227275905083,124.0,0.0
599.2274967909673,125.0,0.0
599.2339427073575,124.0,0.0
599.2439658033322,125.0,0.0
599.2475765958791,126.0,0.0
599.2501846346793,125.0,0.0
599.255683782028,126.0,0.0
599.2682577712982,127.0,0.0
599.2695686664244,128.0,0.0
599.2794801790866,129.0,0.0
599.2813365909759,130.0,0.0
599.2826726432949,129.0,0.0
599.2965149059092,128.0,0.0
599.2981139991952,129.0,0.0
599.3004402743915,130.0,0.0
599.3132137961301,129.0,0.0
599.3182810302724,130.0,0.0
599.3269686901345,131.0,0.0
599.3341717822103,132.0,0.0
599.3473949464935,133.0,0.0
599.3549754403166,132.0,0.0
599.3629887615685,131.0,0.0
599.3774927311275,130.0,0.0
599.377721399249,129.0,0.0
599.3781935859555,130.0,0.0
599.3887192693609,129.0,0.0
599.3898864978274,130.0,0.0
599.390902081233,131.0,0.0
599.399476296322,132.0,0.0
599.4193556530679,133.0,0.0
599.4197190667664,134.0,0.0
599.4222447634313,133.0,0.0
599.4314363580208,132.0,0.0
599.4829679520594,133.0,0.0
599.4880380348511,132.0,0.0
599.4924650150319,133.0,0.0
599.4990242734052,134.0,0.0
599.5083041893964,135.0,0.0
599.5175772082897,134.0,0.0
599.5179156664487,135.0,0.0
599.5189933457702,134.0,0.0
599.5190109330798,135.0,0.0
599.5240169450407,134.0,0.0
599.5592983050459,135.0,0.0
599.5639757457545,134.0,0.0
599.5645086904419,135.0,0.0
599.5648981477999,136.0,0.0
599.5756074193533,137.0,0.0
599.578765828179,138.0,0.0
599.5788735425045,139.0,0.0
599.5852639800398,140.0,0.0
599.5906252463428,141.0,0.0
599.5915298019528,140.0,0.0
599.6016536414397,141.0,0.0
599.6029286922756,142.0,0.0
599.6096844906208,143.0,0.0
599.6134206035262,142.0,0.0
599.6136663597215,141.0,0.0
599.6173029683113,142.0,0.0
599.6206761666219,143.0,0.0
599.6274337985683,144.0,0.0
599.6359145112818,145.0,0.0
599.6376688014445,144.0,0.0
599.6490132812777,143.0,0.0
599.6498690318481,144.0,0.0
599.6520644463828,143.0,0.0
599.6552155476713,144.0,0.0
599.6590075897846,145.0,0.0
599.670507113198,144.0,0.0
599.6734447938605,143.0,0.0
599.6855500805359,142.0,0.0
599.6875029436916,141.0,0.0
599.6879172469224,142.0,0.0
599.690266895677,141.0,0.0
599.6910970507249,140.0,0.0
599.693835247678,139.0,0.0
599.6985085116214,138.0,0.0
599.7039892336411,137.0,0.0
599.7042634521025,136.0,0.0
599.7152274711357,137.0,0.0
599.7161239058393,138.0,0.0
599.7169707035943,137.0,0.0
599.7198145654172,138.0,0.0
599.7222569937908,139.0,0.0
599.7227675225253,138.0,0.0
599.7228515456711,137.0,0.0
599.7261763146613,138.0,0.0
599.727529282512,137.0,0.0
599.729797569043,136.0,0.0
599.737371181031,135.0,0.0
599.7435635287917,134.0,0.0
599.7483270634419,135.0,0.0
599.7615743700915,134.0,0.0
599.765177084161,133.0,0.0
599.7741509023623,134.0,0.0
599.77543202313,135.0,0.0
599.777519746818,134.0,0.0
599.7777730481038,133.0,0.0
599.7804517738576,132.0,0.0
599.785099510419,133.0,0.0
599.7920616196704,134.0,0.0
599.7961588913727,135.0,0.0
599.8012378777993,136.0,0.0
599.8019669312798,135.0,0.0
599.8020926556652,134.0,0.0
599.8083922790153,135.0,0.0
599.8120402482604,136.0,0.0
599.813355971,135.0,0.0
599.8145334613606,134.0,0.0
599.8153070104381,133.0,0.0
599.8173388337146,132.0,0.0
599.823163622967,133.0,0.0
599.8244303868046,132.0,0.0
599.824901737746,131.0,0.0
599.8340049600341,132.0,0.0
599.8409870391221,131.0,0.0
599.8458125638009,132.0,0.0
599.8467117343289,133.0,0.0
599.8511699121441,134.0,0.0
599.8552806552052,133.0,0.0
599.8560838428235,132.0,0.0
599.8597723455435,133.0,0.0
599.867370323729,132.0,0.0
599.8682081139914,131.0,0.0
599.8684779207256,132.0,0.0
599.8799088823421,133.0,0.0
599.8805006882436,132.0,0.0
599.8908823156137,133.0,0.0
599.8939299389951,134.0,0.0
599.8978701143326,135.0,0.0
599.898710579725,134.0,0.0
599.9039190545633,133.0,0.0
599.9104043909658,134.0,0.0
599.9143585686957,133.0,0.0
599.9198512876422,134.0,0.0
599.9236600164564,135.0,0.0
599.9246849690205,136.0,0.0
599.9271051146242,135.0,0.0
599.9271599989514,136.0,0.0
599.9303567413489,137.0,0.0
599.9361730258382,138.0,0.0
599.9455704466118,137.0,0.0
599.9473316209184,136.0,0.0
599.9487092814956,137.0,0.0
599.9490148550462,136.0,0.0
599.9616307050682,135.0,0.0
599.9693800839518,134.0,0.0
599.9729635060753,133.0,0.0
599.9787901723635,132.0,0.0
599.9829045346148,133.0,0.0
599.985268828439,132.0,0.0
599.988441077421,133.0,0.0
599.992844136226,134.0,0.0
599.9974431530447,133.0,0.0
600.0051171468039,132.0,0.0
600.0081226414939,131.0,0.0
600.015413620303,132.0,0.0
600.0214722665785,133.0,0.0
600.0308802587168,134.0,0.0
600.0336230422374,135.0,0.0
600.0433261587748,136.0,0.0
600.0466830435707,135.0,0.0
600.0473007017036,136.0,0.0
600.0535937868749,137.0,0.0
600.0653567218429,136.0,0.0
600.0703091811067,137.0,0.0
600.0733441639563,136.0,0.0
600.0846234890851,137.0,0.0
600.0849174645622,136.0,0.0
600.0900503125532,135.0,0.0
600.0933411711703,136.0,0.0
600.0996996151558,137.0,0.0
600.1060523945638,136.0,0.0
600.1189425768428,137.0,0.0
600.1211160353771,138.0,0.0
600.1318104482511,139.0,0.0
600.1497864407596,140.0,0.0
600.1632095253974,141.0,0.0
600.165318296373,140.0,0.0
600.1786220011239,139.0,0.0
600.1828470049546,138.0,0.0
600.1829241757819,137.0,0.0
600.1950258985972,136.0,0.0
600.1988111466615,137.0,0.0
600.2000334844714,136.0,0.0
600.2012940740718,135.0,0.0
600.2101485675568,136.0,0.0
600.2167937439408,135.0,0.0
600.2196114838582,134.0,0.0
600.2299417696979,133.0,0.0
600.231280703947,134.0,0.0
600.231878079578,133.0,0.0
600.2407621491877,134.0,0.0
600.2419379859975,135.0,0.0
600.2661171614027,134.0,0.0
600.2666424756959,133.0,0.0
600.2925493648049,134.0,0.0
600.2985474888706,135.0,0.0
600.3062070268603,136.0,0.0
600.3130127122437,135.0,0.0
600.316164371051,134.0,0.0
600.3185827593406,133.0,0.0
600.3199620398758,134.0,0.0
600.3254996032862,135.0,0.0
600.326852114595,134.0,0.0
600.3333999895189,133.0,0.0
600.3588045277254,132.0,0.0
600.3690732837852,131.0,0.0
600.3707831420152,130.0,0.0
600.3717982108009,131.0,0.0
600.3761183528401,130.0,0.0
600.3820222158371,129.0,0.0
600.3826784439757,128.0,0.0
600.3852847385997,129.0,0.0
600.3853335245683,130.0,0.0
600.387963615971,131.0,0.0
600.3960188044988,130.0,0.0
600.4045488414367,129.0,0.0
600.4108397577637,130.0,0.0
600.4172014665512,131.0,0.0
600.4181112406318,130.0,0.0
600.4197017444163,131.0,0.0
600.4412058516027,132.0,0.0
600.4474349942694,131.0,0.0
600.44964339203,130.0,0.0
600.4577787125746,129.0,0.0
600.4580231619002,128.0,0.0
600.4590960374396,127.0,0.0
600.4622806850753,128.0,0.0
600.4631268785072,127.0,0.0
600.4654853143211,126.0,0.0
600.4686919553669,127.0,0.0
600.4713216665368,128.0,0.0
600.4785576603524,129.0,0.0
600.4809907798187,128.0,0.0
600.4842916462295,129.0,0.0
600.4854718074091,130.0,0.0
600.4936205482967,129.0,0.0
600.520270878271,130.0,0.0
600.5277351630209,131.0,0.0
600.5328001799802,132.0,0.0
600.5470237919633,131.0,0.0
600.5530217801902,130.0,0.0
600.5594819116601,129.0,0.0
600.5621983279464,128.0,0.0
600.563005495541,129.0,0.0
600.5710475336319,128.0,0.0
600.5745249770725,129.0,0.0
600.5900773179757,128.0,0.0
600.5980552648277,129.0,0.0
600.6093790317238,130.0,0.0
600.6096106970364,131.0,0.0
600.6129984258197,132.0,0.0
600.6199131778528,131.0,0.0
600.6277202043751,132.0,0.0
600.6285827990465,131.0,0.0
600.6376407226604,132.0,0.0
600.6421930910984,131.0,0.0
600.64367812602,132.0,0.0
600.6641287612451,131.0,0.0
600.6694743635256,130.0,0.0
600.675029501371,129.0,0.0
600.680461891824,130.0,0.0
600.6839702279042,129.0,0.0
600.6893486814158,130.0,0.0
600.6902265733713,129.0,0.0
600.692694845079,130.0,0.0
600.6945369284126,131.0,0.0
600.6979247486937,132.0,0.0
600.7030819158454,133.0,0.0
600.7077913847496,132.0,0.0
600.7164908250048,131.0,0.0
600.7191344966163,130.0,0.0
600.7283813977002,129.0,0.0
600.7310953815885,128.0,0.0
600.7359114523136,127.0,0.0
600.7376344462151,126.0,0.0
600.7381502976936,125.0,0.0
600.7444589877986,124.0,0.0
600.7544441064924,123.0,0.0
600.7559833914343,122.0,0.0
600.770182754491,123.0,0.0
600.7809192468561,122.0,0.0
600.7832798724901,121.0,0.0
600.7846589506402,120.0,0.0
600.7860678287901,121.0,0.0
600.7893500637128,120.0,0.0
600.7909858723185,121.0,0.0
600.7966698186448,120.0,0.0
600.8083944197484,119.0,0.0
600.8097532097318,118.0,0.0
600.810983246122,119.0,0.0
600.8114625595073,118.0,0.0
600.8131650237194,119.0,0.0
600.8188290117542,118.0,0.0
600.821040067937,117.0,0.0
600.8323418393312,118.0,0.0
600.8400943123183,119.0,0.0
600.8409605281728,118.0,0.0
600.8433935930639,117.0,0.0
600.8479891745787,116.0,0.0
600.8484385588129,115.0,0.0
600.8496547775823,114.0,0.0
600.8547660167542,113.0,0.0
600.8561369538958,112.0,0.0
600.8705581947316,111.0,0.0
600.8718492829072,110.0,0.0
600.8793690382695,111.0,0.0
600.8850621512215,110.0,0.0
600.8889567822839,111.0,0.0
600.8995032343579,112.0,0.0
600.9015324410881,111.0,0.0
600.9016734949737,112.0,0.0
600.9031200789507,111.0,0.0
600.9197875091652,110.0,0.0
600.9205632629253,109.0,0.0
600.9211665841949,108.0,0.0
600.9227794937542,109.0,0.0
600.9280190942195,108.0,0.0
600.9495908749774,109.0,0.0
600.9517380607182,108.0,0.0
600.9556294204494,107.0,0.0
600.9629637558022,106.0,0.0
600.9723637855719,105.0,0.0
600.9764999611284,106.0,0.0
600.9894005564867,105.0,0.0
600.9950289634377,104.0,0.0
600.9951918750971,103.0,0.0
600.9997322890891,104.0,0.0
601.004556945263,103.0,0.0
601.0135516167198,102.0,0.0
601.0143932281627,101.0,0.0
601.0173947299465,100.0,0.0
601.0219938843334,99.0,0.0
601.0294745549527,98.0,0.0
601.0397020838435,97.0,0.0
601.0431064288896,98.0,0.0
601.0442338182883,99.0,0.0
601.0453933538174,100.0,0.0
601.0464377966254,101.0,0.0
601.0557218270853,102.0,0.0
601.0642867828594,103.0,0.0
601.0679160630068,102.0,0.0
601.0688637618523,101.0,0.0
601.0732432676415,102.0,0.0
601.0733162158476,101.0,0.0
601.0737543319251,100.0,0.0
601.0747062054833,99.0,0.0
601.0783069911888,98.0,0.0
601.0834945617406,97.0,0.0
601.0894806665578,96.0,0.0
601.0930146588523,95.0,0.0
601.1040579959694,96.0,0.0
601.1048287615404,97.0,0.0
601.1124824292559,98.0,0.0
601.1281368492623,97.0,0.0
601.1307927880399,98.0,0.0
601.1318570910668,99.0,0.0
601.1362986483144,98.0,0.0
601.1497542104769,97.0,0.0
601.1505811351429,98.0,0.0
601.1541623725221,99.0,0.0
601.176419921714,100.0,0.0
601.1813995348095,101.0,0.0
601.1821222498189,102.0,0.0
601.1920433648329,101.0,0.0
601.2137663294213,100.0,0.0
601.2221075407467,99.0,0.0
601.2250790618293,100.0,0.0
601.2420459983997,99.0,0.0
601.2447048463586,100.0,0.0
601.2518233537213,101.0,0.0
601.2612833783445,102.0,0.0
601.2802525743898,101.0,0.0
601.3070512568539,100.0,0.0
601.3116286448214,99.0,0.0
601.3255039747743,98.0,0.0
601.3269458639943,99.0,0.0
601.333798212298,98.0,0.0
601.3425536193822,99.0,0.0
601.3522659514895,98.0,0.0
601.3642654265157,97.0,0.0
601.3743585833738,98.0,0.0
601.3870628796241,99.0,0.0
601.3877453050848,100.0,0.0
601.3904974762819,99.0,0.0
601.3993239656719,98.0,0.0
601.4038412655029,97.0,0.0
601.4095612201476,96.0,0.0
601.4120980161731,97.0,0.0
601.4209205108948,98.0,0.0
601.4225809382435,97.0,0.0
601.4230202478991,98.0,0.0
601.4296344576563,97.0,0.0
601.430758434188,96.0,0.0
601.432978794707,97.0,0.0
601.4441066768741,98.0,0.0
601.4555268482225,97.0,0.0
601.4558566196279,96.0,0.0
601.4562333656199,95.0,0.0
601.4573110507484,96.0,0.0
601.4715865136945,95.0,0.0
601.472825312215,96.0,0.0
601.4773834756979,97.0,0.0
601.4858096498886,96.0,0.0
601.4941196083735,95.0,0.0
601.4971433310574,94.0,0.0
601.5088431076716,93.0,0.0
601.5129535946701,92.0,0.0
601.5307414926466,91.0,0.0
601.5315205607789,92.0,0.0
601.5323660520536,91.0,0.0
601.5326799651064,92.0,0.0
601.5386076757218,93.0,0.0
601.5409397635163,94.0,0.0
601.5538313957488,95.0,0.0
601.5542377237055,94.0,0.0
601.5565285164454,95.0,0.0
601.5632254673224,96.0,0.0
601.5672855724821,97.0,0.0
601.5735055390137,98.0,0.0
601.5809281554259,99.0,0.0
601.5827969905018,98.0,0.0
601.5837675903308,97.0,0.0
601.5980859655849,98.0,0.0
601.6002884059164,99.0,0.0
601.6003333012941,100.0,0.0
601.6063698114232,99.0,0.0
601.6117180306375,98.0,0.0
601.6154050977133,97.0,0.0
601.6377457165197,98.0,0.0
601.6511412301364,97.0,0.0
601.652496962588,96.0,0.0
601.6580765952033,95.0,0.0
601.660621275188,94.0,0.0
601.6671966125476,95.0,0.0
601.6683115535569,96.0,0.0
601.6714930433012,97.0,0.0
601.6715692019648,98.0,0.0
601.6753177696573,97.0,0.0
601.6792270460936,96.0,0.0
601.6795982721918,95.0,0.0
601.6799701380307,94.0,0.0
601.6805270188926,95.0,0.0
601.6831993069179,94.0,0.0
601.686372985135,95.0,0.0
601.6892238939816,94.0,0.0
601.6892895473604,95.0,0.0
601.6954423748623,94.0,0.0
601.7040559938955,93.0,0.0
601.7074836062177,92.0,0.0
601.7100620053268,93.0,0.0
601.7102968538114,94.0,0.0
601.7115597732981,93.0,0.0
601.7152009042749,92.0,0.0
601.7222434637997,93.0,0.0
601.7300267850853,94.0,0.0
601.7302914224355,95.0,0.0
601.7317587457361,94.0,0.0
601.7317881709298,95.0,0.0
601.7321786339544,94.0,0.0
601.7328567944612,95.0,0.0
601.7441824562421,94.0,0.0
601.7446004554391,95.0,0.0
601.7472040234906,96.0,0.0
601.7541278234139,97.0,0.0
601.7589040700205,98.0,0.0
601.7595683346673,99.0,0.0
601.766577611948,98.0,0.0
601.7834106971794,97.0,0.0
601.7888755278109,96.0,0.0
601.7943739883934,95.0,0.0
601.8001539136444,96.0,0.0
601.803203502662,95.0,0.0
601.8074099249902,94.0,0.0
601.8103515698523,95.0,0.0
601.8200758231029,94.0,0.0
601.8227076030064,93.0,0.0
601.8343516875435,92.0,0.0
601.8421929188688,93.0,0.0
601.8469002021116,92.0,0.0
601.8499219771156,91.0,0.0
601.8595663290942,90.0,0.0
601.8672759165555,89.0,0.0
601.8767707239233,90.0,0.0
601.8890328552004,91.0,0.0
601.8946950662285,90.0,0.0
601.897725316371,89.0,0.0
601.9027899901024,90.0,0.0
601.9028713968285,89.0,0.0
601.9063028992697,88.0,0.0
601.9123200638155,87.0,0.0
601.9282290623138,86.0,0.0
601.9331428522842,85.0,0.0
601.9374217817708,84.0,0.0
601.9488881659656,83.0,0.0
601.9553092448828,82.0,0.0
601.9622173547924,83.0,0.0
601.9623631390299,82.0,0.0
601.9667919154165,81.0,0.0
601.9780175764727,80.0,0.0
602.0020571432904,81.0,0.0
602.0023215882842,82.0,0.0
602.0173084237092,83.0,0.0
602.0347211177758,84.0,0.0
602.0366892465975,83.0,0.0
602.0396227339879,84.0,0.0
602.0534129078331,85.0,0.0
602.0624066154469,84.0,0.0
602.0625504248986,83.0,0.0
602.0632272631678,82.0,0.0
602.0872969182012,81.0,0.0
602.0898342343032,80.0,0.0
602.0913835742651,81.0,0.0
602.0967736843816,80.0,0.0
602.0973574168826,81.0,0.0
602.1011407646728,82.0,0.0
602.101995365135,81.0,0.0
602.1098429659256,82.0,0.0
602.1131218880643,83.0,0.0
602.1165180020189,84.0,0.0
602.1180384375028,85.0,0.0
602.1186624302918,86.0,0.0
602.1216918278303,85.0,0.0
602.138116832873,84.0,0.0
602.1457552871183,85.0,0.0
602.1489257112596,86.0,0.0
602.1530659703183,87.0,0.0
602.1608276624659,86.0,0.0
602.1609677842491,87.0,0.0
602.173591241199,88.0,0.0
602.1759398653572,89.0,0.0
602.1771770618216,88.0,0.0
602.1794686019631,87.0,0.0
602.1885487276675,88.0,0.0
602.1988504144874,89.0,0.0
602.2074890639122,88.0,0.0
602.2147601267175,89.0,0.0
602.2154935961129,88.0,0.0
602.2207391575452,87.0,0.0
602.222384068777,88.0,0.0
602.2244227760706,89.0,0.0
602.2340140789929,88.0,0.0
602.2342887698672,87.0,0.0
602.2434117903751,88.0,0.0
602.2463450761463,89.0,0.0
602.2563150570081,88.0,0.0
602.2566188027249,87.0,0.0
602.2635008101407,88.0,0.0
602.2729873038339,87.0,0.0
602.2757021291244,88.0,0.0
602.2776701555614,87.0,0.0
602.2894027845106,86.0,0.0
602.2927104719948,85.0,0.0
602.3156733568022,86.0,0.0
602.324220594474,85.0,0.0
602.3318002496095,84.0,0.0
602.3473832538069,85.0,0.0
602.355191546533,84.0,0.0
602.3559063767317,85.0,0.0
602.3603581483263,84.0,0.0
602.3621617078071,83.0,0.0
602.3667893753417,82.0,0.0
602.3735947989411,81.0,0.0
602.3830386365456,80.0,0.0
602.3880117859259,79.0,0.0
602.3997128963744,78.0,0.0
602.4096654606096,77.0,0.0
602.4218276599034,76.0,0.0
602.4307431729936,77.0,0.0
602.4328144509929,78.0,0.0
602.4450622605249,79.0,0.0
602.4497611147359,80.0,0.0
602.4544415090719,79.0,0.0
602.4608565617061,78.0,0.0
602.467924877793,79.0,0.0
602.4833917855462,78.0,0.0
602.5041625114388,79.0,0.0
602.5115159661917,80.0,0.0
602.5359845895862,81.0,0.0
602.5407628787198,82.0,0.0
602.5456949289485,81.0,0.0
602.5566954514678,82.0,0.0
602.5729498168254,83.0,0.0
602.5800750469662,82.0,0.0
602.580271688636,81.0,0.0
602.5828873068596,80.0,0.0
602.5870656228288,81.0,0.0
602.595496600521,80.0,0.0
602.5985313035497,81.0,0.0
602.6202068558158,82.0,0.0
602.630227898933,83.0,0.0
602.6477709597053,84.0,0.0
602.6497460788971,83.0,0.0
602.652726043073,84.0,0.0
602.6601378045718,83.0,0.0
602.6715233030214,84.0,0.0
602.6775652482803,83.0,0.0
602.6804114563321,84.0,0.0
602.6842902198587,83.0,0.0
602.6855408921654,82.0,0.0
602.6882504790789,81.0,0.0
602.6970219623485,82.0,0.0
602.7174476325606,81.0,0.0
602.7188320241929,80.0,0.0
602.7286256470459,79.0,0.0
602.7294568993455,78.0,0.0
602.7332429910001,77.0,0.0
602.7420315636108,76.0,0.0
602.7480628969499,75.0,0.0
602.7525861820284,74.0,0.0
602.7556224120349,73.0,0.0
602.7673061819353,72.0,0.0
602.7673744905698,71.0,0.0
602.7867509333324,72.0,0.0
602.7885017158086,71.0,0.0
602.8050216448145,72.0,0.0
602.8097121669231,73.0,0.0
602.8219588704227,74.0,0.0
602.8315307890964,75.0,0.0
602.8324476744788,74.0,0.0
602.8329811290263,75.0,0.0
602.8355190213288,76.0,0.0
602.8464343997895,77.0,0.0
602.8474125694352,76.0,0.0
602.8486200665425,75.0,0.0
602.8565357231741,74.0,0.0
602.8575838209147,75.0,0.0
602.8685484073521,74.0,0.0
602.8713362090979,73.0,0.0
602.9126351134562,74.0,0.0
602.9150672824486,75.0,0.0
602.9174059349973,74.0,0.0
602.9220530222267,73.0,0.0
602.928389680727,72.0,0.0
602.9338134468952,71.0,0.0
602.9340025045163,70.0,0.0
602.9479094978459,69.0,0.0
602.95271668664,70.0,0.0
602.954057131622,69.0,0.0
602.9732181767329,70.0,0.0
602.9732898174381,69.0,0.0
602.9870249150473,68.0,0.0
602.9918917563235,69.0,0.0
602.997890019156,68.0,0.0
602.9981677088161,69.0,0.0
603.0029309463326,68.0,0.0
603.0048907872051,67.0,0.0
603.0053615865838,66.0,0.0
603.0178902343621,65.0,0.0
603.0192081335792,64.0,0.0
603.0212079056007,65.0,0.0
603.0401511398767,64.0,0.0
603.0447397850545,65.0,0.0
603.0449212626238,66.0,0.0
603.0544507812543,65.0,0.0
603.0599094139098,64.0,0.0
603.0608837914511,63.0,0.0
603.0685728915114,64.0,0.0
603.07015524296,63.0,0.0
603.0889353270627,62.0,0.0
603.0920027179598,63.0,0.0
603.1078478705214,64.0,0.0
603.1149270898715,63.0,0.0
603.1289645125137,62.0,0.0
603.1296319541043,61.0,0.0
603.1395733124903,62.0,0.0
603.1445231746345,61.0,0.0
603.1467085642283,62.0,0.0
603.1529346594825,63.0,0.0
603.1609431453661,62.0,0.0
603.1666788129613,61.0,0.0
603.1740013848314,60.0,0.0
603.1858094315484,59.0,0.0
603.1908450431804,60.0,0.0
603.1922653868759,59.0,0.0
603.1986868529409,58.0,0.0
603.1987937716328,57.0,0.0
603.2075115029505,56.0,0.0
603.2199461292878,57.0,0.0
603.2213506058694,56.0,0.0
603.2246395107426,55.0,0.0
603.23175536927,54.0,0.0
603.2329570201663,55.0,0.0
603.249268441999,54.0,0.0
603.2623370739233,53.0,0.0
603.2626510536477,52.0,0.0
603.2722668032015,53.0,0.0
603.285389206101,52.0,0.0
603.2918097946052,51.0,0.0
603.2972407960721,50.0,0.0
603.3005304944444,49.0,0.0
603.3051648903781,50.0,0.0
603.3283519759048,49.0,0.0
603.348692976236,48.0,0.0
603.3513591520269,47.0,0.0
603.3514608528282,48.0,0.0
603.3568695266862,47.0,0.0
603.3626614622955,46.0,0.0
603.3682730537188,45.0,0.0
603.3854058843797,46.0,0.0
603.4008685150193,45.0,0.0
603.4051179939211,44.0,0.0
603.4075424944073,43.0,0.0
603.4305965252122,42.0,0.0
603.4339631943886,41.0,0.0
603.4414654764175,42.0,0.0
603.4541188776365,43.0,0.0
603.4606254972582,42.0,0.0
603.4746164302129,41.0,0.0
603.484171682848,42.0,0.0
603.4897733004694,43.0,0.0
603.5035074457642,42.0,0.0
603.5173671218355,41.0,0.0
603.5250735615001,42.0,0.0
603.5280763941701,41.0,0.0
603.5316919584653,40.0,0.0
603.5346013238122,39.0,0.0
603.5407609161366,38.0,0.0
603.5420951694081,39.0,0.0
603.5556879798929,38.0,0.0
603.5570824164864,37.0,0.0
603.5680059571723,36.0,0.0
603.5705931741182,35.0,0.0
603.5774084674073,36.0,0.0
603.5872666809041,35.0,0.0
603.5882925784813,36.0,0.0
603.5893160178254,37.0,0.0
603.590474501491,38.0,0.0
603.59824878422,37.0,0.0
603.6117066048012,36.0,0.0
603.6274243799122,35.0,0.0
603.6316483775151,34.0,0.0
603.6359653558985,33.0,0.0
603.6382695362862,32.0,0.0
603.6433524754624,31.0,0.0
603.6469236572412,30.0,0.0
603.649371576076,29.0,0.0
603.6619269776513,28.0,0.0
603.7050246232707,29.0,0.0
603.7276131676855,28.0,0.0
603.7483918849699,29.0,0.0
603.7776871389273,28.0,0.0
603.7828689673156,27.0,0.0
603.789914753279,28.0,0.0
603.7908103494472,29.0,0.0
603.7916883928341,28.0,0.0
603.8118297070044,27.0,0.0
603.8120869896405,28.0,0.0
603.8175866235697,27.0,0.0
603.8245896719849,26.0,0.0
603.8350930101411,25.0,0.0
603.8359087511312,24.0,0.0
603.8369188976512,23.0,0.0
603.8371607317772,22.0,0.0
603.8599041463901,21.0,0.0
603.8828328208713,22.0,0.0
603.8923482406911,23.0,0.0
603.8943396515466,24.0,0.0
603.9003294736261,23.0,0.0
603.9076817314867,22.0,0.0
603.909896192494,23.0,0.0
603.9116597907903,22.0,0.0
603.9159171251523,21.0,0.0
603.9227285625284,22.0,0.0
603.9282130226298,21.0,0.0
603.9363474535533,22.0,0.0
603.9379249747997,23.0,0.0
603.954742693276,24.0,0.0
603.9629240386495,23.0,0.0
603.9661124535274,22.0,0.0
603.9719684565914,21.0,0.0
603.9722445787489,20.0,0.0
603.974251098018,21.0,0.0
603.9811959367959,20.0,0.0
603.9956109019083,19.0,0.0
604.0094436704536,18.0,0.0
604.0212237796705,17.0,0.0
604.026401975574,16.0,0.0
604.0267807508623,15.0,0.0
604.0273379665571,14.0,0.0
604.0363589392302,13.0,0.0
604.0548318782265,12.0,0.0
604.0634408522363,13.0,0.0
604.0647985403649,12.0,0.0
604.0718777301375,11.0,0.0
604.0794422919239,10.0,0.0
604.0989692262833,11.0,0.0
604.0991630963604,10.0,0.0
604.1022872128282,9.0,0.0
604.1054097489534,8.0,0.0
604.122891003435,7.0,0.0
604.1299421735499,6.0,0.0
604.1356770046228,7.0,0.0
604.140943254214,6.0,0.0
604.1546940510178,5.0,0.0
604.1561612254424,4.0,0.0
604.159169144601,3.0,0.0
604.1659752962621,2.0,0.0
604.1748031248226,1.0,0.0
604.2003780196209,0.0,0.0
604.2053710092435,1.0,0.0
604.2253651611327,0.0,0.0
604.2534164643092,1.0,0.0
604.2624547448429,2.0,0.0
604.2713934880767,1.0,0.0
604.2716327799378,0.0,0.0
604.3335984992038,1.0,0.0
604.3515030399808,2.0,0.0
604.3734162850442,3.0,0.0
604.3807460454678,2.0,0.0
604.3823874746823,1.0,0.0
604.3886106395322,2.0,0.0
604.3902843640282,1.0,0.0
604.3949068461305,2.0,0.0
604.4023774227023,3.0,0.0
604.42344618127,2.0,0.0
604.4351719388297,3.0,0.0
604.448490813274,2.0,0.0
604.4510753285276,1.0,0.0
604.4548787885569,0.0,0.0
604.4688713916106,1.0,0.0
604.5089142925569,0.0,0.0
604.5345227012191,1.0,0.0
604.5436936037532,0.0,0.0
604.5452531846652,1.0,0.0
604.5526912299898,0.0,0.0
604.578871969314,1.0,0.0
604.5925109543932,0.0,0.0
604.629763230422,1.0,0.0
604.632232985332,2.0,0.0
604.6406078552415,1.0,0.0
604.6509474357113,0.0,0.0
604.7232090361405,1.0,0.0
604.7400258694086,2.0,0.0
604.7403882890042,1.0,0.0
604.7404474019168,2.0,0.0
604.7437029071509,3.0,0.0
604.7463738173327,4.0,0.0
604.7510157656332,3.0,0.0
604.7834047933873,2.0,0.0
604.7906955365395,1.0,0.0
604.800673695042,2.0,0.0
604.8020924626351,1.0,0.0
604.8031648770793,2.0,0.0
604.8135167129498,3.0,0.0
604.8162062549846,4.0,0.0
604.8174779063188,3.0,0.0
604.8211544536681,2.0,0.0
604.8382427113931,3.0,0.0
604.8399540811396,2.0,0.0
604.8516457269916,1.0,0.0
604.8573300051725,2.0,0.0
604.8598177552971,1.0,0.0
604.8658864048759,0.0,0.0
604.887101075886,1.0,0.0
604.8932233118845,0.0,0.0
604.9447103558693,1.0,0.0
604.98209299785,2.0,0.0
604.984282623825,1.0,0.0
604.9987441446075,2.0,0.0
605.0025944935019,1.0,0.0
605.0134051442071,0.0,0.0
605.0256049049606,1.0,0.0
605.0309743971347,0.0,0.0
605.0342897842529,1.0,0.0
605.0343130820215,0.0,0.0
605.1469760078559,1.0,0.0
605.1481410742239,0.0,0.0
605.1668695707522,1.0,0.0
605.2031964121747,0.0,0.0
605.2383328086916,1.0,0.0
605.253617838069,2.0,0.0
605.2824316387533,1.0,0.0
605.311417903855,0.0,0.0
605.4262224409406,1.0,0.0
605.427341828795,0.0,0.0
605.4630974109705,1.0,0.0
605.4631216359539,2.0,0.0
605.4684668530034,1.0,0.0
605.4710772360677,2.0,0.0
605.4765700180305,1.0,0.0
605.506186838764,2.0,0.0
605.5064519021106,3.0,0.0
605.5242887220188,4.0,0.0
605.5480072121252,3.0,0.0
605.5678224372333,4.0,0.0
605.5793741316942,3.0,0.0
605.5816379318546,2.0,0.0
605.5923517743819,1.0,0.0
605.6565471063657,0.0,0.0
605.7006349594066,1.0,0.0
605.7042042799895,0.0,0.0
605.7244559424649,1.0,0.0
605.7379504485043,2.0,0.0
605.7443272127512,3.0,0.0
605.7574533366369,2.0,0.0
605.7615977091016,3.0,0.0
605.7625468984476,2.0,0.0
605.769661943809,1.0,0.0
605.7809532045209,2.0,0.0
605.7816721819245,3.0,0.0
605.7835686099911,4.0,0.0
605.7960664226869,3.0,0.0
605.8169514220127,2.0,0.0
605.8323249610768,3.0,0.0
605.8764349068505,2.0,0.0
605.8787217559862,1.0,0.0
605.880658971486,0.0,0.0
605.8829025308446,1.0,0.0
605.8875714975704,2.0,0.0
605.8903385571774,1.0,0.0
605.8979742639552,2.0,0.0
605.9101297527225,3.0,0.0
605.9129276666113,4.0,0.0
605.9147434380858,3.0,0.0
605.9210430727475,2.0,0.0
605.9516286361094,1.0,0.0
605.9574080395026,2.0,0.0
605.9629187371371,1.0,0.0
605.9643971410045,0.0,0.0
605.9654970287672,1.0,0.0
606.0554063844588,2.0,0.0
606.055425505173,1.0,0.0
606.0910252719939,0.0,0.0
606.1137710857939,1.0,0.0
606.1459726262841,0.0,0.0
606.1887740685357,1.0,0.0
606.2323264887364,0.0,0.0
606.2491226728822,1.0,0.0
606.2536617693329,0.0,0.0
606.3122851403285,1.0,0.0
606.3292180184956,0.0,0.0
606.412725226611,1.0,0.0
606.4235253218254,0.0,0.0
606.4698240524914,1.0,0.0
606.4829912993048,0.0,0.0
606.492673812125,1.0,0.0
606.4968739100677,0.0,0.0
606.5064593111587,1.0,0.0
606.5131847418801,0.0,0.0
606.5342871658104,1.0,0.0
606.5553519781881,0.0,0.0
606.5827909923497,1.0,0.0
606.590909108638,0.0,0.0
606.6134347635805,1.0,0.0
606.6173297397132,2.0,0.0
606.6305644972767,1.0,0.0
606.6462991127527,2.0,0.0
606.6716228154777,3.0,0.0
606.6912589646871,2.0,0.0
606.7067177646,1.0,0.0
606.7183931021333,2.0,0.0
606.72105924491,1.0,0.0
606.7485693972654,0.0,0.0
606.8386341434523,1.0,0.0
606.8513061029315,2.0,0.0
606.8575465744957,1.0,0.0
606.8578888294585,0.0,0.0
606.8705448406356,1.0,0.0
606.8724436090048,0.0,0.0
607.0398842970111,1.0,0.0
607.045744647903,0.0,0.0
607.0819083843305,1.0,0.0
607.0921513413914,2.0,0.0
607.1086869659811,1.0,0.0
607.116675064805,0.0,0.0
607.1346348878903,1.0,0.0
607.148882305451,2.0,0.0
607.1713876332451,1.0,0.0
607.1736422726406,0.0,0.0
607.1850254994314,1.0,0.0
607.2004768826611,0.0,0.0
607.2327619353707,1.0,0.0
607.2386285672598,2.0,0.0
607.246105360839,1.0,0.0
607.2481813765125,0.0,0.0
607.2525173531333,1.0,0.0
607.2669283590891,2.0,0.0
607.2782872817505,1.0,0.0
607.3000765279128,0.0,0.0
607.3450852457497,1.0,0.0
607.3500232876615,2.0,0.0
607.3539502106551,3.0,0.0
607.3771733574067,2.0,0.0
607.3791025676504,3.0,0.0
607.3841932813907,4.0,0.0
607.3878131662316,3.0,0.0
607.3947068108479,4.0,0.0
607.4100111696835,3.0,0.0
607.4240412391031,4.0,0.0
607.4254470551535,5.0,0.0
607.4327901875112,6.0,0.0
607.438379341231,5.0,0.0
607.4435356640213,4.0,0.0
607.4587814306288,3.0,0.0
607.4726330948916,4.0,0.0
607.47565050473,5.0,0.0
607.4775942067159,6.0,0.0
607.4836468731623,5.0,0.0
607.4865208775988,4.0,0.0
607.4956514386935,5.0,0.0
607.5103805714999,4.0,0.0
607.5139070618707,3.0,0.0
607.5179071895178,2.0,0.0
607.5314053066077,1.0,0.0
607.5337974307181,2.0,0.0
607.5373090029232,3.0,0.0
607.5429414439385,2.0,0.0
607.545861368,3.0,0.0
607.553766474994,2.0,0.0
607.5713017429613,1.0,0.0
607.5775789952361,0.0,0.0
607.5885788284905,1.0,0.0
607.590578829724,0.0,0.0
607.6139442654747,1.0,0.0
607.6246141644833,2.0,0.0
607.63136548365,1.0,0.0
607.6428736839719,0.0,0.0
607.6604540343158,1.0,0.0
607.6828811881452,2.0,0.0
607.6874544126277,1.0,0.0
607.6876235375383,2.0,0.0
607.6924731570576,1.0,0.0
607.7503889159042,2.0,0.0
607.7639570353552,3.0,0.0
607.8062001324669,2.0,0.0
607.837156897409,1.0,0.0
607.8549350750128,0.0,0.0
607.8621506993269,1.0,0.0
607.8771844343588,2.0,0.0
607.8955826047484,1.0,0.0
607.900795936356,2.0,0.0
607.9139112112188,3.0,0.0
607.918005273393,4.0,0.0
607.9355617696498,3.0,0.0
607.9378711777262,4.0,0.0
607.9442296034005,5.0,0.0
607.9660297951802,4.0,0.0
607.969345675646,3.0,0.0
607.9733590153393,4.0,0.0
607.9781082463761,3.0,0.0
607.9892953797298,2.0,0.0
607.9909243134871,3.0,0.0
607.992626727704,4.0,0.0
607.9984216490514,3.0,0.0
608.0033564012632,4.0,0.0
608.0052618882158,3.0,0.0
608.0127499182903,4.0,0.0
608.0161697635474,3.0,0.0
608.029372040197,4.0,0.0
608.0347633769956,5.0,0.0
608.0571797904166,4.0,0.0
608.0575974853554,5.0,0.0
608.0732574244973,6.0,0.0
608.0896689883497,7.0,0.0
608.0927948801509,6.0,0.0
608.095083333261,5.0,0.0
608.0992445136685,6.0,0.0
608.1127249435046,7.0,0.0
608.1154586719538,8.0,0.0
608.1222961089921,7.0,0.0
608.1242735545719,8.0,0.0
608.1312329614572,9.0,0.0
608.1320481994816,10.0,0.0
608.1462714891417,11.0,0.0
608.155463187725,10.0,0.0
608.1655473326815,11.0,0.0
608.167282073988,10.0,0.0
608.1769703545335,11.0,0.0
608.192825918191,10.0,0.0
608.1960074201592,9.0,0.0
608.2116390904328,8.0,0.0
608.2230955292929,7.0,0.0
608.225627725427,8.0,0.0
608.2272680083323,9.0,0.0
608.2300192424655,8.0,0.0
608.2378551358051,7.0,0.0
608.2605748207126,8.0,0.0
608.2615184037768,9.0,0.0
608.2986026801145,10.0,0.0
608.304341262905,9.0,0.0
608.3099986030899,8.0,0.0
608.3102341235359,7.0,0.0
608.3118615204947,8.0,0.0
608.316591353911,7.0,0.0
608.3357587877192,8.0,0.0
608.3378721170553,7.0,0.0
608.3441278349256,8.0,0.0
608.3472477891917,7.0,0.0
608.348063758807,6.0,0.0
608.3503632736026,7.0,0.0
608.363437606969,8.0,0.0
608.3684608052092,7.0,0.0
608.3871206017695,8.0,0.0
608.3873973975208,7.0,0.0
608.396942864484,8.0,0.0
608.4050943504815,9.0,0.0
608.4070972902055,8.0,0.0
608.4209988701267,9.0,0.0
608.4242117168087,8.0,0.0
608.4254564446387,7.0,0.0
608.4275080126637,6.0,0.0
608.4285492557545,5.0,0.0
608.4289906239719,4.0,0.0
608.4321456971684,5.0,0.0
608.434529180738,6.0,0.0
608.4358270641953,5.0,0.0
608.4424948613803,4.0,0.0
608.4825186831332,5.0,0.0
608.4860214207944,6.0,0.0
608.4866598959119,5.0,0.0
608.4899143836025,4.0,0.0
608.5028308090912,5.0,0.0
608.5148906517378,4.0,0.0
608.5212589907864,5.0,0.0
608.5273008854467,4.0,0.0
608.5417272621548,3.0,0.0
608.5534232432797,4.0,0.0
608.5623199730371,3.0,0.0
608.5667013880907,4.0,0.0
608.5719953270155,5.0,0.0
608.5911779406113,4.0,0.0
608.5970588333606,5.0,0.0
608.5971782493297,6.0,0.0
608.6000656775677,5.0,0.0
608.6014734722432,6.0,0.0
608.6260280035201,7.0,0.0
608.6298980406035,6.0,0.0
608.6334875897596,7.0,0.0
608.64427892497,6.0,0.0
608.647931102249,5.0,0.0
608.6652665852569,6.0,0.0
608.6720099502286,7.0,0.0
608.6761998623882,6.0,0.0
608.696190910635,7.0,0.0
608.7008463475325,6.0,0.0
608.7054840415966,7.0,0.0
608.720176360934,6.0,0.0
608.7469975222929,5.0,0.0
608.749497217305,6.0,0.0
608.7539981590422,5.0,0.0
608.7574815276487,4.0,0.0
608.790548827325,5.0,0.0
608.7977320588521,6.0,0.0
608.8131428527716,5.0,0.0
608.8192598280871,4.0,0.0
608.8313508382179,5.0,0.0
608.8396991241906,6.0,0.0
608.8411128964447,7.0,0.0
608.8414578121632,6.0,0.0
608.8416037904137,5.0,0.0
608.8430206558144,4.0,0.0
608.8516313613661,5.0,0.0
608.8539023665147,4.0,0.0
608.8645460560222,5.0,0.0
608.8721776215021,6.0,0.0
608.8793182285553,7.0,0.0
608.8795675424869,8.0,0.0
608.8809682111881,9.0,0.0
608.8889341465409,10.0,0.0
608.8913051488511,9.0,0.0
608.8973964800555,8.0,0.0
608.902504709031,7.0,0.0
608.9474828407542,8.0,0.0
608.9495795854413,7.0,0.0
608.9621472848058,6.0,0.0
608.9625904004022,5.0,0.0
608.9629562707921,6.0,0.0
608.9655585937892,5.0,0.0
608.9671322985594,4.0,0.0
608.9808940006102,3.0,0.0
608.9906691768429,2.0,0.0
608.9934447338043,3.0,0.0
608.998127225018,4.0,0.0
609.003930697197,5.0,0.0
609.0067049672184,4.0,0.0
609.0084033785395,5.0,0.0
609.0109487557166,6.0,0.0
609.0110657442465,7.0,0.0
609.017123484333,8.0,0.0
609.0198959528077,9.0,0.0
609.020813018226,8.0,0.0
609.0280057712131,7.0,0.0
609.0374416829547,8.0,0.0
609.0434277008574,7.0,0.0
609.0530240888015,8.0,0.0
609.0647206981554,9.0,0.0
609.0663271970567,10.0,0.0
609.0671305273888,9.0,0.0
609.0681183481522,10.0,0.0
609.07436280838,9.0,0.0
609.0796883717427,10.0,0.0
609.0972977694524,9.0,0.0
609.1024908637437,8.0,0.0
609.1030887449518,9.0,0.0
609.112939572327,10.0,0.0
609.1245496547278,9.0,0.0
609.1318825044976,10.0,0.0
609.1361985131925,9.0,0.0
609.149241901825,8.0,0.0
609.1533284964581,7.0,0.0
609.1564044123394,6.0,0.0
609.1574351648043,7.0,0.0
609.1641627528619,8.0,0.0
609.1764085124141,7.0,0.0
609.1945316576904,8.0,0.0
609.2071278165979,9.0,0.0
609.2082048472447,8.0,0.0
609.230375079245,7.0,0.0
609.2331542558082,6.0,0.0
609.235855712543,5.0,0.0
609.2417676755974,6.0,0.0
609.2421154764484,5.0,0.0
609.2426344315255,6.0,0.0
609.2541438835394,7.0,0.0
609.2557109139003,6.0,0.0
609.2689044292921,5.0,0.0
609.2811780385048,6.0,0.0
609.282801726665,5.0,0.0
609.2914516492027,6.0,0.0
609.2987653750856,7.0,0.0
609.2992898597885,6.0,0.0
609.3032768522162,7.0,0.0
609.3039822206355,8.0,0.0
609.318774794399,9.0,0.0
609.3247213576774,8.0,0.0
609.3303364935881,7.0,0.0
609.3320397510977,8.0,0.0
609.3321004261009,9.0,0.0
609.3407663210994,8.0,0.0
609.3417556775418,7.0,0.0
609.3430415180318,8.0,0.0
609.3660797386756,9.0,0.0
609.3727839490122,10.0,0.0
609.3767974205847,11.0,0.0
609.3806158534811,10.0,0.0
609.3931743822778,9.0,0.0
609.3986645298733,10.0,0.0
609.4017122136464,9.0,0.0
609.4041445880487,8.0,0.0
609.414446055711,7.0,0.0
609.4163618809532,8.0,0.0
609.4175711467335,7.0,0.0
609.4181472891354,6.0,0.0
609.4281063045739,5.0,0.0
609.4289990887728,4.0,0.0
609.4305095768284,3.0,0.0
609.4320903187885,4.0,0.0
609.4343391712988,3.0,0.0
609.4579986715886,2.0,0.0
609.463138858701,1.0,0.0
609.4686556945671,2.0,0.0
609.4889915903789,1.0,0.0
609.5251022695617,2.0,0.0
609.5329333386436,3.0,0.0
609.544003195578,2.0,0.0
609.5546857247737,3.0,0.0
609.5594163720533,4.0,0.0
609.5646233964021,5.0,0.0
609.5756954328225,4.0,0.0
609.5947501371359,3.0,0.0
609.5967032975353,4.0,0.0
609.6035408706468,5.0,0.0
609.6118528994796,6.0,0.0
609.6193234772282,7.0,0.0
609.6291972197523,8.0,0.0
609.6334066836415,7.0,0.0
609.6396954915425,8.0,0.0
609.6566832070243,9.0,0.0
609.6594172019062,10.0,0.0
609.6621780764146,9.0,0.0
609.6726208839195,8.0,0.0
609.6790701657575,7.0,0.0
609.6858751215469,8.0,0.0
609.6867155565909,9.0,0.0
609.6924492147743,10.0,0.0
609.7004152957419,9.0,0.0
609.7051697490663,8.0,0.0
609.7097209886758,9.0,0.0
609.7167294422944,8.0,0.0
609.7386089190571,9.0,0.0
609.741280617488,8.0,0.0
609.7421405317956,7.0,0.0
609.7432063733606,8.0,0.0
609.7493059443742,7.0,0.0
609.7512843383723,6.0,0.0
609.757392097172,5.0,0.0
609.7609371433722,6.0,0.0
609.7618490375439,5.0,0.0
609.7713303114358,4.0,0.0
609.7768779715659,3.0,0.0
609.7769652569319,2.0,0.0
609.7798756809613,3.0,0.0
609.7854033910191,4.0,0.0
609.7857356388967,5.0,0.0
609.7909555536763,4.0,0.0
609.7913245468294,3.0,0.0
609.7922816790887,2.0,0.0
609.7974539591833,3.0,0.0
609.8006750799135,2.0,0.0
609.8120312727884,1.0,0.0
609.8136953337705,2.0,0.0
609.813781885797,3.0,0.0
609.8143313862031,4.0,0.0
609.8427346509832,5.0,0.0
609.8465255807323,6.0,0.0
609.8493436330122,5.0,0.0
609.8529209778812,4.0,0.0
609.8597989044705,5.0,0.0
609.8605033065473,6.0,0.0
609.8625856062936,5.0,0.0
609.8758274469164,4.0,0.0
609.8826769450664,5.0,0.0
609.8865920155407,4.0,0.0
609.8903359416327,5.0,0.0
609.8915396314809,6.0,0.0
609.8921577572062,7.0,0.0
609.8939250664993,8.0,0.0
609.8956528114658,7.0,0.0
609.895702982102,6.0,0.0
609.8999618007863,5.0,0.0
609.9037985531154,4.0,0.0
609.9086136304427,5.0,0.0
609.9095328580628,4.0,0.0
609.9111908058054,5.0,0.0
609.9147216083225,6.0,0.0
609.9238721503394,7.0,0.0
609.9292132378293,6.0,0.0
609.9425580542385,5.0,0.0
609.9507537512594,6.0,0.0
609.9529108854481,7.0,0.0
609.9563676779096,6.0,0.0
609.9652028787988,7.0,0.0
609.9795507378386,8.0,0.0
609.9853868862676,9.0,0.0
609.9859330474089,8.0,0.0
610.0064612394517,9.0,0.0
610.0104076403568,8.0,0.0
610.0113398211723,7.0,0.0
610.018227269048,6.0,0.0
610.0280014754744,5.0,0.0
610.0325532892872,6.0,0.0
610.0437100154945,5.0,0.0
610.0540657905929,4.0,0.0
610.0571233541431,5.0,0.0
610.0604238877131,6.0,0.0
610.0621331340959,5.0,0.0
610.0875139289358,4.0,0.0
610.0891866779133,3.0,0.0
610.098381190334,2.0,0.0
610.099595262586,3.0,0.0
610.1058459311706,4.0,0.0
610.1115666857512,3.0,0.0
610.1265849530794,2.0,0.0
610.1474854093816,3.0,0.0
610.148519750244,4.0,0.0
610.151357954377,5.0,0.0
610.1535314212543,6.0,0.0
610.1547407201149,5.0,0.0
610.1557529398806,6.0,0.0
610.1562555065342,7.0,0.0
610.1716652561327,6.0,0.0
610.1920713930374,5.0,0.0
610.20397017607,6.0,0.0
610.2134497425882,7.0,0.0
610.2142715149165,8.0,0.0
610.2153143391448,9.0,0.0
610.2163241890488,10.0,0.0
610.2187170320628,9.0,0.0
610.2387564390474,10.0,0.0
610.25034531228,11.0,0.0
610.2520155415667,12.0,0.0
610.2536901180902,11.0,0.0
610.2579768235682,10.0,0.0
610.2742071780127,9.0,0.0
610.2758514953574,10.0,0.0
610.2762463885028,11.0,0.0
610.2797626598443,10.0,0.0
610.2908604832818,11.0,0.0
610.291648190934,12.0,0.0
610.2962090147323,13.0,0.0
610.3006130019611,14.0,0.0
610.3130987039978,13.0,0.0
610.3276708950987,14.0,0.0
610.32966462081,13.0,0.0
610.3420046262582,12.0,0.0
610.3439547217185,11.0,0.0
610.3442229841272,12.0,0.0
610.344316251174,11.0,0.0
610.3631390317133,12.0,0.0
610.3641770862456,13.0,0.0
610.3702177234836,14.0,0.0
610.387056924006,15.0,0.0
610.3896582148999,16.0,0.0
610.3903909414731,15.0,0.0
610.4062057047264,16.0,0.0
610.4122389267501,17.0,0.0
610.4207575736035,16.0,0.0
610.4237584031765,17.0,0.0
610.4293554611874,16.0,0.0
610.4329360890267,15.0,0.0
610.4347976000514,16.0,0.0
610.4436986855038,15.0,0.0
610.4485814712727,14.0,0.0
610.4538613635672,15.0,0.0
610.4631897000176,16.0,0.0
610.470325213992,15.0,0.0
610.4828788742119,16.0,0.0
610.4976976295204,15.0,0.0
610.506187429356,16.0,0.0
610.5065048648728,17.0,0.0
610.5108094603911,16.0,0.0
610.5115110135572,17.0,0.0
610.5129879396449,16.0,0.0
610.5242127591055,15.0,0.0
610.5277021846558,16.0,0.0
610.5304958130148,15.0,0.0
610.5322328250204,16.0,0.0
610.5361620661575,15.0,0.0
610.5364259984642,16.0,0.0
610.5386764739898,17.0,0.0
610.5421779580068,16.0,0.0
610.5465240734685,15.0,0.0
610.5499421735024,16.0,0.0
610.5610311549002,17.0,0.0
610.5616664367767,18.0,0.0
610.5841143716859,19.0,0.0
610.588191048386,20.0,0.0
610.5912151021433,21.0,0.0
610.5922477918284,22.0,0.0
610.5937890299278,21.0,0.0
610.5966292436892,22.0,0.0
610.5982957677612,23.0,0.0
610.6052488559897,24.0,0.0
610.6105747194598,23.0,0.0
610.6132909799447,24.0,0.0
610.6135891902813,23.0,0.0
610.6204504737555,24.0,0.0
610.6236050777168,23.0,0.0
610.6251591186713,22.0,0.0
610.6339903363363,21.0,0.0
610.6418607816402,22.0,0.0
610.6508222349858,21.0,0.0
610.6618840593839,22.0,0.0
610.6711455211768,21.0,0.0
610.6722743441553,20.0,0.0
610.6747979325513,19.0,0.0
610.6870828998528,20.0,0.0
610.6982638089332,21.0,0.0
610.7021961323803,22.0,0.0
610.7287968745928,23.0,0.0
610.7354197655621,24.0,0.0
610.7374285052242,25.0,0.0
610.7386285631982,26.0,0.0
610.7452169930021,25.0,0.0
610.745854544777,26.0,0.0
610.7524652325488,25.0,0.0
610.7584363380519,26.0,0.0
610.7769355045147,27.0,0.0
610.7787662435437,26.0,0.0
610.7799705826777,27.0,0.0
610.7815615252856,26.0,0.0
610.7852131282748,27.0,0.0
610.7876239353141,26.0,0.0
610.7896603688843,25.0,0.0
610.7977016291236,26.0,0.0
610.8050422801592,27.0,0.0
610.808334085021,28.0,0.0
610.8216121752929,29.0,0.0
610.841195306242,28.0,0.0
610.8424021447221,27.0,0.0
610.848472036639,28.0,0.0
610.8538936233082,27.0,0.0
610.8572344223393,26.0,0.0
610.8648649840102,27.0,0.0
610.8673851443041,28.0,0.0
610.8773975805194,27.0,0.0
610.8775233658492,26.0,0.0
610.8787781846765,25.0,0.0
610.879268050514,24.0,0.0
610.8853326589233,25.0,0.0
610.8868179322507,24.0,0.0
610.891570509352,23.0,0.0
610.8950946487016,24.0,0.0
610.8953986976647,25.0,0.0
610.9008183907356,26.0,0.0
610.9031405281372,25.0,0.0
610.9207800057209,26.0,0.0
610.9208136190982,27.0,0.0
610.9242124297273,26.0,0.0
610.9242207889412,27.0,0.0
610.9397164597984,28.0,0.0
610.9411182705092,29.0,0.0
610.9510922676262,30.0,0.0
610.956775757375,31.0,0.0
610.9633706478121,32.0,0.0
610.9652903273957,33.0,0.0
610.9664152776093,34.0,0.0
610.9742826306871,33.0,0.0
610.9836979670289,32.0,0.0
610.9915538736916,31.0,0.0
610.9921175917112,30.0,0.0
610.9942106859526,29.0,0.0
611.0017405373646,28.0,0.0
611.0047688316214,29.0,0.0
611.0053545737078,28.0,0.0
611.0069926357626,27.0,0.0
611.0108978422037,26.0,0.0
611.0163456801297,25.0,0.0
611.0199300648238,26.0,0.0
611.0199578419556,25.0,0.0
611.0238115892472,24.0,0.0
611.0247168283663,23.0,0.0
611.0296125729135,24.0,0.0
611.0630873625638,25.0,0.0
611.0651442281911,26.0,0.0
611.084614961662,25.0,0.0
611.0852200061589,24.0,0.0
611.0949752671095,25.0,0.0
611.1023302974494,26.0,0.0
611.1032977636571,27.0,0.0
611.1051926546386,26.0,0.0
611.1080839462188,27.0,0.0
611.1151843872926,28.0,0.0
611.1154717066192,27.0,0.0
611.1171804182245,26.0,0.0
611.1380582632887,27.0,0.0
611.1395356054657,26.0,0.0
611.1625385759769,27.0,0.0
611.1693377355099,28.0,0.0
611.189587286181,29.0,0.0
611.2070488085807,28.0,0.0
611.2117046306403,27.0,0.0
611.2147384334411,28.0,0.0
611.2161265391721,29.0,0.0
611.224565444244,28.0,0.0
611.2249077151764,29.0,0.0
611.2295173468565,28.0,0.0
611.230485512023,29.0,0.0
611.2327128014597,30.0,0.0
611.2626619605804,31.0,0.0
611.2707664926231,30.0,0.0
611.2807141643553,29.0,0.0
611.2874261210251,30.0,0.0
611.3026467013285,31.0,0.0
611.3070856829835,32.0,0.0
611.3137145972971,31.0,0.0
611.3215366146176,32.0,0.0
611.3471114737614,31.0,0.0
611.3520938675746,30.0,0.0
611.3556832689911,29.0,0.0
611.3613404147213,30.0,0.0
611.3659795547421,31.0,0.0
611.3679435585018,30.0,0.0
611.3725230266872,31.0,0.0
611.3776591564309,30.0,0.0
611.3838287101806,29.0,0.0
611.3840252936276,28.0,0.0
611.3857729470137,29.0,0.0
611.3955849371504,28.0,0.0
611.3959843116294,29.0,0.0
611.3976824373309,28.0,0.0
611.3982850011721,27.0,0.0
611.3986753999114,28.0,0.0
611.4018085948347,29.0,0.0
611.4178520612676,28.0,0.0
611.4267836644775,27.0,0.0
611.4370399490496,28.0,0.0
611.4474698427548,29.0,0.0
611.4517648074507,30.0,0.0
611.452742243014,31.0,0.0
611.4678100120672,30.0,0.0
611.4755793974471,31.0,0.0
611.4862601079797,30.0,0.0
611.4968438372017,31.0,0.0
611.5091082839953,32.0,0.0
611.532392558591,31.0,0.0
611.5367988527116,32.0,0.0
611.5370041766771,33.0,0.0
611.5385984617968,34.0,0.0
611.5451991622904,33.0,0.0
611.5564063558534,32.0,0.0
611.5632313341082,33.0,0.0
611.5816219775182,32.0,0.0
611.5835267840869,31.0,0.0
611.5858316842039,32.0,0.0
611.5873694605059,31.0,0.0
611.6034852673052,32.0,0.0
611.6069995000721,33.0,0.0
611.6145171037132,34.0,0.0
611.6145411523346,35.0,0.0
611.6202358725902,36.0,0.0
611.6204690437138,37.0,0.0
611.6224337484296,36.0,0.0
611.6299692568243,37.0,0.0
611.6300378317165,38.0,0.0
611.631466778194,37.0,0.0
611.6325578198583,38.0,0.0
611.6328894623251,39.0,0.0
611.6426045369565,38.0,0.0
611.6493155092505,39.0,0.0
611.6541058129961,40.0,0.0
611.6612026179416,39.0,0.0
611.665626732241,38.0,0.0
611.6736987822917,39.0,0.0
611.673805729062,38.0,0.0
611.6739369919503,37.0,0.0
611.6835167233958,36.0,0.0
611.6848541782211,35.0,0.0
611.6854217023642,34.0,0.0
611.693407259532,33.0,0.0
611.697059064766,34.0,0.0
611.6978462348128,35.0,0.0
611.7053943802916,34.0,0.0
611.7055272371681,33.0,0.0
611.7084359627656,34.0,0.0
611.7104765526923,33.0,0.0
611.7131578216204,34.0,0.0
611.7183816168595,35.0,0.0
611.7193013291893,34.0,0.0
611.724349192612,33.0,0.0
611.7252192316931,32.0,0.0
611.7288444972426,33.0,0.0
611.7326221783413,34.0,0.0
611.743822156957,33.0,0.0
611.7463519411601,32.0,0.0
611.7478640434039,33.0,0.0
611.750423122955,34.0,0.0
611.7521887053338,33.0,0.0
611.7563117830649,32.0,0.0
611.7611139606737,33.0,0.0
611.7786608991238,32.0,0.0
611.7793254229005,33.0,0.0
611.781830053601,34.0,0.0
611.7848731654009,35.0,0.0
611.7901360296489,34.0,0.0
611.7968908362957,35.0,0.0
611.7979342621653,34.0,0.0
611.8077838108798,33.0,0.0
611.8117725713686,34.0,0.0
611.8156808042918,35.0,0.0
611.8276088792317,34.0,0.0
611.8310176045565,33.0,0.0
611.8368653908371,32.0,0.0
611.8372752755104,33.0,0.0
611.8433314206443,32.0,0.0
611.8567271524254,33.0,0.0
611.8598578084716,34.0,0.0
611.8602444972249,35.0,0.0
611.861908412476,36.0,0.0
611.8622906869057,37.0,0.0
611.8646619171725,38.0,0.0
611.8712978603613,37.0,0.0
611.8846651781145,38.0,0.0
611.890832163308,39.0,0.0
611.8912138816523,40.0,0.0
611.8925438771521,39.0,0.0
611.8929579771936,40.0,0.0
611.9211563704698,39.0,0.0
611.9291239701961,40.0,0.0
611.9382038035369,41.0,0.0
611.9426443800963,42.0,0.0
611.9462243015402,43.0,0.0
611.9482495372722,44.0,0.0
611.9484714948716,45.0,0.0
611.9545550504245,44.0,0.0
611.9655871480742,43.0,0.0
611.9704464945517,44.0,0.0
611.9726765736856,43.0,0.0
611.978139256004,44.0,0.0
611.9806969264943,45.0,0.0
611.9978996025991,44.0,0.0
612.0097529848848,45.0,0.0
612.0159429413264,46.0,0.0
612.018772570083,47.0,0.0
612.044708064563,48.0,0.0
612.0480905253262,49.0,0.0
612.0503396187444,48.0,0.0
612.0507080103237,49.0,0.0
612.0536406136606,48.0,0.0
612.0617389992655,49.0,0.0
612.0640219347138,48.0,0.0
612.0811731610034,47.0,0.0
612.0916045661539,48.0,0.0
612.0940533413595,49.0,0.0
612.0969335815864,48.0,0.0
612.0980242599536,49.0,0.0
612.1018229567841,50.0,0.0
612.102474206086,49.0,0.0
612.1068461628986,50.0,0.0
612.1076389248569,49.0,0.0
612.1111815812202,48.0,0.0
612.1164476421233,49.0,0.0
612.1172157323597,48.0,0.0
612.126366708777,47.0,0.0
612.1350859557353,48.0,0.0
612.1382476188056,49.0,0.0
612.1403082474254,48.0,0.0
612.1437815035514,49.0,0.0
612.1442436905608,50.0,0.0
612.1664740892403,51.0,0.0
612.1671117346001,52.0,0.0
612.1673472837256,53.0,0.0
612.1719832490788,52.0,0.0
612.1769139377434,53.0,0.0
612.1886528509895,54.0,0.0
612.1907102466795,53.0,0.0
612.202741333204,52.0,0.0
612.2080871837691,53.0,0.0
612.2117281851883,54.0,0.0
612.2226446993217,55.0,0.0
612.2324482463312,54.0,0.0
612.2332793361236,53.0,0.0
612.2406921498108,54.0,0.0
612.2444431265261,53.0,0.0
612.2464047319991,52.0,0.0
612.2566058878933,53.0,0.0
612.2638488717618,54.0,0.0
612.2684649995256,53.0,0.0
612.2726468448334,52.0,0.0
612.2742057032333,51.0,0.0
612.2812019446643,52.0,0.0
612.2871783576306,53.0,0.0
612.288318729423,52.0,0.0
612.2913253024735,53.0,0.0
612.2935778697786,54.0,0.0
612.2985387607378,55.0,0.0
612.3004060464586,56.0,0.0
612.30459294507,55.0,0.0
612.3125392416528,56.0,0.0
612.3171349818567,57.0,0.0
612.3205009862733,58.0,0.0
612.3453686550489,57.0,0.0
612.3651167911722,56.0,0.0
612.3853359622668,57.0,0.0
612.3955493318412,56.0,0.0
612.3989974177102,55.0,0.0
612.412851434429,54.0,0.0
612.4152000805177,55.0,0.0
612.4181854962156,56.0,0.0
612.4200448632757,57.0,0.0
612.4301630930289,58.0,0.0
612.4347553659738,59.0,0.0
612.4350585625373,58.0,0.0
612.4376255204952,59.0,0.0
612.4411264009581,58.0,0.0
612.4414615840502,57.0,0.0
612.4522420066035,58.0,0.0
612.4537311202885,59.0,0.0
612.4543214005741,60.0,0.0
612.4575432224317,61.0,0.0
612.4577202971974,60.0,0.0
612.4624578343979,61.0,0.0
612.4662193265071,62.0,0.0
612.4728798210183,63.0,0.0
612.4763425019241,62.0,0.0
612.4835386420194,63.0,0.0
612.4920669656893,64.0,0.0
612.4937648577361,63.0,0.0
612.4989569635579,62.0,0.0
612.5007026307233,61.0,0.0
612.5007188331887,62.0,0.0
612.5046059814324,61.0,0.0
612.5058898180147,60.0,0.0
612.5173946311602,61.0,0.0
612.5195939214697,60.0,0.0
612.5218593686179,61.0,0.0
612.5311493151999,60.0,0.0
612.5344362643048,59.0,0.0
612.5371302753811,60.0,0.0
612.5476863750976,59.0,0.0
612.5502618649011,60.0,0.0
612.5536900307371,59.0,0.0
612.5540271455831,58.0,0.0
612.5549265499129,59.0,0.0
612.5587877595609,58.0,0.0
612.5705871742199,59.0,0.0
612.5766044432993,60.0,0.0
612.5815160130476,61.0,0.0
612.591046383808,60.0,0.0
612.5959480999949,59.0,0.0
612.597356715518,60.0,0.0
612.5991097008827,59.0,0.0
612.6041602393447,58.0,0.0
612.6093034994243,59.0,0.0
612.6132842997729,58.0,0.0
612.6166623175499,57.0,0.0
612.6175518518947,56.0,0.0
612.6271863250109,57.0,0.0
612.6582923832841,58.0,0.0
612.6616309200881,57.0,0.0
612.6693145237151,58.0,0.0
612.6698474080382,59.0,0.0
612.6701630553974,60.0,0.0
612.6717000075873,59.0,0.0
612.6718891936508,60.0,0.0
612.6738054834027,61.0,0.0
612.6765760949252,62.0,0.0
612.6891267445983,61.0,0.0
612.6924770862798,62.0,0.0
612.6926256353004,63.0,0.0
612.6930926692106,64.0,0.0
612.693139128297,63.0,0.0
612.6961196079455,64.0,0.0
612.7032037678281,65.0,0.0
612.7047121634474,66.0,0.0
612.7068130425915,67.0,0.0
612.7098051216699,66.0,0.0
612.710928197445,65.0,0.0
612.7127664405459,64.0,0.0
612.7183902532288,63.0,0.0
612.733125608152,64.0,0.0
612.7357443245456,63.0,0.0
612.74218121964,64.0,0.0
612.7426625598155,65.0,0.0
612.7464617408592,66.0,0.0
612.7500716751268,65.0,0.0
612.7661292335413,64.0,0.0
612.7710416811722,65.0,0.0
612.7816502787132,64.0,0.0
612.7921389659699,63.0,0.0
612.7926422702441,64.0,0.0
612.7997795082963,63.0,0.0
612.8022499619091,64.0,0.0
612.8037710346741,63.0,0.0
612.8191711603787,64.0,0.0
612.8238520630695,65.0,0.0
612.8282056324302,66.0,0.0
612.8300805101653,67.0,0.0
612.8315180589631,68.0,0.0
612.8557029921724,69.0,0.0
612.8607476695544,68.0,0.0
612.8634490212055,67.0,0.0
612.8646455274007,66.0,0.0
612.8649545516586,65.0,0.0
612.8687939526085,66.0,0.0
612.8743761189746,67.0,0.0
612.8820413308038,68.0,0.0
612.8948278353528,67.0,0.0
612.9235914121479,68.0,0.0
612.9275750251417,69.0,0.0
612.9306270951653,68.0,0.0
612.9313937489289,69.0,0.0
612.9337281206663,70.0,0.0
612.9404339183852,69.0,0.0
612.9423881175461,68.0,0.0
612.9555925115923,67.0,0.0
612.9595581078845,66.0,0.0
612.9602220182884,65.0,0.0
612.9689988051225,64.0,0.0
612.9731281990667,65.0,0.0
612.9731569337977,64.0,0.0
612.9823443003729,63.0,0.0
612.9866576756593,64.0,0.0
612.9895768756795,63.0,0.0
612.9954866980321,64.0,0.0
612.9959433765656,63.0,0.0
613.0064627202685,64.0,0.0
613.0065289563297,65.0,0.0
613.0089111515879,66.0,0.0
613.0162033019654,67.0,0.0
613.0200769010307,68.0,0.0
613.0210525896025,69.0,0.0
613.0294234853702,70.0,0.0
613.0304970995503,69.0,0.0
613.0380861337931,70.0,0.0
613.0421790853552,69.0,0.0
613.0439119023144,68.0,0.0
613.0551692970336,69.0,0.0
613.0575458383286,70.0,0.0
613.0611166258632,71.0,0.0
613.0705682906679,72.0,0.0
613.077051077899,73.0,0.0
613.08399907202,72.0,0.0
613.0871394528343,73.0,0.0
613.0898946749965,74.0,0.0
613.1000381700583,75.0,0.0
613.1070377830836,74.0,0.0
613.1078223511881,75.0,0.0
613.107870255717,76.0,0.0
613.1137114251117,75.0,0.0
613.1154041128706,74.0,0.0
613.1168171214428,75.0,0.0
613.1168464167454,76.0,0.0
613.1172180508896,77.0,0.0
613.1195514351243,78.0,0.0
613.1228118757298,79.0,0.0
613.1306611261726,78.0,0.0
613.1349521038933,79.0,0.0
613.1351758993329,80.0,0.0
613.1356778128766,81.0,0.0
613.1536545124145,82.0,0.0
613.1586534172441,83.0,0.0
613.1658722406876,84.0,0.0
613.1709931597912,85.0,0.0
613.1767344504751,84.0,0.0
613.1813132021267,83.0,0.0
613.1873196964624,84.0,0.0
613.1985753105712,83.0,0.0
613.1989076151423,84.0,0.0
613.2033302260492,83.0,0.0
613.2085333642888,82.0,0.0
613.2097012755221,83.0,0.0
613.2105327057635,84.0,0.0
613.2153011455722,83.0,0.0
613.2228850103597,84.0,0.0
613.2278966423595,83.0,0.0
613.2315100921039,84.0,0.0
613.2346448151244,85.0,0.0
613.2347665327142,84.0,0.0
613.2387087914783,85.0,0.0
613.241436092934,84.0,0.0
613.2415809725649,85.0,0.0
613.2442745659692,84.0,0.0
613.2461642874606,85.0,0.0
613.2584756132719,86.0,0.0
613.2594696803221,85.0,0.0
613.2597979279083,86.0,0.0
613.2643762380876,87.0,0.0
613.2708510960003,86.0,0.0
613.2710110594909,85.0,0.0
613.2710164588102,86.0,0.0
613.2721713307989,85.0,0.0
613.2728077644566,86.0,0.0
613.283777370219,85.0,0.0
613.2868452091392,84.0,0.0
613.2900112998163,85.0,0.0
613.2952919041591,84.0,0.0
613.3006468901373,85.0,0.0
613.3020690286685,84.0,0.0
613.3046059060821,85.0,0.0
613.3068302367532,84.0,0.0
613.3142740650269,83.0,0.0
613.3177314285746,82.0,0.0
613.3202430826942,81.0,0.0
613.3239012260067,82.0,0.0
613.3269156824583,83.0,0.0
613.332436620671,84.0,0.0
613.3324777024818,83.0,0.0
613.3350811367555,84.0,0.0
613.3367579296438,85.0,0.0
613.3422104341455,86.0,0.0
613.3485496680247,85.0,0.0
613.3541042142424,86.0,0.0
613.3578511070054,87.0,0.0
613.3631859756294,86.0,0.0
613.3759844209934,87.0,0.0
613.3841491883293,88.0,0.0
613.3845874284716,89.0,0.0
613.3894763379951,88.0,0.0
613.3908883668805,89.0,0.0
613.4069207455606,90.0,0.0
613.4072392332298,89.0,0.0
613.4089523920838,90.0,0.0
613.4111374985857,89.0,0.0
613.4197112927571,90.0,0.0
613.4204294620265,91.0,0.0
613.4394001246794,92.0,0.0
613.4567609195474,93.0,0.0
613.4586061413015,94.0,0.0
613.4587648948989,93.0,0.0
613.4660636941948,94.0,0.0
613.4662118126494,95.0,0.0
613.4685310338788,94.0,0.0
613.4792538175682,95.0,0.0
613.4803810334618,94.0,0.0
613.4846235817838,95.0,0.0
613.4925825829331,94.0,0.0
613.4927915010253,93.0,0.0
613.4985238292422,94.0,0.0
613.5139850807127,95.0,0.0
613.5161312479526,96.0,0.0
613.5175030439016,97.0,0.0
613.5322302898105,98.0,0.0
613.5416617549778,99.0,0.0
613.5430677814452,100.0,0.0
613.551461927135,101.0,0.0
613.5548327862903,102.0,0.0
613.5567186024082,103.0,0.0
613.5568875427599,102.0,0.0
613.5636946993487,101.0,0.0
613.5810248934711,102.0,0.0
613.5875156615012,101.0,0.0
613.5915348336874,102.0,0.0
613.5929325774148,103.0,0.0
613.6028975881394,102.0,0.0
613.6033979307066,103.0,0.0
613.6054002659878,102.0,0.0
613.6079812177389,103.0,0.0
613.60816617889,102.0,0.0
613.6113170044608,101.0,0.0
613.6154658468405,102.0,0.0
613.6184864324763,103.0,0.0
613.6218264962284,102.0,0.0
613.6227616004667,103.0,0.0
613.624072686066,104.0,0.0
613.6397121134729,105.0,0.0
613.6483591013994,104.0,0.0
613.6651172182612,105.0,0.0
613.6661691127166,106.0,0.0
613.6723203797587,105.0,0.0
613.674954981711,104.0,0.0
613.679950670917,105.0,0.0
613.6804230894797,104.0,0.0
613.6825470438137,103.0,0.0
613.6863656282922,102.0,0.0
613.6917754712299,101.0,0.0
613.7032151355247,100.0,0.0
613.7033404158364,101.0,0.0
613.7070666474392,102.0,0.0
613.7096205786845,101.0,0.0
613.7203179839079,102.0,0.0
613.7282885868619,103.0,0.0
613.7352573442131,104.0,0.0
613.7372827567476,103.0,0.0
613.7384340515774,104.0,0.0
613.7421597871913,103.0,0.0
613.743162054093,104.0,0.0
613.744699363781,103.0,0.0
613.7493164583918,104.0,0.0
613.7582050598588,105.0,0.0
613.7738746238333,104.0,0.0
613.7770006705025,103.0,0.0
613.7774549271072,102.0,0.0
613.7809452082012,101.0,0.0
613.790433752838,100.0,0.0
613.7937497674674,99.0,0.0
613.7983825815571,98.0,0.0
613.8019762902902,99.0,0.0
613.8025661244682,98.0,0.0
613.8041773145609,99.0,0.0
613.812376309178,98.0,0.0
613.8134111715336,99.0,0.0
613.8148159781082,98.0,0.0
613.8193046618758,99.0,0.0
613.8201777798646,100.0,0.0
613.8217142373555,101.0,0.0
613.821831358786,100.0,0.0
613.8265762271266,101.0,0.0
613.826684942181,102.0,0.0
613.8308283048901,101.0,0.0
613.8342135545485,100.0,0.0
613.8420349860179,99.0,0.0
613.8444901249118,100.0,0.0
613.8472018114691,99.0,0.0
613.8562465905702,98.0,0.0
613.866435413951,99.0,0.0
613.8673316990802,100.0,0.0
613.8761276406487,101.0,0.0
613.8785200627473,100.0,0.0
613.8817670127358,101.0,0.0
613.8863439882414,102.0,0.0
613.8912747504776,101.0,0.0
613.8918745956674,100.0,0.0
613.8932065822186,99.0,0.0
613.8944202466026,98.0,0.0
613.8988860806406,99.0,0.0
613.899925016969,98.0,0.0
613.9014716761662,97.0,0.0
613.9025069663093,98.0,0.0
613.9059128858938,99.0,0.0
613.912807174632,100.0,0.0
613.9147433867507,99.0,0.0
613.9161464310766,98.0,0.0
613.9176141184277,97.0,0.0
613.9224241056127,96.0,0.0
613.9229973779957,97.0,0.0
613.9299316544809,98.0,0.0
613.930805819745,99.0,0.0
613.9338677414601,100.0,0.0
613.9363443549303,99.0,0.0
613.9453836175823,100.0,0.0
613.9463872639346,101.0,0.0
613.9499300832772,100.0,0.0
613.9514365307687,101.0,0.0
613.9630280094716,100.0,0.0
613.9722081372227,101.0,0.0
613.9798224716338,102.0,0.0
613.9862874079122,103.0,0.0
613.9975539636265,104.0,0.0
614.0024673504521,105.0,0.0
614.0062924529092,106.0,0.0
614.0127090468184,107.0,0.0
614.0170452776938,108.0,0.0
614.0360932396395,107.0,0.0
614.0417361035117,108.0,0.0
614.0515903046837,109.0,0.0
614.0536252443046,110.0,0.0
614.0561765485235,111.0,0.0
614.0562302952268,110.0,0.0
614.0611679872486,111.0,0.0
614.0693737850019,112.0,0.0
614.0763125053562,113.0,0.0
614.0895122146457,112.0,0.0
614.1041506972002,113.0,0.0
614.1123339534668,112.0,0.0
614.1138973020194,113.0,0.0
614.1149199040609,114.0,0.0
614.1154891465812,113.0,0.0
614.1168916383738,114.0,0.0
614.1198135852479,115.0,0.0
614.1242367096346,114.0,0.0
614.1286756873882,113.0,0.0
614.1337009250066,112.0,0.0
614.1346850531789,111.0,0.0
614.1379565418159,110.0,0.0
614.140897987635,109.0,0.0
614.1466005808162,108.0,0.0
614.1481067877767,107.0,0.0
614.1621509610118,108.0,0.0
614.1697385650162,109.0,0.0
614.1790572280424,108.0,0.0
614.2029982319218,109.0,0.0
614.2055035875297,108.0,0.0
614.2139588210987,107.0,0.0
614.2267108715693,106.0,0.0
614.2413551220798,107.0,0.0
614.2424358796451,108.0,0.0
614.2527885763678,109.0,0.0
614.2545383581154,110.0,0.0
614.2577950314254,111.0,0.0
614.2726336259054,110.0,0.0
614.2771042503543,111.0,0.0
614.2780563145408,112.0,0.0
614.2812936546948,113.0,0.0
614.2898641683585,112.0,0.0
614.3020087693275,111.0,0.0
614.3030613710332,112.0,0.0
614.3072866244544,111.0,0.0
614.3106808088886,112.0,0.0
614.3112562439931,113.0,0.0
614.3222039851781,112.0,0.0
614.3282678361414,111.0,0.0
614.3307551914228,110.0,0.0
614.3312396557131,109.0,0.0
614.331311161806,110.0,0.0
614.3330951154564,111.0,0.0
614.3385109456964,112.0,0.0
614.3509593815044,111.0,0.0
614.3634384848688,110.0,0.0
614.3655939622345,111.0,0.0
614.3762874845618,112.0,0.0
614.3796023245529,111.0,0.0
614.379776041971,110.0,0.0
614.382375656382,111.0,0.0
614.3995701316779,112.0,0.0
614.4076897231778,113.0,0.0
614.4086855067943,112.0,0.0
614.4092297416498,113.0,0.0
614.4353381693273,114.0,0.0
614.4380180761422,113.0,0.0
614.4450733400038,112.0,0.0
614.4574609666774,111.0,0.0
614.4640275548215,110.0,0.0
614.466959307692,111.0,0.0
614.467582840668,110.0,0.0
614.4716384353387,111.0,0.0
614.4724615278799,110.0,0.0
614.47580882463,109.0,0.0
614.4800443173924,108.0,0.0
614.482505130037,107.0,0.0
614.4846194978454,106.0,0.0
614.4892951139218,105.0,0.0
614.4909102747566,106.0,0.0
614.4932219897511,105.0,0.0
614.5019464701551,104.0,0.0
614.5108151754745,105.0,0.0
614.5113159107997,106.0,0.0
614.5154111192005,105.0,0.0
614.5224853796996,104.0,0.0
614.5228917762373,105.0,0.0
614.5232362244751,106.0,0.0
614.5243228986202,107.0,0.0
614.5274951256988,108.0,0.0
614.5448436831381,107.0,0.0
614.5504087406282,108.0,0.0
614.5513378183088,107.0,0.0
614.5549181864569,108.0,0.0
614.565097804718,109.0,0.0
614.5664454022303,108.0,0.0
614.5689252997005,107.0,0.0
614.5738602794248,108.0,0.0
614.5739156715199,107.0,0.0
614.5798662893052,106.0,0.0
614.5811736973292,105.0,0.0
614.5844710214111,106.0,0.0
614.5991666729433,105.0,0.0
614.6074562943863,106.0,0.0
614.6092189932122,105.0,0.0
614.614698392365,104.0,0.0
614.6158645739449,103.0,0.0
614.6369578692512,102.0,0.0
614.6387039927932,101.0,0.0
614.6437281213124,100.0,0.0
614.6480756632382,101.0,0.0
614.6514994531509,102.0,0.0
614.6597116539153,101.0,0.0
614.6604697401071,100.0,0.0
614.6676846289539,101.0,0.0
614.6711850169877,102.0,0.0
614.6775626431443,103.0,0.0
614.6850408089297,104.0,0.0
614.6866509852707,105.0,0.0
614.6928164781634,106.0,0.0
614.7022316028273,105.0,0.0
614.7044934444699,104.0,0.0
614.7047964810889,103.0,0.0
614.7084987022155,102.0,0.0
614.7120833920051,101.0,0.0
614.7179760621914,100.0,0.0
614.7194043170549,99.0,0.0
614.730430387123,100.0,0.0
614.7305726945416,99.0,0.0
614.7352613632244,100.0,0.0
614.7417052942689,99.0,0.0
614.7480026845828,98.0,0.0
614.7572666851885,97.0,0.0
614.7577362707475,96.0,0.0
614.7589862658494,97.0,0.0
614.7601806063772,96.0,0.0
614.7738017550271,95.0,0.0
614.7742001867226,96.0,0.0
614.7841518899652,95.0,0.0
614.7871573624705,94.0,0.0
614.7879844676042,95.0,0.0
614.7968417445574,96.0,0.0
614.8043644853661,97.0,0.0
614.8134685043032,98.0,0.0
614.8144156193205,99.0,0.0
614.821784880139,98.0,0.0
614.8264470305357,97.0,0.0
614.8273786265572,98.0,0.0
614.8337143273266,97.0,0.0
614.8440412023078,98.0,0.0
614.8500785174094,99.0,0.0
614.8539885193228,98.0,0.0
614.8561720462571,97.0,0.0
614.8601839472458,98.0,0.0
614.877356798909,99.0,0.0
614.8787389542717,100.0,0.0
614.8808481843158,101.0,0.0
614.8963280987039,102.0,0.0
614.9142187103399,103.0,0.0
614.9163492727207,104.0,0.0
614.9194465384352,105.0,0.0
614.9294838690315,106.0,0.0
614.9331856916768,105.0,0.0
614.9445681515456,104.0,0.0
614.9518766360013,105.0,0.0
614.9523992539688,104.0,0.0
614.9528538392963,103.0,0.0
614.9572124564188,102.0,0.0
614.9853046059034,103.0,0.0
614.9923463940743,104.0,0.0
615.0091413593957,105.0,0.0
615.0129528378994,106.0,0.0
615.0133887080216,107.0,0.0
615.0170367280241,108.0,0.0
615.0285854856135,107.0,0.0
615.0334789625632,108.0,0.0
615.0440391088255,107.0,0.0
615.0505962600323,108.0,0.0
615.0552824092555,107.0,0.0
615.0560624052412,108.0,0.0
615.0573578462323,107.0,0.0
615.0605765111122,106.0,0.0
615.0622324779393,107.0,0.0
615.0698042507211,106.0,0.0
615.0748106530334,107.0,0.0
615.0776931720737,106.0,0.0
615.087595666934,107.0,0.0
615.0907373241646,108.0,0.0
615.1169909060737,107.0,0.0
615.1272351545754,106.0,0.0
615.1335901854811,107.0,0.0
615.1346776557093,108.0,0.0
615.1428855363004,109.0,0.0
615.1461362617077,110.0,0.0
615.1562358113027,109.0,0.0
615.1678475272785,108.0,0.0
615.1695436312705,107.0,0.0
615.1712822710193,106.0,0.0
615.184205632117,105.0,0.0
615.1864136456667,104.0,0.0
615.1961813597272,105.0,0.0
615.2092026606642,106.0,0.0
615.2146706610757,107.0,0.0
615.2237680878101,108.0,0.0
615.225106357607,109.0,0.0
615.2283340722117,108.0,0.0
615.2372461469039,107.0,0.0
615.2385386964994,106.0,0.0
615.2422381017675,107.0,0.0
615.2459232136985,106.0,0.0
615.2504856378404,107.0,0.0
615.2582692816882,108.0,0.0
615.2590768086343,109.0,0.0
615.2612527738958,108.0,0.0
615.2694398637747,109.0,0.0
615.27545404667,108.0,0.0
615.2925059925808,107.0,0.0
615.2953648463879,108.0,0.0
615.3023263532639,107.0,0.0
615.3118591945887,106.0,0.0
615.3319467193079,107.0,0.0
615.3409707193408,106.0,0.0
615.3438440714035,107.0,0.0
615.3456452249773,108.0,0.0
615.3490327247625,109.0,0.0
615.3526354743341,108.0,0.0
615.3563217002053,107.0,0.0
615.3616604586649,108.0,0.0
615.3683268945945,107.0,0.0
615.3730766078295,106.0,0.0
615.3740159098363,105.0,0.0
615.3786180923775,104.0,0.0
615.3847548767081,103.0,0.0
615.3861319673223,104.0,0.0
615.3890559999213,103.0,0.0
615.405661668105,104.0,0.0
615.4080074596926,103.0,0.0
615.4144722155999,104.0,0.0
615.4178411424089,105.0,0.0
615.4196554452166,104.0,0.0
615.4223921784552,105.0,0.0
615.4308238485344,106.0,0.0
615.4316426799387,107.0,0.0
615.4332937094691,106.0,0.0
615.4383749811327,105.0,0.0
615.4421864067939,106.0,0.0
615.4438149830956,105.0,0.0
615.451971024893,104.0,0.0
615.4538697102572,103.0,0.0
615.4606897031194,102.0,0.0
615.4615169947,101.0,0.0
615.4759602291399,100.0,0.0
615.4852013148928,101.0,0.0
615.4862046277716,102.0,0.0
615.4901965164552,103.0,0.0
615.49695667649,104.0,0.0
615.4980926560429,103.0,0.0
615.5030818192159,102.0,0.0
615.5061836820569,103.0,0.0
615.5070146871908,104.0,0.0
615.5220600094038,105.0,0.0
615.5269485501686,104.0,0.0
615.5298483769996,103.0,0.0
615.5329769388725,104.0,0.0
615.5416411965244,105.0,0.0
615.54282554444,104.0,0.0
615.5438515885188,103.0,0.0
615.555662173913,104.0,0.0
615.5585359782257,103.0,0.0
615.562060982608,104.0,0.0
615.5638174184476,103.0,0.0
615.570521306384,104.0,0.0
615.5732284897832,103.0,0.0
615.5767182519846,104.0,0.0
615.5781582432083,103.0,0.0
615.5916830312557,104.0,0.0
615.6070989523213,103.0,0.0
615.611379866799,104.0,0.0
615.612909859463,103.0,0.0
615.6165405798563,104.0,0.0
615.618160860798,105.0,0.0
615.624489902975,104.0,0.0
615.626677993827,103.0,0.0
615.6349455319587,104.0,0.0
615.642312127483,105.0,0.0
615.6438338364101,104.0,0.0
615.6524264394889,103.0,0.0
615.6567102655853,102.0,0.0
615.6575825257277,103.0,0.0
615.6645202782928,104.0,0.0
615.6825738963942,103.0,0.0
615.6842448339909,104.0,0.0
615.6993353769363,103.0,0.0
615.702222299931,102.0,0.0
615.7037308216386,101.0,0.0
615.7065043032351,100.0,0.0
615.708111281692,101.0,0.0
615.7173512216441,102.0,0.0
615.7303203636255,103.0,0.0
615.731444585309,102.0,0.0
615.7375571854108,101.0,0.0
615.7392480930242,100.0,0.0
615.765687792192,101.0,0.0
615.7699401116342,100.0,0.0
615.778015926675,99.0,0.0
615.7923986686117,98.0,0.0
615.8001355817847,99.0,0.0
615.800920887428,100.0,0.0
615.807180248951,99.0,0.0
615.8174283938811,98.0,0.0
615.8251136982066,97.0,0.0
615.8314834803573,96.0,0.0
615.834807331441,95.0,0.0
615.8406988628764,94.0,0.0
615.8421155546685,95.0,0.0
615.8427493436873,96.0,0.0
615.8545549212813,95.0,0.0
615.8606583104034,96.0,0.0
615.8708491486947,97.0,0.0
615.8715534596633,98.0,0.0
615.8718441235759,99.0,0.0
615.8827108521781,98.0,0.0
615.8857639673394,97.0,0.0
615.8921595051721,96.0,0.0
615.8987484144085,97.0,0.0
615.9004644535215,96.0,0.0
615.908292326418,97.0,0.0
615.909162928033,98.0,0.0
615.9131931029052,97.0,0.0
615.9179461166646,98.0,0.0
615.9266036315056,97.0,0.0
615.9340239747454,96.0,0.0
615.9407730194782,97.0,0.0
615.9543021877914,98.0,0.0
615.9549651275627,99.0,0.0
615.961298859202,98.0,0.0
615.9637680470404,99.0,0.0
615.9665334480129,98.0,0.0
615.9699005357322,97.0,0.0
615.9701805059609,98.0,0.0
615.9711607915085,99.0,0.0
615.9770168513484,100.0,0.0
615.9862193190172,101.0,0.0
615.9910262367696,102.0,0.0
615.9987578196358,101.0,0.0
616.0069588970593,100.0,0.0
616.0106174776522,101.0,0.0
616.0112501638664,102.0,0.0
616.0121771315899,103.0,0.0
616.0161752589775,102.0,0.0
616.0195626397962,103.0,0.0
616.0211176602238,104.0,0.0
616.0372085749628,103.0,0.0
616.0489991341173,104.0,0.0
616.0523432156905,103.0,0.0
616.057457672287,102.0,0.0
616.0577340680223,103.0,0.0
616.0597728932765,104.0,0.0
616.0619415395132,103.0,0.0
616.0696191987507,102.0,0.0
616.0696317364321,103.0,0.0
616.0715245970472,104.0,0.0
616.0748353065203,103.0,0.0
616.0785805844413,102.0,0.0
616.080508552659,101.0,0.0
616.0854677798397,100.0,0.0
616.0866041113701,101.0,0.0
616.0912274907497,100.0,0.0
616.093612923056,99.0,0.0
616.0959366918137,98.0,0.0
616.1087242454721,99.0,0.0
616.122302686498,98.0,0.0
616.1273956444473,99.0,0.0
616.1356530889597,98.0,0.0
616.1373282214962,97.0,0.0
616.1390659070966,98.0,0.0
616.1396611433202,97.0,0.0
616.142264565433,98.0,0.0
616.1429840778718,97.0,0.0
616.1535613088822,98.0,0.0
616.1539970727348,97.0,0.0
616.1570130572553,98.0,0.0
616.1593230411522,97.0,0.0
616.1628918927847,96.0,0.0
616.1653057236601,95.0,0.0
616.165378474326,96.0,0.0
616.1715383538497,97.0,0.0
616.1758691020402,96.0,0.0
616.1830746055153,95.0,0.0
616.1870990141342,96.0,0.0
616.1874593490332,97.0,0.0
616.188862632608,98.0,0.0
616.1979831927742,99.0,0.0
616.2086656917261,98.0,0.0
616.2107217703096,97.0,0.0
616.2178379463036,98.0,0.0
616.2209090893413,97.0,0.0
616.2223118980143,96.0,0.0
616.2270028294392,97.0,0.0
616.2271717512635,96.0,0.0
616.232347002846,95.0,0.0
616.2336234954796,96.0,0.0
616.2356414759338,97.0,0.0
616.2412339966211,96.0,0.0
616.2496610099918,97.0,0.0
616.2506186094918,98.0,0.0
616.2580294574009,99.0,0.0
616.2661943910156,100.0,0.0
616.2672750799708,101.0,0.0
616.2725614310923,100.0,0.0
616.2731045842611,101.0,0.0
616.2737545971581,102.0,0.0
616.2741147037578,103.0,0.0
616.2753908522327,102.0,0.0
616.2860372792393,101.0,0.0
616.2929852655612,100.0,0.0
616.3013413320493,101.0,0.0
616.3036898280104,100.0,0.0
616.3048022350296,99.0,0.0
616.311512779881,98.0,0.0
616.311914736908,97.0,0.0
616.3297190827817,98.0,0.0
616.3489732538038,97.0,0.0
616.3493498678043,96.0,0.0
616.3713607918446,97.0,0.0
616.3732824779923,96.0,0.0
616.3773895555269,95.0,0.0
616.3800800075843,94.0,0.0
616.3809544334418,95.0,0.0
616.382226543913,96.0,0.0
616.3925259818132,95.0,0.0
616.3935952255721,94.0,0.0
616.393692520509,95.0,0.0
616.4041355335742,96.0,0.0
616.4092729913347,97.0,0.0
616.4120405044966,98.0,0.0
616.4122167677382,97.0,0.0
616.4334505392711,98.0,0.0
616.4340842401125,97.0,0.0
616.4391839895187,98.0,0.0
616.4494804393477,99.0,0.0
616.4752140107809,100.0,0.0
616.4786710755138,101.0,0.0
616.4794907021909,100.0,0.0
616.4815954365582,101.0,0.0
616.4835115628979,100.0,0.0
616.4939658887372,99.0,0.0
616.498384144608,98.0,0.0
616.4997571054813,99.0,0.0
616.5083474836888,100.0,0.0
616.5105319778063,99.0,0.0
616.5161099006565,100.0,0.0
616.518049378598,99.0,0.0
616.5233662251331,100.0,0.0
616.5243198563069,99.0,0.0
616.532800197589,98.0,0.0
616.5424811528131,99.0,0.0
616.5449666232722,100.0,0.0
616.5532418732078,101.0,0.0
616.560279486133,100.0,0.0
616.5659278069722,99.0,0.0
616.5661526864251,100.0,0.0
616.5949465929821,99.0,0.0
616.5969103139827,98.0,0.0
616.6011409552208,97.0,0.0
616.6042391373219,98.0,0.0
616.6047246262873,97.0,0.0
616.6082120638388,96.0,0.0
616.6201706266045,97.0,0.0
616.625439283178,96.0,0.0
616.6273161274352,97.0,0.0
616.6301125609899,96.0,0.0
616.647839432903,97.0,0.0
616.6490491595758,98.0,0.0
616.6522932530892,97.0,0.0
616.659561174435,98.0,0.0
616.6635629357799,97.0,0.0
616.6741774673967,98.0,0.0
616.6795427637638,99.0,0.0
616.6822122654283,100.0,0.0
616.6849326229778,101.0,0.0
616.6892083391012,100.0,0.0
616.692160951582,101.0,0.0
616.6931957225139,100.0,0.0
616.7036366661088,99.0,0.0
616.7103511828452,100.0,0.0
616.7165062287409,101.0,0.0
616.7194952156613,100.0,0.0
616.7255727385754,99.0,0.0
616.7286313633604,100.0,0.0
616.729215827637,99.0,0.0
616.7588932428956,100.0,0.0
616.7660434204619,101.0,0.0
616.7712149776518,102.0,0.0
616.7754253510296,101.0,0.0
616.7771696015683,100.0,0.0
616.7815839771208,99.0,0.0
616.7867411589839,100.0,0.0
616.7895581032773,101.0,0.0
616.8155520651139,100.0,0.0
616.817368828967,99.0,0.0
616.8215865558324,98.0,0.0
616.8229871672733,97.0,0.0
616.8257203082183,96.0,0.0
616.8285271776031,97.0,0.0
616.8313198421181,96.0,0.0
616.867944800231,97.0,0.0
616.8777110772645,96.0,0.0
616.8916228319849,95.0,0.0
616.895249404004,94.0,0.0
616.9037218778224,95.0,0.0
616.9091424060657,96.0,0.0
616.9293051505922,95.0,0.0
616.9357798785712,96.0,0.0
616.9405506603564,97.0,0.0
616.9420197428645,96.0,0.0
616.9433988145266,97.0,0.0
616.9458467675637,96.0,0.0
616.9543810551269,95.0,0.0
616.9572694226707,94.0,0.0
616.9618210716319,93.0,0.0
616.965138288506,94.0,0.0
616.9984220072846,95.0,0.0
617.0117361244655,94.0,0.0
617.0149347087192,93.0,0.0
617.0235307543805,94.0,0.0
617.0361769881604,93.0,0.0
617.036633220319,92.0,0.0
617.0376287652202,91.0,0.0
617.0436372339748,90.0,0.0
617.0537889745916,89.0,0.0
617.0554399243102,88.0,0.0
617.0653115008063,87.0,0.0
617.0662793578996,86.0,0.0
617.0671914932025,85.0,0.0
617.0769108232115,84.0,0.0
617.0799609303575,85.0,0.0
617.0832710178064,86.0,0.0
617.0903083316057,87.0,0.0
617.0973808448822,88.0,0.0
617.1117708452518,89.0,0.0
617.1127027489541,88.0,0.0
617.1154841465237,87.0,0.0
617.124560976863,86.0,0.0
617.1275876646768,87.0,0.0
617.1280864574936,88.0,0.0
617.1377575643049,87.0,0.0
617.1392786022839,88.0,0.0
617.139392411986,87.0,0.0
617.1436440258841,86.0,0.0
617.1532180654931,87.0,0.0
617.1562361707728,86.0,0.0
617.1685771074258,87.0,0.0
617.1758582899893,88.0,0.0
617.1836144130784,89.0,0.0
617.1942316689065,88.0,0.0
617.1964375713598,87.0,0.0
617.1984206859144,86.0,0.0
617.1996927214648,85.0,0.0
617.200044850753,86.0,0.0
617.2063931647048,87.0,0.0
617.2070974986482,86.0,0.0
617.2102208576487,85.0,0.0
617.2199307747863,84.0,0.0
617.2204849442494,83.0,0.0
617.2415187520454,82.0,0.0
617.2452356457624,81.0,0.0
617.2488630677913,82.0,0.0
617.2543170079197,83.0,0.0
617.2567902034754,84.0,0.0
617.2817776018719,85.0,0.0
617.2860620467544,84.0,0.0
617.2904064789296,83.0,0.0
617.2961791705046,82.0,0.0
617.2965126325921,81.0,0.0
617.2974644292387,80.0,0.0
617.2997392317445,79.0,0.0
617.3005304703372,78.0,0.0
617.302061504298,79.0,0.0
617.316313164219,78.0,0.0
617.323637161432,77.0,0.0
617.3315433144855,76.0,0.0
617.3391254530529,77.0,0.0
617.3514405580667,78.0,0.0
617.361418032684,79.0,0.0
617.3677805797272,80.0,0.0
617.3728002879461,79.0,0.0
617.3839066462612,78.0,0.0
617.3875415927989,79.0,0.0
617.3882675979867,78.0,0.0
617.3991533751758,79.0,0.0
617.4010061801944,78.0,0.0
617.4046875469495,77.0,0.0
617.4206309894747,76.0,0.0
617.4239326530704,75.0,0.0
617.4273983947561,76.0,0.0
617.428431611786,75.0,0.0
617.4332241375076,74.0,0.0
617.4390277606417,75.0,0.0
617.4501587707656,74.0,0.0
617.4541394614291,75.0,0.0
617.4542557264307,74.0,0.0
617.4588322326209,73.0,0.0
617.4610441534874,72.0,0.0
617.465498633647,71.0,0.0
617.4669464271568,72.0,0.0
617.4821164142512,71.0,0.0
617.4857445283731,70.0,0.0
617.487184727158,71.0,0.0
617.5011069500197,70.0,0.0
617.514462450529,69.0,0.0
617.520795758209,68.0,0.0
617.5238387099532,67.0,0.0
617.5429402953959,68.0,0.0
617.5446736562169,67.0,0.0
617.5628090480047,66.0,0.0
617.5634217501071,65.0,0.0
617.5789860694829,66.0,0.0
617.5869749196128,65.0,0.0
617.6145493652522,64.0,0.0
617.6292243586219,63.0,0.0
617.6337402081837,62.0,0.0
617.650858591099,61.0,0.0
617.6620629289941,60.0,0.0
617.6631319219182,61.0,0.0
617.6687872532812,60.0,0.0
617.6751883767449,61.0,0.0
617.690253501714,60.0,0.0
617.696521701895,59.0,0.0
617.696805468792,58.0,0.0
617.7063973691223,59.0,0.0
617.7073590055343,58.0,0.0
617.7130220718542,57.0,0.0
617.7180219549626,56.0,0.0
617.7185850533366,55.0,0.0
617.7288466338646,56.0,0.0
617.7326682036361,57.0,0.0
617.748772650236,56.0,0.0
617.7517312010926,57.0,0.0
617.7584311248737,58.0,0.0
617.7675038289545,57.0,0.0
617.7721506946588,56.0,0.0
617.7857648086746,55.0,0.0
617.7905081496934,54.0,0.0
617.7999262108274,55.0,0.0
617.8071823871951,56.0,0.0
617.8102952288475,57.0,0.0
617.8159698737608,58.0,0.0
617.8345177196102,57.0,0.0
617.8543861348196,56.0,0.0
617.8574620002407,55.0,0.0
617.8751076584335,54.0,0.0
617.886302420653,53.0,0.0
617.8988161442622,52.0,0.0
617.9012239472215,51.0,0.0
617.9239776526906,50.0,0.0
617.9258230079248,49.0,0.0
617.9417469019787,50.0,0.0
617.9770121397835,51.0,0.0
617.9774915290639,50.0,0.0
617.98138901752,49.0,0.0
617.9952679714486,48.0,0.0
618.0033224415287,47.0,0.0
618.01807593328,46.0,0.0
618.0217264985642,45.0,0.0
618.0307793437672,46.0,0.0
618.0320725192724,45.0,0.0
618.032669534233,44.0,0.0
618.0343879758772,43.0,0.0
618.040684711169,44.0,0.0
618.0482106662171,45.0,0.0
618.048741636497,44.0,0.0
618.0512134871233,43.0,0.0
618.0547834663964,44.0,0.0
618.0550072026741,43.0,0.0
618.0600445040919,44.0,0.0
618.0795630125416,45.0,0.0
618.0852282429117,46.0,0.0
618.0924782648734,45.0,0.0
618.1028591399486,44.0,0.0
618.1046963478259,45.0,0.0
618.107945184835,44.0,0.0
618.1379816951785,43.0,0.0
618.1479874839516,44.0,0.0
618.150537537666,45.0,0.0
618.1507957455522,44.0,0.0
618.1560363891919,43.0,0.0
618.1603411205697,44.0,0.0
618.164711609156,45.0,0.0
618.1757555625261,44.0,0.0
618.1822748373437,43.0,0.0
618.1945398182177,44.0,0.0
618.2114781854515,45.0,0.0
618.2368653636591,44.0,0.0
618.2543038655974,45.0,0.0
618.2610124906256,44.0,0.0
618.2611408982432,45.0,0.0
618.2627369874865,46.0,0.0
618.2759152164401,45.0,0.0
618.2957416989382,46.0,0.0
618.3011542489767,45.0,0.0
618.3222411929627,44.0,0.0
618.3407495021426,43.0,0.0
618.3570820260362,42.0,0.0
618.3859304586949,41.0,0.0
618.4047803384254,40.0,0.0
618.4133565215378,39.0,0.0
618.415477281196,40.0,0.0
618.4236586643916,39.0,0.0
618.4301992992033,38.0,0.0
618.4375640116243,37.0,0.0
618.4402774047547,36.0,0.0
618.4438301634159,35.0,0.0
618.4461664211607,36.0,0.0
618.4545684089941,35.0,0.0
618.4565363735672,36.0,0.0
618.4605046700334,35.0,0.0
618.4702824205989,36.0,0.0
618.4726357312572,37.0,0.0
618.5042937829348,36.0,0.0
618.513898263371,35.0,0.0
618.5225262440289,36.0,0.0
618.5271572526915,35.0,0.0
618.5325696300913,36.0,0.0
618.5344986020943,35.0,0.0
618.5429513345487,34.0,0.0
618.5454281055534,35.0,0.0
618.5473481735046,34.0,0.0
618.5750265176868,33.0,0.0
618.5840390196291,34.0,0.0
618.6012660507571,35.0,0.0
618.6198659559037,34.0,0.0
618.6342034605874,33.0,0.0
618.6364511467925,32.0,0.0
618.638275560278,31.0,0.0
618.6513347678036,32.0,0.0
618.6809363432748,33.0,0.0
618.6943341528263,32.0,0.0
618.704191078516,33.0,0.0
618.7079519376973,32.0,0.0
618.709886326827,31.0,0.0
618.7234273980837,30.0,0.0
618.7324801062679,31.0,0.0
618.7492104917826,30.0,0.0
618.7533330870529,31.0,0.0
618.7583425693919,30.0,0.0
618.7615792707854,29.0,0.0
618.7729991992368,30.0,0.0
618.775885064308,29.0,0.0
618.798195373766,28.0,0.0
618.8002165425395,27.0,0.0
618.8045706604893,28.0,0.0
618.8114500838044,29.0,0.0
618.8115066336732,30.0,0.0
618.8220668733558,29.0,0.0
618.8248285777001,30.0,0.0
618.8349344355812,29.0,0.0
618.8401365282355,30.0,0.0
618.8461094160555,29.0,0.0
618.8566419387583,28.0,0.0
618.8575786757754,29.0,0.0
618.8610800599413,28.0,0.0
618.8741865024409,27.0,0.0
618.8772324329568,26.0,0.0
618.8858311615408,27.0,0.0
618.8978872922281,26.0,0.0
618.897905674523,25.0,0.0
618.8998096357831,24.0,0.0
618.9097769943266,23.0,0.0
618.9144970357071,24.0,0.0
618.9410319692126,25.0,0.0
618.9421396409357,26.0,0.0
618.9454225118187,25.0,0.0
618.94602465573,24.0,0.0
618.9482405699249,23.0,0.0
618.9545908755241,22.0,0.0
618.9654198094619,21.0,0.0
618.969775826846,20.0,0.0
618.9730473651782,21.0,0.0
618.9752883136196,20.0,0.0
618.9789053374798,19.0,0.0
618.9961100491379,20.0,0.0
618.9980400700454,19.0,0.0
618.9995855410203,20.0,0.0
619.0098362842858,19.0,0.0
619.0175347222809,20.0,0.0
619.0180449707547,19.0,0.0
619.0263533918179,18.0,0.0
619.0336557521355,19.0,0.0
619.0361263405863,18.0,0.0
619.0413127566558,17.0,0.0
619.0458460776144,18.0,0.0
619.0604855517805,17.0,0.0
619.0697516235012,16.0,0.0
619.0804329758175,15.0,0.0
619.0879937633168,14.0,0.0
619.0924275598916,15.0,0.0
619.0935479302426,14.0,0.0
619.095210635918,15.0,0.0
619.1061018326718,14.0,0.0
619.1164955713174,13.0,0.0
619.116727987197,12.0,0.0
619.1229594095058,13.0,0.0
619.1642587020151,14.0,0.0
619.1668520403476,13.0,0.0
619.1672470726788,12.0,0.0
619.1762214094447,11.0,0.0
619.179847381799,10.0,0.0
619.182681024699,9.0,0.0
619.2191975754387,8.0,0.0
619.2222627403678,7.0,0.0
619.2316987429438,8.0,0.0
619.2816397056775,9.0,0.0
619.2841369810687,8.0,0.0
619.3013149254667,9.0,0.0
619.3288954870598,10.0,0.0
619.3347903777683,11.0,0.0
619.34671523366,10.0,0.0
619.35025302176,9.0,0.0
619.3573210287883,10.0,0.0
619.3584383623225,9.0,0.0
619.3627314761483,8.0,0.0
619.3823994564962,7.0,0.0
619.3899518269849,6.0,0.0
619.3999155447945,5.0,0.0
619.4213937343123,4.0,0.0
619.4354217732023,3.0,0.0
619.4649436170383,2.0,0.0
619.4714111643011,1.0,0.0
619.4797410831341,0.0,0.0
619.519617014833,1.0,0.0
619.542476569124,0.0,0.0
619.5890280877232,1.0,0.0
619.5948891285269,2.0,0.0
619.61161992289,1.0,0.0
619.6361756686572,2.0,0.0
619.6479850434511,1.0,0.0
619.6485954388442,0.0,0.0
619.6746259638227,1.0,0.0
619.699846343405,2.0,0.0
619.708058850082,1.0,0.0
619.7512289482422,0.0,0.0
619.7754075139253,1.0,0.0
619.8055434331088,2.0,0.0
619.806639986581,1.0,0.0
619.8069811744934,0.0,0.0
619.8864570993727,1.0,0.0
619.9441920386986,2.0,0.0
619.9483729958343,3.0,0.0
619.9487725915023,2.0,0.0
619.9550215479178,3.0,0.0
619.9715366703222,2.0,0.0
619.9762407175072,3.0,0.0
619.9763233822182,2.0,0.0
619.9815963112819,3.0,0.0
619.989620610498,2.0,0.0
619.9905553780553,1.0,0.0
619.9930842604878,2.0,0.0
620.0130584545738,1.0,0.0
620.0523086063322,2.0,0.0
620.0677015148417,1.0,0.0
620.1203644193095,0.0,0.0
620.1527801658572,1.0,0.0
620.1531974143898,0.0,0.0
620.2528637433703,1.0,0.0
620.2588137519142,0.0,0.0
620.2889116077099,1.0,0.0
620.3047733628514,0.0,0.0
620.3132746649541,1.0,0.0
620.3184155751966,0.0,0.0
620.3455022757768,1.0,0.0
620.3507272202951,0.0,0.0
620.4034105296217,1.0,0.0
620.4079857066816,0.0,0.0
620.4279640097674,1.0,0.0
620.4501290926784,2.0,0.0
620.4527129991407,1.0,0.0
620.4620743439394,0.0,0.0
620.4706831035425,1.0,0.0
620.4765213852461,2.0,0.0
620.4795811189582,3.0,0.0
620.4833925072778,4.0,0.0
620.5081437607366,3.0,0.0
620.5106003629536,4.0,0.0
620.5183135767713,5.0,0.0
620.5315154250419,4.0,0.0
620.5395370589272,5.0,0.0
620.5573197426751,6.0,0.0
620.5583581475931,7.0,0.0
620.5661649891136,6.0,0.0
620.5664860896059,5.0,0.0
620.5684281120651,4.0,0.0
620.5771429705799,3.0,0.0
620.5873189955295,4.0,0.0
620.5922093084071,3.0,0.0
620.60558774756,2.0,0.0
620.6079995268673,1.0,0.0
620.6575394181984,0.0,0.0
620.6658504221921,1.0,0.0
620.6699699737801,0.0,0.0
620.7193300422066,1.0,0.0
620.734184793909,2.0,0.0
620.7399210850366,3.0,0.0
620.7488958919487,2.0,0.0
620.7740215476239,1.0,0.0
620.7878572277165,0.0,0.0
620.8253923192211,1.0,0.0
620.8378164809652,2.0,0.0
620.8411852215969,1.0,0.0
620.8618289012056,0.0,0.0
620.897132491919,1.0,0.0
620.9009418852876,0.0,0.0
620.9352731797984,1.0,0.0
620.9527028245449,0.0,0.0
620.962360076093,1.0,0.0
620.9644207380289,2.0,0.0
620.9663048202142,1.0,0.0
620.9802506730791,0.0,0.0
621.0356194151224,1.0,0.0
621.0397338969066,0.0,0.0
621.049808177686,1.0,0.0
621.0587092285627,0.0,0.0
621.0835329571602,1.0,0.0
621.0992339892373,2.0,0.0
621.1077347736349,3.0,0.0
621.1318790870429,4.0,0.0
621.160565019065,3.0,0.0
621.1660257649274,2.0,0.0
621.170766476201,3.0,0.0
621.1897428775092,4.0,0.0
621.1959107984986,5.0,0.0
621.2056693398414,4.0,0.0
621.2081882647267,3.0,0.0
621.2212430897728,4.0,0.0
621.2215734696756,3.0,0.0
621.2316686559768,4.0,0.0
621.2317550327846,3.0,0.0
621.2425625340127,4.0,0.0
621.2614044256482,5.0,0.0
621.2898233670522,4.0,0.0
621.2955602825906,5.0,0.0
621.3185409253571,4.0,0.0
621.3206825990692,3.0,0.0
621.324097367774,2.0,0.0
621.3430134668735,1.0,0.0
621.3464737666085,0.0,0.0
621.362060082881,1.0,0.0
621.3923198566814,0.0,0.0
621.3978589720598,1.0,0.0
621.4122177185461,0.0,0.0
621.4474853961403,1.0,0.0
621.471168057593,0.0,0.0
621.5086438118672,1.0,0.0
621.5238999541388,0.0,0.0
621.5278903079595,1.0,0.0
621.5294082670732,2.0,0.0
621.5343339347056,3.0,0.0
621.5517731299819,2.0,0.0
621.5842568865944,1.0,0.0
621.5855778075573,2.0,0.0
621.601752289966,1.0,0.0
621.6189270151389,2.0,0.0
621.624536082535,1.0,0.0
621.6615071773915,2.0,0.0
621.6807217474307,1.0,0.0
621.6970462361348,0.0,0.0
621.6980030030172,1.0,0.0
621.712776320865,0.0,0.0
621.7199365256847,1.0,0.0
621.7210609836508,0.0,0.0
621.8189372190874,1.0,0.0
621.8276209499651,2.0,0.0
621.8422965329545,1.0,0.0
621.8439492940021,2.0,0.0
621.8530021157824,1.0,0.0
621.8551213203327,0.0,0.0
621.8939887576015,1.0,0.0
621.8951363056169,0.0,0.0
622.0369094354461,1.0,0.0
622.0482681176311,2.0,0.0
622.0529161344027,3.0,0.0
622.0715329869128,4.0,0.0
622.078818448035,5.0,0.0
622.0843259888192,4.0,0.0
622.0969561214906,3.0,0.0
622.101005873199,2.0,0.0
622.111938502168,3.0,0.0
622.1138203210437,2.0,0.0
622.1240144668369,1.0,0.0
622.12891891278,2.0,0.0
622.1379878313078,1.0,0.0
622.156857886756,0.0,0.0
622.18006811294,1.0,0.0
622.2163847599131,0.0,0.0
622.2188267373657,1.0,0.0
622.2368732291185,2.0,0.0
622.247412225895,3.0,0.0
622.2518936720844,2.0,0.0
622.2726112567183,1.0,0.0
622.3089677083431,2.0,0.0
622.313710806331,3.0,0.0
622.3307334396484,2.0,0.0
622.3364708643314,1.0,0.0
622.3380393972386,0.0,0.0
622.4479636135816,1.0,0.0
622.4529851145699,2.0,0.0
622.4580738255353,3.0,0.0
622.4626346088836,2.0,0.0
622.4723606959781,1.0,0.0
622.4882181212505,0.0,0.0
622.5049339333938,1.0,0.0
622.5084348795073,0.0,0.0
622.5090300484596,1.0,0.0
622.5116165605475,0.0,0.0
622.5255965087084,1.0,0.0
622.5424456693058,2.0,0.0
622.5441632259533,3.0,0.0
622.5446097509566,4.0,0.0
622.554705191907,3.0,0.0
622.5563871551723,4.0,0.0
622.5736943025934,3.0,0.0
622.593842289906,4.0,0.0
622.6148715205497,5.0,0.0
622.6299465372022,4.0,0.0
622.6379676229599,5.0,0.0
622.6540671724489,4.0,0.0
622.6645198507083,3.0,0.0
622.6673326367404,2.0,0.0
622.6681146652088,1.0,0.0
622.6860691043669,0.0,0.0
622.6891928500138,1.0,0.0
622.7051731571567,2.0,0.0
622.7104272664562,1.0,0.0
622.7235842909818,0.0,0.0
622.8067385680223,1.0,0.0
622.8149441941414,0.0,0.0
622.8212922352293,1.0,0.0
622.8255341057921,0.0,0.0
622.8299718564094,1.0,0.0
622.8428039094084,0.0,0.0
622.8611726033279,1.0,0.0
622.8742771381862,2.0,0.0
622.8830459479258,1.0,0.0
622.8950971030188,0.0,0.0
622.9561587282165,1.0,0.0
622.9739946936786,0.0,0.0
623.0431159348011,1.0,0.0
623.0436096801803,2.0,0.0
623.0444146702318,1.0,0.0
623.0503137572557,0.0,0.0
623.0801346268805,1.0,0.0
623.0984841903623,0.0,0.0
623.1007696558555,1.0,0.0
623.1031125697549,0.0,0.0
623.1207819005671,1.0,0.0
623.1279406259713,0.0,0.0
623.1377252936873,1.0,0.0
623.1387746970255,0.0,0.0
623.1532997200414,1.0,0.0
623.1611214746972,2.0,0.0
623.1726649515375,3.0,0.0
623.1822598801514,4.0,0.0
623.1827911889004,3.0,0.0
623.1880787132777,4.0,0.0
623.1944543253012,5.0,0.0
623.1960642069142,6.0,0.0
623.2025901530334,5.0,0.0
623.2278395064134,4.0,0.0
623.2560278999124,5.0,0.0
623.261155311624,6.0,0.0
623.2660560492463,5.0,0.0
623.2946641207357,4.0,0.0
623.2972663951231,3.0,0.0
623.302927235615,4.0,0.0
623.3096171534119,3.0,0.0
623.3202800282565,4.0,0.0
623.3238889437309,5.0,0.0
623.330350448456,4.0,0.0
623.339820274339,3.0,0.0
623.3423440792486,2.0,0.0
623.3427680125308,3.0,0.0
623.343657735934,2.0,0.0
623.3607387338271,3.0,0.0
623.375146877227,4.0,0.0
623.3947797277256,3.0,0.0
623.4054613791233,2.0,0.0
623.4132926842054,3.0,0.0
623.4149646142071,4.0,0.0
623.4296026476134,3.0,0.0
623.4365714380972,2.0,0.0
623.4503991386392,1.0,0.0
623.4887206196549,2.0,0.0
623.5135896908776,3.0,0.0
623.5196442579864,2.0,0.0
623.5270854377246,3.0,0.0
623.5348657655935,2.0,0.0
623.5377626771071,1.0,0.0
623.5384531401068,2.0,0.0
623.5452203457785,1.0,0.0
623.5581797472219,2.0,0.0
623.558356739872,1.0,0.0
623.5687349331662,2.0,0.0
623.5695319100757,1.0,0.0
623.5854260983684,2.0,0.0
623.6252078753737,3.0,0.0
623.6282958854861,4.0,0.0
623.6287073585943,3.0,0.0
623.6476175275831,2.0,0.0
623.648229704442,1.0,0.0
623.6693294948765,2.0,0.0
623.6730932100184,3.0,0.0
623.6899478666028,2.0,0.0
623.6953659343379,3.0,0.0
623.7047627992371,2.0,0.0
623.7154823330527,3.0,0.0
623.7217045322499,2.0,0.0
623.7285975567712,1.0,0.0
623.7342759941258,2.0,0.0
623.7387267409671,3.0,0.0
623.7499203487266,2.0,0.0
623.7624590930591,1.0,0.0
623.7927881750672,2.0,0.0
623.795856204075,1.0,0.0
623.7976808389623,2.0,0.0
623.803475707356,1.0,0.0
623.8153871595582,2.0,0.0
623.817559550507,1.0,0.0
623.8322484444163,2.0,0.0
623.8418290804478,3.0,0.0
623.851353745173,2.0,0.0
623.8620083284767,3.0,0.0
623.8635651880114,4.0,0.0
623.8636898202623,5.0,0.0
623.8723039984153,4.0,0.0
623.874747658035,5.0,0.0
623.8842712005325,4.0,0.0
623.9107406569799,3.0,0.0
623.9137273973332,4.0,0.0
623.9168830625443,5.0,0.0
623.9179149574203,4.0,0.0
623.9211304771917,3.0,0.0
623.9335287122335,2.0,0.0
623.933669076412,1.0,0.0
623.9474343100206,0.0,0.0
623.9684109688443,1.0,0.0
623.9809552973841,2.0,0.0
624.0062853602009,3.0,0.0
624.00900107343,4.0,0.0
624.0238788199376,3.0,0.0
624.0294427174671,2.0,0.0
624.0298720024858,3.0,0.0
624.0396485477631,4.0,0.0
624.0429073217659,5.0,0.0
624.0432097273682,6.0,0.0
624.0445959658597,7.0,0.0
624.057182720053,6.0,0.0
624.0589449974401,5.0,0.0
624.0692504099886,6.0,0.0
624.0963955692948,5.0,0.0
624.0972288873971,6.0,0.0
624.0992977426438,7.0,0.0
624.1005413638101,8.0,0.0
624.1006281982334,7.0,0.0
624.1094769351457,6.0,0.0
624.1164839829311,7.0,0.0
624.1282060028065,6.0,0.0
624.1397299112156,5.0,0.0
624.1410850142712,6.0,0.0
624.1528485707724,5.0,0.0
624.1558152397884,4.0,0.0
624.1597391340159,5.0,0.0
624.1668938779724,6.0,0.0
624.170433278925,7.0,0.0
624.1731632022327,8.0,0.0
624.1818593459135,7.0,0.0
624.1838257767968,6.0,0.0
624.1957607680076,5.0,0.0
624.1981938017072,6.0,0.0
624.1989850647112,5.0,0.0
624.1996714929361,4.0,0.0
624.2025946953559,3.0,0.0
624.2195058429005,2.0,0.0
624.2198187546275,3.0,0.0
624.221596358708,2.0,0.0
624.221625619595,1.0,0.0
624.2306880115318,0.0,0.0
624.2391445447738,1.0,0.0
624.2463798191355,0.0,0.0
624.2704568178169,1.0,0.0
624.2708005840992,2.0,0.0
624.2890233947228,1.0,0.0
624.2895506715405,0.0,0.0
624.3014637893153,1.0,0.0
624.3159238362005,2.0,0.0
624.3236652736093,3.0,0.0
624.3252056385546,4.0,0.0
624.357918473666,5.0,0.0
624.3580399790325,4.0,0.0
624.3594289946399,3.0,0.0
624.3645094847055,4.0,0.0
624.3645927660327,5.0,0.0
624.372791775305,4.0,0.0
624.3736906703216,5.0,0.0
624.3753543800943,4.0,0.0
624.3823202558166,3.0,0.0
624.3869675896093,4.0,0.0
624.4113470334231,5.0,0.0
624.4188844854291,4.0,0.0
624.4268986952363,5.0,0.0
624.4271824661002,6.0,0.0
624.429543740665,7.0,0.0
624.4340643820644,8.0,0.0
624.4377708960853,7.0,0.0
624.4440193520401,6.0,0.0
624.4500321791677,7.0,0.0
624.4537253558236,6.0,0.0
624.4650432651456,7.0,0.0
624.47034585311,8.0,0.0
624.47629723236,7.0,0.0
624.4764399465042,8.0,0.0
624.4773948711106,9.0,0.0
624.4843687142104,8.0,0.0
624.4854703014237,9.0,0.0
624.4856720204835,8.0,0.0
624.5034567137127,9.0,0.0
624.5087985234862,10.0,0.0
624.5179076037315,11.0,0.0
624.5197629718095,10.0,0.0
624.5346760664496,11.0,0.0
624.5443673468391,10.0,0.0
624.5572070055983,11.0,0.0
624.5611136991898,10.0,0.0
624.57026662036,9.0,0.0
624.5731183001017,8.0,0.0
624.5889075125049,7.0,0.0
624.594069039831,8.0,0.0
624.6039520578454,9.0,0.0
624.6190395625972,8.0,0.0
624.6298061437428,9.0,0.0
624.6498884441489,10.0,0.0
624.6660668880693,11.0,0.0
624.6665429601517,12.0,0.0
624.6716575705516,11.0,0.0
624.6793688185777,10.0,0.0
624.680434605307,11.0,0.0
624.6836432926667,10.0,0.0
624.6857365945998,11.0,0.0
624.6921569962497,10.0,0.0
624.6928059217921,11.0,0.0
624.6998132795594,10.0,0.0
624.7008215189511,9.0,0.0
624.7030079687522,10.0,0.0
624.7411209814461,11.0,0.0
624.7509682288647,12.0,0.0
624.7559489264775,11.0,0.0
624.7608107310648,10.0,0.0
624.7620121367288,11.0,0.0
624.7624358452338,10.0,0.0
624.7669850735781,9.0,0.0
624.7756030461211,10.0,0.0
624.7807727250032,9.0,0.0
624.7821050741237,10.0,0.0
624.7854580933921,11.0,0.0
624.789872305947,12.0,0.0
624.8090713422831,13.0,0.0
624.812192897469,14.0,0.0
624.8150404585608,13.0,0.0
624.8162750599129,14.0,0.0
624.8215839671763,13.0,0.0
624.8265258429453,12.0,0.0
624.830695680056,11.0,0.0
624.8310465585112,10.0,0.0
624.8381494621817,11.0,0.0
624.8432944870317,12.0,0.0
624.8505844027403,13.0,0.0
624.853641954891,12.0,0.0
624.8600779036751,13.0,0.0
624.8620703672233,14.0,0.0
624.8627385684327,15.0,0.0
624.8649678487606,16.0,0.0
624.8742104658098,17.0,0.0
624.8743622303193,18.0,0.0
624.8764775008357,17.0,0.0
624.8790805577788,16.0,0.0
624.8825455502176,15.0,0.0
624.8866984754194,16.0,0.0
624.8892889398272,15.0,0.0
624.890397609935,14.0,0.0
624.8944774734721,15.0,0.0
624.898265148104,16.0,0.0
624.9086621566718,17.0,0.0
624.9118987789035,18.0,0.0
624.941202576393,17.0,0.0
624.9429940671035,18.0,0.0
624.9459667885859,17.0,0.0
624.946887809293,16.0,0.0
624.9537941369922,17.0,0.0
624.9622099917353,16.0,0.0
624.9637542853961,15.0,0.0
624.9752927959444,14.0,0.0
624.9769044129845,15.0,0.0
624.9802371743112,16.0,0.0
624.9847736117458,17.0,0.0
624.9921667971817,16.0,0.0
624.9997002546725,17.0,0.0
625.0001294846857,18.0,0.0
625.0063960598509,19.0,0.0
625.0105105892742,20.0,0.0
625.012144686562,19.0,0.0
625.0141977443682,20.0,0.0
625.0207529992164,21.0,0.0
625.0224716297785,20.0,0.0
625.023159502456,21.0,0.0
625.0266919928451,20.0,0.0
625.0339919582223,19.0,0.0
625.0346505247703,18.0,0.0
625.0403551961975,19.0,0.0
625.0442300840966,20.0,0.0
625.04896810574,19.0,0.0
625.057570345787,20.0,0.0
625.0595570481909,19.0,0.0
625.0671284288571,18.0,0.0
625.067867414069,19.0,0.0
625.0755314668705,20.0,0.0
625.0785171827356,19.0,0.0
625.0823069831583,18.0,0.0
625.0973045955983,17.0,0.0
625.0974636672348,16.0,0.0
625.1015832088323,17.0,0.0
625.1022569142381,18.0,0.0
625.1051618568656,17.0,0.0
625.1052714363032,16.0,0.0
625.1145075894935,15.0,0.0
625.1188852271821,14.0,0.0
625.1191293371514,15.0,0.0
625.1277424552247,16.0,0.0
625.1315803168673,17.0,0.0
625.1384319454255,16.0,0.0
625.1419545117586,15.0,0.0
625.1455014759277,16.0,0.0
625.1475072762759,15.0,0.0
625.1510661173274,14.0,0.0
625.160563775886,13.0,0.0
625.1622972604748,14.0,0.0
625.175503161968,13.0,0.0
625.1823627991374,12.0,0.0
625.1868833901387,11.0,0.0
625.1945536060632,10.0,0.0
625.1980892701156,9.0,0.0
625.2033718091708,8.0,0.0
625.2058003469964,9.0,0.0
625.2093661350777,8.0,0.0
625.2105790481,7.0,0.0
625.2258690252013,8.0,0.0
625.2276875508359,7.0,0.0
625.2287979348038,6.0,0.0
625.2340379731429,7.0,0.0
625.2359681022913,8.0,0.0
625.2387888651316,9.0,0.0
625.2402593673711,10.0,0.0
625.2458348013427,11.0,0.0
625.2484331988808,12.0,0.0
625.2530534029654,13.0,0.0
625.2534081532486,14.0,0.0
625.2563072179513,15.0,0.0
625.2576932966164,16.0,0.0
625.2638469905452,15.0,0.0
625.2694778779063,16.0,0.0
625.2702057945969,15.0,0.0
625.2871863232002,14.0,0.0
625.2934383053852,13.0,0.0
625.2944328215909,12.0,0.0
625.3041695392791,13.0,0.0
625.3045032129605,14.0,0.0
625.3090023922366,13.0,0.0
625.3116069162646,14.0,0.0
625.3223004996316,15.0,0.0
625.3295922435797,16.0,0.0
625.3482361852858,15.0,0.0
625.3488886123993,16.0,0.0
625.3518702770804,17.0,0.0
625.3587776125564,18.0,0.0
625.3708876043418,17.0,0.0
625.3719512326338,18.0,0.0
625.3903466217917,17.0,0.0
625.4021021962409,18.0,0.0
625.4032974241798,17.0,0.0
625.4066957876929,16.0,0.0
625.4082582182705,15.0,0.0
625.4148746557348,16.0,0.0
625.4160739190058,15.0,0.0
625.4448591080319,16.0,0.0
625.476275057359,17.0,0.0
625.4823956349417,18.0,0.0
625.482516112848,19.0,0.0
625.4852017281044,18.0,0.0
625.4914673668462,19.0,0.0
625.5030899084926,20.0,0.0
625.5055547005907,21.0,0.0
625.5073162236994,22.0,0.0
625.5149057187408,21.0,0.0
625.5185911238387,22.0,0.0
625.5201462737442,21.0,0.0
625.5226468353587,22.0,0.0
625.5234324224383,21.0,0.0
625.5250265272368,22.0,0.0
625.5286397734741,21.0,0.0
625.5342174415741,22.0,0.0
625.5422014052758,21.0,0.0
625.5445314447404,20.0,0.0
625.5467197379811,19.0,0.0
625.5492761767644,18.0,0.0
625.554106243088,17.0,0.0
625.5549637701919,18.0,0.0
625.5599741646382,17.0,0.0
625.5614035589433,18.0,0.0
625.5627572729419,17.0,0.0
625.5728089171898,16.0,0.0
625.5738850082047,15.0,0.0
625.5817131712189,16.0,0.0
625.5904856964453,17.0,0.0
625.6010213340984,18.0,0.0
625.6121174783885,17.0,0.0
625.619891698467,18.0,0.0
625.6245431195309,17.0,0.0
625.6343443895045,18.0,0.0
625.6382308940754,19.0,0.0
625.6459104622688,18.0,0.0
625.647863494094,19.0,0.0
625.6490856117549,18.0,0.0
625.6513274877764,19.0,0.0
625.6553852105125,20.0,0.0
625.6580780910142,21.0,0.0
625.6626658915884,20.0,0.0
625.6632144321509,21.0,0.0
625.6640655534252,20.0,0.0
625.6691030946434,21.0,0.0
625.6856845369265,20.0,0.0
625.6859691841788,21.0,0.0
625.6873325345064,20.0,0.0
625.6880144892099,19.0,0.0
625.6914722950951,18.0,0.0
625.6946124164301,17.0,0.0
625.6948101963526,18.0,0.0
625.695221853628,17.0,0.0
625.6959950093863,18.0,0.0
625.6982285008081,17.0,0.0
625.7038583228106,18.0,0.0
625.7229837663351,17.0,0.0
625.7291110548516,16.0,0.0
625.7299683646498,17.0,0.0
625.7333889902231,18.0,0.0
625.7481714696593,17.0,0.0
625.7563433942238,18.0,0.0
625.7660586801217,17.0,0.0
625.7683962649999,18.0,0.0
625.7826092997423,19.0,0.0
625.8040527961687,18.0,0.0
625.8170752321595,19.0,0.0
625.8302983890609,20.0,0.0
625.842251660808,21.0,0.0
625.8463647778611,22.0,0.0
625.8501284448191,23.0,0.0
625.852180345329,22.0,0.0
625.8562582058794,23.0,0.0
625.8595431508982,22.0,0.0
625.8660674931848,23.0,0.0
625.8737845680839,22.0,0.0
625.8834200767739,23.0,0.0
625.8836557887076,22.0,0.0
625.8852642069943,21.0,0.0
625.8902322155776,20.0,0.0
625.8922049744997,19.0,0.0
625.9003779132805,18.0,0.0
625.9112538443461,17.0,0.0
625.9120110046928,18.0,0.0
625.9294438867131,19.0,0.0
625.9311922884193,20.0,0.0
625.9428342452311,19.0,0.0
625.9566984405467,20.0,0.0
625.9570336983851,19.0,0.0
625.9581195491747,20.0,0.0
625.9645923459427,19.0,0.0
625.968283208941,18.0,0.0
625.9685150732488,19.0,0.0
625.9688283432871,18.0,0.0
625.9735524550138,19.0,0.0
625.974829877838,18.0,0.0
625.9818617411469,19.0,0.0
625.9824677196422,20.0,0.0
625.9881396028999,19.0,0.0
626.0198615105272,20.0,0.0
626.0283389052062,19.0,0.0
626.0283419348318,18.0,0.0
626.0334542645701,17.0,0.0
626.0369112571638,16.0,0.0
626.0418162560467,15.0,0.0
626.0435114889716,14.0,0.0
626.0436072949702,15.0,0.0
626.0451703881758,16.0,0.0
626.0473235475927,15.0,0.0
626.0476326190707,14.0,0.0
626.0494841222077,15.0,0.0
626.060844414455,14.0,0.0
626.07019505985,15.0,0.0
626.0717826771993,16.0,0.0
626.0721172020245,15.0,0.0
626.0724706544491,14.0,0.0
626.0739682542909,13.0,0.0
626.0763838123501,14.0,0.0
626.0795679913655,13.0,0.0
626.0800718919985,14.0,0.0
626.0817306105153,15.0,0.0
626.0900750186454,14.0,0.0
626.094051346678,15.0,0.0
626.099197162211,16.0,0.0
626.1050657859645,15.0,0.0
626.1127810546329,14.0,0.0
626.114063161835,15.0,0.0
626.121693774487,16.0,0.0
626.1246138291992,17.0,0.0
626.131228060035,16.0,0.0
626.1314464059976,17.0,0.0
626.1419317113584,18.0,0.0
626.1459102380104,19.0,0.0
626.1482422698068,18.0,0.0
626.1522387737291,17.0,0.0
626.157337217424,16.0,0.0
626.1608781911384,15.0,0.0
626.1928541304552,14.0,0.0
626.208638651529,15.0,0.0
626.2096798906962,14.0,0.0
626.2097030931436,15.0,0.0
626.2132411780992,14.0,0.0
626.2168574833769,15.0,0.0
626.2178815494003,16.0,0.0
626.2224928600228,17.0,0.0
626.2288509037171,16.0,0.0
626.2322185042678,17.0,0.0
626.2423394334456,18.0,0.0
626.2444815097106,17.0,0.0
626.2492997769116,18.0,0.0
626.256003144657,17.0,0.0
626.2582032831467,18.0,0.0
626.2682912083251,17.0,0.0
626.2726453334586,18.0,0.0
626.2815707128921,19.0,0.0
626.2872711962252,20.0,0.0
626.2925239062688,21.0,0.0
626.2944494009845,22.0,0.0
626.2962148560363,21.0,0.0
626.2987385984585,20.0,0.0
626.3007092959119,21.0,0.0
626.305447503576,20.0,0.0
626.3079880212024,19.0,0.0
626.311615012268,20.0,0.0
626.3134104493761,19.0,0.0
626.3164681007994,18.0,0.0
626.3275332284647,19.0,0.0
626.3320083577729,20.0,0.0
626.3390496474844,21.0,0.0
626.3399489825589,22.0,0.0
626.352345369272,21.0,0.0
626.3542593226066,20.0,0.0
626.3622681517825,21.0,0.0
626.3640334819015,22.0,0.0
626.3672184713566,23.0,0.0
626.372263311145,24.0,0.0
626.373803122958,23.0,0.0
626.3811554627783,22.0,0.0
626.386816569101,23.0,0.0
626.3878763813952,24.0,0.0
626.3900655389366,25.0,0.0
626.3948156520814,24.0,0.0
626.39978638513,23.0,0.0
626.4071307503716,24.0,0.0
626.407427401873,23.0,0.0
626.4111790134607,22.0,0.0
626.4132921703875,23.0,0.0
626.4146702261222,24.0,0.0
626.4165962143583,23.0,0.0
626.419906558292,24.0,0.0
626.4223929711459,25.0,0.0
626.4229879666353,26.0,0.0
626.4259486383592,27.0,0.0
626.4260959667334,26.0,0.0
626.4261608405812,27.0,0.0
626.4298363572066,28.0,0.0
626.4437428357987,27.0,0.0
626.4481669687556,26.0,0.0
626.4628269197523,27.0,0.0
626.4732417616838,28.0,0.0
626.4750578132158,27.0,0.0
626.4787003568397,26.0,0.0
626.4829389203869,25.0,0.0
626.4966663190482,26.0,0.0
626.5029616751973,27.0,0.0
626.5083078936825,28.0,0.0
626.5252127846666,27.0,0.0
626.5292616898691,28.0,0.0
626.5334895799674,29.0,0.0
626.5422464900624,28.0,0.0
626.5469999517672,27.0,0.0
626.5633023121052,28.0,0.0
626.5658313595502,29.0,0.0
626.5659027293086,30.0,0.0
626.5727017952258,29.0,0.0
626.5808452145686,28.0,0.0
626.5813163812433,27.0,0.0
626.5815811901564,28.0,0.0
626.58248303581,27.0,0.0
626.5850286524899,28.0,0.0
626.5989627975644,29.0,0.0
626.5998038525055,30.0,0.0
626.6031302344211,31.0,0.0
626.6051400408965,30.0,0.0
626.6106707114168,31.0,0.0
626.6170647116987,32.0,0.0
626.6183576129388,33.0,0.0
626.6261548811138,32.0,0.0
626.627189462542,31.0,0.0
626.6305338003388,32.0,0.0
626.6364350131936,31.0,0.0
626.6396130475667,30.0,0.0
626.6429437201674,29.0,0.0
626.6460579679997,30.0,0.0
626.6563995661089,29.0,0.0
626.6599052883854,30.0,0.0
626.6641437005861,29.0,0.0
626.6679098368431,30.0,0.0
626.6705293638943,29.0,0.0
626.672611124221,30.0,0.0
626.6902901980033,31.0,0.0
626.6935575867271,32.0,0.0
626.694909300544,31.0,0.0
626.6995664427626,32.0,0.0
626.7065729904341,33.0,0.0
626.7231184047246,34.0,0.0
626.7351531753221,35.0,0.0
626.7371651701014,36.0,0.0
626.7373206422318,35.0,0.0
626.7381506829114,36.0,0.0
626.7571015150871,37.0,0.0
626.775873109749,36.0,0.0
626.7763495834067,37.0,0.0
626.7768538987602,36.0,0.0
626.7826815700669,35.0,0.0
626.7846844869104,36.0,0.0
626.7928295377875,37.0,0.0
626.7952023390692,38.0,0.0
626.8033934732854,39.0,0.0
626.8047214767313,40.0,0.0
626.8095748857787,41.0,0.0
626.8105547909071,42.0,0.0
626.8187041409694,43.0,0.0
626.8270774515657,42.0,0.0
626.8291826628216,41.0,0.0
626.829428140229,42.0,0.0
626.8313619861082,41.0,0.0
626.8451920751522,42.0,0.0
626.8495634200948,41.0,0.0
626.8528526915544,42.0,0.0
626.8532916894295,43.0,0.0
626.8583371390882,44.0,0.0
626.8646266896325,43.0,0.0
626.8669715346093,42.0,0.0
626.867228520055,43.0,0.0
626.8738285396958,44.0,0.0
626.8915468402944,43.0,0.0
626.8923682783511,44.0,0.0
626.8960493344282,45.0,0.0
626.8975628099515,44.0,0.0
626.8997722149087,45.0,0.0
626.9000296900499,46.0,0.0
626.9182075104675,47.0,0.0
626.9208252475235,48.0,0.0
626.930238020167,47.0,0.0
626.9338860079808,48.0,0.0
626.9352676800142,49.0,0.0
626.9365237125226,48.0,0.0
626.9439174069754,49.0,0.0
626.9457923336246,48.0,0.0
626.9486265547956,49.0,0.0
626.9840669552256,50.0,0.0
626.9891785922609,51.0,0.0
626.991510512583,52.0,0.0
626.9945743014274,53.0,0.0
627.0036551549246,52.0,0.0
627.0101352402688,51.0,0.0
627.0110394280518,50.0,0.0
627.0316673588007,49.0,0.0
627.0348808827825,50.0,0.0
627.0448686156969,51.0,0.0
627.0466895821438,52.0,0.0
627.0469575242909,51.0,0.0
627.0563635932041,52.0,0.0
627.0588713435164,51.0,0.0
627.0609779504017,50.0,0.0
627.0663990947264,51.0,0.0
627.0708025535828,50.0,0.0
627.0765399766957,51.0,0.0
627.0828520325011,52.0,0.0
627.0869617017137,51.0,0.0
627.0912260969901,52.0,0.0
627.0959731219191,51.0,0.0
627.096740392446,50.0,0.0
627.1120348846787,49.0,0.0
627.1262963632828,50.0,0.0
627.1287862547049,51.0,0.0
627.1314508008282,50.0,0.0
627.141439111792,51.0,0.0
627.1490802538716,52.0,0.0
627.1517780867381,51.0,0.0
627.1545840575053,50.0,0.0
627.1560823290988,51.0,0.0
627.156493904059,52.0,0.0
627.1577104674561,53.0,0.0
627.1648936408455,52.0,0.0
627.165538232712,53.0,0.0
627.1788296367748,52.0,0.0
627.1838015707791,53.0,0.0
627.1878625189881,54.0,0.0
627.1969212373975,55.0,0.0
627.1974058324031,54.0,0.0
627.1974726136561,55.0,0.0
627.198095788615,56.0,0.0
627.1982800949282,55.0,0.0
627.2122795090677,54.0,0.0
627.2140732660409,55.0,0.0
627.2157762165473,54.0,0.0
627.2163737151229,53.0,0.0
627.217894139592,54.0,0.0
627.2255861307608,55.0,0.0
627.2320595685442,54.0,0.0
627.2423484578303,55.0,0.0
627.2426217388285,56.0,0.0
627.2448975824148,57.0,0.0
627.246783169876,58.0,0.0
627.2630857757345,57.0,0.0
627.2856617102302,56.0,0.0
627.2896171886911,55.0,0.0
627.2928935715652,56.0,0.0
627.2939641176647,55.0,0.0
627.2956756075484,56.0,0.0
627.2957090080848,55.0,0.0
627.3112681887092,56.0,0.0
627.3168774256353,55.0,0.0
627.3262988434642,56.0,0.0
627.3456825833665,57.0,0.0
627.3459625909596,58.0,0.0
627.346178256101,57.0,0.0
627.3502301755275,56.0,0.0
627.3502946933364,55.0,0.0
627.3507128060969,56.0,0.0
627.3530426260379,57.0,0.0
627.357141975475,58.0,0.0
627.3584716909949,59.0,0.0
627.3592437586015,58.0,0.0
627.3716327133808,59.0,0.0
627.3728706346562,60.0,0.0
627.379930646905,61.0,0.0
627.3804689341769,62.0,0.0
627.3846022261637,63.0,0.0
627.3883964900459,62.0,0.0
627.3921175598388,61.0,0.0
627.3939239408581,62.0,0.0
627.397552800323,61.0,0.0
627.403062257331,60.0,0.0
627.4049945540531,59.0,0.0
627.4101007213076,58.0,0.0
627.4174045398845,57.0,0.0
627.4234401390435,58.0,0.0
627.4287675904269,59.0,0.0
627.4354638922213,60.0,0.0
627.440286231875,59.0,0.0
627.4421470209037,60.0,0.0
627.4447877837104,59.0,0.0
627.4461198509686,60.0,0.0
627.452748146337,61.0,0.0
627.4648732172149,62.0,0.0
627.4668475855777,63.0,0.0
627.4681463032389,64.0,0.0
627.4703731406067,65.0,0.0
627.4804453330496,66.0,0.0
627.4884439102326,65.0,0.0
627.4923498056864,66.0,0.0
627.5057041762035,65.0,0.0
627.5057392580284,66.0,0.0
627.5082797721147,67.0,0.0
627.514312455177,68.0,0.0
627.5166114875598,67.0,0.0
627.5207649259572,66.0,0.0
627.5243197053127,67.0,0.0
627.5297862803699,66.0,0.0
627.5415100577885,67.0,0.0
627.5443201112321,66.0,0.0
627.5498404064114,65.0,0.0
627.5510954121271,64.0,0.0
627.5513785377636,65.0,0.0
627.5551639129127,64.0,0.0
627.5581568197656,65.0,0.0
627.5629776916333,64.0,0.0
627.5634543207547,65.0,0.0
627.564737120005,64.0,0.0
627.5777373138045,65.0,0.0
627.5835111964791,66.0,0.0
627.5846605494012,67.0,0.0
627.5914317865654,68.0,0.0
627.5970177437705,67.0,0.0
627.6028629689015,68.0,0.0
627.6043158076018,67.0,0.0
627.6061804237386,68.0,0.0
627.6119740194258,67.0,0.0
627.6291201876346,68.0,0.0
627.6359738567473,69.0,0.0
627.636126393226,70.0,0.0
627.6485246422418,69.0,0.0
627.6546160464593,70.0,0.0
627.6653400145676,71.0,0.0
627.6658555973535,72.0,0.0
627.6720061843299,73.0,0.0
627.678908242511,72.0,0.0
627.6811641462039,73.0,0.0
627.6855665382997,72.0,0.0
627.6871910649361,73.0,0.0
627.6890819573973,72.0,0.0
627.6899122115269,71.0,0.0
627.690624838919,70.0,0.0
627.693377339071,71.0,0.0
627.6977951021312,70.0,0.0
627.7052021783434,71.0,0.0
627.7112358949091,72.0,0.0
627.7186270441853,73.0,0.0
627.7223990038328,72.0,0.0
627.7248390708681,71.0,0.0
627.7322028912719,70.0,0.0
627.7399226422125,71.0,0.0
627.7412771396874,72.0,0.0
627.7432070180381,71.0,0.0
627.7433624930691,72.0,0.0
627.7440638290826,71.0,0.0
627.7512033002437,70.0,0.0
627.7620398935579,71.0,0.0
627.7624683305163,70.0,0.0
627.7654800926038,71.0,0.0
627.7662992291804,70.0,0.0
627.7765067821733,69.0,0.0
627.7766180136929,70.0,0.0
627.7798832712865,71.0,0.0
627.7817044967724,72.0,0.0
627.7844088249071,71.0,0.0
627.7871498755843,72.0,0.0
627.790302063107,73.0,0.0
627.7916155994942,72.0,0.0
627.8046077389313,71.0,0.0
627.806353462509,70.0,0.0
627.8131550052229,71.0,0.0
627.8151074194885,72.0,0.0
627.8197088575598,71.0,0.0
627.8224585757231,72.0,0.0
627.826311605127,73.0,0.0
627.8319830368918,74.0,0.0
627.8341721686357,75.0,0.0
627.835373024761,74.0,0.0
627.8400295213272,73.0,0.0
627.8404877575808,74.0,0.0
627.8495156665228,73.0,0.0
627.8572168079666,72.0,0.0
627.8594374055969,71.0,0.0
627.8645259257809,72.0,0.0
627.8699168767521,73.0,0.0
627.8704312001535,72.0,0.0
627.871780301666,73.0,0.0
627.8744804303967,72.0,0.0
627.8748251986157,71.0,0.0
627.8758657304857,72.0,0.0
627.8828146370598,73.0,0.0
627.9031969266146,72.0,0.0
627.9044720642314,73.0,0.0
627.9061633677541,72.0,0.0
627.9102994667138,73.0,0.0
627.9108285291957,74.0,0.0
627.9125320381956,75.0,0.0
627.9130347115798,74.0,0.0
627.9181570763012,75.0,0.0
627.9186956843946,76.0,0.0
627.9189616820369,75.0,0.0
627.9251530246265,76.0,0.0
627.9313740943938,77.0,0.0
627.9356158697728,78.0,0.0
627.9404037446026,79.0,0.0
627.9447455569629,80.0,0.0
627.9539817558709,79.0,0.0
627.9589172674301,78.0,0.0
627.960208664768,77.0,0.0
627.9639385499194,78.0,0.0
627.964774874592,77.0,0.0
627.9744615682368,76.0,0.0
627.976459808869,75.0,0.0
627.9857641463459,76.0,0.0
627.989275211852,75.0,0.0
628.0192946440976,74.0,0.0
628.0228044269425,73.0,0.0
628.0277614995351,72.0,0.0
628.0303583469013,73.0,0.0
628.0326015011933,74.0,0.0
628.0328867396285,75.0,0.0
628.0351174778496,74.0,0.0
628.036651512451,73.0,0.0
628.0384488659779,74.0,0.0
628.0391490783467,75.0,0.0
628.0401868596261,74.0,0.0
628.0443599637675,73.0,0.0
628.0582657166422,74.0,0.0
628.0597796461819,75.0,0.0
628.0634027469664,76.0,0.0
628.0719304002793,75.0,0.0
628.0719836864808,76.0,0.0
628.0737715669519,75.0,0.0
628.0899412588203,74.0,0.0
628.0905700832236,73.0,0.0
628.1028289354805,74.0,0.0
628.1048119451842,73.0,0.0
628.1051930251634,72.0,0.0
628.1114884337404,71.0,0.0
628.1145605345786,70.0,0.0
628.1240585322246,71.0,0.0
628.1286649825439,72.0,0.0
628.1289678478363,71.0,0.0
628.1419247482618,72.0,0.0
628.1434941780225,71.0,0.0
628.151401276067,70.0,0.0
628.1534216112583,69.0,0.0
628.1554564541332,70.0,0.0
628.1558098438342,69.0,0.0
628.1575987149374,70.0,0.0
628.1600866238646,71.0,0.0
628.1618123247714,72.0,0.0
628.1690854238345,73.0,0.0
628.1713640450122,74.0,0.0
628.1715378598967,73.0,0.0
628.1723377251026,74.0,0.0
628.179752826678,73.0,0.0
628.1837099447202,72.0,0.0
628.1862444378111,71.0,0.0
628.1875473228994,72.0,0.0
628.1896611415536,71.0,0.0
628.2153770902288,72.0,0.0
628.2210700004296,71.0,0.0
628.2336666036301,70.0,0.0
628.2357828619116,71.0,0.0
628.2424674620027,72.0,0.0
628.2483278777793,71.0,0.0
628.2515534984229,72.0,0.0
628.2522128443619,73.0,0.0
628.2591563703933,74.0,0.0
628.2626150790284,75.0,0.0
628.2715541636813,74.0,0.0
628.2781260497187,75.0,0.0
628.280942586359,76.0,0.0
628.2811954452253,77.0,0.0
628.2875530775041,76.0,0.0
628.2881747895835,77.0,0.0
628.290509236716,76.0,0.0
628.291924096572,77.0,0.0
628.2919273404415,78.0,0.0
628.2957784539332,79.0,0.0
628.3012087967237,80.0,0.0
628.3036740580808,81.0,0.0
628.3055521200573,80.0,0.0
628.3089747823794,79.0,0.0
628.3107170167966,78.0,0.0
628.3251058467828,79.0,0.0
628.3296180327097,78.0,0.0
628.3435138924538,77.0,0.0
628.3459429914426,78.0,0.0
628.3539714425406,77.0,0.0
628.3682049704693,78.0,0.0
628.3694446529023,79.0,0.0
628.372299162116,80.0,0.0
628.3780306642299,79.0,0.0
628.3802434827936,80.0,0.0
628.3828027231153,81.0,0.0
628.4095883178073,82.0,0.0
628.4144259647933,81.0,0.0
628.4196553395657,80.0,0.0
628.4203220976533,81.0,0.0
628.4240956687725,82.0,0.0
628.4316600321854,83.0,0.0
628.4458630126586,82.0,0.0
628.448110733157,81.0,0.0
628.4539879552049,82.0,0.0
628.4550603199422,81.0,0.0
628.4577578570638,82.0,0.0
628.463126511413,83.0,0.0
628.4673493941563,84.0,0.0
628.4699768399981,83.0,0.0
628.4714645564801,84.0,0.0
628.4721252040023,85.0,0.0
628.4735855574754,84.0,0.0
628.4809080347977,83.0,0.0
628.4847913577029,84.0,0.0
628.4872991267122,85.0,0.0
628.5064316260537,86.0,0.0
628.511051335676,87.0,0.0
628.5117927267316,88.0,0.0
628.5144940677565,89.0,0.0
628.5149001227071,88.0,0.0
628.5161844766418,87.0,0.0
628.522321138944,88.0,0.0
628.5232336790372,89.0,0.0
628.526131463488,90.0,0.0
628.5273335590612,91.0,0.0
628.5319239878017,92.0,0.0
628.556761776889,93.0,0.0
628.5638674684091,94.0,0.0
628.570825490307,93.0,0.0
628.5729313274458,92.0,0.0
628.5781454847286,91.0,0.0
628.5805952052482,92.0,0.0
628.5815777445089,93.0,0.0
628.5880207116069,92.0,0.0
628.6094014400401,93.0,0.0
628.6162938110376,92.0,0.0
628.6170161162746,93.0,0.0
628.6214583685836,92.0,0.0
628.6254494605492,93.0,0.0
628.6263536726514,92.0,0.0
628.6344191099575,93.0,0.0
628.6349122074104,92.0,0.0
628.6481913187531,93.0,0.0
628.6535061515191,92.0,0.0
628.6616364708437,91.0,0.0
628.6632153584892,90.0,0.0
628.6649171912056,91.0,0.0
628.6651650647664,92.0,0.0
628.6725227411757,91.0,0.0
628.6733849955314,90.0,0.0
628.6755015152603,91.0,0.0
628.6976028067069,90.0,0.0
628.6990060643698,89.0,0.0
628.7112182820546,90.0,0.0
628.7114367367722,89.0,0.0
628.7114566173907,88.0,0.0
628.7136663078086,87.0,0.0
628.724452313665,86.0,0.0
628.7275095335435,87.0,0.0
628.7326919379869,88.0,0.0
628.7370933586868,89.0,0.0
628.7455726316549,88.0,0.0
628.7509100984435,89.0,0.0
628.7692418247547,88.0,0.0
628.7717205660307,87.0,0.0
628.7719588787303,86.0,0.0
628.7727626539095,85.0,0.0
628.7801532741921,84.0,0.0
628.7818486296326,83.0,0.0
628.7895410193595,84.0,0.0
628.7972666567506,83.0,0.0
628.8127359883678,82.0,0.0
628.8136493345118,81.0,0.0
628.8192853103217,80.0,0.0
628.821499730979,81.0,0.0
628.8317844210947,82.0,0.0
628.8328670096062,81.0,0.0
628.8402255140635,80.0,0.0
628.8419351428896,81.0,0.0
628.8439509119456,82.0,0.0
628.8452573110148,81.0,0.0
628.8476964514999,82.0,0.0
628.8480018801824,83.0,0.0
628.848799454642,84.0,0.0
628.8567328044763,85.0,0.0
628.8656918613588,86.0,0.0
628.8704964521203,87.0,0.0
628.872567394312,88.0,0.0
628.8732330207064,89.0,0.0
628.876767649373,88.0,0.0
628.8786434132961,89.0,0.0
628.8814264650089,90.0,0.0
628.8894098570528,91.0,0.0
628.8931530974183,92.0,0.0
628.8940080583749,91.0,0.0
628.8943670859002,92.0,0.0
628.897249050629,91.0,0.0
628.9089479934638,92.0,0.0
628.9097969178356,91.0,0.0
628.91074680262,92.0,0.0
628.9197393581402,93.0,0.0
628.9204828278866,94.0,0.0
628.9216690058996,95.0,0.0
628.9250819770297,96.0,0.0
628.9258598719996,95.0,0.0
628.9267633968567,96.0,0.0
628.9360328100578,95.0,0.0
628.948060461413,96.0,0.0
628.9485993177043,95.0,0.0
628.9559772875571,96.0,0.0
628.9593218237679,95.0,0.0
628.9633487294865,94.0,0.0
628.9661664720917,93.0,0.0
628.9758264856401,94.0,0.0
628.9822202339535,93.0,0.0
628.9873474771813,94.0,0.0
628.9929220605677,95.0,0.0
628.9996055350853,96.0,0.0
629.0023996909606,95.0,0.0
629.0025888408996,96.0,0.0
629.003540214253,95.0,0.0
629.0041802430619,96.0,0.0
629.0175448304326,95.0,0.0
629.0370257791346,96.0,0.0
629.0431929102635,97.0,0.0
629.0473237936409,98.0,0.0
629.0478217269192,97.0,0.0
629.0486708737226,96.0,0.0
629.0507591538559,95.0,0.0
629.0525515577724,96.0,0.0
629.0589516292002,95.0,0.0
629.0596000472945,96.0,0.0
629.060720071859,97.0,0.0
629.0803417612104,96.0,0.0
629.0921083780182,95.0,0.0
629.1141371140073,96.0,0.0
629.1143001799167,97.0,0.0
629.115827237454,98.0,0.0
629.1177293679925,99.0,0.0
629.1190526166065,98.0,0.0
629.1208412741196,97.0,0.0
629.1244872286727,96.0,0.0
629.1249671271202,97.0,0.0
629.1257523091978,98.0,0.0
629.1259065651055,99.0,0.0
629.1264813867426,100.0,0.0
629.133780164188,101.0,0.0
629.1375283434119,102.0,0.0
629.1614115428736,103.0,0.0
629.1645515221857,102.0,0.0
629.1665147724868,103.0,0.0
629.1673106708882,104.0,0.0
629.1728386827567,105.0,0.0
629.1760955070226,106.0,0.0
629.1769081140646,105.0,0.0
629.1769675423529,106.0,0.0
629.1810314973454,107.0,0.0
629.1829625844578,108.0,0.0
629.1856795614889,109.0,0.0
629.1866155783684,110.0,0.0
629.2028401454899,109.0,0.0
629.2139674423648,110.0,0.0
629.2212523440418,111.0,0.0
629.236274043638,112.0,0.0
629.2409292711967,113.0,0.0
629.2513332979669,112.0,0.0
629.2573637191067,111.0,0.0
629.2599395273052,112.0,0.0
629.2616604286922,111.0,0.0
629.2753700210525,110.0,0.0
629.2836237560006,109.0,0.0
629.2837647161622,108.0,0.0
629.2916330399877,107.0,0.0
629.3045644930543,108.0,0.0
629.3075160825886,107.0,0.0
629.3084446851761,108.0,0.0
629.3094513417939,109.0,0.0
629.3150944270376,108.0,0.0
629.3164039743175,107.0,0.0
629.3176854280787,106.0,0.0
629.3264796100028,105.0,0.0
629.3307792978309,106.0,0.0
629.3332162013465,107.0,0.0
629.3403591482964,108.0,0.0
629.343165884112,109.0,0.0
629.346876863159,108.0,0.0
629.3498297783318,107.0,0.0
629.3552252836068,108.0,0.0
629.3566558576238,107.0,0.0
629.3569665878874,106.0,0.0
629.3637140573582,105.0,0.0
629.3653148168182,104.0,0.0
629.3675934076502,105.0,0.0
629.3729616412636,104.0,0.0
629.3766678998827,105.0,0.0
629.3816739194405,106.0,0.0
629.3854907025183,105.0,0.0
629.3932186735391,104.0,0.0
629.3956374284741,105.0,0.0
629.3961741159202,104.0,0.0
629.3994507810133,105.0,0.0
629.3997748406006,104.0,0.0
629.402497986641,105.0,0.0
629.4049837684133,106.0,0.0
629.4123845670159,107.0,0.0
629.4200252421508,108.0,0.0
629.445582690056,109.0,0.0
629.4513011923156,110.0,0.0
629.4644021387636,109.0,0.0
629.4647535468263,110.0,0.0
629.4681884743044,109.0,0.0
629.4724018412961,108.0,0.0
629.4754164929392,109.0,0.0
629.499615024514,110.0,0.0
629.5042403961759,109.0,0.0
629.5058336089521,108.0,0.0
629.5172117715061,109.0,0.0
629.5210685799332,108.0,0.0
629.5346322628258,109.0,0.0
629.5576668801343,110.0,0.0
629.5577626292614,111.0,0.0
629.5735597145459,112.0,0.0
629.5792716317371,113.0,0.0
629.5896778151144,114.0,0.0
629.5949742028854,115.0,0.0
629.5976615210977,116.0,0.0
629.6015534261393,115.0,0.0
629.6056786911589,116.0,0.0
629.6094134105407,117.0,0.0
629.6118652089209,116.0,0.0
629.6129232465875,117.0,0.0
629.6147551227706,116.0,0.0
629.6199517025307,117.0,0.0
629.6265196368671,118.0,0.0
629.6299607176984,117.0,0.0
629.6323964088859,116.0,0.0
629.6383258824386,117.0,0.0
629.6488944024411,118.0,0.0
629.6494110987275,119.0,0.0
629.6495594039465,120.0,0.0
629.6552231928691,119.0,0.0
629.6616457795467,120.0,0.0
629.6638677262092,121.0,0.0
629.6751366334597,120.0,0.0
629.6818228891419,119.0,0.0
629.7016060891337,118.0,0.0
629.7081100828822,117.0,0.0
629.7191732216772,116.0,0.0
629.7245249898282,115.0,0.0
629.7297182633831,114.0,0.0
629.7354318230794,115.0,0.0
629.7397650719334,116.0,0.0
629.7489244619431,117.0,0.0
629.7489985935354,116.0,0.0
629.7630579695128,117.0,0.0
629.7827331218496,118.0,0.0
629.7853590893526,117.0,0.0
629.7931942941466,116.0,0.0
629.7999059517409,117.0,0.0
629.8042287678122,118.0,0.0
629.8123830922806,119.0,0.0
629.8129351529901,120.0,0.0
629.8138686509084,119.0,0.0
629.8180922472719,120.0,0.0
629.8182905965339,121.0,0.0
629.8204357283424,120.0,0.0
629.8269236114213,121.0,0.0
629.828115234896,120.0,0.0
629.8290007579785,121.0,0.0
629.8337540522876,122.0,0.0
629.8404930320595,121.0,0.0
629.8420263517619,120.0,0.0
629.8424368842229,119.0,0.0
629.8601417627333,120.0,0.0
629.8609429430027,119.0,0.0
629.8644330622985,120.0,0.0
629.8654429554687,119.0,0.0
629.8670508675494,118.0,0.0
629.8781262496432,117.0,0.0
629.8816167004035,118.0,0.0
629.8941992483715,117.0,0.0
629.8981397158896,116.0,0.0
629.9085707150233,117.0,0.0
629.9086831830591,116.0,0.0
629.9087232674194,115.0,0.0
629.9123206651545,116.0,0.0
629.9166277686296,117.0,0.0
629.9245683357686,116.0,0.0
629.9248806358864,117.0,0.0
629.9337558583761,116.0,0.0
629.9400301082378,117.0,0.0
629.9401988350406,118.0,0.0
629.9422318269545,119.0,0.0
629.9461391638949,120.0,0.0
629.952938441434,121.0,0.0
629.9553774842644,120.0,0.0
629.9572932817953,121.0,0.0
629.9675136146454,122.0,0.0
629.9767395454089,123.0,0.0
629.9868322234547,122.0,0.0
629.9893557711097,123.0,0.0
629.9921280830415,124.0,0.0
629.9927010683949,123.0,0.0
629.9934143802956,124.0,0.0
630.0045712034629,123.0,0.0
630.0228753941226,124.0,0.0
630.0395195563492,123.0,0.0
630.0436458003086,124.0,0.0
630.0437415413639,125.0,0.0
630.0449130746714,124.0,0.0
630.0459102297868,123.0,0.0
630.0488308851141,124.0,0.0
630.0537064020386,123.0,0.0
630.0596110086777,124.0,0.0
630.0659454521991,125.0,0.0
630.0756022670836,124.0,0.0
630.0769053869453,125.0,0.0
630.0778362220052,124.0,0.0
630.0821349596723,123.0,0.0
630.0831855683555,124.0,0.0
630.0885064068372,125.0,0.0
630.0972692381563,124.0,0.0
630.1055302524485,125.0,0.0
630.1078502720642,124.0,0.0
630.1099863584615,123.0,0.0
630.1115358059087,124.0,0.0
630.112122959147,123.0,0.0
630.1127424497382,122.0,0.0
630.1150440892861,121.0,0.0
630.1276947326575,122.0,0.0
630.1284919016986,123.0,0.0
630.129174530088,124.0,0.0
630.1479971929489,125.0,0.0
630.1503007522856,126.0,0.0
630.1525891977693,125.0,0.0
630.1541788287399,124.0,0.0
630.1636012910369,123.0,0.0
630.1647375969767,124.0,0.0
630.1648022691948,125.0,0.0
630.1670223574707,124.0,0.0
630.1690846166185,123.0,0.0
630.1865485848282,124.0,0.0
630.1940315935029,125.0,0.0
630.2076676486203,126.0,0.0
630.209542280024,125.0,0.0
630.2155014323215,124.0,0.0
630.2220488840566,125.0,0.0
630.2229382042773,124.0,0.0
630.2328742869493,123.0,0.0
630.2345940208118,124.0,0.0
630.2376968200658,123.0,0.0
630.2386219970356,122.0,0.0
630.2694844431537,121.0,0.0
630.2921055935253,120.0,0.0
630.2923526413459,119.0,0.0
630.2992971943258,120.0,0.0
630.3033851604314,119.0,0.0
630.3039188092675,118.0,0.0
630.3088715003502,117.0,0.0
630.3216369416574,116.0,0.0
630.3340757392114,115.0,0.0
630.3476258371883,114.0,0.0
630.3500006592966,113.0,0.0
630.3622510549247,114.0,0.0
630.3632148672929,113.0,0.0
630.3657397489536,112.0,0.0
630.3690540276081,113.0,0.0
630.3740472793438,114.0,0.0
630.3775086068434,113.0,0.0
630.3778641908815,114.0,0.0
630.3806031165435,115.0,0.0
630.3845484806077,114.0,0.0
630.3920495429652,113.0,0.0
630.3961922913088,112.0,0.0
630.396884904478,113.0,0.0
630.4084337713995,114.0,0.0
630.408863868915,113.0,0.0
630.4096725063969,114.0,0.0
630.4116014172058,115.0,0.0
630.4123539419546,116.0,0.0
630.423856761357,117.0,0.0
630.4247171022475,118.0,0.0
630.4254897959249,119.0,0.0
630.4323074231429,118.0,0.0
630.4415047583276,119.0,0.0
630.4467182194713,120.0,0.0
630.4471006436535,121.0,0.0
630.4606878142811,120.0,0.0
630.4606944417682,119.0,0.0
630.4678226024797,118.0,0.0
630.4752031158323,119.0,0.0
630.4781678756965,118.0,0.0
630.4878599609008,119.0,0.0
630.4883767971711,118.0,0.0
630.496856638984,117.0,0.0
630.5029965974182,116.0,0.0
630.5043773031305,115.0,0.0
630.5072578997462,116.0,0.0
630.5078603375889,117.0,0.0
630.5095032363602,118.0,0.0
630.5197896214619,117.0,0.0
630.5209799754253,118.0,0.0
630.5261062269294,117.0,0.0
630.5269376479963,116.0,0.0
630.5302967988108,117.0,0.0
630.541347812297,116.0,0.0
630.5420075103572,117.0,0.0
630.544596986898,116.0,0.0
630.5528455523272,115.0,0.0
630.5751453296867,116.0,0.0
630.5760684489645,115.0,0.0
630.5825727565666,116.0,0.0
630.5900546777191,117.0,0.0
630.5963393972517,118.0,0.0
630.5995453218785,119.0,0.0
630.5997887385117,118.0,0.0
630.6014585666859,117.0,0.0
630.6014949830238,116.0,0.0
630.6038068322591,117.0,0.0
630.6184531603263,116.0,0.0
630.6326673135461,115.0,0.0
630.6350579018201,114.0,0.0
630.6375747281338,115.0,0.0
630.6406228907147,116.0,0.0
630.6424275296082,117.0,0.0
630.6433298655875,116.0,0.0
630.6650233055203,117.0,0.0
630.672866757069,116.0,0.0
630.6790841999014,115.0,0.0
630.6879539400793,114.0,0.0
630.6907926301068,113.0,0.0
630.6933044770973,112.0,0.0
630.6957245584744,113.0,0.0
630.6979060158886,112.0,0.0
630.7032829681326,111.0,0.0
630.7065521249523,110.0,0.0
630.7081594293014,109.0,0.0
630.7144794129729,108.0,0.0
630.7166654213563,109.0,0.0
630.7343355493948,110.0,0.0
630.740614747784,111.0,0.0
630.754969285139,112.0,0.0
630.7560746857273,113.0,0.0
630.7603610969869,112.0,0.0
630.7699635391365,113.0,0.0
630.773000388939,114.0,0.0
630.7744889303464,113.0,0.0
630.7834766845646,114.0,0.0
630.7937311914952,113.0,0.0
630.7960805987016,114.0,0.0
630.7964960074754,113.0,0.0
630.806368820521,112.0,0.0
630.8106494012519,113.0,0.0
630.81110760584,114.0,0.0
630.8168772304444,113.0,0.0
630.8181708448978,112.0,0.0
630.8209872087525,111.0,0.0
630.8212255477318,112.0,0.0
630.8268093211892,113.0,0.0
630.8294851505419,114.0,0.0
630.8356740520302,115.0,0.0
630.8366528713093,116.0,0.0
630.8463707163282,117.0,0.0
630.8558991131782,118.0,0.0
630.8619285050902,117.0,0.0
630.8681992467284,116.0,0.0
630.8716562801544,115.0,0.0
630.8806635025896,116.0,0.0
630.8806905005384,115.0,0.0
630.8837871828028,114.0,0.0
630.886477498047,113.0,0.0
630.9097049601095,114.0,0.0
630.9110709785635,115.0,0.0
630.913106528063,116.0,0.0
630.9141910806924,115.0,0.0
630.915889529888,114.0,0.0
630.9281348170391,113.0,0.0
630.9328471845449,112.0,0.0
630.9463294733482,111.0,0.0
630.9553507943823,110.0,0.0
630.9614720731204,111.0,0.0
630.9747566375345,110.0,0.0
630.9753896662303,109.0,0.0
630.980403156625,108.0,0.0
630.9820580163702,107.0,0.0
630.9883225833521,106.0,0.0
630.9906535380269,105.0,0.0
630.9929098265295,106.0,0.0
630.9939577131294,107.0,0.0
630.99597272316,106.0,0.0
630.9975189479427,105.0,0.0
631.0004592626718,106.0,0.0
631.0007781735505,105.0,0.0
631.0079356476035,104.0,0.0
631.0118606421859,105.0,0.0
631.0146827895102,106.0,0.0
631.01624418041,105.0,0.0
631.0181811665566,106.0,0.0
631.0235748266998,105.0,0.0
631.0244597309622,104.0,0.0
631.0258560095625,105.0,0.0
631.026440118355,104.0,0.0
631.0286698940766,105.0,0.0
631.0306884257043,104.0,0.0
631.0403194148528,103.0,0.0
631.0429768673508,104.0,0.0
631.0465964027188,105.0,0.0
631.0501035144382,104.0,0.0
631.0538134705031,103.0,0.0
631.0569763378456,102.0,0.0
631.0652321993099,103.0,0.0
631.0708690982548,102.0,0.0
631.0733267404288,101.0,0.0
631.079402835634,102.0,0.0
631.0837951203682,101.0,0.0
631.0838375604276,102.0,0.0
631.0928116282877,103.0,0.0
631.0971572344139,102.0,0.0
631.0994239116368,101.0,0.0
631.1008713958239,100.0,0.0
631.1069717271203,101.0,0.0
631.1109419258678,102.0,0.0
631.1174091346475,103.0,0.0
631.1198382370206,104.0,0.0
631.122521922393,103.0,0.0
631.1268203731964,104.0,0.0
631.1273726670177,103.0,0.0
631.1356234808825,104.0,0.0
631.1389850504186,103.0,0.0
631.1398449626568,102.0,0.0
631.1501867299462,103.0,0.0
631.1534325230344,104.0,0.0
631.1605912286019,105.0,0.0
631.1620128429411,104.0,0.0
631.1666032441487,103.0,0.0
631.1931894255662,102.0,0.0
631.2002640740656,103.0,0.0
631.2044363426375,104.0,0.0
631.2048989772966,105.0,0.0
631.2134665351298,106.0,0.0
631.2200654252889,105.0,0.0
631.2379236737519,106.0,0.0
631.2411343602979,107.0,0.0
631.2415505749734,106.0,0.0
631.2476800059861,107.0,0.0
631.2509869334566,108.0,0.0
631.2670604000956,109.0,0.0
631.2686705850753,110.0,0.0
631.2755345246845,109.0,0.0
631.2775236209707,110.0,0.0
631.2897142820428,111.0,0.0
631.2924847909893,112.0,0.0
631.2943245552054,111.0,0.0
631.296630430513,110.0,0.0
631.2980738572406,109.0,0.0
631.2984492802235,108.0,0.0
631.3000186771893,107.0,0.0
631.3001048297531,106.0,0.0
631.3049826249356,107.0,0.0
631.3055841540729,106.0,0.0
631.3073355646019,105.0,0.0
631.3089061390062,104.0,0.0
631.3162719111415,103.0,0.0
631.3189732794083,102.0,0.0
631.3218165336236,101.0,0.0
631.3304775656727,100.0,0.0
631.3319236523698,101.0,0.0
631.3358041263056,100.0,0.0
631.3384209313681,101.0,0.0
631.3538452399256,102.0,0.0
631.3577917331643,101.0,0.0
631.3582280818333,102.0,0.0
631.3588404765885,101.0,0.0
631.3706502613804,102.0,0.0
631.3729813995674,103.0,0.0
631.3913055475623,104.0,0.0
631.3934182352348,103.0,0.0
631.3948029632782,102.0,0.0
631.3968371646013,101.0,0.0
631.3997261978031,100.0,0.0
631.4071559661995,101.0,0.0
631.4123663000443,102.0,0.0
631.4130689641493,101.0,0.0
631.415339295736,102.0,0.0
631.4302078836972,103.0,0.0
631.4534122371828,104.0,0.0
631.453827766236,103.0,0.0
631.4594885938815,102.0,0.0
631.4718990281514,103.0,0.0
631.4802179118482,102.0,0.0
631.4857077216745,103.0,0.0
631.4922751559448,102.0,0.0
631.4923155560849,101.0,0.0
631.4955563049232,100.0,0.0
631.5016958063176,99.0,0.0
631.5098905034564,100.0,0.0
631.5120570732659,99.0,0.0
631.5139285431857,98.0,0.0
631.5142657041961,99.0,0.0
631.5248386226269,100.0,0.0
631.5264118427244,99.0,0.0
631.531174971907,100.0,0.0
631.542542360122,99.0,0.0
631.5462355146724,98.0,0.0
631.5554156849911,97.0,0.0
631.5639561793893,98.0,0.0
631.5678778981032,99.0,0.0
631.5753249272383,98.0,0.0
631.5788144151226,97.0,0.0
631.5892638517962,96.0,0.0
631.5949471774012,97.0,0.0
631.6053154315794,96.0,0.0
631.6058329025556,97.0,0.0
631.6070008556297,96.0,0.0
631.610101021455,95.0,0.0
631.6113424706356,94.0,0.0
631.6164575307314,93.0,0.0
631.617295386356,92.0,0.0
631.6213001265195,91.0,0.0
631.6241108268509,92.0,0.0
631.6327700254227,93.0,0.0
631.6426620713942,94.0,0.0
631.6436041121581,95.0,0.0
631.6482250679836,94.0,0.0
631.6489113708515,93.0,0.0
631.6571730161653,92.0,0.0
631.6577237403673,93.0,0.0
631.657972518746,94.0,0.0
631.6610271499176,95.0,0.0
631.6687554593227,94.0,0.0
631.6938259081805,93.0,0.0
631.6955635820284,92.0,0.0
631.6970898063397,93.0,0.0
631.7130251682762,94.0,0.0
631.7136997659896,93.0,0.0
631.717762657263,92.0,0.0
631.7189863183081,93.0,0.0
631.7213974020876,92.0,0.0
631.7262994319237,91.0,0.0
631.7302486074784,90.0,0.0
631.7305544656534,89.0,0.0
631.742782507421,88.0,0.0
631.7509303615727,87.0,0.0
631.7694767914127,86.0,0.0
631.7803758195923,87.0,0.0
631.7831205164061,88.0,0.0
631.7889318509623,87.0,0.0
631.7892406990185,86.0,0.0
631.7898030563424,87.0,0.0
631.7904250700219,86.0,0.0
631.7918457063382,85.0,0.0
631.8105305589708,84.0,0.0
631.8162971951562,85.0,0.0
631.8187831957774,86.0,0.0
631.8208207145607,87.0,0.0
631.8223468555237,88.0,0.0
631.8403401354285,89.0,0.0
631.8468976038769,90.0,0.0
631.8500979533349,91.0,0.0
631.8674973475828,90.0,0.0
631.876596782504,89.0,0.0
631.8872140126877,88.0,0.0
631.8903880769997,89.0,0.0
631.8907284869598,88.0,0.0
631.8999069962451,89.0,0.0
631.9026276128051,88.0,0.0
631.9122937067054,87.0,0.0
631.9125322978513,88.0,0.0
631.9323705845746,89.0,0.0
631.93649058772,88.0,0.0
631.941926966479,89.0,0.0
631.9424617220357,88.0,0.0
631.952287743661,87.0,0.0
631.9538730451708,88.0,0.0
631.9636126385408,87.0,0.0
631.9652491088905,88.0,0.0
631.9704460123705,89.0,0.0
631.9714792179838,88.0,0.0
631.9782599279492,89.0,0.0
631.982775400577,88.0,0.0
631.9894379289539,89.0,0.0
631.9910986720383,88.0,0.0
631.9966065954097,87.0,0.0
631.9975260832949,88.0,0.0
632.0026566736537,87.0,0.0
632.0055861802647,88.0,0.0
632.0281944146369,87.0,0.0
632.0315553459818,86.0,0.0
632.0337447580614,85.0,0.0
632.0394487343319,86.0,0.0
632.0464231664789,87.0,0.0
632.0537458932577,88.0,0.0
632.0561407993243,89.0,0.0
632.0708633828184,88.0,0.0
632.0718036734728,89.0,0.0
632.0837451599386,90.0,0.0
632.0925362915335,89.0,0.0
632.1065210236656,90.0,0.0
632.1131689455588,89.0,0.0
632.1175123478274,88.0,0.0
632.1178032381607,87.0,0.0
632.118741757719,88.0,0.0
632.1368568922052,89.0,0.0
632.1513598520462,88.0,0.0
632.1541523567869,89.0,0.0
632.1664682278955,88.0,0.0
632.1805077624333,89.0,0.0
632.1840756072453,88.0,0.0
632.2040338427155,89.0,0.0
632.2089419794922,90.0,0.0
632.2109602535189,89.0,0.0
632.2218729118109,90.0,0.0
632.2243390837759,89.0,0.0
632.2399126335142,90.0,0.0
632.2413931739836,89.0,0.0
632.2479624040293,90.0,0.0
632.2618027955125,89.0,0.0
632.2760809950294,90.0,0.0
632.282732389169,89.0,0.0
632.2847850240925,88.0,0.0
632.2873148267847,87.0,0.0
632.2874379712595,88.0,0.0
632.2874743921153,87.0,0.0
632.3055954271972,86.0,0.0
632.3100968827662,85.0,0.0
632.3265106587489,86.0,0.0
632.3275818514121,87.0,0.0
632.3311256210756,86.0,0.0
632.3362305192894,87.0,0.0
632.3500064805546,86.0,0.0
632.3725873078777,85.0,0.0
632.3744769959405,86.0,0.0
632.3761794304005,85.0,0.0
632.3806844894611,86.0,0.0
632.3824081648962,87.0,0.0
632.3867822673416,88.0,0.0
632.3868599517587,89.0,0.0
632.3975966090997,90.0,0.0
632.3987853509941,89.0,0.0
632.4008923782084,88.0,0.0
632.4012598836937,89.0,0.0
632.40243526725,90.0,0.0
632.4167841298411,89.0,0.0
632.435343122041,88.0,0.0
632.4356769370473,89.0,0.0
632.4581901184911,88.0,0.0
632.4905036959758,87.0,0.0
632.5035909670005,86.0,0.0
632.5057156280518,85.0,0.0
632.5072187849777,84.0,0.0
632.5235855123561,83.0,0.0
632.5323271371599,84.0,0.0
632.541785692383,85.0,0.0
632.5419841275234,84.0,0.0
632.5444332304498,83.0,0.0
632.5481073055321,84.0,0.0
632.5498291526185,83.0,0.0
632.5553467891461,84.0,0.0
632.5671124488613,85.0,0.0
632.568176732825,86.0,0.0
632.5728029383962,85.0,0.0
632.5807183123427,86.0,0.0
632.5838504437226,87.0,0.0
632.5938043572238,86.0,0.0
632.5943904190966,85.0,0.0
632.5945275260143,86.0,0.0
632.6036131225515,87.0,0.0
632.6061660235056,88.0,0.0
632.6377637314417,89.0,0.0
632.6442834122922,88.0,0.0
632.6457538011234,89.0,0.0
632.6515907256988,90.0,0.0
632.6671765137472,89.0,0.0
632.6738453211253,90.0,0.0
632.6828455849248,89.0,0.0
632.6911690851499,90.0,0.0
632.6931740156655,89.0,0.0
632.6979569177377,88.0,0.0
632.7088468759046,89.0,0.0
632.7104194175254,88.0,0.0
632.7156730820469,89.0,0.0
632.7162535642477,90.0,0.0
632.7289747951633,91.0,0.0
632.7346186184542,90.0,0.0
632.743780156348,89.0,0.0
632.7475077084284,88.0,0.0
632.7484026294825,89.0,0.0
632.7494644765059,88.0,0.0
632.765938856636,87.0,0.0
632.7668559004796,86.0,0.0
632.7693344594204,85.0,0.0
632.7694022465181,84.0,0.0
632.7954875904014,83.0,0.0
632.8124993238688,84.0,0.0
632.821884615792,83.0,0.0
632.8259589727857,82.0,0.0
632.8334677879027,81.0,0.0
632.8357120964981,80.0,0.0
632.8378048838662,79.0,0.0
632.8521539587898,78.0,0.0
632.8549904824478,77.0,0.0
632.857635757941,76.0,0.0
632.8650837534626,77.0,0.0
632.865692531873,76.0,0.0
632.8759071014631,75.0,0.0
632.902715632253,76.0,0.0
632.9038467669116,77.0,0.0
632.9298168693795,76.0,0.0
632.9429472472342,75.0,0.0
632.94658716923,74.0,0.0
632.9490385058791,75.0,0.0
632.9493394229245,74.0,0.0
632.9541349761882,75.0,0.0
632.9631221597723,76.0,0.0
632.9649317053893,75.0,0.0
632.9665536508628,74.0,0.0
632.9738496670719,73.0,0.0
632.9791224755438,72.0,0.0
632.9833003835029,71.0,0.0
632.9841988690187,72.0,0.0
632.9952723923259,73.0,0.0
633.0051103671996,72.0,0.0
633.0122190960224,73.0,0.0
633.0200428477967,74.0,0.0
633.028072334369,75.0,0.0
633.0396001826916,74.0,0.0
633.0448008431904,73.0,0.0
633.0590718364209,72.0,0.0
633.0661159002157,71.0,0.0
633.0868718608639,72.0,0.0
633.0879664205428,73.0,0.0
633.0980636780591,74.0,0.0
633.1003467767988,73.0,0.0
633.1019951405744,72.0,0.0
633.1151072768423,71.0,0.0
633.1194050540988,72.0,0.0
633.1248302608594,73.0,0.0
633.1551747097258,72.0,0.0
633.1589329843388,71.0,0.0
633.1633445788699,72.0,0.0
633.1638025849436,71.0,0.0
633.1656321635173,70.0,0.0
633.1741488014657,69.0,0.0
633.1828783803329,68.0,0.0
633.1844260936355,69.0,0.0
633.1847023431724,70.0,0.0
633.187550308158,69.0,0.0
633.2224780956284,70.0,0.0
633.2227379395259,69.0,0.0
633.2373169613621,70.0,0.0
633.2375517167945,69.0,0.0
633.24619032067,70.0,0.0
633.2521195226735,69.0,0.0
633.2688674878168,70.0,0.0
633.2746158278434,71.0,0.0
633.2774811326958,70.0,0.0
633.2809521128925,69.0,0.0
633.2816573282824,68.0,0.0
633.2913138491297,67.0,0.0
633.2925754528934,66.0,0.0
633.3095933623058,67.0,0.0
633.3217696487422,68.0,0.0
633.3227477832678,67.0,0.0
633.3277547952252,68.0,0.0
633.3421029668647,69.0,0.0
633.3485624168949,68.0,0.0
633.3557715024401,67.0,0.0
633.3565284101726,66.0,0.0
633.361998342096,65.0,0.0
633.3649755272154,64.0,0.0
633.3994695882541,65.0,0.0
633.4026995116463,64.0,0.0
633.4131908193475,63.0,0.0
633.4237947669551,62.0,0.0
633.4397827222219,61.0,0.0
633.4460687398414,60.0,0.0
633.4508842774644,61.0,0.0
633.4654145730402,60.0,0.0
633.4661515121343,61.0,0.0
633.477549667851,60.0,0.0
633.4782928373771,61.0,0.0
633.4800488422727,60.0,0.0
633.4876709848717,61.0,0.0
633.4969139202015,60.0,0.0
633.5141284687529,59.0,0.0
633.5187769966969,60.0,0.0
633.5297664423088,59.0,0.0
633.5403556270256,60.0,0.0
633.5406247643601,59.0,0.0
633.542382508422,60.0,0.0
633.5713501205322,59.0,0.0
633.5911330042162,60.0,0.0
633.5925535066064,61.0,0.0
633.5942057765831,60.0,0.0
633.5993622915372,59.0,0.0
633.6059926947553,58.0,0.0
633.6265769836473,59.0,0.0
633.6358667089058,58.0,0.0
633.6396841667773,57.0,0.0
633.6426865492391,58.0,0.0
633.6482168707014,57.0,0.0
633.6513797495072,56.0,0.0
633.6542365854993,55.0,0.0
633.6576494471707,56.0,0.0
633.7061727108438,55.0,0.0
633.7120877855696,54.0,0.0
633.7398390335946,53.0,0.0
633.7418724917628,54.0,0.0
633.7419881611326,55.0,0.0
633.7516422753621,54.0,0.0
633.7653380972794,53.0,0.0
633.7661869171834,54.0,0.0
633.78647270834,53.0,0.0
633.7877329499255,52.0,0.0
633.78778784849,51.0,0.0
633.7992790017305,50.0,0.0
633.8064211614745,51.0,0.0
633.8067250170855,50.0,0.0
633.8134633604831,49.0,0.0
633.8338459292777,48.0,0.0
633.8392145856842,47.0,0.0
633.8460372096948,46.0,0.0
633.8497335760904,45.0,0.0
633.8691085232296,44.0,0.0
633.8843921097524,43.0,0.0
633.8845812442911,42.0,0.0
633.89192157313,41.0,0.0
633.8975476260628,40.0,0.0
633.9116328695868,39.0,0.0
633.9135195931644,40.0,0.0
633.9286580004676,39.0,0.0
633.9311437884993,38.0,0.0
633.9324369184475,37.0,0.0
633.9327544557406,36.0,0.0
633.9381750307047,35.0,0.0
633.9392193633998,34.0,0.0
633.9492706884771,33.0,0.0
633.9810745466706,34.0,0.0
633.981772986914,33.0,0.0
634.0066078981802,34.0,0.0
634.0066746025435,33.0,0.0
634.0166676476579,32.0,0.0
634.0347960117883,31.0,0.0
634.0376664425577,30.0,0.0
634.0461746218984,29.0,0.0
634.0794267724015,28.0,0.0
634.0870103952908,29.0,0.0
634.0877082955748,28.0,0.0
634.0938610002028,27.0,0.0
634.0973476735995,26.0,0.0
634.1015285691285,25.0,0.0
634.1156391684901,24.0,0.0
634.1346201580053,23.0,0.0
634.1361932454173,24.0,0.0
634.1410920878594,23.0,0.0
634.1414235963126,22.0,0.0
634.1459646613066,21.0,0.0
634.1459908148778,20.0,0.0
634.1542553723191,21.0,0.0
634.1812048581531,20.0,0.0
634.1876875434567,21.0,0.0
634.1938849149655,22.0,0.0
634.1997693228753,21.0,0.0
634.2014283215362,22.0,0.0
634.2065410981392,21.0,0.0
634.2067379518653,20.0,0.0
634.2267709618797,19.0,0.0
634.2391833414105,18.0,0.0
634.2505399088985,17.0,0.0
634.2542393808017,16.0,0.0
634.258543695338,15.0,0.0
634.2608981238133,16.0,0.0
634.2617622977456,15.0,0.0
634.2646851385445,14.0,0.0
634.266821270843,15.0,0.0
634.2793314044854,14.0,0.0
634.2806593586563,13.0,0.0
634.3279505860046,12.0,0.0
634.332828097687,11.0,0.0
634.3388565997678,10.0,0.0
634.3431615893338,9.0,0.0
634.3807516241814,8.0,0.0
634.3935157729376,7.0,0.0
634.4204180957321,8.0,0.0
634.4225394008248,7.0,0.0
634.426942375285,6.0,0.0
634.4424918056156,5.0,0.0
634.4524141338866,4.0,0.0
634.4590563850579,5.0,0.0
634.4599966709533,4.0,0.0
634.4710281159795,5.0,0.0
634.4718985150726,4.0,0.0
634.4944218390649,3.0,0.0
634.5029025355753,4.0,0.0
634.5067880875789,3.0,0.0
634.513417701465,4.0,0.0
634.5366067844393,3.0,0.0
634.54613661421,4.0,0.0
634.5614905496823,3.0,0.0
634.5746157717136,4.0,0.0
634.5778204121203,3.0,0.0
634.5855927589067,4.0,0.0
634.6010009408594,3.0,0.0
634.6056756988341,2.0,0.0
634.6168287267758,3.0,0.0
634.6254157131473,4.0,0.0
634.6317282050032,3.0,0.0
634.6465174600605,4.0,0.0
634.6567185547556,3.0,0.0
634.6825839205555,4.0,0.0
634.6975012729254,3.0,0.0
634.7320199975718,2.0,0.0
634.748303860254,3.0,0.0
634.7500325726595,2.0,0.0
634.7688808703582,3.0,0.0
634.7722256556957,2.0,0.0
634.7848537959525,1.0,0.0
634.7942601202251,0.0,0.0
634.7944150959564,1.0,0.0
634.8699502184076,0.0,0.0
634.8913065282699,1.0,0.0
634.8976683060386,2.0,0.0
634.9152094886367,1.0,0.0
634.9338013478883,2.0,0.0
634.9429685577214,1.0,0.0
634.9665559587479,2.0,0.0
634.9730343644427,1.0,0.0
634.978864459407,0.0,0.0
635.0266745655441,1.0,0.0
635.0523220878375,0.0,0.0
635.1292892299615,1.0,0.0
635.1304605372093,0.0,0.0
635.1316421047693,1.0,0.0
635.133015597947,0.0,0.0
635.1397957481374,1.0,0.0
635.1537789235636,0.0,0.0
635.202211547533,1.0,0.0
635.2046113138701,2.0,0.0
635.2140670341288,1.0,0.0
635.2147629018623,2.0,0.0
635.2217964121578,1.0,0.0
635.2279946379716,2.0,0.0
635.2518719148663,3.0,0.0
635.2575031705461,4.0,0.0
635.2808379862062,3.0,0.0
635.2866817480158,4.0,0.0
635.2957093053051,3.0,0.0
635.2991833527939,4.0,0.0
635.3060821457833,3.0,0.0
635.3132837344813,2.0,0.0
635.3146749255678,1.0,0.0
635.3226985957419,0.0,0.0
635.3761120965755,1.0,0.0
635.3800692457615,2.0,0.0
635.3810893890243,1.0,0.0
635.4446266900073,2.0,0.0
635.4621814595578,1.0,0.0
635.4665745685863,0.0,0.0
635.4813734239398,1.0,0.0
635.4855470752535,0.0,0.0
635.5201329886363,1.0,0.0
635.5745006076144,0.0,0.0
635.7071670906396,1.0,0.0
635.7203019610205,2.0,0.0
635.7272254511224,1.0,0.0
635.7761540039381,0.0,0.0
635.7774656915392,1.0,0.0
635.7809826920726,0.0,0.0
635.7956984007451,1.0,0.0
635.8295647663737,0.0,0.0
635.8768054145401,1.0,0.0
635.8869803837421,0.0,0.0
635.9106885747495,1.0,0.0
635.9168963010382,0.0,0.0
635.923530511688,1.0,0.0
635.9307163261573,2.0,0.0
635.9545687167412,1.0,0.0
635.9740598431772,2.0,0.0
635.9979175017712,1.0,0.0
636.0045904762097,2.0,0.0
636.0190622749498,1.0,0.0
636.020586200211,0.0,0.0
636.1687534562056,1.0,0.0
636.1733942153711,0.0,0.0
636.1779950614595,1.0,0.0
636.2061915383443,2.0,0.0
636.2265166719532,1.0,0.0
636.2358422692555,0.0,0.0
636.2675287983014,1.0,0.0
636.2905396275646,0.0,0.0
636.3174542540943,1.0,0.0
636.3256202059209,0.0,0.0
636.3718694231496,1.0,0.0
636.3985706494997,0.0,0.0
636.4284007265952,1.0,0.0
636.4314525138834,0.0,0.0
636.4867132203182,1.0,0.0
636.4952797755137,2.0,0.0
636.508352185525,1.0,0.0
636.5176262359155,0.0,0.0
636.5251653442799,1.0,0.0
636.5337799806426,2.0,0.0
636.5470464076021,1.0,0.0
636.5866354148433,0.0,0.0
636.6372111246811,1.0,0.0
636.6866893406179,0.0,0.0
636.7229370351888,1.0,0.0
636.7254843534487,2.0,0.0
636.7396040487266,3.0,0.0
636.7411895366749,2.0,0.0
636.7459142065883,3.0,0.0
636.7624325086774,4.0,0.0
636.7661222765502,3.0,0.0
636.7733124540144,2.0,0.0
636.7795648589477,1.0,0.0
636.782515607985,2.0,0.0
636.8055212986452,3.0,0.0
636.8342486744606,2.0,0.0
636.8691558174453,1.0,0.0
636.8865044943016,2.0,0.0
636.8927700213828,1.0,0.0
636.9040095004345,0.0,0.0
636.9208151563547,1.0,0.0
636.9267279149515,0.0,0.0
636.9584304333064,1.0,0.0
636.969534056025,2.0,0.0
636.9812077639941,1.0,0.0
637.0536582411045,2.0,0.0
637.0668873683351,3.0,0.0
637.08130132729,2.0,0.0
637.0815513394161,3.0,0.0
637.0925319000231,2.0,0.0
637.1292015430657,1.0,0.0
637.1434745770971,0.0,0.0
637.14587140876,1.0,0.0
637.1581688764437,0.0,0.0
637.1640337459179,1.0,0.0
637.1725569960602,0.0,0.0
637.2210799236419,1.0,0.0
637.2279105817205,0.0,0.0
637.2383400599158,1.0,0.0
637.2587182961829,0.0,0.0
637.292834638434,1.0,0.0
637.3205172568655,2.0,0.0
637.3446150331663,3.0,0.0
637.3446651087438,2.0,0.0
637.3593792042702,1.0,0.0
637.3645457649958,0.0,0.0
637.369065592693,1.0,0.0
637.3754370683973,0.0,0.0
637.3913278480193,1.0,0.0
637.3978220519773,2.0,0.0
637.4100720869349,3.0,0.0
637.4124593304425,4.0,0.0
637.4343302503241,5.0,0.0
637.4379978887395,4.0,0.0
637.4540268340036,3.0,0.0
637.4613655832292,4.0,0.0
637.4660593411696,5.0,0.0
637.4828064518715,6.0,0.0
637.4853057365392,5.0,0.0
637.5017635494821,4.0,0.0
637.5069017826524,5.0,0.0
637.5099556025681,4.0,0.0
637.5130062180276,3.0,0.0
637.5357795729012,4.0,0.0
637.5420167824327,3.0,0.0
637.5551806792688,4.0,0.0
637.5578079454459,3.0,0.0
637.5578906378125,2.0,0.0
637.5585039117155,1.0,0.0
637.5832746877122,0.0,0.0
637.5861989255299,1.0,0.0
637.5923696149287,2.0,0.0
637.5989139863237,1.0,0.0
637.626564829181,0.0,0.0
637.6358061596578,1.0,0.0
637.6446118030484,0.0,0.0
637.7203197794918,1.0,0.0
637.7217141266999,0.0,0.0
637.7632970992165,1.0,0.0
637.7706359664278,2.0,0.0
637.7856709806097,1.0,0.0
637.787653261212,2.0,0.0
637.8303097806223,1.0,0.0
637.8629894963178,2.0,0.0
637.86833839375,1.0,0.0
637.8811814823887,2.0,0.0
637.8903137861154,1.0,0.0
637.9091501969464,2.0,0.0
637.913876800471,3.0,0.0
637.9407938233697,2.0,0.0
637.9462048728064,1.0,0.0
637.9464560986113,2.0,0.0
637.9506177415603,1.0,0.0
637.9640810880893,0.0,0.0
637.9696208455299,1.0,0.0
637.992955829685,2.0,0.0
637.9970610599759,1.0,0.0
638.0072609751861,0.0,0.0
638.0685412379472,1.0,0.0
638.0747770840504,0.0,0.0
638.1022987927505,1.0,0.0
638.1182539327531,0.0,0.0
638.1382882277262,1.0,0.0
638.1409899859487,0.0,0.0
638.1469560431602,1.0,0.0
638.1500359109483,0.0,0.0
638.1521132091079,1.0,0.0
638.1917827980074,0.0,0.0
638.2123632239662,1.0,0.0
638.2221415826423,0.0,0.0
638.246156730903,1.0,0.0
638.262212350213,2.0,0.0
638.2655921400985,3.0,0.0
638.2780037715519,4.0,0.0
638.2791408605572,5.0,0.0
638.2891124432584,4.0,0.0
638.3081229987132,5.0,0.0
638.3084139934368,4.0,0.0
638.3295117193549,5.0,0.0
638.3376296920438,4.0,0.0
638.371440431282,5.0,0.0
638.3835249391109,4.0,0.0
638.395795176412,3.0,0.0
638.4009410922239,2.0,0.0
638.4016849290991,3.0,0.0
638.416340307354,4.0,0.0
638.4182270948966,5.0,0.0
638.4265004823964,6.0,0.0
638.4418167448434,7.0,0.0
638.4528202017148,8.0,0.0
638.4702943590522,7.0,0.0
638.4796137352756,6.0,0.0
638.4838457050527,7.0,0.0
638.4843642009024,6.0,0.0
638.4985422585204,7.0,0.0
638.5054672568571,6.0,0.0
638.5078676036038,5.0,0.0
638.5083966713959,4.0,0.0
638.5111918106307,5.0,0.0
638.5114319488392,6.0,0.0
638.5207873425879,7.0,0.0
638.5234591642031,6.0,0.0
638.532441056397,5.0,0.0
638.5356055829025,4.0,0.0
638.5364876790869,3.0,0.0
638.539814077962,4.0,0.0
638.5503278671886,3.0,0.0
638.5663968690603,2.0,0.0
638.5691912051,3.0,0.0
638.5692087835348,4.0,0.0
638.5703640655183,5.0,0.0
638.5799272601304,6.0,0.0
638.6006247966063,5.0,0.0
638.6036229676614,6.0,0.0
638.6139278082685,5.0,0.0
638.6152052935588,6.0,0.0
638.6346194270499,7.0,0.0
638.6415882973321,8.0,0.0
638.6493865120246,7.0,0.0
638.6498033376412,6.0,0.0
638.6570623335779,7.0,0.0
638.6598068517296,8.0,0.0
638.6616349284484,9.0,0.0
638.6698380696782,8.0,0.0
638.6701115957889,9.0,0.0
638.6722871980353,10.0,0.0
638.6814524835623,11.0,0.0
638.6845828063325,10.0,0.0
638.6873837573304,11.0,0.0
638.698096425172,12.0,0.0
638.6998150025616,11.0,0.0
638.7080244737238,12.0,0.0
638.7168660769179,13.0,0.0
638.7171245658985,14.0,0.0
638.7260595160674,13.0,0.0
638.7334042335406,12.0,0.0
638.7350932297992,11.0,0.0
638.737498267083,10.0,0.0
638.7459469279177,9.0,0.0
638.7611695374094,8.0,0.0
638.7751091056743,7.0,0.0
638.7802731146512,6.0,0.0
638.7897719368807,7.0,0.0
638.7974939680895,8.0,0.0
638.8042613621855,7.0,0.0
638.8049264354282,6.0,0.0
638.8064860400414,5.0,0.0
638.8188581157538,4.0,0.0
638.8221686749445,3.0,0.0
638.8233413196724,4.0,0.0
638.8250871275516,5.0,0.0
638.8253610955425,6.0,0.0
638.8264834586788,7.0,0.0
638.8280197480558,6.0,0.0
638.8376567911682,7.0,0.0
638.8479583931758,6.0,0.0
638.8556223641888,5.0,0.0
638.8637732359236,6.0,0.0
638.8660889491581,7.0,0.0
638.8872894301331,6.0,0.0
638.903918516566,5.0,0.0
638.9127206432989,4.0,0.0
638.916619319085,5.0,0.0
638.9168766616938,4.0,0.0
638.9175239956911,5.0,0.0
638.917753473751,6.0,0.0
638.9309497164105,7.0,0.0
638.944684392778,6.0,0.0
638.9666496746919,7.0,0.0
638.9685157676826,8.0,0.0
638.9716690864814,9.0,0.0
638.9875724891707,10.0,0.0
639.0343723296061,9.0,0.0
639.0351302813365,10.0,0.0
639.0503614395419,9.0,0.0
639.0646486618031,10.0,0.0
639.0756723725178,9.0,0.0
639.0783051047446,8.0,0.0
639.0840580283652,9.0,0.0
639.0921938002193,10.0,0.0
639.09915374596,9.0,0.0
639.1047929307284,8.0,0.0
639.1071897840776,9.0,0.0
639.1109382515023,10.0,0.0
639.1163308575376,11.0,0.0
639.1197119941808,10.0,0.0
639.122845371891,11.0,0.0
639.1345145061847,10.0,0.0
639.1518714624639,9.0,0.0
639.1541662224272,8.0,0.0
639.1651707498687,9.0,0.0
639.1782912879418,8.0,0.0
639.1858133832079,7.0,0.0
639.1938621530757,6.0,0.0
639.2044036549565,5.0,0.0
639.2059455403432,4.0,0.0
639.2115148423767,3.0,0.0
639.2139016401711,2.0,0.0
639.2193557479708,3.0,0.0
639.2208046031745,2.0,0.0
639.2234348120656,1.0,0.0
639.2280831751843,0.0,0.0
639.2313787745242,1.0,0.0
639.2318442666848,2.0,0.0
639.2659987159832,3.0,0.0
639.2686114649686,2.0,0.0
639.2951440259737,1.0,0.0
639.3165566348626,2.0,0.0
639.317636266849,3.0,0.0
639.3244822452261,2.0,0.0
639.3325277965482,3.0,0.0
639.3375683319364,2.0,0.0
639.3387291346829,3.0,0.0
639.3448987727025,2.0,0.0
639.3486066481511,1.0,0.0
639.3527353001327,2.0,0.0
639.3551787617318,3.0,0.0
639.3600985921752,4.0,0.0
639.3779808653568,5.0,0.0
639.3790589592421,4.0,0.0
639.3800737166498,3.0,0.0
639.3892780762877,4.0,0.0
639.3920740745159,5.0,0.0
639.4033128680923,6.0,0.0
639.4085212943688,7.0,0.0
639.4097303465661,6.0,0.0
639.410021418038,7.0,0.0
639.4102521384093,8.0,0.0
639.4125992693017,7.0,0.0
639.4143283202662,6.0,0.0
639.4173637847282,5.0,0.0
639.4252686697132,6.0,0.0
639.4274036033943,5.0,0.0
639.4422061589971,6.0,0.0
639.4444093957475,7.0,0.0
639.4623013240114,8.0,0.0
639.4664758966259,9.0,0.0
639.468755819274,10.0,0.0
639.470652344673,9.0,0.0
639.4724580903669,8.0,0.0
639.4741558484292,7.0,0.0
639.4765230968685,6.0,0.0
639.4815174054697,7.0,0.0
639.495371302876,6.0,0.0
639.5063079495542,5.0,0.0
639.5197131523003,6.0,0.0
639.521593606559,7.0,0.0
639.5251758083526,8.0,0.0
639.5257318703945,9.0,0.0
639.5309634983323,8.0,0.0
639.5531652135453,9.0,0.0
639.5617627277175,10.0,0.0
639.5750254621128,11.0,0.0
639.5873337579693,12.0,0.0
639.5954436893668,13.0,0.0
639.6063241466118,12.0,0.0
639.610587790366,11.0,0.0
639.6122682976875,12.0,0.0
639.6291256135025,11.0,0.0
639.6306041571432,10.0,0.0
639.6340571485159,9.0,0.0
639.6371287707826,10.0,0.0
639.6419788262456,9.0,0.0
639.6684156707855,10.0,0.0
639.677729522998,9.0,0.0
639.6899104966822,10.0,0.0
639.6954672670154,11.0,0.0
639.6993952189762,12.0,0.0
639.7131632653259,11.0,0.0
639.7212924045499,10.0,0.0
639.7215507517105,11.0,0.0
639.7243234353654,12.0,0.0
639.7280420339979,13.0,0.0
639.7328953481922,12.0,0.0
639.7367038306564,13.0,0.0
639.7460065496209,12.0,0.0
639.7494283276851,13.0,0.0
639.7507975316101,14.0,0.0
639.7664893961863,15.0,0.0
639.770832708972,14.0,0.0
639.7733524696986,15.0,0.0
639.7841852325931,14.0,0.0
639.8046807165823,15.0,0.0
639.8184044386284,14.0,0.0
639.8184840022593,13.0,0.0
639.8193309093913,12.0,0.0
639.8203692565344,13.0,0.0
639.8274322404365,12.0,0.0
639.8312644917662,13.0,0.0
639.8313904575119,12.0,0.0
639.8376694915048,13.0,0.0
639.8448065413584,14.0,0.0
639.8529979160269,15.0,0.0
639.86517612861,16.0,0.0
639.8670358466374,15.0,0.0
639.8695317090328,14.0,0.0
639.8851632540756,15.0,0.0
639.8981623790535,16.0,0.0
639.9023638170224,17.0,0.0
639.9062623436134,16.0,0.0
639.9090495569465,17.0,0.0
639.9187008374932,18.0,0.0
639.9215574191239,17.0,0.0
639.9217644062362,18.0,0.0
639.9296305479842,17.0,0.0
639.9301086660311,16.0,0.0
639.9322305549161,15.0,0.0
639.9333414735839,14.0,0.0
639.9670916113836,13.0,0.0
639.967334645473,12.0,0.0
639.9724518049884,13.0,0.0
639.9732202054738,12.0,0.0
639.9745951275627,13.0,0.0
639.9768874221295,14.0,0.0
639.9920324004271,15.0,0.0
639.9947585983085,16.0,0.0
640.0082566333655,17.0,0.0
640.0092831346202,18.0,0.0
640.0125991225037,19.0,0.0
640.0172940639327,18.0,0.0
640.0256401672973,19.0,0.0
640.0312426225895,18.0,0.0
640.038352650959,17.0,0.0
640.0420755825345,18.0,0.0
640.0461287348679,17.0,0.0
640.0603021536522,16.0,0.0
640.062200267123,15.0,0.0
640.089416783973,16.0,0.0
640.0984827058478,17.0,0.0
640.1163888977704,16.0,0.0
640.1264076926236,17.0,0.0
640.1335973834633,18.0,0.0
640.1346899640505,17.0,0.0
640.1350409211874,16.0,0.0
640.1357171694102,15.0,0.0
640.1445895814652,14.0,0.0
640.1513299163096,13.0,0.0
640.1647301100508,12.0,0.0
640.1686118048141,13.0,0.0
640.1702452205095,14.0,0.0
640.1732454822056,15.0,0.0
640.176798237815,14.0,0.0
640.1790577080261,15.0,0.0
640.1829137319403,16.0,0.0
640.1863462325185,15.0,0.0
640.2016541668524,16.0,0.0
640.2060497702633,15.0,0.0
640.2087927436083,16.0,0.0
640.2097725227171,17.0,0.0
640.2125571614913,18.0,0.0
640.2129103717094,19.0,0.0
640.2264644061758,20.0,0.0
640.2340084211115,19.0,0.0
640.253400953109,18.0,0.0
640.259166836971,19.0,0.0
640.262065300623,20.0,0.0
640.2748757105363,19.0,0.0
640.2931434885344,18.0,0.0
640.2976640788453,19.0,0.0
640.3082385067775,18.0,0.0
640.3103976908895,19.0,0.0
640.3172854105391,18.0,0.0
640.323310811337,19.0,0.0
640.3480096293277,20.0,0.0
640.3528370016845,19.0,0.0
640.357717341577,20.0,0.0
640.3577497769013,21.0,0.0
640.3606953896885,20.0,0.0
640.3641789460319,19.0,0.0
640.3780427523305,20.0,0.0
640.3830348872353,21.0,0.0
640.3872122563699,22.0,0.0
640.3966676837416,21.0,0.0
640.4061464221378,22.0,0.0
640.4084463030855,23.0,0.0
640.4278653740984,24.0,0.0
640.4313941634884,25.0,0.0
640.435843465716,26.0,0.0
640.4369387868418,25.0,0.0
640.4457306115364,24.0,0.0
640.4477558989807,23.0,0.0
640.4578320413858,22.0,0.0
640.461289484126,21.0,0.0
640.471960001144,22.0,0.0
640.4808875079284,21.0,0.0
640.482494647095,22.0,0.0
640.4934111630781,21.0,0.0
640.4978947951577,22.0,0.0
640.5031711226845,23.0,0.0
640.5070526227581,22.0,0.0
640.5089322471514,23.0,0.0
640.509918265131,22.0,0.0
640.5191226861887,23.0,0.0
640.5226088623936,22.0,0.0
640.532359465722,21.0,0.0
640.5396026506962,20.0,0.0
640.5404276203634,21.0,0.0
640.5406162724851,22.0,0.0
640.5418562632021,23.0,0.0
640.5491844662647,24.0,0.0
640.5539845541227,23.0,0.0
640.5579446773585,24.0,0.0
640.5715282418669,23.0,0.0
640.5769319338873,24.0,0.0
640.5851343602997,25.0,0.0
640.6090836332157,24.0,0.0
640.6163740847851,25.0,0.0
640.6207122906646,26.0,0.0
640.6232900348806,25.0,0.0
640.6252423185498,24.0,0.0
640.6253256325128,25.0,0.0
640.6278265926057,24.0,0.0
640.6291587471575,23.0,0.0
640.6356030417446,24.0,0.0
640.6433144294772,23.0,0.0
640.64948791313,22.0,0.0
640.6554214241065,23.0,0.0
640.6586434292616,24.0,0.0
640.6617504106573,23.0,0.0
640.6621134618346,24.0,0.0
640.665846343662,23.0,0.0
640.6819840888624,22.0,0.0
640.6987300978296,23.0,0.0
640.705039011388,24.0,0.0
640.7070399598774,25.0,0.0
640.7119501747889,24.0,0.0
640.7179145420649,25.0,0.0
640.7239299308758,24.0,0.0
640.7246844483961,23.0,0.0
640.7335164571319,22.0,0.0
640.742280532342,21.0,0.0
640.7440419705421,20.0,0.0
640.7452567754946,19.0,0.0
640.7518300769258,20.0,0.0
640.7543883475895,19.0,0.0
640.7575409034963,20.0,0.0
640.7587041995848,21.0,0.0
640.7666228535157,20.0,0.0
640.7739972002507,21.0,0.0
640.7775585168487,20.0,0.0
640.780595165467,21.0,0.0
640.7897917443646,22.0,0.0
640.790731558,23.0,0.0
640.799477970046,24.0,0.0
640.8049649779667,25.0,0.0
640.8067189959733,26.0,0.0
640.8117820492145,25.0,0.0
640.8117946947348,24.0,0.0
640.8126852600296,25.0,0.0
640.8152420826508,24.0,0.0
640.8182596085419,23.0,0.0
640.820935520986,22.0,0.0
640.8231044640804,23.0,0.0
640.8258500398617,24.0,0.0
640.8269420516816,23.0,0.0
640.8386232495666,24.0,0.0
640.8395234467802,23.0,0.0
640.8423968005233,22.0,0.0
640.8478151588645,23.0,0.0
640.8554880909782,22.0,0.0
640.8674111278503,23.0,0.0
640.8692376519781,24.0,0.0
640.8734305932632,23.0,0.0
640.8859312477019,22.0,0.0
640.8872368025543,23.0,0.0
640.8905779349817,24.0,0.0
640.9014838522859,23.0,0.0
640.9075193233685,22.0,0.0
640.9117043210124,23.0,0.0
640.9268740028493,24.0,0.0
640.9280199573277,23.0,0.0
640.9284677947365,24.0,0.0
640.9362301175319,23.0,0.0
640.9442303068502,22.0,0.0
640.9458557464245,23.0,0.0
640.9637299769839,22.0,0.0
640.9642679154296,21.0,0.0
640.9678815831904,20.0,0.0
640.9718759039823,19.0,0.0
640.9720677481605,18.0,0.0
640.9731393092125,17.0,0.0
640.9771374585346,18.0,0.0
640.9886927248333,17.0,0.0
640.9999187701061,18.0,0.0
641.0060876553122,19.0,0.0
641.0074873961796,20.0,0.0
641.0196306536068,21.0,0.0
641.0235918088314,22.0,0.0
641.0407224193854,23.0,0.0
641.0511250681508,24.0,0.0
641.0573092903625,25.0,0.0
641.0603015980739,26.0,0.0
641.0641616413226,27.0,0.0
641.0659248114182,28.0,0.0
641.0680309239564,29.0,0.0
641.076063373442,28.0,0.0
641.080855998143,27.0,0.0
641.0839717989373,28.0,0.0
641.0882235659205,27.0,0.0
641.0929085359853,26.0,0.0
641.0933051358536,27.0,0.0
641.0956592255876,28.0,0.0
641.1008211737815,27.0,0.0
641.1052531664574,26.0,0.0
641.1095141830367,25.0,0.0
641.110585413512,26.0,0.0
641.11784536645,27.0,0.0
641.1199497130387,26.0,0.0
641.1209300980122,25.0,0.0
641.121587950468,24.0,0.0
641.1285889243723,23.0,0.0
641.1289038657325,24.0,0.0
641.1360601929343,23.0,0.0
641.1447893993799,24.0,0.0
641.145453838267,23.0,0.0
641.1481450961327,24.0,0.0
641.1481485472323,25.0,0.0
641.1551596070382,26.0,0.0
641.1562587265408,25.0,0.0
641.1574062317756,26.0,0.0
641.1654333574595,27.0,0.0
641.1732159588862,28.0,0.0
641.1745581502682,27.0,0.0
641.1839400394945,28.0,0.0
641.1889452602632,27.0,0.0
641.1956880354493,26.0,0.0
641.1990090529537,25.0,0.0
641.219109212909,26.0,0.0
641.2253873087585,25.0,0.0
641.2268641118502,26.0,0.0
641.2272764784261,27.0,0.0
641.2477610783901,28.0,0.0
641.2497127605327,29.0,0.0
641.2497217665464,28.0,0.0
641.2600691422026,29.0,0.0
641.2653104678259,28.0,0.0
641.2696223847117,29.0,0.0
641.2720289487222,30.0,0.0
641.2803250390609,31.0,0.0
641.2895853358004,32.0,0.0
641.2966851730667,33.0,0.0
641.3123569331253,34.0,0.0
641.3216521548366,33.0,0.0
641.3375475883078,32.0,0.0
641.3432971140269,33.0,0.0
641.3512977606711,34.0,0.0
641.3569964790487,33.0,0.0
641.3594605055118,34.0,0.0
641.3649311852962,33.0,0.0
641.375310090057,34.0,0.0
641.3835312521223,33.0,0.0
641.3852379548935,32.0,0.0
641.3862770653258,33.0,0.0
641.3877452334409,32.0,0.0
641.3995520698597,31.0,0.0
641.4017855186328,30.0,0.0
641.4026078963917,29.0,0.0
641.4053590954888,30.0,0.0
641.4201451459281,31.0,0.0
641.4207513942052,30.0,0.0
641.4217888410791,31.0,0.0
641.4287597685167,30.0,0.0
641.429951350636,29.0,0.0
641.4313849466653,30.0,0.0
641.4355135749746,29.0,0.0
641.4513448271197,28.0,0.0
641.4580381629856,27.0,0.0
641.4623960104918,26.0,0.0
641.4707328247285,27.0,0.0
641.4728210983423,28.0,0.0
641.4763121645913,29.0,0.0
641.4791110573913,30.0,0.0
641.4798365280863,29.0,0.0
641.484022572847,30.0,0.0
641.4843415069291,29.0,0.0
641.4872950661271,30.0,0.0
641.4877318603991,31.0,0.0
641.4887418566968,32.0,0.0
641.4959188987553,31.0,0.0
641.5037268126781,32.0,0.0
641.5062241397885,33.0,0.0
641.5066681627738,32.0,0.0
641.5101779476627,31.0,0.0
641.5110146431905,32.0,0.0
641.5171189590947,33.0,0.0
641.5239084043492,32.0,0.0
641.5242686515168,31.0,0.0
641.5354176592879,30.0,0.0
641.5460531571617,29.0,0.0
641.5478347665229,30.0,0.0
641.5481866099494,31.0,0.0
641.5527060171881,32.0,0.0
641.5741969638568,31.0,0.0
641.5769257480913,32.0,0.0
641.577805773521,31.0,0.0
641.5864378199818,32.0,0.0
641.5866190567172,31.0,0.0
641.5869170438904,30.0,0.0
641.590748854071,31.0,0.0
641.6027313370543,32.0,0.0
641.6045392715605,31.0,0.0
641.6105082007126,32.0,0.0
641.6116060330196,33.0,0.0
641.6290928827026,34.0,0.0
641.6363535313167,35.0,0.0
641.6365619950068,36.0,0.0
641.6370645958274,35.0,0.0
641.6424047367536,36.0,0.0
641.6502656093169,35.0,0.0
641.6521914455551,34.0,0.0
641.6524173191448,35.0,0.0
641.665393515178,34.0,0.0
641.6717206467561,33.0,0.0
641.6844837196406,34.0,0.0
641.6869090047869,35.0,0.0
641.6888924660508,36.0,0.0
641.6907340949009,37.0,0.0
641.6978831162139,36.0,0.0
641.6983001529944,37.0,0.0
641.7003425043505,36.0,0.0
641.7223574064603,35.0,0.0
641.7257326997642,34.0,0.0
641.7269256439763,33.0,0.0
641.7296195493809,34.0,0.0
641.7300456960388,33.0,0.0
641.7303899837096,34.0,0.0
641.7318731889537,35.0,0.0
641.7479938762076,34.0,0.0
641.7554396188414,33.0,0.0
641.7566074890367,34.0,0.0
641.7643771244417,35.0,0.0
641.7721701319598,36.0,0.0
641.7819083985696,37.0,0.0
641.7893739374016,38.0,0.0
641.807355360881,39.0,0.0
641.8106406093668,38.0,0.0
641.8183957056581,39.0,0.0
641.8195695574708,40.0,0.0
641.8203315048448,41.0,0.0
641.8224765237743,40.0,0.0
641.8388136714841,41.0,0.0
641.8439895390517,40.0,0.0
641.8595625765324,39.0,0.0
641.8606168648228,40.0,0.0
641.8633022716559,41.0,0.0
641.8700225673001,42.0,0.0
641.8716983156224,41.0,0.0
641.8726406404385,40.0,0.0
641.882669037684,41.0,0.0
641.8886106339834,42.0,0.0
641.8919780472941,41.0,0.0
641.8949795537186,42.0,0.0
641.8979227253379,43.0,0.0
641.9006600526184,44.0,0.0
641.9035170822491,43.0,0.0
641.9116405198832,42.0,0.0
641.9179739191705,43.0,0.0
641.9260221123727,42.0,0.0
641.9315245498987,43.0,0.0
641.9398772334564,42.0,0.0
641.9407205968956,41.0,0.0
641.9472245997817,42.0,0.0
641.9496304677801,43.0,0.0
641.9501814756409,42.0,0.0
641.9624996892625,43.0,0.0
641.9703332763445,44.0,0.0
641.9795128526927,45.0,0.0
641.9825626748785,44.0,0.0
641.9957839718157,45.0,0.0
641.9972625210384,44.0,0.0
641.9997667313032,43.0,0.0
642.0006837112664,44.0,0.0
642.0032536561732,45.0,0.0
642.0130038201364,44.0,0.0
642.0154229715964,43.0,0.0
642.0168629192318,42.0,0.0
642.0186552446594,43.0,0.0
642.0189997913058,42.0,0.0
642.0246040459443,43.0,0.0
642.0338963715686,44.0,0.0
642.035974312079,45.0,0.0
642.0428414411971,46.0,0.0
642.0474240567917,47.0,0.0
642.0536756590183,48.0,0.0
642.0546724557397,49.0,0.0
642.0562233778323,50.0,0.0
642.0628981814142,49.0,0.0
642.0780933058948,48.0,0.0
642.0953235784255,49.0,0.0
642.0976778433625,50.0,0.0
642.1015771379235,51.0,0.0
642.1091270968669,50.0,0.0
642.1127102525811,51.0,0.0
642.1283171947196,50.0,0.0
642.1291329140315,51.0,0.0
642.1296365483913,52.0,0.0
642.1310669296997,51.0,0.0
642.1327756067932,50.0,0.0
642.1374713326105,49.0,0.0
642.1391594718617,48.0,0.0
642.1439595827618,49.0,0.0
642.1543551270604,48.0,0.0
642.1604440342728,49.0,0.0
642.1724513541202,50.0,0.0
642.174616829712,49.0,0.0
642.1781546851065,50.0,0.0
642.1807169742855,49.0,0.0
642.1825919477426,50.0,0.0
642.1943667463372,51.0,0.0
642.1968046848398,50.0,0.0
642.1987777583392,51.0,0.0
642.2061957978251,52.0,0.0
642.2131858400577,51.0,0.0
642.2207806245655,52.0,0.0
642.227998846113,51.0,0.0
642.2323437583154,52.0,0.0
642.2367478140544,53.0,0.0
642.2679430942944,52.0,0.0
642.2684111819029,51.0,0.0
642.2693665334832,50.0,0.0
642.2810057105992,51.0,0.0
642.2872401197518,50.0,0.0
642.2895784937233,49.0,0.0
642.2939490972668,48.0,0.0
642.2999266487349,49.0,0.0
642.3074946870619,48.0,0.0
642.3154850790496,49.0,0.0
642.3163239584941,50.0,0.0
642.3219174208032,49.0,0.0
642.3290568447409,48.0,0.0
642.3311935620718,49.0,0.0
642.3340348530442,50.0,0.0
642.3397066380687,51.0,0.0
642.3417579944311,52.0,0.0
642.3430050313455,51.0,0.0
642.3470335028394,52.0,0.0
642.3526811984772,53.0,0.0
642.3537815793611,54.0,0.0
642.3571550310444,55.0,0.0
642.3645152192995,56.0,0.0
642.3695445000095,57.0,0.0
642.3713533459344,58.0,0.0
642.3719836168315,59.0,0.0
642.3728286994625,58.0,0.0
642.3728509037544,59.0,0.0
642.3746536902231,58.0,0.0
642.3773241875855,59.0,0.0
642.3785704799537,60.0,0.0
642.3795356181668,59.0,0.0
642.3814847293311,60.0,0.0
642.3819335279077,59.0,0.0
642.3834258103353,58.0,0.0
642.387100208551,59.0,0.0
642.388948769179,60.0,0.0
642.3940200929194,59.0,0.0
642.3999896329311,58.0,0.0
642.4097816589556,57.0,0.0
642.4124254521676,58.0,0.0
642.41253001007,59.0,0.0
642.4175985593872,60.0,0.0
642.418255601844,61.0,0.0
642.4213611327951,62.0,0.0
642.4241526372742,61.0,0.0
642.4273754443736,60.0,0.0
642.4299286897343,61.0,0.0
642.4300355300709,62.0,0.0
642.4329862231638,61.0,0.0
642.4420516477143,62.0,0.0
642.4436216977587,63.0,0.0
642.4439582472435,64.0,0.0
642.4445253890455,63.0,0.0
642.445338327039,62.0,0.0
642.4504541999366,63.0,0.0
642.4524464832588,62.0,0.0
642.4576403730431,63.0,0.0
642.467319749969,64.0,0.0
642.4748701418968,65.0,0.0
642.4759761608155,66.0,0.0
642.4810424785406,67.0,0.0
642.4837928857256,68.0,0.0
642.5001652225758,67.0,0.0
642.5077709831204,68.0,0.0
642.5158132486107,69.0,0.0
642.5187380031316,68.0,0.0
642.5290358366499,69.0,0.0
642.5318955577978,70.0,0.0
642.5341450706834,69.0,0.0
642.5367699651279,70.0,0.0
642.5400564745512,71.0,0.0
642.5426611539126,70.0,0.0
642.5467910828868,71.0,0.0
642.5488614146893,72.0,0.0
642.5518582273163,71.0,0.0
642.5690408839616,72.0,0.0
642.5820521154869,73.0,0.0
642.584157059058,72.0,0.0
642.5849984390701,71.0,0.0
642.5865745453198,70.0,0.0
642.5899611870864,71.0,0.0
642.5959305500595,72.0,0.0
642.5997954859355,73.0,0.0
642.6140327787713,72.0,0.0
642.6244753838707,71.0,0.0
642.6365635185949,72.0,0.0
642.641638226876,73.0,0.0
642.6464171414752,72.0,0.0
642.6520633224836,71.0,0.0
642.6533394497524,72.0,0.0
642.6582529503883,71.0,0.0
642.6629321585569,72.0,0.0
642.6697613954107,71.0,0.0
642.6811648413038,72.0,0.0
642.687944880141,71.0,0.0
642.6925621113635,70.0,0.0
642.7019931214912,71.0,0.0
642.7088527276128,72.0,0.0
642.7095294275654,73.0,0.0
642.713268907688,72.0,0.0
642.7163396751874,71.0,0.0
642.7163778665074,72.0,0.0
642.7236576707655,73.0,0.0
642.7258048953648,72.0,0.0
642.7313903806531,73.0,0.0
642.7423038560381,74.0,0.0
642.7423076902363,73.0,0.0
642.7586053520528,72.0,0.0
642.7669058167573,73.0,0.0
642.7671996080896,72.0,0.0
642.7782389774344,71.0,0.0
642.7826384781979,72.0,0.0
642.7882755023403,71.0,0.0
642.7959566407952,72.0,0.0
642.7987186361962,73.0,0.0
642.8021134353581,74.0,0.0
642.802191345158,75.0,0.0
642.8205489347291,76.0,0.0
642.8244281468877,77.0,0.0
642.8343912599752,76.0,0.0
642.8345553931347,75.0,0.0
642.838291255589,74.0,0.0
642.841041910085,73.0,0.0
642.8531595140535,74.0,0.0
642.8623462942297,73.0,0.0
642.864981234366,74.0,0.0
642.8673704861654,75.0,0.0
642.8756653941764,74.0,0.0
642.8849044816263,73.0,0.0
642.8879431477835,72.0,0.0
642.89754439636,73.0,0.0
642.898983427872,72.0,0.0
642.9050142178842,73.0,0.0
642.9051364117342,72.0,0.0
642.905150823655,73.0,0.0
642.9111063261425,72.0,0.0
642.9172880616904,73.0,0.0
642.9185075812727,74.0,0.0
642.9224650558959,73.0,0.0
642.9410438032044,72.0,0.0
642.943138679754,73.0,0.0
642.9528315725017,72.0,0.0
642.962376201313,73.0,0.0
642.966371354343,72.0,0.0
642.974422583144,71.0,0.0
642.9760129462143,72.0,0.0
642.9783683961863,71.0,0.0
642.9880488866327,72.0,0.0
642.9956203753902,73.0,0.0
642.9971646478406,74.0,0.0
642.9975721055227,75.0,0.0
643.0115846256571,76.0,0.0
643.0117405708388,75.0,0.0
643.0380595740255,74.0,0.0
643.04640483737,73.0,0.0
643.0491869720348,74.0,0.0
643.0505542438609,75.0,0.0
643.050621914812,74.0,0.0
643.0515090940394,75.0,0.0
643.0535361837385,76.0,0.0
643.0535473389025,75.0,0.0
643.0624485329038,76.0,0.0
643.0767143660436,75.0,0.0
643.0880193504426,76.0,0.0
643.1000331831572,77.0,0.0
643.1160959206809,78.0,0.0
643.134019647182,77.0,0.0
643.138227025067,78.0,0.0
643.1422523390287,77.0,0.0
643.142539484276,78.0,0.0
643.1430951806516,79.0,0.0
643.1438279530315,80.0,0.0
643.1487764671659,79.0,0.0
643.1493240731793,80.0,0.0
643.1611552523368,81.0,0.0
643.1642337446364,80.0,0.0
643.1642849714855,81.0,0.0
643.1685891544093,82.0,0.0
643.1703577355539,83.0,0.0
643.1881477723792,82.0,0.0
643.1960427733477,81.0,0.0
643.2159516437839,82.0,0.0
643.2229950494949,83.0,0.0
643.2323929743911,84.0,0.0
643.2325822107771,83.0,0.0
643.2451246227142,82.0,0.0
643.2460709671964,83.0,0.0
643.2470589859935,82.0,0.0
643.2476746990507,83.0,0.0
643.2534097343264,84.0,0.0
643.2548055844118,85.0,0.0
643.2554059719529,84.0,0.0
643.2607927846276,85.0,0.0
643.2644508130504,86.0,0.0
643.266513594339,87.0,0.0
643.2678961479113,88.0,0.0
643.273373040818,89.0,0.0
643.277006732634,88.0,0.0
643.2789744868041,89.0,0.0
643.2864294252922,88.0,0.0
643.294993724259,87.0,0.0
643.3210552533899,88.0,0.0
643.3294003145835,89.0,0.0
643.3313109426863,88.0,0.0
643.3498716514858,89.0,0.0
643.3516290035285,90.0,0.0
643.3629677464656,91.0,0.0
643.3681800826332,92.0,0.0
643.3684277925546,93.0,0.0
643.3839632069164,92.0,0.0
643.3850467608233,93.0,0.0
643.3876458977104,92.0,0.0
643.4077157014248,91.0,0.0
643.4109695190144,92.0,0.0
643.4232758078969,91.0,0.0
643.4274497235687,92.0,0.0
643.4339259476728,91.0,0.0
643.4558773934916,92.0,0.0
643.4626320053176,93.0,0.0
643.4778178709648,94.0,0.0
643.4788218112591,95.0,0.0
643.4899170088368,96.0,0.0
643.5139586816213,95.0,0.0
643.5150061782896,96.0,0.0
643.5241408568772,97.0,0.0
643.5277574281187,96.0,0.0
643.5416391033175,97.0,0.0
643.5453824969511,96.0,0.0
643.546234141879,95.0,0.0
643.5477538446326,94.0,0.0
643.5482248286944,93.0,0.0
643.5498071557042,94.0,0.0
643.553466041821,93.0,0.0
643.5570756702097,92.0,0.0
643.5580121109793,91.0,0.0
643.5632026343814,90.0,0.0
643.5638503577967,89.0,0.0
643.5700176260796,88.0,0.0
643.5722528044571,87.0,0.0
643.5754587104497,88.0,0.0
643.576928692678,89.0,0.0
643.5818748071365,90.0,0.0
643.5820122603852,91.0,0.0
643.5833229289838,90.0,0.0
643.5840526662494,89.0,0.0
643.5897718946503,90.0,0.0
643.5917511648674,91.0,0.0
643.5940692548031,92.0,0.0
643.6117391959618,91.0,0.0
643.6164568707942,90.0,0.0
643.617815939303,89.0,0.0
643.6220807406525,88.0,0.0
643.6400298771082,87.0,0.0
643.641605870886,86.0,0.0
643.6601929746579,85.0,0.0
643.663026882602,86.0,0.0
643.664808062792,87.0,0.0
643.6715964459813,86.0,0.0
643.673333427514,87.0,0.0
643.675212829299,88.0,0.0
643.6754617484746,89.0,0.0
643.68224137608,90.0,0.0
643.6849828342512,91.0,0.0
643.686495284816,90.0,0.0
643.6968253520573,89.0,0.0
643.6990987388318,90.0,0.0
643.7142117801434,91.0,0.0
643.7145099670321,92.0,0.0
643.7154888032358,91.0,0.0
643.719089842725,90.0,0.0
643.7293829153082,89.0,0.0
643.7408126649227,88.0,0.0
643.7438509212898,87.0,0.0
643.7442069803221,88.0,0.0
643.7554640369646,89.0,0.0
643.7564705723795,90.0,0.0
643.7578905908779,89.0,0.0
643.75913258186,90.0,0.0
643.7595747384285,91.0,0.0
643.7635458890873,92.0,0.0
643.7659871189061,93.0,0.0
643.7767128649097,94.0,0.0
643.7810591261432,95.0,0.0
643.7846409460822,94.0,0.0
643.788102265436,93.0,0.0
643.7881205590105,94.0,0.0
643.7884901996421,95.0,0.0
643.7888755868838,94.0,0.0
643.7981631335462,95.0,0.0
643.7985384261664,94.0,0.0
643.8032025809707,93.0,0.0
643.8053742003917,94.0,0.0
643.8116344424245,93.0,0.0
643.8145441863727,94.0,0.0
643.8180827739214,93.0,0.0
643.8184397043307,92.0,0.0
643.8237825790352,91.0,0.0
643.8257348621746,90.0,0.0
643.8265282223309,91.0,0.0
643.8389142053351,90.0,0.0
643.8403149482501,89.0,0.0
643.8420847891554,90.0,0.0
643.8580411011947,91.0,0.0
643.8584073559033,90.0,0.0
643.8660410446289,91.0,0.0
643.8691898431001,92.0,0.0
643.879323235086,93.0,0.0
643.8830111206464,92.0,0.0
643.8880039737522,93.0,0.0
643.8910075413464,92.0,0.0
643.8917660821141,91.0,0.0
643.8981731937245,90.0,0.0
643.9031378874492,91.0,0.0
643.9070926384093,92.0,0.0
643.9077047140062,91.0,0.0
643.9077590706622,92.0,0.0
643.9090455033661,91.0,0.0
643.9190845208207,92.0,0.0
643.9197822858011,93.0,0.0
643.9250348148828,94.0,0.0
643.9305571916173,95.0,0.0
643.9322034780208,94.0,0.0
643.9698910680726,93.0,0.0
643.9702083579094,92.0,0.0
643.9727716229114,93.0,0.0
643.9756243316132,94.0,0.0
643.9763809364157,95.0,0.0
643.9779482285579,94.0,0.0
643.9926361584977,95.0,0.0
643.9974991262588,96.0,0.0
643.9987426397989,95.0,0.0
644.0016532952739,94.0,0.0
644.0079480649061,95.0,0.0
644.0104306238725,94.0,0.0
644.0110116100317,95.0,0.0
644.0132104919479,96.0,0.0
644.0250923943506,97.0,0.0
644.025587026847,98.0,0.0
644.0263231994671,99.0,0.0
644.0287212657606,98.0,0.0
644.0385230618176,97.0,0.0
644.049922502013,98.0,0.0
644.0499445811529,99.0,0.0
644.055319553564,100.0,0.0
644.058938150605,99.0,0.0
644.06878182156,100.0,0.0
644.0720724378117,99.0,0.0
644.073626695824,100.0,0.0
644.0764325870081,99.0,0.0
644.0866937653083,98.0,0.0
644.0929158488557,99.0,0.0
644.1018852528252,98.0,0.0
644.1029481513109,97.0,0.0
644.1052767351293,98.0,0.0
644.1054292220696,97.0,0.0
644.1135351318218,98.0,0.0
644.1140257333059,97.0,0.0
644.1397940859977,98.0,0.0
644.1405100259991,99.0,0.0
644.1473277852872,100.0,0.0
644.1521036258907,101.0,0.0
644.1553110340276,100.0,0.0
644.1562688295577,101.0,0.0
644.156988349953,100.0,0.0
644.1713497389079,101.0,0.0
644.1724415416198,102.0,0.0
644.173777981999,103.0,0.0
644.1847415555319,102.0,0.0
644.1913767054859,101.0,0.0
644.1989481991784,100.0,0.0
644.1991701164794,99.0,0.0
644.228082786645,98.0,0.0
644.230779457795,97.0,0.0
644.234009545396,96.0,0.0
644.2433695648455,95.0,0.0
644.2436122854567,94.0,0.0
644.2526374509259,95.0,0.0
644.26931946395,96.0,0.0
644.2710102032635,95.0,0.0
644.2713010133339,96.0,0.0
644.2715485681283,95.0,0.0
644.2746563666616,94.0,0.0
644.2831183474448,95.0,0.0
644.2839324738143,94.0,0.0
644.3047200839744,93.0,0.0
644.3063439198407,94.0,0.0
644.3081805628497,95.0,0.0
644.3114093171932,94.0,0.0
644.3131017127915,95.0,0.0
644.314503949674,96.0,0.0
644.3242019094469,95.0,0.0
644.3273642471572,96.0,0.0
644.329767526769,97.0,0.0
644.3314039952583,98.0,0.0
644.3349861975281,97.0,0.0
644.3360546036838,98.0,0.0
644.3490430145112,97.0,0.0
644.3543291489196,98.0,0.0
644.3642554383125,97.0,0.0
644.36458462416,96.0,0.0
644.3698622210653,97.0,0.0
644.3702559101552,96.0,0.0
644.370292691652,97.0,0.0
644.3703569834537,98.0,0.0
644.3794288143914,99.0,0.0
644.3798308953313,100.0,0.0
644.3825172720422,101.0,0.0
644.3825476997071,102.0,0.0
644.3830994134048,103.0,0.0
644.3833488929206,104.0,0.0
644.3875128431913,105.0,0.0
644.3939860554138,106.0,0.0
644.3999506063608,107.0,0.0
644.4101046201288,108.0,0.0
644.4110482053413,109.0,0.0
644.4132536988809,108.0,0.0
644.4185295080924,109.0,0.0
644.4197120237383,110.0,0.0
644.4414907505246,111.0,0.0
644.4424392611941,110.0,0.0
644.444222371824,111.0,0.0
644.4537151650756,110.0,0.0
644.4543610507695,109.0,0.0
644.4563304245953,108.0,0.0
644.4600572494859,107.0,0.0
644.4691347501824,108.0,0.0
644.4700481367036,109.0,0.0
644.4743287374521,108.0,0.0
644.4743887985574,107.0,0.0
644.475821807457,106.0,0.0
644.4857234044371,107.0,0.0
644.4869395632186,106.0,0.0
644.4898885718811,105.0,0.0
644.4982997149757,106.0,0.0
644.4987511371221,105.0,0.0
644.5029785733913,104.0,0.0
644.5085606852548,105.0,0.0
644.5117036824724,104.0,0.0
644.5190488458821,103.0,0.0
644.5242191800381,104.0,0.0
644.5489264677981,103.0,0.0
644.554688826467,104.0,0.0
644.5667420622522,103.0,0.0
644.5820642221786,102.0,0.0
644.5922087666802,101.0,0.0
644.5929267287511,102.0,0.0
644.6030636156086,103.0,0.0
644.6037288633114,104.0,0.0
644.6052180937797,103.0,0.0
644.6072328328471,102.0,0.0
644.6112739156084,101.0,0.0
644.6164354677238,102.0,0.0
644.617336020381,101.0,0.0
644.6235326232938,100.0,0.0
644.6379943881126,101.0,0.0
644.6383668694928,102.0,0.0
644.6468692636394,103.0,0.0
644.6507704373827,102.0,0.0
644.6695976090123,101.0,0.0
644.6796412181396,100.0,0.0
644.6863146277204,101.0,0.0
644.687363307758,100.0,0.0
644.6964029988579,101.0,0.0
644.698547076157,102.0,0.0
644.7037346312578,103.0,0.0
644.7068256366312,104.0,0.0
644.7081160478317,105.0,0.0
644.7120844091979,104.0,0.0
644.715652278842,103.0,0.0
644.7309846742157,104.0,0.0
644.732209233767,105.0,0.0
644.7356161167204,104.0,0.0
644.7435398148324,105.0,0.0
644.7439491191981,106.0,0.0
644.7459354488147,105.0,0.0
644.7491060094682,106.0,0.0
644.7594969581387,107.0,0.0
644.7663951153324,106.0,0.0
644.7681286122381,105.0,0.0
644.7693455877218,106.0,0.0
644.77380259566,107.0,0.0
644.7747575471316,108.0,0.0
644.776206678122,107.0,0.0
644.7887326192259,106.0,0.0
644.7890674062161,107.0,0.0
644.7908867953945,108.0,0.0
644.7946281652034,109.0,0.0
644.80606422135,108.0,0.0
644.8114132847803,107.0,0.0
644.8211584885557,106.0,0.0
644.8215354930092,105.0,0.0
644.8331498177148,106.0,0.0
644.8476797796436,107.0,0.0
644.8510305712182,106.0,0.0
644.8533603568859,105.0,0.0
644.8842603394822,106.0,0.0
644.8889340615704,107.0,0.0
644.8955642983282,106.0,0.0
644.8965915307678,107.0,0.0
644.9088576191648,106.0,0.0
644.9091923243548,107.0,0.0
644.9119182577617,108.0,0.0
644.9157580292198,109.0,0.0
644.919954288734,108.0,0.0
644.9201566578554,107.0,0.0
644.9245889128321,108.0,0.0
644.9370417257159,109.0,0.0
644.9401457833802,108.0,0.0
644.9410163821573,109.0,0.0
644.9474352866573,110.0,0.0
644.9474910954094,111.0,0.0
644.947965135212,112.0,0.0
644.9585982866985,113.0,0.0
644.9812157822349,112.0,0.0
644.9955189921354,111.0,0.0
644.9962029969898,110.0,0.0
644.9969264265685,109.0,0.0
644.9991592796649,110.0,0.0
645.0043776362088,111.0,0.0
645.0101732530403,112.0,0.0
645.016961796317,111.0,0.0
645.0185663580696,112.0,0.0
645.0255866979738,111.0,0.0
645.0287894062095,110.0,0.0
645.0299589455394,111.0,0.0
645.0305133652736,112.0,0.0
645.0336075212825,111.0,0.0
645.0459380746983,110.0,0.0
645.0550828675182,109.0,0.0
645.0572376093359,110.0,0.0
645.0630027262695,109.0,0.0
645.0674506737402,108.0,0.0
645.0689842359204,107.0,0.0
645.0775058646327,106.0,0.0
645.0802763621649,105.0,0.0
645.0944657453838,104.0,0.0
645.1071655550593,105.0,0.0
645.1225727484259,106.0,0.0
645.1262501021067,105.0,0.0
645.1325204078931,104.0,0.0
645.1405759160613,103.0,0.0
645.1413959295966,102.0,0.0
645.1424035131986,101.0,0.0
645.1436304880888,102.0,0.0
645.1517374259982,103.0,0.0
645.1549036307438,104.0,0.0
645.1559632794048,105.0,0.0
645.1722701730831,106.0,0.0
645.174109255264,105.0,0.0
645.1775249225642,106.0,0.0
645.2028696689581,107.0,0.0
645.2040990078522,106.0,0.0
645.2060202393458,105.0,0.0
645.2236613138874,106.0,0.0
645.2275390600608,105.0,0.0
645.228188104233,104.0,0.0
645.2301378364148,103.0,0.0
645.2317916977232,102.0,0.0
645.2336458719985,103.0,0.0
645.2361372688817,102.0,0.0
645.2363620200365,101.0,0.0
645.2403628770745,100.0,0.0
645.2407064131138,101.0,0.0
645.2407392803567,100.0,0.0
645.248889423511,101.0,0.0
645.2560852620682,102.0,0.0
645.2573396126404,101.0,0.0
645.2591013384393,100.0,0.0
645.2614033346351,101.0,0.0
645.2664313690318,100.0,0.0
645.269522545085,101.0,0.0
645.2756652454036,100.0,0.0
645.2781842375242,101.0,0.0
645.2791777047796,102.0,0.0
645.2817371481725,103.0,0.0
645.2872007848955,102.0,0.0
645.2920764386726,103.0,0.0
645.3042388981644,102.0,0.0
645.3050402165289,103.0,0.0
645.3075094600193,104.0,0.0
645.3195693749818,105.0,0.0
645.3196401006103,106.0,0.0
645.3333076690637,105.0,0.0
645.3351978296369,104.0,0.0
645.3442461631987,105.0,0.0
645.3504175677642,106.0,0.0
645.350888934145,107.0,0.0
645.3623409469806,106.0,0.0
645.3792736032946,105.0,0.0
645.3913203594759,106.0,0.0
645.3926216511153,107.0,0.0
645.4091929785571,106.0,0.0
645.4124972164312,105.0,0.0
645.4127691458566,104.0,0.0
645.4133184353593,103.0,0.0
645.4136206320258,102.0,0.0
645.416300190229,101.0,0.0
645.4174429210133,102.0,0.0
645.4192780837525,101.0,0.0
645.4218154485089,100.0,0.0
645.4269757548265,101.0,0.0
645.430908190931,100.0,0.0
645.4312347246267,99.0,0.0
645.4372068463026,98.0,0.0
645.4407595833807,97.0,0.0
645.442481754721,98.0,0.0
645.4447866876876,97.0,0.0
645.4616723462975,96.0,0.0
645.4681729432775,95.0,0.0
645.4682610188752,94.0,0.0
645.4736820607537,93.0,0.0
645.478858986374,94.0,0.0
645.4992297130404,95.0,0.0
645.5010234464041,94.0,0.0
645.5011107277227,95.0,0.0
645.5042427706843,94.0,0.0
645.5100078194773,93.0,0.0
645.5162434873674,94.0,0.0
645.5192203739864,95.0,0.0
645.5214715823317,94.0,0.0
645.5293594016789,95.0,0.0
645.5341023397622,94.0,0.0
645.5390659769165,93.0,0.0
645.541010024247,94.0,0.0
645.541114443953,95.0,0.0
645.5457352856856,96.0,0.0
645.546325334365,97.0,0.0
645.5466231974839,96.0,0.0
645.5472359293855,95.0,0.0
645.5751973857931,94.0,0.0
645.5841813791754,93.0,0.0
645.5852487515375,94.0,0.0
645.5923558726597,93.0,0.0
645.5927705769396,94.0,0.0
645.5974072222707,95.0,0.0
645.5984401774434,96.0,0.0
645.6066297857094,97.0,0.0
645.6105891524801,96.0,0.0
645.6155582723379,97.0,0.0
645.6157902110876,96.0,0.0
645.6226386283753,97.0,0.0
645.6236356227637,96.0,0.0
645.62366847752,97.0,0.0
645.6249937148136,98.0,0.0
645.6278196265345,97.0,0.0
645.6317783431291,96.0,0.0
645.6364302280209,97.0,0.0
645.6391763518342,98.0,0.0
645.6424609420169,99.0,0.0
645.6532297007782,100.0,0.0
645.6663776684014,99.0,0.0
645.6738837565193,98.0,0.0
645.6749846102769,97.0,0.0
645.6993973047137,96.0,0.0
645.7182594673728,95.0,0.0
645.7194212428137,96.0,0.0
645.7227145866267,95.0,0.0
645.7231591970317,96.0,0.0
645.7277607787303,95.0,0.0
645.7392820725904,96.0,0.0
645.7457032190852,95.0,0.0
645.7461145128352,94.0,0.0
645.7663053373888,95.0,0.0
645.7722659324147,96.0,0.0
645.7732188319571,97.0,0.0
645.7740571812743,96.0,0.0
645.7749436881235,95.0,0.0
645.7791535135393,96.0,0.0
645.7798856982164,95.0,0.0
645.7871413495382,94.0,0.0
645.79426628488,93.0,0.0
645.7993144618629,94.0,0.0
645.8003266640756,93.0,0.0
645.8046641171956,92.0,0.0
645.8173577268172,93.0,0.0
645.8230800585715,92.0,0.0
645.8244133702447,91.0,0.0
645.8247080544281,92.0,0.0
645.8249604357967,93.0,0.0
645.8250637791314,92.0,0.0
645.8263757284151,91.0,0.0
645.8298214660206,90.0,0.0
645.8330602091844,89.0,0.0
645.8396281830736,90.0,0.0
645.8420717521941,89.0,0.0
645.8450800879152,88.0,0.0
645.8463117314122,89.0,0.0
645.8565843885389,88.0,0.0
645.8770715860976,87.0,0.0
645.8815814273938,88.0,0.0
645.8865360385868,89.0,0.0
645.8920177414832,88.0,0.0
645.903196710633,89.0,0.0
645.9032674805502,88.0,0.0
645.9049276769052,87.0,0.0
645.9107606033192,88.0,0.0
645.9258072036242,89.0,0.0
645.932683179512,88.0,0.0
645.933415063324,89.0,0.0
645.9387786187244,90.0,0.0
645.9477522785023,91.0,0.0
645.9560193535245,90.0,0.0
645.9580842219634,91.0,0.0
645.9592623029375,92.0,0.0
645.9594587719797,91.0,0.0
645.9660407625722,90.0,0.0
645.9667809394608,91.0,0.0
645.9677860831584,90.0,0.0
645.9745240097285,91.0,0.0
645.9761659614431,92.0,0.0
645.9805436700794,91.0,0.0
645.9873933224084,92.0,0.0
645.992723137631,91.0,0.0
646.0003268498392,92.0,0.0
646.002020757595,93.0,0.0
646.0020816252205,92.0,0.0
646.0034884846042,91.0,0.0
646.0162582494705,92.0,0.0
646.0315352780872,91.0,0.0
646.0358061831352,90.0,0.0
646.0438099646946,91.0,0.0
646.0539424380511,92.0,0.0
646.0737759553839,93.0,0.0
646.0844029064907,92.0,0.0
646.0900565832234,93.0,0.0
646.0902794029455,92.0,0.0
646.0985313787187,93.0,0.0
646.1094852870507,92.0,0.0
646.1121070920636,93.0,0.0
646.1135103732857,94.0,0.0
646.1172124379335,93.0,0.0
646.1198502916766,94.0,0.0
646.121430885227,95.0,0.0
646.1235827333596,96.0,0.0
646.1349291626789,95.0,0.0
646.1427312958078,94.0,0.0
646.151812526447,95.0,0.0
646.1528161662067,94.0,0.0
646.1565937837548,95.0,0.0
646.1606648930751,96.0,0.0
646.1688632714998,95.0,0.0
646.1742156185256,96.0,0.0
646.1789373221188,95.0,0.0
646.1888513477717,96.0,0.0
646.1972860805856,95.0,0.0
646.199745587962,94.0,0.0
646.2037525297075,93.0,0.0
646.2066552301187,94.0,0.0
646.2455106338249,93.0,0.0
646.2468817907445,94.0,0.0
646.2563995488257,95.0,0.0
646.2686321772862,96.0,0.0
646.2713631683548,95.0,0.0
646.2776076114963,94.0,0.0
646.286805012678,93.0,0.0
646.2880786027055,92.0,0.0
646.3005054337633,93.0,0.0
646.3034468560445,92.0,0.0
646.3040924458783,91.0,0.0
646.3117270704058,90.0,0.0
646.3153284128348,89.0,0.0
646.3215848484097,90.0,0.0
646.3226158360343,91.0,0.0
646.3255908595927,92.0,0.0
646.3257451690469,93.0,0.0
646.3270868321625,94.0,0.0
646.3297160437678,95.0,0.0
646.3404485844477,96.0,0.0
646.3477610618008,95.0,0.0
646.3715133084149,96.0,0.0
646.3760600666005,95.0,0.0
646.3948927572125,96.0,0.0
646.4099453544256,97.0,0.0
646.4450680159964,98.0,0.0
646.4535881002467,99.0,0.0
646.4608300980658,98.0,0.0
646.4628532500362,97.0,0.0
646.4767621423921,96.0,0.0
646.4811902133133,97.0,0.0
646.4903091265796,98.0,0.0
646.4989093525292,97.0,0.0
646.4991033109416,98.0,0.0
646.5014198823454,99.0,0.0
646.512525583905,98.0,0.0
646.5134032187332,99.0,0.0
646.5211315321411,98.0,0.0
646.5251507555643,97.0,0.0
646.5270754089725,98.0,0.0
646.5272960520947,97.0,0.0
646.5307943207841,98.0,0.0
646.5450769167516,99.0,0.0
646.5504449184009,100.0,0.0
646.5547532457203,101.0,0.0
646.5551181153115,100.0,0.0
646.5626723933261,99.0,0.0
646.5666015336337,100.0,0.0
646.5696923459358,99.0,0.0
646.579700147965,98.0,0.0
646.5816192853988,97.0,0.0
646.5821764461965,96.0,0.0
646.5828043467676,97.0,0.0
646.591200464193,98.0,0.0
646.5931463979471,97.0,0.0
646.5983642546623,96.0,0.0
646.599398164196,95.0,0.0
646.6146706933775,96.0,0.0
646.6214856704695,95.0,0.0
646.6282725624892,96.0,0.0
646.6460002731238,97.0,0.0
646.6463477775283,96.0,0.0
646.6495059707313,95.0,0.0
646.6588232827377,96.0,0.0
646.6594023354679,95.0,0.0
646.6617253889831,96.0,0.0
646.6711375663884,97.0,0.0
646.6713647440116,96.0,0.0
646.6730176645128,95.0,0.0
646.6731732116242,94.0,0.0
646.6759668068046,95.0,0.0
646.6846018478943,96.0,0.0
646.6963702716472,95.0,0.0
646.7198698037123,94.0,0.0
646.7255638172833,93.0,0.0
646.7281663222476,94.0,0.0
646.7300930601882,93.0,0.0
646.7360908158715,92.0,0.0
646.7383518648779,93.0,0.0
646.7430642794242,94.0,0.0
646.7522932309213,93.0,0.0
646.7544507642293,94.0,0.0
646.7572093256006,93.0,0.0
646.758964143024,94.0,0.0
646.7634154658814,95.0,0.0
646.7651739596212,94.0,0.0
646.7720126806745,95.0,0.0
646.7792151465749,94.0,0.0
646.7897769199592,93.0,0.0
646.798023963766,92.0,0.0
646.7982169612142,91.0,0.0
646.7995372997988,92.0,0.0
646.8032731684631,93.0,0.0
646.812624030808,92.0,0.0
646.820149476069,91.0,0.0
646.8201664274593,92.0,0.0
646.8343510410982,93.0,0.0
646.8345992192291,92.0,0.0
646.853247475408,91.0,0.0
646.8576359828222,90.0,0.0
646.8626398160437,89.0,0.0
646.8872058827867,88.0,0.0
646.8898836259275,89.0,0.0
646.8959986851106,90.0,0.0
646.9018191405166,91.0,0.0
646.9104284711617,92.0,0.0
646.9109956185192,91.0,0.0
646.9159296861939,92.0,0.0
646.926421127317,91.0,0.0
646.9295364512205,90.0,0.0
646.9341262674174,89.0,0.0
646.9352779390167,88.0,0.0
646.9353974178368,89.0,0.0
646.935703825533,88.0,0.0
646.9397310705968,89.0,0.0
646.9459052163862,88.0,0.0
646.9522421799564,87.0,0.0
646.9560914660399,86.0,0.0
646.966351504621,85.0,0.0
646.9724551436648,84.0,0.0
646.9857994170784,83.0,0.0
646.9921355429968,82.0,0.0
646.9928094990753,81.0,0.0
646.9991467169073,80.0,0.0
647.0112587886063,81.0,0.0
647.0134906884945,80.0,0.0
647.0223637634887,79.0,0.0
647.0225330675848,78.0,0.0
647.0228425141306,79.0,0.0
647.0260041923661,80.0,0.0
647.0359373885188,81.0,0.0
647.0456555167442,80.0,0.0
647.0502195165293,81.0,0.0
647.0514522417379,80.0,0.0
647.0570713458249,79.0,0.0
647.0635127120443,78.0,0.0
647.0747536194475,77.0,0.0
647.0755238698321,78.0,0.0
647.0948108265782,77.0,0.0
647.0961414784323,76.0,0.0
647.0976930717763,75.0,0.0
647.1083360180197,74.0,0.0
647.1383658742851,75.0,0.0
647.1605931532392,76.0,0.0
647.1643021381075,77.0,0.0
647.1668782419825,76.0,0.0
647.1717737391231,77.0,0.0
647.1817517955371,76.0,0.0
647.1819086117822,77.0,0.0
647.1918340222485,78.0,0.0
647.2043908511716,77.0,0.0
647.2073706060593,78.0,0.0
647.2127107429521,79.0,0.0
647.2232570492783,78.0,0.0
647.2246313745809,79.0,0.0
647.2251147672428,78.0,0.0
647.2264879008954,77.0,0.0
647.2287066987976,78.0,0.0
647.2385002815232,77.0,0.0
647.2461096819219,78.0,0.0
647.2491018157803,77.0,0.0
647.2573087884319,76.0,0.0
647.2618974898911,77.0,0.0
647.2654540405889,78.0,0.0
647.274119923354,77.0,0.0
647.2759978652281,78.0,0.0
647.2831484661484,79.0,0.0
647.2881070375428,78.0,0.0
647.2924550060533,77.0,0.0
647.3001691097895,78.0,0.0
647.3125559417191,77.0,0.0
647.3125659793,76.0,0.0
647.323832865191,77.0,0.0
647.3278315592363,78.0,0.0
647.3285034289551,79.0,0.0
647.350660896701,80.0,0.0
647.3508301928837,79.0,0.0
647.360651301337,80.0,0.0
647.360850735585,81.0,0.0
647.3637414725983,80.0,0.0
647.3747653494252,81.0,0.0
647.3878447435238,82.0,0.0
647.395882444184,83.0,0.0
647.4068119962611,82.0,0.0
647.4098375897835,81.0,0.0
647.4145291947125,82.0,0.0
647.4168428082128,81.0,0.0
647.4199687583246,80.0,0.0
647.4322664260121,79.0,0.0
647.4421530180799,78.0,0.0
647.4472920562353,79.0,0.0
647.4517914558675,78.0,0.0
647.4548371084004,77.0,0.0
647.4569921357637,76.0,0.0
647.4593616214956,75.0,0.0
647.4755671982992,74.0,0.0
647.476563322849,73.0,0.0
647.4835475414053,72.0,0.0
647.4868453799135,73.0,0.0
647.4916465770233,74.0,0.0
647.4977931050521,73.0,0.0
647.4986045954321,74.0,0.0
647.5233958163656,73.0,0.0
647.5341582955581,72.0,0.0
647.5357708276305,71.0,0.0
647.5482791632767,72.0,0.0
647.5626825887066,71.0,0.0
647.5673857276201,72.0,0.0
647.570966484574,73.0,0.0
647.5716750000342,74.0,0.0
647.5963983989542,75.0,0.0
647.6055378613438,74.0,0.0
647.6095689735896,73.0,0.0
647.6130940202827,72.0,0.0
647.6230232610002,73.0,0.0
647.6230358835581,72.0,0.0
647.6260591335134,73.0,0.0
647.6304439365291,72.0,0.0
647.6352060283266,71.0,0.0
647.645055624896,70.0,0.0
647.6461425151329,71.0,0.0
647.6462044229123,72.0,0.0
647.6469980562762,71.0,0.0
647.6518216290689,72.0,0.0
647.6538028622654,71.0,0.0
647.6920394184289,72.0,0.0
647.6976332223659,71.0,0.0
647.7118720336383,72.0,0.0
647.7129676496121,71.0,0.0
647.7161752932448,72.0,0.0
647.7162076042772,71.0,0.0
647.7411729311768,70.0,0.0
647.7453496453187,71.0,0.0
647.7590881126797,72.0,0.0
647.7878308674132,71.0,0.0
647.7909588832019,72.0,0.0
647.8087110592685,73.0,0.0
647.8133700116521,72.0,0.0
647.8227827155847,71.0,0.0
647.8557557096848,72.0,0.0
647.8576058313098,71.0,0.0
647.8579261990833,70.0,0.0
647.8679940395351,69.0,0.0
647.8696273091558,68.0,0.0
647.8812770182469,69.0,0.0
647.8946566572337,68.0,0.0
647.9178963964202,67.0,0.0
647.9267473971078,68.0,0.0
647.9269996486486,69.0,0.0
647.9350917292514,68.0,0.0
647.9443650132254,67.0,0.0
647.9656387826763,68.0,0.0
647.9679075183752,69.0,0.0
647.9700952492469,68.0,0.0
647.988723356391,67.0,0.0
647.9898358250431,66.0,0.0
647.9950412841225,65.0,0.0
648.0069569921978,66.0,0.0
648.0090329293487,67.0,0.0
648.0177605734268,66.0,0.0
648.0265612873644,65.0,0.0
648.0429176238378,64.0,0.0
648.0506425727225,63.0,0.0
648.0598076629757,62.0,0.0
648.0658050237842,61.0,0.0
648.067067496506,60.0,0.0
648.0705956984442,59.0,0.0
648.0750704902853,58.0,0.0
648.0768348366911,59.0,0.0
648.0805759662899,60.0,0.0
648.0949366120758,61.0,0.0
648.10763486539,60.0,0.0
648.1115155307019,59.0,0.0
648.1117883931581,58.0,0.0
648.1157738520735,57.0,0.0
648.1214789478912,56.0,0.0
648.1412860211409,55.0,0.0
648.1665216512595,56.0,0.0
648.1775007319402,57.0,0.0
648.1864356289611,56.0,0.0
648.1907697757065,55.0,0.0
648.2054733684045,54.0,0.0
648.2191019034038,53.0,0.0
648.2245285039658,52.0,0.0
648.2261212738006,51.0,0.0
648.2427580487466,52.0,0.0
648.2461230657001,51.0,0.0
648.247092509137,52.0,0.0
648.25029325783,53.0,0.0
648.2558319193695,52.0,0.0
648.2574568557525,53.0,0.0
648.2832448895114,52.0,0.0
648.2880405521283,51.0,0.0
648.3116961291648,50.0,0.0
648.3162524785279,49.0,0.0
648.3303530961817,50.0,0.0
648.3321527444502,49.0,0.0
648.348727707032,50.0,0.0
648.3618747488829,49.0,0.0
648.36682624506,48.0,0.0
648.3687938158785,49.0,0.0
648.370198810293,50.0,0.0
648.3904424190144,49.0,0.0
648.3925844343543,48.0,0.0
648.397206979721,49.0,0.0
648.4287177425903,50.0,0.0
648.4369112114565,51.0,0.0
648.4433459546398,50.0,0.0
648.4542408677794,49.0,0.0
648.4575908011283,48.0,0.0
648.4706262430931,47.0,0.0
648.4871369728709,46.0,0.0
648.4921203169248,45.0,0.0
648.5004281799211,44.0,0.0
648.5007750168936,43.0,0.0
648.5191652896585,42.0,0.0
648.5259544002523,41.0,0.0
648.5337669762498,42.0,0.0
648.5353102730085,41.0,0.0
648.5412498435118,40.0,0.0
648.5680726231645,41.0,0.0
648.570365303856,40.0,0.0
648.5784913489072,39.0,0.0
648.5891040011807,38.0,0.0
648.591904653131,37.0,0.0
648.5952033363357,36.0,0.0
648.6007322520248,35.0,0.0
648.6103831704424,36.0,0.0
648.6137159834035,35.0,0.0
648.6437202798932,36.0,0.0
648.660082872595,35.0,0.0
648.6633591724059,34.0,0.0
648.6784081872812,33.0,0.0
648.6934645644743,32.0,0.0
648.696529114934,31.0,0.0
648.7018367674783,30.0,0.0
648.7024397280453,29.0,0.0
648.7058193034281,30.0,0.0
648.7071146296388,29.0,0.0
648.7076380740543,30.0,0.0
648.7124253913942,31.0,0.0
648.7274600305709,30.0,0.0
648.7290514679586,29.0,0.0
648.7339700761893,28.0,0.0
648.7541045444666,27.0,0.0
648.7585855208537,28.0,0.0
648.7654840213756,27.0,0.0
648.7853438287965,26.0,0.0
648.7933589347056,25.0,0.0
648.7959357883193,24.0,0.0
648.7998014714062,23.0,0.0
648.8001225634553,22.0,0.0
648.8049957851983,23.0,0.0
648.8057042929538,22.0,0.0
648.8313641563288,21.0,0.0
648.8330420990329,22.0,0.0
648.8436580167825,21.0,0.0
648.8578913585436,20.0,0.0
648.8631317690302,21.0,0.0
648.864493984227,20.0,0.0
648.8718860426527,19.0,0.0
648.877034690721,18.0,0.0
648.878242050061,17.0,0.0
648.8797565415699,16.0,0.0
648.8841290910872,15.0,0.0
648.8865799890256,14.0,0.0
648.9062451681633,13.0,0.0
648.9072888583247,12.0,0.0
648.95096843957,13.0,0.0
648.9786125803179,14.0,0.0
648.9842726011966,13.0,0.0
648.9909385279287,14.0,0.0
649.0160465964177,15.0,0.0
649.0193509089571,14.0,0.0
649.0194221603396,13.0,0.0
649.0306982933921,12.0,0.0
649.0329394657332,11.0,0.0
649.0468248745293,10.0,0.0
649.0628143820592,11.0,0.0
649.0667062849254,10.0,0.0
649.071922462639,9.0,0.0
649.0746103351909,8.0,0.0
649.0798172903076,7.0,0.0
649.0816271271849,6.0,0.0
649.0922708755917,5.0,0.0
649.0971830651702,4.0,0.0
649.0973518696676,3.0,0.0
649.1033738191377,4.0,0.0
649.1153329312787,3.0,0.0
649.1175202307624,2.0,0.0
649.1184088183923,3.0,0.0
649.131876922812,4.0,0.0
649.1330580498068,5.0,0.0
649.1444072411,4.0,0.0
649.1491497672114,3.0,0.0
649.1516357839924,4.0,0.0
649.1529237078514,5.0,0.0
649.1584819483503,6.0,0.0
649.1634763687556,5.0,0.0
649.1951729353087,4.0,0.0
649.2060456801075,5.0,0.0
649.2065330900248,4.0,0.0
649.228224442388,3.0,0.0
649.2352218184722,4.0,0.0
649.2407184549119,5.0,0.0
649.2980044987577,4.0,0.0
649.308133970768,3.0,0.0
649.3111323379004,2.0,0.0
649.3157243090482,1.0,0.0
649.3364257323879,0.0,0.0
649.3440641951839,1.0,0.0
649.3501513438778,0.0,0.0
649.3690817025141,1.0,0.0
649.409769908072,0.0,0.0
649.4336847925158,1.0,0.0
649.4691478379785,0.0,0.0
649.4878423985823,1.0,0.0
649.4949020694575,2.0,0.0
649.5216967307525,3.0,0.0
649.5503200850978,2.0,0.0
649.5551181468037,1.0,0.0
649.5699737658399,0.0,0.0
649.5832118886916,1.0,0.0
649.5890835825973,2.0,0.0
649.5907821596356,1.0,0.0
649.6195087389322,0.0,0.0
649.6275235260563,1.0,0.0
649.6621260983852,0.0,0.0
649.6695462875246,1.0,0.0
649.6697268191904,0.0,0.0
649.6912705477899,1.0,0.0
649.7009243748906,2.0,0.0
649.7053671841661,1.0,0.0
649.7169007544163,0.0,0.0
649.7488019585213,1.0,0.0
649.7550051923122,0.0,0.0
649.756372869526,1.0,0.0
649.7886743392933,0.0,0.0
649.8332732618347,1.0,0.0
649.8424861706776,2.0,0.0
649.8446491921784,1.0,0.0
649.874368137241,0.0,0.0
649.8855015435818,1.0,0.0
649.8871617342927,2.0,0.0
649.8958017356097,3.0,0.0
649.9295352598983,2.0,0.0
649.9360578133656,1.0,0.0
649.9436996960902,2.0,0.0
649.9440507661619,1.0,0.0
649.956390300773,2.0,0.0
649.9628228668794,1.0,0.0
650.0436081330739,0.0,0.0
650.0685131113223,1.0,0.0
650.0808456521784,0.0,0.0
650.099582551582,1.0,0.0
650.1018971176761,2.0,0.0
650.120541218436,3.0,0.0
650.1233317769728,4.0,0.0
650.1331027553168,5.0,0.0
650.1350473623907,4.0,0.0
650.1373217205963,3.0,0.0
650.1728185595297,2.0,0.0
650.1869251748018,3.0,0.0
650.1974672269463,2.0,0.0
650.2032500924086,3.0,0.0
650.2033010769374,2.0,0.0
650.2497240893301,1.0,0.0
650.3041822142462,0.0,0.0
650.487066486968,1.0,0.0
650.4891490901583,0.0,0.0
650.5063645108282,1.0,0.0
650.5193820013717,0.0,0.0
650.6016467164453,1.0,0.0
650.6242338054091,2.0,0.0
650.6250141124672,1.0,0.0
650.6360767945793,2.0,0.0
650.6503232434575,3.0,0.0
650.670987563903,2.0,0.0
650.6850443867454,3.0,0.0
650.6880680722661,2.0,0.0
650.6998432120298,1.0,0.0
650.7062759001567,0.0,0.0
650.791797791137,1.0,0.0
650.8215186782035,0.0,0.0
650.8391442408773,1.0,0.0
650.8641077209068,0.0,0.0
650.945107029945,1.0,0.0
650.9543147535021,2.0,0.0
650.9545242459363,1.0,0.0
650.9557383952634,2.0,0.0
650.9676088162387,1.0,0.0
650.9715485249436,0.0,0.0
651.0122671355018,1.0,0.0
651.0622032085289,0.0,0.0
651.0697306320682,1.0,0.0
651.0792198030249,0.0,0.0
651.1540526887218,1.0,0.0
651.1727699083431,0.0,0.0
651.2637526885152,1.0,0.0
651.2942754786334,0.0,0.0
651.3496898154804,1.0,0.0
651.3587173442462,0.0,0.0
651.4179514033862,1.0,0.0
651.4290941531194,2.0,0.0
651.4377616323968,3.0,0.0
651.4438201159265,4.0,0.0
651.44403564566,3.0,0.0
651.4463168023283,2.0,0.0
651.4609233112468,1.0,0.0
651.4776626915163,0.0,0.0
651.500758123949,1.0,0.0
651.5095158550946,0.0,0.0
651.5663744576556,1.0,0.0
651.5779788961256,2.0,0.0
651.6045999708283,1.0,0.0
651.6295350681314,0.0,0.0
651.6634557981538,1.0,0.0
651.715435126856,0.0,0.0
651.7414386395184,1.0,0.0
651.745197391268,2.0,0.0
651.7535280132472,1.0,0.0
651.7566763172932,2.0,0.0
651.7839379647083,3.0,0.0
651.7945173677325,2.0,0.0
651.8155535111915,1.0,0.0
651.8174285197854,0.0,0.0
651.8942203429592,1.0,0.0
651.8943578171412,2.0,0.0
651.9030053737142,1.0,0.0
651.9409186740056,0.0,0.0
651.9429948362744,1.0,0.0
651.9767186802419,0.0,0.0
652.0285419830933,1.0,0.0
652.0394328985449,2.0,0.0
652.0516311134072,1.0,0.0
652.0666583588052,0.0,0.0
652.0764286983868,1.0,0.0
652.1041582583806,0.0,0.0
652.1256851849544,1.0,0.0
652.1270048423646,0.0,0.0
652.2116496144032,1.0,0.0
652.2339142874786,0.0,0.0
652.2657477067675,1.0,0.0
652.2706267664317,0.0,0.0
652.3063913779914,1.0,0.0
652.3135855271067,2.0,0.0
652.314978359197,1.0,0.0
652.3804232438821,0.0,0.0
652.3877712261124,1.0,0.0
652.3916742060793,0.0,0.0
652.4028477779991,1.0,0.0
652.4385268006009,0.0,0.0
652.4425472669774,1.0,0.0
652.4471706286841,2.0,0.0
652.4474025302243,1.0,0.0
652.4627595827443,2.0,0.0
652.4633029147163,3.0,0.0
652.4693242410258,2.0,0.0
652.4727732769643,3.0,0.0
652.4811108725269,2.0,0.0
652.4853891337616,1.0,0.0
652.5003488584196,0.0,0.0
652.512729435738,1.0,0.0
652.5622959429985,0.0,0.0
652.5768817006398,1.0,0.0
652.5879362286062,0.0,0.0
652.6167031468065,1.0,0.0
652.6249027153432,2.0,0.0
652.6272122941115,3.0,0.0
652.6366795135327,4.0,0.0
652.6467894187646,3.0,0.0
652.6625757424164,4.0,0.0
652.6630370529756,3.0,0.0
652.6709966530021,4.0,0.0
652.698036566103,3.0,0.0
652.6989884036576,2.0,0.0
652.716628049239,1.0,0.0
652.7275503948657,0.0,0.0
652.767297053762,1.0,0.0
652.7819090941947,0.0,0.0
652.7874501192944,1.0,0.0
652.7896211293063,0.0,0.0
652.8046463564508,1.0,0.0
652.8159681518181,2.0,0.0
652.8351510767278,3.0,0.0
652.84170671122,4.0,0.0
652.8460977395815,3.0,0.0
652.8489386464771,4.0,0.0
652.8523516159515,3.0,0.0
652.8616241266933,2.0,0.0
652.8628645202176,3.0,0.0
652.8766819465037,4.0,0.0
652.8770431855378,3.0,0.0
652.8801940316852,2.0,0.0
652.8828759778456,1.0,0.0
652.8950299238664,2.0,0.0
652.9009220529572,3.0,0.0
652.9043613040952,2.0,0.0
652.9063091901115,3.0,0.0
652.9203676549735,2.0,0.0
652.928562990774,3.0,0.0
652.9420407827714,4.0,0.0
652.9699995908372,3.0,0.0
652.9716817512452,2.0,0.0
652.9767452161382,3.0,0.0
652.9767847882381,4.0,0.0
652.9904412382947,3.0,0.0
653.011340034557,2.0,0.0
653.0194129210067,1.0,0.0
653.0262386305129,2.0,0.0
653.0332996821606,3.0,0.0
653.0423976302775,2.0,0.0
653.0570376770819,1.0,0.0
653.0776036324949,2.0,0.0
653.0878839889115,3.0,0.0
653.0902453284648,4.0,0.0
653.1016368280701,3.0,0.0
653.115128116381,4.0,0.0
653.1169166623695,5.0,0.0
653.1322866836783,6.0,0.0
653.1396908966109,5.0,0.0
653.1512000984256,6.0,0.0
653.1597661648366,5.0,0.0
653.185862595596,4.0,0.0
653.1950407943158,5.0,0.0
653.2079897709625,6.0,0.0
653.2262881213298,5.0,0.0
653.240420948905,4.0,0.0
653.2465968307746,5.0,0.0
653.2630971495903,4.0,0.0
653.2739881005277,3.0,0.0
653.279632644488,4.0,0.0
653.2824780560017,3.0,0.0
653.2862183485918,2.0,0.0
653.3057012975894,1.0,0.0
653.3086606144922,2.0,0.0
653.3120475993644,1.0,0.0
653.3628557771978,0.0,0.0
653.3836220242068,1.0,0.0
653.3999132779592,0.0,0.0
653.4251327639894,1.0,0.0
653.4355484305759,0.0,0.0
653.4790189682525,1.0,0.0
653.4795471829236,2.0,0.0
653.480509760518,1.0,0.0
653.4830419692315,0.0,0.0
653.4964478123101,1.0,0.0
653.532929535419,2.0,0.0
653.5851084086105,3.0,0.0
653.5856375899116,4.0,0.0
653.5872090704767,3.0,0.0
653.5897466521698,4.0,0.0
653.591690635511,3.0,0.0
653.595808261166,4.0,0.0
653.6065282549524,3.0,0.0
653.6086155035061,2.0,0.0
653.6099379829006,1.0,0.0
653.6192069491524,0.0,0.0
653.7132520012494,1.0,0.0
653.7211803733791,2.0,0.0
653.7285567873173,1.0,0.0
653.7338624556135,2.0,0.0
653.7341092787703,1.0,0.0
653.7356822350761,0.0,0.0
653.7434708373785,1.0,0.0
653.743548135358,2.0,0.0
653.7489322313306,3.0,0.0
653.7509885117804,4.0,0.0
653.7657922227353,5.0,0.0
653.7658108944463,6.0,0.0
653.7663025949278,7.0,0.0
653.7732938081708,6.0,0.0
653.8238132239726,5.0,0.0
653.8249431221618,4.0,0.0
653.8265028815727,5.0,0.0
653.8342041576851,4.0,0.0
653.836332424139,5.0,0.0
653.8502604450721,4.0,0.0
653.8661759812269,5.0,0.0
653.866489533072,6.0,0.0
653.876027266881,5.0,0.0
653.8850262413364,6.0,0.0
653.8862114637938,5.0,0.0
653.9017132762951,6.0,0.0
653.9103634908018,5.0,0.0
653.9226089803517,6.0,0.0
653.9340988873698,7.0,0.0
653.9388721928665,8.0,0.0
653.9724668521098,7.0,0.0
653.9730961995384,8.0,0.0
653.9850735085806,7.0,0.0
653.9907454032499,6.0,0.0
653.9970150580787,7.0,0.0
654.0071941740198,8.0,0.0
654.0081130358493,9.0,0.0
654.0091538692161,10.0,0.0
654.0115152846384,9.0,0.0
654.016561527876,8.0,0.0
654.0215406639041,9.0,0.0
654.0291202742644,10.0,0.0
654.0320656551538,9.0,0.0
654.0335692070489,8.0,0.0
654.0343204658052,7.0,0.0
654.0383191800057,6.0,0.0
654.0508420369582,7.0,0.0
654.0590512865494,8.0,0.0
654.0622566638459,9.0,0.0
654.0666270784162,8.0,0.0
654.0780823001248,9.0,0.0
654.0795595809219,10.0,0.0
654.0901749885901,11.0,0.0
654.0979984065749,12.0,0.0
654.0983961603239,11.0,0.0
654.1142829978295,10.0,0.0
654.1144037299354,9.0,0.0
654.1157548167906,10.0,0.0
654.1191330308325,11.0,0.0
654.1205353611548,10.0,0.0
654.1270620380662,9.0,0.0
654.1326768798447,10.0,0.0
654.1559583093984,11.0,0.0
654.1633450928688,12.0,0.0
654.1652190666222,13.0,0.0
654.1706195832089,12.0,0.0
654.1717627100417,13.0,0.0
654.1739806604226,14.0,0.0
654.1745233266206,15.0,0.0
654.1755234777311,14.0,0.0
654.1778486776806,13.0,0.0
654.2085305121619,14.0,0.0
654.2135789740923,15.0,0.0
654.2174166408981,14.0,0.0
654.2234200817986,13.0,0.0
654.2348719641252,12.0,0.0
654.2475339071414,13.0,0.0
654.2589767396503,14.0,0.0
654.2683189120332,15.0,0.0
654.2747859406537,16.0,0.0
654.2771746715491,15.0,0.0
654.2781860418004,16.0,0.0
654.2976621867363,17.0,0.0
654.3006668499166,18.0,0.0
654.3050079614422,19.0,0.0
654.3057914810405,20.0,0.0
654.3060560299632,19.0,0.0
654.31403927615,20.0,0.0
654.3161252500179,19.0,0.0
654.3314831988647,20.0,0.0
654.3418609447508,19.0,0.0
654.3420703132659,18.0,0.0
654.3550795607621,17.0,0.0
654.3620004508707,18.0,0.0
654.362092053511,17.0,0.0
654.3674652291243,18.0,0.0
654.3754175618348,19.0,0.0
654.3762123573265,18.0,0.0
654.3807439890254,19.0,0.0
654.3859095051038,20.0,0.0
654.3960780176016,19.0,0.0
654.4033881111641,20.0,0.0
654.4039644559244,21.0,0.0
654.4069662749183,22.0,0.0
654.4122676895416,23.0,0.0
654.4160891206246,24.0,0.0
654.4219037190543,23.0,0.0
654.4250736411988,24.0,0.0
654.4261401857835,25.0,0.0
654.4430346070762,24.0,0.0
654.4549950383762,25.0,0.0
654.461616867389,26.0,0.0
654.4791839453043,27.0,0.0
654.4804357744655,26.0,0.0
654.4812026757861,25.0,0.0
654.4837423877773,26.0,0.0
654.4846117986692,25.0,0.0
654.4881018691502,26.0,0.0
654.4897996872177,25.0,0.0
654.4933660609605,26.0,0.0
654.501795166169,27.0,0.0
654.5125514870114,26.0,0.0
654.5182080158675,27.0,0.0
654.52294078093,28.0,0.0
654.5269433752449,29.0,0.0
654.5317601961735,28.0,0.0
654.5340145940353,27.0,0.0
654.5400064011209,26.0,0.0
654.5401261687207,27.0,0.0
654.5578995310011,26.0,0.0
654.564728431479,25.0,0.0
654.5708004889053,24.0,0.0
654.5751095819904,23.0,0.0
654.5851220255095,22.0,0.0
654.5884981049048,23.0,0.0
654.5941393451699,24.0,0.0
654.5979749773703,23.0,0.0
654.6003369865409,24.0,0.0
654.6025967747948,23.0,0.0
654.6083841042449,22.0,0.0
654.6158457013335,23.0,0.0
654.6178258805567,24.0,0.0
654.6357095847914,23.0,0.0
654.6373342106996,22.0,0.0
654.6588973421796,23.0,0.0
654.6714227574743,24.0,0.0
654.6752044575493,25.0,0.0
654.6792170773264,26.0,0.0
654.679300919114,27.0,0.0
654.6812203801975,28.0,0.0
654.6838788900076,27.0,0.0
654.6936147805129,26.0,0.0
654.6944783478273,27.0,0.0
654.7031089993613,28.0,0.0
654.7060644184464,29.0,0.0
654.7082496044985,28.0,0.0
654.7093345208195,29.0,0.0
654.7236083794525,30.0,0.0
654.7243509541469,29.0,0.0
654.7267744394887,30.0,0.0
654.732196577701,29.0,0.0
654.7345224457823,28.0,0.0
654.7399512896559,27.0,0.0
654.7410800808171,28.0,0.0
654.7586743380189,27.0,0.0
654.7606609584763,28.0,0.0
654.7739329871614,27.0,0.0
654.7850596549999,28.0,0.0
654.7857311850017,27.0,0.0
654.790163434968,28.0,0.0
654.7921326440281,29.0,0.0
654.7968488681084,30.0,0.0
654.8098261833717,29.0,0.0
654.8262451331682,28.0,0.0
654.8282749022993,27.0,0.0
654.8293619580735,28.0,0.0
654.8301425294381,27.0,0.0
654.831009756747,26.0,0.0
654.8348299873975,25.0,0.0
654.8394867794312,24.0,0.0
654.8471230407537,25.0,0.0
654.8509398811286,24.0,0.0
654.8621118758789,23.0,0.0
654.862514964066,22.0,0.0
654.8646332981386,21.0,0.0
654.872224482206,20.0,0.0
654.8723584972063,21.0,0.0
654.8800534395248,20.0,0.0
654.887768008596,19.0,0.0
654.8878083137179,20.0,0.0
654.8955397272382,21.0,0.0
654.9007430814389,20.0,0.0
654.9036356803092,19.0,0.0
654.9083486593685,20.0,0.0
654.9183376187095,19.0,0.0
654.9183445791405,18.0,0.0
654.92985800953,19.0,0.0
654.9436041763565,20.0,0.0
654.956468514951,19.0,0.0
654.9693620032912,20.0,0.0
654.9912415736692,19.0,0.0
654.9950572320824,20.0,0.0
655.0069871362102,19.0,0.0
655.0073710027519,18.0,0.0
655.0132050124353,19.0,0.0
655.0192448726218,20.0,0.0
655.0238328059089,21.0,0.0
655.0243657764954,22.0,0.0
655.0322721206144,21.0,0.0
655.0363529661857,20.0,0.0
655.0376256338449,19.0,0.0
655.0397427261559,18.0,0.0
655.0477301832442,17.0,0.0
655.0523758707072,16.0,0.0
655.0666937861033,17.0,0.0
655.0681480258924,18.0,0.0
655.0755093191277,17.0,0.0
655.0797654712571,18.0,0.0
655.0847091633628,17.0,0.0
655.0905385911666,18.0,0.0
655.0913675262947,19.0,0.0
655.1032635206686,20.0,0.0
655.1040105475095,19.0,0.0
655.107879309691,18.0,0.0
655.1103618657235,17.0,0.0
655.1108538384058,18.0,0.0
655.1118461105326,19.0,0.0
655.1141441752081,20.0,0.0
655.1173044910997,21.0,0.0
655.1275357283395,20.0,0.0
655.1369373117838,19.0,0.0
655.139133459673,18.0,0.0
655.1418594553006,19.0,0.0
655.1423083694071,18.0,0.0
655.1469037941118,19.0,0.0
655.1484288120437,20.0,0.0
655.1547457703039,19.0,0.0
655.1557996725669,18.0,0.0
655.1597035739602,19.0,0.0
655.1604920380188,20.0,0.0
655.1651056046547,19.0,0.0
655.1732951090202,18.0,0.0
655.1756877759358,19.0,0.0
655.1786592586114,20.0,0.0
655.1814811827463,21.0,0.0
655.1904670873757,20.0,0.0
655.1915284655989,21.0,0.0
655.2192955968737,20.0,0.0
655.2240613203102,21.0,0.0
655.2328084554916,22.0,0.0
655.2413445155573,21.0,0.0
655.2426984259099,22.0,0.0
655.2434754275885,21.0,0.0
655.2602298313351,20.0,0.0
655.2690064545328,19.0,0.0
655.2724638644713,18.0,0.0
655.2727135419477,17.0,0.0
655.2748110224384,18.0,0.0
655.2760641109197,19.0,0.0
655.2888738232555,18.0,0.0
655.2889856105861,19.0,0.0
655.2978488300137,18.0,0.0
655.302625867994,19.0,0.0
655.3047569598986,18.0,0.0
655.3048891278926,19.0,0.0
655.3104293327045,20.0,0.0
655.3151210664171,21.0,0.0
655.3186457824728,20.0,0.0
655.3324196233025,21.0,0.0
655.3334654787932,20.0,0.0
655.3384530781066,21.0,0.0
655.3396762789157,20.0,0.0
655.3424348288881,21.0,0.0
655.348906393438,22.0,0.0
655.3528581320851,21.0,0.0
655.3544788037967,22.0,0.0
655.3624409064911,23.0,0.0
655.3761687762226,24.0,0.0
655.3769048546458,23.0,0.0
655.3773081809678,24.0,0.0
655.3773302568522,25.0,0.0
655.3788187774069,24.0,0.0
655.3847027926702,23.0,0.0
655.3886235891811,22.0,0.0
655.4040856921278,23.0,0.0
655.4201487285724,24.0,0.0
655.4217824590161,25.0,0.0
655.4250672853207,26.0,0.0
655.4275732514285,25.0,0.0
655.4299464784839,24.0,0.0
655.4371941408476,25.0,0.0
655.4397763124779,24.0,0.0
655.4412161296488,23.0,0.0
655.4432153975932,24.0,0.0
655.4446360958553,23.0,0.0
655.4556948785994,22.0,0.0
655.4563520672679,23.0,0.0
655.4721332751126,24.0,0.0
655.4722978982893,25.0,0.0
655.4726880871629,26.0,0.0
655.4778339596212,27.0,0.0
655.4845745173681,28.0,0.0
655.4856381409822,29.0,0.0
655.491159360936,30.0,0.0
655.4933663361209,29.0,0.0
655.504092670526,30.0,0.0
655.5135118986564,29.0,0.0
655.5138033450196,28.0,0.0
655.5347152074678,27.0,0.0
655.541131731298,26.0,0.0
655.5481164000408,27.0,0.0
655.5499057097649,28.0,0.0
655.5524781729764,29.0,0.0
655.5544293230951,30.0,0.0
655.5643512558976,29.0,0.0
655.5670203899703,30.0,0.0
655.5682962352039,29.0,0.0
655.5696343340692,30.0,0.0
655.5863683023308,31.0,0.0
655.5979667425756,32.0,0.0
655.603925066355,31.0,0.0
655.6054334029551,32.0,0.0
655.6185738177818,33.0,0.0
655.6189081978364,34.0,0.0
655.6214233970084,35.0,0.0
655.6271504602364,36.0,0.0
655.6430163761921,37.0,0.0
655.6440245915493,36.0,0.0
655.6458116414244,37.0,0.0
655.6462589262796,38.0,0.0
655.6518524628252,39.0,0.0
655.6553201446499,40.0,0.0
655.6566770643169,41.0,0.0
655.6707507910431,42.0,0.0
655.6883980981816,41.0,0.0
655.6893773582626,40.0,0.0
655.6894593825036,41.0,0.0
655.6905103311234,42.0,0.0
655.6925432546046,41.0,0.0
655.6982343786847,40.0,0.0
655.7043091828518,41.0,0.0
655.7182228787723,42.0,0.0
655.7184021903582,41.0,0.0
655.7236951823782,40.0,0.0
655.7266129175583,41.0,0.0
655.7337072958742,42.0,0.0
655.7353182274956,41.0,0.0
655.736698494588,42.0,0.0
655.7376942470127,41.0,0.0
655.7424511067007,42.0,0.0
655.7523974376205,43.0,0.0
655.753913399289,44.0,0.0
655.7626769893782,43.0,0.0
655.7726192682312,44.0,0.0
655.775486399941,43.0,0.0
655.783105835857,44.0,0.0
655.7857036714855,45.0,0.0
655.7871339243176,46.0,0.0
655.7907834878062,45.0,0.0
655.7968205984813,46.0,0.0
655.8039522831623,47.0,0.0
655.8116435934629,46.0,0.0
655.8130973251486,45.0,0.0
655.8147431921747,44.0,0.0
655.8290293728834,43.0,0.0
655.8321960380242,42.0,0.0
655.8322200154003,41.0,0.0
655.8504618406749,42.0,0.0
655.8505478520799,43.0,0.0
655.8512575591309,44.0,0.0
655.8523242515937,45.0,0.0
655.8578138082262,44.0,0.0
655.8626047978205,43.0,0.0
655.873305721576,42.0,0.0
655.8734955160044,41.0,0.0
655.8775105019922,42.0,0.0
655.8867871962021,43.0,0.0
655.8869081629537,42.0,0.0
655.8951901689718,41.0,0.0
655.8969665653327,42.0,0.0
655.8970132174888,43.0,0.0
655.9111127358228,44.0,0.0
655.9184511411866,45.0,0.0
655.9202166805179,44.0,0.0
655.9207303206306,45.0,0.0
655.9244984875098,46.0,0.0
655.9248619376644,45.0,0.0
655.9252384332192,44.0,0.0
655.9330613645885,43.0,0.0
655.9354228038426,42.0,0.0
655.9396989484835,41.0,0.0
655.9401429346537,40.0,0.0
655.9414934711859,39.0,0.0
655.9494687046655,38.0,0.0
655.9548809959667,37.0,0.0
655.9564701919147,36.0,0.0
655.9573687152468,37.0,0.0
655.9600798349669,36.0,0.0
655.9671315974093,35.0,0.0
655.9728206416539,36.0,0.0
655.9734013953806,35.0,0.0
655.973831650312,34.0,0.0
655.9757707097192,35.0,0.0
655.9805888956387,36.0,0.0
655.9806140340495,35.0,0.0
655.9833792745361,36.0,0.0
655.989493395785,37.0,0.0
655.9942083235331,36.0,0.0
655.9995173193033,35.0,0.0
656.0043987841153,36.0,0.0
656.0076245508885,35.0,0.0
656.008445181659,36.0,0.0
656.0107442143458,37.0,0.0
656.0190961134592,36.0,0.0
656.0198185935301,35.0,0.0
656.0270016230593,36.0,0.0
656.0289467173337,35.0,0.0
656.0342475490445,36.0,0.0
656.0367555967131,37.0,0.0
656.0419512842375,36.0,0.0
656.0420627119952,35.0,0.0
656.0447049761892,34.0,0.0
656.0470689410162,35.0,0.0
656.0473071729189,34.0,0.0
656.0500954911525,35.0,0.0
656.0512431771907,36.0,0.0
656.0549687673341,37.0,0.0
656.0605730455521,38.0,0.0
656.0665646649819,39.0,0.0
656.0717443331114,38.0,0.0
656.074513059813,39.0,0.0
656.0769418079816,40.0,0.0
656.0802579046347,41.0,0.0
656.0848745916514,40.0,0.0
656.0895564842475,41.0,0.0
656.0901437547218,40.0,0.0
656.0928341683722,41.0,0.0
656.1040510945338,42.0,0.0
656.1106030207769,43.0,0.0
656.1109963915532,42.0,0.0
656.1203137768113,43.0,0.0
656.1208236383969,42.0,0.0
656.122646310292,41.0,0.0
656.1257302215218,42.0,0.0
656.1281642669386,41.0,0.0
656.1323837695588,40.0,0.0
656.132566785278,39.0,0.0
656.1327359889747,40.0,0.0
656.1361980770021,41.0,0.0
656.1363940906409,40.0,0.0
656.1377887738745,39.0,0.0
656.1378685897292,38.0,0.0
656.1461668347897,39.0,0.0
656.1728672021572,40.0,0.0
656.1899847219821,39.0,0.0
656.1913151137583,38.0,0.0
656.1914639597439,37.0,0.0
656.20882210334,36.0,0.0
656.2099067968999,37.0,0.0
656.2122038630008,36.0,0.0
656.21224929956,37.0,0.0
656.2127991921361,38.0,0.0
656.2283383994787,39.0,0.0
656.2340477849579,40.0,0.0
656.2387382673039,41.0,0.0
656.2387952220068,42.0,0.0
656.2388792439419,43.0,0.0
656.2610488052171,44.0,0.0
656.2611229093386,45.0,0.0
656.2623883807142,44.0,0.0
656.2660044849515,45.0,0.0
656.2661532086292,44.0,0.0
656.2734350987116,45.0,0.0
656.2872162063444,44.0,0.0
656.2874789737963,45.0,0.0
656.291077468382,46.0,0.0
656.2944057352005,45.0,0.0
656.2975952935133,46.0,0.0
656.3010077994132,47.0,0.0
656.3061858041845,46.0,0.0
656.3166471906355,47.0,0.0
656.3178769459281,48.0,0.0
656.3216565667151,49.0,0.0
656.3230839933852,48.0,0.0
656.3348550680034,49.0,0.0
656.3405407958095,48.0,0.0
656.3413249883599,47.0,0.0
656.3513659014529,48.0,0.0
656.3567435981337,49.0,0.0
656.358251150215,48.0,0.0
656.3612490037616,47.0,0.0
656.3637007542443,46.0,0.0
656.3645238046522,45.0,0.0
656.3706403203198,46.0,0.0
656.372726310645,45.0,0.0
656.3731155410672,46.0,0.0
656.3780458402623,45.0,0.0
656.3934470949291,44.0,0.0
656.3943712392568,45.0,0.0
656.3972401329137,44.0,0.0
656.4002419313439,45.0,0.0
656.4018940716131,44.0,0.0
656.4032444983229,45.0,0.0
656.4048905350076,46.0,0.0
656.4095713774628,45.0,0.0
656.424964793104,44.0,0.0
656.4264671228029,43.0,0.0
656.4283897836905,42.0,0.0
656.4350639705643,43.0,0.0
656.4358665409893,44.0,0.0
656.4407539545925,43.0,0.0
656.4487837193637,44.0,0.0
656.4495041499781,45.0,0.0
656.4509644445093,44.0,0.0
656.4526713402022,43.0,0.0
656.4610218328535,44.0,0.0
656.4636504757334,43.0,0.0
656.4694176936589,44.0,0.0
656.4721220024644,43.0,0.0
656.4735048251292,42.0,0.0
656.4758442562922,41.0,0.0
656.4870912375388,42.0,0.0
656.4884923897775,41.0,0.0
656.4929198811632,42.0,0.0
656.494180728602,43.0,0.0
656.4978778942503,42.0,0.0
656.5067549758655,43.0,0.0
656.514531560972,42.0,0.0
656.5160103672117,43.0,0.0
656.5174234422105,44.0,0.0
656.5271054911682,43.0,0.0
656.5310026556729,44.0,0.0
656.5368676915482,45.0,0.0
656.5390220528426,46.0,0.0
656.5396892405855,47.0,0.0
656.5414259156574,48.0,0.0
656.5419244169693,49.0,0.0
656.5485952447251,48.0,0.0
656.5547928678523,47.0,0.0
656.5619954466374,48.0,0.0
656.5693936576375,49.0,0.0
656.5986123444841,50.0,0.0
656.6009691750781,49.0,0.0
656.6068418442037,48.0,0.0
656.6217475281476,49.0,0.0
656.6373785407404,50.0,0.0
656.6443028366982,51.0,0.0
656.6490921134233,52.0,0.0
656.6533339846189,53.0,0.0
656.6592100231742,54.0,0.0
656.6616571086987,55.0,0.0
656.6625645588589,56.0,0.0
656.6706703096874,57.0,0.0
656.6718427772743,56.0,0.0
656.6726586271013,55.0,0.0
656.6797682439682,54.0,0.0
656.6799945677222,55.0,0.0
656.6805294938997,56.0,0.0
656.6828659812907,57.0,0.0
656.6870141216439,58.0,0.0
656.695053436785,57.0,0.0
656.7142640182191,58.0,0.0
656.7158963802183,57.0,0.0
656.728175308199,56.0,0.0
656.7352039599723,55.0,0.0
656.7362706507098,54.0,0.0
656.7489812928474,53.0,0.0
656.7510282934695,54.0,0.0
656.7539441953674,55.0,0.0
656.7653394058121,56.0,0.0
656.7654962011743,57.0,0.0
656.7672122323621,58.0,0.0
656.770540953843,59.0,0.0
656.7718168902832,60.0,0.0
656.7729282021269,61.0,0.0
656.7743473948066,62.0,0.0
656.7760775453637,63.0,0.0
656.7922927081378,64.0,0.0
656.7992032932834,63.0,0.0
656.818152508491,64.0,0.0
656.8205192333278,63.0,0.0
656.8289728505683,64.0,0.0
656.8321086712422,65.0,0.0
656.8361191055006,64.0,0.0
656.8376373923495,65.0,0.0
656.8409369527483,66.0,0.0
656.8410865638627,67.0,0.0
656.8433798678698,68.0,0.0
656.8442233318899,69.0,0.0
656.8491762216028,70.0,0.0
656.8522303550711,69.0,0.0
656.8556868666411,68.0,0.0
656.8589091212244,67.0,0.0
656.8590324324824,68.0,0.0
656.8804725616566,69.0,0.0
656.8811488731817,70.0,0.0
656.8826236615902,71.0,0.0
656.8887148578567,70.0,0.0
656.8927561030081,71.0,0.0
656.9000137510625,72.0,0.0
656.9013964944995,73.0,0.0
656.9115640357696,72.0,0.0
656.9144991683597,71.0,0.0
656.9187005109994,72.0,0.0
656.9187123410971,71.0,0.0
656.9256082535599,72.0,0.0
656.9289746149038,71.0,0.0
656.9296406676807,70.0,0.0
656.9302278030699,71.0,0.0
656.9315797460055,72.0,0.0
656.9330526712134,73.0,0.0
656.9337977408593,72.0,0.0
656.9458825873346,71.0,0.0
656.9479620006247,72.0,0.0
656.9543121681222,73.0,0.0
656.9602475254559,72.0,0.0
656.9738178925495,71.0,0.0
656.9852807047816,72.0,0.0
656.9925488918561,71.0,0.0
656.9972718608909,72.0,0.0
657.0091810721511,71.0,0.0
657.013654938978,72.0,0.0
657.0157395367318,73.0,0.0
657.0177355845531,74.0,0.0
657.0272611372505,75.0,0.0
657.0366746686767,76.0,0.0
657.0430644885256,75.0,0.0
657.047826536475,76.0,0.0
657.0478976200698,77.0,0.0
657.0529522643994,78.0,0.0
657.053699643201,79.0,0.0
657.0611127178029,78.0,0.0
657.0635787169939,79.0,0.0
657.0665396571079,78.0,0.0
657.0667072697818,79.0,0.0
657.0685303232444,78.0,0.0
657.0691768577279,79.0,0.0
657.0806372698205,78.0,0.0
657.0907116751299,79.0,0.0
657.0950708574331,78.0,0.0
657.0981404453503,77.0,0.0
657.10574605318,76.0,0.0
657.1122938543858,75.0,0.0
657.1234498877159,74.0,0.0
657.1239464587871,75.0,0.0
657.1280654464083,76.0,0.0
657.1313570698768,77.0,0.0
657.1389041308421,76.0,0.0
657.152958155221,75.0,0.0
657.160705442935,74.0,0.0
657.1619079531762,75.0,0.0
657.1645126517753,76.0,0.0
657.1658356946443,75.0,0.0
657.1707526009354,76.0,0.0
657.1783720667462,77.0,0.0
657.1794220553754,76.0,0.0
657.1857625657465,75.0,0.0
657.1905786752232,74.0,0.0
657.1978916116968,75.0,0.0
657.2052130509454,76.0,0.0
657.2071642405916,77.0,0.0
657.208777130696,78.0,0.0
657.2137188135765,79.0,0.0
657.2336828572898,80.0,0.0
657.2348882520465,79.0,0.0
657.2418033214897,80.0,0.0
657.2488470627558,79.0,0.0
657.2773253967191,80.0,0.0
657.2784322311726,81.0,0.0
657.2835136328239,82.0,0.0
657.2869755842751,83.0,0.0
657.287903916802,82.0,0.0
657.2890509038232,81.0,0.0
657.289506014486,82.0,0.0
657.2912273092478,81.0,0.0
657.2951103680118,80.0,0.0
657.2966332658636,81.0,0.0
657.2998870523735,82.0,0.0
657.3013557277599,81.0,0.0
657.3058022085753,80.0,0.0
657.3060567457533,81.0,0.0
657.309861795912,82.0,0.0
657.3107001305419,83.0,0.0
657.3197934371403,82.0,0.0
657.3224153488429,81.0,0.0
657.3251386958086,82.0,0.0
657.3338780788505,83.0,0.0
657.3372500913841,82.0,0.0
657.3431777047854,83.0,0.0
657.3451844859213,84.0,0.0
657.345275112343,85.0,0.0
657.3473570352907,84.0,0.0
657.3526702027591,83.0,0.0
657.3579452740717,84.0,0.0
657.3646468813314,83.0,0.0
657.3654610285357,82.0,0.0
657.3760243564534,81.0,0.0
657.376995359671,82.0,0.0
657.3796400886846,83.0,0.0
657.3807659140043,82.0,0.0
657.3823032286612,83.0,0.0
657.3824260806012,84.0,0.0
657.3826051825016,85.0,0.0
657.3845472808689,84.0,0.0
657.3885714272244,85.0,0.0
657.3896755505111,84.0,0.0
657.3899421501889,83.0,0.0
657.3917525176644,82.0,0.0
657.3927632909522,83.0,0.0
657.3940814533952,82.0,0.0
657.3964216609554,81.0,0.0
657.4099228561204,80.0,0.0
657.413312978719,79.0,0.0
657.4183714849271,78.0,0.0
657.4240974473986,77.0,0.0
657.4255367580611,76.0,0.0
657.4364623359322,77.0,0.0
657.4387600975291,76.0,0.0
657.4412285343097,77.0,0.0
657.4507092736188,78.0,0.0
657.4512223802091,79.0,0.0
657.4521390740582,78.0,0.0
657.4582913919894,77.0,0.0
657.4592214806243,78.0,0.0
657.4601405495217,77.0,0.0
657.461404761107,78.0,0.0
657.4655513476076,77.0,0.0
657.4741082975793,78.0,0.0
657.4788042033931,77.0,0.0
657.4815998193801,76.0,0.0
657.4843848990838,75.0,0.0
657.4845509646685,76.0,0.0
657.4902620516107,75.0,0.0
657.4959129827138,76.0,0.0
657.510282365489,77.0,0.0
657.5105859235094,78.0,0.0
657.5133560995702,79.0,0.0
657.5272105065637,80.0,0.0
657.528393232818,79.0,0.0
657.5307417593762,78.0,0.0
657.536107122894,79.0,0.0
657.5500535494583,80.0,0.0
657.5535332283138,81.0,0.0
657.5676985956791,80.0,0.0
657.5742576377578,79.0,0.0
657.5753181780782,80.0,0.0
657.5803790173984,79.0,0.0
657.5834633212556,80.0,0.0
657.5950836251222,81.0,0.0
657.5978485764591,82.0,0.0
657.6008597130079,83.0,0.0
657.6020741157101,82.0,0.0
657.6078054181196,83.0,0.0
657.608738538626,84.0,0.0
657.6095113529672,85.0,0.0
657.6117695971161,86.0,0.0
657.6133034611771,87.0,0.0
657.6188699937986,88.0,0.0
657.6197915835929,87.0,0.0
657.6205776033238,88.0,0.0
657.6207457452813,89.0,0.0
657.6244936891371,90.0,0.0
657.6279058961392,91.0,0.0
657.6326594194708,90.0,0.0
657.6400659240062,89.0,0.0
657.6429193447117,90.0,0.0
657.6473808576111,89.0,0.0
657.6566745588972,90.0,0.0
657.6619650815296,91.0,0.0
657.6647553333157,90.0,0.0
657.6691549385478,91.0,0.0
657.6696179116068,90.0,0.0
657.6847252254021,91.0,0.0
657.6860583253022,92.0,0.0
657.6863362648032,93.0,0.0
657.6927628013794,94.0,0.0
657.6934603459623,95.0,0.0
657.6957121978382,96.0,0.0
657.712294337269,97.0,0.0
657.712573276646,96.0,0.0
657.7166950064131,97.0,0.0
657.7174402850868,98.0,0.0
657.7197564847418,99.0,0.0
657.7213719110285,100.0,0.0
657.7278279860939,99.0,0.0
657.7380119806801,100.0,0.0
657.7473870570537,99.0,0.0
657.7535511213604,98.0,0.0
657.7571865331199,99.0,0.0
657.7603662310073,98.0,0.0
657.7658328549592,99.0,0.0
657.7789222183931,98.0,0.0
657.7869088601185,99.0,0.0
657.7881794439103,100.0,0.0
657.7916703371938,99.0,0.0
657.7992327791998,100.0,0.0
657.8002022360695,101.0,0.0
657.8133928735665,102.0,0.0
657.8218178295981,101.0,0.0
657.8226464497269,102.0,0.0
657.8284756562651,103.0,0.0
657.833146664332,104.0,0.0
657.8388035756903,105.0,0.0
657.8388864298163,104.0,0.0
657.8397813854862,103.0,0.0
657.8437568669965,104.0,0.0
657.8469355929939,105.0,0.0
657.8504350229571,106.0,0.0
657.8621220106392,107.0,0.0
657.8622868582603,108.0,0.0
657.8623163300895,109.0,0.0
657.8668177750965,110.0,0.0
657.8680584944099,111.0,0.0
657.8798694701824,112.0,0.0
657.8805729517829,113.0,0.0
657.8822688337004,112.0,0.0
657.8834597209018,111.0,0.0
657.8847079261627,112.0,0.0
657.8869968678636,113.0,0.0
657.8916208641418,114.0,0.0
657.9011205627022,113.0,0.0
657.9035079003136,112.0,0.0
657.903681595973,113.0,0.0
657.9081781219344,112.0,0.0
657.9112425429638,113.0,0.0
657.9160510588001,114.0,0.0
657.9186463285922,113.0,0.0
657.9195851619188,114.0,0.0
657.9240670357668,115.0,0.0
657.926150421472,114.0,0.0
657.9283173169268,115.0,0.0
657.9306928238502,116.0,0.0
657.931786626864,117.0,0.0
657.9359691890214,116.0,0.0
657.9411454075306,115.0,0.0
657.9425525417207,116.0,0.0
657.947429026631,117.0,0.0
657.948695476656,118.0,0.0
657.9505299512074,119.0,0.0
657.9605069265605,118.0,0.0
657.9648921048432,117.0,0.0
657.9665170258318,118.0,0.0
657.9678553692804,119.0,0.0
657.9807122507317,120.0,0.0
657.980778084466,119.0,0.0
657.98370426387,118.0,0.0
657.99108691826,119.0,0.0
657.993601357701,120.0,0.0
658.0007552620602,121.0,0.0
658.0045037150493,122.0,0.0
658.0096676811523,121.0,0.0
658.0217479135958,122.0,0.0
658.0328224912313,121.0,0.0
658.0390141957356,122.0,0.0
658.0428632198731,123.0,0.0
658.0441536253531,124.0,0.0
658.044366158649,123.0,0.0
658.045959980903,124.0,0.0
658.0509836433628,125.0,0.0
658.0514366712205,124.0,0.0
658.0538786371088,123.0,0.0
658.0589296483537,122.0,0.0
658.0610692824564,121.0,0.0
658.0636436150978,120.0,0.0
658.0726289804528,119.0,0.0
658.0847171640136,118.0,0.0
658.0888742405912,119.0,0.0
658.0998427490598,118.0,0.0
658.104783087279,119.0,0.0
658.1097785460696,120.0,0.0
658.1230821776771,119.0,0.0
658.1238707286535,118.0,0.0
658.1391690176755,119.0,0.0
658.1395656212756,120.0,0.0
658.140789226035,121.0,0.0
658.1410677290429,120.0,0.0
658.1424711067324,121.0,0.0
658.1451448287588,120.0,0.0
658.1627033407857,119.0,0.0
658.1702678971081,120.0,0.0
658.1710447175257,119.0,0.0
658.1726563163015,120.0,0.0
658.177006441812,121.0,0.0
658.1792072905736,122.0,0.0
658.1886986844403,123.0,0.0
658.194642382728,122.0,0.0
658.2062478287505,123.0,0.0
658.2070366145969,122.0,0.0
658.2089817858621,121.0,0.0
658.209979778632,122.0,0.0
658.2162955252999,123.0,0.0
658.2209799782651,122.0,0.0
658.2241669056546,123.0,0.0
658.2306565578219,122.0,0.0
658.242167968286,121.0,0.0
658.2461219476073,122.0,0.0
658.251514419386,123.0,0.0
658.2521747518844,124.0,0.0
658.2593475702605,125.0,0.0
658.262590355265,124.0,0.0
658.2661542847096,123.0,0.0
658.2691698111669,122.0,0.0
658.2695135024032,121.0,0.0
658.2697577814112,122.0,0.0
658.2923010416561,121.0,0.0
658.3079597997098,122.0,0.0
658.3176496556051,121.0,0.0
658.3180500818952,122.0,0.0
658.326659566697,121.0,0.0
658.337665537985,120.0,0.0
658.3506227743843,121.0,0.0
658.3596354551622,122.0,0.0
658.3753872709061,121.0,0.0
658.3822153524128,122.0,0.0
658.3873048675712,121.0,0.0
658.3883712606616,120.0,0.0
658.3933514920051,119.0,0.0
658.3951737893082,120.0,0.0
658.4027753543892,119.0,0.0
658.4106100924641,118.0,0.0
658.4131645142442,119.0,0.0
658.4138765364715,120.0,0.0
658.413999531982,121.0,0.0
658.4148721761592,122.0,0.0
658.4189967027111,123.0,0.0
658.42586376902,124.0,0.0
658.4295778677614,123.0,0.0
658.4342009942325,122.0,0.0
658.4352263826593,123.0,0.0
658.4364621030669,122.0,0.0
658.4394409849757,121.0,0.0
658.4399874029219,120.0,0.0
658.4528528271646,121.0,0.0
658.4576200330232,122.0,0.0
658.4707519345486,123.0,0.0
658.4719617642869,124.0,0.0
658.4755999994202,123.0,0.0
658.4756460251524,124.0,0.0
658.4848970110659,123.0,0.0
658.4959299299907,122.0,0.0
658.4969996378838,121.0,0.0
658.4970323464984,120.0,0.0
658.5155998370269,119.0,0.0
658.518811459845,118.0,0.0
658.5227347020161,119.0,0.0
658.5293300445625,118.0,0.0
658.5296154489203,117.0,0.0
658.534858525368,116.0,0.0
658.5379662079183,115.0,0.0
658.5387045916841,114.0,0.0
658.546419648628,115.0,0.0
658.5579041917566,116.0,0.0
658.5607388255914,115.0,0.0
658.5646968616862,114.0,0.0
658.566169336997,115.0,0.0
658.5663848828584,116.0,0.0
658.5713104174235,117.0,0.0
658.5749351606675,116.0,0.0
658.5777623347032,117.0,0.0
658.5832898425639,118.0,0.0
658.5853150623411,119.0,0.0
658.5931583237502,118.0,0.0
658.5986913400783,119.0,0.0
658.5996146411813,120.0,0.0
658.6035388179744,121.0,0.0
658.6145236921385,120.0,0.0
658.6215677374854,119.0,0.0
658.6359315852255,118.0,0.0
658.6447151116452,119.0,0.0
658.647323326331,120.0,0.0
658.6473730172323,121.0,0.0
658.648674105529,120.0,0.0
658.6487907340288,121.0,0.0
658.6544872675347,120.0,0.0
658.6624777973876,121.0,0.0
658.6763031709584,122.0,0.0
658.6793145402897,121.0,0.0
658.6840419564089,120.0,0.0
658.6968299267603,119.0,0.0
658.7133034727909,120.0,0.0
658.7143345946087,119.0,0.0
658.7196829750973,118.0,0.0
658.7356998960274,119.0,0.0
658.7545875162009,120.0,0.0
658.7559583382641,119.0,0.0
658.7642096103217,118.0,0.0
658.7647117940269,117.0,0.0
658.7686034570968,116.0,0.0
658.7840141571176,117.0,0.0
658.7849382060555,116.0,0.0
658.7861013077804,117.0,0.0
658.7861982650775,116.0,0.0
658.7869591102739,117.0,0.0
658.7884721301631,118.0,0.0
658.7926218818207,119.0,0.0
658.793004788034,118.0,0.0
658.8003944958939,117.0,0.0
658.8106516080323,118.0,0.0
658.8129408259834,119.0,0.0
658.8267822928832,120.0,0.0
658.8336198284401,121.0,0.0
658.842440415644,120.0,0.0
658.8463134770359,121.0,0.0
658.8534634466844,122.0,0.0
658.856752218913,123.0,0.0
658.8582309926204,124.0,0.0
658.8618037072841,123.0,0.0
658.865618549574,122.0,0.0
658.8741332524404,123.0,0.0
658.8773594612951,124.0,0.0
658.8829895028014,125.0,0.0
658.8861006303231,124.0,0.0
658.888961113533,125.0,0.0
658.9041145239731,126.0,0.0
658.9056197979581,127.0,0.0
658.9076443525931,128.0,0.0
658.9090350912588,129.0,0.0
658.9233941191409,130.0,0.0
658.9253660650786,129.0,0.0
658.9264385399557,130.0,0.0
658.9309815068443,129.0,0.0
658.9380055773456,130.0,0.0
658.9526236331516,129.0,0.0
658.9532396530285,128.0,0.0
658.9669776175309,129.0,0.0
658.9691304069879,128.0,0.0
658.973556587325,129.0,0.0
658.9873234734968,130.0,0.0
658.9889660020041,131.0,0.0
658.9904675471574,130.0,0.0
658.9925247567458,131.0,0.0
658.9959894110686,130.0,0.0
658.9973635401711,131.0,0.0
659.0009371574249,132.0,0.0
659.0099514405974,133.0,0.0
659.0185829561472,132.0,0.0
659.0262530758598,131.0,0.0
659.0285795780223,130.0,0.0
659.0316525435385,131.0,0.0
659.0403659023283,130.0,0.0
659.0404721180147,131.0,0.0
659.0456807801235,130.0,0.0
659.0471992044974,129.0,0.0
659.0533725903501,128.0,0.0
659.0544117385698,129.0,0.0
659.0553855970427,130.0,0.0
659.0577909619109,131.0,0.0
659.058925436459,132.0,0.0
659.0663954530321,131.0,0.0
659.0738424891927,130.0,0.0
659.0747136723064,129.0,0.0
659.0808352629034,130.0,0.0
659.0943307707552,131.0,0.0
659.0983799228653,132.0,0.0
659.0987294122303,133.0,0.0
659.1003452392057,134.0,0.0
659.1136522186846,135.0,0.0
659.1171714289572,136.0,0.0
659.1173058918541,137.0,0.0
659.118931401083,138.0,0.0
659.119608340057,139.0,0.0
659.1328540928556,138.0,0.0
659.133972963155,139.0,0.0
659.1340136364222,140.0,0.0
659.1391427479797,141.0,0.0
659.139764506698,140.0,0.0
659.1633414339037,141.0,0.0
659.1765911270154,140.0,0.0
659.1775176697872,141.0,0.0
659.1806513949858,142.0,0.0
659.1831465494218,141.0,0.0
659.1835458297631,140.0,0.0
659.1853378110549,139.0,0.0
659.1854473916366,138.0,0.0
659.1864930811348,137.0,0.0
659.188949467936,136.0,0.0
659.195130397024,137.0,0.0
659.2020993908857,136.0,0.0
659.2024798036675,137.0,0.0
659.2045560930608,138.0,0.0
659.2076250391897,139.0,0.0
659.2089971963985,138.0,0.0
659.2140982109496,139.0,0.0
659.2285218556054,140.0,0.0
659.2296196492705,141.0,0.0
659.240371665967,142.0,0.0
659.2484784668899,141.0,0.0
659.2577396045751,142.0,0.0
659.2582023449916,141.0,0.0
659.2590427307167,142.0,0.0
659.2628086489502,141.0,0.0
659.2649570871137,142.0,0.0
659.2681605728442,141.0,0.0
659.2773483161855,140.0,0.0
659.2841145435832,139.0,0.0
659.2850310263271,140.0,0.0
659.2904900658344,141.0,0.0
659.2935979748464,142.0,0.0
659.2972272273502,141.0,0.0
659.2980811724658,142.0,0.0
659.2991558911483,143.0,0.0
659.301707420947,142.0,0.0
659.3043655212276,143.0,0.0
659.3055829803106,144.0,0.0
659.306686893589,143.0,0.0
659.3241439642184,142.0,0.0
659.336275947545,143.0,0.0
659.3421652289325,142.0,0.0
659.3437143204529,141.0,0.0
659.3595165466758,140.0,0.0
659.359829887618,141.0,0.0
659.3603035058853,142.0,0.0
659.3643497973997,141.0,0.0
659.364416457569,140.0,0.0
659.3664015853572,141.0,0.0
659.3686038487743,142.0,0.0
659.3700512933331,141.0,0.0
659.3780192366662,140.0,0.0
659.3794424848013,141.0,0.0
659.3866211910166,140.0,0.0
659.3913828707206,141.0,0.0
659.4009511671012,140.0,0.0
659.4099993547732,139.0,0.0
659.4129969563171,140.0,0.0
659.4174804236274,139.0,0.0
659.4269152006036,138.0,0.0
659.442090269408,137.0,0.0
659.4421350289646,136.0,0.0
659.4492141519833,137.0,0.0
659.4496091449719,138.0,0.0
659.4585231534923,139.0,0.0
659.4596724784737,140.0,0.0
659.460029442539,139.0,0.0
659.4611066759509,138.0,0.0
659.4660942244551,137.0,0.0
659.4677221836187,138.0,0.0
659.4716123955378,139.0,0.0
659.4812281734039,138.0,0.0
659.5001290062452,139.0,0.0
659.5023443513111,138.0,0.0
659.5122056064074,137.0,0.0
659.5144912595968,138.0,0.0
659.5213690730636,139.0,0.0
659.5267504241136,138.0,0.0
659.528750951935,137.0,0.0
659.529608325815,136.0,0.0
659.529797335245,135.0,0.0
659.5332138488785,136.0,0.0
659.5365523457533,137.0,0.0
659.5456330087657,138.0,0.0
659.5484141357749,139.0,0.0
659.5530435922599,138.0,0.0
659.5578673836911,137.0,0.0
659.5648400614986,136.0,0.0
659.5738672826309,135.0,0.0
659.5764549617559,134.0,0.0
659.5796813388225,133.0,0.0
659.579749503258,132.0,0.0
659.5880517867739,133.0,0.0
659.593777912711,134.0,0.0
659.5971368348349,135.0,0.0
659.6011542395314,136.0,0.0
659.6056679385048,135.0,0.0
659.6081177507003,136.0,0.0
659.6089669515753,135.0,0.0
659.6125644411751,134.0,0.0
659.6132165327192,135.0,0.0
659.6163682758902,134.0,0.0
659.617841163621,133.0,0.0
659.6302478146179,132.0,0.0
659.6304224164959,133.0,0.0
659.6471957548272,132.0,0.0
659.648373673842,133.0,0.0
659.6517177868744,132.0,0.0
659.6532407181849,133.0,0.0
659.6678020077851,134.0,0.0
659.6701097094895,135.0,0.0
659.6748898578101,134.0,0.0
659.6750914826652,135.0,0.0
659.6759355880083,136.0,0.0
659.6859762201381,135.0,0.0
659.6967192516482,134.0,0.0
659.6975045155788,133.0,0.0
659.7021764565723,132.0,0.0
659.7118197309353,131.0,0.0
659.7130870942673,132.0,0.0
659.7141078308591,131.0,0.0
659.7159808017949,132.0,0.0
659.7215039698359,131.0,0.0
659.7231694406078,132.0,0.0
659.7326356178593,133.0,0.0
659.736597014741,132.0,0.0
659.7371027920443,133.0,0.0
659.7529053339106,134.0,0.0
659.753608518614,135.0,0.0
659.7555355089769,134.0,0.0
659.7636080036268,133.0,0.0
659.7652650757528,132.0,0.0
659.7664502329712,131.0,0.0
659.7702570009849,130.0,0.0
659.7741085104134,129.0,0.0
659.7831106898107,130.0,0.0
659.795479698982,131.0,0.0
659.8097813339717,130.0,0.0
659.8210840447287,129.0,0.0
659.825223158265,130.0,0.0
659.8260248406775,131.0,0.0
659.8401840970263,130.0,0.0
659.8482846601252,129.0,0.0
659.8533320947752,130.0,0.0
659.854375238149,129.0,0.0
659.8560240441318,128.0,0.0
659.8609562184379,127.0,0.0
659.8642749129583,128.0,0.0
659.8725497841353,129.0,0.0
659.8728997592998,128.0,0.0
659.8767386229728,127.0,0.0
659.877231621118,126.0,0.0
659.8787913535778,127.0,0.0
659.8832961116037,126.0,0.0
659.8855888113821,125.0,0.0
659.8972172515288,126.0,0.0
659.9018194440788,127.0,0.0
659.9085686433324,128.0,0.0
659.9091159691102,127.0,0.0
659.9257394580582,128.0,0.0
659.9306494837767,127.0,0.0
659.932244713881,128.0,0.0
659.9328367788354,129.0,0.0
659.943428442862,128.0,0.0
659.9552178848817,127.0,0.0
659.9641247329555,126.0,0.0
659.9890517609837,125.0,0.0
659.9971282460115,126.0,0.0
660.0114785777162,125.0,0.0
660.019755826589,126.0,0.0
660.0210161703882,125.0,0.0
660.0216904125207,126.0,0.0
660.0269725798807,125.0,0.0
660.0301789618916,126.0,0.0
660.0397433439994,127.0,0.0
660.0535699655629,128.0,0.0
660.0566382572291,129.0,0.0
660.0596748061866,128.0,0.0
660.0626877439655,127.0,0.0
660.0644944626654,126.0,0.0
660.0652027996161,127.0,0.0
660.0661021732128,126.0,0.0
660.0725654850685,125.0,0.0
660.0726970842511,124.0,0.0
660.0767133577243,125.0,0.0
660.0873240861342,124.0,0.0
660.0896085501714,123.0,0.0
660.0935098704598,122.0,0.0
660.0952052601731,123.0,0.0
660.0970363180967,124.0,0.0
660.1094790501356,125.0,0.0
660.1119221620729,126.0,0.0
660.1301692392432,125.0,0.0
660.1317743745383,124.0,0.0
660.1328423954691,125.0,0.0
660.1361943244736,124.0,0.0
660.1634580012106,125.0,0.0
660.1686757559443,126.0,0.0
660.1705483564859,127.0,0.0
660.1705841837475,126.0,0.0
660.1763217883213,127.0,0.0
660.1783149361015,126.0,0.0
660.1813228186036,125.0,0.0
660.1877473755337,124.0,0.0
660.191769621462,125.0,0.0
660.1935756190455,124.0,0.0
660.2017525810165,123.0,0.0
660.206962394748,124.0,0.0
660.2238943212907,125.0,0.0
660.226706542958,126.0,0.0
660.23084548094,125.0,0.0
660.2334060090388,124.0,0.0
660.2393024686409,123.0,0.0
660.2418073563716,124.0,0.0
660.2447020165171,123.0,0.0
660.2463422505612,124.0,0.0
660.2556256862034,125.0,0.0
660.2560992779984,126.0,0.0
660.2718418178704,127.0,0.0
660.2751384854907,126.0,0.0
660.2768453221595,127.0,0.0
660.2773855750108,126.0,0.0
660.2780495433577,127.0,0.0
660.2791884554076,128.0,0.0
660.2820090375625,129.0,0.0
660.2906321306876,130.0,0.0
660.2911935725086,129.0,0.0
660.306721569174,130.0,0.0
660.3116355425353,129.0,0.0
660.3150504916807,130.0,0.0
660.3211385195426,131.0,0.0
660.3292483055525,130.0,0.0
660.3310813155306,129.0,0.0
660.3317969151276,130.0,0.0
660.3397441465238,131.0,0.0
660.3454593034854,132.0,0.0
660.346775202609,133.0,0.0
660.348734482987,134.0,0.0
660.3497252945076,133.0,0.0
660.3577104721708,132.0,0.0
660.3610142342645,131.0,0.0
660.3631056842684,130.0,0.0
660.3743907898562,131.0,0.0
660.3763456971668,132.0,0.0
660.3764550103217,133.0,0.0
660.3769615052245,132.0,0.0
660.3786172612075,133.0,0.0
660.3870202767391,132.0,0.0
660.3905524722477,131.0,0.0
660.3911146302872,130.0,0.0
660.3912007341996,131.0,0.0
660.4024359833205,130.0,0.0
660.4176103649921,129.0,0.0
660.4201218528054,130.0,0.0
660.432717510935,131.0,0.0
660.4338098869299,132.0,0.0
660.441919815677,133.0,0.0
660.4493694461131,132.0,0.0
660.4546024669844,133.0,0.0
660.4555383426973,132.0,0.0
660.4597801604472,131.0,0.0
660.4655910645914,130.0,0.0
660.4672773463544,129.0,0.0
660.4675966443438,128.0,0.0
660.4689621781874,129.0,0.0
660.4739830855539,128.0,0.0
660.4930283802207,127.0,0.0
660.5017675907252,126.0,0.0
660.5047619563918,127.0,0.0
660.5099761610944,126.0,0.0
660.5107620657221,127.0,0.0
660.5164033861992,126.0,0.0
660.519801394995,127.0,0.0
660.5287834183938,126.0,0.0
660.5342989868983,125.0,0.0
660.5355601009986,124.0,0.0
660.5370132348578,125.0,0.0
660.547477282402,126.0,0.0
660.5554490365017,125.0,0.0
660.5566274815046,124.0,0.0
660.5572479155586,125.0,0.0
660.5628649205682,126.0,0.0
660.5736263272813,125.0,0.0
660.575977933743,126.0,0.0
660.5806735934666,125.0,0.0
660.5891567285561,124.0,0.0
660.5958038450693,125.0,0.0
660.6006930341504,126.0,0.0
660.6066186566279,127.0,0.0
660.6114450620078,126.0,0.0
660.6116894649241,125.0,0.0
660.6273979797368,124.0,0.0
660.6283157548798,125.0,0.0
660.640612692632,124.0,0.0
660.6453900210291,125.0,0.0
660.6512124007676,124.0,0.0
660.6514845781878,123.0,0.0
660.6572037725545,124.0,0.0
660.6674416102134,123.0,0.0
660.6738887004278,122.0,0.0
660.6839264638874,123.0,0.0
660.6969280292391,122.0,0.0
660.7147938065918,123.0,0.0
660.718615730101,122.0,0.0
660.7252015942354,121.0,0.0
660.7263352919529,120.0,0.0
660.7316286745249,119.0,0.0
660.7467100517574,120.0,0.0
660.7658430657759,119.0,0.0
660.7714713990313,120.0,0.0
660.7752456929361,119.0,0.0
660.7772581673024,120.0,0.0
660.7865751116639,121.0,0.0
660.7895362371686,122.0,0.0
660.7991581213898,121.0,0.0
660.8008810197833,122.0,0.0
660.8054192964292,123.0,0.0
660.813517640688,124.0,0.0
660.8188504453298,125.0,0.0
660.8226958340271,124.0,0.0
660.8253125805572,123.0,0.0
660.8259044908956,122.0,0.0
660.8278687288351,121.0,0.0
660.8474346646684,122.0,0.0
660.857297270064,123.0,0.0
660.8771746617667,124.0,0.0
660.8844314580134,125.0,0.0
660.8976522794251,124.0,0.0
660.9104595816394,123.0,0.0
660.9107462279339,122.0,0.0
660.9125916933039,121.0,0.0
660.9167773347856,120.0,0.0
660.9179004821642,119.0,0.0
660.9329297608256,118.0,0.0
660.9342579746944,117.0,0.0
660.9421033553317,118.0,0.0
660.9469156451341,119.0,0.0
660.9483772424214,118.0,0.0
660.9585346956479,119.0,0.0
660.9744891562843,120.0,0.0
660.9744992295326,121.0,0.0
660.9770501153333,120.0,0.0
660.9897579526131,119.0,0.0
661.0041218749691,120.0,0.0
661.005417528066,121.0,0.0
661.0134393564551,120.0,0.0
661.0155801896382,119.0,0.0
661.0245506458641,118.0,0.0
661.0247468044414,119.0,0.0
661.0329016777611,118.0,0.0
661.033137815171,117.0,0.0
661.0419766095143,118.0,0.0
661.0449494946083,119.0,0.0
661.0475737723935,120.0,0.0
661.0484113161232,119.0,0.0
661.0516501892567,120.0,0.0
661.0550159404945,121.0,0.0
661.0595477849585,122.0,0.0
661.0649852622356,121.0,0.0
661.0671960780633,122.0,0.0
661.0724797569926,121.0,0.0
661.0765767483246,120.0,0.0
661.0812086811038,119.0,0.0
661.0830016671785,118.0,0.0
661.0893616729162,117.0,0.0
661.09189569833,118.0,0.0
661.0952479240253,117.0,0.0
661.0979688228377,116.0,0.0
661.0985832039579,117.0,0.0
661.1022837119315,116.0,0.0
661.11930466014,117.0,0.0
661.1258093158683,118.0,0.0
661.129098244612,117.0,0.0
661.1378753257464,116.0,0.0
661.144084899653,115.0,0.0
661.1464364750034,116.0,0.0
661.1526890008555,117.0,0.0
661.1588997013362,118.0,0.0
661.1589098212436,117.0,0.0
661.1679520108117,118.0,0.0
661.169044989936,117.0,0.0
661.1720558177036,118.0,0.0
661.1778602905757,117.0,0.0
661.1889351356208,118.0,0.0
661.1915610185218,117.0,0.0
661.1933967947983,118.0,0.0
661.1950932750498,117.0,0.0
661.1955677483511,118.0,0.0
661.1979303303352,117.0,0.0
661.2005878012404,116.0,0.0
661.2014047009726,117.0,0.0
661.2224401658214,116.0,0.0
661.2257131796474,115.0,0.0
661.233294431183,116.0,0.0
661.2354597001156,117.0,0.0
661.2356594544904,116.0,0.0
661.23701070721,115.0,0.0
661.256279172803,114.0,0.0
661.2628392729115,115.0,0.0
661.2769850412063,114.0,0.0
661.2813209976182,113.0,0.0
661.2841413265173,112.0,0.0
661.2859009181218,111.0,0.0
661.2894347201286,112.0,0.0
661.3164888626123,113.0,0.0
661.3237677717977,114.0,0.0
661.3268985748922,113.0,0.0
661.3347825852234,114.0,0.0
661.3377769307666,115.0,0.0
661.339841514522,114.0,0.0
661.3565180891759,115.0,0.0
661.3618072313969,116.0,0.0
661.3734466334206,117.0,0.0
661.3777921126837,118.0,0.0
661.3783825050693,117.0,0.0
661.414873658584,118.0,0.0
661.4163369751097,119.0,0.0
661.4165627971317,120.0,0.0
661.4175977316561,121.0,0.0
661.4211589834804,122.0,0.0
661.4301385661071,121.0,0.0
661.4439262343142,122.0,0.0
661.4609526614911,121.0,0.0
661.4622238002808,120.0,0.0
661.4671502408112,119.0,0.0
661.4714717076087,120.0,0.0
661.4892164551876,121.0,0.0
661.4895631195534,122.0,0.0
661.4921652666578,123.0,0.0
661.4951696076364,122.0,0.0
661.5066168907235,121.0,0.0
661.5105840774277,122.0,0.0
661.5189022899455,123.0,0.0
661.5326848384458,122.0,0.0
661.5422793663422,123.0,0.0
661.5691771823392,122.0,0.0
661.5757567209267,123.0,0.0
661.5789899034667,122.0,0.0
661.5843728352323,121.0,0.0
661.598173106841,120.0,0.0
661.6059769494165,119.0,0.0
661.6173268954828,118.0,0.0
661.6282088036435,119.0,0.0
661.6287671991504,118.0,0.0
661.6297251578417,119.0,0.0
661.6305885304918,120.0,0.0
661.6322432129814,119.0,0.0
661.6332552729804,120.0,0.0
661.633508381785,119.0,0.0
661.6368725782215,118.0,0.0
661.6380889727767,117.0,0.0
661.6403151144054,116.0,0.0
661.6412911245409,115.0,0.0
661.6426500857782,116.0,0.0
661.6492772273043,117.0,0.0
661.6522996480318,116.0,0.0
661.6554671086328,115.0,0.0
661.6793349871186,114.0,0.0
661.6925730588064,115.0,0.0
661.6969862605162,116.0,0.0
661.6988065348638,115.0,0.0
661.7143007780164,114.0,0.0
661.720722832667,113.0,0.0
661.7236828251578,114.0,0.0
661.723842721443,115.0,0.0
661.73073813315,114.0,0.0
661.7473371837842,115.0,0.0
661.7520309698101,116.0,0.0
661.7616155900428,117.0,0.0
661.8019849783155,118.0,0.0
661.8051677108522,117.0,0.0
661.8205830669575,116.0,0.0
661.8212394168099,115.0,0.0
661.8217222886134,116.0,0.0
661.8233948297836,115.0,0.0
661.8320930551919,114.0,0.0
661.8334940671706,113.0,0.0
661.8417918047318,112.0,0.0
661.8537737666151,113.0,0.0
661.8610734025709,112.0,0.0
661.8637351217716,111.0,0.0
661.8655882859799,110.0,0.0
661.8660669460672,111.0,0.0
661.8663430346601,110.0,0.0
661.8671603724224,109.0,0.0
661.8683451293581,110.0,0.0
661.8693853781105,109.0,0.0
661.8715836800758,110.0,0.0
661.8773235930165,109.0,0.0
661.8815525044236,108.0,0.0
661.8823277420751,109.0,0.0
661.883905719794,108.0,0.0
661.8933731326741,107.0,0.0
661.893889382036,106.0,0.0
661.8989804757703,107.0,0.0
661.9005108353163,108.0,0.0
661.9014176601457,109.0,0.0
661.9095676854625,110.0,0.0
661.9192942432649,109.0,0.0
661.9222084122631,108.0,0.0
661.9377771655287,109.0,0.0
661.9481483148097,108.0,0.0
661.9644976563733,109.0,0.0
661.9729264044649,108.0,0.0
661.9872834757659,109.0,0.0
661.9909164006979,110.0,0.0
662.0022770486587,109.0,0.0
662.008421962118,110.0,0.0
662.0085383026347,111.0,0.0
662.0183833461591,110.0,0.0
662.0285885961109,109.0,0.0
662.0301440123269,110.0,0.0
662.0318638088569,109.0,0.0
662.0333060927906,108.0,0.0
662.0427592918933,107.0,0.0
662.0529044169981,106.0,0.0
662.0628344962252,107.0,0.0
662.0640154120915,108.0,0.0
662.064039808577,109.0,0.0
662.0732120416906,108.0,0.0
662.0747645836116,107.0,0.0
662.0763690563033,108.0,0.0
662.0818549047813,107.0,0.0
662.0863722507536,106.0,0.0
662.0908149748522,105.0,0.0
662.0969672918928,106.0,0.0
662.1100613943787,107.0,0.0
662.1133950325456,106.0,0.0
662.1294784684554,105.0,0.0
662.1314500267415,104.0,0.0
662.1364909612394,103.0,0.0
662.1384800670261,104.0,0.0
662.1530202074887,105.0,0.0
662.1976479195205,104.0,0.0
662.2100478359068,105.0,0.0
662.218312334218,104.0,0.0
662.2224772648956,105.0,0.0
662.2275119042332,106.0,0.0
662.2347543118175,107.0,0.0
662.2359627983778,106.0,0.0
662.2362231592482,105.0,0.0
662.2523985860673,106.0,0.0
662.252810072563,105.0,0.0
662.2559010125477,104.0,0.0
662.2582437258081,103.0,0.0
662.2728939102534,104.0,0.0
662.2778749776004,105.0,0.0
662.2802973183603,106.0,0.0
662.2808412963269,107.0,0.0
662.2818066550744,108.0,0.0
662.2903535457127,107.0,0.0
662.292721553019,106.0,0.0
662.293774011449,105.0,0.0
662.3050819150377,104.0,0.0
662.3112730911545,103.0,0.0
662.3142109280077,104.0,0.0
662.3186616768734,105.0,0.0
662.3187404490046,104.0,0.0
662.3248587680501,103.0,0.0
662.3460748765648,102.0,0.0
662.353424659256,101.0,0.0
662.3552566332161,100.0,0.0
662.3628727392376,99.0,0.0
662.3633982873718,100.0,0.0
662.3845385301488,99.0,0.0
662.3861084530254,98.0,0.0
662.3936106907973,97.0,0.0
662.3940204829114,96.0,0.0
662.4017002668327,95.0,0.0
662.4041063721245,96.0,0.0
662.4079821164687,95.0,0.0
662.4103111931414,94.0,0.0
662.4163254120372,93.0,0.0
662.4171449655538,92.0,0.0
662.4171901689167,91.0,0.0
662.4217408085312,90.0,0.0
662.4245539574283,89.0,0.0
662.4369214920494,90.0,0.0
662.4384342644948,89.0,0.0
662.4406910134763,90.0,0.0
662.4425638819146,89.0,0.0
662.4451319624096,88.0,0.0
662.4524620072872,87.0,0.0
662.4737679757826,88.0,0.0
662.4739540513283,89.0,0.0
662.4791936302659,90.0,0.0
662.4944060689015,89.0,0.0
662.4998582950377,88.0,0.0
662.5373648177682,89.0,0.0
662.5415936738541,90.0,0.0
662.5527416426831,91.0,0.0
662.5662771214809,90.0,0.0
662.5838729347247,89.0,0.0
662.5941778644899,90.0,0.0
662.596319801771,91.0,0.0
662.5991992024474,92.0,0.0
662.600641256412,93.0,0.0
662.6078169686966,94.0,0.0
662.6196408431491,95.0,0.0
662.6332875716308,94.0,0.0
662.6474038889761,93.0,0.0
662.6478293323204,92.0,0.0
662.6616712405022,91.0,0.0
662.6680143043675,90.0,0.0
662.6696311472085,89.0,0.0
662.6828083209452,88.0,0.0
662.6929276716597,87.0,0.0
662.7035912253855,86.0,0.0
662.7044941024693,85.0,0.0
662.7189027044219,84.0,0.0
662.7259005010964,83.0,0.0
662.7484760956216,84.0,0.0
662.7564174652031,83.0,0.0
662.7624691922931,82.0,0.0
662.7648668112,83.0,0.0
662.7689788868284,82.0,0.0
662.7708445866955,81.0,0.0
662.7837052957273,80.0,0.0
662.7880869839496,81.0,0.0
662.7899626525556,80.0,0.0
662.7917087908186,81.0,0.0
662.793125751986,82.0,0.0
662.8038910515826,83.0,0.0
662.8068449689271,84.0,0.0
662.8342677472831,83.0,0.0
662.8376147255208,82.0,0.0
662.8580004370899,83.0,0.0
662.8610735783417,84.0,0.0
662.8646693636761,85.0,0.0
662.8796105695092,84.0,0.0
662.8808719361018,83.0,0.0
662.8856873012405,82.0,0.0
662.8996597563257,81.0,0.0
662.9071838669408,80.0,0.0
662.9080515625363,79.0,0.0
662.9203855849657,78.0,0.0
662.9311505059997,77.0,0.0
662.9368857629856,76.0,0.0
662.9382667272886,77.0,0.0
662.9404306957882,76.0,0.0
662.942921856671,77.0,0.0
662.9465121186566,76.0,0.0
662.9467318435586,75.0,0.0
662.9488784879554,76.0,0.0
662.9535155600661,75.0,0.0
662.9535420750213,74.0,0.0
662.953551453383,73.0,0.0
662.9616050476134,74.0,0.0
662.9756899864199,75.0,0.0
662.9757224076329,76.0,0.0
662.9782347686273,77.0,0.0
662.9784939473637,76.0,0.0
662.9893407156103,77.0,0.0
662.9931040901823,78.0,0.0
662.9991638609577,79.0,0.0
663.0019981117507,78.0,0.0
663.0240209008036,77.0,0.0
663.0398540239786,78.0,0.0
663.045827563605,79.0,0.0
663.0488166290562,78.0,0.0
663.0569847807599,77.0,0.0
663.0578258879211,76.0,0.0
663.0760309706334,75.0,0.0
663.0935676723085,76.0,0.0
663.0945784534756,77.0,0.0
663.1025693388701,76.0,0.0
663.1045674815291,75.0,0.0
663.1117182958914,74.0,0.0
663.1241750725724,73.0,0.0
663.126796439013,72.0,0.0
663.1287265773873,71.0,0.0
663.1325841459382,70.0,0.0
663.1341020188328,71.0,0.0
663.1366590778929,70.0,0.0
663.1595863564947,69.0,0.0
663.1780414610557,70.0,0.0
663.1857539534857,69.0,0.0
663.1878958151719,68.0,0.0
663.188759560036,67.0,0.0
663.1910143718095,68.0,0.0
663.1934531094705,69.0,0.0
663.1942370757994,70.0,0.0
663.208716869189,69.0,0.0
663.2151409584523,70.0,0.0
663.2252695085153,69.0,0.0
663.2314705075082,68.0,0.0
663.2397567632826,69.0,0.0
663.2425078594022,68.0,0.0
663.2466210709796,67.0,0.0
663.2548359171826,68.0,0.0
663.2681011408031,69.0,0.0
663.2805205618882,68.0,0.0
663.2816938475655,67.0,0.0
663.2851490343087,66.0,0.0
663.2905575468534,65.0,0.0
663.2939678661363,66.0,0.0
663.2956485228028,65.0,0.0
663.2957312309973,64.0,0.0
663.2970178584114,63.0,0.0
663.2979894069761,62.0,0.0
663.3068294371049,63.0,0.0
663.3140900209929,62.0,0.0
663.3154545231873,61.0,0.0
663.3155946570023,60.0,0.0
663.3217669467953,61.0,0.0
663.3230205409449,60.0,0.0
663.3289143923064,59.0,0.0
663.3358342643464,58.0,0.0
663.3419504900608,59.0,0.0
663.3476537609572,58.0,0.0
663.3595237853648,57.0,0.0
663.3643743330115,56.0,0.0
663.3765276950924,55.0,0.0
663.3778623752888,54.0,0.0
663.3778821605317,53.0,0.0
663.3918562497779,52.0,0.0
663.3950579104119,53.0,0.0
663.3984320090099,52.0,0.0
663.4036118288834,53.0,0.0
663.421916624418,52.0,0.0
663.4293514650756,51.0,0.0
663.4349785685633,50.0,0.0
663.4431838394944,49.0,0.0
663.4455069322844,48.0,0.0
663.4465769650847,49.0,0.0
663.4534155513975,48.0,0.0
663.457180898089,49.0,0.0
663.4616591927949,48.0,0.0
663.4637252727936,47.0,0.0
663.4695371662926,46.0,0.0
663.4829472860711,47.0,0.0
663.4839345277327,46.0,0.0
663.4889839045064,47.0,0.0
663.4959062944445,48.0,0.0
663.5130393252904,47.0,0.0
663.5186130018207,46.0,0.0
663.525847116725,47.0,0.0
663.525865938879,48.0,0.0
663.532175548092,47.0,0.0
663.5329930841278,48.0,0.0
663.5329967429055,47.0,0.0
663.5351094794064,46.0,0.0
663.5405595780702,45.0,0.0
663.5500647955866,46.0,0.0
663.5838680412681,45.0,0.0
663.5862399312297,44.0,0.0
663.5964478897006,43.0,0.0
663.5973350986122,42.0,0.0
663.602374636723,43.0,0.0
663.6146044976234,42.0,0.0
663.6182779020219,41.0,0.0
663.6214317063163,42.0,0.0
663.6235679137584,41.0,0.0
663.6395767561073,40.0,0.0
663.6537095280601,39.0,0.0
663.6758644114034,40.0,0.0
663.6782328883272,39.0,0.0
663.6838536661772,38.0,0.0
663.7113703857306,37.0,0.0
663.7148969146492,36.0,0.0
663.7445301482836,37.0,0.0
663.7482088320003,36.0,0.0
663.7530659697743,37.0,0.0
663.7638696414264,38.0,0.0
663.7876084447208,37.0,0.0
663.7904334447867,36.0,0.0
663.7966110890806,35.0,0.0
663.8084773706543,36.0,0.0
663.816041507228,35.0,0.0
663.8209121313797,34.0,0.0
663.8249517174363,33.0,0.0
663.8270008213086,32.0,0.0
663.8286517590044,33.0,0.0
663.8568921623427,32.0,0.0
663.8826090387626,31.0,0.0
663.8983296966636,30.0,0.0
663.9040052729675,29.0,0.0
663.941869741474,30.0,0.0
663.9446610297028,29.0,0.0
663.952583030255,28.0,0.0
663.9979341464966,27.0,0.0
664.0180036814645,26.0,0.0
664.0208298721941,25.0,0.0
664.0267924392398,26.0,0.0
664.0281053015781,25.0,0.0
664.0360821560839,24.0,0.0
664.0367248853678,23.0,0.0
664.059361986913,22.0,0.0
664.0612890101719,21.0,0.0
664.0819582505501,22.0,0.0
664.0964325396479,21.0,0.0
664.0964419260454,20.0,0.0
664.1146203412563,19.0,0.0
664.1273551580433,18.0,0.0
664.1538977647265,17.0,0.0
664.167790939809,16.0,0.0
664.1724628898102,17.0,0.0
664.1738382155446,18.0,0.0
664.179687023602,19.0,0.0
664.1954798950518,18.0,0.0
664.2192524968685,19.0,0.0
664.2226083537291,18.0,0.0
664.243927251182,17.0,0.0
664.2535145121461,16.0,0.0
664.2551219212789,15.0,0.0
664.2630558054228,14.0,0.0
664.2645350437044,13.0,0.0
664.2670401194512,12.0,0.0
664.2711442038451,11.0,0.0
664.2735979104906,10.0,0.0
664.288858635169,9.0,0.0
664.3020343648608,10.0,0.0
664.3109064871588,9.0,0.0
664.3124476571769,8.0,0.0
664.3129072484596,7.0,0.0
664.3145188874939,8.0,0.0
664.3214101274866,9.0,0.0
664.3230265858344,8.0,0.0
664.3318443296417,9.0,0.0
664.3370110147173,8.0,0.0
664.3431341835467,7.0,0.0
664.3456425533925,8.0,0.0
664.3482739603193,7.0,0.0
664.3556497734755,6.0,0.0
664.3584967406329,7.0,0.0
664.3644972290899,6.0,0.0
664.3802218557041,7.0,0.0
664.3803581498978,6.0,0.0
664.3850237193352,5.0,0.0
664.3870777455307,4.0,0.0
664.3917706255972,3.0,0.0
664.3937929868002,4.0,0.0
664.3992968209922,3.0,0.0
664.4029107627863,4.0,0.0
664.4111636211514,3.0,0.0
664.4303498735084,2.0,0.0
664.43295579243,1.0,0.0
664.4331162259064,0.0,0.0
664.4358622848337,1.0,0.0
664.4641438592745,2.0,0.0
664.4720096838288,1.0,0.0
664.4860963194182,0.0,0.0
664.5279949360995,1.0,0.0
664.531078494364,0.0,0.0
664.5532892961749,1.0,0.0
664.5608452194479,2.0,0.0
664.5637905511925,1.0,0.0
664.6015668908584,0.0,0.0
664.6263407426617,1.0,0.0
664.6464239033616,2.0,0.0
664.6523484389095,1.0,0.0
664.6541494185661,0.0,0.0
664.6604484561892,1.0,0.0
664.6624513120817,2.0,0.0
664.6851190315756,3.0,0.0
664.6927987379643,2.0,0.0
664.7071497297608,1.0,0.0
664.7135162471286,0.0,0.0
664.7807786514587,1.0,0.0
664.8088261183389,0.0,0.0
664.8114765284398,1.0,0.0
664.8198978977821,2.0,0.0
664.8259046269317,1.0,0.0
664.8345751156044,0.0,0.0
664.8534504800607,1.0,0.0
664.8917608391133,0.0,0.0
664.9659116222157,1.0,0.0
664.9662085786267,0.0,0.0
664.9888929915113,1.0,0.0
665.0014828732534,0.0,0.0
665.0488447889792,1.0,0.0
665.0512169275854,2.0,0.0
665.0876521199735,1.0,0.0
665.0897095450005,0.0,0.0
665.1228342589087,1.0,0.0
665.1292512366277,2.0,0.0
665.1451177149639,1.0,0.0
665.1471414612971,0.0,0.0
665.2029280687915,1.0,0.0
665.2088182111216,2.0,0.0
665.2158520860138,1.0,0.0
665.2217515588577,0.0,0.0
665.2844340640305,1.0,0.0
665.2891192358346,2.0,0.0
665.292288937397,1.0,0.0
665.3137543259867,0.0,0.0
665.3446650312918,1.0,0.0
665.3455377998305,0.0,0.0
665.3874518745391,1.0,0.0
665.4100700314398,2.0,0.0
665.437364242183,1.0,0.0
665.4485506646962,2.0,0.0
665.4511312179482,1.0,0.0
665.455791169659,2.0,0.0
665.462498650099,1.0,0.0
665.4639903667775,0.0,0.0
665.4644567210516,1.0,0.0
665.4738222282188,2.0,0.0
665.4762604247571,1.0,0.0
665.4877939230142,0.0,0.0
665.4881357819146,1.0,0.0
665.5016668443267,0.0,0.0
665.5562320184353,1.0,0.0
665.6032568703934,2.0,0.0
665.6119368405773,3.0,0.0
665.627145804096,2.0,0.0
665.6715864383218,3.0,0.0
665.6737838225523,2.0,0.0
665.7259921907196,1.0,0.0
665.734413530226,0.0,0.0
665.9073353313834,1.0,0.0
665.9148870710627,2.0,0.0
665.926447020241,3.0,0.0
665.9291609466812,2.0,0.0
665.9417059940606,1.0,0.0
665.9596548840581,0.0,0.0
666.1950068515107,1.0,0.0
666.2116229254558,0.0,0.0
666.2653590845471,1.0,0.0
666.2697990747334,2.0,0.0
666.2803994385295,1.0,0.0
666.2847422479863,0.0,0.0
666.2997374578459,1.0,0.0
666.315644314382,2.0,0.0
666.340369696699,1.0,0.0
666.3489558659273,0.0,0.0
666.3704183039957,1.0,0.0
666.3883754417277,0.0,0.0
666.4342555834364,1.0,0.0
666.4525288999756,2.0,0.0
666.46942932099,3.0,0.0
666.4709609595517,2.0,0.0
666.4737548082612,1.0,0.0
666.479987785491,0.0,0.0
666.7011034719103,1.0,0.0
666.7332188270469,2.0,0.0
666.7442260660407,1.0,0.0
666.7545241965174,2.0,0.0
666.765201172568,3.0,0.0
666.7654412478739,2.0,0.0
666.77333716825,1.0,0.0
666.788705007937,0.0,0.0
666.7940702252366,1.0,0.0
666.8186932040115,0.0,0.0
666.829228183907,1.0,0.0
666.8469338999184,0.0,0.0
666.8599912089813,1.0,0.0
666.8619209921862,2.0,0.0
666.8814089888124,1.0,0.0
666.8964311692031,2.0,0.0
666.9152591931114,3.0,0.0
666.9246253238276,2.0,0.0
666.933380298693,1.0,0.0
666.9757310208057,2.0,0.0
666.9920665567145,1.0,0.0
667.0194189826814,0.0,0.0
667.0268139558048,1.0,0.0
667.0271978470126,2.0,0.0
667.0864129550387,1.0,0.0
667.095234454042,0.0,0.0
667.1041267468688,1.0,0.0
667.1250897004712,0.0,0.0
667.1980428682384,1.0,0.0
667.2102400199682,0.0,0.0
667.2614420837389,1.0,0.0
667.2680576924797,0.0,0.0
667.3450199488954,1.0,0.0
667.352074423641,0.0,0.0
667.4076872628098,1.0,0.0
667.4096555100854,0.0,0.0
667.4423875190769,1.0,0.0
667.4434280264513,0.0,0.0
667.4578201375583,1.0,0.0
667.4674132660214,0.0,0.0
667.6407241825576,1.0,0.0
667.735384046555,0.0,0.0
667.7456214438663,1.0,0.0
667.746721503102,0.0,0.0
667.7704988299154,1.0,0.0
667.7840727005895,0.0,0.0
667.8007174771279,1.0,0.0
667.815245090334,2.0,0.0
667.8201158426679,1.0,0.0
667.8338232399923,2.0,0.0
667.8393176466308,1.0,0.0
667.856225290506,2.0,0.0
667.8600541344922,3.0,0.0
667.8656319227798,4.0,0.0
667.8713027014078,3.0,0.0
667.8975554113962,4.0,0.0
667.9087577310333,5.0,0.0
667.9181990423725,4.0,0.0
667.9362743556535,5.0,0.0
667.9490687102921,4.0,0.0
667.9590333989552,3.0,0.0
667.9946558955314,2.0,0.0
668.0083402454195,3.0,0.0
668.0085579117842,2.0,0.0
668.0088279348025,1.0,0.0
668.0247733335825,0.0,0.0
668.0302137074754,1.0,0.0
668.0343456724145,0.0,0.0
668.0799441150295,1.0,0.0
668.0995777138843,2.0,0.0
668.1034987188946,1.0,0.0
668.1248125113578,2.0,0.0
668.1375094843563,3.0,0.0
668.1524421466639,2.0,0.0
668.1683658805183,1.0,0.0
668.1719069898421,2.0,0.0
668.1795654401382,1.0,0.0
668.1823193931901,0.0,0.0
668.2033437728447,1.0,0.0
668.2105263037371,0.0,0.0
668.2216506373491,1.0,0.0
668.2351296701431,0.0,0.0
668.2560433844045,1.0,0.0
668.274928120917,0.0,0.0
668.2845966029631,1.0,0.0
668.2955004064082,2.0,0.0
668.3253623514507,3.0,0.0
668.3454084779116,2.0,0.0
668.3470523367081,1.0,0.0
668.3545247759413,2.0,0.0
668.3610150392419,1.0,0.0
668.3695783180947,2.0,0.0
668.3721999767571,1.0,0.0
668.3905073155773,0.0,0.0
668.4082108003993,1.0,0.0
668.4086439702605,0.0,0.0
668.4166913501053,1.0,0.0
668.4359641554488,0.0,0.0
668.4557433324078,1.0,0.0
668.4594258213885,2.0,0.0
668.4826207580273,1.0,0.0
668.4923988608875,2.0,0.0
668.4951648782231,3.0,0.0
668.5002843673568,2.0,0.0
668.5094525883509,1.0,0.0
668.5129870110705,2.0,0.0
668.517725992024,3.0,0.0
668.5232897985387,4.0,0.0
668.5542987618495,3.0,0.0
668.5584452693247,4.0,0.0
668.587160167953,5.0,0.0
668.6148755304623,6.0,0.0
668.6343421003598,5.0,0.0
668.6582577788027,6.0,0.0
668.6605132809326,7.0,0.0
668.674252369044,6.0,0.0
668.675110008131,5.0,0.0
668.6831150940699,6.0,0.0
668.6900723405574,7.0,0.0
668.7019961212476,6.0,0.0
668.70278334295,5.0,0.0
668.7088282478423,4.0,0.0
668.737226116537,5.0,0.0
668.7401067327827,6.0,0.0
668.7606175860134,5.0,0.0
668.7645531496978,4.0,0.0
668.7656406862517,5.0,0.0
668.8093986393178,4.0,0.0
668.8207842073417,5.0,0.0
668.8208361673164,6.0,0.0
668.8424019400417,5.0,0.0
668.8451544425405,6.0,0.0
668.8484168908437,5.0,0.0
668.8593740977025,6.0,0.0
668.8641488631234,5.0,0.0
668.8652380583386,6.0,0.0
668.867008978727,5.0,0.0
668.8808690888653,6.0,0.0
668.897731317236,7.0,0.0
668.9041948432144,6.0,0.0
668.9098544712905,5.0,0.0
668.9185164443576,6.0,0.0
668.924331645289,7.0,0.0
668.9261580202951,6.0,0.0
668.9298416043351,7.0,0.0
668.9508574078418,8.0,0.0
668.9575683705882,9.0,0.0
668.9690188597093,10.0,0.0
668.9757586672414,9.0,0.0
668.9834976076228,8.0,0.0
669.0003860680073,7.0,0.0
669.0028997049769,8.0,0.0
669.0271889667756,7.0,0.0
669.0497651704604,8.0,0.0
669.0538004249343,7.0,0.0
669.0544948200203,6.0,0.0
669.061729745774,5.0,0.0
669.0649576793537,6.0,0.0
669.0653091690373,5.0,0.0
669.067721629745,4.0,0.0
669.073216059003,3.0,0.0
669.0763580341658,2.0,0.0
669.0834208717267,3.0,0.0
669.1033068481391,4.0,0.0
669.1141979885292,5.0,0.0
669.1185802980174,6.0,0.0
669.12275210681,5.0,0.0
669.1241285432743,6.0,0.0
669.1438692364127,7.0,0.0
669.1570506061042,6.0,0.0
669.1856627917936,7.0,0.0
669.1869679109019,6.0,0.0
669.2003447176987,7.0,0.0
669.2052044642011,6.0,0.0
669.2175738278368,7.0,0.0
669.2365601329494,6.0,0.0
669.244900367328,5.0,0.0
669.2493840072874,4.0,0.0
669.2560872475495,3.0,0.0
669.2562881051866,4.0,0.0
669.2564382286723,3.0,0.0
669.2565307312609,2.0,0.0
669.2637669386307,3.0,0.0
669.2695274663608,4.0,0.0
669.2794737802053,3.0,0.0
669.2807159274436,4.0,0.0
669.2848155267493,3.0,0.0
669.2878632821571,4.0,0.0
669.3002723566648,5.0,0.0
669.3061792489023,6.0,0.0
669.3243681107027,7.0,0.0
669.3246196092043,8.0,0.0
669.3335472665378,9.0,0.0
669.3343634154196,10.0,0.0
669.3436944413036,9.0,0.0
669.3484541316487,8.0,0.0
669.3511724995305,7.0,0.0
669.3566890488222,6.0,0.0
669.3638730926303,7.0,0.0
669.3741777630535,6.0,0.0
669.3751298618708,7.0,0.0
669.3799169560448,8.0,0.0
669.3840599162115,7.0,0.0
669.3863169378228,6.0,0.0
669.3891332066723,7.0,0.0
669.3954640782445,8.0,0.0
669.3959397132209,7.0,0.0
669.4009028070219,6.0,0.0
669.4059472327261,5.0,0.0
669.4393685754118,6.0,0.0
669.4552550862423,5.0,0.0
669.4570059906102,6.0,0.0
669.4697457333021,5.0,0.0
669.4770602624512,6.0,0.0
669.4830991802118,5.0,0.0
669.4923315393357,6.0,0.0
669.5164160031745,5.0,0.0
669.5173534675616,6.0,0.0
669.5309307409076,5.0,0.0
669.5331030565749,6.0,0.0
669.5554133564683,5.0,0.0
669.5659110598747,6.0,0.0
669.567285197074,7.0,0.0
669.5757047574123,6.0,0.0
669.5780833719193,7.0,0.0
669.5880456623062,8.0,0.0
669.5894070194244,7.0,0.0
669.5961086660554,8.0,0.0
669.599539005086,9.0,0.0
669.6168618962935,10.0,0.0
669.6196706727611,11.0,0.0
669.6217222048564,12.0,0.0
669.6335375444952,11.0,0.0
669.6383660930521,10.0,0.0
669.6415769927424,11.0,0.0
669.6476102886439,12.0,0.0
669.6548058127571,13.0,0.0
669.6627028729833,12.0,0.0
669.6685662615578,11.0,0.0
669.6802596168578,10.0,0.0
669.6825841597415,9.0,0.0
669.6885412423909,8.0,0.0
669.7069226621016,7.0,0.0
669.7161293328978,6.0,0.0
669.7347676023796,7.0,0.0
669.759671082759,6.0,0.0
669.7635068692348,7.0,0.0
669.764009109746,8.0,0.0
669.77293136156,9.0,0.0
669.7760061868987,8.0,0.0
669.7773890807337,9.0,0.0
669.7817742607671,10.0,0.0
669.7902500520601,9.0,0.0
669.7918112101679,10.0,0.0
669.7930652220529,11.0,0.0
669.796639876486,10.0,0.0
669.8032809646154,9.0,0.0
669.8111198519791,8.0,0.0
669.813222739603,9.0,0.0
669.8134479302076,10.0,0.0
669.8158651471056,11.0,0.0
669.8197614188448,10.0,0.0
669.8198673287051,11.0,0.0
669.8207186586586,12.0,0.0
669.8210195786784,11.0,0.0
669.8231237557144,10.0,0.0
669.8246732829328,9.0,0.0
669.8258156430453,8.0,0.0
669.8617411604932,7.0,0.0
669.8631170952063,8.0,0.0
669.8712225792663,9.0,0.0
669.880055250565,8.0,0.0
669.8927641584198,9.0,0.0
669.8945546344232,8.0,0.0
669.8978918936724,9.0,0.0
669.909997647327,10.0,0.0
669.9106169632335,9.0,0.0
669.9124494755148,8.0,0.0
669.9221605364273,9.0,0.0
669.925206946388,10.0,0.0
669.9276642743173,11.0,0.0
669.9310908583008,12.0,0.0
669.9312737940662,11.0,0.0
669.9363240859434,12.0,0.0
669.9402899052399,11.0,0.0
669.9613258480978,12.0,0.0
669.9714036734761,11.0,0.0
669.9882679888999,12.0,0.0
670.0029542073346,13.0,0.0
670.0054685414461,14.0,0.0
670.0076943008204,13.0,0.0
670.0114989760292,14.0,0.0
670.0266754996197,15.0,0.0
670.0270424924684,16.0,0.0
670.0322433901573,17.0,0.0
670.0385133896133,18.0,0.0
670.0407315349056,19.0,0.0
670.0517914359538,20.0,0.0
670.0539806434737,21.0,0.0
670.0641838499836,20.0,0.0
670.071325788981,19.0,0.0
670.0787829251707,18.0,0.0
670.0823117555419,19.0,0.0
670.0843150707487,20.0,0.0
670.1246561595962,19.0,0.0
670.1326271721173,20.0,0.0
670.1330398231258,19.0,0.0
670.1378506260454,20.0,0.0
670.1380898222103,21.0,0.0
670.138209272111,22.0,0.0
670.1392081722157,23.0,0.0
670.1555805919725,22.0,0.0
670.1559142153934,23.0,0.0
670.1735258753648,24.0,0.0
670.1743895986764,25.0,0.0
670.1751174687512,24.0,0.0
670.1794494825978,23.0,0.0
670.1988757905466,22.0,0.0
670.2100695312364,23.0,0.0
670.2111041845584,24.0,0.0
670.2137400141258,25.0,0.0
670.217783295815,24.0,0.0
670.2211290519481,23.0,0.0
670.2246923404477,22.0,0.0
670.2318379454617,21.0,0.0
670.239835108745,22.0,0.0
670.2467274056897,23.0,0.0
670.254943737773,22.0,0.0
670.2625095728105,23.0,0.0
670.2631272761613,22.0,0.0
670.2669533886906,23.0,0.0
670.2754820718835,24.0,0.0
670.2848778649549,23.0,0.0
670.2893206556333,24.0,0.0
670.2934823035247,25.0,0.0
670.3028469307523,24.0,0.0
670.3095755473903,25.0,0.0
670.30973021645,26.0,0.0
670.325039757196,25.0,0.0
670.3313396960413,24.0,0.0
670.3327217584541,23.0,0.0
670.340851012157,22.0,0.0
670.3528665811866,23.0,0.0
670.3695778655249,24.0,0.0
670.3709837608149,25.0,0.0
670.373640267633,24.0,0.0
670.4013806106782,25.0,0.0
670.402219828006,24.0,0.0
670.4074005465362,23.0,0.0
670.4116291951024,24.0,0.0
670.420086557663,25.0,0.0
670.4271893180787,24.0,0.0
670.436965566374,23.0,0.0
670.449898030477,24.0,0.0
670.4540885740931,25.0,0.0
670.4551265942628,24.0,0.0
670.4563864201309,25.0,0.0
670.461581436239,24.0,0.0
670.4684341975643,25.0,0.0
670.4706206975923,26.0,0.0
670.4731638909453,27.0,0.0
670.4779644804519,26.0,0.0
670.4843811204279,27.0,0.0
670.4873019198715,26.0,0.0
670.4950864370936,27.0,0.0
670.4975511439983,28.0,0.0
670.4991892347659,27.0,0.0
670.50810854987,28.0,0.0
670.5094871267835,29.0,0.0
670.522988783658,30.0,0.0
670.5359588953418,29.0,0.0
670.5393578920564,28.0,0.0
670.5415263388792,27.0,0.0
670.550332223401,28.0,0.0
670.5521438990181,27.0,0.0
670.5613031048257,26.0,0.0
670.5648329677513,27.0,0.0
670.5682701667793,26.0,0.0
670.5767875225922,27.0,0.0
670.5970467866259,28.0,0.0
670.6066826286293,27.0,0.0
670.6088726580458,26.0,0.0
670.6095541685394,27.0,0.0
670.6117648636562,28.0,0.0
670.6130836301347,29.0,0.0
670.6137673054213,30.0,0.0
670.6155144092654,31.0,0.0
670.6200737653106,30.0,0.0
670.6216242872507,31.0,0.0
670.6303150577825,32.0,0.0
670.633337936781,31.0,0.0
670.634344304789,30.0,0.0
670.639369280528,31.0,0.0
670.6418776449236,30.0,0.0
670.665296573573,31.0,0.0
670.6667120837908,32.0,0.0
670.6778245701549,31.0,0.0
670.6784826545927,32.0,0.0
670.6843636709607,33.0,0.0
670.6850294654769,32.0,0.0
670.686660523321,31.0,0.0
670.6928806481603,32.0,0.0
670.716604477188,33.0,0.0
670.723279824137,32.0,0.0
670.7243317947741,33.0,0.0
670.7263040972356,32.0,0.0
670.7414074633274,33.0,0.0
670.7487023182732,34.0,0.0
670.7514856246014,35.0,0.0
670.7522983797725,36.0,0.0
670.7549289515135,37.0,0.0
670.758718243325,38.0,0.0
670.7632489619963,39.0,0.0
670.777836599074,38.0,0.0
670.7809571932406,39.0,0.0
670.7846525991415,40.0,0.0
670.7920955565337,41.0,0.0
670.7959030288466,40.0,0.0
670.7978152435169,41.0,0.0
670.8077058821106,42.0,0.0
670.8079303608126,41.0,0.0
670.8145209269595,42.0,0.0
670.829599518053,41.0,0.0
670.8308775192369,40.0,0.0
670.8310870320773,41.0,0.0
670.8322731241033,40.0,0.0
670.840881659197,41.0,0.0
670.8475958209374,40.0,0.0
670.8505695219081,39.0,0.0
670.8522941244328,40.0,0.0
670.8539299590362,39.0,0.0
670.8642053040221,38.0,0.0
670.8693659238747,39.0,0.0
670.8712430508679,38.0,0.0
670.8760328287409,39.0,0.0
670.8771066441395,38.0,0.0
670.8775720636888,39.0,0.0
670.8842532353851,40.0,0.0
670.8916508637672,41.0,0.0
670.8918515121788,42.0,0.0
670.8934797956114,41.0,0.0
670.8946373279,42.0,0.0
670.9012592500513,43.0,0.0
670.9080377069586,42.0,0.0
670.9278139489558,41.0,0.0
670.9442067832503,42.0,0.0
670.9458907482255,43.0,0.0
670.9465151309851,44.0,0.0
670.9504339139075,45.0,0.0
670.9514978437028,46.0,0.0
670.9559980532983,45.0,0.0
670.95604216611,46.0,0.0
670.9624494442754,47.0,0.0
670.966699095267,48.0,0.0
670.9676868327051,47.0,0.0
670.9717940191698,48.0,0.0
670.9727887053494,47.0,0.0
670.9728044216821,48.0,0.0
670.9796924671471,49.0,0.0
670.9813652938036,48.0,0.0
670.9836575787176,49.0,0.0
670.989712034523,48.0,0.0
670.9928010873771,47.0,0.0
671.0004091802306,48.0,0.0
671.0035717207787,47.0,0.0
671.0262978047696,48.0,0.0
671.0310469270661,47.0,0.0
671.0310702399225,48.0,0.0
671.0347363378705,49.0,0.0
671.03652910082,48.0,0.0
671.040709312592,47.0,0.0
671.0536628590565,46.0,0.0
671.0582765056995,47.0,0.0
671.0720696290341,46.0,0.0
671.0723192032492,47.0,0.0
671.0752729019922,46.0,0.0
671.0811362364539,45.0,0.0
671.0815566164126,44.0,0.0
671.0854117812177,45.0,0.0
671.0871488193595,46.0,0.0
671.0880836807019,45.0,0.0
671.0897183725486,46.0,0.0
671.0905529315087,45.0,0.0
671.0911005488039,44.0,0.0
671.1023166253583,43.0,0.0
671.1062443754231,44.0,0.0
671.1157914807247,45.0,0.0
671.1177804761447,44.0,0.0
671.1201766716557,45.0,0.0
671.1213231005622,46.0,0.0
671.122514640064,45.0,0.0
671.1287032066633,44.0,0.0
671.1391110918804,45.0,0.0
671.1435185238389,44.0,0.0
671.1558044197437,45.0,0.0
671.1653598594829,44.0,0.0
671.2015555596944,45.0,0.0
671.2049533734237,46.0,0.0
671.2088180957938,47.0,0.0
671.2119305646714,46.0,0.0
671.2126534305283,45.0,0.0
671.2162425390079,46.0,0.0
671.2167051115955,47.0,0.0
671.220633409782,46.0,0.0
671.2236195616498,47.0,0.0
671.2255225314279,46.0,0.0
671.2322142559239,47.0,0.0
671.2368316160572,48.0,0.0
671.2409505048073,47.0,0.0
671.2415928612029,48.0,0.0
671.2447872008732,49.0,0.0
671.2448270341051,50.0,0.0
671.2453741737645,51.0,0.0
671.2502193884696,52.0,0.0
671.2534634787072,53.0,0.0
671.2601182051956,54.0,0.0
671.2622628324735,55.0,0.0
671.2630163882947,56.0,0.0
671.2660824932317,55.0,0.0
671.2699087297283,54.0,0.0
671.2705491380925,55.0,0.0
671.2815625419979,56.0,0.0
671.2820056948868,55.0,0.0
671.287014236418,56.0,0.0
671.2897727948816,55.0,0.0
671.3029369481368,56.0,0.0
671.3034387855603,57.0,0.0
671.3106448806851,58.0,0.0
671.3134228588794,59.0,0.0
671.3134379349653,60.0,0.0
671.3189034254104,59.0,0.0
671.3196942469801,60.0,0.0
671.3280186257099,61.0,0.0
671.3355913830194,60.0,0.0
671.3369001514269,61.0,0.0
671.3394586170702,62.0,0.0
671.341662387932,63.0,0.0
671.3504471797766,64.0,0.0
671.3659785057297,63.0,0.0
671.3769255043378,64.0,0.0
671.3795024092334,65.0,0.0
671.3979416818717,66.0,0.0
671.4011310131189,67.0,0.0
671.4028354854834,66.0,0.0
671.4054195056797,67.0,0.0
671.4108167058448,68.0,0.0
671.4113388261366,69.0,0.0
671.4165446319402,70.0,0.0
671.4243907540673,71.0,0.0
671.4298710555653,72.0,0.0
671.4392916923714,73.0,0.0
671.4425092847399,72.0,0.0
671.4440303569227,71.0,0.0
671.4457243243635,70.0,0.0
671.4478309163219,71.0,0.0
671.4488633590364,70.0,0.0
671.4523169936649,71.0,0.0
671.4557172234776,72.0,0.0
671.4600668722718,73.0,0.0
671.4658631072456,72.0,0.0
671.4690665244478,73.0,0.0
671.4732271169254,72.0,0.0
671.4736962654646,73.0,0.0
671.4759933613464,72.0,0.0
671.4767059572985,73.0,0.0
671.4772269476209,74.0,0.0
671.4787812132184,75.0,0.0
671.4800682635813,76.0,0.0
671.4810301486625,77.0,0.0
671.4817550227808,78.0,0.0
671.4888781306897,79.0,0.0
671.4916797348309,80.0,0.0
671.4971863364271,81.0,0.0
671.4977435599927,80.0,0.0
671.4984183040632,79.0,0.0
671.5005181972459,80.0,0.0
671.5162982223303,79.0,0.0
671.5255408733565,80.0,0.0
671.526648858288,79.0,0.0
671.5284195745319,80.0,0.0
671.5311029872837,79.0,0.0
671.5349975932162,78.0,0.0
671.5458253918008,79.0,0.0
671.5474012637079,78.0,0.0
671.549315275705,77.0,0.0
671.5544747048216,78.0,0.0
671.5553934047699,77.0,0.0
671.5592512898982,78.0,0.0
671.5682785293313,79.0,0.0
671.5774312450558,80.0,0.0
671.5836642486948,79.0,0.0
671.5846165532488,78.0,0.0
671.5857393087006,77.0,0.0
671.5950154167766,78.0,0.0
671.6046295967498,77.0,0.0
671.6123260709429,76.0,0.0
671.6130435138268,77.0,0.0
671.6137373312184,78.0,0.0
671.618929463475,79.0,0.0
671.6219690912446,80.0,0.0
671.6251978570776,79.0,0.0
671.6471119860142,80.0,0.0
671.6478636369734,81.0,0.0
671.6490253050677,80.0,0.0
671.6495079387681,81.0,0.0
671.6529688128956,82.0,0.0
671.6750864819139,83.0,0.0
671.6788567430116,84.0,0.0
671.6830717895134,83.0,0.0
671.6912744424279,84.0,0.0
671.6967061715688,85.0,0.0
671.6990630602261,84.0,0.0
671.7172496567479,83.0,0.0
671.7186771569659,84.0,0.0
671.7424285178126,85.0,0.0
671.7521995684401,86.0,0.0
671.7549207045415,87.0,0.0
671.7598293420675,88.0,0.0
671.7607537413304,89.0,0.0
671.7608664174496,88.0,0.0
671.7631997381479,89.0,0.0
671.7714049385597,88.0,0.0
671.7739424402135,89.0,0.0
671.7784495706072,88.0,0.0
671.7815843209867,89.0,0.0
671.7867464216789,90.0,0.0
671.788357351445,91.0,0.0
671.7959380988436,90.0,0.0
671.7985317222192,89.0,0.0
671.8010860391126,90.0,0.0
671.804580837535,91.0,0.0
671.8093132537878,90.0,0.0
671.8109724612252,89.0,0.0
671.8299152469895,90.0,0.0
671.8345732422878,89.0,0.0
671.8387442437796,90.0,0.0
671.8406649041677,91.0,0.0
671.8439397991007,92.0,0.0
671.8450519480435,93.0,0.0
671.8503484504796,92.0,0.0
671.8537180397916,93.0,0.0
671.8576481386813,94.0,0.0
671.8589208162689,95.0,0.0
671.8671315168843,96.0,0.0
671.8676183375169,97.0,0.0
671.8677558957072,98.0,0.0
671.8686033152222,97.0,0.0
671.8687063590623,96.0,0.0
671.8696996453831,95.0,0.0
671.8866191269584,94.0,0.0
671.8906321759756,93.0,0.0
671.9014246302061,94.0,0.0
671.9098174350273,93.0,0.0
671.9106110379029,92.0,0.0
671.9134737753856,93.0,0.0
671.9161898778622,94.0,0.0
671.9338390500943,95.0,0.0
671.9360152573907,94.0,0.0
671.9535133253964,95.0,0.0
671.9584397799995,94.0,0.0
671.960875143741,95.0,0.0
671.9636168093245,94.0,0.0
671.9659524787456,95.0,0.0
671.9664417324309,94.0,0.0
671.969929381017,93.0,0.0
671.9728494216404,92.0,0.0
671.9733161934745,91.0,0.0
671.9734863011394,90.0,0.0
671.9737197957305,91.0,0.0
671.9739277860224,92.0,0.0
671.9757454559137,93.0,0.0
671.9767151886485,94.0,0.0
671.9791633204852,93.0,0.0
671.9846748504835,92.0,0.0
671.9908223535994,93.0,0.0
672.0117258314067,92.0,0.0
672.0120298760519,93.0,0.0
672.0183412223671,94.0,0.0
672.0235461423159,95.0,0.0
672.024035338947,96.0,0.0
672.0348119458835,97.0,0.0
672.0360022847001,96.0,0.0
672.0411670655474,95.0,0.0
672.0427936427545,96.0,0.0
672.0437054718,95.0,0.0
672.0443850022014,96.0,0.0
672.0519812302517,95.0,0.0
672.0527145033295,96.0,0.0
672.0616586367321,95.0,0.0
672.064833981062,94.0,0.0
672.0664632046924,93.0,0.0
672.0724783725453,92.0,0.0
672.0736133655414,93.0,0.0
672.0774876915187,92.0,0.0
672.0856652193235,91.0,0.0
672.0875538999545,90.0,0.0
672.0890496933024,89.0,0.0
672.0919145669592,88.0,0.0
672.0920128288814,87.0,0.0
672.1029112764878,86.0,0.0
672.1032632999292,87.0,0.0
672.1067753081526,86.0,0.0
672.1069239410242,85.0,0.0
672.1094316733502,84.0,0.0
672.1108901768288,83.0,0.0
672.1241628789294,84.0,0.0
672.1270506632238,83.0,0.0
672.135754826134,84.0,0.0
672.1378569186714,83.0,0.0
672.1388813103978,82.0,0.0
672.1454407720678,81.0,0.0
672.15318656722,82.0,0.0
672.1593963210947,83.0,0.0
672.1620902920397,84.0,0.0
672.166927201077,83.0,0.0
672.1679499424166,84.0,0.0
672.1727611981507,85.0,0.0
672.1757500916765,86.0,0.0
672.1767533483185,85.0,0.0
672.1827140680317,86.0,0.0
672.1868719211983,87.0,0.0
672.1908325057067,88.0,0.0
672.1917676823917,89.0,0.0
672.2010369098613,90.0,0.0
672.2037581983864,89.0,0.0
672.2055022583096,88.0,0.0
672.205732276417,87.0,0.0
672.2071725942482,86.0,0.0
672.2084136914457,85.0,0.0
672.2202521129647,84.0,0.0
672.2209248867473,85.0,0.0
672.2210428707394,84.0,0.0
672.2354639194873,85.0,0.0
672.235497648995,86.0,0.0
672.2366663900141,87.0,0.0
672.240469313713,86.0,0.0
672.2445688896046,87.0,0.0
672.244985671229,88.0,0.0
672.2524578528501,87.0,0.0
672.2609585391456,88.0,0.0
672.2641621173416,87.0,0.0
672.265193846651,88.0,0.0
672.2749855610358,89.0,0.0
672.2795249640194,90.0,0.0
672.2836019663739,91.0,0.0
672.2859945282938,92.0,0.0
672.2862103439667,93.0,0.0
672.2934065840574,94.0,0.0
672.2954729008809,95.0,0.0
672.2957432904807,96.0,0.0
672.2988958120276,97.0,0.0
672.3051790476406,98.0,0.0
672.3083674972303,99.0,0.0
672.3246963645813,98.0,0.0
672.325975251707,99.0,0.0
672.3290833147706,100.0,0.0
672.3310055832796,101.0,0.0
672.3312222390211,102.0,0.0
672.339194957937,101.0,0.0
672.3487530938861,102.0,0.0
672.4010424532335,101.0,0.0
672.4046819427583,100.0,0.0
672.4227377405101,99.0,0.0
672.4294659489572,100.0,0.0
672.4312422779241,99.0,0.0
672.436091259083,100.0,0.0
672.4469211946938,101.0,0.0
672.4475335647116,100.0,0.0
672.4478130603821,99.0,0.0
672.4489373689884,98.0,0.0
672.4500258838527,97.0,0.0
672.450457946362,98.0,0.0
672.4511422904392,99.0,0.0
672.4577543184647,98.0,0.0
672.4609562676544,97.0,0.0
672.4672674499622,96.0,0.0
672.4718963859605,95.0,0.0
672.4761303272928,96.0,0.0
672.4765725184914,97.0,0.0
672.4833790985215,96.0,0.0
672.4867541875847,97.0,0.0
672.5040530824136,98.0,0.0
672.5113931324184,97.0,0.0
672.5167743495389,98.0,0.0
672.5176265793183,97.0,0.0
672.5190631229306,96.0,0.0
672.5216555468487,97.0,0.0
672.5222700829212,98.0,0.0
672.5333968183895,97.0,0.0
672.5416318077054,98.0,0.0
672.5505102717743,99.0,0.0
672.5533223597683,100.0,0.0
672.5679549910614,101.0,0.0
672.5773622572945,100.0,0.0
672.5847749772921,99.0,0.0
672.5967661884843,98.0,0.0
672.597451652386,97.0,0.0
672.6008163529337,96.0,0.0
672.6275599543718,97.0,0.0
672.6314334639327,98.0,0.0
672.6348927077298,99.0,0.0
672.6447993132313,98.0,0.0
672.6677265908103,99.0,0.0
672.6710496855849,98.0,0.0
672.6822461433014,99.0,0.0
672.6888402453112,98.0,0.0
672.6930626625247,99.0,0.0
672.6975480496031,98.0,0.0
672.7070640115763,99.0,0.0
672.7084763145996,100.0,0.0
672.7162307565137,99.0,0.0
672.7282179489748,100.0,0.0
672.7302667559112,101.0,0.0
672.7366308015437,102.0,0.0
672.7442303259784,103.0,0.0
672.7467405572327,104.0,0.0
672.7470452940377,103.0,0.0
672.7503140628345,102.0,0.0
672.7504007182815,103.0,0.0
672.7533479543534,104.0,0.0
672.7587141678058,105.0,0.0
672.7610996122572,106.0,0.0
672.7613135778079,107.0,0.0
672.7705838515899,108.0,0.0
672.7715831887887,109.0,0.0
672.7721378767153,110.0,0.0
672.7818389560862,109.0,0.0
672.7822665710511,108.0,0.0
672.7854433430034,107.0,0.0
672.7945050872883,106.0,0.0
672.8002315350072,107.0,0.0
672.8007414166784,108.0,0.0
672.8088542103721,109.0,0.0
672.8153446799282,110.0,0.0
672.8153874411096,111.0,0.0
672.8154694914455,112.0,0.0
672.823893369112,111.0,0.0
672.831734351627,112.0,0.0
672.8371301583489,111.0,0.0
672.8391576271126,110.0,0.0
672.8448928614558,111.0,0.0
672.8466090592758,110.0,0.0
672.8581569806322,111.0,0.0
672.8608550231339,110.0,0.0
672.8658712144694,111.0,0.0
672.8785538868565,110.0,0.0
672.8788431110825,109.0,0.0
672.8812661303039,108.0,0.0
672.8872735651461,109.0,0.0
672.8947359620759,110.0,0.0
672.8986201977132,109.0,0.0
672.8987673574056,110.0,0.0
672.9026160833665,111.0,0.0
672.9041574697477,112.0,0.0
672.9209806950877,111.0,0.0
672.9271104476633,112.0,0.0
672.9276625902736,113.0,0.0
672.9473604511167,114.0,0.0
672.9559797678172,113.0,0.0
672.957322844401,112.0,0.0
672.9608585789065,111.0,0.0
672.9717007290745,112.0,0.0
672.9734974084015,111.0,0.0
672.9737552074863,110.0,0.0
672.9753492570702,111.0,0.0
672.9755976012505,110.0,0.0
672.9936132062614,109.0,0.0
672.999286630145,110.0,0.0
673.0114986750692,111.0,0.0
673.0185985859404,112.0,0.0
673.0204676237979,113.0,0.0
673.0227636569065,112.0,0.0
673.0241864794707,113.0,0.0
673.025540795603,114.0,0.0
673.0290993243988,115.0,0.0
673.029406993886,114.0,0.0
673.0319543570215,113.0,0.0
673.035938832823,114.0,0.0
673.0442499326887,115.0,0.0
673.0568555492551,116.0,0.0
673.0601455960949,117.0,0.0
673.0605196936747,118.0,0.0
673.0629949406065,119.0,0.0
673.0649295195861,120.0,0.0
673.0659025365146,119.0,0.0
673.0670939496873,118.0,0.0
673.0721381814167,119.0,0.0
673.0724787901245,120.0,0.0
673.0779155372798,119.0,0.0
673.0798939212797,120.0,0.0
673.0810873639051,121.0,0.0
673.0845896698071,120.0,0.0
673.0880136662065,119.0,0.0
673.0896647679592,120.0,0.0
673.0975244605864,121.0,0.0
673.0982448087286,120.0,0.0
673.1010700529876,119.0,0.0
673.1066166644216,120.0,0.0
673.1076440406462,121.0,0.0
673.1116877382406,120.0,0.0
673.1176973905151,121.0,0.0
673.1201916229894,120.0,0.0
673.1279602770029,121.0,0.0
673.1308843724568,122.0,0.0
673.1338058482047,121.0,0.0
673.1436733601093,122.0,0.0
673.1461416369276,123.0,0.0
673.1499757218037,122.0,0.0
673.1613430276425,123.0,0.0
673.1659895583417,124.0,0.0
673.1706209944358,123.0,0.0
673.1711923240742,124.0,0.0
673.1712166857698,125.0,0.0
673.1759313507209,126.0,0.0
673.1804992843785,127.0,0.0
673.1838563068804,128.0,0.0
673.1852328326929,127.0,0.0
673.1895003031381,128.0,0.0
673.1920111200354,127.0,0.0
673.194299414849,126.0,0.0
673.1968177288987,127.0,0.0
673.2019934802039,128.0,0.0
673.204304053446,129.0,0.0
673.2094104827361,128.0,0.0
673.2198186759332,129.0,0.0
673.227052987312,130.0,0.0
673.2298103354024,129.0,0.0
673.2301056314417,130.0,0.0
673.2302536220692,129.0,0.0
673.2343657327104,128.0,0.0
673.2386202468311,127.0,0.0
673.2390030162464,128.0,0.0
673.2410941163552,129.0,0.0
673.2479636751075,130.0,0.0
673.2492051420578,129.0,0.0
673.2610820153787,130.0,0.0
673.2652979732086,131.0,0.0
673.2708654424515,132.0,0.0
673.2774331038186,131.0,0.0
673.2782041815236,132.0,0.0
673.2861348053066,131.0,0.0
673.2997213458417,130.0,0.0
673.3052915930101,129.0,0.0
673.3168660922939,128.0,0.0
673.3227939998399,127.0,0.0
673.3232235884196,128.0,0.0
673.326905485799,129.0,0.0
673.3273580442612,130.0,0.0
673.3306726731543,131.0,0.0
673.331412868189,130.0,0.0
673.3426893197969,131.0,0.0
673.3551795562014,130.0,0.0
673.357031665807,131.0,0.0
673.3572723530095,132.0,0.0
673.3687797866398,133.0,0.0
673.3714456713187,134.0,0.0
673.3725563121275,133.0,0.0
673.3795018112046,134.0,0.0
673.3851555765997,133.0,0.0
673.3905782229725,134.0,0.0
673.3917083124818,135.0,0.0
673.3931534574788,136.0,0.0
673.393445805741,137.0,0.0
673.3944652839914,136.0,0.0
673.402656478288,135.0,0.0
673.4110194668207,134.0,0.0
673.4112300339372,135.0,0.0
673.4134153133228,136.0,0.0
673.4139858384352,135.0,0.0
673.4144881268969,136.0,0.0
673.4154573737369,135.0,0.0
673.4191132566096,134.0,0.0
673.4217961537881,135.0,0.0
673.4238037637232,136.0,0.0
673.4252069300456,137.0,0.0
673.4278991862635,136.0,0.0
673.4376109554823,137.0,0.0
673.4406412550326,136.0,0.0
673.4490380099784,137.0,0.0
673.4508815598384,136.0,0.0
673.4539853703375,135.0,0.0
673.4589734868933,134.0,0.0
673.4600138904133,135.0,0.0
673.4614072905871,136.0,0.0
673.4667435734447,137.0,0.0
673.4762127437494,136.0,0.0
673.476866061339,135.0,0.0
673.4859490762138,134.0,0.0
673.4880762383334,135.0,0.0
673.4919743967218,136.0,0.0
673.4936327462888,135.0,0.0
673.4944261517031,136.0,0.0
673.4953012106666,135.0,0.0
673.499634567343,134.0,0.0
673.5020030225467,133.0,0.0
673.5029484701026,134.0,0.0
673.5038786248844,135.0,0.0
673.5049215736838,136.0,0.0
673.5159750653731,137.0,0.0
673.5173264217245,136.0,0.0
673.5255510324689,137.0,0.0
673.530954181624,138.0,0.0
673.5355353604846,139.0,0.0
673.5391721743798,138.0,0.0
673.5437412255811,137.0,0.0
673.5443685114353,138.0,0.0
673.544552715242,139.0,0.0
673.5448388682721,140.0,0.0
673.5451766110212,139.0,0.0
673.5471520885677,138.0,0.0
673.5626329731679,137.0,0.0
673.5689109169109,138.0,0.0
673.5737908811101,137.0,0.0
673.5899427137117,136.0,0.0
673.5971268459546,137.0,0.0
673.6039398246343,138.0,0.0
673.6047122165068,137.0,0.0
673.6055719665242,136.0,0.0
673.6121114740307,135.0,0.0
673.6138377404011,136.0,0.0
673.6165206841487,137.0,0.0
673.6217953228225,136.0,0.0
673.6227502280487,137.0,0.0
673.6237982657259,138.0,0.0
673.6249706775102,137.0,0.0
673.6287852915473,138.0,0.0
673.6391149808007,137.0,0.0
673.6401921716663,136.0,0.0
673.6444423470961,137.0,0.0
673.6472575507715,138.0,0.0
673.6566092349965,139.0,0.0
673.6586115929089,138.0,0.0
673.6640685327495,137.0,0.0
673.6680818247102,138.0,0.0
673.674319915516,137.0,0.0
673.6754540267807,138.0,0.0
673.6794867647006,139.0,0.0
673.6849356309261,138.0,0.0
673.6943630265843,139.0,0.0
673.6986774398091,140.0,0.0
673.7032242871204,141.0,0.0
673.704412609993,142.0,0.0
673.7203770414594,141.0,0.0
673.7220536010688,142.0,0.0
673.7256932983951,143.0,0.0
673.7354033791866,144.0,0.0
673.7388574874906,143.0,0.0
673.7418237583197,144.0,0.0
673.7524604078073,143.0,0.0
673.7631401860016,142.0,0.0
673.7660732856672,141.0,0.0
673.7696474096073,140.0,0.0
673.7725841389238,141.0,0.0
673.7782651383749,140.0,0.0
673.7954182786607,141.0,0.0
673.8026924732735,142.0,0.0
673.816577129273,141.0,0.0
673.8178015148272,142.0,0.0
673.833149178292,143.0,0.0
673.8345340761155,144.0,0.0
673.8361467031681,145.0,0.0
673.8389705945275,146.0,0.0
673.8401771135842,145.0,0.0
673.8409509239898,144.0,0.0
673.8423672072248,145.0,0.0
673.8430717190759,144.0,0.0
673.84911004476,145.0,0.0
673.8538089643918,144.0,0.0
673.8582356493079,145.0,0.0
673.8599347628174,144.0,0.0
673.8612113103545,143.0,0.0
673.8631274762428,144.0,0.0
673.8703503603117,145.0,0.0
673.8760483722009,146.0,0.0
673.8809506967305,145.0,0.0
673.882533143218,146.0,0.0
673.8874864100561,145.0,0.0
673.8924353077514,146.0,0.0
673.8943547975696,147.0,0.0
673.8989864174085,148.0,0.0
673.908026678999,147.0,0.0
673.9090162295162,148.0,0.0
673.9104737805579,149.0,0.0
673.9146447162329,148.0,0.0
673.9158524210112,147.0,0.0
673.9173560537401,148.0,0.0
673.9271029299539,149.0,0.0
673.9287535333705,150.0,0.0
673.9295670527937,151.0,0.0
673.9345991827867,150.0,0.0
673.9378813380716,149.0,0.0
673.9381185564897,148.0,0.0
673.9394123567309,149.0,0.0
673.9422419257713,148.0,0.0
673.9435455688862,149.0,0.0
673.9441212373122,148.0,0.0
673.9629774126162,149.0,0.0
673.9845256112857,150.0,0.0
674.0026109546815,151.0,0.0
674.0136080226509,152.0,0.0
674.0152023582799,153.0,0.0
674.0182660531223,152.0,0.0
674.0229717066359,153.0,0.0
674.0237651948252,154.0,0.0
674.0306420856009,153.0,0.0
674.0361219237304,154.0,0.0
674.03850414522,155.0,0.0
674.0403157896839,156.0,0.0
674.0410105482309,155.0,0.0
674.0414356436262,156.0,0.0
674.0565743876839,157.0,0.0
674.0625821799738,156.0,0.0
674.0643035554984,157.0,0.0
674.0653354353659,156.0,0.0
674.067840069998,157.0,0.0
674.0687612074511,158.0,0.0
674.0863985756245,157.0,0.0
674.0922707357762,156.0,0.0
674.111587183834,157.0,0.0
674.1125265848062,156.0,0.0
674.1182292309779,157.0,0.0
674.1290649861547,156.0,0.0
674.1312498679638,155.0,0.0
674.1388201850559,156.0,0.0
674.1419206060772,157.0,0.0
674.142089226316,156.0,0.0
674.1462720846087,155.0,0.0
674.1468529813574,156.0,0.0
674.1481554366391,155.0,0.0
674.1493048137073,156.0,0.0
674.1518602517615,157.0,0.0
674.1543927034314,158.0,0.0
674.1572203307215,157.0,0.0
674.1743462828304,156.0,0.0
674.17728324415,157.0,0.0
674.182732946969,156.0,0.0
674.1827512879913,157.0,0.0
674.1837809229792,156.0,0.0
674.1934362951372,157.0,0.0
674.2013355881586,156.0,0.0
674.2014037549387,157.0,0.0
674.2018187555595,158.0,0.0
674.2049659096626,159.0,0.0
674.2128863900024,160.0,0.0
674.2133983303584,159.0,0.0
674.2195282662714,160.0,0.0
674.2217616566561,161.0,0.0
674.2227459915487,162.0,0.0
674.2263069922179,161.0,0.0
674.2301286747289,162.0,0.0
674.2363720431064,163.0,0.0
674.2432986568854,164.0,0.0
674.2515265026958,165.0,0.0
674.256880337896,164.0,0.0
674.2581139541836,165.0,0.0
674.2683733049186,164.0,0.0
674.2727589684278,163.0,0.0
674.2770231216947,164.0,0.0
674.2814532973105,165.0,0.0
674.2863489581197,164.0,0.0
674.2872000784712,163.0,0.0
674.2884908873001,164.0,0.0
674.288511175513,165.0,0.0
674.2949067971833,166.0,0.0
674.298960333692,167.0,0.0
674.29986561922,166.0,0.0
674.311431440336,165.0,0.0
674.3200585986839,164.0,0.0
674.3202341216338,163.0,0.0
674.3283105545154,164.0,0.0
674.3314058818743,165.0,0.0
674.3323546235532,166.0,0.0
674.3421000945746,167.0,0.0
674.3461617263767,166.0,0.0
674.3466186504893,165.0,0.0
674.3507359051864,166.0,0.0
674.3521479324645,165.0,0.0
674.353092778881,166.0,0.0
674.3533256972001,167.0,0.0
674.3542074995117,166.0,0.0
674.3579907665562,167.0,0.0
674.3597728308764,166.0,0.0
674.3727576652643,165.0,0.0
674.3734912471256,164.0,0.0
674.3757345859754,165.0,0.0
674.3774940582042,166.0,0.0
674.3838735334913,167.0,0.0
674.3883006157953,168.0,0.0
674.397755387508,167.0,0.0
674.407986949213,166.0,0.0
674.411333331909,165.0,0.0
674.4148514099688,166.0,0.0
674.419294542076,165.0,0.0
674.4246456529268,164.0,0.0
674.426131737253,163.0,0.0
674.4385538192323,164.0,0.0
674.4432618865548,165.0,0.0
674.4452086242368,166.0,0.0
674.4575563894218,167.0,0.0
674.458259643752,168.0,0.0
674.4679455666001,169.0,0.0
674.4697250342773,168.0,0.0
674.4785623397752,167.0,0.0
674.4828772811829,166.0,0.0
674.4855687519971,167.0,0.0
674.4856189413504,168.0,0.0
674.486521555022,167.0,0.0
674.5106359691865,166.0,0.0
674.5122833301631,165.0,0.0
674.5192847686748,164.0,0.0
674.5242871580039,163.0,0.0
674.5269674265027,162.0,0.0
674.5292113442586,161.0,0.0
674.5321101476097,162.0,0.0
674.5365518189795,163.0,0.0
674.5427079101482,162.0,0.0
674.5427821744618,161.0,0.0
674.5540354026052,160.0,0.0
674.5571178368159,161.0,0.0
674.5576136842565,162.0,0.0
674.5588338986013,163.0,0.0
674.5599794462729,162.0,0.0
674.5620657898872,161.0,0.0
674.5683014164789,162.0,0.0
674.5706026333409,163.0,0.0
674.5757724159014,164.0,0.0
674.5772981408052,163.0,0.0
674.5773668364706,162.0,0.0
674.5829665571412,163.0,0.0
674.5842226659385,162.0,0.0
674.5843507117273,161.0,0.0
674.5933295299087,162.0,0.0
674.5940403947193,163.0,0.0
674.5950408610097,162.0,0.0
674.5966772431066,163.0,0.0
674.6018834121573,164.0,0.0
674.608236135279,165.0,0.0
674.6145806346253,164.0,0.0
674.6264863937314,163.0,0.0
674.6362700993026,162.0,0.0
674.6382125301459,161.0,0.0
674.6411729159307,162.0,0.0
674.6417419348824,163.0,0.0
674.6487176562432,164.0,0.0
674.6518555676607,163.0,0.0
674.6630971298184,164.0,0.0
674.6641252253712,163.0,0.0
674.6729061404723,162.0,0.0
674.6814111556527,161.0,0.0
674.6841798203759,162.0,0.0
674.6913244052764,163.0,0.0
674.6923918638536,164.0,0.0
674.6949038011392,165.0,0.0
674.6988113273728,164.0,0.0
674.703546693986,165.0,0.0
674.704953368574,166.0,0.0
674.7096849666478,167.0,0.0
674.7100408894968,166.0,0.0
674.7110307896669,165.0,0.0
674.712057432344,166.0,0.0
674.7161905152076,165.0,0.0
674.7262814683488,166.0,0.0
674.729095757169,167.0,0.0
674.7310357600727,166.0,0.0
674.7311133316617,165.0,0.0
674.7377215638329,166.0,0.0
674.7424722917998,165.0,0.0
674.7436583618457,166.0,0.0
674.7516728220049,165.0,0.0
674.7522674647461,166.0,0.0
674.7544100575776,165.0,0.0
674.7605015590698,164.0,0.0
674.7614420744003,165.0,0.0
674.7706085386827,166.0,0.0
674.773310914847,165.0,0.0
674.7756049780062,166.0,0.0
674.7764557828666,165.0,0.0
674.7765466773322,164.0,0.0
674.7837755132449,163.0,0.0
674.7873314617975,162.0,0.0
674.7873727478334,161.0,0.0
674.7894262977711,162.0,0.0
674.7896699048799,163.0,0.0
674.7904928715242,164.0,0.0
674.790797173881,165.0,0.0
674.7957478404604,164.0,0.0
674.7974159067054,165.0,0.0
674.8183824537671,164.0,0.0
674.8228755576802,163.0,0.0
674.8246572366893,164.0,0.0
674.8248119832044,163.0,0.0
674.8248837720871,164.0,0.0
674.8295557460798,165.0,0.0
674.8414311839906,166.0,0.0
674.8509851287989,167.0,0.0
674.8565797620964,168.0,0.0
674.8584690016198,167.0,0.0
674.8600031165952,168.0,0.0
674.8620027152784,167.0,0.0
674.8635700227172,166.0,0.0
674.8773064368513,167.0,0.0
674.8872316568217,168.0,0.0
674.8886933764858,167.0,0.0
674.8887988377863,166.0,0.0
674.8968721153585,167.0,0.0
674.900126639636,166.0,0.0
674.9115480368358,167.0,0.0
674.9116488757777,168.0,0.0
674.9133448148787,169.0,0.0
674.9224901801135,170.0,0.0
674.9289759236291,169.0,0.0
674.9345351487771,168.0,0.0
674.9414378865142,167.0,0.0
674.9427542947968,168.0,0.0
674.9557977122217,169.0,0.0
674.962219384194,168.0,0.0
674.9677532333733,167.0,0.0
674.9686178546797,168.0,0.0
674.9694182455224,167.0,0.0
674.9727717827448,168.0,0.0
674.9775043703199,167.0,0.0
674.9939967055362,166.0,0.0
674.9962357145369,165.0,0.0
674.998867286756,166.0,0.0
675.0097257581069,167.0,0.0
675.0098461073853,166.0,0.0
675.0099170352441,167.0,0.0
675.0099376632309,166.0,0.0
675.010638918869,167.0,0.0
675.0138895370748,166.0,0.0
675.0172707670574,165.0,0.0
675.0173465809024,164.0,0.0
675.0198564009513,163.0,0.0
675.023851075961,164.0,0.0
675.025019657084,165.0,0.0
675.0292086475101,166.0,0.0
675.0292509149626,167.0,0.0
675.029865831853,168.0,0.0
675.034846436782,169.0,0.0
675.0427132633829,170.0,0.0
675.056749815445,171.0,0.0
675.0577293742148,170.0,0.0
675.0685695320254,171.0,0.0
675.0745479973652,170.0,0.0
675.0794297666044,169.0,0.0
675.0802260125487,170.0,0.0
675.0809859300963,169.0,0.0
675.0891689908692,170.0,0.0
675.0927176314298,169.0,0.0
675.0927779580147,168.0,0.0
675.0985292184035,169.0,0.0
675.1127588043206,168.0,0.0
675.1136634397965,167.0,0.0
675.1257452940208,166.0,0.0
675.137383993662,165.0,0.0
675.1522599329196,166.0,0.0
675.1564171061948,165.0,0.0
675.1571325121878,166.0,0.0
675.1574139939427,167.0,0.0
675.1646938396916,166.0,0.0
675.1661301023634,167.0,0.0
675.1666452797144,166.0,0.0
675.1785221426508,167.0,0.0
675.1791782304512,166.0,0.0
675.1837988445824,165.0,0.0
675.1841761278394,164.0,0.0
675.1880886288313,165.0,0.0
675.2043750800568,164.0,0.0
675.2047989855294,165.0,0.0
675.2068759966934,166.0,0.0
675.2083040043004,167.0,0.0
675.2116101895243,168.0,0.0
675.2120749591843,169.0,0.0
675.2211571219008,170.0,0.0
675.224055270665,169.0,0.0
675.2285871235068,170.0,0.0
675.232053943503,169.0,0.0
675.2339679410219,168.0,0.0
675.237179555754,167.0,0.0
675.2405608788065,168.0,0.0
675.241097770569,167.0,0.0
675.2434384038608,168.0,0.0
675.2435484602408,169.0,0.0
675.2438263473416,170.0,0.0
675.2478570594556,169.0,0.0
675.2494632941624,168.0,0.0
675.2549291262446,167.0,0.0
675.2738192921812,168.0,0.0
675.2780530158598,169.0,0.0
675.2839376750227,168.0,0.0
675.2865776302071,169.0,0.0
675.2884314765498,170.0,0.0
675.2889115846395,171.0,0.0
675.2902219113544,170.0,0.0
675.2914716787949,171.0,0.0
675.2956226301023,172.0,0.0
675.2988585301977,173.0,0.0
675.301884097656,174.0,0.0
675.3049952237334,175.0,0.0
675.3054527950874,176.0,0.0
675.3097208755439,177.0,0.0
675.3117475550271,176.0,0.0
675.314129050129,177.0,0.0
675.3406261593161,178.0,0.0
675.3604343796776,177.0,0.0
675.3849752975037,176.0,0.0
675.3961827112696,175.0,0.0
675.3976211065677,174.0,0.0
675.4091202974311,173.0,0.0
675.4107116002507,172.0,0.0
675.4161211642596,173.0,0.0
675.418271341152,172.0,0.0
675.4255777400947,173.0,0.0
675.4261946346609,174.0,0.0
675.4262151801752,175.0,0.0
675.4263915236708,176.0,0.0
675.4355349100679,175.0,0.0
675.4364269009919,174.0,0.0
675.4369297528548,175.0,0.0
675.4409866069523,174.0,0.0
675.4442675953932,175.0,0.0
675.4567308287781,174.0,0.0
675.459558395529,175.0,0.0
675.4612207473212,174.0,0.0
675.4617915643126,175.0,0.0
675.46528874979,176.0,0.0
675.4678686338241,175.0,0.0
675.4720087043202,176.0,0.0
675.4829821146426,177.0,0.0
675.48542377725,176.0,0.0
675.4896801540494,177.0,0.0
675.4921184229695,176.0,0.0
675.4921818781102,177.0,0.0
675.4995289289927,176.0,0.0
675.5009393457584,175.0,0.0
675.5070095703156,174.0,0.0
675.5129299971296,175.0,0.0
675.5145554153939,176.0,0.0
675.5149367259818,175.0,0.0
675.5206066630194,176.0,0.0
675.5215043869697,175.0,0.0
675.5287516131713,176.0,0.0
675.5297240917071,175.0,0.0
675.5337711907367,174.0,0.0
675.5406681063613,175.0,0.0
675.5436304475835,176.0,0.0
675.5449651661171,177.0,0.0
675.5468798345527,176.0,0.0
675.549222492987,175.0,0.0
675.5525371660628,174.0,0.0
675.5557415473592,173.0,0.0
675.5601890359872,174.0,0.0
675.571113237248,175.0,0.0
675.5721783022364,176.0,0.0
675.5760342644991,177.0,0.0
675.594835562299,178.0,0.0
675.5978409706306,179.0,0.0
675.5993008417134,178.0,0.0
675.6186355964389,179.0,0.0
675.6228901081437,180.0,0.0
675.62910875605,179.0,0.0
675.6332626624891,178.0,0.0
675.6392675671974,179.0,0.0
675.6397693952147,180.0,0.0
675.6583937821993,181.0,0.0
675.6733452923671,182.0,0.0
675.6832050125316,183.0,0.0
675.6929968799266,182.0,0.0
675.7026237590205,183.0,0.0
675.7063491557415,182.0,0.0
675.7093906271472,181.0,0.0
675.7251693807178,180.0,0.0
675.727078131864,181.0,0.0
675.7346528612237,180.0,0.0
675.7394475662553,179.0,0.0
675.7554280198925,180.0,0.0
675.7578658617368,179.0,0.0
675.7588157875999,178.0,0.0
675.7618377068778,179.0,0.0
675.7656058791364,178.0,0.0
675.7658958872793,179.0,0.0
675.7688089402775,178.0,0.0
675.778195298659,177.0,0.0
675.7836876632923,176.0,0.0
675.7879086357243,177.0,0.0
675.7975127203763,176.0,0.0
675.8011333281781,175.0,0.0
675.8065866726131,176.0,0.0
675.8076985940945,177.0,0.0
675.8079889103351,176.0,0.0
675.8091934821861,175.0,0.0
675.8182168241973,174.0,0.0
675.8197656034597,173.0,0.0
675.8218625128007,174.0,0.0
675.8255581815375,173.0,0.0
675.828399399583,174.0,0.0
675.8298784882709,173.0,0.0
675.8374876610942,174.0,0.0
675.8415535916746,175.0,0.0
675.8421745510722,176.0,0.0
675.8488998525359,175.0,0.0
675.8590878718599,174.0,0.0
675.8610207517692,173.0,0.0
675.8769834529713,172.0,0.0
675.877437101491,171.0,0.0
675.886191219728,172.0,0.0
675.9055796830226,171.0,0.0
675.9080350349307,170.0,0.0
675.9103822545304,171.0,0.0
675.9103915458732,170.0,0.0
675.9208302870825,169.0,0.0
675.9247446627793,170.0,0.0
675.9284725812862,171.0,0.0
675.9399468880714,172.0,0.0
675.9403384402862,173.0,0.0
675.9404770875541,172.0,0.0
675.9408722414032,173.0,0.0
675.9456860888407,172.0,0.0
675.9603979337128,171.0,0.0
675.9677153842099,172.0,0.0
675.9721441328147,173.0,0.0
675.9741189452586,172.0,0.0
675.9770944617467,171.0,0.0
675.9869558348721,170.0,0.0
675.9889481675932,169.0,0.0
675.9917371637528,170.0,0.0
675.9933752059055,169.0,0.0
675.9957638307521,168.0,0.0
676.0040635254746,167.0,0.0
676.0051290117472,168.0,0.0
676.0105325258968,167.0,0.0
676.0324185860295,168.0,0.0
676.0328865854563,169.0,0.0
676.0336153620832,168.0,0.0
676.0432508834612,169.0,0.0
676.0436865717404,170.0,0.0
676.0471330759889,169.0,0.0
676.0483468778787,168.0,0.0
676.0490510899936,167.0,0.0
676.0578128375874,166.0,0.0
676.0780635703658,165.0,0.0
676.0830532370117,166.0,0.0
676.0833174392676,165.0,0.0
676.1328232055083,166.0,0.0
676.1356684809822,167.0,0.0
676.1364543703347,166.0,0.0
676.1377189588953,165.0,0.0
676.1377365112048,166.0,0.0
676.142086484398,165.0,0.0
676.1453942544111,166.0,0.0
676.1594328122169,165.0,0.0
676.1628581529144,164.0,0.0
676.1634376491905,163.0,0.0
676.167110903831,162.0,0.0
676.1717886725379,161.0,0.0
676.1737804308633,160.0,0.0
676.179440606479,159.0,0.0
676.1836658263128,160.0,0.0
676.1843641291157,161.0,0.0
676.1936715812243,160.0,0.0
676.2004538066744,159.0,0.0
676.2059741076589,158.0,0.0
676.2121706925897,159.0,0.0
676.2150148612352,158.0,0.0
676.2183507907062,159.0,0.0
676.2193446424276,158.0,0.0
676.2221070048228,157.0,0.0
676.2252542249066,158.0,0.0
676.2262142233727,157.0,0.0
676.2351144527777,158.0,0.0
676.2474654956668,159.0,0.0
676.2545619421975,160.0,0.0
676.2576970345419,161.0,0.0
676.2595088347922,160.0,0.0
676.2615643572927,159.0,0.0
676.2662541830315,158.0,0.0
676.2768696311607,157.0,0.0
676.2779957804414,158.0,0.0
676.2968943723001,157.0,0.0
676.3111805235368,156.0,0.0
676.3115762658815,155.0,0.0
676.3308226925526,154.0,0.0
676.3430228755981,155.0,0.0
676.3495877105188,154.0,0.0
676.3517695239864,153.0,0.0
676.3553789092772,152.0,0.0
676.3899801442539,151.0,0.0
676.3975293430959,152.0,0.0
676.4004423251756,153.0,0.0
676.4060654289398,154.0,0.0
676.4114947985028,153.0,0.0
676.4170673374956,154.0,0.0
676.418239159828,153.0,0.0
676.4183330539216,154.0,0.0
676.4184201389305,155.0,0.0
676.4213570978064,154.0,0.0
676.4288490428571,153.0,0.0
676.4296482943741,152.0,0.0
676.4373639596513,153.0,0.0
676.4374018809907,152.0,0.0
676.4374525336622,151.0,0.0
676.4383855402432,152.0,0.0
676.4496104906854,151.0,0.0
676.4584531387815,152.0,0.0
676.4608270901624,151.0,0.0
676.4633380622171,152.0,0.0
676.4670036888994,153.0,0.0
676.480119318771,154.0,0.0
676.482866011757,153.0,0.0
676.486047685559,152.0,0.0
676.4968972076024,151.0,0.0
676.4969486741533,152.0,0.0
676.4982280721722,151.0,0.0
676.5194605104496,152.0,0.0
676.520717213152,153.0,0.0
676.5257733554357,154.0,0.0
676.5261572363413,153.0,0.0
676.530697649803,154.0,0.0
676.5312083399657,155.0,0.0
676.5321732056863,154.0,0.0
676.5342470487682,155.0,0.0
676.538022330145,154.0,0.0
676.5405094142292,153.0,0.0
676.5547603954344,152.0,0.0
676.5574837509838,153.0,0.0
676.5613482453001,154.0,0.0
676.5679748135042,155.0,0.0
676.5682757078066,154.0,0.0
676.5741087289953,153.0,0.0
676.576604104576,154.0,0.0
676.5785798122402,155.0,0.0
676.5891522336323,156.0,0.0
676.5915324600454,155.0,0.0
676.6048944688298,156.0,0.0
676.6146343859537,157.0,0.0
676.6147678230118,158.0,0.0
676.6215135568365,159.0,0.0
676.6256138347352,158.0,0.0
676.6516174063217,159.0,0.0
676.6526383963486,160.0,0.0
676.6579376297318,159.0,0.0
676.6611820801254,158.0,0.0
676.67096017073,157.0,0.0
676.6709953813754,158.0,0.0
676.6714047602549,159.0,0.0
676.6724922866291,158.0,0.0
676.6784201070677,157.0,0.0
676.6802042304736,158.0,0.0
676.6812154708011,157.0,0.0
676.6886089988155,156.0,0.0
676.692974181146,157.0,0.0
676.6966314931849,158.0,0.0
676.7042016779486,157.0,0.0
676.7102473763892,156.0,0.0
676.7138467894721,155.0,0.0
676.7178927939353,154.0,0.0
676.7207693950039,153.0,0.0
676.7233361687531,154.0,0.0
676.7257546223508,153.0,0.0
676.7352685798586,152.0,0.0
676.7469561797388,153.0,0.0
676.7580459739328,154.0,0.0
676.7591025612792,155.0,0.0
676.7642814946084,156.0,0.0
676.769689547201,155.0,0.0
676.7713568117946,156.0,0.0
676.7730415828314,157.0,0.0
676.7845506847881,158.0,0.0
676.7924406949827,159.0,0.0
676.7924687049757,158.0,0.0
676.8022352933078,157.0,0.0
676.8178926141911,158.0,0.0
676.8365346537794,159.0,0.0
676.8394364280507,158.0,0.0
676.8456114232904,157.0,0.0
676.8521651929819,156.0,0.0
676.8602111561763,155.0,0.0
676.8700788549017,154.0,0.0
676.8765369022478,155.0,0.0
676.8792440335105,154.0,0.0
676.8851394745892,153.0,0.0
676.8860256510325,154.0,0.0
676.8992237642775,155.0,0.0
676.9014462181966,154.0,0.0
676.9164920137525,153.0,0.0
676.9207092857012,154.0,0.0
676.9225595860777,153.0,0.0
676.9327076129013,154.0,0.0
676.9382678113419,153.0,0.0
676.9496720553717,152.0,0.0
676.9536239046278,151.0,0.0
676.964347166617,150.0,0.0
676.9672338791447,151.0,0.0
676.96776387427,152.0,0.0
676.9769088600368,151.0,0.0
676.9813736379373,150.0,0.0
676.9969144726639,149.0,0.0
677.0080282289521,148.0,0.0
677.0098499598544,147.0,0.0
677.01468112825,146.0,0.0
677.0169486557104,145.0,0.0
677.0275941853241,146.0,0.0
677.027972151578,145.0,0.0
677.028049230839,146.0,0.0
677.035425739025,145.0,0.0
677.0397387525815,144.0,0.0
677.0462942454478,143.0,0.0
677.0494588582237,142.0,0.0
677.0680185193817,141.0,0.0
677.0697114679768,140.0,0.0
677.0727204194241,141.0,0.0
677.0820108263571,142.0,0.0
677.097001337481,141.0,0.0
677.0974339642985,142.0,0.0
677.1095002007451,143.0,0.0
677.1174131215195,142.0,0.0
677.123947998739,141.0,0.0
677.141634041308,142.0,0.0
677.1454215687936,141.0,0.0
677.1540868687943,142.0,0.0
677.1668737908558,143.0,0.0
677.1746298037905,144.0,0.0
677.1785531707694,145.0,0.0
677.1808660030798,144.0,0.0
677.1851590077497,143.0,0.0
677.1885730105382,142.0,0.0
677.1936608251865,141.0,0.0
677.217719538545,140.0,0.0
677.2245173230859,139.0,0.0
677.2485778828386,138.0,0.0
677.2498515668061,139.0,0.0
677.2632161128025,140.0,0.0
677.2722326298455,139.0,0.0
677.2800531336121,140.0,0.0
677.280645706928,139.0,0.0
677.2825520310417,138.0,0.0
677.2871087914017,137.0,0.0
677.2876918440404,138.0,0.0
677.2968437010179,137.0,0.0
677.3011587848695,136.0,0.0
677.3025315585238,135.0,0.0
677.3025536703306,134.0,0.0
677.3045268172168,135.0,0.0
677.3073672958443,134.0,0.0
677.308668566367,135.0,0.0
677.3102007964188,134.0,0.0
677.3280715643627,133.0,0.0
677.3317950234631,134.0,0.0
677.3335100596155,133.0,0.0
677.3378795176972,132.0,0.0
677.3449150812448,133.0,0.0
677.3528229554812,132.0,0.0
677.3538751929673,133.0,0.0
677.3645472650395,132.0,0.0
677.3744379566062,131.0,0.0
677.3749919140248,132.0,0.0
677.382478067933,131.0,0.0
677.383864946116,132.0,0.0
677.3983867957984,131.0,0.0
677.408810788423,130.0,0.0
677.4196444102246,131.0,0.0
677.4299524709425,130.0,0.0
677.4324643522399,129.0,0.0
677.4392444394169,128.0,0.0
677.4480987983708,129.0,0.0
677.4487137817255,128.0,0.0
677.4538096265221,129.0,0.0
677.4820579552403,128.0,0.0
677.4823980087612,127.0,0.0
677.4963950996369,128.0,0.0
677.5062326883865,129.0,0.0
677.5108102631561,130.0,0.0
677.5133295597991,131.0,0.0
677.5148623484367,132.0,0.0
677.5215558083153,133.0,0.0
677.5248145392413,132.0,0.0
677.5251001617398,133.0,0.0
677.5310226005785,134.0,0.0
677.5336855469203,133.0,0.0
677.5385151104126,132.0,0.0
677.5421978656972,131.0,0.0
677.5426654726145,132.0,0.0
677.5461854295303,131.0,0.0
677.5662113544598,130.0,0.0
677.5793935936953,131.0,0.0
677.5801605804598,130.0,0.0
677.5829044936585,129.0,0.0
677.5903300728371,130.0,0.0
677.6081052989684,129.0,0.0
677.6148790029811,130.0,0.0
677.6170812235807,129.0,0.0
677.6191345939266,130.0,0.0
677.6203539041348,131.0,0.0
677.6342711078609,132.0,0.0
677.6355252769972,131.0,0.0
677.6361061118868,132.0,0.0
677.638029327044,131.0,0.0
677.6389753673509,130.0,0.0
677.6478985827201,129.0,0.0
677.6664828560743,130.0,0.0
677.6717930131183,129.0,0.0
677.6807697040466,128.0,0.0
677.6815034228207,127.0,0.0
677.6882088046102,126.0,0.0
677.6887471491872,125.0,0.0
677.7075994243104,124.0,0.0
677.7082718125425,123.0,0.0
677.7104434122951,122.0,0.0
677.7166477847271,121.0,0.0
677.7349669849333,120.0,0.0
677.7396508095967,121.0,0.0
677.7418067767528,120.0,0.0
677.7426241998271,121.0,0.0
677.7427674275714,120.0,0.0
677.7472241934497,121.0,0.0
677.7497744327521,120.0,0.0
677.7570286331329,121.0,0.0
677.7621041915247,122.0,0.0
677.7622944604306,123.0,0.0
677.768149733094,122.0,0.0
677.772008599665,123.0,0.0
677.7724397973733,122.0,0.0
677.7725771000294,121.0,0.0
677.7771134672473,120.0,0.0
677.7833950942666,121.0,0.0
677.7898081585766,120.0,0.0
677.8020611069744,119.0,0.0
677.8046200804437,118.0,0.0
677.8293750765669,117.0,0.0
677.835858895077,118.0,0.0
677.8407034083701,117.0,0.0
677.8434942020841,116.0,0.0
677.8462009284018,115.0,0.0
677.8506972085146,114.0,0.0
677.8535111586573,115.0,0.0
677.8594561782689,114.0,0.0
677.8756389905689,115.0,0.0
677.8787707997076,116.0,0.0
677.8889886420325,115.0,0.0
677.9000672239173,116.0,0.0
677.9026513144962,115.0,0.0
677.9114214116693,114.0,0.0
677.9199320749017,115.0,0.0
677.9235232818564,116.0,0.0
677.92455221449,115.0,0.0
677.9302908794655,114.0,0.0
677.9346789050695,115.0,0.0
677.9382632182679,114.0,0.0
677.9687334914612,113.0,0.0
677.9732425937726,112.0,0.0
677.9796231487974,113.0,0.0
677.9805423740273,114.0,0.0
678.0146782482233,115.0,0.0
678.016012020091,116.0,0.0
678.0199472216506,117.0,0.0
678.0226718916776,116.0,0.0
678.0235677389519,117.0,0.0
678.025254039927,116.0,0.0
678.0310122877419,115.0,0.0
678.0360679697767,114.0,0.0
678.0416982243298,113.0,0.0
678.0588702719767,112.0,0.0
678.0594081185699,111.0,0.0
678.0682026157641,110.0,0.0
678.0743556692347,111.0,0.0
678.0777332477725,110.0,0.0
678.0811616298915,111.0,0.0
678.1020840587427,110.0,0.0
678.1103558869568,109.0,0.0
678.1190410610736,110.0,0.0
678.1194459891746,111.0,0.0
678.1319970113578,112.0,0.0
678.13661412368,113.0,0.0
678.1502909400785,112.0,0.0
678.1523625355608,111.0,0.0
678.1562930272078,110.0,0.0
678.1566974210267,111.0,0.0
678.1652224044724,112.0,0.0
678.1673615127313,111.0,0.0
678.1981172611768,110.0,0.0
678.2029139935562,109.0,0.0
678.2034018404644,108.0,0.0
678.204838761878,107.0,0.0
678.212385964501,106.0,0.0
678.22758257576,105.0,0.0
678.233422704928,104.0,0.0
678.2426693596875,105.0,0.0
678.2474329342799,104.0,0.0
678.2593134905403,105.0,0.0
678.2601963378451,106.0,0.0
678.261042369438,107.0,0.0
678.2696785280124,106.0,0.0
678.2756930100492,105.0,0.0
678.2787609618111,106.0,0.0
678.2811933403962,105.0,0.0
678.2895494036657,104.0,0.0
678.2980593286976,103.0,0.0
678.2984450529681,104.0,0.0
678.3126087584859,103.0,0.0
678.3176010356357,102.0,0.0
678.3177480183873,101.0,0.0
678.3205641154494,100.0,0.0
678.3267030270054,99.0,0.0
678.3490532679974,100.0,0.0
678.3511614528779,101.0,0.0
678.3546712208058,100.0,0.0
678.3595059662138,99.0,0.0
678.3759544572204,100.0,0.0
678.3776344523129,99.0,0.0
678.3891563165721,98.0,0.0
678.4028794533119,97.0,0.0
678.4115081198861,96.0,0.0
678.4138631207477,97.0,0.0
678.4191994536045,96.0,0.0
678.4225299067654,95.0,0.0
678.4356312203389,94.0,0.0
678.4462312697025,93.0,0.0
678.4657133048361,92.0,0.0
678.4729480670409,91.0,0.0
678.4898588246247,90.0,0.0
678.4965014499354,91.0,0.0
678.4982170612617,90.0,0.0
678.5072146447861,89.0,0.0
678.5098787201994,88.0,0.0
678.5126220982504,87.0,0.0
678.513700423382,88.0,0.0
678.5155109084493,87.0,0.0
678.5195018779659,86.0,0.0
678.5418829332275,85.0,0.0
678.5681887735062,84.0,0.0
678.5751489188457,83.0,0.0
678.5975553147348,84.0,0.0
678.6176204294669,83.0,0.0
678.6396242545717,82.0,0.0
678.6414861123376,83.0,0.0
678.642405803465,82.0,0.0
678.6493718158214,81.0,0.0
678.6660055933397,80.0,0.0
678.6663093350281,79.0,0.0
678.6687987615313,78.0,0.0
678.6804464962156,77.0,0.0
678.6809481576934,76.0,0.0
678.6904232589253,75.0,0.0
678.7120802026012,74.0,0.0
678.7139066213941,73.0,0.0
678.717436691261,72.0,0.0
678.7184086555777,71.0,0.0
678.7242491104198,70.0,0.0
678.728325264396,71.0,0.0
678.7504329116074,72.0,0.0
678.7509336095419,73.0,0.0
678.7796555562327,72.0,0.0
678.7864962575453,71.0,0.0
678.8001979758137,72.0,0.0
678.8186646546851,71.0,0.0
678.8199604424808,70.0,0.0
678.8223917160634,69.0,0.0
678.8323192851389,70.0,0.0
678.8615417863459,69.0,0.0
678.861842432796,68.0,0.0
678.8858779069424,67.0,0.0
678.8990340240651,66.0,0.0
678.904167374921,65.0,0.0
678.9067109748246,64.0,0.0
678.9158454581641,63.0,0.0
678.9182081200169,62.0,0.0
678.9188266901498,61.0,0.0
678.9261417682433,60.0,0.0
678.9466719437664,61.0,0.0
678.9637165462962,62.0,0.0
678.964202698719,61.0,0.0
678.9715517791973,60.0,0.0
679.0125773601357,59.0,0.0
679.0142304219429,58.0,0.0
679.0224919658262,59.0,0.0
679.0597296597175,58.0,0.0
679.0758052229954,59.0,0.0
679.0811388381786,58.0,0.0
679.0869003993098,57.0,0.0
679.095092830959,56.0,0.0
679.0955621800036,57.0,0.0
679.0987266651161,56.0,0.0
679.1055243479485,55.0,0.0
679.1125319236794,54.0,0.0
679.1125997150101,53.0,0.0
679.1288498400892,52.0,0.0
679.1388920072553,51.0,0.0
679.160587039184,50.0,0.0
679.1822113453671,51.0,0.0
679.1847043291286,52.0,0.0
679.1947458862493,51.0,0.0
679.2117040462927,52.0,0.0
679.2218998679738,53.0,0.0
679.2309562724762,52.0,0.0
679.2374092415326,53.0,0.0
679.247397749007,52.0,0.0
679.2589399089828,51.0,0.0
679.268984196675,50.0,0.0
679.2794772778578,49.0,0.0
679.2918182138122,48.0,0.0
679.3080546199507,49.0,0.0
679.3163187972787,48.0,0.0
679.3201535972669,47.0,0.0
679.3287915667021,46.0,0.0
679.3370772724495,45.0,0.0
679.3391018865352,44.0,0.0
679.3439218403751,43.0,0.0
679.364381457278,42.0,0.0
679.3655299507969,43.0,0.0
679.3771293968274,42.0,0.0
679.4090499446222,41.0,0.0
679.4092469432572,42.0,0.0
679.4110440472107,43.0,0.0
679.4217801927688,42.0,0.0
679.4224530452622,41.0,0.0
679.4237595609866,40.0,0.0
679.4481344018498,41.0,0.0
679.4683955783144,40.0,0.0
679.4752308333592,39.0,0.0
679.4770429135635,40.0,0.0
679.4804805864284,39.0,0.0
679.4969806606732,38.0,0.0
679.4992669093209,39.0,0.0
679.4996012569468,38.0,0.0
679.5057500853551,39.0,0.0
679.5068747895176,38.0,0.0
679.5082539905815,37.0,0.0
679.5106890055608,38.0,0.0
679.5231831575366,37.0,0.0
679.5296450036227,36.0,0.0
679.5318371706308,35.0,0.0
679.5627172724595,34.0,0.0
679.5708036814891,35.0,0.0
679.5773852364692,34.0,0.0
679.582306150024,33.0,0.0
679.6066841906322,32.0,0.0
679.60715573768,31.0,0.0
679.6158196930136,30.0,0.0
679.6248520171578,29.0,0.0
679.638142065182,28.0,0.0
679.6413267639552,29.0,0.0
679.6480451617342,28.0,0.0
679.6519621607885,27.0,0.0
679.6673828081982,26.0,0.0
679.6712418015273,25.0,0.0
679.6715791729688,26.0,0.0
679.6750497682332,25.0,0.0
679.6759609425188,26.0,0.0
679.6939589153942,27.0,0.0
679.6964628861061,26.0,0.0
679.7079150877867,25.0,0.0
679.7226409951483,24.0,0.0
679.7423146284925,23.0,0.0
679.7498544142823,22.0,0.0
679.7559806303159,21.0,0.0
679.777475398182,20.0,0.0
679.7776137627468,19.0,0.0
679.8047611459313,20.0,0.0
679.8102035691677,21.0,0.0
679.8190705008841,20.0,0.0
679.8257165112153,21.0,0.0
679.8326101851063,20.0,0.0
679.837799623035,19.0,0.0
679.8479042730644,18.0,0.0
679.8632622431038,19.0,0.0
679.8635701889979,18.0,0.0
679.8748797764927,17.0,0.0
679.883385749372,16.0,0.0
679.9033741490318,15.0,0.0
679.9056016942881,16.0,0.0
679.9065848655133,15.0,0.0
679.913620682118,14.0,0.0
679.9225145642839,15.0,0.0
679.9262039279458,16.0,0.0
679.9284890058813,17.0,0.0
679.9352504063638,16.0,0.0
679.9449022330875,17.0,0.0
679.9564787548719,16.0,0.0
679.9679629122505,15.0,0.0
679.9880326347945,14.0,0.0
679.9919991286563,15.0,0.0
679.9942379674283,14.0,0.0
679.9965211057294,13.0,0.0
680.0208163880766,12.0,0.0
680.0265910541917,11.0,0.0
680.0312583612749,10.0,0.0
680.0462016874418,9.0,0.0
680.0470819865221,8.0,0.0
680.049382314708,7.0,0.0
680.0595514081896,6.0,0.0
680.0744334370336,5.0,0.0
680.0859702089234,6.0,0.0
680.1249711380856,5.0,0.0
680.1456533671771,4.0,0.0
680.1474245983442,5.0,0.0
680.1562792603763,4.0,0.0
680.1825049687835,3.0,0.0
680.1840056188448,2.0,0.0
680.1972433605738,3.0,0.0
680.1980300832034,2.0,0.0
680.2110475786842,3.0,0.0
680.2198216959675,2.0,0.0
680.2457116105022,1.0,0.0
680.253209421286,2.0,0.0
680.2548968568192,3.0,0.0
680.2656662373762,2.0,0.0
680.2809274525229,1.0,0.0
680.3632392154655,2.0,0.0
680.394595641877,1.0,0.0
680.395270815066,0.0,0.0
680.4088093634659,1.0,0.0
680.4185268343992,2.0,0.0
680.4490406759712,1.0,0.0
680.4498929328823,0.0,0.0
680.5241969017536,1.0,0.0
680.5292794675446,0.0,0.0
680.5496343545035,1.0,0.0
680.5555669827361,0.0,0.0
680.5607389965879,1.0,0.0
680.5800660116415,0.0,0.0
680.6293740159101,1.0,0.0
680.6302008985277,0.0,0.0
680.7068969139077,1.0,0.0
680.7100436946663,0.0,0.0
680.7454499565678,1.0,0.0
680.7664882828542,2.0,0.0
680.7716744711423,3.0,0.0
680.779213276452,2.0,0.0
680.803547708933,3.0,0.0
680.8535159300014,4.0,0.0
680.8652050162417,3.0,0.0
680.8730468960141,4.0,0.0
680.8922177100455,3.0,0.0
680.9103343523421,4.0,0.0
680.9282976346603,3.0,0.0
680.9503762624746,4.0,0.0
680.9521329798446,3.0,0.0
680.9567206003366,2.0,0.0
680.9721809999521,3.0,0.0
680.9800075908229,2.0,0.0
680.9831235143289,1.0,0.0
680.9859120836011,0.0,0.0
681.0486010320919,1.0,0.0
681.0508398231062,2.0,0.0
681.0620980652216,1.0,0.0
681.0715181458087,2.0,0.0
681.0814834387716,3.0,0.0
681.0945453454067,4.0,0.0
681.1338910509353,3.0,0.0
681.1458598493823,2.0,0.0
681.1573892848065,1.0,0.0
681.1622097478619,2.0,0.0
681.1680213989897,1.0,0.0
681.1818027038539,0.0,0.0
681.2110901619935,1.0,0.0
681.2248604847063,0.0,0.0
681.2428422205122,1.0,0.0
681.2764588895247,2.0,0.0
681.2841656697591,3.0,0.0
681.3134486460663,2.0,0.0
681.324988531265,1.0,0.0
681.3652684790488,0.0,0.0
681.3892881011615,1.0,0.0
681.3919367086553,2.0,0.0
681.4063748782446,1.0,0.0
681.4082466284011,2.0,0.0
681.4227425323531,1.0,0.0
681.4488690640055,0.0,0.0
681.4578331978199,1.0,0.0
681.460759889726,0.0,0.0
681.5337460264772,1.0,0.0
681.5694292910694,0.0,0.0
681.5906642836808,1.0,0.0
681.5960608191431,0.0,0.0
681.6181991626422,1.0,0.0
681.6268010330651,0.0,0.0
681.6687864566608,1.0,0.0
681.6711129169656,0.0,0.0
681.7626485981144,1.0,0.0
681.7886521896146,2.0,0.0
681.8005475222749,1.0,0.0
681.8027911403576,0.0,0.0
681.8825320723396,1.0,0.0
681.9084213599427,0.0,0.0
681.9304119925121,1.0,0.0
681.9426684750125,2.0,0.0
681.9635954685435,1.0,0.0
681.9689674862815,0.0,0.0
682.1058221208217,1.0,0.0
682.1368776812184,0.0,0.0
682.1568619906556,1.0,0.0
682.1736724614141,2.0,0.0
682.1853576721522,1.0,0.0
682.2132854667888,0.0,0.0
682.3163745390227,1.0,0.0
682.3167891177011,2.0,0.0
682.3220383436355,1.0,0.0
682.3291679943529,0.0,0.0
682.3459781756374,1.0,0.0
682.3994788199491,2.0,0.0
682.4057656360328,1.0,0.0
682.4090543494218,0.0,0.0
682.4429716241934,1.0,0.0
682.48753085567,0.0,0.0
682.494294596475,1.0,0.0
682.5072331076183,0.0,0.0
682.5283073044783,1.0,0.0
682.5363312710723,0.0,0.0
682.6408723827766,1.0,0.0
682.6684625733319,0.0,0.0
682.7288277552368,1.0,0.0
682.7363172379652,0.0,0.0
682.7486855020318,1.0,0.0
682.7509341424437,2.0,0.0
682.7571938643059,1.0,0.0
682.8107938838907,0.0,0.0
682.8321876046698,1.0,0.0
682.8332740870962,0.0,0.0
682.8429308222229,1.0,0.0
682.8497989580104,2.0,0.0
682.8553472366533,1.0,0.0
682.8948872374534,2.0,0.0
682.8971593309125,1.0,0.0
682.8986765753779,2.0,0.0
682.9022371329659,3.0,0.0
682.9032243612888,2.0,0.0
682.9055228766562,1.0,0.0
682.9060856494574,2.0,0.0
682.9100612893078,3.0,0.0
682.9194831171181,4.0,0.0
682.9544264857179,3.0,0.0
682.9593540452694,2.0,0.0
682.9712862379097,1.0,0.0
683.0046082142991,0.0,0.0
683.0139426694412,1.0,0.0
683.0928973128731,0.0,0.0
683.2100755722217,1.0,0.0
683.2393918698098,0.0,0.0
683.3150305704876,1.0,0.0
683.3198643998232,2.0,0.0
683.3313742108958,3.0,0.0
683.3524190556794,2.0,0.0
683.3533728590006,3.0,0.0
683.3765170078398,2.0,0.0
683.3805625075697,1.0,0.0
683.3948491296859,2.0,0.0
683.4285333927447,1.0,0.0
683.4434422438874,0.0,0.0
683.4691300529215,1.0,0.0
683.47851126242,0.0,0.0
683.4896640161697,1.0,0.0
683.4935950026803,2.0,0.0
683.5257213026766,1.0,0.0
683.5318396126663,2.0,0.0
683.5535646604673,1.0,0.0
683.5595635295726,0.0,0.0
683.5629771168278,1.0,0.0
683.5825224858781,2.0,0.0
683.5954701282565,3.0,0.0
683.6196947634668,4.0,0.0
683.6229477921898,5.0,0.0
683.6465286190409,4.0,0.0
683.64736208167,3.0,0.0
683.6487797260257,2.0,0.0
683.6543137143976,1.0,0.0
683.6603830152961,0.0,0.0
683.6681521143224,1.0,0.0
683.6897557533067,0.0,0.0
683.7122441381402,1.0,0.0
683.718667626267,0.0,0.0
683.722338055285,1.0,0.0
683.749525496742,2.0,0.0
683.7512192465141,3.0,0.0
683.78093986765,2.0,0.0
683.7983202355041,1.0,0.0
683.8049852029637,2.0,0.0
683.8076202992861,3.0,0.0
683.810807211369,2.0,0.0
683.8193395318403,3.0,0.0
683.8331089797229,2.0,0.0
683.8381070985791,1.0,0.0
683.8394161699184,2.0,0.0
683.8415036529893,1.0,0.0
683.8584480610166,2.0,0.0
683.8663686865929,3.0,0.0
683.8663792808032,2.0,0.0
683.8691489912918,1.0,0.0
683.8738111753315,0.0,0.0
683.8942249671776,1.0,0.0
683.9279318476398,2.0,0.0
683.9422432079782,3.0,0.0
683.9423972287161,2.0,0.0
683.9441062532456,1.0,0.0
683.952684548966,0.0,0.0
683.977463762417,1.0,0.0
683.9983982613502,2.0,0.0
683.9986886840545,3.0,0.0
684.0026397880603,2.0,0.0
684.0028973866094,1.0,0.0
684.0186785580786,0.0,0.0
684.027969037234,1.0,0.0
684.028412203812,2.0,0.0
684.0409792912105,1.0,0.0
684.0619561528115,2.0,0.0
684.0771046244585,3.0,0.0
684.0783094226895,2.0,0.0
684.0907584231024,3.0,0.0
684.0912254527287,2.0,0.0
684.099737390068,1.0,0.0
684.1274519246798,2.0,0.0
684.1516691638202,3.0,0.0
684.1596716792583,2.0,0.0
684.1605254452352,1.0,0.0
684.1727079382173,0.0,0.0
684.1872208484153,1.0,0.0
684.1918469440355,0.0,0.0
684.2159294738863,1.0,0.0
684.2211419281444,2.0,0.0
684.2290220058736,1.0,0.0
684.2353353039468,0.0,0.0
684.2363882627403,1.0,0.0
684.2367651718546,2.0,0.0
684.2419633193063,3.0,0.0
684.2484084870803,4.0,0.0
684.2523609242672,5.0,0.0
684.2606545798284,6.0,0.0
684.2691222311045,5.0,0.0
684.2694192343715,4.0,0.0
684.2880437715654,3.0,0.0
684.2925031865137,2.0,0.0
684.308851167445,3.0,0.0
684.3238382628235,2.0,0.0
684.3335304454781,1.0,0.0
684.3469353886137,2.0,0.0
684.3553320953533,3.0,0.0
684.3573613517691,4.0,0.0
684.3597724248741,5.0,0.0
684.3866246542667,4.0,0.0
684.3867572830392,5.0,0.0
684.3904714564497,6.0,0.0
684.4019036409619,5.0,0.0
684.4021351870658,4.0,0.0
684.4115689582597,5.0,0.0
684.4132476810912,4.0,0.0
684.4217193678235,3.0,0.0
684.4241598437366,2.0,0.0
684.4248473733335,1.0,0.0
684.4322031498707,2.0,0.0
684.4380656480538,1.0,0.0
684.4490551060329,0.0,0.0
684.4490969606164,1.0,0.0
684.4816361068239,0.0,0.0
684.4837272800124,1.0,0.0
684.5170026201553,0.0,0.0
684.5334455773773,1.0,0.0
684.5367516344445,0.0,0.0
684.5588833683765,1.0,0.0
684.5605951904332,0.0,0.0
684.5867865886266,1.0,0.0
684.6004145127911,2.0,0.0
684.6044127420912,1.0,0.0
684.6102978962496,2.0,0.0
684.6291105787897,3.0,0.0
684.6433702329075,2.0,0.0
684.6692867224752,1.0,0.0
684.6806764241621,0.0,0.0
684.6921400955189,1.0,0.0
684.6937516569639,0.0,0.0
684.7265683517387,1.0,0.0
684.7299366009933,0.0,0.0
684.7329980384311,1.0,0.0
684.7471542739273,0.0,0.0
684.7681610740564,1.0,0.0
684.7792053404982,2.0,0.0
684.7809356369021,3.0,0.0
684.7836520234326,2.0,0.0
684.7915327309533,3.0,0.0
684.8040639832318,2.0,0.0
684.8115443908379,1.0,0.0
684.8150340483791,2.0,0.0
684.8152730689529,3.0,0.0
684.8316463780999,4.0,0.0
684.8370738394244,3.0,0.0
684.839815240306,2.0,0.0
684.846356543942,3.0,0.0
684.8471716116921,4.0,0.0
684.8498783350252,3.0,0.0
684.8505039724312,2.0,0.0
684.8578892272797,1.0,0.0
684.8692412712833,0.0,0.0
684.8707662189632,1.0,0.0
684.883405238567,2.0,0.0
684.8948792942016,3.0,0.0
684.9065429997413,4.0,0.0
684.9075084719964,3.0,0.0
684.9156519460118,4.0,0.0
684.9216870458737,3.0,0.0
684.9322629031833,2.0,0.0
684.9370628606853,1.0,0.0
684.9539680671894,0.0,0.0
684.9555353936225,1.0,0.0
684.9629605682148,2.0,0.0
684.9676152705158,3.0,0.0
684.970283818721,4.0,0.0
684.9886126797318,5.0,0.0
684.9889379077679,4.0,0.0
684.9942699551214,3.0,0.0
685.0132125227815,2.0,0.0
685.0336212978623,3.0,0.0
685.0339843497052,2.0,0.0
685.0425105915574,3.0,0.0
685.0438310916755,4.0,0.0
685.0517388609454,5.0,0.0
685.0537779920935,6.0,0.0
685.066242353208,7.0,0.0
685.0702318037471,6.0,0.0
685.0760907746856,5.0,0.0
685.102682367063,6.0,0.0
685.1038166233479,5.0,0.0
685.1045203302559,6.0,0.0
685.1073604920937,5.0,0.0
685.1151164832207,4.0,0.0
685.1185149987292,5.0,0.0
685.1193273435144,6.0,0.0
685.1228281611451,5.0,0.0
685.1234680433852,6.0,0.0
685.1268475274671,5.0,0.0
685.1275074893856,4.0,0.0
685.1297351808796,3.0,0.0
685.1443831674684,4.0,0.0
685.1450396039914,5.0,0.0
685.1511173137724,6.0,0.0
685.1594092976464,7.0,0.0
685.1684975096475,8.0,0.0
685.1732371106715,9.0,0.0
685.1741248513978,8.0,0.0
685.1949224041168,7.0,0.0
685.2037917783806,6.0,0.0
685.205513230429,7.0,0.0
685.2099529392804,8.0,0.0
685.2149083458941,7.0,0.0
685.2210798312287,8.0,0.0
685.2227812669622,9.0,0.0
685.2229758276811,10.0,0.0
685.2312441980266,9.0,0.0
685.231585814457,10.0,0.0
685.238009335814,11.0,0.0
685.2464642676188,10.0,0.0
685.2608300028834,9.0,0.0
685.2745774494857,10.0,0.0
685.2773875555937,11.0,0.0
685.2888536818726,12.0,0.0
685.2952626277911,13.0,0.0
685.2979239099649,12.0,0.0
685.3044278503279,13.0,0.0
685.3056590929577,14.0,0.0
685.3388061546809,13.0,0.0
685.3432627468586,12.0,0.0
685.3456486752785,13.0,0.0
685.3494691295756,12.0,0.0
685.3521067468989,13.0,0.0
685.3790960615247,12.0,0.0
685.3807714132944,11.0,0.0
685.386198445359,10.0,0.0
685.3910909362527,9.0,0.0
685.3974647302199,10.0,0.0
685.3987267163986,9.0,0.0
685.416288105199,8.0,0.0
685.4265794536772,9.0,0.0
685.431291805589,8.0,0.0
685.4339705967992,9.0,0.0
685.438174198274,8.0,0.0
685.4388038223094,7.0,0.0
685.4416622075554,6.0,0.0
685.4443288895669,5.0,0.0
685.4461046078366,6.0,0.0
685.4498439166898,5.0,0.0
685.4586291986684,6.0,0.0
685.4712087138392,7.0,0.0
685.4738595940933,6.0,0.0
685.4760369216091,7.0,0.0
685.4883811375167,6.0,0.0
685.4895761333768,7.0,0.0
685.4896747831442,6.0,0.0
685.4936872187543,5.0,0.0
685.4977503540435,6.0,0.0
685.501368569388,5.0,0.0
685.5045427803956,4.0,0.0
685.5060887389704,3.0,0.0
685.5180772730629,2.0,0.0
685.5192011576448,3.0,0.0
685.5267147246077,2.0,0.0
685.5367386138066,1.0,0.0
685.5466110450909,2.0,0.0
685.5508693118792,1.0,0.0
685.5568105525718,2.0,0.0
685.5631684547363,3.0,0.0
685.5786146485083,2.0,0.0
685.6152377392382,3.0,0.0
685.6176452075689,4.0,0.0
685.620128815534,5.0,0.0
685.6270820959236,4.0,0.0
685.6337054284813,5.0,0.0
685.6339044851104,4.0,0.0
685.6471242102782,5.0,0.0
685.6499527657805,4.0,0.0
685.6556362828851,5.0,0.0
685.6562902087936,4.0,0.0
685.6573025440238,5.0,0.0
685.6588299841753,6.0,0.0
685.658936890756,5.0,0.0
685.6642560238382,6.0,0.0
685.673687119126,7.0,0.0
685.6740072585477,8.0,0.0
685.6743284248722,7.0,0.0
685.679700027471,6.0,0.0
685.6867651433028,7.0,0.0
685.6934958819296,6.0,0.0
685.6977168313331,5.0,0.0
685.7047866767037,6.0,0.0
685.7124494718468,7.0,0.0
685.7238536679672,6.0,0.0
685.7286772835206,5.0,0.0
685.7374785462677,4.0,0.0
685.7477516035415,5.0,0.0
685.7485464530822,4.0,0.0
685.7490908490736,5.0,0.0
685.7633842552559,6.0,0.0
685.7648585825636,7.0,0.0
685.7764788507969,8.0,0.0
685.7821648706978,9.0,0.0
685.7844270722812,10.0,0.0
685.7875062062307,9.0,0.0
685.7912220524852,8.0,0.0
685.7925539948742,9.0,0.0
685.7955480088362,8.0,0.0
685.7998095749917,9.0,0.0
685.8208190181738,10.0,0.0
685.8212026473492,11.0,0.0
685.8236905295832,10.0,0.0
685.8291047389923,11.0,0.0
685.8391228423,10.0,0.0
685.8584735473277,11.0,0.0
685.8761379900309,10.0,0.0
685.8872165181319,11.0,0.0
685.8878227578641,10.0,0.0
685.8904669217554,11.0,0.0
685.8927134094611,12.0,0.0
685.899682225909,13.0,0.0
685.9051111989695,12.0,0.0
685.9081344830818,11.0,0.0
685.9147727040616,12.0,0.0
685.9154245713567,13.0,0.0
685.9167390162995,14.0,0.0
685.9173274861456,13.0,0.0
685.9266699857667,14.0,0.0
685.929579660403,15.0,0.0
685.9296258102323,16.0,0.0
685.9360888012958,15.0,0.0
685.9395145360295,16.0,0.0
685.9575250929826,15.0,0.0
685.9611123540624,14.0,0.0
685.9692282091183,15.0,0.0
685.9757213785889,16.0,0.0
685.9835688137223,17.0,0.0
685.9921569870761,18.0,0.0
685.9949300920927,19.0,0.0
686.0003684570503,20.0,0.0
686.0122385490347,19.0,0.0
686.0199095004323,20.0,0.0
686.0226260270529,19.0,0.0
686.0244599356255,18.0,0.0
686.0303910259394,17.0,0.0
686.0361955815584,18.0,0.0
686.038153255732,19.0,0.0
686.0419312941682,18.0,0.0
686.0501828448761,19.0,0.0
686.0655017070992,20.0,0.0
686.0656177512883,19.0,0.0
686.0687213221266,18.0,0.0
686.0743791111391,19.0,0.0
686.0753957241684,20.0,0.0
686.0809314345966,19.0,0.0
686.085562170014,18.0,0.0
686.0857615768448,19.0,0.0
686.0902444445891,20.0,0.0
686.0991064469251,21.0,0.0
686.1007335799869,22.0,0.0
686.1067538761653,21.0,0.0
686.1146577013333,22.0,0.0
686.1150012925573,21.0,0.0
686.1229998984743,20.0,0.0
686.1238641182711,19.0,0.0
686.1342564378986,20.0,0.0
686.1414205775675,21.0,0.0
686.1418744647922,22.0,0.0
686.1531279783381,23.0,0.0
686.1636398823111,22.0,0.0
686.1670879184096,23.0,0.0
686.1724005693013,22.0,0.0
686.1779044790223,21.0,0.0
686.1945472060854,20.0,0.0
686.1994745143677,19.0,0.0
686.2111467677622,18.0,0.0
686.2149574733479,19.0,0.0
686.2155295306088,20.0,0.0
686.2163674238898,21.0,0.0
686.2184241210914,22.0,0.0
686.2198806929866,23.0,0.0
686.2318458985528,24.0,0.0
686.2355265913318,23.0,0.0
686.2431906702889,24.0,0.0
686.2446510237885,25.0,0.0
686.2452958622438,26.0,0.0
686.25121109169,27.0,0.0
686.2516935617557,26.0,0.0
686.2665493832703,25.0,0.0
686.270391599357,24.0,0.0
686.2724190464061,23.0,0.0
686.2782331146167,24.0,0.0
686.2846302556338,23.0,0.0
686.2871033153438,22.0,0.0
686.3191198993751,23.0,0.0
686.3290830576511,22.0,0.0
686.3291142780913,23.0,0.0
686.336548272773,24.0,0.0
686.3421219250199,23.0,0.0
686.3425164385393,24.0,0.0
686.3482165827088,23.0,0.0
686.3505256023424,24.0,0.0
686.3505278428545,25.0,0.0
686.350736567505,24.0,0.0
686.3568074361956,23.0,0.0
686.3574514432961,22.0,0.0
686.3624570711484,21.0,0.0
686.3675361457985,20.0,0.0
686.3751345285112,21.0,0.0
686.381262932945,20.0,0.0
686.3961838526955,21.0,0.0
686.4042936676763,22.0,0.0
686.412042328476,23.0,0.0
686.4261649917024,24.0,0.0
686.4278301031543,25.0,0.0
686.428401339159,24.0,0.0
686.4308395365633,25.0,0.0
686.4328877194437,26.0,0.0
686.4464166309781,27.0,0.0
686.4486799982511,28.0,0.0
686.452047906061,27.0,0.0
686.4530179720574,28.0,0.0
686.45667143014,29.0,0.0
686.457883506036,28.0,0.0
686.4730606295609,27.0,0.0
686.4812416429063,28.0,0.0
686.4820021247849,27.0,0.0
686.4865859499362,28.0,0.0
686.4891248957637,29.0,0.0
686.4892127686262,28.0,0.0
686.491040400983,29.0,0.0
686.4934961769056,30.0,0.0
686.5073244577376,31.0,0.0
686.5145641646753,32.0,0.0
686.5195515061347,31.0,0.0
686.52076151932,32.0,0.0
686.5245202894016,33.0,0.0
686.5322615749353,34.0,0.0
686.5325151828977,35.0,0.0
686.5343379686741,34.0,0.0
686.5359805627434,33.0,0.0
686.5399903470184,34.0,0.0
686.5424359378308,33.0,0.0
686.5469435328208,34.0,0.0
686.5545342068692,35.0,0.0
686.5551187895248,34.0,0.0
686.5577480252786,33.0,0.0
686.562818003339,34.0,0.0
686.5658584008384,33.0,0.0
686.5675363555006,32.0,0.0
686.5755201659047,31.0,0.0
686.5823703644774,32.0,0.0
686.5826312838789,33.0,0.0
686.599222788775,32.0,0.0
686.6000950082505,31.0,0.0
686.601652831226,30.0,0.0
686.6084688758914,29.0,0.0
686.6094386430631,30.0,0.0
686.6169468735113,29.0,0.0
686.6278462635454,30.0,0.0
686.6335290055949,29.0,0.0
686.6366609487526,28.0,0.0
686.6397065243355,27.0,0.0
686.6425401439026,28.0,0.0
686.6426391735403,27.0,0.0
686.6484128675675,28.0,0.0
686.6491633793474,29.0,0.0
686.6505921966852,30.0,0.0
686.6511052158435,29.0,0.0
686.6665277113207,30.0,0.0
686.6887704878728,29.0,0.0
686.7109499796387,28.0,0.0
686.7365130197708,27.0,0.0
686.7483609641085,26.0,0.0
686.7509183095536,25.0,0.0
686.7530507029988,26.0,0.0
686.764533588289,27.0,0.0
686.7696699912075,26.0,0.0
686.7765881802178,27.0,0.0
686.7820756918154,26.0,0.0
686.7834648135973,25.0,0.0
686.8006219669192,26.0,0.0
686.8016567037329,25.0,0.0
686.8070189498362,26.0,0.0
686.8071568371028,25.0,0.0
686.8097237879902,26.0,0.0
686.8136859548312,27.0,0.0
686.8195034367914,28.0,0.0
686.8250477245183,27.0,0.0
686.8304525985014,26.0,0.0
686.8316181662024,25.0,0.0
686.8324612154986,26.0,0.0
686.834125668123,25.0,0.0
686.8367998920432,24.0,0.0
686.8418004914067,25.0,0.0
686.8426943942783,26.0,0.0
686.844220838306,27.0,0.0
686.8530415403081,26.0,0.0
686.8542200454654,27.0,0.0
686.85536748603,26.0,0.0
686.8589714167847,25.0,0.0
686.8651728669852,26.0,0.0
686.8657847252551,27.0,0.0
686.8711689797951,28.0,0.0
686.873155075801,29.0,0.0
686.8823515526168,28.0,0.0
686.8901548754751,29.0,0.0
686.8959728208397,28.0,0.0
686.9007533304417,27.0,0.0
686.9050418805095,26.0,0.0
686.9127417346932,25.0,0.0
686.9137528208678,24.0,0.0
686.9139209863674,23.0,0.0
686.9247804083792,24.0,0.0
686.9325454247191,25.0,0.0
686.9364743162508,24.0,0.0
686.9511640237172,25.0,0.0
686.9641028615276,24.0,0.0
686.9646349578846,23.0,0.0
686.9692877371966,22.0,0.0
686.9708994510628,21.0,0.0
686.9918860854425,20.0,0.0
686.993642687376,19.0,0.0
686.9965365062179,18.0,0.0
686.9979299319338,17.0,0.0
687.0027579062938,18.0,0.0
687.0055950936916,17.0,0.0
687.007988290881,18.0,0.0
687.0109609734799,19.0,0.0
687.0126980146209,18.0,0.0
687.0147964957962,17.0,0.0
687.0238360631856,18.0,0.0
687.0248652147118,17.0,0.0
687.0291179893618,16.0,0.0
687.0327398948215,17.0,0.0
687.0478471245144,18.0,0.0
687.0509796488204,19.0,0.0
687.0519455809502,20.0,0.0
687.0531636692301,21.0,0.0
687.0582409299489,22.0,0.0
687.0643985914107,23.0,0.0
687.0648782109218,22.0,0.0
687.0735224846984,23.0,0.0
687.073582068684,24.0,0.0
687.0827659640555,25.0,0.0
687.0838965718298,26.0,0.0
687.0911633828374,25.0,0.0
687.0955380394802,24.0,0.0
687.1000118699768,25.0,0.0
687.1040866523804,24.0,0.0
687.1093415046157,23.0,0.0
687.1102614691257,24.0,0.0
687.1125288101575,23.0,0.0
687.1153763165046,22.0,0.0
687.1185160158069,23.0,0.0
687.1209943542908,24.0,0.0
687.1218239090244,23.0,0.0
687.1238325241135,24.0,0.0
687.130866000495,23.0,0.0
687.1328973111922,24.0,0.0
687.1409652072169,25.0,0.0
687.1576382944772,24.0,0.0
687.1597346784902,23.0,0.0
687.1617171037988,24.0,0.0
687.1627190732848,25.0,0.0
687.1634493314791,26.0,0.0
687.1655486482033,25.0,0.0
687.1714387054734,26.0,0.0
687.1824773325692,27.0,0.0
687.1906259769468,26.0,0.0
687.1929680130711,27.0,0.0
687.1975715911946,26.0,0.0
687.2012450360897,25.0,0.0
687.201540577959,26.0,0.0
687.2054790961481,27.0,0.0
687.2088832032023,26.0,0.0
687.2216894164935,27.0,0.0
687.2238946238499,26.0,0.0
687.2259382964611,27.0,0.0
687.2351091743061,28.0,0.0
687.2368709666811,27.0,0.0
687.2372486044509,28.0,0.0
687.2519638001577,29.0,0.0
687.2667343638399,28.0,0.0
687.2696603892189,29.0,0.0
687.2731443693467,30.0,0.0
687.2747699133085,31.0,0.0
687.278684191943,32.0,0.0
687.2824572377406,33.0,0.0
687.2875399673051,34.0,0.0
687.2937051932907,33.0,0.0
687.2994840623257,32.0,0.0
687.31756587684,31.0,0.0
687.3177421493141,30.0,0.0
687.3247220939922,29.0,0.0
687.3259451793555,28.0,0.0
687.3289401436623,27.0,0.0
687.3295587458856,28.0,0.0
687.3398573665344,27.0,0.0
687.3420968492147,28.0,0.0
687.3553485606773,29.0,0.0
687.3558561553801,30.0,0.0
687.3576130026172,31.0,0.0
687.3625226316913,30.0,0.0
687.3648291628281,31.0,0.0
687.3689273692214,32.0,0.0
687.3697728573048,33.0,0.0
687.3710797942172,34.0,0.0
687.3811967370748,33.0,0.0
687.3911080648893,32.0,0.0
687.3932826234949,33.0,0.0
687.394646286229,34.0,0.0
687.3969182650898,33.0,0.0
687.3997960550249,32.0,0.0
687.4054172979196,31.0,0.0
687.4059045838615,32.0,0.0
687.410571270785,31.0,0.0
687.4200646828969,32.0,0.0
687.4216455229996,33.0,0.0
687.4329897825168,34.0,0.0
687.4357715619873,35.0,0.0
687.4371139288974,34.0,0.0
687.4397604170285,35.0,0.0
687.442981272749,34.0,0.0
687.4521368352835,35.0,0.0
687.4555375447146,34.0,0.0
687.4581662332586,33.0,0.0
687.4607144323733,34.0,0.0
687.4624241598405,35.0,0.0
687.466570072083,34.0,0.0
687.4740581232494,33.0,0.0
687.4934024777031,34.0,0.0
687.5107519796957,33.0,0.0
687.522492666944,34.0,0.0
687.5462815714596,35.0,0.0
687.5545661875348,36.0,0.0
687.5569878061848,37.0,0.0
687.5580662484384,38.0,0.0
687.5584553631606,37.0,0.0
687.5592007989172,36.0,0.0
687.5628824905084,37.0,0.0
687.5648852855417,36.0,0.0
687.5679583320331,37.0,0.0
687.5696411012233,38.0,0.0
687.5746850446594,37.0,0.0
687.5884579964567,36.0,0.0
687.6005826477693,37.0,0.0
687.6029999331527,38.0,0.0
687.6039592227391,37.0,0.0
687.6058099008877,38.0,0.0
687.6089700666299,39.0,0.0
687.6145897913597,40.0,0.0
687.6180269908422,39.0,0.0
687.6491289106173,40.0,0.0
687.651495068172,39.0,0.0
687.6662297601522,40.0,0.0
687.7070066108948,41.0,0.0
687.7081264459114,42.0,0.0
687.7081860018905,43.0,0.0
687.7298064920199,44.0,0.0
687.7462932095353,45.0,0.0
687.7639334241685,46.0,0.0
687.7668025063118,45.0,0.0
687.7696778516867,44.0,0.0
687.7698388766922,43.0,0.0
687.772962228768,42.0,0.0
687.7822304172242,43.0,0.0
687.7845541358687,42.0,0.0
687.804572886392,43.0,0.0
687.804806531274,44.0,0.0
687.8199838755846,45.0,0.0
687.820902261827,46.0,0.0
687.8272717382998,47.0,0.0
687.8391500661807,46.0,0.0
687.8485160758345,47.0,0.0
687.8539987981638,48.0,0.0
687.8565562941627,49.0,0.0
687.8600327015492,50.0,0.0
687.87349074377,49.0,0.0
687.8800426501006,50.0,0.0
687.8805394705004,49.0,0.0
687.8810080925161,50.0,0.0
687.8812850590937,51.0,0.0
687.8836281854209,50.0,0.0
687.8866485783494,49.0,0.0
687.8993802681307,50.0,0.0
687.9051250457401,49.0,0.0
687.9086726788181,48.0,0.0
687.9175478521779,49.0,0.0
687.9180669962745,48.0,0.0
687.927785726613,49.0,0.0
687.938457298959,48.0,0.0
687.9447648482839,49.0,0.0
687.9481557584521,48.0,0.0
687.9577621374885,47.0,0.0
687.9587469475532,48.0,0.0
687.9652948879495,47.0,0.0
687.9741174021544,48.0,0.0
687.976391799942,49.0,0.0
687.9783297673116,48.0,0.0
687.9783991039775,47.0,0.0
687.9894897706688,48.0,0.0
687.9905210110796,47.0,0.0
688.0006860119092,48.0,0.0
688.0035529497064,47.0,0.0
688.0057581594496,46.0,0.0
688.0057841009328,47.0,0.0
688.0120625183972,46.0,0.0
688.0141715723221,47.0,0.0
688.017760747689,48.0,0.0
688.0234637583812,49.0,0.0
688.0235313979075,50.0,0.0
688.0288207032671,51.0,0.0
688.0341197924413,52.0,0.0
688.0400559643915,51.0,0.0
688.0603545441439,52.0,0.0
688.063973414424,53.0,0.0
688.0652028583229,54.0,0.0
688.0671761978865,55.0,0.0
688.0677037987866,56.0,0.0
688.0695934727439,57.0,0.0
688.0698539513807,56.0,0.0
688.0737154520348,55.0,0.0
688.0813671496957,56.0,0.0
688.0842565707519,55.0,0.0
688.0925352158165,54.0,0.0
688.1007540499452,55.0,0.0
688.103048633781,56.0,0.0
688.104584179651,57.0,0.0
688.1105668511073,56.0,0.0
688.1112967635579,55.0,0.0
688.1115040618445,54.0,0.0
688.1238964772408,55.0,0.0
688.1253934376535,56.0,0.0
688.1281218178362,55.0,0.0
688.1296003230261,54.0,0.0
688.1331183052756,53.0,0.0
688.1386689229348,54.0,0.0
688.1406893671993,55.0,0.0
688.1483519901628,54.0,0.0
688.15110836226,53.0,0.0
688.1589542323071,54.0,0.0
688.1694829882535,55.0,0.0
688.1723472156849,54.0,0.0
688.1770209470325,55.0,0.0
688.1784881959563,54.0,0.0
688.1883480425768,55.0,0.0
688.1897239047303,56.0,0.0
688.1916933616907,57.0,0.0
688.1939682627509,58.0,0.0
688.2045392565926,57.0,0.0
688.2092802004411,58.0,0.0
688.2139003554582,59.0,0.0
688.2258504163025,58.0,0.0
688.2300901529486,59.0,0.0
688.2446872479017,60.0,0.0
688.2561511969733,59.0,0.0
688.2644028193272,60.0,0.0
688.266030629666,61.0,0.0
688.2718453570527,60.0,0.0
688.2795322617454,59.0,0.0
688.2800905608414,60.0,0.0
688.2810254396536,61.0,0.0
688.2836473514338,62.0,0.0
688.289947724184,61.0,0.0
688.2956587679887,62.0,0.0
688.2986641759122,63.0,0.0
688.307762365278,64.0,0.0
688.3198746009302,65.0,0.0
688.3217428502298,66.0,0.0
688.3234018237333,67.0,0.0
688.3253766606705,68.0,0.0
688.326196958025,67.0,0.0
688.3263939463516,68.0,0.0
688.3285858407532,69.0,0.0
688.3325444194479,70.0,0.0
688.3369676686385,71.0,0.0
688.3421676437878,70.0,0.0
688.3453600338397,69.0,0.0
688.34772821728,70.0,0.0
688.3532330643357,69.0,0.0
688.3547363754753,70.0,0.0
688.3960765949688,69.0,0.0
688.3966239719655,70.0,0.0
688.3978282158026,71.0,0.0
688.4062260688349,70.0,0.0
688.4143865671616,71.0,0.0
688.4234089678248,72.0,0.0
688.4344064694751,71.0,0.0
688.4408772176066,72.0,0.0
688.449022974376,73.0,0.0
688.4545234786549,72.0,0.0
688.459398768559,73.0,0.0
688.4600959510765,72.0,0.0
688.460139102145,71.0,0.0
688.4707897922304,72.0,0.0
688.4717141836798,71.0,0.0
688.4814180484049,72.0,0.0
688.4833473579245,73.0,0.0
688.4885871598872,74.0,0.0
688.4885963544957,75.0,0.0
688.4978313717017,76.0,0.0
688.4999124596557,77.0,0.0
688.5088393168658,76.0,0.0
688.5122893657731,77.0,0.0
688.5136150665152,76.0,0.0
688.5264762058378,77.0,0.0
688.5291777710822,78.0,0.0
688.530481499707,77.0,0.0
688.5561465224853,76.0,0.0
688.5573332966225,77.0,0.0
688.5588678036371,78.0,0.0
688.56831502044,77.0,0.0
688.5750378400561,76.0,0.0
688.5759479626126,75.0,0.0
688.5936349009561,76.0,0.0
688.595452950325,77.0,0.0
688.5960656711339,78.0,0.0
688.5965188949092,79.0,0.0
688.6032718933193,80.0,0.0
688.6038385828689,81.0,0.0
688.606202009394,82.0,0.0
688.6171929647361,83.0,0.0
688.6221936410686,84.0,0.0
688.6248811947363,83.0,0.0
688.6250281047578,84.0,0.0
688.6293817871637,85.0,0.0
688.6301162534792,84.0,0.0
688.6361459899472,83.0,0.0
688.6446034997704,84.0,0.0
688.6497684562128,85.0,0.0
688.6564044672887,86.0,0.0
688.6762951767274,87.0,0.0
688.677028642083,86.0,0.0
688.6820348674647,87.0,0.0
688.6826711704582,88.0,0.0
688.6846461619976,89.0,0.0
688.688997284706,88.0,0.0
688.6890992962561,89.0,0.0
688.6939948898901,90.0,0.0
688.7035108863205,89.0,0.0
688.7076944206497,88.0,0.0
688.7086044600311,89.0,0.0
688.7167425695096,88.0,0.0
688.7193486629892,87.0,0.0
688.7213814574241,88.0,0.0
688.7234001469025,89.0,0.0
688.7256224950246,88.0,0.0
688.7415354086304,87.0,0.0
688.7461400456757,86.0,0.0
688.7509404027957,87.0,0.0
688.7599594117368,88.0,0.0
688.7847362529352,87.0,0.0
688.7865657203022,86.0,0.0
688.7944903533547,85.0,0.0
688.7984589882966,86.0,0.0
688.8071303960552,85.0,0.0
688.809149627195,84.0,0.0
688.8147257918633,85.0,0.0
688.822482329465,86.0,0.0
688.8232078278861,85.0,0.0
688.8503035143076,84.0,0.0
688.8524393909439,85.0,0.0
688.8528332257019,86.0,0.0
688.8543250211185,87.0,0.0
688.8611632600703,88.0,0.0
688.8718565407208,89.0,0.0
688.8729974953542,90.0,0.0
688.8765539895455,89.0,0.0
688.8794461510507,90.0,0.0
688.8845504456305,89.0,0.0
688.8923734088014,90.0,0.0
688.8997478272681,91.0,0.0
688.9005648198167,90.0,0.0
688.9021521521947,91.0,0.0
688.9067551263562,90.0,0.0
688.9068165371131,89.0,0.0
688.908257782675,90.0,0.0
688.9158882678945,89.0,0.0
688.9190364195138,90.0,0.0
688.9193551578746,89.0,0.0
688.9220047814752,90.0,0.0
688.9232018109029,89.0,0.0
688.9283652850982,90.0,0.0
688.9375258660809,91.0,0.0
688.9487419606651,90.0,0.0
688.9651922040614,89.0,0.0
688.9653312229916,90.0,0.0
688.9795660655114,89.0,0.0
688.9822459003165,90.0,0.0
688.9828822544297,91.0,0.0
688.9876674899108,92.0,0.0
688.9879028390711,93.0,0.0
688.9903890984236,92.0,0.0
688.9926101206958,93.0,0.0
688.9940373991964,94.0,0.0
688.9987163921146,95.0,0.0
689.0040017475244,96.0,0.0
689.0098288982558,97.0,0.0
689.0146953646796,98.0,0.0
689.0222266205459,99.0,0.0
689.0237975904915,98.0,0.0
689.0269812991522,97.0,0.0
689.0275406810197,98.0,0.0
689.0278258386819,99.0,0.0
689.0323159611816,98.0,0.0
689.0352677589888,97.0,0.0
689.0385801525437,98.0,0.0
689.0406524331603,99.0,0.0
689.0510908421063,98.0,0.0
689.0515363867628,99.0,0.0
689.0575494114279,98.0,0.0
689.0583193146584,97.0,0.0
689.06648442531,98.0,0.0
689.0688867564861,99.0,0.0
689.0692931042312,100.0,0.0
689.0796839595803,101.0,0.0
689.0861992367123,102.0,0.0
689.0882214367203,101.0,0.0
689.1084123638963,102.0,0.0
689.1269634465305,101.0,0.0
689.1355638947731,102.0,0.0
689.1394780439894,101.0,0.0
689.141044099415,102.0,0.0
689.1438362566739,103.0,0.0
689.1565579329703,104.0,0.0
689.1578769755329,105.0,0.0
689.1613140187795,106.0,0.0
689.1651121211977,105.0,0.0
689.167996628613,106.0,0.0
689.1764452046987,105.0,0.0
689.1805198938932,104.0,0.0
689.1808708065141,105.0,0.0
689.1843647375629,106.0,0.0
689.1876037587281,107.0,0.0
689.1890636469218,108.0,0.0
689.1900687206161,109.0,0.0
689.1906579531028,108.0,0.0
689.2002202716066,109.0,0.0
689.2024263737034,108.0,0.0
689.2055833233752,107.0,0.0
689.2149093167335,108.0,0.0
689.2208529849953,109.0,0.0
689.2252648929697,108.0,0.0
689.2475832590611,109.0,0.0
689.262793158845,110.0,0.0
689.2701755755432,111.0,0.0
689.2888902406758,112.0,0.0
689.2900830194682,113.0,0.0
689.2928517063888,114.0,0.0
689.2947765603265,113.0,0.0
689.2997790709541,114.0,0.0
689.3009492881998,115.0,0.0
689.3085375047176,116.0,0.0
689.3090796479487,115.0,0.0
689.3103377382405,114.0,0.0
689.3147547316021,113.0,0.0
689.3173375650297,112.0,0.0
689.3208063724418,111.0,0.0
689.3222751284935,112.0,0.0
689.3341262325313,113.0,0.0
689.3366070702879,114.0,0.0
689.3423374657763,115.0,0.0
689.3611173576668,114.0,0.0
689.3627113325792,115.0,0.0
689.3653485149285,114.0,0.0
689.3658747386975,113.0,0.0
689.3681361266277,112.0,0.0
689.3714017176646,111.0,0.0
689.3817267772449,110.0,0.0
689.3848232966906,109.0,0.0
689.3888705586494,110.0,0.0
689.3925410974791,109.0,0.0
689.3947315252503,110.0,0.0
689.4007320118523,109.0,0.0
689.4009298600201,110.0,0.0
689.418860692103,111.0,0.0
689.4214411166349,112.0,0.0
689.4306966883365,113.0,0.0
689.434043488949,114.0,0.0
689.4343320939599,113.0,0.0
689.4345800330445,114.0,0.0
689.4458787596595,113.0,0.0
689.4515958364991,112.0,0.0
689.4598773326541,113.0,0.0
689.4664283023452,114.0,0.0
689.4688784754193,113.0,0.0
689.4730346233391,112.0,0.0
689.4767478050785,111.0,0.0
689.4803752612637,110.0,0.0
689.482576549558,111.0,0.0
689.4864928161682,112.0,0.0
689.4926028997638,113.0,0.0
689.5148652019019,112.0,0.0
689.5167826160294,113.0,0.0
689.5184269706533,114.0,0.0
689.5227944431931,115.0,0.0
689.5261741687589,114.0,0.0
689.5300975460823,115.0,0.0
689.5373765380567,116.0,0.0
689.5380262014297,117.0,0.0
689.5396420044923,116.0,0.0
689.5420894362433,115.0,0.0
689.5444618736282,114.0,0.0
689.5487438227051,115.0,0.0
689.5531716977498,114.0,0.0
689.5543301224305,115.0,0.0
689.5563778722441,114.0,0.0
689.5679514773259,115.0,0.0
689.5705854614066,116.0,0.0
689.5726466421568,115.0,0.0
689.5787109387145,114.0,0.0
689.5814445045016,115.0,0.0
689.582605182993,116.0,0.0
689.5847359260343,117.0,0.0
689.5852729312569,118.0,0.0
689.5854576445623,119.0,0.0
689.5904004768609,118.0,0.0
689.590993609253,119.0,0.0
689.5932798879658,120.0,0.0
689.5965731481867,121.0,0.0
689.6032322098544,120.0,0.0
689.6033244264914,121.0,0.0
689.60400287206,122.0,0.0
689.6220281343117,121.0,0.0
689.6247896252768,122.0,0.0
689.6293511618592,123.0,0.0
689.6327802806229,122.0,0.0
689.6395253055231,121.0,0.0
689.6406441761056,122.0,0.0
689.642701706983,123.0,0.0
689.6562459235867,124.0,0.0
689.6581858748528,123.0,0.0
689.6589513221894,122.0,0.0
689.6608143148669,123.0,0.0
689.6658164763207,124.0,0.0
689.6709744582583,123.0,0.0
689.67538966373,122.0,0.0
689.6763356992334,123.0,0.0
689.6812850988061,122.0,0.0
689.6927034459876,123.0,0.0
689.6966378595516,124.0,0.0
689.7174485997609,125.0,0.0
689.7206062709711,124.0,0.0
689.7216879411158,125.0,0.0
689.7318930892122,126.0,0.0
689.7345992077455,127.0,0.0
689.7371014246639,126.0,0.0
689.7385000202121,127.0,0.0
689.7401397483305,126.0,0.0
689.7405690282731,125.0,0.0
689.7490342295832,124.0,0.0
689.7522721980629,123.0,0.0
689.7541799836191,124.0,0.0
689.7585797009492,123.0,0.0
689.7614048815029,124.0,0.0
689.762107849834,123.0,0.0
689.7703458561723,124.0,0.0
689.7735610237044,123.0,0.0
689.7755302021686,124.0,0.0
689.8041524155268,125.0,0.0
689.8065574718017,124.0,0.0
689.8090043369325,125.0,0.0
689.8092695478862,126.0,0.0
689.8156643458874,125.0,0.0
689.824648382653,124.0,0.0
689.8250970622405,123.0,0.0
689.8271362908907,124.0,0.0
689.8338347615767,123.0,0.0
689.8429068942004,124.0,0.0
689.8463809440528,123.0,0.0
689.8483716308352,122.0,0.0
689.8510629115608,121.0,0.0
689.8514689178209,120.0,0.0
689.8597699936641,119.0,0.0
689.8879453910371,118.0,0.0
689.8945196721953,119.0,0.0
689.9002151719944,118.0,0.0
689.9150392361249,117.0,0.0
689.9262098504425,116.0,0.0
689.9335715001831,117.0,0.0
689.9420793982207,118.0,0.0
689.9447232378052,119.0,0.0
689.9509498756155,118.0,0.0
689.9520346600292,117.0,0.0
689.9561909108603,118.0,0.0
689.9603914385299,119.0,0.0
689.9645490895817,118.0,0.0
689.9653402283617,117.0,0.0
689.9654440836023,116.0,0.0
689.966824989963,117.0,0.0
689.9690121236856,116.0,0.0
689.9729244776269,117.0,0.0
689.9811328415137,118.0,0.0
689.9824480780971,117.0,0.0
689.9833119255952,118.0,0.0
689.9853480943533,117.0,0.0
689.9965772973546,118.0,0.0
689.9968308018748,119.0,0.0
690.0026324813209,118.0,0.0
690.0044816307983,117.0,0.0
690.0046696212335,118.0,0.0
690.0066059028513,117.0,0.0
690.0066453531307,118.0,0.0
690.0098469213447,119.0,0.0
690.0120803314306,120.0,0.0
690.026481153682,121.0,0.0
690.0281713430984,122.0,0.0
690.0301105938229,121.0,0.0
690.0305776762007,120.0,0.0
690.0430392491468,119.0,0.0
690.0448245367432,120.0,0.0
690.0452350886047,119.0,0.0
690.0564539282874,120.0,0.0
690.0567098823323,121.0,0.0
690.060077140339,120.0,0.0
690.0743285934259,121.0,0.0
690.0852255866868,120.0,0.0
690.0865120414657,121.0,0.0
690.087125197119,122.0,0.0
690.0884269802607,121.0,0.0
690.0891279541875,122.0,0.0
690.093893684062,121.0,0.0
690.0942430376136,120.0,0.0
690.096909231362,121.0,0.0
690.1006395648121,122.0,0.0
690.113204981771,121.0,0.0
690.1174521065374,122.0,0.0
690.1204596625738,121.0,0.0
690.120927593549,122.0,0.0
690.129920813233,121.0,0.0
690.1349374085579,122.0,0.0
690.1411662682247,123.0,0.0
690.1425537317891,124.0,0.0
690.1479658838844,123.0,0.0
690.1524187199466,124.0,0.0
690.1556232002957,123.0,0.0
690.1560668293295,122.0,0.0
690.1576983223888,123.0,0.0
690.1679875793476,124.0,0.0
690.1720690767046,125.0,0.0
690.177215848799,126.0,0.0
690.1829107096618,127.0,0.0
690.1908320557563,128.0,0.0
690.1923266572122,129.0,0.0
690.1997706125302,130.0,0.0
690.2002028087973,129.0,0.0
690.2006643390698,128.0,0.0
690.2023627957608,127.0,0.0
690.2150787969199,128.0,0.0
690.2185500549339,129.0,0.0
690.2227969748693,130.0,0.0
690.2256475547179,131.0,0.0
690.2270729991353,132.0,0.0
690.2318769885045,131.0,0.0
690.234063109985,130.0,0.0
690.2386995706361,131.0,0.0
690.2392623947875,132.0,0.0
690.2424069456454,133.0,0.0
690.2427967116964,134.0,0.0
690.2465686381522,135.0,0.0
690.2552124360378,134.0,0.0
690.2575408013105,135.0,0.0
690.260478856393,134.0,0.0
690.262407726342,135.0,0.0
690.2648500490164,136.0,0.0
690.2713873671322,137.0,0.0
690.2764500650578,136.0,0.0
690.2808235368178,135.0,0.0
690.2826308221255,136.0,0.0
690.2834040417545,135.0,0.0
690.2884978669132,134.0,0.0
690.2891331741256,135.0,0.0
690.2910734404595,136.0,0.0
690.2922776089326,137.0,0.0
690.2935912027358,138.0,0.0
690.2961796885562,139.0,0.0
690.3014746584322,140.0,0.0
690.3109478624032,139.0,0.0
690.312021710199,138.0,0.0
690.322538566973,137.0,0.0
690.3268698478402,136.0,0.0
690.3310017680521,135.0,0.0
690.3404912356414,136.0,0.0
690.3592770619035,137.0,0.0
690.3640475661879,136.0,0.0
690.3666367359887,137.0,0.0
690.3704247953923,138.0,0.0
690.3723502250518,139.0,0.0
690.3749249185563,138.0,0.0
690.377282266843,139.0,0.0
690.3774609384946,138.0,0.0
690.3839873436536,137.0,0.0
690.3853340702751,136.0,0.0
690.3868141164562,137.0,0.0
690.3889213556434,136.0,0.0
690.3891593977368,137.0,0.0
690.4057191011083,138.0,0.0
690.4080322012844,137.0,0.0
690.41276009753,138.0,0.0
690.4144631547055,139.0,0.0
690.4202729452835,138.0,0.0
690.4277248837587,139.0,0.0
690.4332269665961,138.0,0.0
690.4345328946289,137.0,0.0
690.4453958391877,136.0,0.0
690.4493090628304,137.0,0.0
690.4606843082512,138.0,0.0
690.4671719216442,137.0,0.0
690.4721069372629,138.0,0.0
690.4757978935974,139.0,0.0
690.4784916495662,140.0,0.0
690.4792488557522,141.0,0.0
690.4803254998585,142.0,0.0
690.491335168759,143.0,0.0
690.4916034477145,144.0,0.0
690.4920455048689,143.0,0.0
690.5012079557259,142.0,0.0
690.5014040640232,143.0,0.0
690.5028422930362,142.0,0.0
690.5056088860891,141.0,0.0
690.5103257853452,142.0,0.0
690.5124255940109,141.0,0.0
690.5144206036445,142.0,0.0
690.5149932310434,143.0,0.0
690.5174360273088,144.0,0.0
690.5223929291491,145.0,0.0
690.5257179994051,146.0,0.0
690.5336918830071,145.0,0.0
690.534048757738,146.0,0.0
690.5352405701362,145.0,0.0
690.53702790262,144.0,0.0
690.5398770310144,145.0,0.0
690.5399355089572,146.0,0.0
690.5434790114106,145.0,0.0
690.5499577025312,144.0,0.0
690.5510602748742,143.0,0.0
690.5517475685804,142.0,0.0
690.5559541289537,141.0,0.0
690.5577062479689,140.0,0.0
690.5702625732171,141.0,0.0
690.5799045531718,140.0,0.0
690.5840215924061,139.0,0.0
690.5853507047286,140.0,0.0
690.5912901394998,139.0,0.0
690.6017466547208,138.0,0.0
690.6055794440929,139.0,0.0
690.605764706935,140.0,0.0
690.6125495745464,139.0,0.0
690.616140627544,138.0,0.0
690.6207906709885,139.0,0.0
690.6228500895612,140.0,0.0
690.6330286495728,139.0,0.0
690.6347934166424,138.0,0.0
690.6374487161859,137.0,0.0
690.639318005076,138.0,0.0
690.6428211933459,137.0,0.0
690.6454456532703,138.0,0.0
690.6482907934079,137.0,0.0
690.655072715623,138.0,0.0
690.6559402142249,139.0,0.0
690.6592612377947,140.0,0.0
690.6618818184784,139.0,0.0
690.6627116709509,140.0,0.0
690.6731692634427,139.0,0.0
690.679837216247,138.0,0.0
690.6829345298611,139.0,0.0
690.6831767129519,138.0,0.0
690.6934962522047,139.0,0.0
690.7221116496937,140.0,0.0
690.7294325708865,139.0,0.0
690.7355607591049,140.0,0.0
690.7362758703421,141.0,0.0
690.7372246751517,142.0,0.0
690.7403254930344,143.0,0.0
690.7439438271508,144.0,0.0
690.7459486858601,145.0,0.0
690.7727032959772,144.0,0.0
690.7766447966374,143.0,0.0
690.7823109396819,144.0,0.0
690.7855165472429,145.0,0.0
690.7866435389652,144.0,0.0
690.7950761482119,145.0,0.0
690.7971951667512,144.0,0.0
690.802282695303,143.0,0.0
690.8033747476386,144.0,0.0
690.8037769578407,143.0,0.0
690.8061847082869,144.0,0.0
690.8074489960928,145.0,0.0
690.8197357256009,144.0,0.0
690.8242552100402,145.0,0.0
690.831328953818,146.0,0.0
690.8325719688055,147.0,0.0
690.8337282264733,148.0,0.0
690.8359417390274,147.0,0.0
690.8375650066293,148.0,0.0
690.8464193795197,149.0,0.0
690.8500762755059,148.0,0.0
690.8532835168959,147.0,0.0
690.8667427773375,148.0,0.0
690.8723747330071,149.0,0.0
690.8764038696082,150.0,0.0
690.8768780738545,151.0,0.0
690.8811472141937,152.0,0.0
690.8818331121578,151.0,0.0
690.8846127047796,152.0,0.0
690.8938422675906,153.0,0.0
690.8982937838883,152.0,0.0
690.9000665905168,153.0,0.0
690.9133945705933,154.0,0.0
690.9217079304887,155.0,0.0
690.9243075390036,156.0,0.0
690.9260506842452,157.0,0.0
690.9281934886664,156.0,0.0
690.9358141151959,157.0,0.0
690.9401942569202,158.0,0.0
690.942174642554,159.0,0.0
690.9429494204251,158.0,0.0
690.9552642605232,157.0,0.0
690.9585913030178,156.0,0.0
690.9617347364447,155.0,0.0
690.9655240040506,156.0,0.0
690.9720197081868,157.0,0.0
690.972626050411,156.0,0.0
690.9748311796956,157.0,0.0
690.975796324922,158.0,0.0
690.975980785569,157.0,0.0
690.9812118934653,158.0,0.0
690.9919541581703,159.0,0.0
690.9979290053069,160.0,0.0
690.9987895898366,159.0,0.0
691.0001991078051,158.0,0.0
691.0044470770027,157.0,0.0
691.0086748101601,156.0,0.0
691.0160026764311,157.0,0.0
691.0167863019982,158.0,0.0
691.0210239691385,159.0,0.0
691.0336160996958,160.0,0.0
691.0338874304431,161.0,0.0
691.0371236507435,160.0,0.0
691.0411584520589,159.0,0.0
691.045532832433,160.0,0.0
691.0462035418623,159.0,0.0
691.0566729119957,158.0,0.0
691.0617132269973,157.0,0.0
691.0633868562452,158.0,0.0
691.0651907464382,157.0,0.0
691.0677659742033,156.0,0.0
691.0717723895327,155.0,0.0
691.0770886730555,154.0,0.0
691.0786398676516,153.0,0.0
691.0794612628332,152.0,0.0
691.083644177675,153.0,0.0
691.0914978268847,154.0,0.0
691.0934314916916,155.0,0.0
691.0943237285276,156.0,0.0
691.0945648170989,157.0,0.0
691.0963336896158,156.0,0.0
691.1050733569208,155.0,0.0
691.1062536465714,156.0,0.0
691.1072337566005,157.0,0.0
691.1192923898985,156.0,0.0
691.1219678110715,157.0,0.0
691.1264305058363,156.0,0.0
691.1395970184225,157.0,0.0
691.1428364580065,158.0,0.0
691.145948081379,157.0,0.0
691.1556734455274,158.0,0.0
691.1639147394403,159.0,0.0
691.167468704133,158.0,0.0
691.1743097899817,157.0,0.0
691.1768070659427,156.0,0.0
691.1853037464019,157.0,0.0
691.1990896993384,158.0,0.0
691.200396837439,157.0,0.0
691.2064153744716,156.0,0.0
691.2122426922281,157.0,0.0
691.2171042538165,158.0,0.0
691.2188367811059,159.0,0.0
691.2307163901938,158.0,0.0
691.2307718348029,159.0,0.0
691.2462160897943,158.0,0.0
691.2463283034845,157.0,0.0
691.2503363879612,156.0,0.0
691.2514882999427,155.0,0.0
691.2559809697,154.0,0.0
691.2600007513759,155.0,0.0
691.269885670527,156.0,0.0
691.2883614131362,155.0,0.0
691.2948523737502,156.0,0.0
691.2964090971489,157.0,0.0
691.297340093445,156.0,0.0
691.2989433168079,155.0,0.0
691.3030711218003,154.0,0.0
691.3110514999523,155.0,0.0
691.3169864736067,154.0,0.0
691.3174045004404,153.0,0.0
691.3183666818638,152.0,0.0
691.32769912188,151.0,0.0
691.3308139485032,150.0,0.0
691.3361159729997,151.0,0.0
691.3361728757778,152.0,0.0
691.3424891651581,153.0,0.0
691.345468533432,152.0,0.0
691.3537207809454,151.0,0.0
691.356281445102,152.0,0.0
691.3564834057447,153.0,0.0
691.3600787376188,154.0,0.0
691.3611199140161,153.0,0.0
691.3640738835651,154.0,0.0
691.3683838576518,155.0,0.0
691.3685323595785,154.0,0.0
691.3706221009247,155.0,0.0
691.3855894934053,154.0,0.0
691.3864098410762,153.0,0.0
691.3920621523831,152.0,0.0
691.3965433123395,151.0,0.0
691.4070306854305,152.0,0.0
691.4076074806771,153.0,0.0
691.4079857320235,154.0,0.0
691.4081518670941,155.0,0.0
691.4119620455331,156.0,0.0
691.4177572237677,157.0,0.0
691.4185908719871,158.0,0.0
691.4193335517479,157.0,0.0
691.4256879754107,158.0,0.0
691.4353974880692,159.0,0.0
691.4356103573695,158.0,0.0
691.4412339923107,159.0,0.0
691.442889944245,158.0,0.0
691.4667927720551,157.0,0.0
691.4679020887136,158.0,0.0
691.4727311295072,159.0,0.0
691.4759418653161,160.0,0.0
691.4786050144501,159.0,0.0
691.4791589949995,158.0,0.0
691.4797537405119,159.0,0.0
691.4835730236961,160.0,0.0
691.4859928668994,161.0,0.0
691.4934396452392,162.0,0.0
691.4940428050428,163.0,0.0
691.4945516881515,162.0,0.0
691.5048788004522,161.0,0.0
691.5070207972456,160.0,0.0
691.5125858068877,159.0,0.0
691.5174599774575,158.0,0.0
691.5242568278379,157.0,0.0
691.5251508862997,156.0,0.0
691.5323741168244,155.0,0.0
691.5416869956263,156.0,0.0
691.5432022492097,157.0,0.0
691.5495676431697,156.0,0.0
691.5500180111842,157.0,0.0
691.5503401189235,158.0,0.0
691.550683080651,159.0,0.0
691.554878517606,160.0,0.0
691.555014409624,159.0,0.0
691.5565920098225,158.0,0.0
691.5602531573226,159.0,0.0
691.5637552968784,160.0,0.0
691.5712185540427,159.0,0.0
691.5728431733879,158.0,0.0
691.5733164265029,159.0,0.0
691.5739577223884,158.0,0.0
691.589410295981,157.0,0.0
691.5930878722718,158.0,0.0
691.5937284293398,157.0,0.0
691.5967623827064,156.0,0.0
691.5987815012113,157.0,0.0
691.604821594692,158.0,0.0
691.6089820399865,157.0,0.0
691.6140817397828,156.0,0.0
691.6145864026273,155.0,0.0
691.62346322559,154.0,0.0
691.6274122712821,153.0,0.0
691.6307985713975,152.0,0.0
691.638299869598,153.0,0.0
691.6397369626965,152.0,0.0
691.649925348691,151.0,0.0
691.652098114823,152.0,0.0
691.6542845734039,151.0,0.0
691.6592181275003,152.0,0.0
691.6601968609699,151.0,0.0
691.671467727621,150.0,0.0
691.6746768333127,149.0,0.0
691.6763132454904,148.0,0.0
691.6935479025744,149.0,0.0
691.6987758670849,148.0,0.0
691.6990302177392,149.0,0.0
691.7064243086128,150.0,0.0
691.7249728426838,149.0,0.0
691.7252152102727,148.0,0.0
691.7307120879607,149.0,0.0
691.7314836290593,148.0,0.0
691.7337342320759,147.0,0.0
691.7369413752484,148.0,0.0
691.7496626120031,147.0,0.0
691.7538622964242,148.0,0.0
691.7596111890106,149.0,0.0
691.7614330731789,150.0,0.0
691.7632305478392,149.0,0.0
691.7657651908538,148.0,0.0
691.7666510297774,147.0,0.0
691.7697801161676,146.0,0.0
691.7758179595116,145.0,0.0
691.7816667608932,144.0,0.0
691.7867528085042,143.0,0.0
691.7870517502685,144.0,0.0
691.7923698551135,143.0,0.0
691.8035525356314,144.0,0.0
691.8051517378502,143.0,0.0
691.8336692512848,142.0,0.0
691.833813633645,143.0,0.0
691.8385792666169,144.0,0.0
691.8389358137915,143.0,0.0
691.8440990412323,144.0,0.0
691.8471407334949,145.0,0.0
691.859754474125,144.0,0.0
691.8687801121005,145.0,0.0
691.8759579125557,146.0,0.0
691.8805925073398,145.0,0.0
691.8973750814548,144.0,0.0
691.9064114899153,145.0,0.0
691.9098696269582,146.0,0.0
691.9112234238778,145.0,0.0
691.9116474927331,146.0,0.0
691.9189040872345,147.0,0.0
691.9330200419529,146.0,0.0
691.9632779607426,145.0,0.0
691.9634852879178,144.0,0.0
691.9709175337771,145.0,0.0
691.9801808604328,146.0,0.0
691.9819910440723,145.0,0.0
691.9826983469636,144.0,0.0
691.9842407900323,145.0,0.0
691.9845214276061,144.0,0.0
691.9848706237199,145.0,0.0
691.9870517879341,146.0,0.0
691.9911436062001,145.0,0.0
691.9924026975618,146.0,0.0
691.9935966585766,145.0,0.0
691.9957170403087,146.0,0.0
691.9993503997129,145.0,0.0
692.0006191176511,144.0,0.0
692.0047256532896,145.0,0.0
692.0149310393803,146.0,0.0
692.0172099782658,145.0,0.0
692.0191966451671,144.0,0.0
692.0281914824008,143.0,0.0
692.0284486396953,144.0,0.0
692.0292381674712,143.0,0.0
692.0385895695922,144.0,0.0
692.0404587392495,143.0,0.0
692.0446937514996,142.0,0.0
692.0452645191033,143.0,0.0
692.0499518745515,142.0,0.0
692.0501359268122,143.0,0.0
692.060239116243,142.0,0.0
692.0734326561027,141.0,0.0
692.0736495524362,140.0,0.0
692.0748994451802,141.0,0.0
692.0775998034434,140.0,0.0
692.0804348001863,139.0,0.0
692.0890019367167,140.0,0.0
692.0964318190419,139.0,0.0
692.1101992636582,138.0,0.0
692.1111509023214,139.0,0.0
692.1206872498765,138.0,0.0
692.1209131289272,137.0,0.0
692.1292857714332,136.0,0.0
692.1320292592425,137.0,0.0
692.1419229461434,138.0,0.0
692.1464254770215,139.0,0.0
692.1471911349525,140.0,0.0
692.148857347777,139.0,0.0
692.1542071024954,140.0,0.0
692.1557573877293,139.0,0.0
692.1830945138611,140.0,0.0
692.1954807992299,139.0,0.0
692.2000665890737,140.0,0.0
692.2051084306879,141.0,0.0
692.2141916393368,140.0,0.0
692.2177036755146,141.0,0.0
692.2190033249898,142.0,0.0
692.2301611473262,141.0,0.0
692.2315228446134,142.0,0.0
692.2367493786082,143.0,0.0
692.2383130684159,142.0,0.0
692.2777943233734,141.0,0.0
692.2806833821478,142.0,0.0
692.2917587102365,141.0,0.0
692.2948699935127,142.0,0.0
692.3041669397792,141.0,0.0
692.3052697287293,142.0,0.0
692.306582225231,141.0,0.0
692.3068911747872,140.0,0.0
692.3109228752315,139.0,0.0
692.325416411584,138.0,0.0
692.326192075185,139.0,0.0
692.3320702438356,140.0,0.0
692.3339850191658,141.0,0.0
692.3418317129804,140.0,0.0
692.3456801327175,141.0,0.0
692.3566306706355,142.0,0.0
692.370010615639,143.0,0.0
692.3710463210659,142.0,0.0
692.3722811898988,141.0,0.0
692.3847914675493,140.0,0.0
692.3894666648403,139.0,0.0
692.3955236390741,140.0,0.0
692.3965607646113,139.0,0.0
692.4049364415824,140.0,0.0
692.4063905175589,141.0,0.0
692.4121467122309,140.0,0.0
692.4131589865035,139.0,0.0
692.4161516551821,138.0,0.0
692.4205468672241,137.0,0.0
692.4251167708707,138.0,0.0
692.4303800710875,137.0,0.0
692.440100446421,136.0,0.0
692.4414072406092,137.0,0.0
692.4415106268261,136.0,0.0
692.449868339625,137.0,0.0
692.4529615094414,138.0,0.0
692.4781461279906,137.0,0.0
692.4791658987757,138.0,0.0
692.5075584121043,137.0,0.0
692.5222137426455,138.0,0.0
692.5343058052048,139.0,0.0
692.5453386010536,138.0,0.0
692.569413254846,139.0,0.0
692.5715883351548,140.0,0.0
692.5827375500419,139.0,0.0
692.5905989674355,138.0,0.0
692.5955396353647,139.0,0.0
692.5956713120099,140.0,0.0
692.6033184606397,139.0,0.0
692.6092191288207,140.0,0.0
692.6273018851306,141.0,0.0
692.6275605939508,140.0,0.0
692.6355024481456,141.0,0.0
692.6363495744642,140.0,0.0
692.6377177334862,141.0,0.0
692.6433423298635,140.0,0.0
692.644364760993,141.0,0.0
692.6524208653371,140.0,0.0
692.6540747357167,139.0,0.0
692.6593361686131,138.0,0.0
692.6614274878253,139.0,0.0
692.6695664291233,138.0,0.0
692.6750567053135,137.0,0.0
692.6824697806975,138.0,0.0
692.684546829749,139.0,0.0
692.6865654581624,138.0,0.0
692.7030085661787,137.0,0.0
692.706052790699,136.0,0.0
692.7167975965222,137.0,0.0
692.719532527389,138.0,0.0
692.726924723516,139.0,0.0
692.7285536038236,140.0,0.0
692.728784405981,141.0,0.0
692.7299233400522,140.0,0.0
692.7341197229994,141.0,0.0
692.7471827498512,142.0,0.0
692.7481558870439,141.0,0.0
692.7503847262221,140.0,0.0
692.7590213896339,139.0,0.0
692.77422081939,140.0,0.0
692.780553163139,141.0,0.0
692.7827469847689,140.0,0.0
692.7850893619301,139.0,0.0
692.7994858422367,140.0,0.0
692.8006830282135,139.0,0.0
692.8031803156867,140.0,0.0
692.818264581213,139.0,0.0
692.8196168062801,140.0,0.0
692.8247196982189,141.0,0.0
692.8338923487673,142.0,0.0
692.8385578509144,141.0,0.0
692.8504760254127,142.0,0.0
692.851697828253,143.0,0.0
692.8543135849533,144.0,0.0
692.8556304796805,143.0,0.0
692.8582998592274,142.0,0.0
692.8591603873529,141.0,0.0
692.8758199447244,142.0,0.0
692.8851921280701,143.0,0.0
692.885758376829,144.0,0.0
692.8870132880874,145.0,0.0
692.8907036934255,146.0,0.0
692.8911412381958,147.0,0.0
692.8948208415629,146.0,0.0
692.9067070464293,147.0,0.0
692.9103230830812,148.0,0.0
692.9172947176536,147.0,0.0
692.9182449781316,146.0,0.0
692.9225753066427,147.0,0.0
692.9343142088064,146.0,0.0
692.9377289473958,147.0,0.0
692.9436757681087,148.0,0.0
692.9527402610613,147.0,0.0
692.953980249474,148.0,0.0
692.9696116282915,147.0,0.0
692.9741773640109,148.0,0.0
692.9786912722499,147.0,0.0
692.9842801298466,148.0,0.0
692.9866014596446,149.0,0.0
692.9902684104674,150.0,0.0
692.9909732124132,149.0,0.0
693.0056719949122,150.0,0.0
693.0229520674465,151.0,0.0
693.0297654538534,152.0,0.0
693.0313001691144,151.0,0.0
693.034573685508,150.0,0.0
693.0545004401677,149.0,0.0
693.0624539982571,148.0,0.0
693.076525791853,147.0,0.0
693.0789843687951,146.0,0.0
693.0825597827317,147.0,0.0
693.0854955300715,146.0,0.0
693.091398725869,147.0,0.0
693.0932433492194,146.0,0.0
693.1012849672755,145.0,0.0
693.1056136018182,146.0,0.0
693.1150293722699,145.0,0.0
693.1182079118594,144.0,0.0
693.12703417793,145.0,0.0
693.1323540752182,144.0,0.0
693.1339463467712,145.0,0.0
693.1398887903549,144.0,0.0
693.1504036737423,143.0,0.0
693.1506229887167,144.0,0.0
693.1535072876153,143.0,0.0
693.1591155731793,142.0,0.0
693.1635410573875,143.0,0.0
693.1764544993106,144.0,0.0
693.1800424634024,143.0,0.0
693.1843196046269,142.0,0.0
693.1913604211808,141.0,0.0
693.1915178317314,140.0,0.0
693.1962745532355,139.0,0.0
693.2001804110819,138.0,0.0
693.2096834820406,137.0,0.0
693.2107239854196,138.0,0.0
693.2129869300102,137.0,0.0
693.2156143190861,138.0,0.0
693.2160655122527,137.0,0.0
693.2251643480218,136.0,0.0
693.2302273949884,137.0,0.0
693.2369051522677,138.0,0.0
693.2390064394336,139.0,0.0
693.2416626259067,140.0,0.0
693.2577053188745,139.0,0.0
693.2605781085173,140.0,0.0
693.2655614519599,141.0,0.0
693.2664735143456,140.0,0.0
693.2723988492492,139.0,0.0
693.2737103444737,138.0,0.0
693.2790616941448,139.0,0.0
693.3025479373215,138.0,0.0
693.3136696580113,137.0,0.0
693.3144172777328,136.0,0.0
693.3228294372661,135.0,0.0
693.3229609109023,136.0,0.0
693.3230348136183,137.0,0.0
693.325976485289,136.0,0.0
693.3290523125776,135.0,0.0
693.329446770931,134.0,0.0
693.3356482607439,135.0,0.0
693.3362077108161,136.0,0.0
693.3578967398677,135.0,0.0
693.3598035440365,136.0,0.0
693.3619006181527,135.0,0.0
693.3769688290428,136.0,0.0
693.3793904248328,137.0,0.0
693.3813683081158,138.0,0.0
693.3814794116494,137.0,0.0
693.3845893506965,136.0,0.0
693.3953790144036,135.0,0.0
693.3957162894868,134.0,0.0
693.3960250915056,135.0,0.0
693.397127744068,134.0,0.0
693.3982405063416,135.0,0.0
693.4038437193606,136.0,0.0
693.40950723399,137.0,0.0
693.4267105416965,136.0,0.0
693.4375200367451,135.0,0.0
693.4422980096016,134.0,0.0
693.4436572618417,135.0,0.0
693.4468537858944,136.0,0.0
693.4503746890904,137.0,0.0
693.4674838623696,138.0,0.0
693.4808728614199,139.0,0.0
693.4996776638762,140.0,0.0
693.5042761806357,139.0,0.0
693.5161621778456,138.0,0.0
693.5196178466705,137.0,0.0
693.522189710321,136.0,0.0
693.525646767263,135.0,0.0
693.5265418871408,134.0,0.0
693.5351867192904,133.0,0.0
693.5394592499509,134.0,0.0
693.5533453928264,133.0,0.0
693.5569684076311,132.0,0.0
693.5571136928917,133.0,0.0
693.5574843369067,134.0,0.0
693.5932542823323,133.0,0.0
693.594691413316,134.0,0.0
693.5955736548342,133.0,0.0
693.6097285146153,132.0,0.0
693.6151063212227,131.0,0.0
693.617025423053,132.0,0.0
693.6195515701024,133.0,0.0
693.6235160904332,132.0,0.0
693.6257118250493,133.0,0.0
693.638234903035,134.0,0.0
693.6522996416453,133.0,0.0
693.6534295630111,132.0,0.0
693.6948307006326,133.0,0.0
693.7043419956374,134.0,0.0
693.731729509937,135.0,0.0
693.7500837997623,136.0,0.0
693.7693373274842,135.0,0.0
693.7749679747982,134.0,0.0
693.7905551381415,133.0,0.0
693.7973712298146,132.0,0.0
693.7981855282582,131.0,0.0
693.7991360251823,130.0,0.0
693.800105501807,129.0,0.0
693.8046637589725,128.0,0.0
693.8070437149146,129.0,0.0
693.8337975968961,130.0,0.0
693.8437339896906,131.0,0.0
693.8456133417736,132.0,0.0
693.8486476667904,131.0,0.0
693.8596130473492,130.0,0.0
693.8706644184172,131.0,0.0
693.871741303409,130.0,0.0
693.8775988043427,129.0,0.0
693.9011814545466,128.0,0.0
693.9256805743764,127.0,0.0
693.932048086817,126.0,0.0
693.9353531652189,125.0,0.0
693.9368153668815,124.0,0.0
693.9442082495821,123.0,0.0
693.9493083366331,122.0,0.0
693.9951567599413,121.0,0.0
693.9981821773194,120.0,0.0
694.002148778888,119.0,0.0
694.0079935945841,120.0,0.0
694.0231739859397,119.0,0.0
694.0268377732572,118.0,0.0
694.0268775462594,119.0,0.0
694.0454689658704,118.0,0.0
694.0483040213348,119.0,0.0
694.0497883574302,118.0,0.0
694.0629371414828,117.0,0.0
694.0639292757776,116.0,0.0
694.0683409777615,117.0,0.0
694.0694904285623,116.0,0.0
694.0851953660068,115.0,0.0
694.0909088948291,114.0,0.0
694.0917686729206,113.0,0.0
694.1013119441745,112.0,0.0
694.104320755376,111.0,0.0
694.1105250273789,112.0,0.0
694.1139279299754,113.0,0.0
694.1220072972743,114.0,0.0
694.127960437976,113.0,0.0
694.1286013345502,114.0,0.0
694.1366280250695,113.0,0.0
694.1375802731912,112.0,0.0
694.1610579744296,111.0,0.0
694.1650057157166,112.0,0.0
694.1713057569234,111.0,0.0
694.172231350204,110.0,0.0
694.1809671769099,109.0,0.0
694.1971680392461,110.0,0.0
694.2015693250931,109.0,0.0
694.2028394236955,108.0,0.0
694.2029166583225,109.0,0.0
694.2070646874631,108.0,0.0
694.2103841045775,107.0,0.0
694.2118759277631,106.0,0.0
694.2193278750702,107.0,0.0
694.2365133774775,108.0,0.0
694.2449687858252,109.0,0.0
694.2499524707241,108.0,0.0
694.2516889081896,107.0,0.0
694.2519705527505,106.0,0.0
694.2609299876601,107.0,0.0
694.2665250186129,106.0,0.0
694.2670113715035,105.0,0.0
694.28103356185,106.0,0.0
694.2885060566977,105.0,0.0
694.2914447208192,104.0,0.0
694.2983122335727,105.0,0.0
694.3212638315381,104.0,0.0
694.334080157114,103.0,0.0
694.3344182754485,104.0,0.0
694.3368993832731,105.0,0.0
694.3447308353728,104.0,0.0
694.3452469645257,105.0,0.0
694.349830793959,104.0,0.0
694.3619817060292,105.0,0.0
694.3653950989618,106.0,0.0
694.3703753344153,105.0,0.0
694.3984091701302,104.0,0.0
694.4019945664282,105.0,0.0
694.4041597190391,104.0,0.0
694.4073275345064,105.0,0.0
694.4129216872219,104.0,0.0
694.4200250790386,103.0,0.0
694.4275715299812,102.0,0.0
694.4509863219082,101.0,0.0
694.459409974296,102.0,0.0
694.4709266128881,103.0,0.0
694.4722944237299,102.0,0.0
694.4886604586779,101.0,0.0
694.491513403067,100.0,0.0
694.4931282827251,99.0,0.0
694.4958356630037,98.0,0.0
694.4965917757554,97.0,0.0
694.4981937077637,96.0,0.0
694.507014552164,95.0,0.0
694.5186895588764,94.0,0.0
694.5232256224378,95.0,0.0
694.5255880561565,96.0,0.0
694.5296742705577,95.0,0.0
694.5368725102329,94.0,0.0
694.5452402801952,95.0,0.0
694.5534314870783,94.0,0.0
694.5568766721645,95.0,0.0
694.5672629119342,94.0,0.0
694.5699471827452,93.0,0.0
694.5927650304048,94.0,0.0
694.6262769636586,93.0,0.0
694.6323672696917,94.0,0.0
694.6327806436868,93.0,0.0
694.6412713463707,92.0,0.0
694.6436946993526,93.0,0.0
694.6438468258506,92.0,0.0
694.6462819133546,91.0,0.0
694.6527831456491,92.0,0.0
694.6619186141673,91.0,0.0
694.6640517404044,92.0,0.0
694.6714257859605,91.0,0.0
694.6769375392983,90.0,0.0
694.6773397542485,89.0,0.0
694.6781143015819,88.0,0.0
694.696314788959,87.0,0.0
694.7079186446751,86.0,0.0
694.7095366603318,87.0,0.0
694.7095596347037,86.0,0.0
694.7098035217157,85.0,0.0
694.7120681796392,86.0,0.0
694.7176828899708,87.0,0.0
694.7440469918324,86.0,0.0
694.7510436966708,85.0,0.0
694.7582444757224,84.0,0.0
694.7805889230171,83.0,0.0
694.7810384414194,82.0,0.0
694.783934742797,81.0,0.0
694.784116131718,80.0,0.0
694.7845095371636,79.0,0.0
694.8138008937183,80.0,0.0
694.8201327389062,79.0,0.0
694.8203744269885,78.0,0.0
694.8207846920694,79.0,0.0
694.8249014114774,80.0,0.0
694.845931231861,81.0,0.0
694.8480542072733,82.0,0.0
694.8515220184072,83.0,0.0
694.8632173387257,82.0,0.0
694.8654038937848,81.0,0.0
694.8859303694979,80.0,0.0
694.8890844106566,79.0,0.0
694.9139800702808,80.0,0.0
694.9204145511715,81.0,0.0
694.9329030533432,80.0,0.0
694.9382638969522,79.0,0.0
694.9410232069966,78.0,0.0
694.9417968627594,77.0,0.0
694.9455487874352,76.0,0.0
694.9669045081058,77.0,0.0
694.980928081853,76.0,0.0
694.982466055492,75.0,0.0
694.9940719781825,74.0,0.0
694.9948096528873,73.0,0.0
694.9958045810297,72.0,0.0
695.0128696111907,71.0,0.0
695.0209560615166,70.0,0.0
695.0237400543573,69.0,0.0
695.0364898562259,68.0,0.0
695.0366778647133,69.0,0.0
695.0489961375876,70.0,0.0
695.054563300261,69.0,0.0
695.0682033870946,70.0,0.0
695.0771286011455,69.0,0.0
695.0838392893161,68.0,0.0
695.0931666048431,67.0,0.0
695.1006443103734,66.0,0.0
695.1015837633569,67.0,0.0
695.1146297515828,66.0,0.0
695.116938930853,67.0,0.0
695.1214599812877,66.0,0.0
695.12258629277,65.0,0.0
695.1256396108538,64.0,0.0
695.1308826071366,63.0,0.0
695.1332956004526,62.0,0.0
695.1358665442795,61.0,0.0
695.1410093557915,60.0,0.0
695.1433168608705,59.0,0.0
695.1482491689045,58.0,0.0
695.1588309056689,57.0,0.0
695.1688298411523,58.0,0.0
695.1804063402618,59.0,0.0
695.1999303136821,58.0,0.0
695.2020394189833,57.0,0.0
695.2038535302391,56.0,0.0
695.2065284513485,55.0,0.0
695.2134402603958,54.0,0.0
695.2343933260117,53.0,0.0
695.2354898398778,52.0,0.0
695.2741687843427,53.0,0.0
695.281140555732,54.0,0.0
695.2844631673504,53.0,0.0
695.2874424854904,52.0,0.0
695.2912488668853,51.0,0.0
695.3129174675676,52.0,0.0
695.3141957471831,53.0,0.0
695.3211093420023,52.0,0.0
695.3238611803104,53.0,0.0
695.3428958886249,54.0,0.0
695.3585473661095,53.0,0.0
695.3592286261696,52.0,0.0
695.3598357086383,51.0,0.0
695.3783813820012,50.0,0.0
695.3894271384827,49.0,0.0
695.3901007584215,48.0,0.0
695.3903142982391,47.0,0.0
695.3928625407124,46.0,0.0
695.394626715401,45.0,0.0
695.3994081286128,44.0,0.0
695.4013149477516,43.0,0.0
695.4069161661234,42.0,0.0
695.4129023917632,41.0,0.0
695.4274693478409,40.0,0.0
695.4322041429688,41.0,0.0
695.4396529054004,40.0,0.0
695.4423261885055,39.0,0.0
695.4437680394077,38.0,0.0
695.4488078827998,39.0,0.0
695.462599350399,38.0,0.0
695.4725475980869,39.0,0.0
695.4823837060103,38.0,0.0
695.4869197760032,37.0,0.0
695.4869967499785,36.0,0.0
695.4885870490633,35.0,0.0
695.4893969857557,36.0,0.0
695.5011807292235,35.0,0.0
695.5082120268185,36.0,0.0
695.5102688049749,35.0,0.0
695.5200519701176,34.0,0.0
695.5217719519883,33.0,0.0
695.5294388223581,32.0,0.0
695.5416137776907,31.0,0.0
695.5448919262541,30.0,0.0
695.5449293921185,29.0,0.0
695.569968407577,28.0,0.0
695.5851680560728,27.0,0.0
695.6138088604953,26.0,0.0
695.6377476774927,25.0,0.0
695.6498866129898,26.0,0.0
695.6512460687999,25.0,0.0
695.6609378351736,24.0,0.0
695.6631462275727,25.0,0.0
695.6639973029197,24.0,0.0
695.6722004306783,23.0,0.0
695.7024245014378,22.0,0.0
695.7181861503092,23.0,0.0
695.7427105365566,22.0,0.0
695.7709566059746,21.0,0.0
695.7760317979499,20.0,0.0
695.7864741400197,19.0,0.0
695.7908648875598,18.0,0.0
695.7908651231949,17.0,0.0
695.8023049270415,16.0,0.0
695.8046768122678,17.0,0.0
695.8164692570994,16.0,0.0
695.8179891639954,15.0,0.0
695.8360505444812,14.0,0.0
695.8546201962121,13.0,0.0
695.8556504339161,12.0,0.0
695.877021038583,11.0,0.0
695.8773541161548,12.0,0.0
695.8822043537093,13.0,0.0
695.884103468913,12.0,0.0
695.8876405161349,13.0,0.0
695.9240085091986,12.0,0.0
695.9737372295895,11.0,0.0
695.9756699136029,10.0,0.0
695.978733926441,9.0,0.0
695.979682969285,8.0,0.0
695.9880805325541,7.0,0.0
696.0085250025354,6.0,0.0
696.0538211198852,5.0,0.0
696.0618122332368,4.0,0.0
696.0634762224422,3.0,0.0
696.0744894758045,4.0,0.0
696.0803615681871,3.0,0.0
696.1143802917607,2.0,0.0
696.1267508447987,3.0,0.0
696.1444868750377,2.0,0.0
696.1607304423178,1.0,0.0
696.2142215047038,2.0,0.0
696.2562752605318,1.0,0.0
696.2616600536235,0.0,0.0
696.3111252491964,1.0,0.0
696.3133171891484,2.0,0.0
696.3165366320015,3.0,0.0
696.3244108586044,2.0,0.0
696.3465793402789,1.0,0.0
696.3784999255747,2.0,0.0
696.3898782643538,1.0,0.0
696.4278525509626,0.0,0.0
696.5191478550479,1.0,0.0
696.553140782479,0.0,0.0
696.6083678477949,1.0,0.0
696.6166305218956,0.0,0.0
696.6530393451137,1.0,0.0
696.6564769968592,0.0,0.0
696.657074612808,1.0,0.0
696.6698716356725,0.0,0.0
696.6793821646244,1.0,0.0
696.6896513295655,0.0,0.0
696.6904550764069,1.0,0.0
696.7020062186417,2.0,0.0
696.7048557913689,1.0,0.0
696.7069179788131,2.0,0.0
696.7090591529966,1.0,0.0
696.7155964243618,0.0,0.0
696.7771274231337,1.0,0.0
696.784650713301,0.0,0.0
696.7927371720406,1.0,0.0
696.809753944596,0.0,0.0
696.8139565905294,1.0,0.0
696.815154194862,2.0,0.0
696.8362516305536,3.0,0.0
696.8374904138875,2.0,0.0
696.8462484202304,1.0,0.0
696.8783148862361,2.0,0.0
696.8872866064644,3.0,0.0
696.8961102784652,4.0,0.0
696.9142841448296,5.0,0.0
696.9417634854263,4.0,0.0
696.9445292816092,3.0,0.0
696.9470533651619,4.0,0.0
696.9577811647416,3.0,0.0
696.972785444788,2.0,0.0
696.9783818000922,1.0,0.0
697.0008395465334,0.0,0.0
697.0988441495934,1.0,0.0
697.1009191166041,2.0,0.0
697.1316123576903,1.0,0.0
697.1332356148746,0.0,0.0
697.2342932959667,1.0,0.0
697.2394085611895,0.0,0.0
697.2944205627196,1.0,0.0
697.3000870480387,0.0,0.0
697.3267666268968,1.0,0.0
697.3311814199402,0.0,0.0
697.3624304433885,1.0,0.0
697.3662144122909,2.0,0.0
697.3757322458969,3.0,0.0
697.4296918718436,2.0,0.0
697.4329818745167,1.0,0.0
697.4442526887472,0.0,0.0
697.4610510816283,1.0,0.0
697.4710126258565,0.0,0.0
697.5021261172394,1.0,0.0
697.5272043030237,2.0,0.0
697.5280387093486,1.0,0.0
697.5606727228285,0.0,0.0
697.5641871323453,1.0,0.0
697.6079558646381,0.0,0.0
697.6214981184529,1.0,0.0
697.638159697302,2.0,0.0
697.6984399266438,3.0,0.0
697.7000921090948,4.0,0.0
697.7146539882546,5.0,0.0
697.7447844410196,4.0,0.0
697.7639545054361,3.0,0.0
697.7730518992362,4.0,0.0
697.7754056366065,3.0,0.0
697.7812028907515,2.0,0.0
697.7858005690965,1.0,0.0
697.7940970287433,2.0,0.0
697.8585149649467,1.0,0.0
697.9071966424299,2.0,0.0
697.9077189185825,1.0,0.0
697.9177997115045,2.0,0.0
697.9199861639041,1.0,0.0
697.9390906256964,2.0,0.0
697.9524336179169,1.0,0.0
697.9582013997317,2.0,0.0
697.9623107356842,3.0,0.0
697.9656090585227,4.0,0.0
697.9673596874984,3.0,0.0
697.9685121221926,2.0,0.0
697.971468334879,1.0,0.0
697.9780042940199,2.0,0.0
697.9879944269012,3.0,0.0
697.9919360060053,2.0,0.0
698.0100517292449,1.0,0.0
698.04120072382,0.0,0.0
698.0670490876184,1.0,0.0
698.0858206125234,0.0,0.0
698.090566581288,1.0,0.0
698.0940911326921,0.0,0.0
698.1263434360969,1.0,0.0
698.1272387070504,2.0,0.0
698.1420457788377,1.0,0.0
698.1481070753428,0.0,0.0
698.1785942944566,1.0,0.0
698.1797021332795,0.0,0.0
698.2498389251145,1.0,0.0
698.2528554694986,0.0,0.0
698.2771209230036,1.0,0.0
698.2869133851678,0.0,0.0
698.4582550501766,1.0,0.0
698.4709682450327,0.0,0.0
698.4720874124861,1.0,0.0
698.4775377278403,0.0,0.0
698.4935126712788,1.0,0.0
698.5045941948922,0.0,0.0
698.54463437505,1.0,0.0
698.5955128137168,0.0,0.0
698.6309653063466,1.0,0.0
698.6504713732471,2.0,0.0
698.690730616893,1.0,0.0
698.7150603931153,0.0,0.0
698.7176297581537,1.0,0.0
698.7225515720446,0.0,0.0
698.7918297665816,1.0,0.0
698.798018502362,0.0,0.0
698.9370479008539,1.0,0.0
698.97965758566,0.0,0.0
698.9963320194992,1.0,0.0
699.0142305936869,0.0,0.0
699.0697335043263,1.0,0.0
699.0827175573744,0.0,0.0
699.1197856315162,1.0,0.0
699.1283605123202,0.0,0.0
699.1532370462354,1.0,0.0
699.1607760910659,2.0,0.0
699.1634605839063,1.0,0.0
699.1751502707714,0.0,0.0
699.2432416336558,1.0,0.0
699.247611234088,0.0,0.0
699.2694537878948,1.0,0.0
699.2860848507956,0.0,0.0
699.302104199107,1.0,0.0
699.3203649859223,2.0,0.0
699.3513784081213,3.0,0.0
699.3529019219799,2.0,0.0
699.3550619811276,3.0,0.0
699.3685746155413,4.0,0.0
699.3691059425271,3.0,0.0
699.3812628067238,2.0,0.0
699.3927242577611,1.0,0.0
699.4382591559172,0.0,0.0
699.4771872122218,1.0,0.0
699.4814648204706,2.0,0.0
699.5188666912434,1.0,0.0
699.5307590604592,2.0,0.0
699.5555320122503,1.0,0.0
699.5562496451487,2.0,0.0
699.5745583192829,1.0,0.0
699.5765780419295,2.0,0.0
699.583129730516,3.0,0.0
699.5877280041235,2.0,0.0
699.5986399383088,1.0,0.0
699.6050890726901,2.0,0.0
699.610980859692,1.0,0.0
699.6121116237125,2.0,0.0
699.6355022412448,3.0,0.0
699.6361903839751,2.0,0.0
699.6395699904864,3.0,0.0
699.6494414926086,2.0,0.0
699.6744575594167,1.0,0.0
699.6784592078233,0.0,0.0
699.6915320144593,1.0,0.0
699.6978209603727,0.0,0.0
699.7194096374664,1.0,0.0
699.7226407349982,0.0,0.0
699.7300335649251,1.0,0.0
699.7511519482705,0.0,0.0
699.7943890773148,1.0,0.0
699.8592200968076,2.0,0.0
699.8660039737293,1.0,0.0
699.8702826403253,2.0,0.0
699.872918686078,1.0,0.0
699.8870524696575,2.0,0.0
699.8919756741408,1.0,0.0
699.8921888100376,2.0,0.0
699.9004889677325,1.0,0.0
699.9022394878531,2.0,0.0
699.9036165438765,3.0,0.0
699.9135480407815,4.0,0.0
699.9148212892129,3.0,0.0
699.9199213514917,4.0,0.0
699.9204278350181,5.0,0.0
699.9334627381963,4.0,0.0
699.9424393179718,3.0,0.0
699.9569971026855,2.0,0.0
699.9755128859526,3.0,0.0
700.0710147776584,2.0,0.0
700.083083905726,3.0,0.0
700.0861401431159,4.0,0.0
700.0896872758294,3.0,0.0
700.0960905879107,2.0,0.0
700.1012170261712,1.0,0.0
700.115393066594,2.0,0.0
700.1198324316078,3.0,0.0
700.1222676801227,2.0,0.0
700.1239707991416,1.0,0.0
700.1780633802833,2.0,0.0
700.1789875698405,1.0,0.0
700.1827181383372,2.0,0.0
700.191676209051,1.0,0.0
700.2040658369191,2.0,0.0
700.2289251849103,3.0,0.0
700.2314251763545,2.0,0.0
700.2371534188829,1.0,0.0
700.2559414810983,2.0,0.0
700.2652429643828,1.0,0.0
700.2729103222372,2.0,0.0
700.2734194831133,1.0,0.0
700.2788667122269,2.0,0.0
700.2792201337121,3.0,0.0
700.2918246818259,4.0,0.0
700.2969366088331,3.0,0.0
700.3175131688208,2.0,0.0
700.3218190682085,3.0,0.0
700.3231453337448,2.0,0.0
700.3291623095314,1.0,0.0
700.3296670059432,2.0,0.0
700.3314651902459,1.0,0.0
700.3360255424174,2.0,0.0
700.3400928948623,1.0,0.0
700.3657905852053,0.0,0.0
700.3701269451842,1.0,0.0
700.3843209417762,2.0,0.0
700.410165778086,3.0,0.0
700.4165287127961,4.0,0.0
700.4215038667872,5.0,0.0
700.4418033778303,4.0,0.0
700.4485406351645,3.0,0.0
700.4502566274117,2.0,0.0
700.4513131392424,3.0,0.0
700.4550875058519,2.0,0.0
700.4581227223913,3.0,0.0
700.4680578593972,4.0,0.0
700.4895328029343,5.0,0.0
700.4934585689136,4.0,0.0
700.4960591132923,5.0,0.0
700.4976795484912,4.0,0.0
700.5043099416973,3.0,0.0
700.5128996804639,2.0,0.0
700.5341689925824,3.0,0.0
700.5502680502244,4.0,0.0
700.576768534602,5.0,0.0
700.5961545703872,4.0,0.0
700.6005074008425,3.0,0.0
700.6138843300415,4.0,0.0
700.6227763491313,3.0,0.0
700.6233551991771,4.0,0.0
700.6287214990573,5.0,0.0
700.6310957249196,6.0,0.0
700.6323415554643,5.0,0.0
700.6387827301008,4.0,0.0
700.6435534401497,5.0,0.0
700.6577571060353,4.0,0.0
700.660444296431,5.0,0.0
700.6637496282801,4.0,0.0
700.6855069847438,3.0,0.0
700.7031063683719,2.0,0.0
700.7155368668477,3.0,0.0
700.7287777899218,2.0,0.0
700.7299879653013,1.0,0.0
700.7378237798615,0.0,0.0
700.7402260823802,1.0,0.0
700.7417339328869,0.0,0.0
700.7474206127202,1.0,0.0
700.7565972246155,2.0,0.0
700.7591479999578,3.0,0.0
700.771849602424,4.0,0.0
700.772356478205,3.0,0.0
700.7723613123646,2.0,0.0
700.773306685495,3.0,0.0
700.7944179950032,4.0,0.0
700.8044534812375,3.0,0.0
700.8061851610607,2.0,0.0
700.8104826608536,1.0,0.0
700.8143161711625,2.0,0.0
700.8198912097175,1.0,0.0
700.8263359905529,2.0,0.0
700.839117552555,1.0,0.0
700.8395839606935,2.0,0.0
700.8418035699794,1.0,0.0
700.8491355128931,0.0,0.0
700.8684519121164,1.0,0.0
700.8690205723793,2.0,0.0
700.8886009407006,3.0,0.0
700.8886922698844,4.0,0.0
700.8919712057822,3.0,0.0
700.8919783070277,2.0,0.0
700.9025824044159,1.0,0.0
700.9048799078143,0.0,0.0
700.9260401485507,1.0,0.0
700.9407357716766,0.0,0.0
700.942418154623,1.0,0.0
700.9470656458985,2.0,0.0
700.9595779969846,3.0,0.0
700.9743074632984,2.0,0.0
700.9770438979924,3.0,0.0
700.9808024031618,4.0,0.0
700.9859086943202,3.0,0.0
701.0042873050626,4.0,0.0
701.0066619863836,3.0,0.0
701.0079593927284,4.0,0.0
701.0192696799476,5.0,0.0
701.0204120037928,6.0,0.0
701.0244433088892,7.0,0.0
701.0372340817047,8.0,0.0
701.0406882327334,9.0,0.0
701.0477032516598,8.0,0.0
701.0528350513644,7.0,0.0
701.0591705924767,8.0,0.0
701.0640255751886,9.0,0.0
701.0679266420863,8.0,0.0
701.07432338027,7.0,0.0
701.0752873452493,6.0,0.0
701.0771813058091,5.0,0.0
701.0833710748043,6.0,0.0
701.1224125966226,5.0,0.0
701.1240522579659,4.0,0.0
701.15187037624,3.0,0.0
701.1663303261521,4.0,0.0
701.1730215550282,3.0,0.0
701.1763699924675,2.0,0.0
701.1787388483639,1.0,0.0
701.1820101540527,0.0,0.0
701.1864021555788,1.0,0.0
701.2064762589166,2.0,0.0
701.2171835081251,1.0,0.0
701.2190574570614,0.0,0.0
701.2583090548536,1.0,0.0
701.2621134887098,2.0,0.0
701.2680206560829,1.0,0.0
701.2893074918055,2.0,0.0
701.2942241380988,3.0,0.0
701.2947801073726,4.0,0.0
701.2981111394736,3.0,0.0
701.31666468309,4.0,0.0
701.3275826514506,3.0,0.0
701.3639693582905,4.0,0.0
701.3883776644582,3.0,0.0
701.3942039764199,4.0,0.0
701.4009641950005,3.0,0.0
701.4134824917687,2.0,0.0
701.4144878474461,1.0,0.0
701.4304568091937,0.0,0.0
701.4360218413707,1.0,0.0
701.4434452167036,2.0,0.0
701.4491246853673,3.0,0.0
701.465786321316,2.0,0.0
701.4660866747371,3.0,0.0
701.4793504232775,2.0,0.0
701.4797531377203,3.0,0.0
701.4919609440843,2.0,0.0
701.49256029604,1.0,0.0
701.5114813470476,0.0,0.0
701.5152109936948,1.0,0.0
701.5235109695321,0.0,0.0
701.5765023425892,1.0,0.0
701.6032759033632,2.0,0.0
701.6100640334112,1.0,0.0
701.6343497542324,0.0,0.0
701.639337427142,1.0,0.0
701.6394324644206,0.0,0.0
701.6610416619093,1.0,0.0
701.6660557680391,2.0,0.0
701.6713771453267,3.0,0.0
701.6765148401813,4.0,0.0
701.6894577053199,5.0,0.0
701.6991083360736,4.0,0.0
701.7070957452913,5.0,0.0
701.709448365667,4.0,0.0
701.7109060442514,3.0,0.0
701.7133046223761,4.0,0.0
701.7150445482059,5.0,0.0
701.7420790857387,4.0,0.0
701.7483180513487,5.0,0.0
701.7658439814086,4.0,0.0
701.7724286067835,3.0,0.0
701.7866915011206,4.0,0.0
701.7883970186215,5.0,0.0
701.7912393393282,4.0,0.0
701.7962402101087,5.0,0.0
701.7999841392386,6.0,0.0
701.8034290983777,7.0,0.0
701.8137164318465,8.0,0.0
701.819311408749,9.0,0.0
701.8255894270795,10.0,0.0
701.8284334166107,9.0,0.0
701.8414408148766,10.0,0.0
701.8561881902967,9.0,0.0
701.8597380328381,8.0,0.0
701.8653880296264,9.0,0.0
701.867683285836,10.0,0.0
701.8717588450162,9.0,0.0
701.8724173282505,10.0,0.0
701.8982844782852,9.0,0.0
701.9051041122715,10.0,0.0
701.9061322777823,9.0,0.0
701.9070112143047,8.0,0.0
701.9078468384104,7.0,0.0
701.9315453764677,6.0,0.0
701.9319298409796,5.0,0.0
701.9383153963751,4.0,0.0
701.9388663036216,3.0,0.0
701.9446633640181,4.0,0.0
701.9488596874394,5.0,0.0
701.9509414660394,4.0,0.0
701.9513316216743,3.0,0.0
701.952712482902,4.0,0.0
701.9527495219529,3.0,0.0
701.9556899257902,4.0,0.0
701.9677748881007,5.0,0.0
701.9838413561446,6.0,0.0
701.9901578815158,7.0,0.0
701.9918586815428,8.0,0.0
701.9966388948857,7.0,0.0
702.0023893482127,8.0,0.0
702.0032919893174,9.0,0.0
702.0085327827896,10.0,0.0
702.0122876590237,9.0,0.0
702.0133386089029,10.0,0.0
702.0162436387373,9.0,0.0
702.0376393880151,10.0,0.0
702.0482430439827,9.0,0.0
702.0524986319449,10.0,0.0
702.0571818506372,11.0,0.0
702.0574940515739,10.0,0.0
702.05758001524,9.0,0.0
702.0604427855804,10.0,0.0
702.0723876089414,11.0,0.0
702.0733049173676,12.0,0.0
702.0747612754799,13.0,0.0
702.0750789090927,14.0,0.0
702.0845631235876,15.0,0.0
702.0869352778851,16.0,0.0
702.1027652251449,15.0,0.0
702.1135399834304,14.0,0.0
702.1156562672946,15.0,0.0
702.12253253135,16.0,0.0
702.128821423414,17.0,0.0
702.1310457586272,18.0,0.0
702.1319706730585,17.0,0.0
702.1328684478059,18.0,0.0
702.1332992565167,19.0,0.0
702.1354362147276,20.0,0.0
702.1436867939981,21.0,0.0
702.145821096697,22.0,0.0
702.1525725488202,21.0,0.0
702.1532815993103,20.0,0.0
702.1541434873344,21.0,0.0
702.1563048514442,20.0,0.0
702.1618094892445,21.0,0.0
702.1708180818288,20.0,0.0
702.1713589124824,21.0,0.0
702.1722796296052,20.0,0.0
702.1763393068464,19.0,0.0
702.1807053584001,20.0,0.0
702.1893478813273,21.0,0.0
702.1941430662084,22.0,0.0
702.2014554278785,23.0,0.0
702.2082593734267,24.0,0.0
702.2157815863242,23.0,0.0
702.2263127575815,24.0,0.0
702.2399833914703,25.0,0.0
702.2499057455235,24.0,0.0
702.2511978530879,23.0,0.0
702.2535303308935,24.0,0.0
702.2575792082346,25.0,0.0
702.2607227638321,26.0,0.0
702.2681349689542,27.0,0.0
702.2745195377171,28.0,0.0
702.276327123674,27.0,0.0
702.2783785269587,26.0,0.0
702.2811538827026,27.0,0.0
702.2817855656301,26.0,0.0
702.2838403765932,27.0,0.0
702.2858382693188,26.0,0.0
702.311719390559,27.0,0.0
702.3173116297374,28.0,0.0
702.3189728613463,29.0,0.0
702.3189955410621,30.0,0.0
702.3322850205911,29.0,0.0
702.339226475838,28.0,0.0
702.3394884283537,29.0,0.0
702.3533508252459,30.0,0.0
702.3606462609796,29.0,0.0
702.3670106270803,30.0,0.0
702.3845257208483,29.0,0.0
702.4022173419407,30.0,0.0
702.4112007828356,31.0,0.0
702.4149975310719,30.0,0.0
702.4162684820516,31.0,0.0
702.419248914639,32.0,0.0
702.4245391502718,31.0,0.0
702.428439222945,30.0,0.0
702.4464150824699,29.0,0.0
702.4498215770974,28.0,0.0
702.4555717152149,29.0,0.0
702.4557577088508,30.0,0.0
702.4648137061222,31.0,0.0
702.4690236885016,32.0,0.0
702.4708369079752,33.0,0.0
702.4721734794284,32.0,0.0
702.4752561669875,31.0,0.0
702.4812093646053,32.0,0.0
702.4905114267439,33.0,0.0
702.4933567354394,34.0,0.0
702.5012226973028,35.0,0.0
702.5153072972159,34.0,0.0
702.5159436717502,33.0,0.0
702.5162117186845,32.0,0.0
702.5170212188991,31.0,0.0
702.520023274501,32.0,0.0
702.5415763429166,33.0,0.0
702.5431241031177,34.0,0.0
702.5449628605893,33.0,0.0
702.5492330390052,32.0,0.0
702.5498811029573,33.0,0.0
702.5509344853269,32.0,0.0
702.5538839704766,33.0,0.0
702.5647792870363,34.0,0.0
702.566990216946,35.0,0.0
702.5708028088117,36.0,0.0
702.5822019926051,37.0,0.0
702.5828132755237,36.0,0.0
702.5983661563988,37.0,0.0
702.5989459688477,38.0,0.0
702.603499794203,37.0,0.0
702.6093475547857,38.0,0.0
702.610592435373,37.0,0.0
702.6162351114062,38.0,0.0
702.6182106149862,39.0,0.0
702.6194584812648,38.0,0.0
702.6214026607404,37.0,0.0
702.6259853010278,38.0,0.0
702.638677489335,39.0,0.0
702.6481984970085,38.0,0.0
702.6576189129582,37.0,0.0
702.6579770845367,38.0,0.0
702.65891992706,39.0,0.0
702.6622638411179,40.0,0.0
702.6637772295072,41.0,0.0
702.6678640244164,42.0,0.0
702.6824837806085,43.0,0.0
702.6833159618274,44.0,0.0
702.687365454729,45.0,0.0
702.7066220635679,46.0,0.0
702.7111930356393,45.0,0.0
702.7175221762416,46.0,0.0
702.7181931818242,45.0,0.0
702.7330829374575,44.0,0.0
702.7343515114645,45.0,0.0
702.7366714009138,46.0,0.0
702.7375387899923,47.0,0.0
702.7435595402794,48.0,0.0
702.7443534364052,49.0,0.0
702.7524671509254,50.0,0.0
702.7544725455914,49.0,0.0
702.7583191955106,48.0,0.0
702.7715868731708,49.0,0.0
702.7746098761451,50.0,0.0
702.7757798668584,51.0,0.0
702.7832113546397,50.0,0.0
702.7834759775839,51.0,0.0
702.7846562099128,52.0,0.0
702.7865722209309,51.0,0.0
702.7956370296936,50.0,0.0
702.8009993032001,49.0,0.0
702.8058389604337,50.0,0.0
702.812124646215,51.0,0.0
702.8147350522345,52.0,0.0
702.8158039164858,53.0,0.0
702.8265704010685,52.0,0.0
702.8329852104114,53.0,0.0
702.8334677783723,54.0,0.0
702.8365552143323,55.0,0.0
702.8434340994535,54.0,0.0
702.843561453809,55.0,0.0
702.8509651110111,54.0,0.0
702.8516257523727,55.0,0.0
702.8519557265905,56.0,0.0
702.8521975868138,57.0,0.0
702.8559160388096,56.0,0.0
702.8576211270055,55.0,0.0
702.8629669941793,56.0,0.0
702.8660483509396,55.0,0.0
702.8693663677217,54.0,0.0
702.8703352037433,53.0,0.0
702.8731016288716,54.0,0.0
702.8738541358691,55.0,0.0
702.8801625944091,54.0,0.0
702.8801938006518,55.0,0.0
702.8802697821434,56.0,0.0
702.8824230400683,57.0,0.0
702.8827865759946,56.0,0.0
702.8842346879857,55.0,0.0
702.8867214169632,54.0,0.0
702.8887148238227,53.0,0.0
702.8961148213273,54.0,0.0
702.9134335406196,55.0,0.0
702.9150322171746,56.0,0.0
702.9189362084704,55.0,0.0
702.9228405666463,54.0,0.0
702.92521889364,53.0,0.0
702.9311144050437,54.0,0.0
702.9324796952948,55.0,0.0
702.9366569790868,54.0,0.0
702.9378078262577,55.0,0.0
702.9399057451647,56.0,0.0
702.9403079636182,57.0,0.0
702.9445628092351,58.0,0.0
702.9579291104103,59.0,0.0
702.966072542546,58.0,0.0
702.9710887302031,59.0,0.0
702.9821723159504,60.0,0.0
702.9835692831598,59.0,0.0
702.9837847650009,58.0,0.0
702.9899172193153,57.0,0.0
702.9905780121544,56.0,0.0
703.000204208576,55.0,0.0
703.0019098710342,54.0,0.0
703.0052141089232,55.0,0.0
703.0092924833519,56.0,0.0
703.0093992586349,57.0,0.0
703.0118118618724,58.0,0.0
703.0235026451622,57.0,0.0
703.0292904581854,56.0,0.0
703.0320973135861,57.0,0.0
703.0338193955008,58.0,0.0
703.0386915335706,57.0,0.0
703.061087018569,56.0,0.0
703.0649104512654,57.0,0.0
703.0779083328196,58.0,0.0
703.0783711843529,59.0,0.0
703.1010711710188,60.0,0.0
703.1049655041037,61.0,0.0
703.1075863494675,60.0,0.0
703.1105892546215,61.0,0.0
703.1218751774737,60.0,0.0
703.1386314136358,59.0,0.0
703.1443308503822,60.0,0.0
703.1488661823589,61.0,0.0
703.1489087336518,60.0,0.0
703.1567174717028,59.0,0.0
703.1683131303386,58.0,0.0
703.1779207621579,59.0,0.0
703.1824317307209,60.0,0.0
703.1840239617817,61.0,0.0
703.1846071612616,60.0,0.0
703.1950045478595,59.0,0.0
703.1977180564942,60.0,0.0
703.2002384505099,59.0,0.0
703.2076754272039,60.0,0.0
703.2119895102758,61.0,0.0
703.2256573096105,62.0,0.0
703.2469989885511,63.0,0.0
703.2578873061414,64.0,0.0
703.2636149525298,65.0,0.0
703.2656935985116,66.0,0.0
703.2678737878304,65.0,0.0
703.2698732155081,64.0,0.0
703.2710007087896,65.0,0.0
703.2725218051844,64.0,0.0
703.2894713589906,63.0,0.0
703.2909347785225,64.0,0.0
703.2933941338192,65.0,0.0
703.2964655673536,64.0,0.0
703.3035760211866,63.0,0.0
703.3108893033022,64.0,0.0
703.3109290737314,63.0,0.0
703.3141135156824,64.0,0.0
703.3291467844333,65.0,0.0
703.3376384647856,64.0,0.0
703.3403336721717,65.0,0.0
703.3461563150183,66.0,0.0
703.3490010905462,67.0,0.0
703.364197122581,68.0,0.0
703.3660240671675,67.0,0.0
703.376294184682,68.0,0.0
703.3795414266897,67.0,0.0
703.3801569555505,68.0,0.0
703.3827390384146,67.0,0.0
703.3842081566294,68.0,0.0
703.3849377103246,69.0,0.0
703.3860607678996,70.0,0.0
703.3902253524519,71.0,0.0
703.3932188831337,72.0,0.0
703.4079374179028,71.0,0.0
703.4139252648008,72.0,0.0
703.4234739547207,73.0,0.0
703.4351266499763,74.0,0.0
703.4382436428547,75.0,0.0
703.4398057136821,74.0,0.0
703.4414291041377,73.0,0.0
703.4448879787319,74.0,0.0
703.4464113068661,75.0,0.0
703.4540847014267,76.0,0.0
703.4563740277314,77.0,0.0
703.4631116350894,78.0,0.0
703.4720871403814,77.0,0.0
703.4819018745554,76.0,0.0
703.4863031622164,75.0,0.0
703.48990404628,74.0,0.0
703.4921776909972,75.0,0.0
703.4986126531229,76.0,0.0
703.5119351510157,77.0,0.0
703.5304837824438,76.0,0.0
703.5438440216069,75.0,0.0
703.5530355572648,76.0,0.0
703.5555648706787,77.0,0.0
703.5654531763622,78.0,0.0
703.5676946095671,77.0,0.0
703.5983578108887,76.0,0.0
703.601392003438,77.0,0.0
703.6017776110564,78.0,0.0
703.6027727258727,79.0,0.0
703.6077589177261,78.0,0.0
703.6107771757711,79.0,0.0
703.6171806713952,78.0,0.0
703.620725533527,79.0,0.0
703.6259265058167,80.0,0.0
703.6330301297927,81.0,0.0
703.644711841238,80.0,0.0
703.6449255703357,81.0,0.0
703.6570183408408,82.0,0.0
703.660060334047,83.0,0.0
703.6638154341533,84.0,0.0
703.6712022167374,85.0,0.0
703.6734213666588,86.0,0.0
703.6764972245692,85.0,0.0
703.680246248744,84.0,0.0
703.6826914557934,85.0,0.0
703.6873533680783,86.0,0.0
703.6873663279534,85.0,0.0
703.6882479510676,86.0,0.0
703.6888602429173,87.0,0.0
703.6947829220953,88.0,0.0
703.6974237775837,89.0,0.0
703.7007382991072,88.0,0.0
703.7008895392241,89.0,0.0
703.7067771211441,90.0,0.0
703.7077488605942,91.0,0.0
703.7191925841732,92.0,0.0
703.7205616684927,93.0,0.0
703.7231769340199,94.0,0.0
703.7259863629085,93.0,0.0
703.727719949406,92.0,0.0
703.7345070938527,93.0,0.0
703.7347612870396,92.0,0.0
703.7428006056776,91.0,0.0
703.7443184954335,90.0,0.0
703.7461014983279,91.0,0.0
703.7601779988596,92.0,0.0
703.7810870363166,93.0,0.0
703.7840011690182,94.0,0.0
703.7913485964511,95.0,0.0
703.8019838013769,96.0,0.0
703.8059491966758,95.0,0.0
703.8171866977316,94.0,0.0
703.8198425719014,95.0,0.0
703.8225704158939,96.0,0.0
703.822905268465,97.0,0.0
703.8266241561412,96.0,0.0
703.8270018024075,97.0,0.0
703.8279000116768,98.0,0.0
703.829946371578,99.0,0.0
703.8312425126412,100.0,0.0
703.8328426576724,99.0,0.0
703.8330108359919,100.0,0.0
703.833868333067,101.0,0.0
703.834972968608,102.0,0.0
703.8351865733339,101.0,0.0
703.8358992802475,102.0,0.0
703.8387309256759,101.0,0.0
703.8472678918148,100.0,0.0
703.8606974554962,101.0,0.0
703.8651269586358,102.0,0.0
703.865164211723,101.0,0.0
703.8801670995229,102.0,0.0
703.8860565967221,103.0,0.0
703.887523439109,102.0,0.0
703.888636845825,103.0,0.0
703.8901674136212,102.0,0.0
703.896573989239,103.0,0.0
703.920250616496,102.0,0.0
703.9218905070418,101.0,0.0
703.9253758404684,100.0,0.0
703.9277083526695,101.0,0.0
703.9333289942182,102.0,0.0
703.9416295918276,103.0,0.0
703.9510164157861,104.0,0.0
703.9518904702361,105.0,0.0
703.9626324630979,104.0,0.0
703.964743011634,105.0,0.0
703.9657175047048,106.0,0.0
703.9766955053697,105.0,0.0
703.977115068453,104.0,0.0
703.9789854138912,105.0,0.0
703.9930330645929,106.0,0.0
703.9937454917305,105.0,0.0
703.995522675678,106.0,0.0
703.9986039329759,107.0,0.0
703.9994106199587,108.0,0.0
703.999932762097,109.0,0.0
704.0012839288466,110.0,0.0
704.0016181323102,109.0,0.0
704.0037668932763,108.0,0.0
704.0065228877743,109.0,0.0
704.0146510924969,108.0,0.0
704.016400716545,107.0,0.0
704.0172382687251,108.0,0.0
704.0181626138425,109.0,0.0
704.0233779689747,108.0,0.0
704.033960624182,107.0,0.0
704.0450133530948,108.0,0.0
704.049379278959,109.0,0.0
704.0515875812995,108.0,0.0
704.0517497579402,109.0,0.0
704.0547730601386,110.0,0.0
704.0584536403366,111.0,0.0
704.0663754381218,112.0,0.0
704.0674018672328,111.0,0.0
704.0794407952613,112.0,0.0
704.0816966736331,111.0,0.0
704.081790811989,110.0,0.0
704.081818315847,111.0,0.0
704.0979354791647,112.0,0.0
704.0985753271752,111.0,0.0
704.1180088728972,112.0,0.0
704.11986184756,111.0,0.0
704.1218027838426,112.0,0.0
704.1259847438304,113.0,0.0
704.1292693526906,112.0,0.0
704.1328621625544,111.0,0.0
704.1346381118873,110.0,0.0
704.1455631616802,111.0,0.0
704.1542524115844,112.0,0.0
704.1650586327389,111.0,0.0
704.1713458161656,110.0,0.0
704.171630934394,109.0,0.0
704.1747768368581,110.0,0.0
704.1793396379868,111.0,0.0
704.1793733750769,110.0,0.0
704.1796617997128,111.0,0.0
704.1822949841029,112.0,0.0
704.185538045877,113.0,0.0
704.1889859240434,114.0,0.0
704.1927131123648,115.0,0.0
704.1969118968914,116.0,0.0
704.1975519666307,117.0,0.0
704.2002303851489,116.0,0.0
704.2036138337731,115.0,0.0
704.2057589532237,116.0,0.0
704.2089039826418,117.0,0.0
704.2115219054135,118.0,0.0
704.2132010238093,119.0,0.0
704.2145709981785,118.0,0.0
704.2152141623247,117.0,0.0
704.2209061594109,116.0,0.0
704.2210465990632,115.0,0.0
704.2391834214158,116.0,0.0
704.249933144283,117.0,0.0
704.2521455425813,118.0,0.0
704.2546593775003,117.0,0.0
704.2554585157337,118.0,0.0
704.2638966563851,119.0,0.0
704.26400720756,118.0,0.0
704.2718126645478,119.0,0.0
704.2749752198309,120.0,0.0
704.2769427513537,119.0,0.0
704.2798954049198,120.0,0.0
704.292131988448,119.0,0.0
704.293025745805,118.0,0.0
704.2932489667072,117.0,0.0
704.3019333168198,116.0,0.0
704.3022561763617,117.0,0.0
704.3106438042952,118.0,0.0
704.3114775122715,119.0,0.0
704.3126502669948,120.0,0.0
704.3180487402109,121.0,0.0
704.3226696245379,120.0,0.0
704.3279598045357,119.0,0.0
704.332717417437,118.0,0.0
704.3343502653287,119.0,0.0
704.3351262476252,118.0,0.0
704.3388243585853,117.0,0.0
704.3413363105295,116.0,0.0
704.341672813689,117.0,0.0
704.3421373419214,118.0,0.0
704.3454372755222,119.0,0.0
704.3527909304216,120.0,0.0
704.3564265224555,121.0,0.0
704.3585846891748,122.0,0.0
704.3662667056602,121.0,0.0
704.3722192049582,122.0,0.0
704.3796123267425,123.0,0.0
704.3817140245612,124.0,0.0
704.3861128695194,123.0,0.0
704.390652221517,124.0,0.0
704.3972579841554,123.0,0.0
704.3973573923189,124.0,0.0
704.3996666734922,123.0,0.0
704.4013562279513,122.0,0.0
704.4087081324227,121.0,0.0
704.4117117517986,122.0,0.0
704.4140652498766,123.0,0.0
704.41545052285,124.0,0.0
704.4209217122491,125.0,0.0
704.429790409566,124.0,0.0
704.4456132197346,123.0,0.0
704.4475607200012,122.0,0.0
704.447708634393,121.0,0.0
704.4495245391641,122.0,0.0
704.4552197279138,121.0,0.0
704.4577317194554,120.0,0.0
704.4608657122022,121.0,0.0
704.4728093310221,120.0,0.0
704.4735035491327,121.0,0.0
704.4761016158399,122.0,0.0
704.4798219697509,121.0,0.0
704.4818145463155,122.0,0.0
704.4843114412016,121.0,0.0
704.4855280785904,120.0,0.0
704.4894080582594,121.0,0.0
704.4905174587227,120.0,0.0
704.4910578796174,121.0,0.0
704.4920649772297,122.0,0.0
704.4951881587413,123.0,0.0
704.4962874879087,124.0,0.0
704.5007077271476,125.0,0.0
704.5022444455611,126.0,0.0
704.503196284943,125.0,0.0
704.5059385943697,124.0,0.0
704.5059560983193,125.0,0.0
704.5065123545869,124.0,0.0
704.5161135206617,123.0,0.0
704.518451098015,122.0,0.0
704.5219343989077,123.0,0.0
704.5233554588041,124.0,0.0
704.5244500032602,123.0,0.0
704.5269988244468,122.0,0.0
704.5277346870588,121.0,0.0
704.5306810983687,120.0,0.0
704.5315863375914,121.0,0.0
704.5337791917517,122.0,0.0
704.5353299544574,121.0,0.0
704.5384504490879,122.0,0.0
704.5399016060355,121.0,0.0
704.5399481272639,122.0,0.0
704.5425858728948,121.0,0.0
704.5426691264091,122.0,0.0
704.5483620321704,123.0,0.0
704.5493633734513,124.0,0.0
704.5521184109076,123.0,0.0
704.5523160662435,122.0,0.0
704.5558551189017,123.0,0.0
704.5618242021133,122.0,0.0
704.5667771830455,123.0,0.0
704.5681296804809,124.0,0.0
704.5737756107332,125.0,0.0
704.5768571268387,124.0,0.0
704.582966070378,123.0,0.0
704.5933679006113,124.0,0.0
704.5956389536013,123.0,0.0
704.5994003416213,124.0,0.0
704.606763775636,125.0,0.0
704.610474719245,124.0,0.0
704.6163087693748,125.0,0.0
704.6193434350956,126.0,0.0
704.6302596246052,125.0,0.0
704.6332087045474,126.0,0.0
704.6344781774188,125.0,0.0
704.6359024876824,126.0,0.0
704.638052138201,125.0,0.0
704.647875811649,126.0,0.0
704.6580881497167,125.0,0.0
704.6673519086985,126.0,0.0
704.6686746903434,127.0,0.0
704.6690194247674,128.0,0.0
704.669052734335,129.0,0.0
704.6693613950187,128.0,0.0
704.6700923258046,129.0,0.0
704.6730544376447,130.0,0.0
704.6752529703674,131.0,0.0
704.6866220008853,132.0,0.0
704.7005229021604,133.0,0.0
704.7153594883607,134.0,0.0
704.7165650796388,133.0,0.0
704.7173950129019,134.0,0.0
704.7199266294444,135.0,0.0
704.7288141464032,134.0,0.0
704.7361244652097,133.0,0.0
704.737799919406,134.0,0.0
704.742246760268,133.0,0.0
704.7501409210297,132.0,0.0
704.7512321992094,131.0,0.0
704.7517593838274,130.0,0.0
704.7628497086346,131.0,0.0
704.7633189343923,132.0,0.0
704.7637397426882,133.0,0.0
704.7702203663654,134.0,0.0
704.7737676920283,133.0,0.0
704.774527227955,134.0,0.0
704.7765787370943,133.0,0.0
704.7818164016596,132.0,0.0
704.7822564237849,133.0,0.0
704.8028340538987,132.0,0.0
704.8035101885068,133.0,0.0
704.8085715526814,132.0,0.0
704.8138132665058,133.0,0.0
704.814642435715,132.0,0.0
704.8162213510616,133.0,0.0
704.8203425686381,132.0,0.0
704.8204621350671,131.0,0.0
704.8209615839822,132.0,0.0
704.8239920768436,133.0,0.0
704.8294996901332,134.0,0.0
704.8314924338657,133.0,0.0
704.8331142758365,134.0,0.0
704.8448246662699,135.0,0.0
704.8451355083009,134.0,0.0
704.8578023003928,133.0,0.0
704.8600242356767,134.0,0.0
704.8616463085847,135.0,0.0
704.8626019046185,134.0,0.0
704.8647426412856,135.0,0.0
704.869224941515,134.0,0.0
704.8713956018106,133.0,0.0
704.8747236282757,134.0,0.0
704.8755334748246,135.0,0.0
704.877811991004,134.0,0.0
704.8801691843042,135.0,0.0
704.8802485202223,134.0,0.0
704.8856522292523,135.0,0.0
704.8864861462911,136.0,0.0
704.8925213299294,137.0,0.0
704.8949126995365,136.0,0.0
704.8980786265643,137.0,0.0
704.9106063331293,138.0,0.0
704.9268450365572,139.0,0.0
704.9535811306521,140.0,0.0
704.9588986757217,141.0,0.0
704.964233803848,142.0,0.0
704.9643116572672,141.0,0.0
704.9702287949253,140.0,0.0
704.9730594864052,139.0,0.0
704.9826319850322,140.0,0.0
704.9886288864767,141.0,0.0
704.9889991982053,142.0,0.0
704.9907048479375,141.0,0.0
704.9983772338912,140.0,0.0
705.001114417646,139.0,0.0
705.002966414025,138.0,0.0
705.0035608678126,137.0,0.0
705.0065390736415,136.0,0.0
705.0065638225935,135.0,0.0
705.0096749171188,134.0,0.0
705.0146833642557,135.0,0.0
705.0195629787255,134.0,0.0
705.0203728264835,133.0,0.0
705.023978001952,134.0,0.0
705.028571270389,133.0,0.0
705.0336223332741,132.0,0.0
705.0387702866004,133.0,0.0
705.0433362613552,134.0,0.0
705.0438677306083,135.0,0.0
705.0466679998733,134.0,0.0
705.0484861003979,135.0,0.0
705.0561855651341,136.0,0.0
705.0564998300244,137.0,0.0
705.0652227002133,136.0,0.0
705.0785028188143,137.0,0.0
705.0845143587187,136.0,0.0
705.0876512220542,137.0,0.0
705.0975375647924,136.0,0.0
705.0977475070752,137.0,0.0
705.102746960484,138.0,0.0
705.1059304062659,137.0,0.0
705.1116869273234,138.0,0.0
705.1127780806318,137.0,0.0
705.1149252201373,138.0,0.0
705.1178053606982,137.0,0.0
705.1224110689907,138.0,0.0
705.1238152942213,137.0,0.0
705.128393302862,138.0,0.0
705.133970601229,137.0,0.0
705.1343630734225,136.0,0.0
705.1477357496026,135.0,0.0
705.1478387247128,136.0,0.0
705.1482907322398,135.0,0.0
705.1484244883525,136.0,0.0
705.150272887989,135.0,0.0
705.1553957065288,134.0,0.0
705.1668801371809,133.0,0.0
705.1692361701084,132.0,0.0
705.1845922323745,133.0,0.0
705.1854966626189,134.0,0.0
705.1869864517184,133.0,0.0
705.2024699646649,134.0,0.0
705.2031741606208,133.0,0.0
705.2063890881154,134.0,0.0
705.2151166090584,135.0,0.0
705.23082456639,136.0,0.0
705.2359695714299,135.0,0.0
705.2362170128016,136.0,0.0
705.2534157696217,135.0,0.0
705.2631618269932,136.0,0.0
705.2724481016835,137.0,0.0
705.2829184979628,138.0,0.0
705.2861310423922,139.0,0.0
705.2901429876385,140.0,0.0
705.2902517476098,141.0,0.0
705.2937987463159,142.0,0.0
705.2939043656577,143.0,0.0
705.3013630921329,144.0,0.0
705.3020037661198,145.0,0.0
705.3027628862877,146.0,0.0
705.3047545670385,145.0,0.0
705.3158691258592,146.0,0.0
705.3179750453806,147.0,0.0
705.3194182163803,146.0,0.0
705.3235598600036,145.0,0.0
705.3320333764058,146.0,0.0
705.33729574516,145.0,0.0
705.342320655893,144.0,0.0
705.3481797755073,143.0,0.0
705.3487711861804,144.0,0.0
705.3511372073397,145.0,0.0
705.352287280299,144.0,0.0
705.3674084743147,143.0,0.0
705.3783413409645,142.0,0.0
705.3790768410491,141.0,0.0
705.384986039964,140.0,0.0
705.3896766198804,141.0,0.0
705.393459830449,140.0,0.0
705.3998360125701,139.0,0.0
705.4012354719316,138.0,0.0
705.4026075559242,137.0,0.0
705.4155176113995,138.0,0.0
705.4158635952982,139.0,0.0
705.4294800817739,138.0,0.0
705.4336709381661,139.0,0.0
705.4457971274356,138.0,0.0
705.4493649827733,137.0,0.0
705.4505514332266,136.0,0.0
705.4539179747475,137.0,0.0
705.4541096358334,138.0,0.0
705.4557936652362,137.0,0.0
705.4560163493078,138.0,0.0
705.4576790222607,139.0,0.0
705.465075315629,138.0,0.0
705.4662914746357,137.0,0.0
705.4705332636954,136.0,0.0
705.4737020002083,137.0,0.0
705.4893312072755,138.0,0.0
705.4951875677536,137.0,0.0
705.49897985268,136.0,0.0
705.5032580518018,137.0,0.0
705.5230102673621,138.0,0.0
705.523674460875,137.0,0.0
705.5263467185906,138.0,0.0
705.5358719145162,137.0,0.0
705.5372611102131,138.0,0.0
705.5419732737935,139.0,0.0
705.5471324349174,138.0,0.0
705.5501658372507,139.0,0.0
705.5528017851457,140.0,0.0
705.5573145618436,139.0,0.0
705.5583558247804,140.0,0.0
705.5594450829365,139.0,0.0
705.5626112192984,140.0,0.0
705.5656379849327,141.0,0.0
705.5676398227243,142.0,0.0
705.5708689698835,143.0,0.0
705.5754610686212,142.0,0.0
705.5825954014254,143.0,0.0
705.6011605179448,144.0,0.0
705.6134820195011,143.0,0.0
705.6147338718245,144.0,0.0
705.6171874282232,143.0,0.0
705.6257361675476,144.0,0.0
705.6263529664924,145.0,0.0
705.6278302692718,146.0,0.0
705.6333966999807,147.0,0.0
705.6347165454214,148.0,0.0
705.6354950720922,147.0,0.0
705.636087768087,146.0,0.0
705.6383400929893,145.0,0.0
705.6587277879453,144.0,0.0
705.6603387723163,145.0,0.0
705.6613503352006,146.0,0.0
705.6662763841742,145.0,0.0
705.6807596421929,146.0,0.0
705.6850719407355,147.0,0.0
705.6895760902574,146.0,0.0
705.6896750685419,147.0,0.0
705.6915014409994,148.0,0.0
705.7020464705071,147.0,0.0
705.7078682690018,148.0,0.0
705.7114249369674,147.0,0.0
705.7165827377754,146.0,0.0
705.731473369863,147.0,0.0
705.7368986597071,148.0,0.0
705.7370627537106,149.0,0.0
705.738199304415,150.0,0.0
705.7385037118036,151.0,0.0
705.7471696068849,152.0,0.0
705.7486913646973,151.0,0.0
705.7492201092076,152.0,0.0
705.7584588184063,153.0,0.0
705.7627062469803,154.0,0.0
705.7646728278354,153.0,0.0
705.7650248951219,152.0,0.0
705.7673607250218,151.0,0.0
705.7718427792556,152.0,0.0
705.7720900902754,153.0,0.0
705.7786704334833,154.0,0.0
705.7801678201954,155.0,0.0
705.7806963070396,156.0,0.0
705.7822031099311,157.0,0.0
705.7835160221074,156.0,0.0
705.791352732332,157.0,0.0
705.7963841590682,158.0,0.0
705.8062172979197,159.0,0.0
705.8111257125184,158.0,0.0
705.8129817409142,157.0,0.0
705.8140828187888,156.0,0.0
705.8158831679007,155.0,0.0
705.8160449986502,154.0,0.0
705.8211970934759,153.0,0.0
705.8238749197275,154.0,0.0
705.8352758843201,155.0,0.0
705.8437696056684,156.0,0.0
705.8494289157959,157.0,0.0
705.852659341541,158.0,0.0
705.8536882706071,159.0,0.0
705.8740562564366,160.0,0.0
705.8757303030719,159.0,0.0
705.8834447239766,158.0,0.0
705.8857775467291,159.0,0.0
705.8976308726877,160.0,0.0
705.9002397053345,161.0,0.0
705.9050881746732,162.0,0.0
705.905504303588,163.0,0.0
705.9144481257166,162.0,0.0
705.9151379796093,161.0,0.0
705.9185796136129,162.0,0.0
705.9239760845203,163.0,0.0
705.9264506436256,164.0,0.0
705.9365713338758,165.0,0.0
705.9442390050957,166.0,0.0
705.94600125157,165.0,0.0
705.9508773911638,164.0,0.0
705.953808996558,163.0,0.0
705.9571376019928,164.0,0.0
705.9580331849221,165.0,0.0
705.9626467631673,166.0,0.0
705.9637825969052,167.0,0.0
705.9699023939913,168.0,0.0
705.9720363166258,167.0,0.0
705.9805331905527,166.0,0.0
705.9824765982717,167.0,0.0
705.9925789692848,166.0,0.0
705.9975475101103,167.0,0.0
706.0054574426249,168.0,0.0
706.0084441901467,169.0,0.0
706.0175430515494,168.0,0.0
706.0178207950213,167.0,0.0
706.0213508617138,166.0,0.0
706.0273827712516,165.0,0.0
706.0288317573722,166.0,0.0
706.0290607217402,165.0,0.0
706.0347101376115,166.0,0.0
706.0408300685053,165.0,0.0
706.0415694652909,166.0,0.0
706.0447108524288,165.0,0.0
706.0524490829487,164.0,0.0
706.0551793981915,165.0,0.0
706.0587871868569,166.0,0.0
706.0706087054353,165.0,0.0
706.0767250087274,164.0,0.0
706.0776550765837,165.0,0.0
706.0842400845862,164.0,0.0
706.084997648421,165.0,0.0
706.0955782439313,164.0,0.0
706.1007637870783,165.0,0.0
706.1070806588533,166.0,0.0
706.115120600033,167.0,0.0
706.117569885833,168.0,0.0
706.1179446736592,169.0,0.0
706.1193967751128,170.0,0.0
706.1262283104406,171.0,0.0
706.1266515804792,172.0,0.0
706.1290796217055,173.0,0.0
706.1307305209034,174.0,0.0
706.1308903633467,175.0,0.0
706.1322201211658,176.0,0.0
706.1328976290496,177.0,0.0
706.1348190535563,178.0,0.0
706.1349748125857,177.0,0.0
706.1379936864478,178.0,0.0
706.1402741484013,177.0,0.0
706.1438762758265,176.0,0.0
706.1488708251215,177.0,0.0
706.1492306050817,176.0,0.0
706.1581712314415,177.0,0.0
706.161039061554,178.0,0.0
706.1641380630377,179.0,0.0
706.1649863521784,178.0,0.0
706.1652653637103,179.0,0.0
706.1709646369045,180.0,0.0
706.1747135222546,181.0,0.0
706.1778774918835,182.0,0.0
706.1910948571351,183.0,0.0
706.1944306308308,182.0,0.0
706.1959503998403,181.0,0.0
706.1989092379749,182.0,0.0
706.1993861714134,181.0,0.0
706.2050717662021,182.0,0.0
706.2053055960625,183.0,0.0
706.2079638874416,184.0,0.0
706.212526018957,183.0,0.0
706.2150592289923,182.0,0.0
706.2227101467404,183.0,0.0
706.2272593484997,184.0,0.0
706.2429110072455,183.0,0.0
706.2461589702733,184.0,0.0
706.2518848836993,183.0,0.0
706.2575155764608,182.0,0.0
706.2732882996181,181.0,0.0
706.2762087100849,180.0,0.0
706.2861537885109,181.0,0.0
706.3044500208385,182.0,0.0
706.305747856475,183.0,0.0
706.3082298890824,182.0,0.0
706.3132401022018,181.0,0.0
706.3185018915607,180.0,0.0
706.3225136024078,181.0,0.0
706.3275022582968,182.0,0.0
706.3386021470267,181.0,0.0
706.344942578351,182.0,0.0
706.354028776924,181.0,0.0
706.3542434420459,180.0,0.0
706.3544745252451,181.0,0.0
706.358129588241,180.0,0.0
706.366267954726,181.0,0.0
706.3666663790082,180.0,0.0
706.3721994330581,179.0,0.0
706.37526987939,180.0,0.0
706.378993792839,179.0,0.0
706.382141727985,178.0,0.0
706.3828243539747,177.0,0.0
706.3977069850562,176.0,0.0
706.40166315963,175.0,0.0
706.4093945727575,174.0,0.0
706.4284878403686,173.0,0.0
706.4286616032989,174.0,0.0
706.4313999373321,175.0,0.0
706.4314664176839,176.0,0.0
706.433500691636,177.0,0.0
706.4440695301698,176.0,0.0
706.452381381858,177.0,0.0
706.4639203029116,178.0,0.0
706.4685801247379,177.0,0.0
706.4738820504049,178.0,0.0
706.477524618713,177.0,0.0
706.4784571335931,178.0,0.0
706.4830187868777,179.0,0.0
706.4838244237882,178.0,0.0
706.4840780732517,177.0,0.0
706.4904084167093,178.0,0.0
706.5009205332822,177.0,0.0
706.5040688972421,178.0,0.0
706.5103194004747,177.0,0.0
706.5128134623149,178.0,0.0
706.514065444611,179.0,0.0
706.5199144416843,180.0,0.0
706.5321609594764,179.0,0.0
706.5457996916649,178.0,0.0
706.5632666888959,177.0,0.0
706.5931078021777,178.0,0.0
706.5948108050136,177.0,0.0
706.5988815789391,176.0,0.0
706.606705871062,175.0,0.0
706.6137930245851,174.0,0.0
706.6202422195897,175.0,0.0
706.620424582963,174.0,0.0
706.6208408712089,173.0,0.0
706.621348728105,172.0,0.0
706.6271436806245,173.0,0.0
706.6281834272696,172.0,0.0
706.6308959683097,173.0,0.0
706.6355046004802,174.0,0.0
706.6356491833984,175.0,0.0
706.6366072330698,174.0,0.0
706.6446584840298,175.0,0.0
706.6447888604106,176.0,0.0
706.6485739055479,177.0,0.0
706.6486030707716,176.0,0.0
706.6533491650337,177.0,0.0
706.6714891598301,176.0,0.0
706.6792656873267,177.0,0.0
706.6853419775045,176.0,0.0
706.6899975107377,175.0,0.0
706.6911584647813,176.0,0.0
706.6971159633545,177.0,0.0
706.7054940864559,178.0,0.0
706.710146146048,177.0,0.0
706.7119435144893,176.0,0.0
706.7132200142311,177.0,0.0
706.7162533035872,178.0,0.0
706.7269199305488,179.0,0.0
706.7270269242803,180.0,0.0
706.7275720827301,181.0,0.0
706.731660170273,180.0,0.0
706.7370570538129,179.0,0.0
706.7429766619935,178.0,0.0
706.7472352268168,179.0,0.0
706.749832070468,178.0,0.0
706.7522854601672,177.0,0.0
706.7525434499083,176.0,0.0
706.7541014010517,177.0,0.0
706.7545524175729,176.0,0.0
706.7556199774374,177.0,0.0
706.7564680193256,178.0,0.0
706.7578164780563,179.0,0.0
706.7666196796995,178.0,0.0
706.7707835418253,177.0,0.0
706.7728562493397,178.0,0.0
706.7756419024324,179.0,0.0
706.7789830545045,180.0,0.0
706.7921564948825,179.0,0.0
706.7929921538954,178.0,0.0
706.7934837005473,177.0,0.0
706.798577876699,178.0,0.0
706.8087797031365,179.0,0.0
706.8129312556302,178.0,0.0
706.8147939050533,177.0,0.0
706.821953227605,178.0,0.0
706.8252590988702,177.0,0.0
706.831350800813,176.0,0.0
706.8316474649846,177.0,0.0
706.8337137417805,178.0,0.0
706.8345654507681,177.0,0.0
706.8393037213249,178.0,0.0
706.8461289468441,177.0,0.0
706.8547211891171,176.0,0.0
706.8548791277105,177.0,0.0
706.8578343026247,176.0,0.0
706.858884848641,177.0,0.0
706.8624513836447,178.0,0.0
706.864396936093,179.0,0.0
706.8662526225238,178.0,0.0
706.8697399449715,179.0,0.0
706.8707770235463,178.0,0.0
706.8813923612845,179.0,0.0
706.8839050997077,180.0,0.0
706.8949475788025,179.0,0.0
706.9082211946388,178.0,0.0
706.9105268988568,179.0,0.0
706.9133312530581,178.0,0.0
706.9350917749513,177.0,0.0
706.9365140055471,176.0,0.0
706.9496122918509,175.0,0.0
706.9514907678927,174.0,0.0
706.9521684434543,173.0,0.0
706.9521904716153,172.0,0.0
706.9529940987499,173.0,0.0
706.954062526351,172.0,0.0
706.9647709040246,173.0,0.0
706.9698122666381,174.0,0.0
706.9715591290875,175.0,0.0
706.9756567004313,174.0,0.0
706.9878309519144,173.0,0.0
706.9881457321096,172.0,0.0
706.9928794561689,171.0,0.0
706.9954793405758,172.0,0.0
706.9967303768251,173.0,0.0
707.0037837808544,174.0,0.0
707.0068079360959,175.0,0.0
707.0068827562085,174.0,0.0
707.0114612150198,173.0,0.0
707.015919714611,174.0,0.0
707.0215509780069,173.0,0.0
707.0305448975151,172.0,0.0
707.0323299429697,173.0,0.0
707.0345624959494,172.0,0.0
707.047156439077,173.0,0.0
707.0562416692607,172.0,0.0
707.0647926456406,173.0,0.0
707.0672128285839,174.0,0.0
707.0685661271699,175.0,0.0
707.070246424642,176.0,0.0
707.0730282398699,177.0,0.0
707.0767172101323,176.0,0.0
707.0784484069163,175.0,0.0
707.0881757298438,174.0,0.0
707.0894456071385,175.0,0.0
707.0901881085159,176.0,0.0
707.0971609487702,175.0,0.0
707.0990404648095,176.0,0.0
707.127641426632,177.0,0.0
707.137360423931,178.0,0.0
707.1392862656287,177.0,0.0
707.1539616785776,176.0,0.0
707.1542149825466,175.0,0.0
707.1581085245733,174.0,0.0
707.1593099918878,175.0,0.0
707.1623880309436,174.0,0.0
707.1637466439807,173.0,0.0
707.1697989935975,172.0,0.0
707.1710165570794,171.0,0.0
707.1750962505399,172.0,0.0
707.1811015950979,173.0,0.0
707.1880181143533,174.0,0.0
707.1880662985722,173.0,0.0
707.1912176705795,172.0,0.0
707.1923930320006,171.0,0.0
707.1926463635617,170.0,0.0
707.1944513407843,169.0,0.0
707.1968845011808,168.0,0.0
707.2132780592112,169.0,0.0
707.2191305801159,170.0,0.0
707.2296759477226,171.0,0.0
707.232934698662,170.0,0.0
707.246050169797,171.0,0.0
707.2490236960095,172.0,0.0
707.2558765188677,171.0,0.0
707.2574950495208,172.0,0.0
707.2598571641608,171.0,0.0
707.2852803769327,170.0,0.0
707.2860223639051,171.0,0.0
707.2887255952054,170.0,0.0
707.2896178280009,169.0,0.0
707.2897015715052,168.0,0.0
707.294538974312,169.0,0.0
707.2979334428034,168.0,0.0
707.3104474387396,169.0,0.0
707.3172540657303,168.0,0.0
707.3187787710245,169.0,0.0
707.321538250731,168.0,0.0
707.3231058289118,167.0,0.0
707.3502658122065,168.0,0.0
707.354220477164,167.0,0.0
707.3631316645409,166.0,0.0
707.3669831377988,167.0,0.0
707.3741997959233,166.0,0.0
707.3752439336297,165.0,0.0
707.3828433702502,166.0,0.0
707.3837815416691,167.0,0.0
707.3858602762757,168.0,0.0
707.3925467498733,169.0,0.0
707.3974094158741,168.0,0.0
707.4156694380317,169.0,0.0
707.4186392080685,168.0,0.0
707.4187968150138,169.0,0.0
707.4228972563741,168.0,0.0
707.4234405125623,167.0,0.0
707.427025105113,168.0,0.0
707.4381820539893,167.0,0.0
707.4541305409759,166.0,0.0
707.4636934947844,165.0,0.0
707.4663791622164,164.0,0.0
707.4678739331276,163.0,0.0
707.4728076454692,162.0,0.0
707.4745190145742,163.0,0.0
707.477865321795,164.0,0.0
707.4866278423173,163.0,0.0
707.4909666571673,162.0,0.0
707.4930030358163,161.0,0.0
707.497504933103,162.0,0.0
707.5011767233342,161.0,0.0
707.520046471134,160.0,0.0
707.5218409447526,159.0,0.0
707.5254009054883,158.0,0.0
707.5277827981903,159.0,0.0
707.5326456441773,160.0,0.0
707.5396916931519,161.0,0.0
707.547041511173,160.0,0.0
707.5494908924903,159.0,0.0
707.5542926395595,158.0,0.0
707.5583394673079,159.0,0.0
707.5585223367507,160.0,0.0
707.559300687614,161.0,0.0
707.5612232981935,160.0,0.0
707.5774781058082,161.0,0.0
707.582857824321,162.0,0.0
707.590586078709,161.0,0.0
707.5970822055997,160.0,0.0
707.5981175525027,161.0,0.0
707.602096782085,160.0,0.0
707.612689995914,161.0,0.0
707.617513428015,162.0,0.0
707.6187113989783,163.0,0.0
707.6224675315632,164.0,0.0
707.6284334606427,163.0,0.0
707.6523413393635,162.0,0.0
707.6575334816033,163.0,0.0
707.6578957325191,164.0,0.0
707.6582154748708,163.0,0.0
707.6593174758472,164.0,0.0
707.6727919157545,163.0,0.0
707.6743068367975,162.0,0.0
707.6767003698216,163.0,0.0
707.6784403777758,162.0,0.0
707.6840674620155,161.0,0.0
707.6934244208386,162.0,0.0
707.6941362368724,161.0,0.0
707.6942824446653,160.0,0.0
707.7025035633759,159.0,0.0
707.7065088816847,158.0,0.0
707.7074757946938,159.0,0.0
707.7135282240441,160.0,0.0
707.7165961736281,159.0,0.0
707.724178402177,160.0,0.0
707.7359143682239,159.0,0.0
707.7390529346108,158.0,0.0
707.7394094324308,157.0,0.0
707.7478117495064,158.0,0.0
707.7519437412025,157.0,0.0
707.7529909401239,158.0,0.0
707.7618619091514,157.0,0.0
707.7731769337456,156.0,0.0
707.7765399257789,157.0,0.0
707.7822558267919,156.0,0.0
707.7868892232252,157.0,0.0
707.7884068839031,156.0,0.0
707.7936772099561,155.0,0.0
707.7975621008176,154.0,0.0
707.797597365116,155.0,0.0
707.7992079526887,154.0,0.0
707.8028936622726,153.0,0.0
707.8081544566357,154.0,0.0
707.816627703792,153.0,0.0
707.8181502820479,152.0,0.0
707.8192898943296,151.0,0.0
707.8212992501466,152.0,0.0
707.8292230796156,153.0,0.0
707.8352832209592,152.0,0.0
707.8454671528797,151.0,0.0
707.8510377137832,150.0,0.0
707.8601319174546,151.0,0.0
707.865370108531,152.0,0.0
707.8662276686863,153.0,0.0
707.870168603576,152.0,0.0
707.8761473210307,151.0,0.0
707.8763533412,152.0,0.0
707.8892957936704,151.0,0.0
707.8980624156053,150.0,0.0
707.9016352154641,151.0,0.0
707.917668739053,152.0,0.0
707.9185207187572,153.0,0.0
707.919316354961,152.0,0.0
707.9240875106809,151.0,0.0
707.9301350068935,152.0,0.0
707.9325333088755,151.0,0.0
707.9380908038113,152.0,0.0
707.9391283893824,153.0,0.0
707.9485754891386,152.0,0.0
707.9488631192391,151.0,0.0
707.954198620563,150.0,0.0
707.9580407474333,149.0,0.0
707.9662792674482,148.0,0.0
707.9697743656977,149.0,0.0
707.9748970856966,148.0,0.0
707.9790883799706,149.0,0.0
707.9906665248237,148.0,0.0
707.9925481011753,147.0,0.0
708.0060557518441,148.0,0.0
708.0115889078901,147.0,0.0
708.0164821922114,146.0,0.0
708.028968904149,147.0,0.0
708.0324509469029,146.0,0.0
708.03623231959,145.0,0.0
708.0427291113924,144.0,0.0
708.0430004602488,145.0,0.0
708.0463772687704,144.0,0.0
708.0637742300203,145.0,0.0
708.0681848398007,144.0,0.0
708.0862997015331,145.0,0.0
708.0959073713266,146.0,0.0
708.1183422816506,145.0,0.0
708.1193756922899,144.0,0.0
708.1195853767736,143.0,0.0
708.1233459444302,144.0,0.0
708.1253723918575,143.0,0.0
708.12541090359,144.0,0.0
708.1392398210207,145.0,0.0
708.1461508006543,146.0,0.0
708.146899974469,147.0,0.0
708.1487376903071,146.0,0.0
708.1620664820797,145.0,0.0
708.1719538636587,146.0,0.0
708.1911184646902,147.0,0.0
708.1968754603888,146.0,0.0
708.1985569306337,145.0,0.0
708.2013197408531,146.0,0.0
708.2104095650682,147.0,0.0
708.2240310212918,148.0,0.0
708.2255758188755,149.0,0.0
708.2295255037814,148.0,0.0
708.2410443097046,147.0,0.0
708.2470669049549,146.0,0.0
708.2591859197272,145.0,0.0
708.2621083317127,146.0,0.0
708.2738918269026,147.0,0.0
708.2743189057213,148.0,0.0
708.2758379491902,147.0,0.0
708.2904291562087,148.0,0.0
708.3027925464031,147.0,0.0
708.314794880865,148.0,0.0
708.3268980003182,147.0,0.0
708.3289306607705,148.0,0.0
708.3357687691235,147.0,0.0
708.3405756347233,146.0,0.0
708.349076435873,145.0,0.0
708.3500007690218,144.0,0.0
708.3537278197589,145.0,0.0
708.3632588513192,146.0,0.0
708.3669485368608,145.0,0.0
708.370150034461,146.0,0.0
708.3711694922157,145.0,0.0
708.3776681466294,144.0,0.0
708.3828338573853,143.0,0.0
708.3898930458014,144.0,0.0
708.3997414547233,145.0,0.0
708.4007840373806,146.0,0.0
708.4034251629366,145.0,0.0
708.4076851941566,144.0,0.0
708.4108186154249,143.0,0.0
708.4119834267954,142.0,0.0
708.4175330022011,141.0,0.0
708.4186995713775,140.0,0.0
708.4208717993351,141.0,0.0
708.4219666464662,140.0,0.0
708.4266098615775,139.0,0.0
708.4335081561273,140.0,0.0
708.4349223845288,141.0,0.0
708.4440401685649,140.0,0.0
708.4476010754914,141.0,0.0
708.4482882770899,142.0,0.0
708.4498790985039,141.0,0.0
708.4575703800114,142.0,0.0
708.4578485048012,141.0,0.0
708.4622612040849,140.0,0.0
708.4640346808974,141.0,0.0
708.4694656451596,142.0,0.0
708.4732250016498,141.0,0.0
708.4747299851554,140.0,0.0
708.4834541764337,141.0,0.0
708.4857779190386,140.0,0.0
708.4864318011319,139.0,0.0
708.4948297393615,140.0,0.0
708.5044199617768,139.0,0.0
708.5106743704215,140.0,0.0
708.5268145772607,141.0,0.0
708.5269546386803,142.0,0.0
708.529066153318,141.0,0.0
708.5299713332662,140.0,0.0
708.5304044224974,139.0,0.0
708.5336851568427,138.0,0.0
708.5357440126558,139.0,0.0
708.539051942273,140.0,0.0
708.5477981171708,139.0,0.0
708.5512641768528,140.0,0.0
708.5601228267828,139.0,0.0
708.5713232913793,140.0,0.0
708.5740469617481,139.0,0.0
708.5740880332044,138.0,0.0
708.5786472242299,137.0,0.0
708.5804768159771,138.0,0.0
708.5914451826628,139.0,0.0
708.594305117056,138.0,0.0
708.6019092932772,137.0,0.0
708.6109718654908,138.0,0.0
708.6140896053182,139.0,0.0
708.6178357337883,138.0,0.0
708.618801048552,137.0,0.0
708.6236121046109,136.0,0.0
708.6264173441042,135.0,0.0
708.6287333358673,134.0,0.0
708.6342840329891,133.0,0.0
708.6414761829128,134.0,0.0
708.6464929604064,135.0,0.0
708.6471427331401,134.0,0.0
708.6532513949224,135.0,0.0
708.6570057855503,136.0,0.0
708.6652923960638,137.0,0.0
708.6734463916968,138.0,0.0
708.6804778716792,139.0,0.0
708.6819436446431,138.0,0.0
708.68404002273,137.0,0.0
708.686384894906,136.0,0.0
708.7123170304355,135.0,0.0
708.7126819503532,136.0,0.0
708.7153348901702,137.0,0.0
708.7193516469198,138.0,0.0
708.7293309541568,139.0,0.0
708.7353012835846,138.0,0.0
708.7423663300913,139.0,0.0
708.7515448868155,138.0,0.0
708.7636888711137,137.0,0.0
708.7658349413784,136.0,0.0
708.7723615364084,137.0,0.0
708.7741865793191,136.0,0.0
708.7812975403882,137.0,0.0
708.7815609422883,138.0,0.0
708.8028759917106,137.0,0.0
708.8054349556155,136.0,0.0
708.8079918793871,137.0,0.0
708.8090172929495,138.0,0.0
708.8107276357607,137.0,0.0
708.8145055720273,136.0,0.0
708.8172727601669,135.0,0.0
708.818507307891,134.0,0.0
708.8218697028223,133.0,0.0
708.8255762859442,134.0,0.0
708.8309317023217,133.0,0.0
708.831206505199,132.0,0.0
708.8395014817509,133.0,0.0
708.8396941257162,134.0,0.0
708.8442882397025,133.0,0.0
708.8447492574318,134.0,0.0
708.848438721727,135.0,0.0
708.8678352880249,134.0,0.0
708.8705346455681,133.0,0.0
708.8716346740979,134.0,0.0
708.8855721441688,133.0,0.0
708.885843382151,132.0,0.0
708.9181116333544,131.0,0.0
708.9265847163697,132.0,0.0
708.9299573967368,131.0,0.0
708.9378596149646,130.0,0.0
708.9380282833476,129.0,0.0
708.9401878746393,128.0,0.0
708.947721992002,129.0,0.0
708.9688459720629,130.0,0.0
708.9708629062198,129.0,0.0
708.9774007791436,128.0,0.0
708.9852876587213,129.0,0.0
708.9862144036088,130.0,0.0
708.987958333978,129.0,0.0
708.9898376775261,128.0,0.0
708.9905484920724,127.0,0.0
708.9929530956113,128.0,0.0
709.0044531478575,127.0,0.0
709.014819712655,126.0,0.0
709.0149704055832,125.0,0.0
709.0471362153152,124.0,0.0
709.0492178212127,123.0,0.0
709.0494115061981,124.0,0.0
709.0525897612039,123.0,0.0
709.0589550992396,124.0,0.0
709.0664596375359,125.0,0.0
709.0709280536237,126.0,0.0
709.0790966524385,127.0,0.0
709.0829215836939,126.0,0.0
709.1023257702309,125.0,0.0
709.1050659196228,126.0,0.0
709.1051808505232,125.0,0.0
709.1069491067575,124.0,0.0
709.1076540154284,123.0,0.0
709.1222194820344,122.0,0.0
709.122808033414,121.0,0.0
709.1259801204073,122.0,0.0
709.1486141328943,123.0,0.0
709.1612663645858,122.0,0.0
709.1761436046688,121.0,0.0
709.200182976552,122.0,0.0
709.201043156371,123.0,0.0
709.205942650537,122.0,0.0
709.2084733409165,123.0,0.0
709.214415350947,124.0,0.0
709.2258053943234,123.0,0.0
709.2308830991954,122.0,0.0
709.2436102714835,123.0,0.0
709.2550386186172,122.0,0.0
709.2577544628192,121.0,0.0
709.2696526803759,120.0,0.0
709.2842158345327,121.0,0.0
709.2855224132635,120.0,0.0
709.2908129738015,119.0,0.0
709.2963921647174,120.0,0.0
709.2967119890546,121.0,0.0
709.3154263015637,122.0,0.0
709.3160047209378,121.0,0.0
709.3174710539274,120.0,0.0
709.3178442663907,121.0,0.0
709.3509695905971,120.0,0.0
709.3573522033938,121.0,0.0
709.364901684573,122.0,0.0
709.3753336341542,123.0,0.0
709.3864523267192,122.0,0.0
709.3894804706583,121.0,0.0
709.3937606880731,120.0,0.0
709.4025724844471,121.0,0.0
709.4074840516269,120.0,0.0
709.4124978850808,119.0,0.0
709.424435542195,120.0,0.0
709.4257737738637,121.0,0.0
709.4289092664708,120.0,0.0
709.4507393002957,121.0,0.0
709.4596805863514,120.0,0.0
709.4743827321205,121.0,0.0
709.4948510752411,122.0,0.0
709.4949829074594,121.0,0.0
709.5163935591614,120.0,0.0
709.5252206692891,121.0,0.0
709.5376558311054,120.0,0.0
709.5467138819138,119.0,0.0
709.5500955843187,120.0,0.0
709.5570830063646,119.0,0.0
709.5687171556269,118.0,0.0
709.5696504121582,119.0,0.0
709.5817237022828,118.0,0.0
709.5915784346947,117.0,0.0
709.5929198162635,118.0,0.0
709.6042181468572,119.0,0.0
709.6091335034773,118.0,0.0
709.6150894650176,117.0,0.0
709.6194155579796,116.0,0.0
709.6236560635052,115.0,0.0
709.6309827019074,114.0,0.0
709.6323481655097,113.0,0.0
709.6429100327975,112.0,0.0
709.6433969798574,113.0,0.0
709.6542465556705,112.0,0.0
709.6557265289114,111.0,0.0
709.6558665292082,110.0,0.0
709.6577250333472,111.0,0.0
709.6800428719758,112.0,0.0
709.6848825185865,111.0,0.0
709.6904220623028,110.0,0.0
709.6938248459091,111.0,0.0
709.7021345727528,112.0,0.0
709.7076541767672,111.0,0.0
709.7180230858467,112.0,0.0
709.7184262324756,111.0,0.0
709.732475869604,112.0,0.0
709.7419565901534,111.0,0.0
709.7554920215812,112.0,0.0
709.7615769570218,111.0,0.0
709.7648476003999,110.0,0.0
709.7665152380181,111.0,0.0
709.7790370268297,110.0,0.0
709.7799392962916,111.0,0.0
709.7800254768715,110.0,0.0
709.7820636829625,111.0,0.0
709.7839412402524,110.0,0.0
709.7900745620997,109.0,0.0
709.7945070429934,110.0,0.0
709.813132318214,111.0,0.0
709.8211029323619,110.0,0.0
709.8239161823258,111.0,0.0
709.8357193613273,112.0,0.0
709.8360478853798,113.0,0.0
709.8368181992209,112.0,0.0
709.8499955683685,111.0,0.0
709.8542343406867,110.0,0.0
709.8573314779869,109.0,0.0
709.859118837449,110.0,0.0
709.8604285202173,109.0,0.0
709.8653736423236,108.0,0.0
709.8691141147541,107.0,0.0
709.873110479823,106.0,0.0
709.8734508485765,105.0,0.0
709.8896380106358,104.0,0.0
709.8947916862081,103.0,0.0
709.8976461478816,102.0,0.0
709.9019854955719,103.0,0.0
709.9189916109195,104.0,0.0
709.9396602005991,105.0,0.0
709.9419589127305,104.0,0.0
709.9630502358569,105.0,0.0
709.9715019222543,104.0,0.0
709.9715266138813,105.0,0.0
709.9725864692024,104.0,0.0
709.9726732066725,103.0,0.0
709.985839997088,104.0,0.0
709.9861813741845,105.0,0.0
709.9887667879067,106.0,0.0
709.9899100960282,105.0,0.0
710.0016092341839,104.0,0.0
710.0044128102952,103.0,0.0
710.0051289293176,104.0,0.0
710.0277179612415,105.0,0.0
710.0321827192229,104.0,0.0
710.036541221017,105.0,0.0
710.0438629435762,104.0,0.0
710.0454934155177,103.0,0.0
710.046585318785,102.0,0.0
710.0529223720542,101.0,0.0
710.0612606381486,102.0,0.0
710.0700847918714,101.0,0.0
710.0829208767982,100.0,0.0
710.1031571934622,99.0,0.0
710.1079985986318,98.0,0.0
710.1134269582585,97.0,0.0
710.1172019211616,96.0,0.0
710.1282210686736,95.0,0.0
710.1357440635255,94.0,0.0
710.1491423762924,95.0,0.0
710.155443675994,94.0,0.0
710.1578200834223,95.0,0.0
710.1579898866921,94.0,0.0
710.1580636518577,93.0,0.0
710.1621218758705,92.0,0.0
710.1654901642883,93.0,0.0
710.1660157167895,92.0,0.0
710.1736997777989,93.0,0.0
710.1822521628059,94.0,0.0
710.1834184670633,93.0,0.0
710.1859321504329,92.0,0.0
710.1897739467905,91.0,0.0
710.198756964692,92.0,0.0
710.2013271130922,91.0,0.0
710.2027596748173,90.0,0.0
710.2177037854636,89.0,0.0
710.2288859871387,88.0,0.0
710.253789074912,89.0,0.0
710.2677241641136,90.0,0.0
710.2696521425711,91.0,0.0
710.2727090578048,92.0,0.0
710.2728683659938,93.0,0.0
710.283556480827,94.0,0.0
710.2876054048805,95.0,0.0
710.2923550079754,96.0,0.0
710.294655336593,97.0,0.0
710.3043212954469,96.0,0.0
710.3063528247746,97.0,0.0
710.3093378674033,96.0,0.0
710.3239099571697,95.0,0.0
710.3267636231002,96.0,0.0
710.3287000778199,97.0,0.0
710.3400540224579,96.0,0.0
710.3423188621798,95.0,0.0
710.3451205841442,96.0,0.0
710.3499787147866,95.0,0.0
710.3505701170083,94.0,0.0
710.361331449621,93.0,0.0
710.3694309908369,92.0,0.0
710.3795393574139,91.0,0.0
710.3867999142268,90.0,0.0
710.3893461001986,89.0,0.0
710.3896561131302,88.0,0.0
710.3970296082972,87.0,0.0
710.4038095128983,86.0,0.0
710.4041244397041,87.0,0.0
710.4073452035091,86.0,0.0
710.4110419485485,85.0,0.0
710.412265847306,84.0,0.0
710.4253385344887,83.0,0.0
710.4294206342668,82.0,0.0
710.432446660677,83.0,0.0
710.4467286582927,82.0,0.0
710.4479216423954,81.0,0.0
710.456695109883,80.0,0.0
710.4809336896132,79.0,0.0
710.4962863273687,80.0,0.0
710.4976045804159,79.0,0.0
710.4998638460911,80.0,0.0
710.5226848399997,81.0,0.0
710.5257082944399,80.0,0.0
710.5325319624543,79.0,0.0
710.541953671086,78.0,0.0
710.5487928815309,77.0,0.0
710.574966784893,76.0,0.0
710.5794831325983,77.0,0.0
710.5799773153909,76.0,0.0
710.5835149250336,75.0,0.0
710.583695174957,74.0,0.0
710.5894200798631,73.0,0.0
710.5954288020132,74.0,0.0
710.5988228736854,73.0,0.0
710.6006175412748,72.0,0.0
710.6016959127496,71.0,0.0
710.6095869096414,72.0,0.0
710.6201357357619,73.0,0.0
710.6294656887238,72.0,0.0
710.6337581655058,71.0,0.0
710.6446580155434,72.0,0.0
710.6463347372869,71.0,0.0
710.6516530060491,70.0,0.0
710.6796546433891,69.0,0.0
710.6923342590574,70.0,0.0
710.7007942470381,71.0,0.0
710.7083459958433,70.0,0.0
710.7246119361656,71.0,0.0
710.7368345851628,72.0,0.0
710.7423840742993,71.0,0.0
710.7433891296693,72.0,0.0
710.744448344665,73.0,0.0
710.748812038557,72.0,0.0
710.7595390056833,73.0,0.0
710.764394570527,74.0,0.0
710.7937632146084,73.0,0.0
710.7947018168278,72.0,0.0
710.7959905786037,73.0,0.0
710.8087116193282,72.0,0.0
710.8303109701775,71.0,0.0
710.8363880634644,70.0,0.0
710.8572009279219,69.0,0.0
710.8643072539808,68.0,0.0
710.8688078965971,69.0,0.0
710.8692516435002,68.0,0.0
710.87547876712,67.0,0.0
710.876457156484,68.0,0.0
710.8895819486095,67.0,0.0
710.8920391746924,68.0,0.0
710.8962244470678,67.0,0.0
710.91552645728,66.0,0.0
710.936610411726,65.0,0.0
710.9388363931031,64.0,0.0
710.9429802258245,65.0,0.0
710.9438696007654,66.0,0.0
710.944352137564,65.0,0.0
710.9445388263368,66.0,0.0
710.949535970791,65.0,0.0
710.953358650971,66.0,0.0
710.9716813184432,65.0,0.0
710.9737828008784,64.0,0.0
710.9750649977549,63.0,0.0
710.9754124886276,62.0,0.0
710.9836920888621,61.0,0.0
711.0014454822239,62.0,0.0
711.0059981402942,61.0,0.0
711.0069552804972,60.0,0.0
711.012794801727,59.0,0.0
711.0128643498723,58.0,0.0
711.0186689102101,59.0,0.0
711.0495018439394,60.0,0.0
711.0529897880571,61.0,0.0
711.0644442651648,60.0,0.0
711.0655309749544,61.0,0.0
711.0753307893542,60.0,0.0
711.0791696006116,59.0,0.0
711.0817192802061,58.0,0.0
711.0992934857509,59.0,0.0
711.1062660019653,58.0,0.0
711.1392423235952,59.0,0.0
711.1398845566719,60.0,0.0
711.1423416410406,61.0,0.0
711.154120217391,60.0,0.0
711.1741920931266,59.0,0.0
711.1802059790261,58.0,0.0
711.1866756377668,57.0,0.0
711.1929654314605,56.0,0.0
711.199041994693,57.0,0.0
711.210273521811,58.0,0.0
711.2156499942416,57.0,0.0
711.21842316279,56.0,0.0
711.2191646857067,55.0,0.0
711.2214538792906,54.0,0.0
711.2238179360313,55.0,0.0
711.2288037751239,54.0,0.0
711.246970001996,55.0,0.0
711.2612865883231,56.0,0.0
711.2826660181402,55.0,0.0
711.3066581405417,54.0,0.0
711.3090988144039,53.0,0.0
711.3146061813653,54.0,0.0
711.326721650394,55.0,0.0
711.3331257853471,56.0,0.0
711.3442662131492,57.0,0.0
711.3473435796568,56.0,0.0
711.3649374621036,55.0,0.0
711.3717423200741,56.0,0.0
711.3800391821147,55.0,0.0
711.3852370578763,56.0,0.0
711.4010080926495,55.0,0.0
711.4010095663509,56.0,0.0
711.4091341572148,57.0,0.0
711.4166854050566,58.0,0.0
711.4188961113272,57.0,0.0
711.4209306944177,56.0,0.0
711.4321607979139,55.0,0.0
711.4330310645945,54.0,0.0
711.4361401502775,53.0,0.0
711.441096643262,52.0,0.0
711.4466466147919,53.0,0.0
711.447440647427,52.0,0.0
711.450055953209,51.0,0.0
711.4538717038581,52.0,0.0
711.4606693789319,53.0,0.0
711.4611234518634,52.0,0.0
711.4648440902444,53.0,0.0
711.4673380559377,52.0,0.0
711.4704908751183,53.0,0.0
711.4821287143035,54.0,0.0
711.5023544831402,55.0,0.0
711.507382771259,54.0,0.0
711.5148641314407,53.0,0.0
711.5176733439944,52.0,0.0
711.5284856567049,51.0,0.0
711.5377249391862,50.0,0.0
711.540517804631,51.0,0.0
711.547718095609,50.0,0.0
711.5587602723712,49.0,0.0
711.5632668729252,50.0,0.0
711.5645702003052,51.0,0.0
711.5661375847708,50.0,0.0
711.5736842852265,49.0,0.0
711.5849185242415,48.0,0.0
711.5850482976007,49.0,0.0
711.5860898014677,48.0,0.0
711.5919505344241,47.0,0.0
711.6039686584124,46.0,0.0
711.6120096815646,47.0,0.0
711.6170554779603,46.0,0.0
711.6194391314649,47.0,0.0
711.622179185053,48.0,0.0
711.622581416202,47.0,0.0
711.624918960517,46.0,0.0
711.6260433384439,45.0,0.0
711.6350330793009,46.0,0.0
711.6412347240379,45.0,0.0
711.6428242170675,44.0,0.0
711.6482376584468,43.0,0.0
711.6520637953122,42.0,0.0
711.6634139987525,41.0,0.0
711.6928267161144,40.0,0.0
711.7024832933066,39.0,0.0
711.7125513088125,40.0,0.0
711.7175420314064,41.0,0.0
711.7221070157683,42.0,0.0
711.7409763132691,41.0,0.0
711.753601208294,42.0,0.0
711.7560796254229,41.0,0.0
711.7669117075284,40.0,0.0
711.7930674218145,39.0,0.0
711.7962555923565,40.0,0.0
711.7999779347682,41.0,0.0
711.81146113703,40.0,0.0
711.8179649875897,41.0,0.0
711.8653951836181,42.0,0.0
711.8741172314874,43.0,0.0
711.8766987189985,42.0,0.0
711.9004971152651,41.0,0.0
711.900610690503,40.0,0.0
711.918273223129,39.0,0.0
711.9228119348835,40.0,0.0
711.9247188422449,39.0,0.0
711.9260894132071,40.0,0.0
711.9313721399374,39.0,0.0
711.9682583557997,38.0,0.0
711.980292625686,37.0,0.0
711.9889181791297,36.0,0.0
712.0091432351963,35.0,0.0
712.0138672776935,34.0,0.0
712.0152323034629,33.0,0.0
712.0233880960506,32.0,0.0
712.0421488589022,33.0,0.0
712.0452237790364,32.0,0.0
712.04547351414,31.0,0.0
712.053381547105,32.0,0.0
712.0573558577278,31.0,0.0
712.0704501587871,30.0,0.0
712.0851530935711,29.0,0.0
712.0897990276011,28.0,0.0
712.1010033752648,27.0,0.0
712.1056203042187,28.0,0.0
712.1113995291569,29.0,0.0
712.1256811067493,28.0,0.0
712.1301158746885,29.0,0.0
712.1518360744128,30.0,0.0
712.1601506451631,31.0,0.0
712.1815009284986,30.0,0.0
712.1846301528086,31.0,0.0
712.196533311677,30.0,0.0
712.1977865572654,29.0,0.0
712.2010881192782,28.0,0.0
712.225305721377,27.0,0.0
712.2365877661015,28.0,0.0
712.24501100662,27.0,0.0
712.2525401623318,26.0,0.0
712.2750506286266,25.0,0.0
712.2781048194641,24.0,0.0
712.2790844717681,23.0,0.0
712.2792801525555,22.0,0.0
712.2844685327561,21.0,0.0
712.2847186920158,22.0,0.0
712.2847430384428,21.0,0.0
712.2927159142478,22.0,0.0
712.3024308187174,23.0,0.0
712.3031746306052,22.0,0.0
712.3051855806128,23.0,0.0
712.3194219563215,24.0,0.0
712.3270048921075,25.0,0.0
712.3654845669496,24.0,0.0
712.371496132348,25.0,0.0
712.3745789754931,24.0,0.0
712.3772192542497,25.0,0.0
712.4022017713098,24.0,0.0
712.4177646158882,23.0,0.0
712.451073479925,22.0,0.0
712.458645754935,21.0,0.0
712.4603321301029,20.0,0.0
712.4703687537068,21.0,0.0
712.4782547905091,22.0,0.0
712.4804221322698,23.0,0.0
712.483063804196,22.0,0.0
712.5081298535868,21.0,0.0
712.5135909898706,20.0,0.0
712.5153270827794,19.0,0.0
712.5178859832974,18.0,0.0
712.5216257153381,17.0,0.0
712.5234290053588,18.0,0.0
712.5365966138382,19.0,0.0
712.5369910221706,18.0,0.0
712.568896486922,19.0,0.0
712.5778727768279,20.0,0.0
712.582560087778,21.0,0.0
712.5851670192683,22.0,0.0
712.5919493484463,21.0,0.0
712.5987084456838,20.0,0.0
712.613068569463,19.0,0.0
712.6161180084883,18.0,0.0
712.6269918458073,17.0,0.0
712.6296951404911,16.0,0.0
712.6305505446946,17.0,0.0
712.6328161251822,16.0,0.0
712.651196820389,15.0,0.0
712.6559653983629,16.0,0.0
712.6643137961885,15.0,0.0
712.6736020821672,16.0,0.0
712.6900977903875,17.0,0.0
712.6939396142092,16.0,0.0
712.714217198221,17.0,0.0
712.7252020363868,16.0,0.0
712.7395969972295,15.0,0.0
712.7736057882279,16.0,0.0
712.7751594104595,15.0,0.0
712.8055495152479,14.0,0.0
712.8271528462301,13.0,0.0
712.8278155589242,14.0,0.0
712.846633800921,13.0,0.0
712.8578778920884,12.0,0.0
712.8620298302297,11.0,0.0
712.8628724507645,12.0,0.0
712.8697465563546,13.0,0.0
712.8730506624901,12.0,0.0
712.8962318577117,11.0,0.0
712.9199869632457,12.0,0.0
712.931034839928,11.0,0.0
712.9408044081373,10.0,0.0
712.948369957295,11.0,0.0
712.965184105921,10.0,0.0
712.9795573304046,11.0,0.0
713.0089721996213,10.0,0.0
713.0134014059147,9.0,0.0
713.0274546207712,8.0,0.0
713.0362220666583,7.0,0.0
713.0499113210166,8.0,0.0
713.0533072447053,7.0,0.0
713.0755366056228,6.0,0.0
713.0773801581033,7.0,0.0
713.0806500777516,8.0,0.0
713.1125089722253,7.0,0.0
713.1195075111217,6.0,0.0
713.1217985362308,5.0,0.0
713.1293002896159,4.0,0.0
713.1348600959752,3.0,0.0
713.1416047611191,2.0,0.0
713.1600277728472,1.0,0.0
713.1728351371396,0.0,0.0
713.1991180357646,1.0,0.0
713.2232797273009,2.0,0.0
713.2357993969504,1.0,0.0
713.2390534830121,0.0,0.0
713.2411505182139,1.0,0.0
713.2418732429186,0.0,0.0
713.2467771207496,1.0,0.0
713.261659836106,0.0,0.0
713.2757061097094,1.0,0.0
713.3073747685306,0.0,0.0
713.3472085484757,1.0,0.0
713.3689745450076,2.0,0.0
713.3715750316301,3.0,0.0
713.3774572185187,2.0,0.0
713.3884414371215,1.0,0.0
713.4125735096753,0.0,0.0
713.4454811762477,1.0,0.0
713.4846523221844,0.0,0.0
713.55761898028,1.0,0.0
713.5725550081685,0.0,0.0
713.6076325498933,1.0,0.0
713.6164940919582,0.0,0.0
713.6839743261852,1.0,0.0
713.688570071357,2.0,0.0
713.7091982618762,1.0,0.0
713.7298265706748,0.0,0.0
713.755869569945,1.0,0.0
713.7700031830581,0.0,0.0
713.7713971468552,1.0,0.0
713.7831320299517,2.0,0.0
713.7843554049246,1.0,0.0
713.7865563214918,2.0,0.0
713.7907954248022,1.0,0.0
713.8218682319464,2.0,0.0
713.8322971836778,3.0,0.0
713.8329684351323,2.0,0.0
713.8434791118533,3.0,0.0
713.8473545176355,2.0,0.0
713.8547703734345,3.0,0.0
713.9011812704107,2.0,0.0
713.90355318344,3.0,0.0
713.9159026101686,4.0,0.0
713.9190848746803,3.0,0.0
713.981036391771,2.0,0.0
713.9822275269905,1.0,0.0
714.0228910094299,2.0,0.0
714.0282666421775,1.0,0.0
714.0423896670209,0.0,0.0
714.1611105909246,1.0,0.0
714.1931882256946,2.0,0.0
714.2011187621517,1.0,0.0
714.2074911461804,0.0,0.0
714.2796376884914,1.0,0.0
714.3036306853043,0.0,0.0
714.3335623013696,1.0,0.0
714.3484576024421,2.0,0.0
714.3648900829489,1.0,0.0
714.3865599503804,2.0,0.0
714.40391359023,1.0,0.0
714.454879006493,0.0,0.0
714.5042286586323,1.0,0.0
714.520520754877,0.0,0.0
714.7925483129202,1.0,0.0
714.8011710712872,0.0,0.0
715.0126598977351,1.0,0.0
715.0634669233193,0.0,0.0
715.1393595340666,1.0,0.0
715.1420761943301,0.0,0.0
715.1482110714611,1.0,0.0
715.1918745938198,0.0,0.0
715.2092413926454,1.0,0.0
715.214939375739,0.0,0.0
715.2915328751528,1.0,0.0
715.2937199854249,2.0,0.0
715.2945782399129,1.0,0.0
715.3165200387854,0.0,0.0
715.3403498192407,1.0,0.0
715.365568968052,2.0,0.0
715.4230815948035,3.0,0.0
715.4300737744252,2.0,0.0
715.4458188690875,1.0,0.0
715.4481810852766,0.0,0.0
715.4494684571539,1.0,0.0
715.497192154764,0.0,0.0
715.5064005945201,1.0,0.0
715.5395047440746,0.0,0.0
715.5425444293313,1.0,0.0
715.5443608002945,0.0,0.0
715.7695804985369,1.0,0.0
715.790971226487,2.0,0.0
715.8046045371569,1.0,0.0
715.8252282941412,0.0,0.0
715.8586314162296,1.0,0.0
715.8618968271704,2.0,0.0
715.8658469314223,3.0,0.0
715.8734492581876,4.0,0.0
715.8900021934277,3.0,0.0
715.901606978508,4.0,0.0
715.9077130426692,3.0,0.0
715.9161424097878,4.0,0.0
715.9414699921168,3.0,0.0
715.9502273576613,2.0,0.0
715.9572603941224,1.0,0.0
715.9853950938597,2.0,0.0
716.0092082112336,1.0,0.0
716.0259959331119,0.0,0.0
716.0663368658575,1.0,0.0
716.0680137471882,0.0,0.0
716.0778502861933,1.0,0.0
716.0822296301126,0.0,0.0
716.1068224110984,1.0,0.0
716.1114588736257,0.0,0.0
716.1384346641416,1.0,0.0
716.1417113333962,0.0,0.0
716.1844563711043,1.0,0.0
716.2020216080398,2.0,0.0
716.2521466191764,1.0,0.0
716.2642600865771,0.0,0.0
716.290947394872,1.0,0.0
716.2971927897252,2.0,0.0
716.302643362151,3.0,0.0
716.3081416027636,4.0,0.0
716.3344129041828,3.0,0.0
716.3378292447528,2.0,0.0
716.341618814412,3.0,0.0
716.3646904485902,2.0,0.0
716.3684444311341,1.0,0.0
716.3723474895808,2.0,0.0
716.3737603966038,1.0,0.0
716.3746129702665,2.0,0.0
716.4417469375228,3.0,0.0
716.4475970769623,2.0,0.0
716.460400401311,3.0,0.0
716.4674155691929,2.0,0.0
716.4701905914562,3.0,0.0
716.472114416101,2.0,0.0
716.4748044557775,1.0,0.0
716.4789822867249,2.0,0.0
716.4809553194777,1.0,0.0
716.4841911346899,2.0,0.0
716.5402425132836,3.0,0.0
716.5574508622196,2.0,0.0
716.5652071241767,3.0,0.0
716.5727467214936,2.0,0.0
716.5789591296912,3.0,0.0
716.5904158733589,2.0,0.0
716.5937706780697,1.0,0.0
716.616000343406,2.0,0.0
716.6169589244158,1.0,0.0
716.6186744589459,0.0,0.0
716.6199306096105,1.0,0.0
716.6332412575513,2.0,0.0
716.6522013147195,1.0,0.0
716.6854673495518,2.0,0.0
716.686767397544,3.0,0.0
716.6876961424733,4.0,0.0
716.7084837149389,5.0,0.0
716.7128185525404,4.0,0.0
716.7138474498178,3.0,0.0
716.7143965232551,2.0,0.0
716.7174269562419,1.0,0.0
716.726365426898,0.0,0.0
716.8153907563294,1.0,0.0
716.8236925059488,2.0,0.0
716.8319023309213,3.0,0.0
716.8431105113956,2.0,0.0
716.8710919482429,1.0,0.0
716.8712810468419,2.0,0.0
716.8804184806502,1.0,0.0
716.8851287187795,0.0,0.0
716.8874102958176,1.0,0.0
716.9016036457174,2.0,0.0
716.902682138962,3.0,0.0
716.9096451638038,2.0,0.0
716.9181473965542,3.0,0.0
716.9539549432701,4.0,0.0
716.9653825613613,3.0,0.0
716.9668085386477,4.0,0.0
716.9769656108407,5.0,0.0
716.9823018672478,4.0,0.0
716.9921177490208,5.0,0.0
717.0202379430561,4.0,0.0
717.0413177488936,3.0,0.0
717.0454051628166,2.0,0.0
717.0747952640695,1.0,0.0
717.0845367896957,2.0,0.0
717.085835614766,3.0,0.0
717.1272995164168,2.0,0.0
717.1455695471666,3.0,0.0
717.1612082120236,2.0,0.0
717.1716501489948,1.0,0.0
717.1731666238107,0.0,0.0
717.1774731202538,1.0,0.0
717.1832059865161,0.0,0.0
717.1882898306043,1.0,0.0
717.1923947399998,0.0,0.0
717.2036780738623,1.0,0.0
717.2077515502856,0.0,0.0
717.2159880245451,1.0,0.0
717.2266429188952,2.0,0.0
717.237699111239,3.0,0.0
717.240572359592,4.0,0.0
717.2459169921584,3.0,0.0
717.2537048017415,4.0,0.0
717.2619671005065,5.0,0.0
717.2784528670688,6.0,0.0
717.3124439847899,7.0,0.0
717.3512524367258,6.0,0.0
717.3566268948613,5.0,0.0
717.3590554806616,6.0,0.0
717.3606788882893,5.0,0.0
717.3708530468965,4.0,0.0
717.3823978997406,3.0,0.0
717.384194635683,2.0,0.0
717.3844724868278,1.0,0.0
717.396972505353,0.0,0.0
717.4038665173505,1.0,0.0
717.4086419092545,2.0,0.0
717.4089961864084,3.0,0.0
717.4209825068389,2.0,0.0
717.4517135751872,1.0,0.0
717.4589053540366,2.0,0.0
717.488374401612,3.0,0.0
717.4884042495391,4.0,0.0
717.4899700927033,3.0,0.0
717.4931225099219,2.0,0.0
717.4971124903367,1.0,0.0
717.4972024475403,2.0,0.0
717.4989527968912,1.0,0.0
717.5298196582253,2.0,0.0
717.5389014755168,1.0,0.0
717.5585855387228,0.0,0.0
717.5962799632521,1.0,0.0
717.6094481784534,2.0,0.0
717.610617519876,3.0,0.0
717.6326725715462,2.0,0.0
717.6351393180692,1.0,0.0
717.6889905274429,0.0,0.0
717.6903063328989,1.0,0.0
717.6967491255128,2.0,0.0
717.6973260759554,3.0,0.0
717.7024689926292,4.0,0.0
717.7071449296402,3.0,0.0
717.7075204230391,4.0,0.0
717.710833713354,5.0,0.0
717.7138863777799,6.0,0.0
717.7151791678517,5.0,0.0
717.71665973991,6.0,0.0
717.7198600015545,7.0,0.0
717.7276051518041,6.0,0.0
717.7286756783989,5.0,0.0
717.7407982806264,6.0,0.0
717.7415128539341,5.0,0.0
717.746471977648,4.0,0.0
717.7489655605838,3.0,0.0
717.7717322513525,4.0,0.0
717.7899555488681,5.0,0.0
717.7902391278345,4.0,0.0
717.7975587395165,3.0,0.0
717.7991588466222,2.0,0.0
717.8129410258346,3.0,0.0
717.8193848736399,2.0,0.0
717.84531886933,3.0,0.0
717.8635292384594,4.0,0.0
717.8751813322399,3.0,0.0
717.882564472808,4.0,0.0
717.895668167912,5.0,0.0
717.8981213238498,6.0,0.0
717.9098576531707,5.0,0.0
717.9120510164972,6.0,0.0
717.9165761408174,5.0,0.0
717.9304867526955,6.0,0.0
717.9526296202816,5.0,0.0
717.9553816641618,6.0,0.0
717.9703098881009,7.0,0.0
717.9803491425827,6.0,0.0
717.9818891568332,7.0,0.0
717.9827275107807,8.0,0.0
717.9984612870451,9.0,0.0
718.0090795366456,10.0,0.0
718.0121986172369,9.0,0.0
718.0123900459938,10.0,0.0
718.0142824781151,9.0,0.0
718.023043592113,8.0,0.0
718.0303378579675,9.0,0.0
718.0494367382345,10.0,0.0
718.0504636867503,9.0,0.0
718.052014269262,8.0,0.0
718.0569724133285,7.0,0.0
718.0578611405695,6.0,0.0
718.0713172552967,5.0,0.0
718.0714808274041,6.0,0.0
718.0727735721023,7.0,0.0
718.0927374373133,6.0,0.0
718.0948532474422,5.0,0.0
718.1022584472391,6.0,0.0
718.1116618907452,7.0,0.0
718.1239320296737,6.0,0.0
718.1308704027564,5.0,0.0
718.1467723365629,6.0,0.0
718.1489556607377,5.0,0.0
718.1515916579776,4.0,0.0
718.1525198416685,5.0,0.0
718.1539513203976,4.0,0.0
718.1607899903602,5.0,0.0
718.1816233146658,6.0,0.0
718.1831877520119,5.0,0.0
718.1832768479082,6.0,0.0
718.1837131998253,5.0,0.0
718.18792271538,6.0,0.0
718.1884256888304,7.0,0.0
718.190523770211,6.0,0.0
718.1905550019379,7.0,0.0
718.2039432398248,8.0,0.0
718.2082398590366,7.0,0.0
718.2182169397477,8.0,0.0
718.2461328824004,9.0,0.0
718.2493068276054,8.0,0.0
718.2535755544088,7.0,0.0
718.2537323462462,8.0,0.0
718.2759996934004,7.0,0.0
718.2873585913253,8.0,0.0
718.2893395494663,9.0,0.0
718.2907628860626,8.0,0.0
718.2964153746733,9.0,0.0
718.2993062955193,8.0,0.0
718.3188497980304,9.0,0.0
718.319698919507,10.0,0.0
718.3211507838079,11.0,0.0
718.3243351197988,12.0,0.0
718.3284160482887,13.0,0.0
718.3316831707127,12.0,0.0
718.3399579449772,11.0,0.0
718.3440522156025,12.0,0.0
718.3470318852426,13.0,0.0
718.3474438905981,14.0,0.0
718.3481965561837,15.0,0.0
718.356634755392,14.0,0.0
718.382033864883,13.0,0.0
718.3823258295484,14.0,0.0
718.3904182809874,15.0,0.0
718.3962771261856,14.0,0.0
718.3995002308031,15.0,0.0
718.4094643127604,14.0,0.0
718.4260575590612,13.0,0.0
718.4431025140871,12.0,0.0
718.459136150511,13.0,0.0
718.4672289423951,14.0,0.0
718.4720455306142,15.0,0.0
718.4784952244997,16.0,0.0
718.481520312437,17.0,0.0
718.4876642872317,16.0,0.0
718.4976042621379,15.0,0.0
718.514590531666,14.0,0.0
718.5172992834415,15.0,0.0
718.5208958590027,14.0,0.0
718.5234806704418,15.0,0.0
718.5294527484408,14.0,0.0
718.5398782810003,15.0,0.0
718.5434040914432,14.0,0.0
718.5555060928025,13.0,0.0
718.5625666866248,12.0,0.0
718.5643798037597,11.0,0.0
718.5647213653964,10.0,0.0
718.5720328083705,11.0,0.0
718.5752513041351,12.0,0.0
718.5785775880335,11.0,0.0
718.5792122721259,10.0,0.0
718.5839206688742,9.0,0.0
718.5965618549473,10.0,0.0
718.604228559968,9.0,0.0
718.6053975575686,10.0,0.0
718.6085787927967,11.0,0.0
718.6232600039087,10.0,0.0
718.6261886966103,9.0,0.0
718.6345585764585,8.0,0.0
718.6362859668421,7.0,0.0
718.6373934556702,8.0,0.0
718.6417349000969,7.0,0.0
718.642619858435,8.0,0.0
718.643436131171,9.0,0.0
718.6467511813942,10.0,0.0
718.66886887072,11.0,0.0
718.6696473030452,12.0,0.0
718.6778475205159,11.0,0.0
718.6807424119718,10.0,0.0
718.6833219685153,11.0,0.0
718.6937202975678,12.0,0.0
718.694141658643,11.0,0.0
718.7075926444553,12.0,0.0
718.7264775676841,11.0,0.0
718.7300588222658,10.0,0.0
718.7329764892527,9.0,0.0
718.7333206557962,8.0,0.0
718.7380833278287,9.0,0.0
718.7576421927026,8.0,0.0
718.7608964412547,9.0,0.0
718.761329559754,10.0,0.0
718.7843683279269,9.0,0.0
718.7852230364533,8.0,0.0
718.7868876511704,9.0,0.0
718.7870415157794,10.0,0.0
718.7929277634887,9.0,0.0
718.7971958465552,8.0,0.0
718.7992278441419,7.0,0.0
718.8026456723345,8.0,0.0
718.82017035106,9.0,0.0
718.8248873378467,10.0,0.0
718.8395713016379,11.0,0.0
718.8402391616122,10.0,0.0
718.8403971881675,11.0,0.0
718.8514944176306,12.0,0.0
718.8578630238507,11.0,0.0
718.8727042928917,12.0,0.0
718.8761032362411,13.0,0.0
718.8766251959651,14.0,0.0
718.8780362062622,13.0,0.0
718.8817221960525,12.0,0.0
718.8841935526193,13.0,0.0
718.8896783468947,12.0,0.0
718.8911331376073,13.0,0.0
718.892878763384,14.0,0.0
718.8930158483336,15.0,0.0
718.8936005623248,16.0,0.0
718.8997587246406,17.0,0.0
718.9013175147701,16.0,0.0
718.9223402289392,17.0,0.0
718.92372056879,18.0,0.0
718.9266356404687,19.0,0.0
718.9294767342195,18.0,0.0
718.9318920688502,19.0,0.0
718.9376219742828,20.0,0.0
718.9381070327557,19.0,0.0
718.9411250430992,20.0,0.0
718.9429927669357,21.0,0.0
718.9528154723652,20.0,0.0
718.9591128592533,19.0,0.0
718.9613647694543,20.0,0.0
718.9724405032839,21.0,0.0
718.9749975799334,22.0,0.0
718.977885465921,21.0,0.0
718.9948075931785,20.0,0.0
718.9970115245778,19.0,0.0
718.9991259215607,18.0,0.0
719.0199373112746,19.0,0.0
719.0209304475542,18.0,0.0
719.0228144628653,19.0,0.0
719.0255386574144,18.0,0.0
719.0352012035263,19.0,0.0
719.0373330375855,20.0,0.0
719.0398985006706,19.0,0.0
719.0409578818819,20.0,0.0
719.0555092828504,21.0,0.0
719.0561769838355,22.0,0.0
719.0672986841845,23.0,0.0
719.0680916060841,24.0,0.0
719.0708941425037,25.0,0.0
719.0784185579242,26.0,0.0
719.079535126787,25.0,0.0
719.0801762224035,24.0,0.0
719.0855956966222,25.0,0.0
719.085768528824,26.0,0.0
719.1134258108237,27.0,0.0
719.1363743905931,28.0,0.0
719.1391708916333,27.0,0.0
719.1525541754365,26.0,0.0
719.1567714268151,25.0,0.0
719.1669843843315,24.0,0.0
719.168804713692,25.0,0.0
719.1786236672094,24.0,0.0
719.1900511848122,23.0,0.0
719.1933076462414,22.0,0.0
719.195318352006,23.0,0.0
719.1957281004683,24.0,0.0
719.1970332885675,25.0,0.0
719.1976034194189,26.0,0.0
719.1976653212861,25.0,0.0
719.2006142715641,24.0,0.0
719.2006338377712,25.0,0.0
719.2022252182038,26.0,0.0
719.2028515457049,25.0,0.0
719.2044305071606,26.0,0.0
719.2192679232212,25.0,0.0
719.2215852681569,24.0,0.0
719.2296821002953,25.0,0.0
719.2306170550395,24.0,0.0
719.233278736125,25.0,0.0
719.2333966943664,24.0,0.0
719.2376228322355,25.0,0.0
719.2406992671974,24.0,0.0
719.2575291240729,25.0,0.0
719.2598063171126,26.0,0.0
719.2599132546071,27.0,0.0
719.2654497337792,28.0,0.0
719.2685282775142,27.0,0.0
719.2832336119595,28.0,0.0
719.2930062517955,27.0,0.0
719.2992119902902,28.0,0.0
719.3116207131413,27.0,0.0
719.3128877409313,26.0,0.0
719.3137705979632,25.0,0.0
719.3174908932302,24.0,0.0
719.3177817747165,25.0,0.0
719.32960760069,26.0,0.0
719.344619691892,25.0,0.0
719.347017275468,24.0,0.0
719.3600099175039,25.0,0.0
719.3689982832725,24.0,0.0
719.3724267683324,25.0,0.0
719.3737381662331,26.0,0.0
719.3752575187663,27.0,0.0
719.3780138702581,28.0,0.0
719.3840602636004,27.0,0.0
719.3851543811495,28.0,0.0
719.3885030775737,27.0,0.0
719.3885421339203,26.0,0.0
719.3955341071768,27.0,0.0
719.396793869755,28.0,0.0
719.4042659660304,27.0,0.0
719.4067372207875,28.0,0.0
719.4177918332458,29.0,0.0
719.4215072518571,30.0,0.0
719.4218102121247,31.0,0.0
719.4230710798046,32.0,0.0
719.4271010614449,33.0,0.0
719.4311364671361,34.0,0.0
719.4319780224424,35.0,0.0
719.4488198730324,36.0,0.0
719.4529412549698,35.0,0.0
719.4552794938671,36.0,0.0
719.4609107133846,37.0,0.0
719.4642727120017,36.0,0.0
719.4680021920417,37.0,0.0
719.4748621180129,38.0,0.0
719.478334093457,39.0,0.0
719.4941244530733,40.0,0.0
719.4985080511111,39.0,0.0
719.4986610761503,38.0,0.0
719.5036682890641,39.0,0.0
719.5167265970942,40.0,0.0
719.5178015326093,39.0,0.0
719.5282960295423,38.0,0.0
719.5307947232814,37.0,0.0
719.5364796299561,36.0,0.0
719.5380952000746,37.0,0.0
719.5394006813763,36.0,0.0
719.5417608006379,35.0,0.0
719.5543082269056,36.0,0.0
719.554349539167,35.0,0.0
719.5637815758772,34.0,0.0
719.5657117998444,35.0,0.0
719.5666558349455,36.0,0.0
719.5666955559449,35.0,0.0
719.572561061122,36.0,0.0
719.5807760254141,37.0,0.0
719.584754155282,38.0,0.0
719.5866102076637,37.0,0.0
719.588314903502,36.0,0.0
719.5931219302685,35.0,0.0
719.6079608143336,36.0,0.0
719.6198059553305,37.0,0.0
719.6257035450021,38.0,0.0
719.6327604962947,39.0,0.0
719.6332272729984,38.0,0.0
719.6487374704433,39.0,0.0
719.64994418356,38.0,0.0
719.6506895104338,39.0,0.0
719.6554922055959,38.0,0.0
719.656586288798,37.0,0.0
719.6651567315567,36.0,0.0
719.6686249328046,35.0,0.0
719.6695986987004,34.0,0.0
719.6824460501635,35.0,0.0
719.6843750005825,36.0,0.0
719.6887432875675,35.0,0.0
719.6950527134053,36.0,0.0
719.7018278803639,35.0,0.0
719.703489666265,34.0,0.0
719.7045777943105,33.0,0.0
719.7128625873348,34.0,0.0
719.7171654456325,35.0,0.0
719.7195939850054,36.0,0.0
719.7246719484127,37.0,0.0
719.7246728740056,38.0,0.0
719.7281502123018,37.0,0.0
719.7356839736896,38.0,0.0
719.7389132098934,39.0,0.0
719.7393744150202,40.0,0.0
719.7407408807533,41.0,0.0
719.752307820162,42.0,0.0
719.7523823816998,43.0,0.0
719.7718695176719,44.0,0.0
719.7752684072448,45.0,0.0
719.7770297166161,44.0,0.0
719.7820999888042,43.0,0.0
719.7821395177878,44.0,0.0
719.7846141077011,45.0,0.0
719.7852191317291,44.0,0.0
719.7897206057078,43.0,0.0
719.8007379805789,44.0,0.0
719.8173081030031,43.0,0.0
719.8178056335477,42.0,0.0
719.8235500031539,43.0,0.0
719.8238344704561,42.0,0.0
719.827533562482,43.0,0.0
719.832313337479,44.0,0.0
719.8380796132133,45.0,0.0
719.8451668423216,46.0,0.0
719.8463162998485,47.0,0.0
719.8470179998375,48.0,0.0
719.8518168792051,47.0,0.0
719.8541389578007,46.0,0.0
719.856774403741,47.0,0.0
719.858971823303,46.0,0.0
719.8659430556912,47.0,0.0
719.8662963999685,48.0,0.0
719.8758147353675,49.0,0.0
719.8813634291513,48.0,0.0
719.882316626798,49.0,0.0
719.888819567439,48.0,0.0
719.8894278395231,47.0,0.0
719.8902475001124,48.0,0.0
719.8957195125287,49.0,0.0
719.9084933769697,50.0,0.0
719.9146066242856,49.0,0.0
719.9159412798267,48.0,0.0
719.9251446605854,47.0,0.0
719.9251538058276,48.0,0.0
719.9337867890268,49.0,0.0
719.9370454729525,48.0,0.0
719.9372061072621,47.0,0.0
719.9397519232804,46.0,0.0
719.9419727710964,47.0,0.0
719.9432476995142,48.0,0.0
719.9473100386317,47.0,0.0
719.9473779299897,48.0,0.0
719.9495252006744,47.0,0.0
719.9500320937071,48.0,0.0
719.9518003844919,49.0,0.0
719.9532863152319,48.0,0.0
719.9540553689089,49.0,0.0
719.9565444972429,48.0,0.0
719.959944835821,47.0,0.0
719.9762941260395,46.0,0.0
719.9790936704323,47.0,0.0
719.9819025005615,48.0,0.0
719.9848350938665,49.0,0.0
719.9894332233464,48.0,0.0
719.9912864717855,49.0,0.0
719.9957151951512,48.0,0.0
720.0006613744026,49.0,0.0
720.0135740703851,50.0,0.0
720.0152355070559,51.0,0.0
720.034328307172,52.0,0.0
720.0347275094387,51.0,0.0
720.041359454638,52.0,0.0
720.0562472017126,51.0,0.0
720.064081763576,50.0,0.0
720.0751249330916,51.0,0.0
720.0871399837139,52.0,0.0
720.0960356980429,53.0,0.0
720.1059433766218,54.0,0.0
720.1065479801646,55.0,0.0
720.1093522813694,54.0,0.0
720.123342392294,53.0,0.0
720.1398378675702,54.0,0.0
720.1445749298446,53.0,0.0
720.1477525825549,54.0,0.0
720.1563105622179,53.0,0.0
720.1629661270746,52.0,0.0
720.1705213808385,53.0,0.0
720.1729088697605,52.0,0.0
720.1743370210521,51.0,0.0
720.1762470844291,52.0,0.0
720.2119192302536,53.0,0.0
720.2161757791253,54.0,0.0
720.2171817884708,53.0,0.0
720.2247434789494,52.0,0.0
720.2347455597055,51.0,0.0
720.2393792565941,50.0,0.0
720.242135257601,51.0,0.0
720.2466974182263,50.0,0.0
720.247805838702,51.0,0.0
720.2492856281015,52.0,0.0
720.2517051532187,51.0,0.0
720.2520664601201,50.0,0.0
720.2525534317294,49.0,0.0
720.259278949479,50.0,0.0
720.2627064647589,51.0,0.0
720.2633842652373,52.0,0.0
720.2678486499618,51.0,0.0
720.2685939275292,50.0,0.0
720.2719721795273,49.0,0.0
720.2794996556621,50.0,0.0
720.2803284160453,49.0,0.0
720.2974001369322,50.0,0.0
720.3082309384222,51.0,0.0
720.3085266914868,52.0,0.0
720.3124933263346,53.0,0.0
720.3132891801831,54.0,0.0
720.3219302678432,53.0,0.0
720.3240665834584,52.0,0.0
720.3261903578239,53.0,0.0
720.3361741384467,54.0,0.0
720.3378646584139,55.0,0.0
720.3507518861671,54.0,0.0
720.3565729388409,55.0,0.0
720.3639317807408,54.0,0.0
720.3651139752067,53.0,0.0
720.3667181080779,52.0,0.0
720.3691603877785,51.0,0.0
720.3725844599111,52.0,0.0
720.3738514711952,53.0,0.0
720.374301072963,52.0,0.0
720.3766178519847,51.0,0.0
720.3902237758372,52.0,0.0
720.3924765961866,53.0,0.0
720.3995138759901,52.0,0.0
720.4015816548227,51.0,0.0
720.4036435423919,50.0,0.0
720.4060911838607,51.0,0.0
720.4073536803605,52.0,0.0
720.4078327643978,51.0,0.0
720.4206711955779,52.0,0.0
720.4234757829322,53.0,0.0
720.43445633814,52.0,0.0
720.4402627929645,51.0,0.0
720.4412240482071,50.0,0.0
720.4488488359251,51.0,0.0
720.4515587001414,52.0,0.0
720.4676526286556,53.0,0.0
720.4713248258602,52.0,0.0
720.4715754216068,53.0,0.0
720.4771448382468,54.0,0.0
720.4796834775251,55.0,0.0
720.4834074117242,56.0,0.0
720.4880063523424,55.0,0.0
720.4902669065872,56.0,0.0
720.4910159515904,55.0,0.0
720.5008743591155,54.0,0.0
720.509235273246,53.0,0.0
720.5202746750788,52.0,0.0
720.531609111665,53.0,0.0
720.5351244820893,54.0,0.0
720.5367414195741,55.0,0.0
720.5381870028408,54.0,0.0
720.5414100099076,55.0,0.0
720.5464354576663,54.0,0.0
720.5465014278183,55.0,0.0
720.5473491570385,54.0,0.0
720.5475259949955,55.0,0.0
720.5552548546341,56.0,0.0
720.5644298689168,57.0,0.0
720.5771368336867,56.0,0.0
720.5835082729039,57.0,0.0
720.5881545842249,58.0,0.0
720.5911085596251,57.0,0.0
720.594001384819,58.0,0.0
720.5966502665395,59.0,0.0
720.5977365718385,60.0,0.0
720.5996497267137,59.0,0.0
720.6003894590451,60.0,0.0
720.606265932712,61.0,0.0
720.6158162654932,62.0,0.0
720.6161081663444,63.0,0.0
720.6235340126824,64.0,0.0
720.6274703151486,65.0,0.0
720.6275634878505,64.0,0.0
720.6312745792335,63.0,0.0
720.6398383009049,62.0,0.0
720.6504530233848,61.0,0.0
720.6591220986596,62.0,0.0
720.671788770101,63.0,0.0
720.673147194032,64.0,0.0
720.6862310636395,65.0,0.0
720.6877517420096,66.0,0.0
720.6939212697038,67.0,0.0
720.7025636961507,68.0,0.0
720.7034934089286,69.0,0.0
720.7094431760297,70.0,0.0
720.719578586352,71.0,0.0
720.7213651601542,70.0,0.0
720.7222077882363,71.0,0.0
720.7286053809278,72.0,0.0
720.7297143848499,71.0,0.0
720.7336073743868,70.0,0.0
720.736087706333,71.0,0.0
720.7423901429761,72.0,0.0
720.7546702777083,73.0,0.0
720.7576330152227,72.0,0.0
720.7600654071329,73.0,0.0
720.7672475944386,74.0,0.0
720.771520275021,73.0,0.0
720.779842712483,74.0,0.0
720.7812936618012,75.0,0.0
720.7824591595063,74.0,0.0
720.784630721796,75.0,0.0
720.7916031591682,74.0,0.0
720.7941625720624,73.0,0.0
720.79479282021,74.0,0.0
720.7950966505967,75.0,0.0
720.797199883487,76.0,0.0
720.7987165751819,77.0,0.0
720.8105233028015,78.0,0.0
720.8169284339164,79.0,0.0
720.8342975616318,78.0,0.0
720.83984179478,77.0,0.0
720.8424230255147,78.0,0.0
720.847974256695,79.0,0.0
720.853064919271,80.0,0.0
720.8547112212506,79.0,0.0
720.8560985636263,80.0,0.0
720.8586612086999,79.0,0.0
720.8637334431728,80.0,0.0
720.8638405722479,81.0,0.0
720.8661219139586,82.0,0.0
720.8690854301202,83.0,0.0
720.8732521245419,82.0,0.0
720.8745702875568,81.0,0.0
720.8804510174518,80.0,0.0
720.8808654651068,79.0,0.0
720.8815759844463,78.0,0.0
720.9064915542136,77.0,0.0
720.9075485679006,78.0,0.0
720.910232989237,79.0,0.0
720.9117950275447,80.0,0.0
720.9133306066162,81.0,0.0
720.9135155953163,80.0,0.0
720.9156843760558,81.0,0.0
720.9160874357041,80.0,0.0
720.9162749336899,79.0,0.0
720.9180489043937,80.0,0.0
720.9227995828628,81.0,0.0
720.9229410296796,82.0,0.0
720.938678533995,81.0,0.0
720.9436284187166,82.0,0.0
720.9582449573916,83.0,0.0
720.9716058218489,84.0,0.0
720.974712082555,83.0,0.0
720.9749040735803,84.0,0.0
720.983829427098,85.0,0.0
720.9909144952877,86.0,0.0
720.9945440495944,87.0,0.0
721.0049452994364,88.0,0.0
721.0116843033278,89.0,0.0
721.0176597843223,90.0,0.0
721.0192352546756,91.0,0.0
721.023598277076,92.0,0.0
721.0241832403393,91.0,0.0
721.0307487251278,92.0,0.0
721.0348929245105,91.0,0.0
721.0355777309229,92.0,0.0
721.0390792460341,93.0,0.0
721.0412372450131,92.0,0.0
721.0459097005154,93.0,0.0
721.0464157578957,92.0,0.0
721.059342455466,93.0,0.0
721.0713844049054,94.0,0.0
721.0721968189769,95.0,0.0
721.0772817406254,96.0,0.0
721.0790088475778,95.0,0.0
721.0843305560913,96.0,0.0
721.0853444698408,97.0,0.0
721.0896640594967,96.0,0.0
721.0966993273728,95.0,0.0
721.1037927768818,96.0,0.0
721.1060878636067,97.0,0.0
721.1075799793848,98.0,0.0
721.1088601084093,97.0,0.0
721.1108850975468,98.0,0.0
721.120617407856,99.0,0.0
721.1212917153358,100.0,0.0
721.1218263495012,99.0,0.0
721.1269216244771,98.0,0.0
721.127870955422,97.0,0.0
721.1292859307763,96.0,0.0
721.1332106247353,95.0,0.0
721.137226656401,94.0,0.0
721.1429784502685,93.0,0.0
721.1442459839006,92.0,0.0
721.1466919202226,93.0,0.0
721.1537002771246,94.0,0.0
721.15454652025,95.0,0.0
721.1561642290106,94.0,0.0
721.1619406252933,93.0,0.0
721.1619787808178,92.0,0.0
721.1686237887368,93.0,0.0
721.1729463470816,94.0,0.0
721.1734442960077,93.0,0.0
721.1768092949372,92.0,0.0
721.1797819432236,93.0,0.0
721.1857629722947,94.0,0.0
721.1873417216699,95.0,0.0
721.1904487541991,94.0,0.0
721.2016171742819,93.0,0.0
721.2037693772712,94.0,0.0
721.2115666897198,93.0,0.0
721.213934182333,92.0,0.0
721.2162321819036,91.0,0.0
721.2171168413759,92.0,0.0
721.2248392952708,91.0,0.0
721.2288877979909,90.0,0.0
721.2402997738387,89.0,0.0
721.2421344437741,88.0,0.0
721.2438284427933,87.0,0.0
721.2511823214367,86.0,0.0
721.2656137580967,87.0,0.0
721.2682659112436,86.0,0.0
721.2749624535986,87.0,0.0
721.2791375336794,86.0,0.0
721.2859715270444,87.0,0.0
721.2894094034847,86.0,0.0
721.296952885512,87.0,0.0
721.2980173702006,88.0,0.0
721.3029230776857,87.0,0.0
721.3033487336128,88.0,0.0
721.3045491566953,89.0,0.0
721.3073240166312,90.0,0.0
721.3087368037428,91.0,0.0
721.3123717764793,92.0,0.0
721.3249767545408,91.0,0.0
721.3251200195298,90.0,0.0
721.3265447382979,91.0,0.0
721.3297964947545,92.0,0.0
721.3362669504046,93.0,0.0
721.3384930347378,94.0,0.0
721.3415069872381,95.0,0.0
721.3455360980073,94.0,0.0
721.3617638621945,93.0,0.0
721.3633064217644,94.0,0.0
721.3685784394211,95.0,0.0
721.3744198954766,94.0,0.0
721.3765704383833,93.0,0.0
721.3857711527854,94.0,0.0
721.3946143770369,93.0,0.0
721.3980776321151,94.0,0.0
721.4036789691276,95.0,0.0
721.4080572598353,94.0,0.0
721.4091932115911,93.0,0.0
721.4193118435802,92.0,0.0
721.4270388518273,93.0,0.0
721.4277033451882,94.0,0.0
721.4282815019836,95.0,0.0
721.4290109253851,96.0,0.0
721.4290626638225,97.0,0.0
721.4357247982064,96.0,0.0
721.4391850904284,95.0,0.0
721.4463139538161,96.0,0.0
721.4510417187468,95.0,0.0
721.4553385075491,96.0,0.0
721.4580489094669,97.0,0.0
721.4647439271394,98.0,0.0
721.4656000875714,97.0,0.0
721.476433851869,98.0,0.0
721.4780133437426,99.0,0.0
721.4787059356715,100.0,0.0
721.4951025693218,101.0,0.0
721.501357471323,102.0,0.0
721.5039151978867,103.0,0.0
721.5056393000852,104.0,0.0
721.5103970815909,105.0,0.0
721.5109523956401,104.0,0.0
721.5118198924741,105.0,0.0
721.5121285824022,106.0,0.0
721.515066629862,107.0,0.0
721.5233012594845,106.0,0.0
721.5233624657346,105.0,0.0
721.5284291135106,106.0,0.0
721.529502545653,107.0,0.0
721.539928699013,106.0,0.0
721.5432273205546,105.0,0.0
721.5481514748025,106.0,0.0
721.551937192025,107.0,0.0
721.5652892522211,108.0,0.0
721.5682029770451,109.0,0.0
721.5689903036871,110.0,0.0
721.5703673056903,111.0,0.0
721.5794947321128,110.0,0.0
721.5810294969874,111.0,0.0
721.5872513063451,110.0,0.0
721.5924441291629,111.0,0.0
721.5935992890228,112.0,0.0
721.594680190234,113.0,0.0
721.595145772013,114.0,0.0
721.5987125769926,113.0,0.0
721.600686571086,112.0,0.0
721.6010595891753,111.0,0.0
721.604671788457,112.0,0.0
721.6079029349809,111.0,0.0
721.6252262773693,112.0,0.0
721.627918690621,113.0,0.0
721.630341211155,112.0,0.0
721.6309431913535,111.0,0.0
721.6383354791458,112.0,0.0
721.6434418600413,113.0,0.0
721.6497552470698,112.0,0.0
721.6526086481585,113.0,0.0
721.6535100156991,112.0,0.0
721.6585801346343,111.0,0.0
721.6586634862095,110.0,0.0
721.6599616210375,111.0,0.0
721.6664408052884,112.0,0.0
721.669586059287,111.0,0.0
721.6700631658364,110.0,0.0
721.6726075324644,111.0,0.0
721.6774151480469,112.0,0.0
721.6845540063947,111.0,0.0
721.684815875215,112.0,0.0
721.6855841080737,113.0,0.0
721.6889963393472,114.0,0.0
721.6937110136062,115.0,0.0
721.6989699390281,116.0,0.0
721.7016966819604,117.0,0.0
721.7050869594344,118.0,0.0
721.7135640537578,119.0,0.0
721.7173727484328,118.0,0.0
721.7212466320125,119.0,0.0
721.7224831689801,120.0,0.0
721.7272753054965,121.0,0.0
721.727334022186,122.0,0.0
721.7319447653659,123.0,0.0
721.738608918178,122.0,0.0
721.7421347247033,123.0,0.0
721.746343073778,124.0,0.0
721.7468673289703,125.0,0.0
721.74727262825,126.0,0.0
721.7485752513186,127.0,0.0
721.7488705698036,126.0,0.0
721.7489546365634,127.0,0.0
721.7534830061103,128.0,0.0
721.756008206205,129.0,0.0
721.7577795238494,128.0,0.0
721.7604603368426,129.0,0.0
721.7613294740362,128.0,0.0
721.763153841293,129.0,0.0
721.7687982891863,130.0,0.0
721.772386416432,131.0,0.0
721.7750939104355,132.0,0.0
721.7828139339715,131.0,0.0
721.7850973413116,132.0,0.0
721.7862633354638,133.0,0.0
721.7866804014966,132.0,0.0
721.7939143201593,131.0,0.0
721.7951106341432,130.0,0.0
721.7960634975044,129.0,0.0
721.799248522225,128.0,0.0
721.8011827115184,129.0,0.0
721.8120223236115,128.0,0.0
721.816721178821,129.0,0.0
721.8224383719048,130.0,0.0
721.8282350365854,131.0,0.0
721.8289699876321,132.0,0.0
721.8336013707259,133.0,0.0
721.8451373425551,134.0,0.0
721.8468779430482,135.0,0.0
721.8529436993713,136.0,0.0
721.8541567428762,135.0,0.0
721.8607974751768,134.0,0.0
721.8773984530959,135.0,0.0
721.8804506821467,134.0,0.0
721.8804542404678,135.0,0.0
721.8807427100712,136.0,0.0
721.8847555640356,137.0,0.0
721.9032093342068,136.0,0.0
721.9043578010971,137.0,0.0
721.907104282046,136.0,0.0
721.9090132185801,135.0,0.0
721.9101119475158,134.0,0.0
721.9178110084035,135.0,0.0
721.9249424415198,136.0,0.0
721.9346707746514,135.0,0.0
721.937783383594,134.0,0.0
721.9393229531877,133.0,0.0
721.9431282618268,134.0,0.0
721.9535873130867,135.0,0.0
721.9551547332699,134.0,0.0
721.9552859113941,135.0,0.0
721.9666343338617,134.0,0.0
721.9693310035974,135.0,0.0
721.976933501573,136.0,0.0
721.9841591984846,137.0,0.0
721.985206407011,138.0,0.0
721.987748315544,137.0,0.0
721.996852640217,138.0,0.0
722.0024509919415,137.0,0.0
722.0081966100872,136.0,0.0
722.0112814220656,137.0,0.0
722.0138955244606,138.0,0.0
722.0206719583741,137.0,0.0
722.037702598685,136.0,0.0
722.0398595493842,135.0,0.0
722.041558468557,136.0,0.0
722.048175600833,135.0,0.0
722.0585081764616,136.0,0.0
722.0589533620165,135.0,0.0
722.0607898566891,134.0,0.0
722.0747902587237,135.0,0.0
722.0753457625733,136.0,0.0
722.0784644244776,135.0,0.0
722.0923091527998,134.0,0.0
722.0932692054454,133.0,0.0
722.1015488327722,134.0,0.0
722.1024196914849,135.0,0.0
722.1056465983659,134.0,0.0
722.11942609729,135.0,0.0
722.1263231223427,136.0,0.0
722.1381612759802,135.0,0.0
722.1433131714844,136.0,0.0
722.1447788463499,135.0,0.0
722.1468214605062,136.0,0.0
722.1471263794291,135.0,0.0
722.1511867681463,136.0,0.0
722.1525127761463,137.0,0.0
722.1570403265504,138.0,0.0
722.1586858181867,139.0,0.0
722.1633126632788,140.0,0.0
722.1642513357946,141.0,0.0
722.17000193297,142.0,0.0
722.1715983415398,141.0,0.0
722.1784326482315,140.0,0.0
722.1789817613991,139.0,0.0
722.1875953035052,138.0,0.0
722.1923717889783,137.0,0.0
722.2000721628706,138.0,0.0
722.2085845629914,139.0,0.0
722.2148686351125,140.0,0.0
722.2170314608519,141.0,0.0
722.2210142971232,142.0,0.0
722.2240076078508,141.0,0.0
722.2260533862515,142.0,0.0
722.2264001536622,141.0,0.0
722.2347540895304,142.0,0.0
722.2445182416552,143.0,0.0
722.2549152346483,144.0,0.0
722.2559115558595,143.0,0.0
722.2702014105456,144.0,0.0
722.2707029987758,143.0,0.0
722.271723715033,144.0,0.0
722.2736875651127,143.0,0.0
722.2833334159276,144.0,0.0
722.2965444154404,143.0,0.0
722.3000367164162,142.0,0.0
722.3066857737458,141.0,0.0
722.3121229913069,140.0,0.0
722.3122578318143,141.0,0.0
722.3174704537147,142.0,0.0
722.3178389094932,141.0,0.0
722.3181775486818,140.0,0.0
722.3201165812486,141.0,0.0
722.3217231900651,140.0,0.0
722.3543030592174,139.0,0.0
722.3575369947707,140.0,0.0
722.3708219599574,139.0,0.0
722.3786302020833,140.0,0.0
722.379011609686,141.0,0.0
722.3809789726819,142.0,0.0
722.3817768275856,141.0,0.0
722.3870033981502,140.0,0.0
722.3937650897898,141.0,0.0
722.3954912849251,142.0,0.0
722.4005820130348,141.0,0.0
722.4032656320537,142.0,0.0
722.4068875395803,143.0,0.0
722.4099025472773,142.0,0.0
722.4176749639347,141.0,0.0
722.4198782111322,142.0,0.0
722.4198911961886,141.0,0.0
722.4222543709787,142.0,0.0
722.4291852736654,141.0,0.0
722.4326981749172,142.0,0.0
722.4346689147806,143.0,0.0
722.4528082361759,142.0,0.0
722.4635535979766,143.0,0.0
722.4724670499226,144.0,0.0
722.4763196576945,145.0,0.0
722.4802150191468,144.0,0.0
722.4832428575279,145.0,0.0
722.4867387447979,146.0,0.0
722.4950313209738,147.0,0.0
722.49597309671,148.0,0.0
722.5026622055996,149.0,0.0
722.5071652196906,148.0,0.0
722.5073637818671,149.0,0.0
722.5135561344467,148.0,0.0
722.5180046511771,149.0,0.0
722.5300352769503,150.0,0.0
722.5345014108887,151.0,0.0
722.5498035401107,152.0,0.0
722.560697710975,151.0,0.0
722.5647314156689,150.0,0.0
722.5655557257821,151.0,0.0
722.5658821349167,152.0,0.0
722.5746669789597,151.0,0.0
722.5838293737248,150.0,0.0
722.5923748079687,151.0,0.0
722.6019830881285,150.0,0.0
722.6055106808732,151.0,0.0
722.6109604633954,152.0,0.0
722.6148592097738,153.0,0.0
722.62828305992,154.0,0.0
722.6287816611267,153.0,0.0
722.6293659547704,152.0,0.0
722.6327293772644,151.0,0.0
722.6344471892961,150.0,0.0
722.634955387054,151.0,0.0
722.6469483216518,152.0,0.0
722.6543335011846,153.0,0.0
722.6585068675193,154.0,0.0
722.6639015105169,153.0,0.0
722.6751332999438,152.0,0.0
722.675380627907,151.0,0.0
722.6825906686413,150.0,0.0
722.6834343226275,151.0,0.0
722.6883924637515,150.0,0.0
722.6909711671971,149.0,0.0
722.692012886412,150.0,0.0
722.6929865556142,149.0,0.0
722.6987535614124,150.0,0.0
722.7017297636232,149.0,0.0
722.7028348834598,148.0,0.0
722.7043802827008,147.0,0.0
722.7117985802282,146.0,0.0
722.713228491729,147.0,0.0
722.7133333930473,146.0,0.0
722.7252800354588,145.0,0.0
722.7360541174777,144.0,0.0
722.7478176001159,143.0,0.0
722.7505688673955,144.0,0.0
722.7514065467558,145.0,0.0
722.782873000537,146.0,0.0
722.7855419437215,147.0,0.0
722.789276468919,146.0,0.0
722.7904084132181,147.0,0.0
722.7940227669297,148.0,0.0
722.7973326551507,149.0,0.0
722.798913970202,150.0,0.0
722.8039911027352,151.0,0.0
722.8066207103612,152.0,0.0
722.812357270522,151.0,0.0
722.8141961692347,152.0,0.0
722.8214847414558,151.0,0.0
722.8230404677363,152.0,0.0
722.84563706599,153.0,0.0
722.8470586962563,154.0,0.0
722.8514857795477,155.0,0.0
722.8598911766926,156.0,0.0
722.8601014278269,155.0,0.0
722.8667043967027,154.0,0.0
722.8693369159644,153.0,0.0
722.8733020012892,154.0,0.0
722.8897398137883,155.0,0.0
722.8986089273888,156.0,0.0
722.902651819488,157.0,0.0
722.9097421196411,156.0,0.0
722.9117628161723,157.0,0.0
722.9120907659249,156.0,0.0
722.9197654247781,157.0,0.0
722.9215972797316,156.0,0.0
722.9219477472514,155.0,0.0
722.9229195324542,156.0,0.0
722.9269297287487,155.0,0.0
722.9332534517215,156.0,0.0
722.9335217510502,155.0,0.0
722.9394463858004,154.0,0.0
722.9423425308355,155.0,0.0
722.9477089512558,154.0,0.0
722.9547814404592,153.0,0.0
722.9550369426015,152.0,0.0
722.9580750521046,151.0,0.0
722.9709694053845,150.0,0.0
722.9767850518648,149.0,0.0
722.9785893998682,148.0,0.0
722.9919966527054,149.0,0.0
722.9944040651756,150.0,0.0
722.9958159515719,149.0,0.0
723.0083902594263,148.0,0.0
723.0088038068658,147.0,0.0
723.0150373972917,146.0,0.0
723.015413642821,145.0,0.0
723.0183093034553,144.0,0.0
723.018337516423,143.0,0.0
723.0221877786933,142.0,0.0
723.0234094588095,141.0,0.0
723.0237635023587,142.0,0.0
723.0322963657665,141.0,0.0
723.0339358589334,140.0,0.0
723.0375646500473,141.0,0.0
723.0513672499745,142.0,0.0
723.0824842084096,141.0,0.0
723.0841646163715,142.0,0.0
723.0887626410532,143.0,0.0
723.0907456247976,142.0,0.0
723.095642892175,143.0,0.0
723.0986388875009,144.0,0.0
723.1220873105989,145.0,0.0
723.1280497083078,144.0,0.0
723.1406722527618,143.0,0.0
723.1449980417412,142.0,0.0
723.1496751803786,143.0,0.0
723.1516811460298,144.0,0.0
723.1544202932125,145.0,0.0
723.1605453853665,146.0,0.0
723.1623835554989,145.0,0.0
723.163407886425,146.0,0.0
723.1672986754052,147.0,0.0
723.1688131992985,148.0,0.0
723.1705450251902,149.0,0.0
723.1724832554294,150.0,0.0
723.1747878953925,149.0,0.0
723.176030341186,150.0,0.0
723.1817742320426,149.0,0.0
723.1864365368646,148.0,0.0
723.1884004672527,147.0,0.0
723.1884752399523,148.0,0.0
723.1886056841743,149.0,0.0
723.192141470865,148.0,0.0
723.1931638091763,147.0,0.0
723.1993916304629,148.0,0.0
723.201220934275,147.0,0.0
723.207833276262,146.0,0.0
723.2140365134601,147.0,0.0
723.2157285109629,148.0,0.0
723.2162715680712,147.0,0.0
723.2212494262727,146.0,0.0
723.2235753010988,145.0,0.0
723.2378478937195,146.0,0.0
723.2390546639054,147.0,0.0
723.2394880230584,146.0,0.0
723.2428236833733,145.0,0.0
723.243161064871,146.0,0.0
723.2535024858755,145.0,0.0
723.2556112424618,144.0,0.0
723.2561921934138,143.0,0.0
723.2600527659027,142.0,0.0
723.2622124796931,143.0,0.0
723.266423683304,142.0,0.0
723.267678961603,143.0,0.0
723.2729535424633,142.0,0.0
723.2756470753008,141.0,0.0
723.2823325710447,140.0,0.0
723.290874793797,141.0,0.0
723.291293818364,140.0,0.0
723.3013482519901,139.0,0.0
723.3049396731238,140.0,0.0
723.3297513149208,141.0,0.0
723.3340347806796,142.0,0.0
723.3345788128498,143.0,0.0
723.3403661168397,144.0,0.0
723.3554316631629,145.0,0.0
723.3593724806285,146.0,0.0
723.3675711313315,147.0,0.0
723.3703523122174,146.0,0.0
723.3824079614226,145.0,0.0
723.3842031313,144.0,0.0
723.384355318635,145.0,0.0
723.3883129441417,144.0,0.0
723.3903217687515,143.0,0.0
723.3948372567307,144.0,0.0
723.4006197044749,145.0,0.0
723.4066496700784,146.0,0.0
723.4077073900376,145.0,0.0
723.4115806316562,146.0,0.0
723.4155157616494,147.0,0.0
723.419481844824,146.0,0.0
723.4223409724912,147.0,0.0
723.4259316917562,146.0,0.0
723.4357105889574,147.0,0.0
723.4376794776174,148.0,0.0
723.442509526459,147.0,0.0
723.4442871857487,148.0,0.0
723.447892423657,149.0,0.0
723.4483455897163,150.0,0.0
723.4499138608039,149.0,0.0
723.4578470694695,150.0,0.0
723.4636300822115,151.0,0.0
723.4655552001791,152.0,0.0
723.4773450506962,151.0,0.0
723.4788681295829,150.0,0.0
723.4789257800078,151.0,0.0
723.4820085717467,152.0,0.0
723.4897597568977,153.0,0.0
723.5004605897939,154.0,0.0
723.5086982598598,153.0,0.0
723.5096055881019,154.0,0.0
723.5247171357613,153.0,0.0
723.5415670865749,152.0,0.0
723.544816982652,153.0,0.0
723.5676153071271,154.0,0.0
723.5682018712283,153.0,0.0
723.5717603130988,154.0,0.0
723.5764356168226,153.0,0.0
723.5795557446916,154.0,0.0
723.5830279482005,155.0,0.0
723.5843495755224,154.0,0.0
723.5940010187213,153.0,0.0
723.5945100515348,154.0,0.0
723.600795737955,155.0,0.0
723.6081248151697,156.0,0.0
723.611998254442,155.0,0.0
723.6151733854813,156.0,0.0
723.6236344579836,157.0,0.0
723.6248729385999,156.0,0.0
723.6273951174416,157.0,0.0
723.6443911979707,156.0,0.0
723.6535142311848,157.0,0.0
723.6563015473038,156.0,0.0
723.6599271511701,157.0,0.0
723.6690037123018,158.0,0.0
723.676409103207,157.0,0.0
723.679746128079,158.0,0.0
723.6802807576506,159.0,0.0
723.6830664436291,160.0,0.0
723.6833143803699,159.0,0.0
723.6840446703791,160.0,0.0
723.6863652146951,161.0,0.0
723.709103453099,160.0,0.0
723.7106350092381,161.0,0.0
723.7152485067438,162.0,0.0
723.7318415811749,161.0,0.0
723.7379290136291,162.0,0.0
723.7385918601981,161.0,0.0
723.7402977244905,160.0,0.0
723.7426782837776,159.0,0.0
723.7480511967902,160.0,0.0
723.7501424256487,159.0,0.0
723.7609854361215,160.0,0.0
723.7623447725849,159.0,0.0
723.7631221787201,158.0,0.0
723.7665848874574,159.0,0.0
723.7706778895922,158.0,0.0
723.7753973231212,157.0,0.0
723.7788913531416,156.0,0.0
723.7790860914796,157.0,0.0
723.782889919554,156.0,0.0
723.812364026064,157.0,0.0
723.8156338683785,158.0,0.0
723.8189233616001,159.0,0.0
723.8209913443427,160.0,0.0
723.8331153733086,161.0,0.0
723.8346974697164,160.0,0.0
723.8382767963965,159.0,0.0
723.8419892914608,158.0,0.0
723.8434849134773,157.0,0.0
723.84427192527,158.0,0.0
723.860925572212,159.0,0.0
723.8680941889509,160.0,0.0
723.8699922724002,161.0,0.0
723.8738070264359,160.0,0.0
723.8794726880631,161.0,0.0
723.8809809856206,160.0,0.0
723.8890273122781,161.0,0.0
723.8931773335881,162.0,0.0
723.9003083200228,163.0,0.0
723.9066700907487,164.0,0.0
723.908071938536,163.0,0.0
723.9154054872437,164.0,0.0
723.9383858930157,165.0,0.0
723.9388557373765,164.0,0.0
723.9494397043094,165.0,0.0
723.9646231549505,164.0,0.0
723.9651663702681,165.0,0.0
723.976316560284,166.0,0.0
723.9788459547864,167.0,0.0
723.995321143874,166.0,0.0
724.0028595820402,165.0,0.0
724.017955041931,166.0,0.0
724.0194972563861,165.0,0.0
724.0396214629202,164.0,0.0
724.0429016292316,165.0,0.0
724.0438271164124,164.0,0.0
724.0550905747959,165.0,0.0
724.0592744526339,164.0,0.0
724.0650816128978,163.0,0.0
724.0667195647391,162.0,0.0
724.0705286197633,161.0,0.0
724.0885780930108,162.0,0.0
724.0900801029478,161.0,0.0
724.0968834699086,162.0,0.0
724.1035734163368,163.0,0.0
724.1040512397115,162.0,0.0
724.1270597572179,163.0,0.0
724.1274910581188,162.0,0.0
724.1349455722064,161.0,0.0
724.1389899690736,162.0,0.0
724.1416190639274,161.0,0.0
724.1624940651437,162.0,0.0
724.1671949114392,161.0,0.0
724.1732147690029,160.0,0.0
724.1745514524101,159.0,0.0
724.1751558113172,158.0,0.0
724.1864444247935,157.0,0.0
724.1928646975565,158.0,0.0
724.1935080020058,157.0,0.0
724.195802935521,156.0,0.0
724.198485017228,155.0,0.0
724.201423706475,154.0,0.0
724.2027307117843,153.0,0.0
724.2040736710464,154.0,0.0
724.2084836931108,155.0,0.0
724.2118486721442,154.0,0.0
724.2281876025364,153.0,0.0
724.2293782989892,152.0,0.0
724.2304681505306,151.0,0.0
724.2331910177911,150.0,0.0
724.2337502566379,149.0,0.0
724.2401487217301,150.0,0.0
724.2444811281057,151.0,0.0
724.2547433081443,150.0,0.0
724.2567632986548,151.0,0.0
724.2570888570931,150.0,0.0
724.259754650256,151.0,0.0
724.2608835539517,152.0,0.0
724.2736104657293,151.0,0.0
724.2754329952942,152.0,0.0
724.2797573582357,153.0,0.0
724.2824349913765,154.0,0.0
724.2859388149645,155.0,0.0
724.2867461564904,154.0,0.0
724.2896544565714,153.0,0.0
724.2983802120971,152.0,0.0
724.2997946147024,151.0,0.0
724.3036297756558,150.0,0.0
724.3056374211426,149.0,0.0
724.3165311064369,150.0,0.0
724.325867328916,151.0,0.0
724.329759856649,150.0,0.0
724.334621619414,149.0,0.0
724.3352670566434,150.0,0.0
724.3367120578482,151.0,0.0
724.3414399410284,152.0,0.0
724.3446281430415,153.0,0.0
724.3446922718856,152.0,0.0
724.3450169235473,153.0,0.0
724.3630109394923,154.0,0.0
724.3641552751424,155.0,0.0
724.3653162969229,154.0,0.0
724.3655262855333,155.0,0.0
724.3688683919709,156.0,0.0
724.3741378278493,155.0,0.0
724.3773046173447,154.0,0.0
724.3780629584887,153.0,0.0
724.3943622502667,154.0,0.0
724.3967254415156,155.0,0.0
724.3997990144981,154.0,0.0
724.4027724776439,153.0,0.0
724.4067884266553,154.0,0.0
724.4150363340472,155.0,0.0
724.4200295483608,154.0,0.0
724.4225888555619,155.0,0.0
724.4508934098842,156.0,0.0
724.4621643370315,155.0,0.0
724.468241683764,154.0,0.0
724.4729958626909,153.0,0.0
724.4829309555296,154.0,0.0
724.4884704193548,153.0,0.0
724.4896411661723,154.0,0.0
724.4898081141343,153.0,0.0
724.4920741119649,152.0,0.0
724.5009817018516,153.0,0.0
724.5062158253158,154.0,0.0
724.5184354805375,155.0,0.0
724.5237261724792,154.0,0.0
724.5299012580589,153.0,0.0
724.530521048191,152.0,0.0
724.5331509759277,153.0,0.0
724.5338518891945,154.0,0.0
724.5350413150953,153.0,0.0
724.5580264623275,154.0,0.0
724.5729820797845,153.0,0.0
724.5801842576517,154.0,0.0
724.5844494356403,155.0,0.0
724.5895675163613,156.0,0.0
724.5973042142139,155.0,0.0
724.6032309944915,156.0,0.0
724.6088891501993,155.0,0.0
724.6095530857103,154.0,0.0
724.6104038702632,153.0,0.0
724.6185532627211,152.0,0.0
724.6334258129232,151.0,0.0
724.6337843843759,152.0,0.0
724.6374270976012,151.0,0.0
724.6433664897356,152.0,0.0
724.6657916281025,153.0,0.0
724.6698013280384,154.0,0.0
724.6831147830968,153.0,0.0
724.6837566482208,154.0,0.0
724.683949515872,153.0,0.0
724.6849237086184,154.0,0.0
724.6879606175104,153.0,0.0
724.6891568584385,154.0,0.0
724.6906664428384,153.0,0.0
724.6943055701806,152.0,0.0
724.6962263508807,153.0,0.0
724.7008602194221,154.0,0.0
724.703342119214,153.0,0.0
724.7039937096926,152.0,0.0
724.7057619537077,153.0,0.0
724.7141950208759,154.0,0.0
724.7331576474371,155.0,0.0
724.7415496509459,156.0,0.0
724.7461986122346,157.0,0.0
724.7472630382165,158.0,0.0
724.750016515119,159.0,0.0
724.7608464861873,158.0,0.0
724.7619529731687,157.0,0.0
724.7750273683246,158.0,0.0
724.7770402441543,159.0,0.0
724.781066941152,160.0,0.0
724.7825283227362,159.0,0.0
724.7909193761047,158.0,0.0
724.8117593325962,159.0,0.0
724.8119123660326,160.0,0.0
724.8204547653665,161.0,0.0
724.8284407260372,160.0,0.0
724.8297967351637,161.0,0.0
724.835308485398,162.0,0.0
724.8404905124946,163.0,0.0
724.8423284393143,164.0,0.0
724.8454594271326,163.0,0.0
724.8512024927875,162.0,0.0
724.858039202982,163.0,0.0
724.8587174495441,164.0,0.0
724.8589301250694,165.0,0.0
724.8747638845057,166.0,0.0
724.8820462383912,167.0,0.0
724.8989835838764,168.0,0.0
724.9003771613595,167.0,0.0
724.9201389163376,168.0,0.0
724.927709893635,169.0,0.0
724.9277763286984,170.0,0.0
724.9362822022364,169.0,0.0
724.9420109856106,170.0,0.0
724.9421127751949,171.0,0.0
724.943722389773,170.0,0.0
724.9440783874635,171.0,0.0
724.9446048387214,170.0,0.0
724.9447992046495,169.0,0.0
724.9457737126072,168.0,0.0
724.9589749322295,167.0,0.0
724.9600435842732,168.0,0.0
724.9788292877704,169.0,0.0
724.9799456068126,168.0,0.0
724.9903839804273,169.0,0.0
724.9924548820193,170.0,0.0
724.9938583389707,171.0,0.0
724.9982107415805,172.0,0.0
725.0048738507202,171.0,0.0
725.009173821355,170.0,0.0
725.0113988215204,171.0,0.0
725.0120772702433,170.0,0.0
725.0172794034335,169.0,0.0
725.0180752039995,170.0,0.0
725.0279132436438,171.0,0.0
725.0317221089036,172.0,0.0
725.0322878568578,173.0,0.0
725.0325472001184,174.0,0.0
725.034543639973,175.0,0.0
725.037450074432,176.0,0.0
725.0379668425965,175.0,0.0
725.0399315720637,176.0,0.0
725.0486868513325,175.0,0.0
725.0503094897565,174.0,0.0
725.053964108716,175.0,0.0
725.0576499557283,174.0,0.0
725.0666027745859,173.0,0.0
725.07736698956,174.0,0.0
725.0792554224984,175.0,0.0
725.0800216386184,174.0,0.0
725.085946354974,173.0,0.0
725.1005694242417,174.0,0.0
725.1105512427578,173.0,0.0
725.1168833532687,172.0,0.0
725.119535832058,173.0,0.0
725.1206400814872,172.0,0.0
725.1242979628071,173.0,0.0
725.1291981102835,174.0,0.0
725.1318303659423,173.0,0.0
725.1320863710356,172.0,0.0
725.1398020445687,173.0,0.0
725.1435633151705,172.0,0.0
725.1543272565326,171.0,0.0
725.1802753415325,172.0,0.0
725.1829699365807,171.0,0.0
725.1877602462904,170.0,0.0
725.1892480696408,169.0,0.0
725.1928102469517,168.0,0.0
725.1928865511685,169.0,0.0
725.1981047167084,168.0,0.0
725.2021889653332,167.0,0.0
725.212248791769,168.0,0.0
725.212701330576,167.0,0.0
725.2129096047447,166.0,0.0
725.2149514675456,165.0,0.0
725.2154946028064,166.0,0.0
725.2225670978025,167.0,0.0
725.2324793544099,168.0,0.0
725.2356518223354,167.0,0.0
725.2391700247442,168.0,0.0
725.2427553947755,169.0,0.0
725.2432530557016,170.0,0.0
725.2451978567997,171.0,0.0
725.245492787333,170.0,0.0
725.2462770478619,171.0,0.0
725.2508395635007,172.0,0.0
725.2580807654318,171.0,0.0
725.2653816271088,172.0,0.0
725.2661942061047,173.0,0.0
725.2792224014058,172.0,0.0
725.2833539717656,171.0,0.0
725.2857021773182,170.0,0.0
725.2898636058433,171.0,0.0
725.3007405352537,172.0,0.0
725.3024913978527,171.0,0.0
725.3041252846353,172.0,0.0
725.3121654487904,173.0,0.0
725.3175035865728,172.0,0.0
725.3204324112597,173.0,0.0
725.3311681319227,174.0,0.0
725.3373523106792,173.0,0.0
725.3373588636972,174.0,0.0
725.347075469793,173.0,0.0
725.3484279553827,172.0,0.0
725.350331659614,171.0,0.0
725.3585628018379,172.0,0.0
725.371302529024,173.0,0.0
725.3759064855179,172.0,0.0
725.3763830405371,173.0,0.0
725.3881942162661,172.0,0.0
725.3895302552384,171.0,0.0
725.3928385955059,172.0,0.0
725.3929248918395,171.0,0.0
725.3962566974852,170.0,0.0
725.3996467656369,171.0,0.0
725.4005325035412,172.0,0.0
725.4014647907389,171.0,0.0
725.4095804406503,172.0,0.0
725.4157081943446,171.0,0.0
725.4179297433697,172.0,0.0
725.4298721347207,171.0,0.0
725.4363801261612,170.0,0.0
725.4380216329987,169.0,0.0
725.4394701977914,170.0,0.0
725.4521789711448,169.0,0.0
725.4719343028444,168.0,0.0
725.4777348812302,169.0,0.0
725.4826329190452,170.0,0.0
725.485068380989,171.0,0.0
725.4861593821533,172.0,0.0
725.4960683380602,171.0,0.0
725.501073902177,170.0,0.0
725.5041057194532,171.0,0.0
725.5109416756443,172.0,0.0
725.5110214455351,173.0,0.0
725.5119074134614,172.0,0.0
725.515611996813,171.0,0.0
725.5287558741522,170.0,0.0
725.5288348450337,169.0,0.0
725.5297543016551,170.0,0.0
725.5298425252613,169.0,0.0
725.5305344516419,170.0,0.0
725.5367405875844,171.0,0.0
725.5390566051227,170.0,0.0
725.5396857020359,169.0,0.0
725.5409456700118,170.0,0.0
725.5418202077154,171.0,0.0
725.5424448347185,172.0,0.0
725.5507940834918,173.0,0.0
725.5566321689258,174.0,0.0
725.5583631555163,175.0,0.0
725.5604707983974,174.0,0.0
725.5671213211499,175.0,0.0
725.5920239503084,174.0,0.0
725.60948392365,173.0,0.0
725.611853294961,172.0,0.0
725.6133546222109,173.0,0.0
725.6144365605307,172.0,0.0
725.6300252130812,171.0,0.0
725.6319960438707,170.0,0.0
725.6589929890574,169.0,0.0
725.66592320102,168.0,0.0
725.6659682240712,167.0,0.0
725.6736746054338,166.0,0.0
725.6785289832516,167.0,0.0
725.6797944786806,168.0,0.0
725.6838437902692,167.0,0.0
725.686644134993,166.0,0.0
725.6953070501542,165.0,0.0
725.6999109110386,166.0,0.0
725.7054656972251,165.0,0.0
725.7107307375568,164.0,0.0
725.7122008830659,165.0,0.0
725.714358021038,166.0,0.0
725.7154167911682,167.0,0.0
725.7434662933641,166.0,0.0
725.7447729971059,167.0,0.0
725.7478115221712,166.0,0.0
725.7493490026277,167.0,0.0
725.7503288610123,166.0,0.0
725.7510880710926,165.0,0.0
725.7546271005706,164.0,0.0
725.7584599457297,163.0,0.0
725.7597598031863,164.0,0.0
725.7647395484244,165.0,0.0
725.7655949085117,166.0,0.0
725.7733489944738,165.0,0.0
725.7867591291102,164.0,0.0
725.795427544556,163.0,0.0
725.7960636087346,162.0,0.0
725.7964652245453,163.0,0.0
725.8067253945958,164.0,0.0
725.8142609521278,163.0,0.0
725.8233713215998,162.0,0.0
725.8283713661707,161.0,0.0
725.8361674936427,162.0,0.0
725.8431518027538,163.0,0.0
725.8584015229122,164.0,0.0
725.8725236933144,165.0,0.0
725.8768421757616,166.0,0.0
725.877616192482,167.0,0.0
725.8805887119471,166.0,0.0
725.8861708051737,165.0,0.0
725.8878674227524,164.0,0.0
725.8993690317863,163.0,0.0
725.9067347539108,164.0,0.0
725.9080804282193,163.0,0.0
725.9201478901381,162.0,0.0
725.9259116175297,161.0,0.0
725.9319639939541,160.0,0.0
725.9401595199918,161.0,0.0
725.9548956858529,160.0,0.0
725.9754528422169,159.0,0.0
725.9797581468642,158.0,0.0
725.9838410830832,157.0,0.0
725.9871134617098,156.0,0.0
725.9979393137091,157.0,0.0
726.0029003323411,156.0,0.0
726.0065202963393,155.0,0.0
726.0076952413698,154.0,0.0
726.0182881172276,153.0,0.0
726.0271625873069,154.0,0.0
726.0360158424085,153.0,0.0
726.0414836022929,152.0,0.0
726.0550514296756,151.0,0.0
726.055741796185,152.0,0.0
726.0582820585965,151.0,0.0
726.063044628239,152.0,0.0
726.0664140123688,151.0,0.0
726.0751086809571,150.0,0.0
726.0809990992458,149.0,0.0
726.0898788953757,148.0,0.0
726.0912245665368,147.0,0.0
726.1009607554307,146.0,0.0
726.1039972992745,145.0,0.0
726.1105467420392,144.0,0.0
726.1225615497094,145.0,0.0
726.1239076030188,146.0,0.0
726.1396027711671,147.0,0.0
726.1398931992313,146.0,0.0
726.1405484986558,147.0,0.0
726.145628365046,148.0,0.0
726.1526959538313,149.0,0.0
726.2012259264208,150.0,0.0
726.2199903217033,151.0,0.0
726.2264736203326,150.0,0.0
726.2301056440996,151.0,0.0
726.2390831594943,152.0,0.0
726.2394492196311,153.0,0.0
726.2437851211345,152.0,0.0
726.2550335552153,151.0,0.0
726.2696906771691,150.0,0.0
726.2757620047157,149.0,0.0
726.2770110991056,148.0,0.0
726.2775720373976,147.0,0.0
726.2797441716649,148.0,0.0
726.2816814359805,147.0,0.0
726.302973652172,148.0,0.0
726.3064545071612,147.0,0.0
726.3416637716243,148.0,0.0
726.3451097989291,149.0,0.0
726.3565421445265,150.0,0.0
726.3566937017093,149.0,0.0
726.3819809723659,148.0,0.0
726.39546379327,147.0,0.0
726.4017500635173,146.0,0.0
726.403380993418,147.0,0.0
726.4043158211147,146.0,0.0
726.4064518934937,145.0,0.0
726.4161145984395,144.0,0.0
726.4263878286127,143.0,0.0
726.4315712348734,144.0,0.0
726.440687623364,143.0,0.0
726.4471050684662,144.0,0.0
726.4482005324685,143.0,0.0
726.4646415662871,142.0,0.0
726.4725551308661,143.0,0.0
726.4883472959017,142.0,0.0
726.4913456441548,141.0,0.0
726.4924981662796,140.0,0.0
726.4962324478096,141.0,0.0
726.4964963164294,142.0,0.0
726.5212783627856,143.0,0.0
726.5218980060134,142.0,0.0
726.5240709143233,141.0,0.0
726.524150327432,142.0,0.0
726.5365514442593,141.0,0.0
726.5400443543172,142.0,0.0
726.5401047565068,141.0,0.0
726.5410053450064,142.0,0.0
726.5418713521783,143.0,0.0
726.5525379096302,142.0,0.0
726.5559452618155,141.0,0.0
726.5607850545027,142.0,0.0
726.5634880693018,141.0,0.0
726.5661442298954,140.0,0.0
726.5750581322876,141.0,0.0
726.5765752149018,140.0,0.0
726.5881046829871,141.0,0.0
726.5884906562629,140.0,0.0
726.5991383485972,141.0,0.0
726.6091159849976,140.0,0.0
726.6348546830244,139.0,0.0
726.6700769528691,138.0,0.0
726.6711447735311,137.0,0.0
726.6790123258561,138.0,0.0
726.6861817556583,137.0,0.0
726.7095616378135,136.0,0.0
726.7116049180546,137.0,0.0
726.7134696160115,138.0,0.0
726.7266531579274,137.0,0.0
726.7466990221559,138.0,0.0
726.75283301948,137.0,0.0
726.7622395148902,136.0,0.0
726.7692430573604,135.0,0.0
726.7928311127944,134.0,0.0
726.8049323583145,133.0,0.0
726.8114835092202,134.0,0.0
726.819133716096,133.0,0.0
726.8293653830425,134.0,0.0
726.8355139507005,133.0,0.0
726.8479359100639,132.0,0.0
726.8484002064225,133.0,0.0
726.8644116063045,132.0,0.0
726.8654049641125,131.0,0.0
726.8667029388226,130.0,0.0
726.8678124969472,131.0,0.0
726.8721556900978,130.0,0.0
726.8767963527794,129.0,0.0
726.8808884444385,128.0,0.0
726.8810846408321,127.0,0.0
726.8817781826768,126.0,0.0
726.8871939104021,127.0,0.0
726.8944872358585,128.0,0.0
726.896101271916,129.0,0.0
726.8981283082566,128.0,0.0
726.8991768816684,127.0,0.0
726.9115692662286,126.0,0.0
726.9131884857168,125.0,0.0
726.9148079818515,126.0,0.0
726.9159290785385,127.0,0.0
726.9169377565472,126.0,0.0
726.9206564127608,125.0,0.0
726.921805587651,124.0,0.0
726.9269769054608,125.0,0.0
726.9283589140813,124.0,0.0
726.9337411713575,123.0,0.0
726.9403078975262,122.0,0.0
726.9479768915327,123.0,0.0
726.9598258076848,122.0,0.0
726.9599585050078,121.0,0.0
726.9627453961448,122.0,0.0
726.9661333289508,121.0,0.0
726.9776413568014,122.0,0.0
726.9797660855979,123.0,0.0
726.9829232443611,122.0,0.0
726.9864585500264,123.0,0.0
726.9925788427735,122.0,0.0
726.994890910041,121.0,0.0
726.9971396287879,122.0,0.0
726.9977598887842,123.0,0.0
727.0116026976829,124.0,0.0
727.0144656734167,125.0,0.0
727.0156414121354,124.0,0.0
727.0203769084125,125.0,0.0
727.0209171326668,124.0,0.0
727.0316554105369,123.0,0.0
727.0344850635604,122.0,0.0
727.0557815125501,123.0,0.0
727.0679927623255,124.0,0.0
727.0695130381846,125.0,0.0
727.1152882891881,126.0,0.0
727.1168613912415,125.0,0.0
727.1195965340778,124.0,0.0
727.1348209153286,123.0,0.0
727.1529246173138,122.0,0.0
727.1594820530669,121.0,0.0
727.1636631227393,120.0,0.0
727.1865967581371,119.0,0.0
727.1979090557719,118.0,0.0
727.2114777470803,117.0,0.0
727.2128763446868,116.0,0.0
727.2229645187452,115.0,0.0
727.232149152104,114.0,0.0
727.2322260924168,115.0,0.0
727.3033770691404,114.0,0.0
727.3051158608465,113.0,0.0
727.3098973180257,112.0,0.0
727.3127138670101,113.0,0.0
727.3145616848574,112.0,0.0
727.3242086232415,111.0,0.0
727.3281707833777,110.0,0.0
727.3328584347994,109.0,0.0
727.3383493048128,108.0,0.0
727.3571501118844,109.0,0.0
727.360878807972,110.0,0.0
727.3638837890885,111.0,0.0
727.3651389599296,112.0,0.0
727.3787248830562,111.0,0.0
727.3900488965222,112.0,0.0
727.4082489117137,111.0,0.0
727.4132256697185,110.0,0.0
727.4209425691387,109.0,0.0
727.4240297235291,108.0,0.0
727.4242475360576,107.0,0.0
727.4391947174322,106.0,0.0
727.4418482674038,105.0,0.0
727.449564143562,104.0,0.0
727.4584238559804,105.0,0.0
727.4743689884889,104.0,0.0
727.4758145455044,103.0,0.0
727.4819585249617,104.0,0.0
727.4936073120087,103.0,0.0
727.4959646860987,102.0,0.0
727.5024209582823,103.0,0.0
727.513735432073,102.0,0.0
727.5281932512847,103.0,0.0
727.5292401969671,102.0,0.0
727.536444949868,101.0,0.0
727.5418771198996,100.0,0.0
727.5583153027857,99.0,0.0
727.5793008720826,98.0,0.0
727.5794127758091,97.0,0.0
727.5972046098007,96.0,0.0
727.601356607165,95.0,0.0
727.6017620543352,94.0,0.0
727.6104628203665,93.0,0.0
727.6161496464306,92.0,0.0
727.6318953306067,91.0,0.0
727.6332345293204,90.0,0.0
727.6341876463792,89.0,0.0
727.6380445686045,90.0,0.0
727.6505798804956,89.0,0.0
727.6533918115396,88.0,0.0
727.6539516542218,89.0,0.0
727.6632013201004,88.0,0.0
727.6993120392272,87.0,0.0
727.7105922252686,86.0,0.0
727.7107871147152,85.0,0.0
727.7186295700204,84.0,0.0
727.7472684038327,83.0,0.0
727.7475782392977,82.0,0.0
727.7614462798302,81.0,0.0
727.7887948004947,80.0,0.0
727.7949338819211,81.0,0.0
727.7968758673697,80.0,0.0
727.806568153506,79.0,0.0
727.8203150001747,78.0,0.0
727.821467858895,79.0,0.0
727.8323432971863,78.0,0.0
727.8329139128838,77.0,0.0
727.8329444840105,76.0,0.0
727.8390783468103,75.0,0.0
727.8410249949362,74.0,0.0
727.8617737074001,73.0,0.0
727.8660914536849,72.0,0.0
727.877828674875,71.0,0.0
727.8853867528248,70.0,0.0
727.9055307161433,69.0,0.0
727.9118388539903,68.0,0.0
727.9269009379196,67.0,0.0
727.9276859687673,68.0,0.0
727.9301776666368,67.0,0.0
727.934325573142,66.0,0.0
727.9348810804912,65.0,0.0
727.9361988014967,64.0,0.0
727.9514286897275,65.0,0.0
727.9584773428596,66.0,0.0
727.9585859289349,65.0,0.0
727.9806578296535,64.0,0.0
727.9810799300511,65.0,0.0
727.9813809814088,66.0,0.0
727.99671272456,65.0,0.0
728.0055802805405,66.0,0.0
728.0104562764478,65.0,0.0
728.0293789928198,64.0,0.0
728.0474790447056,63.0,0.0
728.0531014512868,62.0,0.0
728.0538733408831,61.0,0.0
728.0556102125821,60.0,0.0
728.0597759426805,61.0,0.0
728.0657893383635,62.0,0.0
728.0676857291053,61.0,0.0
728.0992943179043,62.0,0.0
728.1230936836673,61.0,0.0
728.1337875088171,60.0,0.0
728.1466210528052,59.0,0.0
728.1618029417126,60.0,0.0
728.1621331812323,61.0,0.0
728.1649121190987,62.0,0.0
728.1655943573605,63.0,0.0
728.1728695532773,62.0,0.0
728.1768584088911,61.0,0.0
728.1900089338942,60.0,0.0
728.2063883519982,61.0,0.0
728.2132130239858,60.0,0.0
728.215559314034,59.0,0.0
728.2227553021937,58.0,0.0
728.2468667943336,57.0,0.0
728.248085909768,58.0,0.0
728.2529969157905,59.0,0.0
728.2589535011894,58.0,0.0
728.2841662963964,57.0,0.0
728.2982363745173,56.0,0.0
728.3363523868875,55.0,0.0
728.3422374752528,54.0,0.0
728.35121991635,53.0,0.0
728.3532740953193,54.0,0.0
728.3644590859096,55.0,0.0
728.3706978211504,56.0,0.0
728.3770977345382,55.0,0.0
728.3822023646363,54.0,0.0
728.3930709497336,55.0,0.0
728.3974388590832,54.0,0.0
728.3991428290949,55.0,0.0
728.399454368393,54.0,0.0
728.4023629802139,53.0,0.0
728.4223451945827,52.0,0.0
728.4247171224881,53.0,0.0
728.4292286145511,54.0,0.0
728.4701874205904,55.0,0.0
728.49565967109,54.0,0.0
728.517648606984,53.0,0.0
728.5206274387742,52.0,0.0
728.5239429937437,53.0,0.0
728.5333218075359,52.0,0.0
728.5351045891048,51.0,0.0
728.5914321740239,52.0,0.0
728.603127748733,53.0,0.0
728.6083366164926,52.0,0.0
728.6218339811446,51.0,0.0
728.6230546343869,50.0,0.0
728.6289156970324,49.0,0.0
728.6395582639963,48.0,0.0
728.6430102967423,47.0,0.0
728.6524089973738,48.0,0.0
728.663024885551,47.0,0.0
728.6694232819631,46.0,0.0
728.6707740107987,45.0,0.0
728.679269828299,46.0,0.0
728.679927829822,47.0,0.0
728.6853775247138,46.0,0.0
728.6992940482713,45.0,0.0
728.6996612718114,44.0,0.0
728.700948218322,43.0,0.0
728.7041235249359,44.0,0.0
728.7079809698378,45.0,0.0
728.714818432139,44.0,0.0
728.7220436524159,43.0,0.0
728.7263254764766,42.0,0.0
728.7495065315499,41.0,0.0
728.7538432238206,40.0,0.0
728.7665244887376,41.0,0.0
728.7753155312707,40.0,0.0
728.8065272276888,41.0,0.0
728.8085736620319,40.0,0.0
728.8091093510645,41.0,0.0
728.8117489988541,40.0,0.0
728.816039764688,39.0,0.0
728.8287760098906,38.0,0.0
728.8343652504359,37.0,0.0
728.8400042469341,36.0,0.0
728.8492800916215,35.0,0.0
728.8515396151711,34.0,0.0
728.8522622631986,33.0,0.0
728.8573889418432,32.0,0.0
728.8594553856213,31.0,0.0
728.8645093789835,32.0,0.0
728.8668503793505,33.0,0.0
728.871557074662,34.0,0.0
728.8764309296189,33.0,0.0
728.9077946939066,34.0,0.0
728.9112123459626,33.0,0.0
728.9113950190888,32.0,0.0
728.9133223801051,33.0,0.0
728.9150499578507,34.0,0.0
728.9363488392959,35.0,0.0
728.9372898415861,34.0,0.0
728.9434766872188,33.0,0.0
728.9435765907174,32.0,0.0
728.9570010120075,33.0,0.0
728.9896219345673,32.0,0.0
729.0018595304649,31.0,0.0
729.0019607667655,30.0,0.0
729.0037750294729,29.0,0.0
729.0188568691423,28.0,0.0
729.0323181716681,29.0,0.0
729.0404989018548,28.0,0.0
729.0413542741827,27.0,0.0
729.0449817200708,26.0,0.0
729.0512733014885,27.0,0.0
729.0547600161198,26.0,0.0
729.0703936232093,27.0,0.0
729.084258200021,28.0,0.0
729.125343763246,27.0,0.0
729.1476776539265,26.0,0.0
729.1533285373571,27.0,0.0
729.1541971343128,26.0,0.0
729.1675554940385,27.0,0.0
729.1728722657654,26.0,0.0
729.1818071195983,27.0,0.0
729.1857788971131,26.0,0.0
729.1886194526456,25.0,0.0
729.2074861805829,24.0,0.0
729.2083227422485,23.0,0.0
729.2121020233951,24.0,0.0
729.2207061106783,25.0,0.0
729.2374361349553,24.0,0.0
729.2483208407848,23.0,0.0
729.2552800068869,22.0,0.0
729.2644743962475,21.0,0.0
729.2775701341319,20.0,0.0
729.2777317350758,19.0,0.0
729.2923528091196,18.0,0.0
729.3124957450328,17.0,0.0
729.3455093006737,16.0,0.0
729.350725566341,15.0,0.0
729.3526522155266,16.0,0.0
729.3684283640803,17.0,0.0
729.389856100932,18.0,0.0
729.3907770238276,17.0,0.0
729.3932890918364,16.0,0.0
729.4178880783869,15.0,0.0
729.4435922207292,16.0,0.0
729.4509494028738,15.0,0.0
729.4522833982318,14.0,0.0
729.4538016703295,13.0,0.0
729.4656252478928,12.0,0.0
729.4666459548263,11.0,0.0
729.473866770128,10.0,0.0
729.478808511249,9.0,0.0
729.4843627212737,8.0,0.0
729.4916599798228,7.0,0.0
729.4928734713114,6.0,0.0
729.5232268696556,7.0,0.0
729.527028902033,6.0,0.0
729.5505349405612,5.0,0.0
729.562729736879,4.0,0.0
729.5696801917692,3.0,0.0
729.5739998082869,2.0,0.0
729.5781285944857,1.0,0.0
729.592587512795,0.0,0.0
729.6081004683092,1.0,0.0
729.6592369893192,2.0,0.0
729.6656705903292,1.0,0.0
729.6698359713116,2.0,0.0
729.6744907136198,3.0,0.0
729.687333198662,2.0,0.0
729.6895444473495,1.0,0.0
729.7358614692239,0.0,0.0
729.8283169601057,1.0,0.0
729.846163684225,0.0,0.0
729.8501758259202,1.0,0.0
729.8775436749235,2.0,0.0
729.897104247307,1.0,0.0
729.9018234827638,0.0,0.0
729.9656550821786,1.0,0.0
729.977451076293,2.0,0.0
730.000126179587,1.0,0.0
730.0153908403203,0.0,0.0
730.0256589479641,1.0,0.0
730.0357620318533,0.0,0.0
730.0652302346629,1.0,0.0
730.07042673103,0.0,0.0
730.1234934052742,1.0,0.0
730.1538407393784,0.0,0.0
730.2050809983141,1.0,0.0
730.2361992944142,0.0,0.0
730.2633429759097,1.0,0.0
730.2728106742371,0.0,0.0
730.3000269734232,1.0,0.0
730.3126058931138,0.0,0.0
730.3152950514062,1.0,0.0
730.3256928571506,0.0,0.0
730.4014395977009,1.0,0.0
730.4299745107628,2.0,0.0
730.4316520049199,1.0,0.0
730.4478875508967,2.0,0.0
730.4479492420119,1.0,0.0
730.4536132259913,2.0,0.0
730.4539264359507,1.0,0.0
730.5963339113182,0.0,0.0
730.6507618924132,1.0,0.0
730.7240872670711,0.0,0.0
730.774302444651,1.0,0.0
730.7765616956182,0.0,0.0
730.8736354212489,1.0,0.0
730.8756258139548,0.0,0.0
730.9492469792333,1.0,0.0
730.9526117028454,0.0,0.0
730.976408727569,1.0,0.0
730.9876973570944,2.0,0.0
731.0361823505591,1.0,0.0
731.0374492682646,2.0,0.0
731.0410829022316,1.0,0.0
731.042910696688,0.0,0.0
731.224005891521,1.0,0.0
731.2301176413674,2.0,0.0
731.2306941938277,1.0,0.0
731.2564255124075,0.0,0.0
731.278257556928,1.0,0.0
731.2860792959998,0.0,0.0
731.4170194560651,1.0,0.0
731.4233855759678,0.0,0.0
731.5126038398533,1.0,0.0
731.5186757388223,2.0,0.0
731.520525847712,1.0,0.0
731.5506395953385,2.0,0.0
731.5525021467728,1.0,0.0
731.5553032109958,2.0,0.0
731.5866127450066,3.0,0.0
731.5874449709199,2.0,0.0
731.589617560028,1.0,0.0
731.6143318820288,2.0,0.0
731.6246187927085,3.0,0.0
731.6307924997551,2.0,0.0
731.6330222097004,1.0,0.0
731.6336113276178,0.0,0.0
731.6569285645057,1.0,0.0
731.6625267492024,2.0,0.0
731.7158167869329,3.0,0.0
731.7207611025855,2.0,0.0
731.7587915187821,3.0,0.0
731.7725121299319,4.0,0.0
731.7789672992121,5.0,0.0
731.7904977107878,6.0,0.0
731.8108720908712,5.0,0.0
731.835485575033,4.0,0.0
731.8421626194581,3.0,0.0
731.8612519957143,2.0,0.0
731.8685467713183,1.0,0.0
731.8793912843686,0.0,0.0
731.9292811938752,1.0,0.0
731.9334523650157,0.0,0.0
731.940647976529,1.0,0.0
731.9530015620275,2.0,0.0
731.9574145498791,1.0,0.0
731.957673007151,0.0,0.0
731.9651274811175,1.0,0.0
731.9739816043643,0.0,0.0
732.0074290396192,1.0,0.0
732.0084235047268,2.0,0.0
732.0101937023593,1.0,0.0
732.0624812109297,2.0,0.0
732.1242673051235,3.0,0.0
732.1278602012983,2.0,0.0
732.1305414702633,1.0,0.0
732.1640544459927,2.0,0.0
732.165445826331,1.0,0.0
732.1779718916597,2.0,0.0
732.1857072350549,1.0,0.0
732.1901206971371,2.0,0.0
732.205947429643,1.0,0.0
732.2072758751121,2.0,0.0
732.224786858667,3.0,0.0
732.226257061522,4.0,0.0
732.2277120879969,5.0,0.0
732.2346275873396,4.0,0.0
732.2359130090464,3.0,0.0
732.2724641712249,4.0,0.0
732.2741159242684,3.0,0.0
732.2809237241764,2.0,0.0
732.2945102677801,1.0,0.0
732.2980225283254,2.0,0.0
732.3086970916765,1.0,0.0
732.3144437347738,2.0,0.0
732.32488740553,3.0,0.0
732.3262859778487,2.0,0.0
732.3681350502308,3.0,0.0
732.3783648021423,2.0,0.0
732.4100054183043,3.0,0.0
732.4145184502853,2.0,0.0
732.4200350753589,3.0,0.0
732.4359204806053,4.0,0.0
732.4458838645374,5.0,0.0
732.4496754035135,4.0,0.0
732.4782342037557,5.0,0.0
732.4902458583132,6.0,0.0
732.4941483852574,7.0,0.0
732.5083348008325,6.0,0.0
732.5151062405598,7.0,0.0
732.5214056295337,8.0,0.0
732.52590464999,7.0,0.0
732.544224673991,6.0,0.0
732.5770151599678,7.0,0.0
732.5812034818426,6.0,0.0
732.583553000204,5.0,0.0
732.6030098376916,4.0,0.0
732.6086428119783,3.0,0.0
732.6119732468156,2.0,0.0
732.6154284742464,3.0,0.0
732.6202018048045,2.0,0.0
732.6259453822454,1.0,0.0
732.6520897792109,2.0,0.0
732.6960336423713,1.0,0.0
732.7110037804148,0.0,0.0
732.7215114063011,1.0,0.0
732.7227807750147,0.0,0.0
732.8567239768511,1.0,0.0
732.8692214362466,2.0,0.0
732.8854750817075,3.0,0.0
732.9007529994767,2.0,0.0
732.9063239891154,1.0,0.0
732.9064101022719,0.0,0.0
732.9504451331298,1.0,0.0
732.9637306480075,2.0,0.0
732.9843094450468,3.0,0.0
732.984350382363,2.0,0.0
732.9885113554782,3.0,0.0
732.9904887014112,2.0,0.0
732.9940232787912,3.0,0.0
733.0073645680367,2.0,0.0
733.0289015945539,1.0,0.0
733.0484082685465,2.0,0.0
733.0674025936336,1.0,0.0
733.0928233294815,0.0,0.0
733.1126501318411,1.0,0.0
733.1210522790557,0.0,0.0
733.1427807084976,1.0,0.0
733.145644447567,2.0,0.0
733.1484077021869,1.0,0.0
733.1945201711997,0.0,0.0
733.1968647143227,1.0,0.0
733.200858754338,0.0,0.0
733.2277669605364,1.0,0.0
733.2327687506728,0.0,0.0
733.2355393516785,1.0,0.0
733.2487620966599,2.0,0.0
733.2545985242017,3.0,0.0
733.2656432949409,4.0,0.0
733.2778164026757,3.0,0.0
733.2828925720981,4.0,0.0
733.2889862485374,3.0,0.0
733.3110832399874,2.0,0.0
733.3610052858814,1.0,0.0
733.3979790763631,2.0,0.0
733.4177398207627,3.0,0.0
733.4378380154011,2.0,0.0
733.4441668578833,3.0,0.0
733.4617169980426,2.0,0.0
733.4771433995821,3.0,0.0
733.4787870809434,2.0,0.0
733.4853736348522,1.0,0.0
733.5469713078522,2.0,0.0
733.5545772226873,3.0,0.0
733.5574099127476,2.0,0.0
733.5597560431623,1.0,0.0
733.5676453131836,2.0,0.0
733.5691158703795,1.0,0.0
733.596538428914,0.0,0.0
733.6293120726323,1.0,0.0
733.6324103657331,2.0,0.0
733.6341446070496,1.0,0.0
733.6531929404506,0.0,0.0
733.6567098779904,1.0,0.0
733.6646221924842,0.0,0.0
733.6953771681408,1.0,0.0
733.7078217999159,0.0,0.0
733.723773113292,1.0,0.0
733.7304657942418,0.0,0.0
733.7321262846725,1.0,0.0
733.7327712517459,0.0,0.0
733.7358218308112,1.0,0.0
733.7500810180056,2.0,0.0
733.7565248597608,3.0,0.0
733.7705165978861,2.0,0.0
733.774599789177,3.0,0.0
733.7827641951789,2.0,0.0
733.8216548981701,1.0,0.0
733.8241862928475,0.0,0.0
733.8525467179571,1.0,0.0
733.8573010596241,2.0,0.0
733.8631762291686,1.0,0.0
733.8699871542074,2.0,0.0
733.8737219760967,3.0,0.0
733.8795661542982,4.0,0.0
733.8841157880289,5.0,0.0
733.8844270100196,4.0,0.0
733.89038213342,5.0,0.0
733.9063606696566,4.0,0.0
733.9066257977065,3.0,0.0
733.9093523684339,2.0,0.0
733.92485121321,1.0,0.0
733.9254942201919,2.0,0.0
733.9335886250668,3.0,0.0
733.9409501123115,2.0,0.0
733.9428132735447,3.0,0.0
733.9428859227705,2.0,0.0
733.9574635057799,1.0,0.0
733.9623458497349,2.0,0.0
733.9851027413013,3.0,0.0
733.9858887507836,2.0,0.0
733.993197357827,3.0,0.0
734.003119214712,2.0,0.0
734.0138285758941,3.0,0.0
734.0223029236173,4.0,0.0
734.0591067395918,3.0,0.0
734.0760893988528,2.0,0.0
734.0795354741335,1.0,0.0
734.080403719117,2.0,0.0
734.0916521657637,1.0,0.0
734.1069025820491,0.0,0.0
734.1072245406307,1.0,0.0
734.1094382355503,2.0,0.0
734.1144079161419,3.0,0.0
734.1154476031992,2.0,0.0
734.1167000416546,3.0,0.0
734.1280493785006,2.0,0.0
734.1326936974466,3.0,0.0
734.1328279882672,2.0,0.0
734.1379929691974,3.0,0.0
734.151919114394,4.0,0.0
734.1606263957112,5.0,0.0
734.1745293115716,4.0,0.0
734.1819583935714,3.0,0.0
734.1869923541042,2.0,0.0
734.1873144301712,1.0,0.0
734.1931757201888,2.0,0.0
734.1945429826958,1.0,0.0
734.2134046777875,2.0,0.0
734.2311268109543,3.0,0.0
734.2343991060951,4.0,0.0
734.2385339483362,5.0,0.0
734.2418400817272,4.0,0.0
734.2501432068285,5.0,0.0
734.2518616681746,6.0,0.0
734.2680729715328,7.0,0.0
734.2828557859533,8.0,0.0
734.2861998975469,9.0,0.0
734.2886114712418,8.0,0.0
734.2998271125884,9.0,0.0
734.3023544842333,8.0,0.0
734.3091211087242,7.0,0.0
734.3137340023951,8.0,0.0
734.3241580782053,9.0,0.0
734.3430042341352,8.0,0.0
734.3502220251437,7.0,0.0
734.3581790033924,8.0,0.0
734.3625081331792,7.0,0.0
734.3686167117289,6.0,0.0
734.3767720351602,7.0,0.0
734.3781674807325,6.0,0.0
734.3873811238034,5.0,0.0
734.390096372722,6.0,0.0
734.3980945313899,5.0,0.0
734.3988573016466,4.0,0.0
734.4042282257622,3.0,0.0
734.4052799680543,4.0,0.0
734.4055130594458,5.0,0.0
734.4179178227522,6.0,0.0
734.4338720434947,5.0,0.0
734.4600529203027,4.0,0.0
734.4654078734077,5.0,0.0
734.4667937213153,4.0,0.0
734.4689092853032,5.0,0.0
734.4831574474644,4.0,0.0
734.4865890467084,5.0,0.0
734.4936311703436,6.0,0.0
734.5179840502954,7.0,0.0
734.521472121346,6.0,0.0
734.5305124067994,7.0,0.0
734.5378785773537,6.0,0.0
734.5490065911357,5.0,0.0
734.5696895584124,6.0,0.0
734.589765378601,7.0,0.0
734.5996558028243,8.0,0.0
734.6063490613788,9.0,0.0
734.607650438486,10.0,0.0
734.6149895546844,11.0,0.0
734.6228792446044,10.0,0.0
734.6235814991003,9.0,0.0
734.6249558553307,10.0,0.0
734.626896609056,9.0,0.0
734.6313338542691,8.0,0.0
734.6319616019653,9.0,0.0
734.6358249434002,10.0,0.0
734.6487858002965,9.0,0.0
734.6502084063247,8.0,0.0
734.651426588078,7.0,0.0
734.6526668294049,8.0,0.0
734.655366342776,7.0,0.0
734.6656205284489,8.0,0.0
734.6775330078782,7.0,0.0
734.6802274460786,6.0,0.0
734.7005987442571,5.0,0.0
734.7078168273897,6.0,0.0
734.7082589733268,7.0,0.0
734.7186419462129,6.0,0.0
734.7211046834369,5.0,0.0
734.7237898452754,4.0,0.0
734.7616097327402,3.0,0.0
734.763510468102,4.0,0.0
734.7685655941941,5.0,0.0
734.7696149070655,6.0,0.0
734.7707141829317,7.0,0.0
734.771400910202,6.0,0.0
734.7719987104509,7.0,0.0
734.7855142383004,8.0,0.0
734.7879995436502,7.0,0.0
734.7923241894639,6.0,0.0
734.7936238784948,5.0,0.0
734.799321047505,6.0,0.0
734.8058210664462,5.0,0.0
734.8114909246401,4.0,0.0
734.8231739356044,5.0,0.0
734.8421109952513,4.0,0.0
734.8444030138461,3.0,0.0
734.8520385861661,2.0,0.0
734.8699950117898,1.0,0.0
734.8721620492436,2.0,0.0
734.8730050431512,3.0,0.0
734.8807666233009,4.0,0.0
734.8949959006105,3.0,0.0
734.9053338946841,4.0,0.0
734.9099104333496,3.0,0.0
734.9257781850683,2.0,0.0
734.9480202165037,3.0,0.0
734.9542264622096,4.0,0.0
734.9592659253167,3.0,0.0
734.9680919089574,4.0,0.0
734.973436622098,3.0,0.0
734.9735288884376,4.0,0.0
734.9757737026459,3.0,0.0
734.9813690752203,2.0,0.0
734.989282064247,1.0,0.0
735.0124304736071,2.0,0.0
735.0183268351448,3.0,0.0
735.0266048165859,4.0,0.0
735.044425113472,3.0,0.0
735.0447408570858,4.0,0.0
735.0545431516663,5.0,0.0
735.0744286920261,6.0,0.0
735.0853949146209,5.0,0.0
735.0930219545892,6.0,0.0
735.0938260970738,5.0,0.0
735.0975548482684,4.0,0.0
735.1033928381504,5.0,0.0
735.1071447204992,6.0,0.0
735.1103956242463,7.0,0.0
735.1113227810549,6.0,0.0
735.1114698425516,7.0,0.0
735.115729453317,6.0,0.0
735.1230047930156,7.0,0.0
735.1264477605345,6.0,0.0
735.144865559282,5.0,0.0
735.1476451140076,4.0,0.0
735.1693768918944,5.0,0.0
735.1735509272515,6.0,0.0
735.1742628435118,7.0,0.0
735.1743589612286,8.0,0.0
735.1856483562783,9.0,0.0
735.1862626789457,8.0,0.0
735.1948689187242,9.0,0.0
735.19947467255,10.0,0.0
735.2006420635995,11.0,0.0
735.2010405375449,12.0,0.0
735.2026002737676,13.0,0.0
735.2028433960023,14.0,0.0
735.2043452957467,13.0,0.0
735.2072942758718,12.0,0.0
735.2137075985618,11.0,0.0
735.2190059217947,12.0,0.0
735.2194190808858,13.0,0.0
735.2205340034765,14.0,0.0
735.2226760545051,13.0,0.0
735.2304612563748,14.0,0.0
735.2385722489206,15.0,0.0
735.2513691168332,16.0,0.0
735.2513765057525,15.0,0.0
735.2545542933087,14.0,0.0
735.2555510136586,15.0,0.0
735.2560994898661,16.0,0.0
735.2577644384269,15.0,0.0
735.2641132574691,14.0,0.0
735.274395616404,13.0,0.0
735.2826155025518,14.0,0.0
735.2870656259207,15.0,0.0
735.3006148978413,14.0,0.0
735.3025733649465,13.0,0.0
735.3099545044677,12.0,0.0
735.3156942040797,11.0,0.0
735.3191691745308,12.0,0.0
735.3303285148029,11.0,0.0
735.3339945369715,10.0,0.0
735.3466667443092,11.0,0.0
735.3501640856102,12.0,0.0
735.3539364891271,13.0,0.0
735.3578846795689,12.0,0.0
735.3647115451246,13.0,0.0
735.3678033657774,14.0,0.0
735.3719225958898,13.0,0.0
735.3722515234531,14.0,0.0
735.3749324952253,13.0,0.0
735.3804731812113,12.0,0.0
735.3836001889055,13.0,0.0
735.3846642453647,14.0,0.0
735.3948302599156,15.0,0.0
735.4117986508259,16.0,0.0
735.4213344666255,17.0,0.0
735.425026818981,18.0,0.0
735.4284022389944,17.0,0.0
735.4331077589852,16.0,0.0
735.4442770649425,17.0,0.0
735.4606356185379,18.0,0.0
735.4678481146112,19.0,0.0
735.4705420148546,20.0,0.0
735.4724987347264,19.0,0.0
735.4775814247051,20.0,0.0
735.486313792546,19.0,0.0
735.4863288673805,20.0,0.0
735.4881026589269,19.0,0.0
735.489807279806,20.0,0.0
735.4989657180183,21.0,0.0
735.503249502337,20.0,0.0
735.5042986522501,19.0,0.0
735.5096325368501,18.0,0.0
735.5165740751863,19.0,0.0
735.5200434387925,20.0,0.0
735.5200439313768,19.0,0.0
735.5345868520551,20.0,0.0
735.5435846882007,19.0,0.0
735.5441185958357,18.0,0.0
735.5461672614571,17.0,0.0
735.549786893565,16.0,0.0
735.553463488598,17.0,0.0
735.5550184054566,18.0,0.0
735.5737511105983,17.0,0.0
735.5782084413422,16.0,0.0
735.582934567645,15.0,0.0
735.6131743690946,14.0,0.0
735.6134189842303,15.0,0.0
735.6136799567894,16.0,0.0
735.6152928789103,17.0,0.0
735.6225895068952,16.0,0.0
735.6361387435311,15.0,0.0
735.6382270691001,16.0,0.0
735.6453494476291,17.0,0.0
735.6481396311218,16.0,0.0
735.656089019941,17.0,0.0
735.6631390902403,18.0,0.0
735.6640206356232,17.0,0.0
735.6658521606973,18.0,0.0
735.6831376914242,17.0,0.0
735.6848658550578,18.0,0.0
735.6916370505899,19.0,0.0
735.6964672423226,20.0,0.0
735.697891210498,21.0,0.0
735.7006236152474,22.0,0.0
735.7044889773614,23.0,0.0
735.708329524049,22.0,0.0
735.7268156951678,21.0,0.0
735.7425574593502,22.0,0.0
735.7633892291738,21.0,0.0
735.7677445216177,22.0,0.0
735.7726875387306,23.0,0.0
735.7734405369589,24.0,0.0
735.7867935509057,25.0,0.0
735.7873656550506,26.0,0.0
735.7904208688301,27.0,0.0
735.7905166447308,26.0,0.0
735.805354676739,25.0,0.0
735.8062554669419,24.0,0.0
735.8073519953704,25.0,0.0
735.810051714674,26.0,0.0
735.8165097213384,25.0,0.0
735.8187436381096,26.0,0.0
735.8214004892754,25.0,0.0
735.8270496327501,26.0,0.0
735.8342069796269,27.0,0.0
735.8418070768628,26.0,0.0
735.8430788348555,27.0,0.0
735.8470986984778,26.0,0.0
735.8481177337279,27.0,0.0
735.8551330499965,28.0,0.0
735.8902388676013,27.0,0.0
735.894513020215,26.0,0.0
735.8975629449425,27.0,0.0
735.9066642026593,26.0,0.0
735.9080216332254,25.0,0.0
735.9258289837965,26.0,0.0
735.9264636756578,25.0,0.0
735.9300985996281,24.0,0.0
735.9309130456363,25.0,0.0
735.9319205666384,26.0,0.0
735.9329130967624,27.0,0.0
735.9397490369244,28.0,0.0
735.9490330888368,29.0,0.0
735.9523342152055,30.0,0.0
735.9549944346529,31.0,0.0
735.9573659461464,30.0,0.0
735.9629395508545,29.0,0.0
735.9648279695577,30.0,0.0
735.965253870756,31.0,0.0
735.9664826233085,32.0,0.0
735.9717353946659,31.0,0.0
735.9734526428782,30.0,0.0
735.9761305601072,31.0,0.0
735.9787590444033,30.0,0.0
735.9840773135239,31.0,0.0
735.989452250985,32.0,0.0
735.9935117636268,33.0,0.0
735.9976582476543,34.0,0.0
736.0003380573304,35.0,0.0
736.0025713724862,36.0,0.0
736.0027410183178,37.0,0.0
736.0031705111879,36.0,0.0
736.009073736716,37.0,0.0
736.022548983229,38.0,0.0
736.023513905863,39.0,0.0
736.0249706810307,40.0,0.0
736.0264572411039,41.0,0.0
736.0315634589994,40.0,0.0
736.0362072891867,39.0,0.0
736.0417637507736,38.0,0.0
736.0445828528217,39.0,0.0
736.0507129635369,40.0,0.0
736.0530213466731,39.0,0.0
736.0570884071124,40.0,0.0
736.0659216532367,41.0,0.0
736.08017740009,40.0,0.0
736.0826241407993,41.0,0.0
736.0901628403428,42.0,0.0
736.0938848232332,43.0,0.0
736.1041288160487,44.0,0.0
736.1079441172513,45.0,0.0
736.1117959807101,46.0,0.0
736.1225283882361,45.0,0.0
736.1256744893428,44.0,0.0
736.1319546723074,43.0,0.0
736.1564569937827,44.0,0.0
736.1697023617229,45.0,0.0
736.1724764743324,44.0,0.0
736.1774032957734,45.0,0.0
736.2038479881448,46.0,0.0
736.2092525649433,47.0,0.0
736.2094558035291,48.0,0.0
736.2158554873241,49.0,0.0
736.2169988988044,48.0,0.0
736.2220911820172,47.0,0.0
736.2234155851028,46.0,0.0
736.2241920034489,47.0,0.0
736.2307553056214,46.0,0.0
736.242888316324,47.0,0.0
736.2474345824163,46.0,0.0
736.2582229275886,45.0,0.0
736.2669981957446,46.0,0.0
736.2861253970808,47.0,0.0
736.2876714325047,48.0,0.0
736.3037767791247,49.0,0.0
736.3054756075596,50.0,0.0
736.3099945271993,49.0,0.0
736.3127779420815,48.0,0.0
736.3137792588356,47.0,0.0
736.325440580748,48.0,0.0
736.3257221070883,49.0,0.0
736.3260629149393,50.0,0.0
736.3418540453639,49.0,0.0
736.3453360121259,50.0,0.0
736.3499604332233,49.0,0.0
736.3550903473066,50.0,0.0
736.3585350869275,51.0,0.0
736.3618515185167,52.0,0.0
736.3635936351014,53.0,0.0
736.3663112356908,52.0,0.0
736.3737205320854,51.0,0.0
736.3739287374885,52.0,0.0
736.3937086904158,51.0,0.0
736.403739903965,50.0,0.0
736.4110981725036,49.0,0.0
736.4159547700261,48.0,0.0
736.416306127511,49.0,0.0
736.4169178104513,48.0,0.0
736.4280174504219,49.0,0.0
736.4301056388832,50.0,0.0
736.441320677256,51.0,0.0
736.4435299244398,52.0,0.0
736.4512908548704,53.0,0.0
736.4642739452274,54.0,0.0
736.4715118594662,55.0,0.0
736.4731888677467,56.0,0.0
736.4764994600206,55.0,0.0
736.4818636999629,56.0,0.0
736.4861925496436,55.0,0.0
736.4880867410631,54.0,0.0
736.493366671518,55.0,0.0
736.4954932070226,54.0,0.0
736.5066506386797,53.0,0.0
736.5073356797534,52.0,0.0
736.5095741352405,53.0,0.0
736.5108373433312,52.0,0.0
736.513112725131,53.0,0.0
736.5278415847368,52.0,0.0
736.5334836304871,53.0,0.0
736.5372109421302,52.0,0.0
736.5427717783281,51.0,0.0
736.5427780892963,50.0,0.0
736.5544033917406,51.0,0.0
736.5553302738489,50.0,0.0
736.5761400638125,51.0,0.0
736.5775921628714,52.0,0.0
736.580418425056,51.0,0.0
736.5846100487908,52.0,0.0
736.5858459817725,51.0,0.0
736.5867218431347,50.0,0.0
736.6054699083401,49.0,0.0
736.6079566766957,50.0,0.0
736.6172547484907,49.0,0.0
736.6221626577671,48.0,0.0
736.6231945754841,47.0,0.0
736.6327389010894,48.0,0.0
736.635969971843,47.0,0.0
736.6378564977801,48.0,0.0
736.6401513599511,47.0,0.0
736.6407311822664,48.0,0.0
736.6407913489719,49.0,0.0
736.6511894352846,50.0,0.0
736.6512799206404,51.0,0.0
736.6666740475708,52.0,0.0
736.6704923919278,51.0,0.0
736.6715959677077,50.0,0.0
736.6812925434118,49.0,0.0
736.6904193721372,48.0,0.0
736.6939433677411,49.0,0.0
736.6956544349357,48.0,0.0
736.6959105279564,49.0,0.0
736.7008401681354,50.0,0.0
736.7026423661882,49.0,0.0
736.7093826944068,50.0,0.0
736.7173401164838,49.0,0.0
736.738144048275,50.0,0.0
736.7383368268502,49.0,0.0
736.743048685787,48.0,0.0
736.744419188262,49.0,0.0
736.7464675517239,48.0,0.0
736.7470765403626,49.0,0.0
736.7491920677942,48.0,0.0
736.755892067052,49.0,0.0
736.7572625688807,48.0,0.0
736.7605227285006,49.0,0.0
736.7661336892564,50.0,0.0
736.7719101161786,49.0,0.0
736.7826292010172,50.0,0.0
736.7898243182426,51.0,0.0
736.8025877040313,50.0,0.0
736.8035304649395,51.0,0.0
736.8052483686846,52.0,0.0
736.8064820391268,53.0,0.0
736.8098772971078,54.0,0.0
736.8139174868126,53.0,0.0
736.8168062957227,54.0,0.0
736.8253164223875,55.0,0.0
736.8254581815856,56.0,0.0
736.8268588806015,55.0,0.0
736.8319179995893,56.0,0.0
736.83571166111,55.0,0.0
736.8364061564528,56.0,0.0
736.8439372982023,55.0,0.0
736.8440729812733,56.0,0.0
736.8497421264841,55.0,0.0
736.857768890601,56.0,0.0
736.8598340785213,55.0,0.0
736.8628498860841,56.0,0.0
736.8726005406743,55.0,0.0
736.8737847340757,56.0,0.0
736.88100631662,55.0,0.0
736.885388669368,54.0,0.0
736.8894657251749,55.0,0.0
736.8974999990913,54.0,0.0
736.902326564348,53.0,0.0
736.9072858724933,54.0,0.0
736.9111717070116,53.0,0.0
736.9157085163617,54.0,0.0
736.9169021452659,53.0,0.0
736.920975457992,54.0,0.0
736.9220668410776,55.0,0.0
736.92349304321,56.0,0.0
736.9275323674553,57.0,0.0
736.9317311389747,58.0,0.0
736.9366415142733,59.0,0.0
736.9368454591971,60.0,0.0
736.9433083161324,59.0,0.0
736.9487250485995,60.0,0.0
736.9496225636574,61.0,0.0
736.9508395443802,60.0,0.0
736.954424709192,61.0,0.0
736.9547289567165,60.0,0.0
736.9564837573537,59.0,0.0
736.9568881643203,60.0,0.0
736.9572945611042,59.0,0.0
736.959946147854,58.0,0.0
736.9749209452523,57.0,0.0
736.9837461522078,58.0,0.0
736.9912039797439,59.0,0.0
736.991940966103,58.0,0.0
736.9977642767573,57.0,0.0
737.0011460252085,56.0,0.0
737.007806383729,57.0,0.0
737.0105060898719,56.0,0.0
737.0110956499616,57.0,0.0
737.0147819467483,56.0,0.0
737.0180709525347,57.0,0.0
737.0291425039911,56.0,0.0
737.0297435962668,55.0,0.0
737.0314045868885,56.0,0.0
737.0361158794592,57.0,0.0
737.0374545004382,58.0,0.0
737.0494745004117,59.0,0.0
737.0549773657198,58.0,0.0
737.0577665691007,59.0,0.0
737.0612016124833,60.0,0.0
737.0621859555379,59.0,0.0
737.0745734805415,60.0,0.0
737.0764456125919,59.0,0.0
737.0764906517694,60.0,0.0
737.079214588911,61.0,0.0
737.0801115699475,62.0,0.0
737.0855977481547,63.0,0.0
737.0858735906519,62.0,0.0
737.0876192600987,63.0,0.0
737.1006579438435,64.0,0.0
737.1031655772733,65.0,0.0
737.1040050949287,66.0,0.0
737.107054887704,65.0,0.0
737.1084810477391,66.0,0.0
737.1109994452775,67.0,0.0
737.1116365645843,66.0,0.0
737.11914406868,67.0,0.0
737.1193799735174,68.0,0.0
737.1276253255638,69.0,0.0
737.1297741483573,68.0,0.0
737.1327069245592,69.0,0.0
737.1453498949542,70.0,0.0
737.1563357806323,69.0,0.0
737.1564285116289,68.0,0.0
737.1754405607016,69.0,0.0
737.1780919418853,70.0,0.0
737.1924534701284,69.0,0.0
737.1933779414782,68.0,0.0
737.1979561480761,69.0,0.0
737.1988221519819,68.0,0.0
737.1989753516777,67.0,0.0
737.2029214171041,68.0,0.0
737.2032025578452,67.0,0.0
737.2041317475757,68.0,0.0
737.2058706268016,69.0,0.0
737.2065007546295,68.0,0.0
737.220613608804,69.0,0.0
737.2319578047444,68.0,0.0
737.235867847773,69.0,0.0
737.2364592582014,70.0,0.0
737.2402909651227,71.0,0.0
737.2455570221575,72.0,0.0
737.2461779242088,71.0,0.0
737.2484527322448,70.0,0.0
737.258780393953,69.0,0.0
737.2622500819406,68.0,0.0
737.2749114784499,67.0,0.0
737.288683743008,68.0,0.0
737.2904234370322,67.0,0.0
737.2909415272394,68.0,0.0
737.2945321404869,67.0,0.0
737.3053909485486,68.0,0.0
737.3108883784403,67.0,0.0
737.3153149632309,68.0,0.0
737.315662407653,69.0,0.0
737.3278972330567,68.0,0.0
737.328199786523,67.0,0.0
737.3302348990339,66.0,0.0
737.3318480449987,67.0,0.0
737.3328730583382,66.0,0.0
737.3344795446376,65.0,0.0
737.3402338920864,64.0,0.0
737.3472957829159,63.0,0.0
737.3558428704376,64.0,0.0
737.361377517062,63.0,0.0
737.3639050934693,62.0,0.0
737.3765064935374,63.0,0.0
737.3836679064777,62.0,0.0
737.3877931919089,63.0,0.0
737.3922347448982,64.0,0.0
737.3946676166179,65.0,0.0
737.3994719214697,66.0,0.0
737.4069116178861,67.0,0.0
737.408728181049,68.0,0.0
737.409008510955,69.0,0.0
737.4119159653284,70.0,0.0
737.4174856287545,69.0,0.0
737.4222509459206,70.0,0.0
737.4263719639856,69.0,0.0
737.4264867287841,70.0,0.0
737.4279375423924,71.0,0.0
737.4367455330168,70.0,0.0
737.4494588279904,71.0,0.0
737.4526690737596,72.0,0.0
737.4562657584172,73.0,0.0
737.4616481827605,74.0,0.0
737.4624545511791,75.0,0.0
737.4710469747016,74.0,0.0
737.4729482643128,73.0,0.0
737.4741449391607,74.0,0.0
737.4745578068887,75.0,0.0
737.4856618891383,74.0,0.0
737.4870962398213,75.0,0.0
737.4918530375217,76.0,0.0
737.4934011180075,75.0,0.0
737.4938895131451,76.0,0.0
737.4982582922679,77.0,0.0
737.5116379531204,76.0,0.0
737.5121669917746,75.0,0.0
737.518744000906,76.0,0.0
737.5213682911673,77.0,0.0
737.5336415276405,78.0,0.0
737.5354270427607,79.0,0.0
737.5393066769673,80.0,0.0
737.5419397989556,79.0,0.0
737.5596828084442,78.0,0.0
737.5666430238161,79.0,0.0
737.5778255829332,80.0,0.0
737.5908635184578,79.0,0.0
737.594242120176,80.0,0.0
737.5959919434299,79.0,0.0
737.6057031383457,80.0,0.0
737.6142148887586,81.0,0.0
737.6225013897465,80.0,0.0
737.6265182452865,79.0,0.0
737.628827355268,80.0,0.0
737.6383852143741,81.0,0.0
737.6394116295081,80.0,0.0
737.6410267862972,81.0,0.0
737.6453626994581,80.0,0.0
737.6494286345979,81.0,0.0
737.651284306042,80.0,0.0
737.6526585894151,81.0,0.0
737.6691446709567,82.0,0.0
737.6712573088452,81.0,0.0
737.6747410625037,80.0,0.0
737.678767130431,81.0,0.0
737.6862481373179,80.0,0.0
737.6880355149033,79.0,0.0
737.7065090522817,80.0,0.0
737.7128673022391,79.0,0.0
737.7175938842146,78.0,0.0
737.7188391738025,79.0,0.0
737.7303113834897,78.0,0.0
737.7324230800776,79.0,0.0
737.7396142287695,80.0,0.0
737.7459852904491,79.0,0.0
737.7466136794367,78.0,0.0
737.7496303134195,79.0,0.0
737.7552460128367,78.0,0.0
737.7585500475514,77.0,0.0
737.7714804649745,76.0,0.0
737.7717428716884,77.0,0.0
737.7912330479325,76.0,0.0
737.79513629628,77.0,0.0
737.7976616847811,78.0,0.0
737.8102318979663,79.0,0.0
737.815849892511,80.0,0.0
737.8213213983454,79.0,0.0
737.8217759196136,78.0,0.0
737.8225836634584,79.0,0.0
737.8228760697318,80.0,0.0
737.8294053532313,81.0,0.0
737.8321592986315,80.0,0.0
737.8376359258572,79.0,0.0
737.8393792618473,78.0,0.0
737.8394955564784,79.0,0.0
737.8512451640793,78.0,0.0
737.8522693727775,79.0,0.0
737.8613306108354,80.0,0.0
737.8725658279417,81.0,0.0
737.8745883716423,82.0,0.0
737.8752317939619,83.0,0.0
737.8833201917215,82.0,0.0
737.8898886701264,83.0,0.0
737.9095097286632,84.0,0.0
737.9107158681499,83.0,0.0
737.9191721573309,82.0,0.0
737.9243091443692,83.0,0.0
737.9265903425287,84.0,0.0
737.9279785746722,83.0,0.0
737.9286016547935,84.0,0.0
737.9300917620554,85.0,0.0
737.9328664109889,86.0,0.0
737.9353968791683,87.0,0.0
737.9374367628558,88.0,0.0
737.9446735885884,87.0,0.0
737.9529515243538,86.0,0.0
737.9547690104921,87.0,0.0
737.9633631393987,88.0,0.0
737.9662019302093,89.0,0.0
737.9682126630016,90.0,0.0
737.9908339291828,91.0,0.0
737.9939182597807,92.0,0.0
737.9989474808598,93.0,0.0
738.0069959179804,94.0,0.0
738.0076023401177,93.0,0.0
738.0147767182845,94.0,0.0
738.0216737688535,93.0,0.0
738.0226201972964,94.0,0.0
738.0233701253807,93.0,0.0
738.0245940493757,94.0,0.0
738.042631466088,93.0,0.0
738.0528530525273,92.0,0.0
738.0531674830304,93.0,0.0
738.0699379702475,94.0,0.0
738.0711150808293,95.0,0.0
738.0716157981633,96.0,0.0
738.0760438422003,95.0,0.0
738.0773745387453,96.0,0.0
738.0819127045072,97.0,0.0
738.0897647149915,98.0,0.0
738.093239327038,99.0,0.0
738.0954602810399,100.0,0.0
738.1055173020573,99.0,0.0
738.108542835125,98.0,0.0
738.1149641304413,97.0,0.0
738.1279613754072,96.0,0.0
738.1315583312322,97.0,0.0
738.1378874297526,98.0,0.0
738.14618077764,97.0,0.0
738.1490806887497,98.0,0.0
738.1528909804871,99.0,0.0
738.1530141119601,98.0,0.0
738.1546704220126,97.0,0.0
738.1674925671856,96.0,0.0
738.1705122147209,95.0,0.0
738.1707745016868,94.0,0.0
738.1709455785534,93.0,0.0
738.177328971745,92.0,0.0
738.1880022140699,91.0,0.0
738.1898202901274,90.0,0.0
738.1901270501035,91.0,0.0
738.1908569811106,90.0,0.0
738.1924003964874,91.0,0.0
738.1943077855803,90.0,0.0
738.1945391990104,91.0,0.0
738.1971134048032,92.0,0.0
738.1995724543823,93.0,0.0
738.2002860163258,94.0,0.0
738.2009802021048,93.0,0.0
738.2060545770827,94.0,0.0
738.2063902945466,95.0,0.0
738.2144705462207,96.0,0.0
738.2166060303739,95.0,0.0
738.2170653104755,94.0,0.0
738.2179773009514,95.0,0.0
738.2221337624073,94.0,0.0
738.229002132782,95.0,0.0
738.235350495207,96.0,0.0
738.2382251181232,95.0,0.0
738.2503205474317,94.0,0.0
738.2529357720312,93.0,0.0
738.2576383560522,94.0,0.0
738.2654633545917,93.0,0.0
738.2817765202228,94.0,0.0
738.2856699290239,95.0,0.0
738.2866140450751,96.0,0.0
738.2918041751052,95.0,0.0
738.2947691769477,96.0,0.0
738.2977092250173,97.0,0.0
738.3015456639738,96.0,0.0
738.3135951498994,97.0,0.0
738.3204649665039,98.0,0.0
738.3286308320313,97.0,0.0
738.3291680404949,98.0,0.0
738.3374554990235,99.0,0.0
738.3453005365172,98.0,0.0
738.3458997019762,99.0,0.0
738.3574956196364,100.0,0.0
738.358806759766,101.0,0.0
738.3657539391755,102.0,0.0
738.3687791387867,103.0,0.0
738.3732564730687,104.0,0.0
738.3768836976666,105.0,0.0
738.3857463413798,106.0,0.0
738.3892852367719,105.0,0.0
738.3897310843389,104.0,0.0
738.3941739308655,105.0,0.0
738.3966250747926,104.0,0.0
738.4009352354836,103.0,0.0
738.4142067503843,102.0,0.0
738.4238316648342,101.0,0.0
738.4260119981682,102.0,0.0
738.4276751979087,103.0,0.0
738.4373153120811,104.0,0.0
738.4480144995063,105.0,0.0
738.4536837103459,104.0,0.0
738.4540370411536,103.0,0.0
738.4568273603057,102.0,0.0
738.4637666819484,101.0,0.0
738.4721732121018,100.0,0.0
738.4895603517415,99.0,0.0
738.4934006575922,98.0,0.0
738.4990823498152,99.0,0.0
738.499353501744,100.0,0.0
738.5028356232829,101.0,0.0
738.5052809364369,102.0,0.0
738.5086160494421,103.0,0.0
738.5166222772791,104.0,0.0
738.5167293151104,103.0,0.0
738.5171275101114,104.0,0.0
738.5190697476562,105.0,0.0
738.5203386732296,106.0,0.0
738.5251786402428,107.0,0.0
738.5363529555182,108.0,0.0
738.5504094085809,107.0,0.0
738.5609375346008,106.0,0.0
738.5651995223108,105.0,0.0
738.5790555306218,104.0,0.0
738.5838721412326,103.0,0.0
738.5904794174421,104.0,0.0
738.5987821187549,105.0,0.0
738.5994753701788,104.0,0.0
738.6032155794503,105.0,0.0
738.6055291168373,106.0,0.0
738.6097281216717,105.0,0.0
738.6101864716182,106.0,0.0
738.6121595866719,107.0,0.0
738.6129108017601,106.0,0.0
738.6156513678918,107.0,0.0
738.6169212916574,106.0,0.0
738.6232046143509,107.0,0.0
738.625666621126,106.0,0.0
738.6269025565394,107.0,0.0
738.628431556941,108.0,0.0
738.637794677739,109.0,0.0
738.6515659530422,110.0,0.0
738.6565010228451,109.0,0.0
738.6595381803899,108.0,0.0
738.6613989763781,109.0,0.0
738.6678082514612,110.0,0.0
738.6682779174806,111.0,0.0
738.6691477223662,112.0,0.0
738.6717917435191,113.0,0.0
738.6722323293376,114.0,0.0
738.6846990819248,113.0,0.0
738.6920380177359,112.0,0.0
738.6947624642717,111.0,0.0
738.6969526199123,110.0,0.0
738.697965893047,111.0,0.0
738.6996814667455,110.0,0.0
738.7007702654666,111.0,0.0
738.7062683632372,112.0,0.0
738.7132111601095,113.0,0.0
738.7150835714086,114.0,0.0
738.7220974089273,113.0,0.0
738.7317435394887,114.0,0.0
738.7342188946886,115.0,0.0
738.7412713824797,114.0,0.0
738.7448141748763,115.0,0.0
738.7532560479664,114.0,0.0
738.7638055820869,115.0,0.0
738.7774460168977,116.0,0.0
738.7781705086487,115.0,0.0
738.7807708418215,116.0,0.0
738.781802404793,117.0,0.0
738.7859530540103,118.0,0.0
738.7943252625704,117.0,0.0
738.8117349905555,118.0,0.0
738.8181930251554,119.0,0.0
738.8242906706457,118.0,0.0
738.8304334693892,119.0,0.0
738.8387949543013,120.0,0.0
738.8393780227175,121.0,0.0
738.843493432868,122.0,0.0
738.8487999201221,123.0,0.0
738.8626210835815,122.0,0.0
738.8645150274867,121.0,0.0
738.867375723299,122.0,0.0
738.8677533904114,121.0,0.0
738.8720226469673,122.0,0.0
738.8722659765572,121.0,0.0
738.8935092813053,122.0,0.0
738.9036186560497,123.0,0.0
738.9066244051594,122.0,0.0
738.9168071674358,121.0,0.0
738.9207996312886,120.0,0.0
738.9283646586813,119.0,0.0
738.9384141472015,118.0,0.0
738.9385369242451,119.0,0.0
738.9471494385507,118.0,0.0
738.9502641956245,117.0,0.0
738.9519743849111,116.0,0.0
738.9568021871023,117.0,0.0
738.9696783571181,118.0,0.0
738.9716413990537,117.0,0.0
738.9722752629805,116.0,0.0
738.976770898029,115.0,0.0
738.9790885800486,114.0,0.0
738.9829207562469,115.0,0.0
738.9845182278078,116.0,0.0
738.9859654923962,117.0,0.0
738.9912289891372,118.0,0.0
738.9962053834237,117.0,0.0
739.0021210483723,116.0,0.0
739.0037404840157,117.0,0.0
739.0052584930359,116.0,0.0
739.0069418520118,115.0,0.0
739.0083483258925,114.0,0.0
739.0090446224499,115.0,0.0
739.01545614361,114.0,0.0
739.0270708023871,113.0,0.0
739.0284712289268,112.0,0.0
739.0374892434606,113.0,0.0
739.0436546588929,114.0,0.0
739.04834662073,115.0,0.0
739.0573152741752,116.0,0.0
739.061782226263,117.0,0.0
739.063685311634,116.0,0.0
739.0750038115519,117.0,0.0
739.0774467669485,116.0,0.0
739.0777553956001,115.0,0.0
739.0792439205215,114.0,0.0
739.0796060985502,113.0,0.0
739.0836466420459,112.0,0.0
739.0856619238315,113.0,0.0
739.089058706228,114.0,0.0
739.0983477138114,115.0,0.0
739.1125501330736,116.0,0.0
739.1136087121891,117.0,0.0
739.1160452868452,118.0,0.0
739.1329791453617,119.0,0.0
739.1392688366701,120.0,0.0
739.1439757315497,119.0,0.0
739.1489831714421,118.0,0.0
739.1525819787478,117.0,0.0
739.1543522241743,118.0,0.0
739.1587020506367,117.0,0.0
739.163568726472,116.0,0.0
739.1687425722519,117.0,0.0
739.1885901741898,118.0,0.0
739.1915105030904,117.0,0.0
739.1979590874508,118.0,0.0
739.2000627823351,119.0,0.0
739.2068825019031,120.0,0.0
739.2111273052769,121.0,0.0
739.2112499635925,122.0,0.0
739.2129431843106,123.0,0.0
739.2130418459415,122.0,0.0
739.2149471384176,123.0,0.0
739.2152912886077,124.0,0.0
739.2255500039934,125.0,0.0
739.2278773527056,126.0,0.0
739.2342371327505,125.0,0.0
739.2446342873249,126.0,0.0
739.2470665180083,125.0,0.0
739.2471875319814,124.0,0.0
739.2476108298259,123.0,0.0
739.2514924135214,124.0,0.0
739.2530801629152,125.0,0.0
739.253087949573,124.0,0.0
739.2533917845925,123.0,0.0
739.265069896836,122.0,0.0
739.2654423686425,121.0,0.0
739.2658611520776,120.0,0.0
739.2661588261861,119.0,0.0
739.2722877794444,120.0,0.0
739.2723186289589,121.0,0.0
739.2820133427327,122.0,0.0
739.2846851548787,123.0,0.0
739.2896959781747,124.0,0.0
739.293804038041,123.0,0.0
739.2987857966635,124.0,0.0
739.2991486988115,125.0,0.0
739.2993181275771,124.0,0.0
739.3041463869529,123.0,0.0
739.3050167260105,122.0,0.0
739.3087779630987,121.0,0.0
739.3195478858152,122.0,0.0
739.3197842821255,123.0,0.0
739.331377417699,122.0,0.0
739.3322000855203,123.0,0.0
739.3365814901165,124.0,0.0
739.3392001534083,125.0,0.0
739.348099464879,124.0,0.0
739.3511471763815,125.0,0.0
739.3600804360138,126.0,0.0
739.3618337979065,125.0,0.0
739.3734935647166,126.0,0.0
739.3756195491134,125.0,0.0
739.3795559379291,126.0,0.0
739.3893144715278,125.0,0.0
739.3916229015032,126.0,0.0
739.3986980970578,127.0,0.0
739.4053170975352,128.0,0.0
739.4078388773296,127.0,0.0
739.4181877740162,128.0,0.0
739.4227867697286,127.0,0.0
739.4393099440039,128.0,0.0
739.4439405029491,129.0,0.0
739.4491799502306,130.0,0.0
739.4517065720569,131.0,0.0
739.4628442572408,130.0,0.0
739.4687850720286,131.0,0.0
739.4871106727701,132.0,0.0
739.4944291732161,133.0,0.0
739.496455229094,134.0,0.0
739.5083616771979,135.0,0.0
739.5151796110108,134.0,0.0
739.5185996626544,135.0,0.0
739.5214126248089,134.0,0.0
739.5317613050798,135.0,0.0
739.5394936921231,136.0,0.0
739.5416268729174,137.0,0.0
739.5489841971566,136.0,0.0
739.5598804385963,137.0,0.0
739.5672270190644,136.0,0.0
739.5676301694638,137.0,0.0
739.5729905456403,136.0,0.0
739.5732883639585,135.0,0.0
739.5759772623397,136.0,0.0
739.5814541220512,135.0,0.0
739.5890007124102,136.0,0.0
739.5993349786396,137.0,0.0
739.6055189681788,136.0,0.0
739.6069553628312,135.0,0.0
739.6215962201003,136.0,0.0
739.6386427576502,135.0,0.0
739.6484398692286,136.0,0.0
739.6544113853006,135.0,0.0
739.6559945449623,136.0,0.0
739.6736540573639,135.0,0.0
739.6739263756945,134.0,0.0
739.6767740025764,133.0,0.0
739.6817570352346,134.0,0.0
739.6822993324479,133.0,0.0
739.6887200945487,134.0,0.0
739.6925360413609,133.0,0.0
739.7099182989012,134.0,0.0
739.7219571618944,133.0,0.0
739.737849004277,134.0,0.0
739.7454557346972,135.0,0.0
739.7543999336965,136.0,0.0
739.7556378600156,137.0,0.0
739.7589762621502,136.0,0.0
739.7692298252932,135.0,0.0
739.7704558996035,134.0,0.0
739.7725528938223,135.0,0.0
739.7814205505817,134.0,0.0
739.7888032385816,135.0,0.0
739.790973347045,134.0,0.0
739.7985151075072,135.0,0.0
739.805585152438,134.0,0.0
739.8133847629967,133.0,0.0
739.8135705797786,132.0,0.0
739.8174062635186,133.0,0.0
739.8195940193843,132.0,0.0
739.8203649314037,133.0,0.0
739.8303863214472,134.0,0.0
739.8330530877523,135.0,0.0
739.8338461835824,136.0,0.0
739.8355234920028,137.0,0.0
739.8420219828813,136.0,0.0
739.8426651825985,135.0,0.0
739.8446634755995,134.0,0.0
739.8465016970681,133.0,0.0
739.8722012969066,134.0,0.0
739.8749082104589,133.0,0.0
739.8826852753448,134.0,0.0
739.8906828844193,133.0,0.0
739.9056480894717,134.0,0.0
739.9058834136745,135.0,0.0
739.9073647293451,136.0,0.0
739.9081924128199,135.0,0.0
739.9126208735905,136.0,0.0
739.9131848548782,135.0,0.0
739.915438703421,136.0,0.0
739.9162398675451,135.0,0.0
739.9177211605129,134.0,0.0
739.9199488673377,133.0,0.0
739.9371766803822,134.0,0.0
739.9475812977722,135.0,0.0
739.9609512769842,134.0,0.0
739.9651706706512,135.0,0.0
739.9763828997591,136.0,0.0
739.9765653876509,135.0,0.0
739.9831751555193,136.0,0.0
739.9855318663006,135.0,0.0
739.990639827248,136.0,0.0
739.9936473875092,137.0,0.0
740.0058382877207,138.0,0.0
740.0173067106504,139.0,0.0
740.0252200587431,138.0,0.0
740.0274142771677,137.0,0.0
740.0379858350941,136.0,0.0
740.0387124242585,137.0,0.0
740.0418459171973,138.0,0.0
740.0463957147084,139.0,0.0
740.0478163720483,138.0,0.0
740.0541515566797,139.0,0.0
740.0549672793431,138.0,0.0
740.0596948956664,139.0,0.0
740.0683680205724,140.0,0.0
740.0700741682382,141.0,0.0
740.0785678316256,140.0,0.0
740.0839597404992,139.0,0.0
740.0883337130072,138.0,0.0
740.0941240217862,139.0,0.0
740.0946274153384,140.0,0.0
740.0949286483851,139.0,0.0
740.101729710261,138.0,0.0
740.1033927751292,137.0,0.0
740.1126163053974,138.0,0.0
740.1214279749781,137.0,0.0
740.1253735939418,136.0,0.0
740.1288659554793,137.0,0.0
740.1379056699673,136.0,0.0
740.1406931694548,137.0,0.0
740.1442190838345,138.0,0.0
740.1457675360588,137.0,0.0
740.1470813742301,138.0,0.0
740.1488399465878,137.0,0.0
740.1522987152977,138.0,0.0
740.1579777428226,139.0,0.0
740.1592882733122,140.0,0.0
740.1634769839012,139.0,0.0
740.1751473686518,140.0,0.0
740.1756089075707,139.0,0.0
740.1757899510825,138.0,0.0
740.1846702779491,137.0,0.0
740.1876730014133,136.0,0.0
740.1953333303317,137.0,0.0
740.1983792483329,136.0,0.0
740.208619853008,137.0,0.0
740.2090101699548,136.0,0.0
740.210673391859,137.0,0.0
740.2157102854615,136.0,0.0
740.2229085227557,137.0,0.0
740.2275733609464,136.0,0.0
740.2300808214984,137.0,0.0
740.2309197022718,138.0,0.0
740.2355734408208,137.0,0.0
740.2397211413838,136.0,0.0
740.2404184941056,137.0,0.0
740.2530867993712,138.0,0.0
740.2575660973059,137.0,0.0
740.2642540313168,136.0,0.0
740.2656604970745,137.0,0.0
740.2665250080776,136.0,0.0
740.2716450053985,137.0,0.0
740.2723300294583,138.0,0.0
740.2827823557517,139.0,0.0
740.2831520878977,140.0,0.0
740.2848497805584,141.0,0.0
740.2849082147628,142.0,0.0
740.2994653006922,141.0,0.0
740.3054836277968,140.0,0.0
740.3086563078397,141.0,0.0
740.3132797404007,140.0,0.0
740.3228543587121,141.0,0.0
740.3363932353861,142.0,0.0
740.3445092857343,141.0,0.0
740.3550235809083,140.0,0.0
740.3587131187263,139.0,0.0
740.3716429684673,140.0,0.0
740.3766456210661,139.0,0.0
740.3828253589973,140.0,0.0
740.3915089619416,139.0,0.0
740.3950488958933,140.0,0.0
740.4096147773726,139.0,0.0
740.4100343891462,140.0,0.0
740.4141716956158,141.0,0.0
740.4155957320968,142.0,0.0
740.4204078428066,141.0,0.0
740.4278966743979,140.0,0.0
740.430897306432,141.0,0.0
740.4342976947709,142.0,0.0
740.4469907287555,141.0,0.0
740.4544904708994,140.0,0.0
740.4617514708971,141.0,0.0
740.4693501751109,142.0,0.0
740.4790199252908,141.0,0.0
740.4846563673044,140.0,0.0
740.4848159961198,141.0,0.0
740.4978596496501,142.0,0.0
740.5060297238999,143.0,0.0
740.5089406250368,144.0,0.0
740.5203700327304,145.0,0.0
740.5251046409688,144.0,0.0
740.5252941207641,143.0,0.0
740.5263117523591,142.0,0.0
740.5307204626104,143.0,0.0
740.5323523509607,142.0,0.0
740.5354602889971,143.0,0.0
740.5388456720232,142.0,0.0
740.5406368176004,141.0,0.0
740.5431702545005,140.0,0.0
740.5479601342081,139.0,0.0
740.5552724587895,140.0,0.0
740.5554661623725,141.0,0.0
740.5694969013718,140.0,0.0
740.571958872328,139.0,0.0
740.5738658047728,138.0,0.0
740.5855708407372,139.0,0.0
740.5869512547844,140.0,0.0
740.5919043751557,139.0,0.0
740.6030251355074,140.0,0.0
740.6066137176359,139.0,0.0
740.6079458657264,138.0,0.0
740.6193610543335,139.0,0.0
740.6203702361777,140.0,0.0
740.6228921288537,141.0,0.0
740.6238573101881,142.0,0.0
740.6247258134395,141.0,0.0
740.624758219016,140.0,0.0
740.6325222168851,139.0,0.0
740.6447214273326,138.0,0.0
740.6480844091807,139.0,0.0
740.6616886355831,138.0,0.0
740.6651704870691,139.0,0.0
740.6656373443179,140.0,0.0
740.6726348155516,141.0,0.0
740.6743032374853,142.0,0.0
740.6893733350815,141.0,0.0
740.6904691383719,140.0,0.0
740.6908676492504,141.0,0.0
740.7000713921444,140.0,0.0
740.7048552797647,141.0,0.0
740.7107128230101,142.0,0.0
740.7197399214367,143.0,0.0
740.7364442727948,144.0,0.0
740.7436622809129,143.0,0.0
740.751542802784,144.0,0.0
740.7652646299402,143.0,0.0
740.7665978806643,142.0,0.0
740.7694297814041,141.0,0.0
740.7724606701385,142.0,0.0
740.7871578616663,141.0,0.0
740.7875984612849,140.0,0.0
740.7927771964311,141.0,0.0
740.7969523596623,142.0,0.0
740.8002617675883,141.0,0.0
740.80264034644,140.0,0.0
740.8050307150818,141.0,0.0
740.8094110278261,142.0,0.0
740.8128538780092,141.0,0.0
740.8130770469867,140.0,0.0
740.8217592395071,141.0,0.0
740.8225623085616,142.0,0.0
740.8285304428936,141.0,0.0
740.8324741727814,142.0,0.0
740.8352433080241,141.0,0.0
740.8750840918141,140.0,0.0
740.8768254233211,141.0,0.0
740.8774616359822,140.0,0.0
740.8779006898357,141.0,0.0
740.88036903446,142.0,0.0
740.8847224412358,141.0,0.0
740.8887958305052,142.0,0.0
740.8906215335923,141.0,0.0
740.8981929997334,140.0,0.0
740.9037545112215,139.0,0.0
740.9143142666884,138.0,0.0
740.9144547591518,137.0,0.0
740.9152229993617,136.0,0.0
740.9157955914361,135.0,0.0
740.922631376519,134.0,0.0
740.9282770946566,133.0,0.0
740.9288493158568,132.0,0.0
740.9308554790507,131.0,0.0
740.9319647632476,130.0,0.0
740.9339045635747,131.0,0.0
740.95391218565,132.0,0.0
740.9606023126632,133.0,0.0
740.971090502794,134.0,0.0
740.9784363549005,135.0,0.0
740.9799695700588,134.0,0.0
740.9854716753027,133.0,0.0
740.9869433691828,132.0,0.0
740.9885993816468,133.0,0.0
740.9897229241755,134.0,0.0
740.9937189006149,133.0,0.0
740.9977146068377,134.0,0.0
741.0005878601088,133.0,0.0
741.0011382826937,132.0,0.0
741.0025644950839,131.0,0.0
741.0053889669573,130.0,0.0
741.0162240747496,129.0,0.0
741.026800298679,128.0,0.0
741.0355309760513,127.0,0.0
741.0519958609342,128.0,0.0
741.0522434960341,129.0,0.0
741.0566837488957,128.0,0.0
741.0576578793131,127.0,0.0
741.0587807693481,126.0,0.0
741.0599990147434,125.0,0.0
741.0699857322056,126.0,0.0
741.0717083811207,127.0,0.0
741.0753399027369,128.0,0.0
741.075404306895,129.0,0.0
741.0861102856085,130.0,0.0
741.0867053030232,131.0,0.0
741.0946367199281,132.0,0.0
741.0957978482719,133.0,0.0
741.1015013958412,132.0,0.0
741.1023281931755,133.0,0.0
741.1056126492879,134.0,0.0
741.1062709297886,135.0,0.0
741.1127394011393,136.0,0.0
741.1130264392133,137.0,0.0
741.1213679027419,136.0,0.0
741.1233426980791,135.0,0.0
741.1359640275925,134.0,0.0
741.1391463623125,135.0,0.0
741.1411347543648,134.0,0.0
741.144103490617,135.0,0.0
741.1497921123137,134.0,0.0
741.1510441743256,133.0,0.0
741.1734794408264,132.0,0.0
741.1953988295446,133.0,0.0
741.1957022824744,132.0,0.0
741.203773439675,131.0,0.0
741.2050335408605,130.0,0.0
741.2091472868564,129.0,0.0
741.2164979345463,128.0,0.0
741.2167596213245,129.0,0.0
741.2281286624735,130.0,0.0
741.2281596372803,131.0,0.0
741.2331133712715,130.0,0.0
741.2377383027942,129.0,0.0
741.2520413298951,128.0,0.0
741.2581120596211,129.0,0.0
741.2597812662889,130.0,0.0
741.26399171348,131.0,0.0
741.2656502154524,130.0,0.0
741.2677009846466,129.0,0.0
741.2713837375749,130.0,0.0
741.2734235556703,129.0,0.0
741.297330156285,128.0,0.0
741.2987759600902,129.0,0.0
741.2987828616675,128.0,0.0
741.3092177059984,127.0,0.0
741.3137520090506,126.0,0.0
741.317011243367,125.0,0.0
741.3175810242117,126.0,0.0
741.3178124892395,127.0,0.0
741.3256747645285,128.0,0.0
741.3314644788438,129.0,0.0
741.3392482064116,128.0,0.0
741.3495325352932,129.0,0.0
741.3548406603868,130.0,0.0
741.3548667969973,129.0,0.0
741.356579690778,130.0,0.0
741.3698811462327,131.0,0.0
741.3727136357434,132.0,0.0
741.3744807337142,131.0,0.0
741.3809743482984,130.0,0.0
741.3853986042823,129.0,0.0
741.3883379153623,130.0,0.0
741.390649780112,131.0,0.0
741.3919785429414,132.0,0.0
741.3941834035646,133.0,0.0
741.3980384584816,132.0,0.0
741.4054255494942,131.0,0.0
741.4056447082849,132.0,0.0
741.4178015867403,131.0,0.0
741.4279081695354,132.0,0.0
741.4313120616104,131.0,0.0
741.4350276873536,130.0,0.0
741.4365099836846,129.0,0.0
741.4456306637074,128.0,0.0
741.4460241108678,129.0,0.0
741.4487867241248,130.0,0.0
741.4611379716644,131.0,0.0
741.4663999195213,130.0,0.0
741.466487214023,129.0,0.0
741.4770992033499,128.0,0.0
741.4807215470752,127.0,0.0
741.487369105067,126.0,0.0
741.491221248394,127.0,0.0
741.4983601057763,128.0,0.0
741.5010445192988,127.0,0.0
741.5131000912336,128.0,0.0
741.5167753446949,127.0,0.0
741.5198704369727,128.0,0.0
741.5214560707121,127.0,0.0
741.5216320179426,126.0,0.0
741.5252993772667,125.0,0.0
741.5261700591732,124.0,0.0
741.5333922010665,125.0,0.0
741.5431377356402,124.0,0.0
741.5520948281155,125.0,0.0
741.5641969274548,124.0,0.0
741.5820346765464,123.0,0.0
741.5855297333991,124.0,0.0
741.5948161031578,123.0,0.0
741.5958380462271,122.0,0.0
741.599644049474,123.0,0.0
741.6175188843928,124.0,0.0
741.6185787866616,125.0,0.0
741.6211240994686,126.0,0.0
741.6254513108333,127.0,0.0
741.6277752535796,126.0,0.0
741.6342740651692,125.0,0.0
741.6429851902695,124.0,0.0
741.6544006276398,125.0,0.0
741.6606597060896,126.0,0.0
741.667562466078,125.0,0.0
741.6767439271983,124.0,0.0
741.67780977703,123.0,0.0
741.6787948902816,122.0,0.0
741.688956590933,121.0,0.0
741.6938870727395,120.0,0.0
741.697618859859,119.0,0.0
741.698997001281,118.0,0.0
741.7025373112336,117.0,0.0
741.7044465144198,116.0,0.0
741.7064910349795,115.0,0.0
741.7121885378541,116.0,0.0
741.7349987547749,117.0,0.0
741.7398639490029,116.0,0.0
741.7420731250714,115.0,0.0
741.7432550640464,114.0,0.0
741.7521174062188,113.0,0.0
741.7577091099605,112.0,0.0
741.7581554573504,113.0,0.0
741.7608453031455,114.0,0.0
741.7647745941425,115.0,0.0
741.7727919483934,114.0,0.0
741.7740150985687,115.0,0.0
741.7758748387953,114.0,0.0
741.7788810017172,113.0,0.0
741.7817280784213,112.0,0.0
741.7939430913023,113.0,0.0
741.8002572712408,114.0,0.0
741.8074076110042,113.0,0.0
741.8077249232352,112.0,0.0
741.8082630107108,111.0,0.0
741.8154269516248,110.0,0.0
741.816305285095,111.0,0.0
741.836742840551,110.0,0.0
741.8406785814627,111.0,0.0
741.8516932714116,110.0,0.0
741.8530601280314,109.0,0.0
741.870311608717,110.0,0.0
741.8706524781345,111.0,0.0
741.8709449168601,112.0,0.0
741.872333430424,111.0,0.0
741.8940083325643,110.0,0.0
741.8951801603121,111.0,0.0
741.8969977168015,110.0,0.0
741.8988164231265,109.0,0.0
741.9076226280334,108.0,0.0
741.9207080647029,109.0,0.0
741.9273596207101,110.0,0.0
741.9392716072641,111.0,0.0
741.9441457991604,110.0,0.0
741.9487565947388,109.0,0.0
741.9591208239833,108.0,0.0
741.9596452336115,107.0,0.0
741.9639173871061,106.0,0.0
741.9769021799875,105.0,0.0
741.98143037666,104.0,0.0
741.987946504809,103.0,0.0
741.9996069115145,102.0,0.0
742.0027359994699,103.0,0.0
742.008786807212,104.0,0.0
742.0235248733524,105.0,0.0
742.0347277738365,106.0,0.0
742.0365798153694,105.0,0.0
742.0384919531543,104.0,0.0
742.0422427921809,103.0,0.0
742.0432051222799,104.0,0.0
742.0458869325021,103.0,0.0
742.053156722969,104.0,0.0
742.0665103571558,103.0,0.0
742.0706456488566,104.0,0.0
742.0746108890945,103.0,0.0
742.0749384134484,104.0,0.0
742.0749941718625,103.0,0.0
742.0767971575984,104.0,0.0
742.0805928224187,103.0,0.0
742.0899069634573,102.0,0.0
742.0938490367242,101.0,0.0
742.0960504724696,100.0,0.0
742.097517133571,99.0,0.0
742.1060300892148,98.0,0.0
742.1106767995853,99.0,0.0
742.1121186400666,98.0,0.0
742.1136271014248,97.0,0.0
742.1145511263612,96.0,0.0
742.1207028066219,97.0,0.0
742.1216198374102,98.0,0.0
742.124220998162,97.0,0.0
742.158455859824,96.0,0.0
742.1672141872792,97.0,0.0
742.183768684043,96.0,0.0
742.1841384277539,95.0,0.0
742.1874387909011,94.0,0.0
742.1962295492268,95.0,0.0
742.204178235788,94.0,0.0
742.2086992919518,93.0,0.0
742.2097426262588,92.0,0.0
742.2162180112196,91.0,0.0
742.2233300872819,92.0,0.0
742.228265733684,91.0,0.0
742.2367208990299,90.0,0.0
742.2426705212571,89.0,0.0
742.2494658199962,88.0,0.0
742.2590128227467,87.0,0.0
742.2602680696134,86.0,0.0
742.2645457338014,87.0,0.0
742.2659879139975,86.0,0.0
742.2663962969841,85.0,0.0
742.2715167038668,84.0,0.0
742.2724946905647,83.0,0.0
742.2744460399597,82.0,0.0
742.2773539733524,81.0,0.0
742.2807427240853,82.0,0.0
742.2817622701094,83.0,0.0
742.3285333748323,82.0,0.0
742.3372024771033,81.0,0.0
742.3482400328804,82.0,0.0
742.3551035048912,83.0,0.0
742.3624733301621,84.0,0.0
742.3790905254768,83.0,0.0
742.3842841019238,82.0,0.0
742.3947586814787,83.0,0.0
742.4089273952869,82.0,0.0
742.4116498393154,81.0,0.0
742.4190188991023,80.0,0.0
742.4289772189708,81.0,0.0
742.438326821127,80.0,0.0
742.4412891902664,81.0,0.0
742.442393096596,82.0,0.0
742.4495245075957,81.0,0.0
742.4557372119663,82.0,0.0
742.4638660278731,81.0,0.0
742.4730438870622,80.0,0.0
742.4822786181376,79.0,0.0
742.5063999805383,80.0,0.0
742.5121560452849,79.0,0.0
742.5192835113502,78.0,0.0
742.5220412705697,77.0,0.0
742.5257665331858,78.0,0.0
742.5346899622417,79.0,0.0
742.5414740158777,78.0,0.0
742.545953912323,77.0,0.0
742.548388431646,76.0,0.0
742.5485728194272,77.0,0.0
742.5694015614127,78.0,0.0
742.5747741044551,79.0,0.0
742.590263541267,78.0,0.0
742.5916949573009,77.0,0.0
742.6048782211772,78.0,0.0
742.6066310271617,77.0,0.0
742.6104743885202,78.0,0.0
742.6106506904835,77.0,0.0
742.6208144419032,76.0,0.0
742.6299593497436,75.0,0.0
742.6328862814278,74.0,0.0
742.6365240720224,75.0,0.0
742.6365414922274,76.0,0.0
742.654570511543,75.0,0.0
742.6550236580433,74.0,0.0
742.6638166437308,75.0,0.0
742.6656519858751,76.0,0.0
742.6703443825542,77.0,0.0
742.6756513614438,78.0,0.0
742.6761649261466,79.0,0.0
742.6802352674686,80.0,0.0
742.6823674110535,79.0,0.0
742.6840852504727,78.0,0.0
742.6955968494763,77.0,0.0
742.6971798370557,76.0,0.0
742.6988361752237,77.0,0.0
742.7042337774864,76.0,0.0
742.7048658941318,75.0,0.0
742.7209523790796,74.0,0.0
742.7215376038574,75.0,0.0
742.727629233927,74.0,0.0
742.7337864809526,75.0,0.0
742.7412063244542,76.0,0.0
742.7447318809877,75.0,0.0
742.7474794619728,76.0,0.0
742.7527349832852,75.0,0.0
742.7616017983394,74.0,0.0
742.7644247074877,75.0,0.0
742.7682950411839,74.0,0.0
742.7695348923525,73.0,0.0
742.7718086021056,72.0,0.0
742.7925631719114,73.0,0.0
742.7976055824731,72.0,0.0
742.8055145686601,73.0,0.0
742.818928458945,72.0,0.0
742.8260157915505,71.0,0.0
742.8436509186799,70.0,0.0
742.8501945953308,69.0,0.0
742.8507189874041,70.0,0.0
742.8582271345716,69.0,0.0
742.8683785132718,68.0,0.0
742.8952438890107,69.0,0.0
742.8965426363037,70.0,0.0
742.9096733222312,71.0,0.0
742.9109630082,72.0,0.0
742.9250028820277,71.0,0.0
742.9264373462452,72.0,0.0
742.9280899018389,71.0,0.0
742.9341504773197,72.0,0.0
742.935440955806,73.0,0.0
742.9419371270276,74.0,0.0
742.942296896829,75.0,0.0
742.9423518175528,74.0,0.0
742.9532768036839,75.0,0.0
742.9652687301301,76.0,0.0
742.9856959015275,75.0,0.0
742.9875716768707,76.0,0.0
742.9894401667221,75.0,0.0
742.9926246114221,76.0,0.0
742.9932554054691,75.0,0.0
742.9940883034375,74.0,0.0
743.0033505220077,75.0,0.0
743.0077168439846,74.0,0.0
743.0399729886965,73.0,0.0
743.0433903144644,72.0,0.0
743.0472003210232,71.0,0.0
743.053550968322,70.0,0.0
743.0649021355331,69.0,0.0
743.066579626907,68.0,0.0
743.0674867582425,67.0,0.0
743.0689776227332,66.0,0.0
743.0713436896158,65.0,0.0
743.0716629004486,64.0,0.0
743.0768889116056,63.0,0.0
743.0782302461691,62.0,0.0
743.095304325255,61.0,0.0
743.0983539133266,60.0,0.0
743.0996295972116,59.0,0.0
743.1001420361158,58.0,0.0
743.1016244611546,57.0,0.0
743.1055123228781,56.0,0.0
743.117460126438,55.0,0.0
743.1277307210429,54.0,0.0
743.1329059520347,55.0,0.0
743.1401661222674,56.0,0.0
743.1525061792202,55.0,0.0
743.1821849303637,54.0,0.0
743.1823293214816,53.0,0.0
743.192034104364,52.0,0.0
743.205831105499,51.0,0.0
743.2108317588555,50.0,0.0
743.2185116098344,49.0,0.0
743.2190222796762,50.0,0.0
743.2195638700741,51.0,0.0
743.2240841870466,52.0,0.0
743.225214953249,53.0,0.0
743.2349316665297,52.0,0.0
743.236775447998,53.0,0.0
743.2470515696979,52.0,0.0
743.2577309802833,51.0,0.0
743.2626322882122,50.0,0.0
743.262738107721,49.0,0.0
743.2751595115116,48.0,0.0
743.2860294339323,47.0,0.0
743.287508915064,46.0,0.0
743.29084418557,45.0,0.0
743.2922634010068,46.0,0.0
743.2929840657101,45.0,0.0
743.3086367830301,46.0,0.0
743.3167124789413,45.0,0.0
743.325499707819,46.0,0.0
743.3353753597798,45.0,0.0
743.3384039744295,44.0,0.0
743.3436635334156,43.0,0.0
743.3546092219624,42.0,0.0
743.3594863333892,41.0,0.0
743.3657890431008,42.0,0.0
743.3730329312272,41.0,0.0
743.3759376566695,40.0,0.0
743.382519618927,39.0,0.0
743.3868869121544,38.0,0.0
743.3879161388628,39.0,0.0
743.4056793365601,40.0,0.0
743.4105463667669,41.0,0.0
743.4224259231307,42.0,0.0
743.4264746609445,41.0,0.0
743.4351579120704,40.0,0.0
743.4441010669351,41.0,0.0
743.4444048922978,40.0,0.0
743.4458782586922,39.0,0.0
743.4490745873163,40.0,0.0
743.4549132584664,39.0,0.0
743.4591360858342,38.0,0.0
743.4717783214969,39.0,0.0
743.4718402020535,40.0,0.0
743.4755684990482,41.0,0.0
743.4824378210383,40.0,0.0
743.4872237515091,39.0,0.0
743.4909091742783,40.0,0.0
743.500739262074,39.0,0.0
743.5013524830133,38.0,0.0
743.5030302421214,39.0,0.0
743.5059046781129,38.0,0.0
743.5077547714715,39.0,0.0
743.5126664372642,40.0,0.0
743.5213407179933,39.0,0.0
743.5443663795896,38.0,0.0
743.5651821016775,37.0,0.0
743.5670630188221,36.0,0.0
743.6002301733478,37.0,0.0
743.6043870512509,36.0,0.0
743.6089735283226,35.0,0.0
743.616774345982,34.0,0.0
743.6202177219639,33.0,0.0
743.6313780848586,34.0,0.0
743.6382549487073,35.0,0.0
743.6409247507553,34.0,0.0
743.6555722127653,33.0,0.0
743.6618329386773,34.0,0.0
743.6636506532273,33.0,0.0
743.6784825077985,32.0,0.0
743.6822176166445,31.0,0.0
743.6986000030192,30.0,0.0
743.6996503073445,29.0,0.0
743.7044368261605,28.0,0.0
743.7065096524982,27.0,0.0
743.7083126608037,28.0,0.0
743.709357332975,27.0,0.0
743.7115646574434,26.0,0.0
743.7131056236223,25.0,0.0
743.7186679843712,26.0,0.0
743.7443263087418,27.0,0.0
743.7611545511447,28.0,0.0
743.7679968962325,27.0,0.0
743.7731527802567,26.0,0.0
743.7910287006493,25.0,0.0
743.7971907496409,24.0,0.0
743.8047170229064,23.0,0.0
743.8082817474075,24.0,0.0
743.8136994068915,23.0,0.0
743.8157397211663,22.0,0.0
743.8190766663085,23.0,0.0
743.8210558594847,24.0,0.0
743.8388521564873,23.0,0.0
743.8544413822628,24.0,0.0
743.860415936448,25.0,0.0
743.8656949446377,24.0,0.0
743.8858383735087,23.0,0.0
743.8922693156546,22.0,0.0
743.893772347953,21.0,0.0
743.9032867823174,22.0,0.0
743.9041528985176,21.0,0.0
743.9076234447211,20.0,0.0
743.9116708161107,21.0,0.0
743.9211719193651,22.0,0.0
743.9220028077344,23.0,0.0
743.9246797298194,22.0,0.0
743.9526444619164,21.0,0.0
743.96359253846,20.0,0.0
743.9789059692893,19.0,0.0
743.9833328114344,18.0,0.0
743.9890526778198,17.0,0.0
743.9896160330046,16.0,0.0
743.9903258700534,15.0,0.0
744.0028170792626,14.0,0.0
744.021515488906,13.0,0.0
744.0228721147844,14.0,0.0
744.0268986264446,15.0,0.0
744.0286977375359,14.0,0.0
744.0487573892392,13.0,0.0
744.0520068601601,12.0,0.0
744.0527597861991,13.0,0.0
744.0607846192934,14.0,0.0
744.0875351690762,15.0,0.0
744.0957367812844,16.0,0.0
744.1063418079277,15.0,0.0
744.1094236386326,16.0,0.0
744.1114843426417,17.0,0.0
744.113501830857,18.0,0.0
744.1156578123765,17.0,0.0
744.1180264944111,18.0,0.0
744.1230702812868,17.0,0.0
744.1368540247821,16.0,0.0
744.1509867892534,17.0,0.0
744.1567851014585,16.0,0.0
744.165422427007,17.0,0.0
744.170235542927,16.0,0.0
744.176225093879,15.0,0.0
744.1765056472047,14.0,0.0
744.1840470401061,15.0,0.0
744.1862809648593,14.0,0.0
744.1937825531926,13.0,0.0
744.1942309016163,12.0,0.0
744.1981957503122,11.0,0.0
744.202071009213,12.0,0.0
744.203148702252,11.0,0.0
744.2201609031432,10.0,0.0
744.2275078336626,9.0,0.0
744.2276278014535,10.0,0.0
744.2311483263286,11.0,0.0
744.2685445009434,10.0,0.0
744.2691872998953,9.0,0.0
744.2726011951338,10.0,0.0
744.2847187125416,9.0,0.0
744.2945915505679,10.0,0.0
744.2987329962364,11.0,0.0
744.306785673796,12.0,0.0
744.3094357313603,11.0,0.0
744.3132376117104,12.0,0.0
744.3190874255764,11.0,0.0
744.320876907138,10.0,0.0
744.3214440110919,9.0,0.0
744.3416788181406,10.0,0.0
744.3454570899556,9.0,0.0
744.3600357579716,8.0,0.0
744.3609712565476,7.0,0.0
744.3679371585621,8.0,0.0
744.3741950568506,9.0,0.0
744.3756349219805,8.0,0.0
744.3763593514896,9.0,0.0
744.3887586973623,10.0,0.0
744.3936328381303,9.0,0.0
744.3948823834617,8.0,0.0
744.4155471282143,9.0,0.0
744.422541151179,8.0,0.0
744.4299693529905,7.0,0.0
744.4789715684566,6.0,0.0
744.486847434835,7.0,0.0
744.487650130729,6.0,0.0
744.5006210507829,5.0,0.0
744.5023159343856,6.0,0.0
744.503955783529,5.0,0.0
744.5210095686499,4.0,0.0
744.5244595083869,5.0,0.0
744.5297319333996,6.0,0.0
744.5330112735971,5.0,0.0
744.536195811688,6.0,0.0
744.5367668488497,5.0,0.0
744.5405711971065,4.0,0.0
744.5414532740796,3.0,0.0
744.5444519755096,4.0,0.0
744.548686832211,3.0,0.0
744.5812012209485,2.0,0.0
744.5959600312016,1.0,0.0
744.6326609277927,0.0,0.0
744.6426651686469,1.0,0.0
744.6507046929158,2.0,0.0
744.6615718756558,3.0,0.0
744.6637078735527,4.0,0.0
744.6704082418994,5.0,0.0
744.678807425075,4.0,0.0
744.679863314591,3.0,0.0
744.6867341712805,2.0,0.0
744.698656364155,1.0,0.0
744.7649777827528,0.0,0.0
744.7779802035209,1.0,0.0
744.781710491648,0.0,0.0
744.8205168320923,1.0,0.0
744.8850892860778,0.0,0.0
744.8883027052636,1.0,0.0
744.9365170250734,2.0,0.0
744.9668236741829,1.0,0.0
744.9895013214956,2.0,0.0
745.0442350933729,3.0,0.0
745.0605445103714,2.0,0.0
745.0877526093971,3.0,0.0
745.0934145088779,2.0,0.0
745.1150911832633,3.0,0.0
745.1268189823742,4.0,0.0
745.1305861252564,5.0,0.0
745.139895525927,4.0,0.0
745.164762406485,3.0,0.0
745.1703905657106,2.0,0.0
745.1754769107141,1.0,0.0
745.1793679879434,0.0,0.0
745.2731237212294,1.0,0.0
745.2740272734152,0.0,0.0
745.287057133564,1.0,0.0
745.2945206421649,0.0,0.0
745.3405076521152,1.0,0.0
745.347196944989,0.0,0.0
745.3661408533612,1.0,0.0
745.3762496637028,0.0,0.0
745.3961360931813,1.0,0.0
745.4066176660274,0.0,0.0
745.4222615172082,1.0,0.0
745.4452768242231,2.0,0.0
745.4643530054194,3.0,0.0
745.4905409325717,2.0,0.0
745.500616785057,3.0,0.0
745.5288609172251,2.0,0.0
745.5315480482931,3.0,0.0
745.532225345215,4.0,0.0
745.5448564830352,3.0,0.0
745.5724039274754,4.0,0.0
745.5845346736184,5.0,0.0
745.6020873759505,4.0,0.0
745.6415231559885,3.0,0.0
745.6485958906374,2.0,0.0
745.6534830093153,1.0,0.0
745.6692211034946,0.0,0.0
745.6986208606024,1.0,0.0
745.7028820759245,0.0,0.0
745.7237480738313,1.0,0.0
745.7269982586416,0.0,0.0
745.739445142352,1.0,0.0
745.7455920240196,0.0,0.0
745.8107222513391,1.0,0.0
745.812677048589,0.0,0.0
745.8506938438509,1.0,0.0
745.9142763179356,2.0,0.0
745.9177983016177,3.0,0.0
745.9202136706898,4.0,0.0
745.9202522151403,5.0,0.0
745.9221514778471,4.0,0.0
745.9241006019319,3.0,0.0
745.9577979119971,2.0,0.0
745.9953239884139,1.0,0.0
745.9971951196334,2.0,0.0
745.9995918840534,3.0,0.0
746.0034017744172,2.0,0.0
746.0126160468403,3.0,0.0
746.038192606311,4.0,0.0
746.0389562873717,3.0,0.0
746.0599212519319,2.0,0.0
746.0749766621531,1.0,0.0
746.0799669833386,0.0,0.0
746.0831263759997,1.0,0.0
746.0837041362138,0.0,0.0
746.1098173261785,1.0,0.0
746.1328543742668,0.0,0.0
746.150259215272,1.0,0.0
746.1539437872813,0.0,0.0
746.2858973155198,1.0,0.0
746.2874503107732,0.0,0.0
746.3134322364331,1.0,0.0
746.320807831571,0.0,0.0
746.3259792599025,1.0,0.0
746.3270015919109,0.0,0.0
746.3475591700218,1.0,0.0
746.3788828184054,0.0,0.0
746.4433572888756,1.0,0.0
746.4565701413372,0.0,0.0
746.4813218712744,1.0,0.0
746.5014871451839,0.0,0.0
746.5061880107966,1.0,0.0
746.5131269007777,0.0,0.0
746.5475824825264,1.0,0.0
746.5830362146108,2.0,0.0
746.6102145833142,3.0,0.0
746.6130113437703,2.0,0.0
746.617240312863,1.0,0.0
746.6387804410648,0.0,0.0
746.6461450613306,1.0,0.0
746.6568852595349,0.0,0.0
746.7507337803727,1.0,0.0
746.7779484919423,2.0,0.0
746.7816127678149,1.0,0.0
746.7970818282206,2.0,0.0
746.7987665204835,1.0,0.0
746.8339701466205,0.0,0.0
746.92654316037,1.0,0.0
746.9494908948747,0.0,0.0
746.9693298482897,1.0,0.0
746.9734717528167,2.0,0.0
747.020707850344,1.0,0.0
747.0313498815051,0.0,0.0
747.0431095740615,1.0,0.0
747.0690524243419,0.0,0.0
747.0839983682966,1.0,0.0
747.1174063215965,2.0,0.0
747.1269285939692,1.0,0.0
747.1460733368684,0.0,0.0
747.1825318306869,1.0,0.0
747.1903092933678,0.0,0.0
747.2086949300513,1.0,0.0
747.2544885163941,2.0,0.0
747.2749944978037,1.0,0.0
747.2887354037094,2.0,0.0
747.3062040738157,3.0,0.0
747.3210938786784,2.0,0.0
747.3247005814084,1.0,0.0
747.3373426585725,0.0,0.0
747.341276845008,1.0,0.0
747.3676943442395,0.0,0.0
747.3768638415263,1.0,0.0
747.4008966757864,2.0,0.0
747.4101951393171,3.0,0.0
747.41487254088,4.0,0.0
747.431280955395,3.0,0.0
747.4390371794562,4.0,0.0
747.4417118460683,3.0,0.0
747.4442569167147,2.0,0.0
747.44679812852,3.0,0.0
747.4475975301917,2.0,0.0
747.4545938569928,1.0,0.0
747.4554093668049,0.0,0.0
747.4567558391255,1.0,0.0
747.4604770880176,0.0,0.0
747.4647911991418,1.0,0.0
747.470405460772,0.0,0.0
747.4707821986049,1.0,0.0
747.4722464826528,0.0,0.0
747.48419332038,1.0,0.0
747.4844435338239,0.0,0.0
747.5022393852116,1.0,0.0
747.5033371749679,2.0,0.0
747.5100721614266,1.0,0.0
747.5421233783825,0.0,0.0
747.6245686961048,1.0,0.0
747.6261636534211,0.0,0.0
747.6437777149681,1.0,0.0
747.6492962735847,2.0,0.0
747.6535566877038,3.0,0.0
747.6572267578346,4.0,0.0
747.6761473081862,3.0,0.0
747.6770829871991,2.0,0.0
747.6800764315989,1.0,0.0
747.6978985019596,0.0,0.0
747.6989610162719,1.0,0.0
747.7285446502011,0.0,0.0
747.7336516567841,1.0,0.0
747.7366455334363,2.0,0.0
747.7431675062542,1.0,0.0
747.7514246400883,2.0,0.0
747.7669855565347,1.0,0.0
747.7675854499784,0.0,0.0
747.7825189900256,1.0,0.0
747.7948752613262,0.0,0.0
747.8372388564151,1.0,0.0
747.8655280926655,0.0,0.0
747.90862471983,1.0,0.0
747.9117263999134,2.0,0.0
747.9123429542824,1.0,0.0
747.921784580519,0.0,0.0
747.9431000466583,1.0,0.0
747.9446595836048,0.0,0.0
747.9464350294879,1.0,0.0
747.9465356195295,0.0,0.0
747.9620800287943,1.0,0.0
747.9768014394001,2.0,0.0
747.9773756393635,1.0,0.0
747.9778493924493,2.0,0.0
747.9802030442179,1.0,0.0
748.0197624275825,0.0,0.0
748.0268632234635,1.0,0.0
748.0276991194745,2.0,0.0
748.0288575761666,3.0,0.0
748.0340247915306,4.0,0.0
748.0373273349733,3.0,0.0
748.0437929498677,2.0,0.0
748.0439080171736,3.0,0.0
748.0535106142759,2.0,0.0
748.0538958828936,1.0,0.0
748.0659239012584,2.0,0.0
748.0680892830467,1.0,0.0
748.0765061466154,0.0,0.0
748.0817983544752,1.0,0.0
748.0955905132838,2.0,0.0
748.1165399024937,1.0,0.0
748.1259341349275,2.0,0.0
748.1545540158374,3.0,0.0
748.1579881574584,4.0,0.0
748.1628118274517,5.0,0.0
748.1651283400126,6.0,0.0
748.1751127441595,5.0,0.0
748.1769503473354,4.0,0.0
748.1829161335564,3.0,0.0
748.1849287817471,2.0,0.0
748.2051324946185,3.0,0.0
748.2081849160419,4.0,0.0
748.2120567234422,3.0,0.0
748.225515849935,2.0,0.0
748.2256917583179,3.0,0.0
748.22850115563,4.0,0.0
748.2419984918242,5.0,0.0
748.2426986750324,4.0,0.0
748.2606021685683,3.0,0.0
748.2609927983364,4.0,0.0
748.2644479278476,3.0,0.0
748.2767978146373,2.0,0.0
748.2844581331766,1.0,0.0
748.2935660572568,0.0,0.0
748.2956527557341,1.0,0.0
748.3297171787933,2.0,0.0
748.3624037157792,3.0,0.0
748.3743119526425,2.0,0.0
748.3886102708633,1.0,0.0
748.4349118021087,2.0,0.0
748.4407263647532,3.0,0.0
748.4467574970922,4.0,0.0
748.4554028997296,5.0,0.0
748.4617146372485,4.0,0.0
748.4673269646925,3.0,0.0
748.4739142591417,4.0,0.0
748.5008807756944,5.0,0.0
748.5042753759016,4.0,0.0
748.5069056228073,3.0,0.0
748.510542846313,4.0,0.0
748.5335204233265,5.0,0.0
748.5500110946041,4.0,0.0
748.5588758599423,3.0,0.0
748.5594998931795,4.0,0.0
748.5622715092122,5.0,0.0
748.5743563993755,4.0,0.0
748.5824170193051,3.0,0.0
748.6338335024404,2.0,0.0
748.6453940597225,1.0,0.0
748.6467792270744,0.0,0.0
748.6609668973939,1.0,0.0
748.6714959536247,0.0,0.0
748.703836042277,1.0,0.0
748.704565950323,2.0,0.0
748.716360873922,3.0,0.0
748.7362381921216,2.0,0.0
748.7639135216345,1.0,0.0
748.7767856822715,2.0,0.0
748.7824211582086,1.0,0.0
748.7876470515366,0.0,0.0
748.7878954751534,1.0,0.0
748.815605855678,2.0,0.0
748.8295057356688,3.0,0.0
748.8335419278152,2.0,0.0
748.8400322747997,3.0,0.0
748.8414171653573,4.0,0.0
748.8509635184641,3.0,0.0
748.8521235648317,4.0,0.0
748.8674250450828,3.0,0.0
748.8966100457124,2.0,0.0
748.9010395985715,3.0,0.0
748.9019932289369,4.0,0.0
748.9125575638361,3.0,0.0
748.9180337812294,4.0,0.0
748.9255836884473,3.0,0.0
748.9439372770911,4.0,0.0
748.9444948034364,3.0,0.0
748.9468499492809,2.0,0.0
748.9520055068289,1.0,0.0
748.9575099511563,0.0,0.0
748.9583936744128,1.0,0.0
748.9717555745456,2.0,0.0
748.9734729087526,3.0,0.0
748.9746010887601,4.0,0.0
748.9759278438737,3.0,0.0
748.9933718536837,2.0,0.0
749.0096255643781,1.0,0.0
749.035195202554,0.0,0.0
749.0879079649405,1.0,0.0
749.0897600257548,2.0,0.0
749.0932727440851,1.0,0.0
749.0943642431444,2.0,0.0
749.0976943764185,3.0,0.0
749.103450328747,4.0,0.0
749.1050145684376,5.0,0.0
749.1144926570619,6.0,0.0
749.1224580058268,7.0,0.0
749.1232434853034,6.0,0.0
749.1331633118737,7.0,0.0
749.1384672072638,6.0,0.0
749.1461681289087,5.0,0.0
749.1466224553011,6.0,0.0
749.1585395617916,7.0,0.0
749.1843452135379,8.0,0.0
749.1875196332333,7.0,0.0
749.187660395879,8.0,0.0
749.1888869426973,9.0,0.0
749.1993993493921,8.0,0.0
749.2028109459578,9.0,0.0
749.2031116146866,10.0,0.0
749.2034817649076,9.0,0.0
749.203590376158,10.0,0.0
749.2229855864884,11.0,0.0
749.2233240654862,12.0,0.0
749.22339927169,11.0,0.0
749.2262545757357,12.0,0.0
749.230510797804,11.0,0.0
749.2319638738596,12.0,0.0
749.2500856922902,11.0,0.0
749.254880465436,12.0,0.0
749.2585499353452,11.0,0.0
749.286628548621,10.0,0.0
749.3013897219757,9.0,0.0
749.3074376381012,8.0,0.0
749.3108801854429,7.0,0.0
749.3145618853041,8.0,0.0
749.3182827472884,9.0,0.0
749.3247857618844,8.0,0.0
749.325319665949,9.0,0.0
749.3302822766705,10.0,0.0
749.3438431583295,9.0,0.0
749.3488924325335,10.0,0.0
749.3560690090134,9.0,0.0
749.3693156269615,8.0,0.0
749.3931638741308,9.0,0.0
749.3931889319658,10.0,0.0
749.4144716560277,9.0,0.0
749.4363545134568,10.0,0.0
749.4425514077902,9.0,0.0
749.4456804668658,10.0,0.0
749.446524141939,9.0,0.0
749.4528624264933,8.0,0.0
749.4610204342533,9.0,0.0
749.4724877302878,8.0,0.0
749.4730313454511,9.0,0.0
749.4749066973561,10.0,0.0
749.4768319979022,11.0,0.0
749.4791393912376,10.0,0.0
749.4851357466769,9.0,0.0
749.4930052864341,8.0,0.0
749.5087350398434,7.0,0.0
749.5092365541565,8.0,0.0
749.5178085752624,9.0,0.0
749.5209203123613,10.0,0.0
749.5248294582589,11.0,0.0
749.5358957214243,10.0,0.0
749.5374207715822,9.0,0.0
749.5411462544316,10.0,0.0
749.5429913045084,11.0,0.0
749.548998891174,10.0,0.0
749.5520411440714,11.0,0.0
749.5675491758969,10.0,0.0
749.5716825785671,11.0,0.0
749.5738975307813,12.0,0.0
749.577061844313,11.0,0.0
749.5850543759215,12.0,0.0
749.6006835010398,11.0,0.0
749.6121914201449,10.0,0.0
749.6149381641461,11.0,0.0
749.6254440011915,12.0,0.0
749.6326605072451,13.0,0.0
749.633471399202,14.0,0.0
749.6342363999273,15.0,0.0
749.6374436420178,14.0,0.0
749.6374895226027,13.0,0.0
749.6517775700318,12.0,0.0
749.6866277055636,13.0,0.0
749.6900328429026,12.0,0.0
749.6935012005362,11.0,0.0
749.6962719527239,10.0,0.0
749.6966971429562,11.0,0.0
749.7102210169127,12.0,0.0
749.7138295059083,11.0,0.0
749.7163604459671,12.0,0.0
749.7200622455292,11.0,0.0
749.7208887074179,12.0,0.0
749.724220634188,13.0,0.0
749.728754638215,12.0,0.0
749.7327472123001,13.0,0.0
749.7341705596862,14.0,0.0
749.7444553617266,15.0,0.0
749.748205234981,16.0,0.0
749.7674040508472,17.0,0.0
749.768103145425,18.0,0.0
749.7738051460357,19.0,0.0
749.7779040740724,20.0,0.0
749.7809067276022,19.0,0.0
749.7809259280352,18.0,0.0
749.7868190934881,19.0,0.0
749.7878934872477,20.0,0.0
749.7881685063537,19.0,0.0
749.7909594474348,20.0,0.0
749.8065651275431,21.0,0.0
749.8100281406888,22.0,0.0
749.8120463214008,23.0,0.0
749.813904247624,22.0,0.0
749.8384340059883,23.0,0.0
749.8391353673944,24.0,0.0
749.8499305425368,23.0,0.0
749.8507527573513,22.0,0.0
749.8572394691472,21.0,0.0
749.8596597697506,22.0,0.0
749.8720840138656,21.0,0.0
749.876283831886,22.0,0.0
749.8784398427491,23.0,0.0
749.8785479066431,24.0,0.0
749.8805062117891,23.0,0.0
749.8805452495126,24.0,0.0
749.8813744681685,25.0,0.0
749.882884921426,26.0,0.0
749.8897394542582,25.0,0.0
749.898267066494,26.0,0.0
749.9010018836366,25.0,0.0
749.9136816642736,26.0,0.0
749.9268608021285,27.0,0.0
749.928877924403,26.0,0.0
749.9321669795862,27.0,0.0
749.9336107385566,28.0,0.0
749.9339739391087,29.0,0.0
749.9411409570341,30.0,0.0
749.9420943427185,31.0,0.0
749.9491175588671,32.0,0.0
749.9569818386707,33.0,0.0
749.9592957255305,34.0,0.0
749.9700074325445,35.0,0.0
749.9788545479798,34.0,0.0
749.9796752103114,33.0,0.0
749.9918299764299,34.0,0.0
749.9936414699475,35.0,0.0
749.9942388633773,36.0,0.0
749.9988741510263,35.0,0.0
750.014120937968,36.0,0.0
750.0258638427363,37.0,0.0
750.0285055169484,38.0,0.0
750.0515733057531,37.0,0.0
750.0519219331377,38.0,0.0
750.0573929558325,39.0,0.0
750.0623984476715,38.0,0.0
750.0754636638727,37.0,0.0
750.079189814644,36.0,0.0
750.0818265032544,37.0,0.0
750.0988664504266,36.0,0.0
750.1046240780578,37.0,0.0
750.1091585161838,38.0,0.0
750.1119049664208,39.0,0.0
750.1188779030527,40.0,0.0
750.1219654115629,41.0,0.0
750.1298446133368,40.0,0.0
750.1352348513286,39.0,0.0
750.1455334324971,38.0,0.0
750.150838802111,39.0,0.0
750.1577284210126,40.0,0.0
750.1628695761674,41.0,0.0
750.1643489363466,40.0,0.0
750.1688179206434,39.0,0.0
750.1721151571365,38.0,0.0
750.1766438011582,39.0,0.0
750.1788011139319,40.0,0.0
750.1901788668919,39.0,0.0
750.2013044894386,40.0,0.0
750.2230229988014,39.0,0.0
750.239007787473,38.0,0.0
750.2405647071589,39.0,0.0
750.2425739732569,38.0,0.0
750.2561903352042,39.0,0.0
750.2673659980783,38.0,0.0
750.268941978362,37.0,0.0
750.2739858858712,38.0,0.0
750.2750631826308,37.0,0.0
750.2807792606807,38.0,0.0
750.2930465357774,37.0,0.0
750.2992542507445,36.0,0.0
750.3157311879615,35.0,0.0
750.3198723870515,36.0,0.0
750.3259667078165,35.0,0.0
750.3287020228942,34.0,0.0
750.3417666102321,33.0,0.0
750.3436845506072,32.0,0.0
750.3446342543352,33.0,0.0
750.3531508838391,34.0,0.0
750.3630577823538,35.0,0.0
750.3650381915999,36.0,0.0
750.3681527750688,37.0,0.0
750.3802601016616,36.0,0.0
750.3826951976071,37.0,0.0
750.4094433193936,38.0,0.0
750.4112350635668,39.0,0.0
750.4317846210013,40.0,0.0
750.4348186526845,39.0,0.0
750.4367562696709,40.0,0.0
750.4408146077747,41.0,0.0
750.4495210886898,40.0,0.0
750.4525439538932,39.0,0.0
750.4530967544725,40.0,0.0
750.4542888201901,41.0,0.0
750.4631478774687,40.0,0.0
750.4708238482555,39.0,0.0
750.472417987837,40.0,0.0
750.4763888890888,39.0,0.0
750.4768356832373,40.0,0.0
750.477509793003,41.0,0.0
750.4847109501821,42.0,0.0
750.4893646132832,41.0,0.0
750.4995878131268,42.0,0.0
750.530306893846,43.0,0.0
750.5433699370611,42.0,0.0
750.5528201641944,43.0,0.0
750.5603291153154,44.0,0.0
750.5627296696229,45.0,0.0
750.5660565033402,44.0,0.0
750.570112405375,43.0,0.0
750.5781677727965,42.0,0.0
750.5836477443451,41.0,0.0
750.5847720635379,42.0,0.0
750.5908190738896,43.0,0.0
750.5912730535235,42.0,0.0
750.5932231924182,41.0,0.0
750.5971133090935,42.0,0.0
750.5971219954723,41.0,0.0
750.5987218882117,42.0,0.0
750.6007207033834,43.0,0.0
750.6015287758952,42.0,0.0
750.6018081607696,43.0,0.0
750.6039785513191,42.0,0.0
750.6135102666169,41.0,0.0
750.6193730836541,42.0,0.0
750.6206951123293,43.0,0.0
750.6268468460762,44.0,0.0
750.6271114651191,45.0,0.0
750.6486186650992,44.0,0.0
750.6594673331726,45.0,0.0
750.661949623186,46.0,0.0
750.6771480944994,47.0,0.0
750.6851648040756,46.0,0.0
750.6952560082216,47.0,0.0
750.6990501436762,48.0,0.0
750.7011550740366,49.0,0.0
750.7015998821331,50.0,0.0
750.705182816511,49.0,0.0
750.7170264592978,50.0,0.0
750.7172779666233,51.0,0.0
750.7178691376376,52.0,0.0
750.7229371318441,53.0,0.0
750.7345605527455,52.0,0.0
750.7400672580889,53.0,0.0
750.7455926585409,52.0,0.0
750.7485998466503,53.0,0.0
750.7537090979225,54.0,0.0
750.7566689897436,55.0,0.0
750.765271464497,56.0,0.0
750.7732016164769,57.0,0.0
750.7733022879922,58.0,0.0
750.7742001215022,57.0,0.0
750.7783452914572,58.0,0.0
750.7812899514465,59.0,0.0
750.7885878563558,58.0,0.0
750.7917799837422,57.0,0.0
750.7933284577156,58.0,0.0
750.8147973947431,59.0,0.0
750.8346586020275,60.0,0.0
750.8450198638781,59.0,0.0
750.8456170409218,58.0,0.0
750.8468747954148,57.0,0.0
750.8491039126413,58.0,0.0
750.8502497724892,59.0,0.0
750.8564050182232,58.0,0.0
750.865514912124,59.0,0.0
750.8683700595778,58.0,0.0
750.8911426837201,59.0,0.0
750.8972339296671,60.0,0.0
750.8992381456848,61.0,0.0
750.903088059912,62.0,0.0
750.9042106263961,61.0,0.0
750.9047383343612,60.0,0.0
750.9068774202464,61.0,0.0
750.9163693324444,62.0,0.0
750.9320088592949,61.0,0.0
750.9333846828105,62.0,0.0
750.9335015795946,61.0,0.0
750.9408340856271,60.0,0.0
750.942355317543,61.0,0.0
750.9442804186222,60.0,0.0
750.9501535408112,61.0,0.0
750.9533529471413,62.0,0.0
750.9580035844716,63.0,0.0
750.9629507152317,62.0,0.0
750.9744075927895,63.0,0.0
750.9770887765616,64.0,0.0
750.980625460893,63.0,0.0
750.9826839472362,62.0,0.0
750.9940530769888,61.0,0.0
750.9946026362139,62.0,0.0
751.004371937815,61.0,0.0
751.005813172131,62.0,0.0
751.0078678573692,63.0,0.0
751.0080163184389,64.0,0.0
751.016155638378,63.0,0.0
751.0185917680119,62.0,0.0
751.0205955505388,63.0,0.0
751.0230903047776,64.0,0.0
751.0233168115174,65.0,0.0
751.0280583133367,66.0,0.0
751.0356698549213,67.0,0.0
751.0464170135341,68.0,0.0
751.0552757157128,67.0,0.0
751.0603060491077,66.0,0.0
751.0647266681788,67.0,0.0
751.0705112342922,66.0,0.0
751.076521485552,67.0,0.0
751.0771596745133,66.0,0.0
751.0787830505018,65.0,0.0
751.0821177360565,66.0,0.0
751.0824438039834,67.0,0.0
751.0834950979222,68.0,0.0
751.0867226789209,69.0,0.0
751.090981370487,70.0,0.0
751.0969031211692,69.0,0.0
751.0980855466075,68.0,0.0
751.1001326815643,69.0,0.0
751.1013469050744,68.0,0.0
751.1051839817806,69.0,0.0
751.105407126565,70.0,0.0
751.114532161829,69.0,0.0
751.1166483730493,70.0,0.0
751.1212639863642,71.0,0.0
751.1227626773422,72.0,0.0
751.1236658111508,71.0,0.0
751.1350233514443,70.0,0.0
751.1427595383294,71.0,0.0
751.143437360895,72.0,0.0
751.144957383825,71.0,0.0
751.1463402969357,70.0,0.0
751.1566250416433,71.0,0.0
751.1625538077827,70.0,0.0
751.1628906000528,69.0,0.0
751.1629765092886,70.0,0.0
751.1647831884568,69.0,0.0
751.1651599037,70.0,0.0
751.1937435302399,71.0,0.0
751.1958278867177,72.0,0.0
751.2086033956369,71.0,0.0
751.2114152752847,70.0,0.0
751.2181974622008,71.0,0.0
751.223921271805,70.0,0.0
751.2243688972505,71.0,0.0
751.2270465599498,70.0,0.0
751.2303039123103,69.0,0.0
751.2308856663767,68.0,0.0
751.2442432819686,67.0,0.0
751.2446679436777,68.0,0.0
751.2465762925447,69.0,0.0
751.2497402458598,68.0,0.0
751.2544125760514,69.0,0.0
751.2557216450716,68.0,0.0
751.2560325541533,67.0,0.0
751.2671357018406,66.0,0.0
751.2718573261787,65.0,0.0
751.2729724110502,66.0,0.0
751.275550435648,67.0,0.0
751.2784167970418,68.0,0.0
751.3019320233051,69.0,0.0
751.3044820333965,70.0,0.0
751.3215852715389,69.0,0.0
751.3224579490516,68.0,0.0
751.323124206138,67.0,0.0
751.3285474055671,68.0,0.0
751.33014478781,67.0,0.0
751.3436150857041,66.0,0.0
751.3479448120539,65.0,0.0
751.3485558711834,64.0,0.0
751.3545628691996,63.0,0.0
751.3601513105959,64.0,0.0
751.3623657820058,65.0,0.0
751.3663936888039,64.0,0.0
751.3674926859804,63.0,0.0
751.3691303594212,64.0,0.0
751.3707991793867,63.0,0.0
751.3708454938823,62.0,0.0
751.377216228821,63.0,0.0
751.3787054652731,62.0,0.0
751.3832670518738,63.0,0.0
751.3843174896483,62.0,0.0
751.3866422869573,61.0,0.0
751.3924717944059,62.0,0.0
751.398782586151,61.0,0.0
751.41106276699,60.0,0.0
751.4133456672267,59.0,0.0
751.4227983146274,58.0,0.0
751.4231296874628,57.0,0.0
751.4261716060103,58.0,0.0
751.4266471984486,59.0,0.0
751.4277456041797,58.0,0.0
751.4298965991297,57.0,0.0
751.4382085201236,58.0,0.0
751.4403786792635,59.0,0.0
751.4531293212991,60.0,0.0
751.4578885241639,61.0,0.0
751.4598566846931,62.0,0.0
751.4667092859997,63.0,0.0
751.4726656111528,64.0,0.0
751.4726677848041,63.0,0.0
751.4858251656932,62.0,0.0
751.4878124088112,61.0,0.0
751.4899620431305,60.0,0.0
751.4973269360879,61.0,0.0
751.498399735707,62.0,0.0
751.4993342201974,61.0,0.0
751.5064852821657,62.0,0.0
751.5092650679785,63.0,0.0
751.5106689558679,64.0,0.0
751.5150429856774,65.0,0.0
751.5169042008425,66.0,0.0
751.5200423904943,67.0,0.0
751.5202603219506,68.0,0.0
751.5266894104116,69.0,0.0
751.5330603596879,68.0,0.0
751.5342871919906,67.0,0.0
751.5347838528925,68.0,0.0
751.5374847696426,67.0,0.0
751.5411488774721,66.0,0.0
751.5421080792163,67.0,0.0
751.5436914196255,68.0,0.0
751.5458354216327,69.0,0.0
751.5470349588534,68.0,0.0
751.5486718349413,69.0,0.0
751.5508205583108,68.0,0.0
751.5529138933241,69.0,0.0
751.5674640262744,68.0,0.0
751.5687093404587,67.0,0.0
751.5690848908561,66.0,0.0
751.5710044133057,67.0,0.0
751.5818885680111,68.0,0.0
751.5917305208468,69.0,0.0
751.598181161912,70.0,0.0
751.5985062048,69.0,0.0
751.6105552598741,70.0,0.0
751.6150620076353,71.0,0.0
751.6191329625955,72.0,0.0
751.625364075862,73.0,0.0
751.6279292476961,74.0,0.0
751.6386370123789,73.0,0.0
751.6446969390792,74.0,0.0
751.6528754355427,73.0,0.0
751.6591817078787,74.0,0.0
751.6652301754168,73.0,0.0
751.6692055696542,74.0,0.0
751.6708884011982,75.0,0.0
751.6712410537622,76.0,0.0
751.6712760680086,75.0,0.0
751.6731495020521,76.0,0.0
751.6819153204433,75.0,0.0
751.7044742869343,76.0,0.0
751.7054327276859,77.0,0.0
751.7088469342403,76.0,0.0
751.7130418277944,75.0,0.0
751.7295078605204,76.0,0.0
751.7296265168285,77.0,0.0
751.7350332046783,76.0,0.0
751.7357465329166,75.0,0.0
751.7472950948496,74.0,0.0
751.7526217249092,73.0,0.0
751.7592239377394,74.0,0.0
751.7609494302984,75.0,0.0
751.7648659979822,74.0,0.0
751.7672354027612,75.0,0.0
751.7672786126415,74.0,0.0
751.7696931396248,75.0,0.0
751.7702104097656,76.0,0.0
751.7841579819853,77.0,0.0
751.7941010853586,76.0,0.0
751.7953842872456,77.0,0.0
751.801580316846,76.0,0.0
751.8052633612087,75.0,0.0
751.8198026894042,76.0,0.0
751.8228051186878,77.0,0.0
751.8256513201807,76.0,0.0
751.828882101275,77.0,0.0
751.8354497019377,76.0,0.0
751.8455945923611,75.0,0.0
751.849843124556,74.0,0.0
751.8551615585428,73.0,0.0
751.8552489889936,74.0,0.0
751.8630580477317,73.0,0.0
751.8633833893099,72.0,0.0
751.8659403796667,71.0,0.0
751.8784946567783,72.0,0.0
751.8811090331059,73.0,0.0
751.8829624422817,72.0,0.0
751.8848025816166,71.0,0.0
751.8919617166093,72.0,0.0
751.8961886638613,73.0,0.0
751.9055630385905,72.0,0.0
751.923608382914,73.0,0.0
751.9371083604682,72.0,0.0
751.938443514898,73.0,0.0
751.9417071572044,72.0,0.0
751.9501520169918,73.0,0.0
751.9634112683003,72.0,0.0
751.9646320706755,73.0,0.0
751.9649177564636,72.0,0.0
751.9651289476815,73.0,0.0
751.969661504287,74.0,0.0
751.9751460970389,75.0,0.0
751.9796200836892,76.0,0.0
751.9810311561471,75.0,0.0
751.9858114488387,76.0,0.0
751.9882261095462,77.0,0.0
751.991675864126,76.0,0.0
751.9942151106774,75.0,0.0
751.9954204620709,74.0,0.0
751.9959323930225,73.0,0.0
752.0049838094698,74.0,0.0
752.007533737914,75.0,0.0
752.0217702009352,76.0,0.0
752.0217720795904,77.0,0.0
752.0243285622169,76.0,0.0
752.0268665911041,75.0,0.0
752.0369719824484,76.0,0.0
752.0405801849319,77.0,0.0
752.0465997115111,78.0,0.0
752.0516491102866,79.0,0.0
752.0582478018745,80.0,0.0
752.0606668774373,79.0,0.0
752.0661520689641,80.0,0.0
752.0771198516243,79.0,0.0
752.0816306605923,80.0,0.0
752.0848645454054,81.0,0.0
752.0960933935007,82.0,0.0
752.1041213952665,81.0,0.0
752.1065012564628,80.0,0.0
752.1229968019893,79.0,0.0
752.1258707265298,80.0,0.0
752.1274972239825,81.0,0.0
752.1313507441942,82.0,0.0
752.1381514856434,81.0,0.0
752.1481190465682,80.0,0.0
752.1499553276193,79.0,0.0
752.1571397152313,80.0,0.0
752.1616280021312,79.0,0.0
752.167739643446,80.0,0.0
752.1788946251893,79.0,0.0
752.1831877170987,78.0,0.0
752.1838374289063,79.0,0.0
752.1856883362834,78.0,0.0
752.1864885234606,79.0,0.0
752.1906793606582,80.0,0.0
752.1914914936127,81.0,0.0
752.1960439036064,82.0,0.0
752.196465652373,81.0,0.0
752.1981151303393,82.0,0.0
752.2039940146689,81.0,0.0
752.2055048724717,80.0,0.0
752.2180334811522,81.0,0.0
752.2246006135048,80.0,0.0
752.2267714720574,81.0,0.0
752.2277769212858,82.0,0.0
752.2342715841837,83.0,0.0
752.2453278612784,84.0,0.0
752.2503972996798,83.0,0.0
752.2507249822252,84.0,0.0
752.2534449475279,85.0,0.0
752.2600172480576,86.0,0.0
752.264483307331,87.0,0.0
752.2712664834988,88.0,0.0
752.2820574051254,87.0,0.0
752.2825523082873,86.0,0.0
752.2902707139006,85.0,0.0
752.2910696462136,84.0,0.0
752.291358924898,83.0,0.0
752.2929995797946,84.0,0.0
752.2931787387963,85.0,0.0
752.2979544290378,84.0,0.0
752.3016142220832,85.0,0.0
752.3120012574905,84.0,0.0
752.316214547391,83.0,0.0
752.3347419217107,82.0,0.0
752.3518689014968,83.0,0.0
752.360682102055,82.0,0.0
752.3773719962975,81.0,0.0
752.3777471874507,80.0,0.0
752.3851082901188,81.0,0.0
752.3877680668625,80.0,0.0
752.393363101575,81.0,0.0
752.3936753191286,82.0,0.0
752.3962388312216,83.0,0.0
752.3963919195294,82.0,0.0
752.3996956863068,83.0,0.0
752.4168029176878,84.0,0.0
752.420276456324,83.0,0.0
752.4232108443745,84.0,0.0
752.424369556934,83.0,0.0
752.4269101530615,84.0,0.0
752.4348096905701,83.0,0.0
752.4395086114961,82.0,0.0
752.4395559127121,83.0,0.0
752.4447809990114,82.0,0.0
752.4448822956983,83.0,0.0
752.4669114981054,82.0,0.0
752.4726708414521,83.0,0.0
752.4726727833774,84.0,0.0
752.4842245072989,85.0,0.0
752.4853027407057,84.0,0.0
752.4856621386913,85.0,0.0
752.4888341176435,86.0,0.0
752.5012731879348,85.0,0.0
752.5053179711086,86.0,0.0
752.5110694854964,87.0,0.0
752.5175335753416,86.0,0.0
752.5191447049303,85.0,0.0
752.5196696589024,86.0,0.0
752.5197182784706,87.0,0.0
752.5247055417851,88.0,0.0
752.5328037070011,87.0,0.0
752.5363629052589,88.0,0.0
752.5581867606664,89.0,0.0
752.5621347942695,88.0,0.0
752.5641289914092,89.0,0.0
752.5663200106974,90.0,0.0
752.57495663246,91.0,0.0
752.5803335366664,92.0,0.0
752.5925403604482,93.0,0.0
752.5983431809207,94.0,0.0
752.6016521072861,95.0,0.0
752.6089038115346,94.0,0.0
752.6092072788794,93.0,0.0
752.6151602881806,92.0,0.0
752.6207952350182,93.0,0.0
752.6385858524789,94.0,0.0
752.642033358701,95.0,0.0
752.6434926174128,96.0,0.0
752.6477315910824,97.0,0.0
752.6491745801408,98.0,0.0
752.6505144369124,99.0,0.0
752.6507684983434,98.0,0.0
752.6571969047562,97.0,0.0
752.6577274264563,98.0,0.0
752.6598404904338,99.0,0.0
752.6633861884721,98.0,0.0
752.6679412984644,97.0,0.0
752.6688194721856,98.0,0.0
752.6764818138224,97.0,0.0
752.6805823023761,98.0,0.0
752.6826164470609,99.0,0.0
752.6861530974423,100.0,0.0
752.6918266174052,101.0,0.0
752.6963773469519,100.0,0.0
752.7036260432486,101.0,0.0
752.707133885222,100.0,0.0
752.7075035329817,101.0,0.0
752.7089768014574,102.0,0.0
752.7230686947524,101.0,0.0
752.7330046476818,100.0,0.0
752.7375209615492,101.0,0.0
752.7403551316936,100.0,0.0
752.7420943074646,101.0,0.0
752.7455333812128,100.0,0.0
752.7456884427671,99.0,0.0
752.7476205318551,98.0,0.0
752.7490654227006,97.0,0.0
752.7607384108545,98.0,0.0
752.7620079003265,97.0,0.0
752.7668574977458,98.0,0.0
752.7676489006583,97.0,0.0
752.7682000405943,98.0,0.0
752.7728574322381,99.0,0.0
752.7759325945389,100.0,0.0
752.776549349461,99.0,0.0
752.7824243071569,100.0,0.0
752.7876380812559,101.0,0.0
752.7940016519677,102.0,0.0
752.7953903254016,101.0,0.0
752.7974822220455,100.0,0.0
752.8077171433538,99.0,0.0
752.8170305794946,100.0,0.0
752.8174785699197,101.0,0.0
752.8292574680627,100.0,0.0
752.8307647562063,99.0,0.0
752.8339155803828,100.0,0.0
752.8342022154014,101.0,0.0
752.8358859982345,100.0,0.0
752.8478094103489,99.0,0.0
752.8502735264431,98.0,0.0
752.8564632369294,99.0,0.0
752.8600669461038,98.0,0.0
752.8667461763565,99.0,0.0
752.8716281262532,100.0,0.0
752.8737076772484,101.0,0.0
752.8799399246318,102.0,0.0
752.8862444468813,103.0,0.0
752.9080522739818,104.0,0.0
752.9091267995874,105.0,0.0
752.9107883478347,106.0,0.0
752.9165502042831,105.0,0.0
752.9286267549928,106.0,0.0
752.9287678669278,105.0,0.0
752.9295479723054,106.0,0.0
752.9331153960269,107.0,0.0
752.9367734884365,108.0,0.0
752.9468428391523,107.0,0.0
752.9476303730991,108.0,0.0
752.9520120196379,107.0,0.0
752.954912605894,106.0,0.0
752.964684859677,105.0,0.0
752.9665652450276,106.0,0.0
752.9759358605266,107.0,0.0
752.9774883146022,106.0,0.0
752.9781614006066,105.0,0.0
752.992612349538,106.0,0.0
752.9947796318065,107.0,0.0
752.9948507211698,106.0,0.0
752.9957225926129,105.0,0.0
753.0072682747536,104.0,0.0
753.029927263648,103.0,0.0
753.0330814192197,104.0,0.0
753.0449560318364,105.0,0.0
753.048238906818,106.0,0.0
753.0497308965413,107.0,0.0
753.0506206316144,106.0,0.0
753.0522360114451,105.0,0.0
753.055271791132,106.0,0.0
753.0630880215157,107.0,0.0
753.0659037194263,106.0,0.0
753.0668906273347,107.0,0.0
753.0705051022453,108.0,0.0
753.0768460458825,107.0,0.0
753.0909958728023,108.0,0.0
753.0922811802485,109.0,0.0
753.092345131182,110.0,0.0
753.0930825525083,111.0,0.0
753.0954485285177,112.0,0.0
753.0966939646131,111.0,0.0
753.1088295996342,110.0,0.0
753.1214666677163,111.0,0.0
753.1270113591122,112.0,0.0
753.127822381314,113.0,0.0
753.1360796274874,112.0,0.0
753.1379638806369,111.0,0.0
753.1392175690194,110.0,0.0
753.1406061523095,111.0,0.0
753.142300537726,112.0,0.0
753.1538883236182,111.0,0.0
753.1542843924711,110.0,0.0
753.1543514593451,109.0,0.0
753.1596300676325,110.0,0.0
753.1612714517519,111.0,0.0
753.1776667473254,112.0,0.0
753.1789621820801,111.0,0.0
753.1823516831713,112.0,0.0
753.1830549513908,113.0,0.0
753.1856560051332,114.0,0.0
753.1950105062997,115.0,0.0
753.1957547209225,116.0,0.0
753.2098475794802,115.0,0.0
753.2127218570934,114.0,0.0
753.2150167013128,115.0,0.0
753.2265695029115,116.0,0.0
753.2321851035041,117.0,0.0
753.2329111128539,116.0,0.0
753.2329936636141,115.0,0.0
753.2385596032399,116.0,0.0
753.2472639223381,115.0,0.0
753.2503749531686,114.0,0.0
753.2553800444433,113.0,0.0
753.2608654555754,114.0,0.0
753.2729780712284,115.0,0.0
753.2741387819435,116.0,0.0
753.279038104984,115.0,0.0
753.2836948019817,114.0,0.0
753.2873582683912,115.0,0.0
753.2884739723448,114.0,0.0
753.2918911259808,115.0,0.0
753.3010532275262,116.0,0.0
753.3080018169562,117.0,0.0
753.3100217368564,116.0,0.0
753.3111083564067,115.0,0.0
753.3128471336046,116.0,0.0
753.3270678351429,117.0,0.0
753.3317225095651,118.0,0.0
753.3334738187774,117.0,0.0
753.3414913246148,116.0,0.0
753.3678384137374,115.0,0.0
753.3738820755926,116.0,0.0
753.3758310613175,117.0,0.0
753.3767609261112,116.0,0.0
753.3864110302728,115.0,0.0
753.3924297820017,114.0,0.0
753.4076757964157,115.0,0.0
753.4116698663189,116.0,0.0
753.4127453128858,117.0,0.0
753.4293491116108,116.0,0.0
753.4405089545235,117.0,0.0
753.4434422296092,118.0,0.0
753.4527163424953,119.0,0.0
753.4552865176965,120.0,0.0
753.4572905676739,121.0,0.0
753.4669407600893,120.0,0.0
753.4679027424196,121.0,0.0
753.470964374039,120.0,0.0
753.471246446713,119.0,0.0
753.4785790986308,118.0,0.0
753.4794388383076,119.0,0.0
753.4807129282592,118.0,0.0
753.484032368049,119.0,0.0
753.4853034403618,118.0,0.0
753.4855943257745,117.0,0.0
753.4860648592551,116.0,0.0
753.4872116980854,117.0,0.0
753.4937890194653,118.0,0.0
753.4995239852732,119.0,0.0
753.4995983942812,118.0,0.0
753.5023865238857,119.0,0.0
753.5134017235613,120.0,0.0
753.5174278337641,121.0,0.0
753.5196392902279,122.0,0.0
753.5205432707639,121.0,0.0
753.5258267402322,120.0,0.0
753.5313018599869,119.0,0.0
753.5330920407125,118.0,0.0
753.5395856618159,117.0,0.0
753.5448060045858,116.0,0.0
753.5455239806773,117.0,0.0
753.5493563006966,118.0,0.0
753.556098678654,119.0,0.0
753.5655620053632,120.0,0.0
753.5656459800354,119.0,0.0
753.5678373337744,120.0,0.0
753.5707054819928,119.0,0.0
753.5737141558245,118.0,0.0
753.5758889820952,117.0,0.0
753.5791944439724,118.0,0.0
753.5823762423474,119.0,0.0
753.5844011348871,118.0,0.0
753.586092074204,117.0,0.0
753.5870152242801,116.0,0.0
753.5935763257761,117.0,0.0
753.6003529938496,118.0,0.0
753.617720075098,117.0,0.0
753.6287313790674,118.0,0.0
753.6297185373616,119.0,0.0
753.6364007069517,120.0,0.0
753.6397797439852,121.0,0.0
753.6404031535349,122.0,0.0
753.6529093326102,121.0,0.0
753.6529998014701,122.0,0.0
753.6531135462101,121.0,0.0
753.6532373622933,122.0,0.0
753.6574756304905,123.0,0.0
753.6606282975346,122.0,0.0
753.6607793358946,123.0,0.0
753.6632983883484,124.0,0.0
753.6695879440625,125.0,0.0
753.6730000313681,126.0,0.0
753.678581677633,125.0,0.0
753.6815737314107,126.0,0.0
753.6904668808731,125.0,0.0
753.6967205122526,124.0,0.0
753.6994249578257,125.0,0.0
753.7026148090919,124.0,0.0
753.706906869009,123.0,0.0
753.7138784762508,122.0,0.0
753.7173964276313,121.0,0.0
753.7193723150477,120.0,0.0
753.7206261271369,121.0,0.0
753.724078290842,122.0,0.0
753.7266968676578,123.0,0.0
753.7311087767973,122.0,0.0
753.732254417686,123.0,0.0
753.735535974834,122.0,0.0
753.7355682253904,123.0,0.0
753.7412130126316,124.0,0.0
753.7421113566971,123.0,0.0
753.7439998842865,124.0,0.0
753.7525101700468,125.0,0.0
753.7558999253654,126.0,0.0
753.7592821313187,127.0,0.0
753.764633973187,126.0,0.0
753.7692854298654,125.0,0.0
753.7712175797512,126.0,0.0
753.7736361199724,125.0,0.0
753.7758775490101,126.0,0.0
753.7809632822424,127.0,0.0
753.784450319288,128.0,0.0
753.7906550765589,127.0,0.0
753.795834078952,128.0,0.0
753.7990328069085,127.0,0.0
753.8006218341791,128.0,0.0
753.8011387138805,127.0,0.0
753.8031630032276,128.0,0.0
753.8106583325739,129.0,0.0
753.812275837819,128.0,0.0
753.8170090161493,127.0,0.0
753.8249405703377,126.0,0.0
753.827955105396,125.0,0.0
753.8311914645612,126.0,0.0
753.833177744045,125.0,0.0
753.8407397485221,126.0,0.0
753.8491598922192,127.0,0.0
753.853525528747,126.0,0.0
753.8562692860414,127.0,0.0
753.8580963836342,126.0,0.0
753.8600889988114,127.0,0.0
753.869149471261,126.0,0.0
753.8704488588457,127.0,0.0
753.8708348788691,126.0,0.0
753.8728422886948,127.0,0.0
753.8763987333322,126.0,0.0
753.879477722462,125.0,0.0
753.8835836464413,124.0,0.0
753.8920154489158,123.0,0.0
753.8935817977747,124.0,0.0
753.8990404306338,123.0,0.0
753.9083840714176,122.0,0.0
753.9135843778118,123.0,0.0
753.9148532975864,122.0,0.0
753.9192229635336,121.0,0.0
753.9260091401085,120.0,0.0
753.9309368798682,121.0,0.0
753.9313538051014,122.0,0.0
753.9336426233355,123.0,0.0
753.937189835838,122.0,0.0
753.9391326815088,121.0,0.0
753.9454250435465,122.0,0.0
753.9566211362961,123.0,0.0
753.9652322038748,124.0,0.0
753.9664410036752,125.0,0.0
753.9664491601702,124.0,0.0
753.9692704010274,123.0,0.0
753.980462019377,124.0,0.0
753.9812848128995,123.0,0.0
753.9839541933123,122.0,0.0
754.006966612189,121.0,0.0
754.0138090905963,120.0,0.0
754.0144033154356,119.0,0.0
754.0164629556305,120.0,0.0
754.0271792135251,121.0,0.0
754.028658067225,122.0,0.0
754.0300631759914,121.0,0.0
754.0375619931242,122.0,0.0
754.0412389327562,123.0,0.0
754.0463594806859,124.0,0.0
754.0473099689938,125.0,0.0
754.0478155441427,124.0,0.0
754.0497833585943,125.0,0.0
754.050010755248,124.0,0.0
754.0511135436351,123.0,0.0
754.066763405621,122.0,0.0
754.0724913712563,121.0,0.0
754.0775898829656,122.0,0.0
754.0793951877098,123.0,0.0
754.079817860797,124.0,0.0
754.0829750721832,123.0,0.0
754.0882115972477,124.0,0.0
754.0995328272209,123.0,0.0
754.1031098887727,124.0,0.0
754.1038682226737,123.0,0.0
754.1063771915518,122.0,0.0
754.1096222316601,123.0,0.0
754.1162494545503,122.0,0.0
754.1196579523789,121.0,0.0
754.1253377265247,122.0,0.0
754.1299736250886,121.0,0.0
754.1319286399304,120.0,0.0
754.1402538921952,121.0,0.0
754.1468999127741,120.0,0.0
754.1501085240585,121.0,0.0
754.153443621811,122.0,0.0
754.1538371803293,123.0,0.0
754.1586749063213,122.0,0.0
754.1587457504827,123.0,0.0
754.1632390592201,122.0,0.0
754.173479358275,123.0,0.0
754.1784408905813,124.0,0.0
754.1802780233792,125.0,0.0
754.1884806545299,124.0,0.0
754.1949107444725,123.0,0.0
754.2153955276154,122.0,0.0
754.2232355082467,121.0,0.0
754.2246937906813,120.0,0.0
754.225980175721,119.0,0.0
754.2275457772259,120.0,0.0
754.2334339750176,119.0,0.0
754.2365031216758,118.0,0.0
754.2376076410533,119.0,0.0
754.2411532161057,118.0,0.0
754.2420779433178,117.0,0.0
754.2464722801877,118.0,0.0
754.2477806370998,117.0,0.0
754.2510142378586,118.0,0.0
754.2547252397052,117.0,0.0
754.2691495687523,116.0,0.0
754.281852187064,115.0,0.0
754.291864314344,116.0,0.0
754.294160729426,117.0,0.0
754.2992971268271,116.0,0.0
754.3018057671806,117.0,0.0
754.3045393581456,116.0,0.0
754.3163430085544,115.0,0.0
754.3182526972286,116.0,0.0
754.3218184500855,115.0,0.0
754.3226080311589,114.0,0.0
754.3252833320244,113.0,0.0
754.3378355518591,114.0,0.0
754.3423179262018,115.0,0.0
754.3500916915548,114.0,0.0
754.3537115332671,113.0,0.0
754.3695299186038,114.0,0.0
754.3774226838226,113.0,0.0
754.3895991411077,112.0,0.0
754.4036298591104,113.0,0.0
754.4107216722448,114.0,0.0
754.4169156164767,115.0,0.0
754.4188642218653,114.0,0.0
754.420446661281,113.0,0.0
754.4223950022325,112.0,0.0
754.4298251127326,113.0,0.0
754.4305102604063,112.0,0.0
754.4318407280407,113.0,0.0
754.4322554056167,114.0,0.0
754.4629914677532,115.0,0.0
754.4711035768498,116.0,0.0
754.4732041609594,117.0,0.0
754.4966266596085,118.0,0.0
754.503293339954,119.0,0.0
754.5047641673723,118.0,0.0
754.5081802512351,119.0,0.0
754.512053786537,120.0,0.0
754.5164673607553,121.0,0.0
754.5224261296383,120.0,0.0
754.5277766481383,119.0,0.0
754.548604686132,120.0,0.0
754.5670570742722,119.0,0.0
754.57148677233,118.0,0.0
754.5785155709656,119.0,0.0
754.5964217766373,120.0,0.0
754.5966014127478,121.0,0.0
754.6011608303007,122.0,0.0
754.6117149272335,121.0,0.0
754.6125437209859,122.0,0.0
754.6184933528723,121.0,0.0
754.6245260751004,120.0,0.0
754.6381260338055,121.0,0.0
754.6396115001334,122.0,0.0
754.6427446678806,121.0,0.0
754.6433106904851,120.0,0.0
754.6476481882771,121.0,0.0
754.6559545481646,120.0,0.0
754.6560207549466,121.0,0.0
754.6599316454714,122.0,0.0
754.66450190108,123.0,0.0
754.6778408630051,124.0,0.0
754.6780982189085,123.0,0.0
754.6800633655245,124.0,0.0
754.6821116169583,125.0,0.0
754.6833095811911,126.0,0.0
754.6890671802278,127.0,0.0
754.6900493647078,128.0,0.0
754.6932229080354,129.0,0.0
754.6936589743133,130.0,0.0
754.7100862278993,129.0,0.0
754.7238259223229,128.0,0.0
754.7275970387502,129.0,0.0
754.7280942561471,130.0,0.0
754.7332107127331,131.0,0.0
754.7402162992182,130.0,0.0
754.740645005888,131.0,0.0
754.7470616476363,132.0,0.0
754.7506246607848,131.0,0.0
754.7532955490402,132.0,0.0
754.7554485337065,131.0,0.0
754.7574151834278,132.0,0.0
754.761530489254,131.0,0.0
754.7663216757039,132.0,0.0
754.7665701721244,131.0,0.0
754.7795403482936,130.0,0.0
754.7860823286142,131.0,0.0
754.7873054298486,130.0,0.0
754.7934450296276,129.0,0.0
754.8066761748062,130.0,0.0
754.81075789283,129.0,0.0
754.8118153652348,130.0,0.0
754.8126915398742,131.0,0.0
754.8242177220425,132.0,0.0
754.8272605556638,131.0,0.0
754.8300870241961,132.0,0.0
754.8309701961058,131.0,0.0
754.8314858903722,130.0,0.0
754.8325654582417,131.0,0.0
754.8331075353243,130.0,0.0
754.8346982558729,129.0,0.0
754.8357498370343,128.0,0.0
754.8357914900251,127.0,0.0
754.855452401538,128.0,0.0
754.8558699499321,127.0,0.0
754.8607706881655,128.0,0.0
754.8646623762587,127.0,0.0
754.8666786946162,128.0,0.0
754.8668248675293,127.0,0.0
754.8696489112949,128.0,0.0
754.8764203251316,127.0,0.0
754.8830757714518,126.0,0.0
754.8832432083983,127.0,0.0
754.8847269037426,128.0,0.0
754.8895928950137,129.0,0.0
754.8904910088918,128.0,0.0
754.9031247309981,127.0,0.0
754.9109637114624,128.0,0.0
754.9211895183951,127.0,0.0
754.9266495026766,128.0,0.0
754.9285361989037,129.0,0.0
754.9321266077911,128.0,0.0
754.9323051335956,129.0,0.0
754.9338381912006,128.0,0.0
754.9376769254802,129.0,0.0
754.9393877544737,130.0,0.0
754.9447775811967,129.0,0.0
754.956557961918,128.0,0.0
754.9581917952365,127.0,0.0
754.9626001284528,126.0,0.0
754.9672041173881,127.0,0.0
754.9691960602362,128.0,0.0
754.9744207774457,129.0,0.0
754.9767622041011,128.0,0.0
754.9771630715908,127.0,0.0
754.9804288510493,128.0,0.0
754.9930549785348,127.0,0.0
754.9946559315283,126.0,0.0
754.9986890099653,125.0,0.0
755.0009445635252,126.0,0.0
755.0103846293335,125.0,0.0
755.0192578560009,124.0,0.0
755.0226564054202,123.0,0.0
755.0297775215657,124.0,0.0
755.0333186902495,125.0,0.0
755.0346616790121,124.0,0.0
755.0391831864555,125.0,0.0
755.0506151982426,126.0,0.0
755.0579801885262,127.0,0.0
755.0591391998247,128.0,0.0
755.0594423881294,127.0,0.0
755.0595493059071,128.0,0.0
755.0641288295224,129.0,0.0
755.0670095749454,128.0,0.0
755.0678631089359,127.0,0.0
755.0724275159645,126.0,0.0
755.0901714653431,125.0,0.0
755.1000952710847,126.0,0.0
755.1086909861433,125.0,0.0
755.1274661227397,126.0,0.0
755.1278218525642,127.0,0.0
755.1454493938143,128.0,0.0
755.1491090546925,127.0,0.0
755.1496498554696,126.0,0.0
755.1577134748975,125.0,0.0
755.1749067355911,124.0,0.0
755.1750935009597,123.0,0.0
755.1839537293432,124.0,0.0
755.1880115855477,123.0,0.0
755.191568151111,122.0,0.0
755.1918186025167,123.0,0.0
755.1952993027944,122.0,0.0
755.2013923950311,121.0,0.0
755.2024070941316,122.0,0.0
755.2098481687867,121.0,0.0
755.2101496038608,120.0,0.0
755.2107025444038,119.0,0.0
755.2188979283053,120.0,0.0
755.2211403572063,119.0,0.0
755.2220581208128,120.0,0.0
755.2287717587179,121.0,0.0
755.2312859352799,120.0,0.0
755.2340570807811,119.0,0.0
755.2351573491276,118.0,0.0
755.236769399599,117.0,0.0
755.2493363502485,116.0,0.0
755.2571658838859,115.0,0.0
755.2647299064129,116.0,0.0
755.2690309942581,117.0,0.0
755.2757451317295,116.0,0.0
755.2890278651591,115.0,0.0
755.2921863682546,116.0,0.0
755.2940230778568,115.0,0.0
755.2966152779126,116.0,0.0
755.3017622372417,117.0,0.0
755.3121353609257,116.0,0.0
755.3122101080213,115.0,0.0
755.3143686660922,116.0,0.0
755.3225740009124,117.0,0.0
755.326718773859,118.0,0.0
755.3268215210564,117.0,0.0
755.328426945947,118.0,0.0
755.3342013048743,119.0,0.0
755.3352639923693,120.0,0.0
755.3374651850874,119.0,0.0
755.3456364120137,118.0,0.0
755.3494046108374,117.0,0.0
755.3640800157077,118.0,0.0
755.3857233953889,117.0,0.0
755.387494217066,118.0,0.0
755.3905332140765,117.0,0.0
755.3945439345104,118.0,0.0
755.3974828990981,119.0,0.0
755.4060864265408,118.0,0.0
755.4202055421091,117.0,0.0
755.4209268667331,116.0,0.0
755.4215725415199,115.0,0.0
755.42520331942,114.0,0.0
755.4258795471794,113.0,0.0
755.425943775218,112.0,0.0
755.4361725092073,113.0,0.0
755.4370222429077,112.0,0.0
755.4430020240716,113.0,0.0
755.4438508269751,112.0,0.0
755.4521759951864,113.0,0.0
755.4656017460162,114.0,0.0
755.4671548062,115.0,0.0
755.4677349201669,116.0,0.0
755.4690966407736,115.0,0.0
755.4815193311882,114.0,0.0
755.4852030704104,115.0,0.0
755.4965071370266,114.0,0.0
755.5165545179697,115.0,0.0
755.5196462804938,116.0,0.0
755.5224540315277,115.0,0.0
755.5259123314885,114.0,0.0
755.5294908330956,115.0,0.0
755.5314546474588,116.0,0.0
755.5425897359047,115.0,0.0
755.5425990465168,116.0,0.0
755.5459099458757,117.0,0.0
755.5471303598895,118.0,0.0
755.5554413401068,117.0,0.0
755.5558262230395,118.0,0.0
755.5660177388424,119.0,0.0
755.5711648329462,120.0,0.0
755.5713145807889,121.0,0.0
755.5743823510315,120.0,0.0
755.5749034264736,119.0,0.0
755.5847587977443,120.0,0.0
755.597098618303,119.0,0.0
755.5982261060963,120.0,0.0
755.6004076725063,121.0,0.0
755.6058021989277,122.0,0.0
755.6148317432159,123.0,0.0
755.6162765088153,124.0,0.0
755.6234255638578,125.0,0.0
755.6325645267253,126.0,0.0
755.6426854949499,125.0,0.0
755.6438090985168,126.0,0.0
755.6553322447664,125.0,0.0
755.6587280387383,126.0,0.0
755.6719464001211,125.0,0.0
755.6802606407663,126.0,0.0
755.6900496209214,125.0,0.0
755.6913844369005,124.0,0.0
755.6927765824054,123.0,0.0
755.6957204971646,124.0,0.0
755.700040622516,123.0,0.0
755.7019876165892,122.0,0.0
755.7105050044995,121.0,0.0
755.7106025254425,122.0,0.0
755.7159531261639,123.0,0.0
755.7169266390019,122.0,0.0
755.7372224727402,121.0,0.0
755.7373902425338,122.0,0.0
755.7420801437838,121.0,0.0
755.7474430304638,122.0,0.0
755.7527922714313,123.0,0.0
755.7528141679944,124.0,0.0
755.77076152078,125.0,0.0
755.7795481244403,126.0,0.0
755.7875858819853,125.0,0.0
755.8056819985245,124.0,0.0
755.8076362601913,123.0,0.0
755.8190130434928,124.0,0.0
755.8455436396205,123.0,0.0
755.8462158999151,124.0,0.0
755.8484824858033,123.0,0.0
755.8516392509684,122.0,0.0
755.8619726937925,123.0,0.0
755.862331811407,122.0,0.0
755.8652740263044,121.0,0.0
755.8710504964805,120.0,0.0
755.8721997525472,119.0,0.0
755.8732447192216,120.0,0.0
755.8857246517896,119.0,0.0
755.8869598336021,118.0,0.0
755.8915518493791,117.0,0.0
755.9122941507129,116.0,0.0
755.9180824278322,117.0,0.0
755.9232573397472,116.0,0.0
755.9265309006905,117.0,0.0
755.9283633714687,118.0,0.0
755.93350589004,119.0,0.0
755.9380689437892,118.0,0.0
755.9388371495425,119.0,0.0
755.9408385551363,120.0,0.0
755.9460711185933,119.0,0.0
755.9465937831495,118.0,0.0
755.948312680004,117.0,0.0
755.952128733378,118.0,0.0
755.9574860192224,119.0,0.0
755.9619274755428,118.0,0.0
755.9672659325796,119.0,0.0
755.9782562945874,118.0,0.0
755.981068847856,117.0,0.0
756.0012770595557,116.0,0.0
756.0046776214225,115.0,0.0
756.0091107029341,116.0,0.0
756.0147615557063,117.0,0.0
756.0156981464019,118.0,0.0
756.0259778692647,119.0,0.0
756.0319199325849,120.0,0.0
756.0321417534868,119.0,0.0
756.0541425033322,118.0,0.0
756.062372096961,117.0,0.0
756.0628597542974,118.0,0.0
756.0690944628935,117.0,0.0
756.0702716205193,116.0,0.0
756.0788971249657,115.0,0.0
756.0883869475093,114.0,0.0
756.0909926961605,113.0,0.0
756.0955903943675,112.0,0.0
756.0980297523447,113.0,0.0
756.0990277660566,114.0,0.0
756.1022775071258,115.0,0.0
756.1279365647935,114.0,0.0
756.1281339643995,113.0,0.0
756.1382815033397,112.0,0.0
756.1483293461317,111.0,0.0
756.1533129421348,112.0,0.0
756.1558162538468,111.0,0.0
756.1577690010797,110.0,0.0
756.1658522892018,109.0,0.0
756.166631206696,108.0,0.0
756.1703593190194,107.0,0.0
756.1706024438081,108.0,0.0
756.176279768662,109.0,0.0
756.1853179332376,110.0,0.0
756.1882065172956,109.0,0.0
756.1976337195285,108.0,0.0
756.2005307115711,107.0,0.0
756.2106324302806,106.0,0.0
756.2147730881195,105.0,0.0
756.215858274332,106.0,0.0
756.2188497468027,107.0,0.0
756.2201274026343,108.0,0.0
756.2333473342468,107.0,0.0
756.2404107052316,108.0,0.0
756.244695385686,109.0,0.0
756.2465296322707,108.0,0.0
756.2492579806548,107.0,0.0
756.2517422699896,106.0,0.0
756.2529251937763,107.0,0.0
756.2611120645985,106.0,0.0
756.2680231822293,107.0,0.0
756.2823155786027,108.0,0.0
756.2830108397974,107.0,0.0
756.2881108622263,106.0,0.0
756.2992372214659,105.0,0.0
756.2992701828504,106.0,0.0
756.3070908814858,107.0,0.0
756.3073025806226,108.0,0.0
756.313766626829,107.0,0.0
756.3186165437257,108.0,0.0
756.3204519384752,107.0,0.0
756.3421755239933,106.0,0.0
756.3525855623899,105.0,0.0
756.3576987966982,104.0,0.0
756.3648393299709,105.0,0.0
756.3663899184976,104.0,0.0
756.3686755538289,105.0,0.0
756.3760064124209,106.0,0.0
756.3775092940033,105.0,0.0
756.3821718000472,106.0,0.0
756.3822770894136,105.0,0.0
756.3839847245983,104.0,0.0
756.385805464066,105.0,0.0
756.3911989144822,104.0,0.0
756.4037384857575,103.0,0.0
756.4073784245363,102.0,0.0
756.4152633886041,103.0,0.0
756.4180421012813,104.0,0.0
756.4197748903895,103.0,0.0
756.420326623199,102.0,0.0
756.4205076339509,103.0,0.0
756.426238904147,104.0,0.0
756.4304268077622,105.0,0.0
756.4331094189771,104.0,0.0
756.4433364151922,105.0,0.0
756.4446752357832,104.0,0.0
756.4463231786101,103.0,0.0
756.4492467812138,102.0,0.0
756.4549284623447,103.0,0.0
756.4634773290908,102.0,0.0
756.4701345758455,103.0,0.0
756.4726392000368,104.0,0.0
756.4736120470328,103.0,0.0
756.4769441364335,104.0,0.0
756.4982537646296,103.0,0.0
756.5095076663251,102.0,0.0
756.5167506505052,103.0,0.0
756.5205554339867,104.0,0.0
756.5210536957147,105.0,0.0
756.5278647891881,104.0,0.0
756.5310118509244,105.0,0.0
756.5461621357867,104.0,0.0
756.5526992876873,105.0,0.0
756.556967672304,106.0,0.0
756.5818270071422,107.0,0.0
756.5838645450154,106.0,0.0
756.5855156013324,107.0,0.0
756.5857270343539,108.0,0.0
756.6138786340105,107.0,0.0
756.6151908052943,106.0,0.0
756.6172782527419,105.0,0.0
756.6174725671422,106.0,0.0
756.6238195882796,107.0,0.0
756.6251023208278,106.0,0.0
756.6367063557985,105.0,0.0
756.6404087214687,104.0,0.0
756.644117334926,105.0,0.0
756.6531488047152,106.0,0.0
756.6533272292453,107.0,0.0
756.6604664758806,108.0,0.0
756.6696988542745,109.0,0.0
756.6810031229105,108.0,0.0
756.6871505626093,107.0,0.0
756.6990232331706,106.0,0.0
756.699488862154,105.0,0.0
756.7009097610422,106.0,0.0
756.7043859179931,105.0,0.0
756.7077379058902,104.0,0.0
756.7286012668744,103.0,0.0
756.7334307345164,104.0,0.0
756.7344641585657,103.0,0.0
756.7393807493839,104.0,0.0
756.7512586158931,105.0,0.0
756.7535593756469,106.0,0.0
756.7650062688875,105.0,0.0
756.7772356714939,106.0,0.0
756.7835177997453,105.0,0.0
756.7927303792015,106.0,0.0
756.795648529511,105.0,0.0
756.8020941211553,104.0,0.0
756.8025242330517,103.0,0.0
756.8029886832559,102.0,0.0
756.8033041158699,101.0,0.0
756.8052214902679,100.0,0.0
756.8146172547392,101.0,0.0
756.8160976065852,100.0,0.0
756.823021968842,101.0,0.0
756.8243922645312,102.0,0.0
756.8267410261192,101.0,0.0
756.8347244470781,102.0,0.0
756.8397569218247,101.0,0.0
756.8436666274757,100.0,0.0
756.8467298295122,99.0,0.0
756.8604180231252,98.0,0.0
756.8691209264788,97.0,0.0
756.8704045412018,96.0,0.0
756.8754358619054,97.0,0.0
756.8776659520904,98.0,0.0
756.8811921574675,97.0,0.0
756.8836659665495,98.0,0.0
756.888609054756,99.0,0.0
756.8917190237562,98.0,0.0
756.8944648321726,97.0,0.0
756.8973686815034,96.0,0.0
756.9050218934856,95.0,0.0
756.9078153333049,94.0,0.0
756.913761368284,95.0,0.0
756.9155504500006,96.0,0.0
756.9224972597101,95.0,0.0
756.9254517532013,94.0,0.0
756.9285537186208,95.0,0.0
756.9290846603853,96.0,0.0
756.9454902763586,95.0,0.0
756.9500015290467,94.0,0.0
756.9508168811129,95.0,0.0
756.9622884180999,94.0,0.0
756.9656346617352,95.0,0.0
756.9817791214308,96.0,0.0
756.9879628951552,97.0,0.0
756.9989847749099,98.0,0.0
757.0021769817781,99.0,0.0
757.0037072604526,100.0,0.0
757.0062295386545,101.0,0.0
757.0105567552773,102.0,0.0
757.0107998281081,101.0,0.0
757.02758694235,100.0,0.0
757.035125441195,99.0,0.0
757.0359126079427,98.0,0.0
757.038683790937,99.0,0.0
757.0516673975679,98.0,0.0
757.0594733840906,97.0,0.0
757.0660765237786,98.0,0.0
757.0696854941891,99.0,0.0
757.071140982528,98.0,0.0
757.080273037193,97.0,0.0
757.0910337190377,96.0,0.0
757.1025505718029,95.0,0.0
757.1098912381702,94.0,0.0
757.1237702883454,93.0,0.0
757.124409529948,92.0,0.0
757.186711237312,91.0,0.0
757.1928299371775,90.0,0.0
757.203981786428,91.0,0.0
757.2056610438337,92.0,0.0
757.2058788823555,91.0,0.0
757.2072474144256,92.0,0.0
757.2079440617671,91.0,0.0
757.2206986811192,90.0,0.0
757.258916001273,91.0,0.0
757.2604958357249,90.0,0.0
757.2657403248435,91.0,0.0
757.2781059562323,92.0,0.0
757.2807732776107,91.0,0.0
757.2969434327539,90.0,0.0
757.2972834082391,91.0,0.0
757.3074773520024,92.0,0.0
757.3357350900312,93.0,0.0
757.3406091108324,94.0,0.0
757.3493553644399,95.0,0.0
757.3599885449623,94.0,0.0
757.3676970209143,93.0,0.0
757.3690800082284,94.0,0.0
757.3698939573369,95.0,0.0
757.389178168614,94.0,0.0
757.3932234120738,95.0,0.0
757.3960262361164,96.0,0.0
757.4011397598844,97.0,0.0
757.4052877784092,98.0,0.0
757.4131109839196,97.0,0.0
757.4174920888515,96.0,0.0
757.4411501480658,95.0,0.0
757.4435898599403,96.0,0.0
757.4463299292429,95.0,0.0
757.4481291664722,96.0,0.0
757.451010885493,95.0,0.0
757.4511896829383,96.0,0.0
757.4965462026269,95.0,0.0
757.5027787641328,96.0,0.0
757.5055416061825,97.0,0.0
757.5068789975121,96.0,0.0
757.5081608322888,95.0,0.0
757.5092597003575,94.0,0.0
757.509900365592,93.0,0.0
757.5156127599872,94.0,0.0
757.5157177571645,95.0,0.0
757.5451186446506,96.0,0.0
757.5550739828404,97.0,0.0
757.5593104489262,96.0,0.0
757.5594534268768,95.0,0.0
757.5603972179064,96.0,0.0
757.5697291984397,97.0,0.0
757.583777451051,98.0,0.0
757.5875930339738,97.0,0.0
757.5923457184092,96.0,0.0
757.6048235659855,97.0,0.0
757.6095067137594,96.0,0.0
757.6192779792826,95.0,0.0
757.622531671336,96.0,0.0
757.6373341189154,95.0,0.0
757.645682676469,96.0,0.0
757.6547580926338,97.0,0.0
757.660356138973,96.0,0.0
757.6682836731034,95.0,0.0
757.6731786592459,94.0,0.0
757.6771428239672,95.0,0.0
757.6859079855229,96.0,0.0
757.6867034100276,97.0,0.0
757.686753559186,98.0,0.0
757.6922190538338,99.0,0.0
757.7042652605693,98.0,0.0
757.7212459430303,97.0,0.0
757.7231567492485,98.0,0.0
757.7258700542385,97.0,0.0
757.7451308846242,96.0,0.0
757.7545369812241,97.0,0.0
757.7615795396124,96.0,0.0
757.7649142045211,95.0,0.0
757.7897704882894,96.0,0.0
757.7999459729374,95.0,0.0
757.8124544137647,96.0,0.0
757.8154912129282,97.0,0.0
757.816004121016,96.0,0.0
757.830959516547,95.0,0.0
757.8367229238739,96.0,0.0
757.8518981968504,97.0,0.0
757.8523342010154,98.0,0.0
757.8773718946752,99.0,0.0
757.886381628374,100.0,0.0
757.896266620699,99.0,0.0
757.896797978824,100.0,0.0
757.902400727881,99.0,0.0
757.915351603576,100.0,0.0
757.9251338138737,99.0,0.0
757.9400270929286,100.0,0.0
757.9465012772718,99.0,0.0
757.9493853087885,98.0,0.0
757.9541536965011,97.0,0.0
757.9565190760944,98.0,0.0
757.9579781556705,97.0,0.0
757.9615223248949,96.0,0.0
757.9677734540611,95.0,0.0
757.9732767443353,96.0,0.0
757.9774603130057,97.0,0.0
757.9842822917252,96.0,0.0
757.9854830396698,97.0,0.0
757.9864465065931,98.0,0.0
757.9870566617849,97.0,0.0
757.9889791742988,96.0,0.0
758.0068748977286,95.0,0.0
758.0179093146759,96.0,0.0
758.0343138333643,97.0,0.0
758.0424331900306,96.0,0.0
758.043258224945,97.0,0.0
758.0452342730479,98.0,0.0
758.0483570954917,99.0,0.0
758.0506736776209,98.0,0.0
758.0589664873137,97.0,0.0
758.0740324147945,96.0,0.0
758.0746769403784,97.0,0.0
758.0801320063455,96.0,0.0
758.0956722218993,95.0,0.0
758.103642004145,96.0,0.0
758.1039088910403,95.0,0.0
758.1081442607157,94.0,0.0
758.1133201829421,95.0,0.0
758.1217467257349,96.0,0.0
758.1354482782742,95.0,0.0
758.1356941510811,96.0,0.0
758.1359746382764,95.0,0.0
758.1443683287309,94.0,0.0
758.1596992733785,95.0,0.0
758.1606820400406,94.0,0.0
758.1617316842683,95.0,0.0
758.1733429409128,96.0,0.0
758.1844294017866,95.0,0.0
758.1877208048004,94.0,0.0
758.2215096278228,95.0,0.0
758.2285983391652,94.0,0.0
758.2608600975069,93.0,0.0
758.269547938064,92.0,0.0
758.2813102425756,91.0,0.0
758.2987676491207,90.0,0.0
758.3013971527396,89.0,0.0
758.3046013730791,88.0,0.0
758.3079718964282,87.0,0.0
758.3084918814394,86.0,0.0
758.326763193746,87.0,0.0
758.3490927161693,86.0,0.0
758.3583944037653,85.0,0.0
758.3702175119578,84.0,0.0
758.377721924396,83.0,0.0
758.3786477906252,82.0,0.0
758.4032497903894,83.0,0.0
758.4122311737175,82.0,0.0
758.4166400437098,81.0,0.0
758.4290404067162,80.0,0.0
758.4367285170653,79.0,0.0
758.4544418634009,78.0,0.0
758.4575849139397,77.0,0.0
758.4648283120772,76.0,0.0
758.4682778920608,77.0,0.0
758.4895395141659,76.0,0.0
758.5028941700443,75.0,0.0
758.5044409452025,74.0,0.0
758.5098880404066,73.0,0.0
758.5407138947413,74.0,0.0
758.5426566052688,75.0,0.0
758.5440143946856,76.0,0.0
758.5489969328225,75.0,0.0
758.556926428762,74.0,0.0
758.5606334491806,73.0,0.0
758.5657303598323,72.0,0.0
758.5678970897125,73.0,0.0
758.5922433713661,72.0,0.0
758.5942992849693,73.0,0.0
758.5944753250325,72.0,0.0
758.5970432265841,73.0,0.0
758.5989244870844,72.0,0.0
758.600486024377,71.0,0.0
758.6016844769358,70.0,0.0
758.6428151465363,71.0,0.0
758.6434500286251,70.0,0.0
758.6449639375203,69.0,0.0
758.6476658928094,70.0,0.0
758.6594208560034,69.0,0.0
758.6751162444244,68.0,0.0
758.6765820900297,67.0,0.0
758.6791901786823,66.0,0.0
758.6797823714882,65.0,0.0
758.7042636765239,64.0,0.0
758.732299376615,65.0,0.0
758.7739135079436,64.0,0.0
758.7852419776652,63.0,0.0
758.8285693226794,62.0,0.0
758.852122128709,61.0,0.0
758.8596284516867,60.0,0.0
758.8674213151983,59.0,0.0
758.8851353496784,58.0,0.0
758.8924003609944,57.0,0.0
758.902896375562,56.0,0.0
758.9210492041539,55.0,0.0
758.9230823437115,54.0,0.0
758.9270698843483,53.0,0.0
758.930297544499,52.0,0.0
758.9385798022224,53.0,0.0
758.9448828937835,52.0,0.0
758.9575407232281,53.0,0.0
758.9598103613936,52.0,0.0
758.9698221665636,51.0,0.0
758.973070468708,50.0,0.0
758.9754812787882,49.0,0.0
759.0046856189799,48.0,0.0
759.0052543342431,47.0,0.0
759.0182343900651,48.0,0.0
759.0216051778259,47.0,0.0
759.0228775335148,48.0,0.0
759.0318909788183,49.0,0.0
759.0323004104864,48.0,0.0
759.0370183090856,47.0,0.0
759.0459880304072,48.0,0.0
759.0566296643681,47.0,0.0
759.0707358792089,48.0,0.0
759.0729278607595,49.0,0.0
759.073117813125,50.0,0.0
759.0764445588237,49.0,0.0
759.0820361039854,48.0,0.0
759.0946686907369,47.0,0.0
759.1113138416513,46.0,0.0
759.1343484567415,45.0,0.0
759.1351456950757,44.0,0.0
759.1415494333606,43.0,0.0
759.1429239704513,44.0,0.0
759.1721149478069,43.0,0.0
759.1841467396371,44.0,0.0
759.2264501396994,43.0,0.0
759.2306246692225,42.0,0.0
759.2628717476085,43.0,0.0
759.2754712725248,42.0,0.0
759.2817441536871,43.0,0.0
759.2915465884206,44.0,0.0
759.309791003418,43.0,0.0
759.3195578993094,42.0,0.0
759.3255203402282,43.0,0.0
759.3485399304254,42.0,0.0
759.3529440877059,41.0,0.0
759.3558274889134,40.0,0.0
759.3681952749293,39.0,0.0
759.3975259584857,40.0,0.0
759.399837950825,39.0,0.0
759.399887493535,38.0,0.0
759.4034361752505,37.0,0.0
759.4043301864132,36.0,0.0
759.4045472756427,37.0,0.0
759.4076968859623,36.0,0.0
759.423773095145,35.0,0.0
759.428775197876,34.0,0.0
759.4598579282385,33.0,0.0
759.461404471084,32.0,0.0
759.4692184302986,31.0,0.0
759.4801645059937,32.0,0.0
759.4807291418438,31.0,0.0
759.4852104852699,30.0,0.0
759.4879084754741,31.0,0.0
759.4942607418025,30.0,0.0
759.4981703536808,31.0,0.0
759.5006436598777,30.0,0.0
759.5108894184422,29.0,0.0
759.5111718348193,28.0,0.0
759.512828803585,29.0,0.0
759.5183016700233,28.0,0.0
759.5293578345946,27.0,0.0
759.5336081434633,28.0,0.0
759.5386806011619,27.0,0.0
759.5531091552842,26.0,0.0
759.5574556138439,25.0,0.0
759.5591211955278,24.0,0.0
759.5719325680786,23.0,0.0
759.5805456896012,24.0,0.0
759.5946276208456,25.0,0.0
759.5961279012898,24.0,0.0
759.5983536438725,23.0,0.0
759.610965674237,22.0,0.0
759.6113077857967,21.0,0.0
759.6170878927198,20.0,0.0
759.6349662606834,21.0,0.0
759.6381542332427,22.0,0.0
759.6564030524437,21.0,0.0
759.6706475477795,20.0,0.0
759.676925871768,19.0,0.0
759.68196103795,18.0,0.0
759.6995497976618,17.0,0.0
759.7002903309925,16.0,0.0
759.7152858728239,15.0,0.0
759.7203119420585,14.0,0.0
759.7350469574512,13.0,0.0
759.7449308643786,12.0,0.0
759.750990065971,11.0,0.0
759.756298325234,12.0,0.0
759.763693935171,11.0,0.0
759.7640801679361,10.0,0.0
759.7667785399544,11.0,0.0
759.7850147039827,12.0,0.0
759.7911659409874,13.0,0.0
759.7928117852642,12.0,0.0
759.8281017088669,13.0,0.0
759.8523926567299,12.0,0.0
759.8540703699213,11.0,0.0
759.8558768276131,12.0,0.0
759.8559165786239,11.0,0.0
759.858210131615,12.0,0.0
759.8771540609877,11.0,0.0
759.9183938061958,12.0,0.0
759.9273935896247,11.0,0.0
759.929649034216,10.0,0.0
759.9336592098623,9.0,0.0
759.9390611782948,8.0,0.0
759.9400590995268,7.0,0.0
759.941375529073,6.0,0.0
759.9475853373157,5.0,0.0
759.9505321003286,4.0,0.0
759.9557978933188,3.0,0.0
759.9617684598713,2.0,0.0
759.9853432726115,1.0,0.0
759.9890231037593,0.0,0.0
760.0167015838575,1.0,0.0
760.0197842825722,2.0,0.0
760.0372373009563,1.0,0.0
760.0374192468067,0.0,0.0
760.1089992511572,1.0,0.0
760.111366855333,0.0,0.0
760.1459995494695,1.0,0.0
760.1514170923309,2.0,0.0
760.1756796925432,1.0,0.0
760.1889209303014,2.0,0.0
760.1968859173211,1.0,0.0
760.2196092879785,2.0,0.0
760.2448687156214,1.0,0.0
760.252401467569,2.0,0.0
760.2739088449815,1.0,0.0
760.277708865883,0.0,0.0
760.2798467748974,1.0,0.0
760.3017028729172,0.0,0.0
760.3899151278832,1.0,0.0
760.4102648780145,2.0,0.0
760.4398805875443,1.0,0.0
760.4451731018501,2.0,0.0
760.4511239386688,1.0,0.0
760.471969219584,0.0,0.0
760.4861482991562,1.0,0.0
760.4884770382643,0.0,0.0
760.4987678947001,1.0,0.0
760.5585964569188,2.0,0.0
760.5589164607142,1.0,0.0
760.6108166089375,0.0,0.0
760.7929677566373,1.0,0.0
760.7936541945663,0.0,0.0
760.8120278515661,1.0,0.0
760.821609980632,2.0,0.0
760.8270160494959,1.0,0.0
760.8350550890086,0.0,0.0
760.8379742431172,1.0,0.0
760.8403645802581,0.0,0.0
760.8420129213482,1.0,0.0
760.8537578078145,2.0,0.0
760.8626448929991,3.0,0.0
760.8703665587067,2.0,0.0
760.9162511598222,1.0,0.0
760.9589134456967,2.0,0.0
760.9805782043909,1.0,0.0
760.9968803740899,0.0,0.0
761.0532589390658,1.0,0.0
761.061806872453,0.0,0.0
761.0714174193483,1.0,0.0
761.1171919528558,2.0,0.0
761.1279118548067,1.0,0.0
761.136588276189,2.0,0.0
761.1383644108921,3.0,0.0
761.1602533340283,2.0,0.0
761.192184275867,1.0,0.0
761.2052244653805,0.0,0.0
761.2343560948252,1.0,0.0
761.2444540780738,2.0,0.0
761.2704420580715,1.0,0.0
761.2799425999696,0.0,0.0
761.303476338107,1.0,0.0
761.332711542289,0.0,0.0
761.3423252217658,1.0,0.0
761.3463658619626,2.0,0.0
761.3478103882042,1.0,0.0
761.3635134704581,0.0,0.0
761.4571292831638,1.0,0.0
761.4624859069507,0.0,0.0
761.464213392706,1.0,0.0
761.4698710863196,0.0,0.0
761.4743440782498,1.0,0.0
761.479309299164,0.0,0.0
761.516722264576,1.0,0.0
761.5346540456242,0.0,0.0
761.5679818825492,1.0,0.0
761.5821972593623,2.0,0.0
761.5863106028709,1.0,0.0
761.5948678951886,0.0,0.0
761.6738193973307,1.0,0.0
761.6824201878987,2.0,0.0
761.69688586652,1.0,0.0
761.6996650863747,0.0,0.0
761.8072281145743,1.0,0.0
761.8222893432608,0.0,0.0
761.8768221178101,1.0,0.0
761.885820090486,2.0,0.0
761.9009202458163,1.0,0.0
761.9038159594583,2.0,0.0
761.9283426731381,1.0,0.0
761.9290634558257,2.0,0.0
761.9408060290868,3.0,0.0
761.9466023888597,2.0,0.0
761.9588298687038,1.0,0.0
761.9601069205459,0.0,0.0
761.9810467548525,1.0,0.0
761.9923082378177,0.0,0.0
761.9929143310549,1.0,0.0
762.006664150378,0.0,0.0
762.0641550023736,1.0,0.0
762.073388648967,0.0,0.0
762.0924474467699,1.0,0.0
762.1445536627167,0.0,0.0
762.1881564472232,1.0,0.0
762.2135348431183,2.0,0.0
762.2146714451175,3.0,0.0
762.2154802339654,2.0,0.0
762.2356130199736,1.0,0.0
762.3455068509004,0.0,0.0
762.3478084438423,1.0,0.0
762.3501353512723,0.0,0.0
762.3847613141369,1.0,0.0
762.3856169881816,0.0,0.0
762.3992055759987,1.0,0.0
762.4097362731862,0.0,0.0
762.4233466822163,1.0,0.0
762.4593184154971,0.0,0.0
762.5442681227923,1.0,0.0
762.5482397873095,2.0,0.0
762.5640683216794,1.0,0.0
762.5668647627681,0.0,0.0
762.5889750667108,1.0,0.0
762.5963119421609,2.0,0.0
762.6153801703105,1.0,0.0
762.6753179077397,2.0,0.0
762.6972564476451,1.0,0.0
762.7054456345943,2.0,0.0
762.7309536759213,1.0,0.0
762.7456081611879,0.0,0.0
762.896000643947,1.0,0.0
762.8973631908116,0.0,0.0
762.8989266379841,1.0,0.0
762.9136131451427,0.0,0.0
763.0035041890909,1.0,0.0
763.0123098009682,2.0,0.0
763.0168403002211,1.0,0.0
763.0245020216685,2.0,0.0
763.058056291456,3.0,0.0
763.0743073310906,2.0,0.0
763.0803015212877,1.0,0.0
763.0835866574547,0.0,0.0
763.1399671155456,1.0,0.0
763.1467971712423,0.0,0.0
763.1889905297446,1.0,0.0
763.2026034388144,0.0,0.0
763.2070530082997,1.0,0.0
763.2315293450575,0.0,0.0
763.2708820041851,1.0,0.0
763.2925694676131,0.0,0.0
763.329973650675,1.0,0.0
763.3462619953034,0.0,0.0
763.3846469256753,1.0,0.0
763.4206402117567,0.0,0.0
763.4270621128504,1.0,0.0
763.4437479591599,0.0,0.0
763.4618532460569,1.0,0.0
763.4662608469679,2.0,0.0
763.4694942475488,3.0,0.0
763.4709945464848,2.0,0.0
763.4921603347756,1.0,0.0
763.5007138880409,0.0,0.0
763.5220897440431,1.0,0.0
763.5244440029178,2.0,0.0
763.5265916146698,1.0,0.0
763.5366936880472,2.0,0.0
763.5463801315559,3.0,0.0
763.5586679981299,4.0,0.0
763.5598218548166,5.0,0.0
763.5672439520072,6.0,0.0
763.5693164174509,5.0,0.0
763.5987038128306,6.0,0.0
763.604369354627,5.0,0.0
763.6071560465568,4.0,0.0
763.6118830147742,5.0,0.0
763.6391312944911,6.0,0.0
763.6510049619144,5.0,0.0
763.6593235451012,4.0,0.0
763.6696058315412,5.0,0.0
763.6781185481515,4.0,0.0
763.6890416499722,3.0,0.0
763.6896366560285,4.0,0.0
763.6906321521991,3.0,0.0
763.717468841418,2.0,0.0
763.7199491419049,1.0,0.0
763.7214055352156,0.0,0.0
763.7259080305719,1.0,0.0
763.7307192636601,0.0,0.0
763.7373372994585,1.0,0.0
763.7432375653998,2.0,0.0
763.7482013867377,3.0,0.0
763.7575330335611,4.0,0.0
763.7655821198077,3.0,0.0
763.7756017058324,2.0,0.0
763.7839473175296,1.0,0.0
763.7869844256277,2.0,0.0
763.7973092975861,1.0,0.0
763.8324333897333,0.0,0.0
763.870235850471,1.0,0.0
763.874969163593,0.0,0.0
763.9004871205077,1.0,0.0
763.9134819755382,2.0,0.0
763.9172172603656,1.0,0.0
763.939715231917,0.0,0.0
763.9893125049656,1.0,0.0
764.0026839321625,2.0,0.0
764.0097207522068,1.0,0.0
764.0251574257793,2.0,0.0
764.0394895950665,1.0,0.0
764.046278699646,2.0,0.0
764.0489064419887,1.0,0.0
764.0498510216955,2.0,0.0
764.0674647749947,1.0,0.0
764.0746426287457,2.0,0.0
764.0786405879874,3.0,0.0
764.095667248053,2.0,0.0
764.1061825133513,3.0,0.0
764.1111809072617,4.0,0.0
764.1198244663851,3.0,0.0
764.1282457984178,4.0,0.0
764.1294368262728,5.0,0.0
764.133284501476,6.0,0.0
764.136758447109,5.0,0.0
764.1604291511718,6.0,0.0
764.1952229686716,5.0,0.0
764.2019029816902,4.0,0.0
764.2172210427221,5.0,0.0
764.2178952309729,4.0,0.0
764.2241576028957,5.0,0.0
764.2263521553201,4.0,0.0
764.2386564622392,5.0,0.0
764.2500941565888,6.0,0.0
764.2509349548106,5.0,0.0
764.2533852608613,6.0,0.0
764.2611637450857,5.0,0.0
764.2634506068024,4.0,0.0
764.2685948807901,3.0,0.0
764.2706503244767,2.0,0.0
764.2893412649767,3.0,0.0
764.2895508497146,2.0,0.0
764.2917579431005,3.0,0.0
764.2935563661248,2.0,0.0
764.3134152401815,1.0,0.0
764.3187053660354,2.0,0.0
764.3363972428655,3.0,0.0
764.3380625026293,4.0,0.0
764.3407005687483,5.0,0.0
764.3506559524358,6.0,0.0
764.3696772750515,7.0,0.0
764.3746234744426,6.0,0.0
764.3857428828969,7.0,0.0
764.3870167691571,8.0,0.0
764.3928741325078,9.0,0.0
764.3973247647355,8.0,0.0
764.4024036487453,9.0,0.0
764.4240925033615,10.0,0.0
764.4336000034199,9.0,0.0
764.4355266393917,8.0,0.0
764.4427576454797,7.0,0.0
764.4499795892716,6.0,0.0
764.4538812999776,5.0,0.0
764.4550464687633,4.0,0.0
764.4652462879368,5.0,0.0
764.480407668556,6.0,0.0
764.4837249583188,5.0,0.0
764.4952644984805,4.0,0.0
764.5159776266884,5.0,0.0
764.5268708366939,6.0,0.0
764.5385212700785,5.0,0.0
764.5416754235266,4.0,0.0
764.5647845670854,3.0,0.0
764.5702093241714,4.0,0.0
764.5864050330713,5.0,0.0
764.5903760159114,6.0,0.0
764.5930605604033,5.0,0.0
764.5988048479785,6.0,0.0
764.6036137245549,7.0,0.0
764.6053385078682,8.0,0.0
764.6155244543355,9.0,0.0
764.6161887569233,8.0,0.0
764.6189569780983,9.0,0.0
764.6250085551532,8.0,0.0
764.6260270499299,9.0,0.0
764.6265053958218,8.0,0.0
764.6280638536311,9.0,0.0
764.6397363206363,8.0,0.0
764.6566482394602,9.0,0.0
764.6637121501172,8.0,0.0
764.6682089984993,7.0,0.0
764.6724071160652,6.0,0.0
764.6747375483358,7.0,0.0
764.676979098401,8.0,0.0
764.6869061812978,9.0,0.0
764.6950113908393,8.0,0.0
764.6952174615881,7.0,0.0
764.7022972301186,6.0,0.0
764.7099912951078,5.0,0.0
764.7183501916983,4.0,0.0
764.7194612014913,3.0,0.0
764.7212399055148,2.0,0.0
764.7248427488943,1.0,0.0
764.7349020070614,0.0,0.0
764.74181804903,1.0,0.0
764.7519814036261,2.0,0.0
764.7915156887235,3.0,0.0
764.7955730712291,4.0,0.0
764.7970519400742,5.0,0.0
764.8028890805615,4.0,0.0
764.8068169651883,3.0,0.0
764.8088046555854,4.0,0.0
764.8255623300394,5.0,0.0
764.8433079380007,6.0,0.0
764.8480648276736,5.0,0.0
764.8548374646891,4.0,0.0
764.8647148548332,3.0,0.0
764.8725052483386,2.0,0.0
764.8742617934344,3.0,0.0
764.8779309790611,4.0,0.0
764.8822989215106,5.0,0.0
764.8840266836401,6.0,0.0
764.8918510272327,7.0,0.0
764.9058664778057,8.0,0.0
764.9166820429476,7.0,0.0
764.9174333478603,8.0,0.0
764.9257978759103,9.0,0.0
764.9261966359389,8.0,0.0
764.9299093115459,7.0,0.0
764.933418595701,6.0,0.0
764.9363734997427,5.0,0.0
764.9369573870531,6.0,0.0
764.9478500266308,5.0,0.0
764.9546052095066,6.0,0.0
764.9585967747325,5.0,0.0
764.9660667709771,6.0,0.0
764.9862634944558,5.0,0.0
764.9926821891682,6.0,0.0
764.9994643321364,5.0,0.0
765.0046931586202,6.0,0.0
765.0138353419796,7.0,0.0
765.022555435282,8.0,0.0
765.0255794872348,7.0,0.0
765.0333449232202,6.0,0.0
765.0361037790016,7.0,0.0
765.0444657216594,8.0,0.0
765.0605966327114,7.0,0.0
765.0703721363502,8.0,0.0
765.0714280480845,9.0,0.0
765.0827615685035,10.0,0.0
765.083996649104,11.0,0.0
765.0929256951856,12.0,0.0
765.0972529599311,13.0,0.0
765.1010197346479,12.0,0.0
765.1079539146286,13.0,0.0
765.1387108167147,14.0,0.0
765.1424300363822,13.0,0.0
765.1444689842237,14.0,0.0
765.1452843242448,15.0,0.0
765.1479300889096,14.0,0.0
765.1620247018056,13.0,0.0
765.16209666665,14.0,0.0
765.1660658090462,15.0,0.0
765.1769225805031,14.0,0.0
765.1794680463511,15.0,0.0
765.180158186734,16.0,0.0
765.1819532000326,17.0,0.0
765.1839800566738,16.0,0.0
765.1981837680487,17.0,0.0
765.2003640196872,16.0,0.0
765.2060635356405,15.0,0.0
765.2150416869832,16.0,0.0
765.2200309209901,17.0,0.0
765.2213620812727,16.0,0.0
765.2331130384688,15.0,0.0
765.2483469313504,16.0,0.0
765.2515715142392,17.0,0.0
765.2573151401783,18.0,0.0
765.257951670005,17.0,0.0
765.2592297588191,16.0,0.0
765.262162331154,17.0,0.0
765.2724958006357,18.0,0.0
765.2735035411757,19.0,0.0
765.2790759626007,18.0,0.0
765.2875429391038,19.0,0.0
765.2918452991321,18.0,0.0
765.310095303228,17.0,0.0
765.3143828108355,18.0,0.0
765.3203956121481,17.0,0.0
765.3353080861401,16.0,0.0
765.3370110270703,17.0,0.0
765.337056592723,16.0,0.0
765.3374724833557,15.0,0.0
765.348783876299,14.0,0.0
765.3502153167523,15.0,0.0
765.3661467285051,16.0,0.0
765.3675110287539,17.0,0.0
765.380052158302,16.0,0.0
765.380586341218,17.0,0.0
765.3854120004667,16.0,0.0
765.3942900007681,15.0,0.0
765.4050638184287,14.0,0.0
765.4079809108779,13.0,0.0
765.4088805033516,12.0,0.0
765.4100748205955,13.0,0.0
765.4118107990635,14.0,0.0
765.4163515282402,13.0,0.0
765.4257098034197,12.0,0.0
765.4345424286842,13.0,0.0
765.4474319284914,14.0,0.0
765.4501022334533,13.0,0.0
765.4523876360913,14.0,0.0
765.4580825735299,13.0,0.0
765.4681269122202,14.0,0.0
765.4700814455534,15.0,0.0
765.4843406578385,16.0,0.0
765.4867539663134,17.0,0.0
765.4952761616481,16.0,0.0
765.4970816232895,17.0,0.0
765.4973631183195,16.0,0.0
765.5121242382272,15.0,0.0
765.514680363278,14.0,0.0
765.5196747705006,15.0,0.0
765.5217766886808,16.0,0.0
765.5232693626423,15.0,0.0
765.532478255592,14.0,0.0
765.5361977504306,15.0,0.0
765.5440457653158,16.0,0.0
765.5467613201763,17.0,0.0
765.5536826490287,16.0,0.0
765.553888881394,17.0,0.0
765.5617687885698,16.0,0.0
765.5662503242621,17.0,0.0
765.5732170438708,18.0,0.0
765.5803263720779,19.0,0.0
765.5866093365081,20.0,0.0
765.6091026552848,19.0,0.0
765.6211018087935,18.0,0.0
765.6246630231531,17.0,0.0
765.654341648441,18.0,0.0
765.6588464948767,17.0,0.0
765.6914686894396,18.0,0.0
765.6959589596062,19.0,0.0
765.6972603463398,18.0,0.0
765.7007068831318,17.0,0.0
765.7142907189648,16.0,0.0
765.7190137714621,17.0,0.0
765.7331176388006,18.0,0.0
765.7484728543863,17.0,0.0
765.7495303016102,16.0,0.0
765.7594978245119,17.0,0.0
765.7751087328066,18.0,0.0
765.7770891681624,19.0,0.0
765.7780693219842,20.0,0.0
765.7821441992949,19.0,0.0
765.7934427279854,20.0,0.0
765.8029180855638,19.0,0.0
765.8096457018688,20.0,0.0
765.8120167101987,21.0,0.0
765.828581901544,22.0,0.0
765.8312938207104,21.0,0.0
765.8325540563072,20.0,0.0
765.8362154534165,19.0,0.0
765.8454651220954,20.0,0.0
765.8481791601068,19.0,0.0
765.8530357829197,18.0,0.0
765.859678526058,17.0,0.0
765.8673625389624,16.0,0.0
765.8778275973083,17.0,0.0
765.8836592805675,18.0,0.0
765.8839572235935,19.0,0.0
765.8859718043333,18.0,0.0
765.8979590089918,19.0,0.0
765.9028527964992,20.0,0.0
765.9039630558889,19.0,0.0
765.908162437983,18.0,0.0
765.9086442228605,17.0,0.0
765.9147573530447,16.0,0.0
765.9160374994539,15.0,0.0
765.9226279617849,14.0,0.0
765.9234994625418,15.0,0.0
765.9236083789598,14.0,0.0
765.9321818898943,13.0,0.0
765.9324011184641,14.0,0.0
765.93804436778,13.0,0.0
765.9555158273586,14.0,0.0
765.9629698996415,13.0,0.0
765.9658374126292,14.0,0.0
765.9712465009325,13.0,0.0
765.9726851926978,12.0,0.0
765.9764657358095,13.0,0.0
765.977469766071,14.0,0.0
765.9893610744297,13.0,0.0
765.9981563285468,12.0,0.0
766.0157596315088,11.0,0.0
766.0203330526047,10.0,0.0
766.0352790699882,11.0,0.0
766.0372511742344,12.0,0.0
766.04018352978,11.0,0.0
766.0485442509845,10.0,0.0
766.0621637201276,9.0,0.0
766.0656129534902,8.0,0.0
766.0721629552146,9.0,0.0
766.0756145000447,8.0,0.0
766.0792356007981,7.0,0.0
766.0795076690335,8.0,0.0
766.0900444290709,7.0,0.0
766.0914852252084,8.0,0.0
766.0940830953829,9.0,0.0
766.0946848930058,10.0,0.0
766.1001802321787,11.0,0.0
766.1146371415725,10.0,0.0
766.1149995995733,9.0,0.0
766.1189060062898,10.0,0.0
766.1199545764382,11.0,0.0
766.122139801861,12.0,0.0
766.1237532260209,11.0,0.0
766.1255275375502,10.0,0.0
766.127410671667,9.0,0.0
766.1315962516583,8.0,0.0
766.1589426204606,9.0,0.0
766.1632535085884,8.0,0.0
766.1752272352027,7.0,0.0
766.180006144744,6.0,0.0
766.1822662149901,7.0,0.0
766.182822165769,8.0,0.0
766.1837999192746,7.0,0.0
766.1858117086879,6.0,0.0
766.1885711075197,5.0,0.0
766.1984313935862,4.0,0.0
766.2069652387214,5.0,0.0
766.2088121860822,6.0,0.0
766.2167595876386,7.0,0.0
766.2297102444921,6.0,0.0
766.2325075172707,5.0,0.0
766.2417702904964,6.0,0.0
766.257575496316,5.0,0.0
766.2589384523062,6.0,0.0
766.2631013382647,7.0,0.0
766.2635373430181,8.0,0.0
766.2658341733304,9.0,0.0
766.2661114713471,10.0,0.0
766.2664012951143,9.0,0.0
766.2784737116472,8.0,0.0
766.2796076094124,9.0,0.0
766.286562602221,10.0,0.0
766.2890093108592,11.0,0.0
766.2909604466813,10.0,0.0
766.3028984336578,9.0,0.0
766.3110201539101,8.0,0.0
766.3116669334331,9.0,0.0
766.3134565203583,8.0,0.0
766.3139745154012,9.0,0.0
766.318450442541,10.0,0.0
766.3195309882319,11.0,0.0
766.3369415987718,12.0,0.0
766.3413677504232,13.0,0.0
766.34774678617,12.0,0.0
766.349245915192,11.0,0.0
766.3587469796028,12.0,0.0
766.3590129785262,13.0,0.0
766.3719601268057,14.0,0.0
766.3769350231402,15.0,0.0
766.3774803182981,14.0,0.0
766.3857306443454,15.0,0.0
766.3982212756489,14.0,0.0
766.3994220270741,13.0,0.0
766.4074653940773,12.0,0.0
766.4077963636557,13.0,0.0
766.4084772074953,14.0,0.0
766.4166316410382,15.0,0.0
766.4261153271309,16.0,0.0
766.4352948372826,17.0,0.0
766.435856260959,18.0,0.0
766.4449995615591,17.0,0.0
766.4464880081197,18.0,0.0
766.4584552930623,19.0,0.0
766.4594987418993,20.0,0.0
766.4686041669646,21.0,0.0
766.4743307708445,22.0,0.0
766.474503009618,23.0,0.0
766.4766279128695,24.0,0.0
766.4833140266676,25.0,0.0
766.4858772063694,24.0,0.0
766.4894280825304,25.0,0.0
766.4991000009945,26.0,0.0
766.5001710986271,27.0,0.0
766.5013943370143,28.0,0.0
766.5179566229187,29.0,0.0
766.523471654323,30.0,0.0
766.5248930512382,29.0,0.0
766.5332953943433,28.0,0.0
766.5383883555122,27.0,0.0
766.5499908343337,28.0,0.0
766.55049727531,29.0,0.0
766.5532585241439,28.0,0.0
766.5568891286212,27.0,0.0
766.5602957767744,26.0,0.0
766.5635665287231,27.0,0.0
766.5638800792124,26.0,0.0
766.5689374897228,25.0,0.0
766.5711107954418,26.0,0.0
766.5740929091356,27.0,0.0
766.5796695899933,26.0,0.0
766.5842853407967,27.0,0.0
766.5871695175122,28.0,0.0
766.5886245656868,29.0,0.0
766.5917491193179,28.0,0.0
766.5922307643805,29.0,0.0
766.59488318643,30.0,0.0
766.5959773144151,31.0,0.0
766.5990264667998,32.0,0.0
766.6040851500463,31.0,0.0
766.6065393498723,32.0,0.0
766.6171230259062,33.0,0.0
766.6194373948933,34.0,0.0
766.622390666212,35.0,0.0
766.6270751557878,36.0,0.0
766.6311083079624,37.0,0.0
766.6334699953231,38.0,0.0
766.6421693488825,37.0,0.0
766.6436718319467,36.0,0.0
766.6465146117843,37.0,0.0
766.6513284207261,36.0,0.0
766.6566219349993,37.0,0.0
766.6583816090812,38.0,0.0
766.661980747291,39.0,0.0
766.6795449813706,38.0,0.0
766.6842775654239,37.0,0.0
766.6910504379117,38.0,0.0
766.6983910066141,37.0,0.0
766.6995905259116,36.0,0.0
766.7031084373177,37.0,0.0
766.7164763892582,36.0,0.0
766.7232975465452,37.0,0.0
766.7301513119212,38.0,0.0
766.7352354017065,37.0,0.0
766.7353433598355,36.0,0.0
766.7371709713271,35.0,0.0
766.7589360216683,36.0,0.0
766.7655636858298,37.0,0.0
766.7689290283587,36.0,0.0
766.7793825441044,35.0,0.0
766.7815011117178,36.0,0.0
766.784687708146,35.0,0.0
766.8040169704456,34.0,0.0
766.8147122536852,33.0,0.0
766.816119374148,32.0,0.0
766.8211512614807,33.0,0.0
766.8290021381735,34.0,0.0
766.8411593976828,35.0,0.0
766.8457920369589,36.0,0.0
766.8483258801501,37.0,0.0
766.8711277665616,38.0,0.0
766.8838100014312,37.0,0.0
766.8895780951992,38.0,0.0
766.9005363609505,39.0,0.0
766.9051622218462,40.0,0.0
766.9085646945521,41.0,0.0
766.9165908103851,40.0,0.0
766.9182766760791,41.0,0.0
766.9211274025804,42.0,0.0
766.9212577699647,41.0,0.0
766.9212592737325,42.0,0.0
766.9503792046729,43.0,0.0
766.953160304309,44.0,0.0
766.9699949749837,45.0,0.0
766.9719936581351,44.0,0.0
766.9749047717395,43.0,0.0
766.975081261176,42.0,0.0
766.9766149821427,43.0,0.0
766.976716681398,44.0,0.0
766.9851655975694,43.0,0.0
766.9927021159542,42.0,0.0
766.9998919392585,43.0,0.0
767.0011011832768,44.0,0.0
767.001168988774,43.0,0.0
767.0012815597814,44.0,0.0
767.0070273052397,43.0,0.0
767.0081920433609,44.0,0.0
767.0084689459499,45.0,0.0
767.013139667317,46.0,0.0
767.0297326266398,45.0,0.0
767.0314560802835,46.0,0.0
767.0352224282009,45.0,0.0
767.0363954960284,44.0,0.0
767.0369888625388,45.0,0.0
767.0493490505819,46.0,0.0
767.0514579078538,47.0,0.0
767.0626520482435,48.0,0.0
767.0626821749275,47.0,0.0
767.0730579744305,48.0,0.0
767.0776502419465,47.0,0.0
767.0794946681622,48.0,0.0
767.0811002692675,49.0,0.0
767.0827035237029,50.0,0.0
767.0940440315325,49.0,0.0
767.0965647601977,48.0,0.0
767.0985510029002,47.0,0.0
767.1004596234878,48.0,0.0
767.1029498347046,49.0,0.0
767.1072865429364,48.0,0.0
767.1108777195648,47.0,0.0
767.1198715804134,46.0,0.0
767.124323902464,45.0,0.0
767.1245061528778,44.0,0.0
767.1323432846864,45.0,0.0
767.1383392463206,46.0,0.0
767.1432015420145,47.0,0.0
767.1580923825686,48.0,0.0
767.160766657362,49.0,0.0
767.1610103455008,50.0,0.0
767.1619387962461,49.0,0.0
767.1631357520869,48.0,0.0
767.1665058984959,49.0,0.0
767.1740621587636,48.0,0.0
767.1747755337012,49.0,0.0
767.1775817330187,50.0,0.0
767.1821548909024,51.0,0.0
767.183195601681,50.0,0.0
767.1866941807068,51.0,0.0
767.1873486931765,50.0,0.0
767.1881189032416,49.0,0.0
767.1962596499781,48.0,0.0
767.2002930854666,49.0,0.0
767.201306157408,50.0,0.0
767.2032519853062,51.0,0.0
767.2036672694918,52.0,0.0
767.2105700443475,53.0,0.0
767.2239512383497,52.0,0.0
767.2244597118388,51.0,0.0
767.2315516219608,52.0,0.0
767.2321333149164,53.0,0.0
767.2379306878136,52.0,0.0
767.2423394039719,53.0,0.0
767.2427614137598,54.0,0.0
767.24357912102,53.0,0.0
767.2644030225905,54.0,0.0
767.2661910413176,55.0,0.0
767.2673050776511,54.0,0.0
767.2800869842529,55.0,0.0
767.2837496611402,54.0,0.0
767.289930505801,55.0,0.0
767.2907870025973,56.0,0.0
767.2931577661546,55.0,0.0
767.2932310098138,56.0,0.0
767.2982563640758,57.0,0.0
767.3000363086227,56.0,0.0
767.3061440230384,55.0,0.0
767.3212531561636,56.0,0.0
767.3215461123089,57.0,0.0
767.3298221237264,56.0,0.0
767.3312367624303,57.0,0.0
767.3376288411862,58.0,0.0
767.3464714811156,59.0,0.0
767.3504608427152,58.0,0.0
767.3562840489915,57.0,0.0
767.3571863009412,56.0,0.0
767.3661951294448,55.0,0.0
767.3668676043307,54.0,0.0
767.3675033024342,55.0,0.0
767.3727291760027,56.0,0.0
767.3733131004244,57.0,0.0
767.3794531196543,56.0,0.0
767.3807176394793,57.0,0.0
767.389713146912,58.0,0.0
767.3916451848052,59.0,0.0
767.3977436832877,60.0,0.0
767.4095380734619,61.0,0.0
767.4098665350186,62.0,0.0
767.4122726459559,63.0,0.0
767.4137441597121,64.0,0.0
767.4147413917427,65.0,0.0
767.4217033056751,64.0,0.0
767.4333532989093,65.0,0.0
767.4386967963557,64.0,0.0
767.4452922360506,65.0,0.0
767.4507011391507,66.0,0.0
767.4591320591965,65.0,0.0
767.4610204395921,66.0,0.0
767.4647574745036,67.0,0.0
767.4670332999477,66.0,0.0
767.4762464683307,65.0,0.0
767.4766529409808,66.0,0.0
767.477473669669,67.0,0.0
767.4893342409075,68.0,0.0
767.4957890034544,69.0,0.0
767.5041492684073,70.0,0.0
767.5086473486135,71.0,0.0
767.514986271173,72.0,0.0
767.5150583725949,71.0,0.0
767.5173409160919,70.0,0.0
767.5183345915748,71.0,0.0
767.519141291594,70.0,0.0
767.520755134566,71.0,0.0
767.5250647418534,72.0,0.0
767.5259320270934,73.0,0.0
767.5277207675914,74.0,0.0
767.5278038803566,75.0,0.0
767.5326056765931,74.0,0.0
767.538673831625,75.0,0.0
767.546503628434,74.0,0.0
767.5487298271547,73.0,0.0
767.5508362199062,72.0,0.0
767.5532019840161,71.0,0.0
767.554766815033,70.0,0.0
767.5612382835798,71.0,0.0
767.5614167212041,72.0,0.0
767.5640467092071,71.0,0.0
767.5657417654593,72.0,0.0
767.5661282186267,73.0,0.0
767.5679262345515,74.0,0.0
767.5820544605092,75.0,0.0
767.5853315228348,74.0,0.0
767.5873367461802,73.0,0.0
767.6048275424166,74.0,0.0
767.6124841409107,73.0,0.0
767.6229138964835,74.0,0.0
767.623274041463,75.0,0.0
767.6297925062204,74.0,0.0
767.6347900730395,75.0,0.0
767.6364257962804,74.0,0.0
767.6404407616038,73.0,0.0
767.6422635289766,72.0,0.0
767.6437040224386,73.0,0.0
767.6475544091451,74.0,0.0
767.6536748093644,73.0,0.0
767.6581910808945,72.0,0.0
767.6601678576953,73.0,0.0
767.6628972101104,72.0,0.0
767.6629330668828,73.0,0.0
767.6754190007532,74.0,0.0
767.6863733963941,73.0,0.0
767.6902966331968,72.0,0.0
767.6927801103625,73.0,0.0
767.6944040323759,72.0,0.0
767.6954993563877,73.0,0.0
767.7019495904877,72.0,0.0
767.7079324804143,73.0,0.0
767.7085965549107,74.0,0.0
767.7100441952989,75.0,0.0
767.7122295874632,76.0,0.0
767.7161192195865,77.0,0.0
767.7253637990556,78.0,0.0
767.7394770093064,77.0,0.0
767.7508602570825,76.0,0.0
767.7539753324875,77.0,0.0
767.7550324745062,78.0,0.0
767.7571138063556,77.0,0.0
767.7683692169588,78.0,0.0
767.7737310147502,77.0,0.0
767.7812582741348,78.0,0.0
767.782574603778,79.0,0.0
767.7899575904094,78.0,0.0
767.7917823679855,77.0,0.0
767.7934465695109,78.0,0.0
767.7940438766016,79.0,0.0
767.7980109444835,80.0,0.0
767.8083971393182,79.0,0.0
767.8111906253024,80.0,0.0
767.8169957917586,79.0,0.0
767.8187403022007,80.0,0.0
767.8333700858923,81.0,0.0
767.8338443591956,82.0,0.0
767.8343310911613,83.0,0.0
767.8489819129729,82.0,0.0
767.8499035784193,83.0,0.0
767.8513341754416,84.0,0.0
767.8558641862248,85.0,0.0
767.8621384478721,84.0,0.0
767.8716158885634,85.0,0.0
767.8774287770294,86.0,0.0
767.8850835459795,87.0,0.0
767.886322552777,88.0,0.0
767.8870405744656,89.0,0.0
767.8894116656772,90.0,0.0
767.8900883713314,91.0,0.0
767.8945876252205,92.0,0.0
767.9123472592106,93.0,0.0
767.9155007598016,94.0,0.0
767.9198604263534,95.0,0.0
767.9242065259865,96.0,0.0
767.9496684391722,97.0,0.0
767.963867416523,96.0,0.0
767.9672740075506,97.0,0.0
767.9698400642055,98.0,0.0
767.9747257783296,97.0,0.0
767.9820494823826,98.0,0.0
767.9823058316604,99.0,0.0
767.9843036477434,100.0,0.0
767.987083585942,101.0,0.0
767.9871838347448,102.0,0.0
767.9976527083564,103.0,0.0
768.0094343479909,102.0,0.0
768.0099127958782,103.0,0.0
768.012241060953,104.0,0.0
768.0226454231145,105.0,0.0
768.031008225712,106.0,0.0
768.0354829716489,107.0,0.0
768.0361505661095,108.0,0.0
768.0384409712989,109.0,0.0
768.0436499798876,108.0,0.0
768.0598357225739,107.0,0.0
768.0666469462849,106.0,0.0
768.067706219894,105.0,0.0
768.0767493162612,104.0,0.0
768.0773405585757,105.0,0.0
768.0788158361604,104.0,0.0
768.0808832705602,103.0,0.0
768.0810584042318,104.0,0.0
768.0937304440239,105.0,0.0
768.098677299815,106.0,0.0
768.1007075802258,105.0,0.0
768.103139440809,104.0,0.0
768.1041068300372,105.0,0.0
768.1057544733331,106.0,0.0
768.1099830574886,105.0,0.0
768.1210538955686,104.0,0.0
768.1276079327512,105.0,0.0
768.144152325227,104.0,0.0
768.1472218255276,103.0,0.0
768.1535735603452,102.0,0.0
768.1569922800373,101.0,0.0
768.1601515026991,100.0,0.0
768.1666431969213,101.0,0.0
768.1722544311409,102.0,0.0
768.1752191185212,103.0,0.0
768.1858473728535,102.0,0.0
768.1941223395513,103.0,0.0
768.1961356994103,104.0,0.0
768.1964737977864,103.0,0.0
768.2114770907872,104.0,0.0
768.2141229803966,105.0,0.0
768.2292109900075,104.0,0.0
768.2335872178883,105.0,0.0
768.2353879281734,106.0,0.0
768.2490723770896,105.0,0.0
768.2553052940161,106.0,0.0
768.259127293235,107.0,0.0
768.2608655280989,108.0,0.0
768.2703102429982,107.0,0.0
768.2770259068702,106.0,0.0
768.2770429479737,105.0,0.0
768.2829440953291,106.0,0.0
768.3050029496002,107.0,0.0
768.3065369989476,108.0,0.0
768.3152611775714,107.0,0.0
768.3328792701923,106.0,0.0
768.3335434846418,105.0,0.0
768.3368713982414,104.0,0.0
768.3381877098684,103.0,0.0
768.3399210032647,104.0,0.0
768.3537979449344,103.0,0.0
768.3581858509876,102.0,0.0
768.3725920283512,103.0,0.0
768.379836992762,104.0,0.0
768.3847281471589,103.0,0.0
768.3882444084102,104.0,0.0
768.3885569438457,105.0,0.0
768.4003254928742,106.0,0.0
768.4022501112477,105.0,0.0
768.4052501681791,106.0,0.0
768.4054501220055,105.0,0.0
768.4095054887188,104.0,0.0
768.4114482598887,105.0,0.0
768.4130134933564,104.0,0.0
768.4242405346952,105.0,0.0
768.4417245465645,106.0,0.0
768.4509798957611,107.0,0.0
768.4705742615196,106.0,0.0
768.4722145538091,105.0,0.0
768.4862132420393,106.0,0.0
768.4869276246062,107.0,0.0
768.4917785658828,108.0,0.0
768.492037925122,109.0,0.0
768.5058730087567,108.0,0.0
768.5118439131535,109.0,0.0
768.5177321614569,110.0,0.0
768.5257489541178,109.0,0.0
768.5335181084538,110.0,0.0
768.5455857177714,111.0,0.0
768.5487689857413,112.0,0.0
768.5490643842953,113.0,0.0
768.5664078257923,114.0,0.0
768.5665341708985,113.0,0.0
768.5678951143313,114.0,0.0
768.5710504779028,115.0,0.0
768.5739249664592,114.0,0.0
768.5819693546606,113.0,0.0
768.584298246667,114.0,0.0
768.5862965819921,115.0,0.0
768.5880914714891,116.0,0.0
768.588255407058,117.0,0.0
768.5888127062537,116.0,0.0
768.5920593931303,115.0,0.0
768.5946571182702,114.0,0.0
768.5993063346044,115.0,0.0
768.5995421532805,116.0,0.0
768.6015499876349,115.0,0.0
768.608887975269,114.0,0.0
768.6096051018304,113.0,0.0
768.6200261052657,114.0,0.0
768.6301582391703,113.0,0.0
768.6308784153283,114.0,0.0
768.6312277210113,115.0,0.0
768.6319352558588,114.0,0.0
768.6357696933303,113.0,0.0
768.640033700361,112.0,0.0
768.6414411320408,111.0,0.0
768.6459302416663,112.0,0.0
768.6464192227529,113.0,0.0
768.6501764249143,114.0,0.0
768.6514741910819,113.0,0.0
768.665354964168,114.0,0.0
768.6704149142662,113.0,0.0
768.6728048142537,112.0,0.0
768.673572028057,111.0,0.0
768.6758151701669,112.0,0.0
768.6797018450136,111.0,0.0
768.6863146978245,110.0,0.0
768.68935151595,111.0,0.0
768.6938008888148,110.0,0.0
768.7081184538005,111.0,0.0
768.713605668669,110.0,0.0
768.7177118861022,111.0,0.0
768.7193373822795,112.0,0.0
768.7215080800364,113.0,0.0
768.7229371164668,112.0,0.0
768.7239910227663,111.0,0.0
768.7250240874959,110.0,0.0
768.7269589338497,111.0,0.0
768.7278234483989,112.0,0.0
768.7284734142155,111.0,0.0
768.7293324177034,110.0,0.0
768.7335636472611,111.0,0.0
768.7448835453579,110.0,0.0
768.7527318345511,111.0,0.0
768.7533563942025,112.0,0.0
768.7538963035523,111.0,0.0
768.7620913746537,112.0,0.0
768.7763336218973,113.0,0.0
768.7777724829864,112.0,0.0
768.7794004424435,111.0,0.0
768.7848559383294,110.0,0.0
768.7862965416728,109.0,0.0
768.7878202922025,110.0,0.0
768.7934087400512,111.0,0.0
768.8024572963814,112.0,0.0
768.8131058917744,111.0,0.0
768.813943962755,112.0,0.0
768.8168684890173,111.0,0.0
768.8238057155194,112.0,0.0
768.8272713044786,111.0,0.0
768.8298794348029,112.0,0.0
768.837071287924,111.0,0.0
768.8415874394506,110.0,0.0
768.8422236814932,111.0,0.0
768.846157223379,110.0,0.0
768.8478866584845,109.0,0.0
768.8489403938432,110.0,0.0
768.8505492836875,109.0,0.0
768.8635961127887,108.0,0.0
768.8686183063902,109.0,0.0
768.8801004348016,108.0,0.0
768.8847387923851,107.0,0.0
768.8848834756586,108.0,0.0
768.885442922705,107.0,0.0
768.891306981746,108.0,0.0
768.8929675058516,109.0,0.0
768.9050887547619,108.0,0.0
768.9059986554552,109.0,0.0
768.9139757164473,110.0,0.0
768.9147639564903,111.0,0.0
768.9184618406541,112.0,0.0
768.9218003376895,113.0,0.0
768.9256435408951,112.0,0.0
768.9298042776037,113.0,0.0
768.9424213059295,114.0,0.0
768.9453274712162,115.0,0.0
768.9468696709528,116.0,0.0
768.9495462676241,117.0,0.0
768.9616380946055,118.0,0.0
768.9666218597449,119.0,0.0
768.969712421998,118.0,0.0
768.9793839045494,119.0,0.0
768.9896765044742,118.0,0.0
768.9911358846338,117.0,0.0
768.9914257296366,118.0,0.0
769.0014382327945,117.0,0.0
769.0163652716385,116.0,0.0
769.0285305614542,117.0,0.0
769.0383392756539,118.0,0.0
769.0390369246539,119.0,0.0
769.045206611637,120.0,0.0
769.051248919043,121.0,0.0
769.0536919070703,122.0,0.0
769.058584270617,123.0,0.0
769.0593627460909,122.0,0.0
769.0601335109498,123.0,0.0
769.0603260322863,124.0,0.0
769.0625866195394,123.0,0.0
769.0640820544974,124.0,0.0
769.0706610230596,123.0,0.0
769.0849733221188,122.0,0.0
769.1068165633377,121.0,0.0
769.1094448274334,122.0,0.0
769.1105236849615,121.0,0.0
769.114140202451,120.0,0.0
769.1159444834084,121.0,0.0
769.1206070607578,122.0,0.0
769.123974771599,123.0,0.0
769.124711637883,124.0,0.0
769.1344416875759,123.0,0.0
769.1641112203604,122.0,0.0
769.1694207576893,123.0,0.0
769.1774048152444,124.0,0.0
769.1775743017791,125.0,0.0
769.1962665110732,124.0,0.0
769.1983805796013,125.0,0.0
769.2060912677625,124.0,0.0
769.2064808621267,125.0,0.0
769.2077053443028,124.0,0.0
769.2111084479129,123.0,0.0
769.2228321167518,124.0,0.0
769.2252042553927,123.0,0.0
769.2347585270504,124.0,0.0
769.2368156285103,125.0,0.0
769.2474545543607,126.0,0.0
769.2478700168349,125.0,0.0
769.2484970072055,126.0,0.0
769.2488750781584,127.0,0.0
769.2509613488772,126.0,0.0
769.2561150028617,125.0,0.0
769.2570042894998,124.0,0.0
769.2607039495774,125.0,0.0
769.26394450241,126.0,0.0
769.2674850302898,127.0,0.0
769.2685811578135,126.0,0.0
769.2699120019724,127.0,0.0
769.2821189214656,126.0,0.0
769.2835013672266,127.0,0.0
769.28790034143,126.0,0.0
769.2952150401467,125.0,0.0
769.3042868395956,126.0,0.0
769.3064347086776,125.0,0.0
769.3073399591773,124.0,0.0
769.3090241730195,123.0,0.0
769.3103349964478,122.0,0.0
769.3159236707147,121.0,0.0
769.319710940628,120.0,0.0
769.3404023194838,121.0,0.0
769.3411403965932,122.0,0.0
769.3455755880341,121.0,0.0
769.3463916921412,122.0,0.0
769.3474912007533,123.0,0.0
769.355312093386,122.0,0.0
769.3594171729004,123.0,0.0
769.3595175358067,122.0,0.0
769.3628080269267,123.0,0.0
769.3634971345446,122.0,0.0
769.3675609104777,123.0,0.0
769.3857105131721,124.0,0.0
769.3902978242029,125.0,0.0
769.3925978823602,126.0,0.0
769.4005483000261,125.0,0.0
769.4011100028347,124.0,0.0
769.4015983407006,125.0,0.0
769.4075146945494,126.0,0.0
769.4093663422185,125.0,0.0
769.4108476525937,126.0,0.0
769.4214874412555,127.0,0.0
769.4239400650304,126.0,0.0
769.4327593592838,125.0,0.0
769.4350948007815,126.0,0.0
769.4407645276826,127.0,0.0
769.4505107584687,128.0,0.0
769.4508501740387,127.0,0.0
769.4556738236245,128.0,0.0
769.4592900986735,129.0,0.0
769.4604311454781,128.0,0.0
769.4623539875028,127.0,0.0
769.4676744798674,126.0,0.0
769.4708765134541,127.0,0.0
769.4795176558325,126.0,0.0
769.483808225683,125.0,0.0
769.4884480479446,126.0,0.0
769.4896960909448,127.0,0.0
769.5024732968711,128.0,0.0
769.5052238886111,129.0,0.0
769.5107884006974,128.0,0.0
769.5145242484715,127.0,0.0
769.5240026510737,128.0,0.0
769.531437772583,129.0,0.0
769.5332558087291,128.0,0.0
769.541223703584,127.0,0.0
769.541749143517,128.0,0.0
769.5419883348989,129.0,0.0
769.5445037377796,130.0,0.0
769.5505288484293,129.0,0.0
769.5541236456812,130.0,0.0
769.5554319978927,131.0,0.0
769.5619820638384,130.0,0.0
769.5773529361231,131.0,0.0
769.5812059100471,130.0,0.0
769.5820627333037,131.0,0.0
769.5841527154605,132.0,0.0
769.5843886645691,131.0,0.0
769.5932927052481,130.0,0.0
769.5944402743622,129.0,0.0
769.5965821635309,128.0,0.0
769.5996938038802,129.0,0.0
769.6018145990051,130.0,0.0
769.602101810303,129.0,0.0
769.6037464859701,130.0,0.0
769.6103933229925,129.0,0.0
769.6109583005131,130.0,0.0
769.6145705589971,129.0,0.0
769.6209689868889,130.0,0.0
769.6230511468789,129.0,0.0
769.6261638335627,128.0,0.0
769.6337923236551,127.0,0.0
769.6440646301854,128.0,0.0
769.6507890718134,127.0,0.0
769.6513090003975,126.0,0.0
769.6514887524003,127.0,0.0
769.666349661246,126.0,0.0
769.6702942666548,127.0,0.0
769.686616555207,128.0,0.0
769.6868962936774,127.0,0.0
769.6906526303399,128.0,0.0
769.6960772828206,129.0,0.0
769.6971078095214,128.0,0.0
769.7052801159671,127.0,0.0
769.7057421304105,126.0,0.0
769.7085235332574,127.0,0.0
769.7137817559366,128.0,0.0
769.7176936208682,127.0,0.0
769.7239478682263,126.0,0.0
769.7241820988364,125.0,0.0
769.7273598799683,126.0,0.0
769.7293335564314,127.0,0.0
769.7317218294335,128.0,0.0
769.7357665932414,129.0,0.0
769.7362349269326,128.0,0.0
769.7369913468058,127.0,0.0
769.757014623822,126.0,0.0
769.7597070543359,125.0,0.0
769.7603680157172,124.0,0.0
769.7633376385688,125.0,0.0
769.765026000137,124.0,0.0
769.7651575072131,125.0,0.0
769.7683741384662,124.0,0.0
769.7707030122826,123.0,0.0
769.7724486044939,124.0,0.0
769.775876691294,123.0,0.0
769.7799816812286,122.0,0.0
769.7807608436882,123.0,0.0
769.7900808148324,124.0,0.0
769.7970050292262,123.0,0.0
769.8014149416331,124.0,0.0
769.8088699530201,125.0,0.0
769.825599350566,126.0,0.0
769.8359251248879,125.0,0.0
769.8401457608502,126.0,0.0
769.8411784851121,127.0,0.0
769.875675551745,128.0,0.0
769.8784781986278,127.0,0.0
769.8863489918702,128.0,0.0
769.8882848649769,129.0,0.0
769.8916233125138,128.0,0.0
769.8949091611504,129.0,0.0
769.8976664713466,130.0,0.0
769.9093500474947,131.0,0.0
769.923668112349,130.0,0.0
769.9240795698149,129.0,0.0
769.9274680284387,128.0,0.0
769.9343397362219,127.0,0.0
769.9357466570451,126.0,0.0
769.9372060159001,127.0,0.0
769.9507340324076,128.0,0.0
769.9614937723258,127.0,0.0
769.9630724952897,126.0,0.0
769.9667304913606,125.0,0.0
769.9670461479742,126.0,0.0
769.9861987144524,125.0,0.0
769.9890546445704,124.0,0.0
769.9904315286553,125.0,0.0
769.9950143879798,126.0,0.0
769.996123635797,127.0,0.0
769.9996288101888,128.0,0.0
770.0052262658072,127.0,0.0
770.0101124253476,126.0,0.0
770.0279197054604,127.0,0.0
770.0308866831979,128.0,0.0
770.0370735331962,129.0,0.0
770.0401791791883,130.0,0.0
770.0477597805427,129.0,0.0
770.0509035501989,130.0,0.0
770.0515823624959,129.0,0.0
770.0574974414629,130.0,0.0
770.0617737063553,131.0,0.0
770.0652438901451,130.0,0.0
770.0724332410364,131.0,0.0
770.0786333927488,130.0,0.0
770.0801102704422,129.0,0.0
770.080319318609,130.0,0.0
770.0911536962907,129.0,0.0
770.091911412365,130.0,0.0
770.0956556839915,129.0,0.0
770.099887915269,130.0,0.0
770.1031035105152,129.0,0.0
770.1214958647304,128.0,0.0
770.1286171003271,127.0,0.0
770.1289349509282,126.0,0.0
770.1303529482884,127.0,0.0
770.1394818831834,128.0,0.0
770.1465476918328,127.0,0.0
770.146714938172,126.0,0.0
770.1490089731752,125.0,0.0
770.1526527605006,126.0,0.0
770.1562266987423,125.0,0.0
770.1713428663633,124.0,0.0
770.1894519272432,123.0,0.0
770.1904225104812,124.0,0.0
770.2087424536882,125.0,0.0
770.2136082494102,126.0,0.0
770.217515958505,127.0,0.0
770.2255108942875,128.0,0.0
770.2259819957545,129.0,0.0
770.2261975668775,128.0,0.0
770.2265646981284,127.0,0.0
770.227445439276,128.0,0.0
770.2357336838154,129.0,0.0
770.2371395443952,128.0,0.0
770.2418207584341,129.0,0.0
770.2448016179767,128.0,0.0
770.2557480136347,129.0,0.0
770.2659570274584,130.0,0.0
770.2806135141554,131.0,0.0
770.2831751450291,130.0,0.0
770.2835331519485,131.0,0.0
770.2859089740992,132.0,0.0
770.2875329280208,131.0,0.0
770.2942561158937,132.0,0.0
770.2947563340773,131.0,0.0
770.2950067867722,132.0,0.0
770.3167469176176,133.0,0.0
770.3173680329768,134.0,0.0
770.317979069736,135.0,0.0
770.3239568239557,136.0,0.0
770.333261329128,137.0,0.0
770.3345958632013,138.0,0.0
770.3359336528683,139.0,0.0
770.3366845429596,140.0,0.0
770.3370287600142,139.0,0.0
770.3537631245885,140.0,0.0
770.3580510119933,141.0,0.0
770.3598731818298,140.0,0.0
770.3604927432123,139.0,0.0
770.3830256082131,138.0,0.0
770.3858173334208,137.0,0.0
770.3864547511115,138.0,0.0
770.4112970579773,139.0,0.0
770.4125662904855,138.0,0.0
770.4209888467076,139.0,0.0
770.4210588508347,140.0,0.0
770.4260765258829,141.0,0.0
770.4266363596073,140.0,0.0
770.4294783898926,141.0,0.0
770.4324930819237,142.0,0.0
770.4513884501929,143.0,0.0
770.4529300138056,144.0,0.0
770.4635763064701,143.0,0.0
770.4664739877194,142.0,0.0
770.4673918532902,141.0,0.0
770.4746818737344,140.0,0.0
770.4980291757086,141.0,0.0
770.507614775454,140.0,0.0
770.5083792461259,141.0,0.0
770.5213732816173,142.0,0.0
770.5292238104138,143.0,0.0
770.5394529291474,142.0,0.0
770.5420232065064,141.0,0.0
770.5464580446255,142.0,0.0
770.5479849305349,141.0,0.0
770.5547706189265,142.0,0.0
770.5687214837345,141.0,0.0
770.5692749786065,142.0,0.0
770.5717058503926,141.0,0.0
770.5742588177505,142.0,0.0
770.5772656090859,143.0,0.0
770.586676883757,142.0,0.0
770.5952040505556,141.0,0.0
770.6151934079663,140.0,0.0
770.6207338950659,139.0,0.0
770.6217443975142,138.0,0.0
770.6226763695994,139.0,0.0
770.6230541757299,138.0,0.0
770.6258488053425,137.0,0.0
770.6261679808879,136.0,0.0
770.631439396242,135.0,0.0
770.6379841292712,134.0,0.0
770.6392228122139,135.0,0.0
770.6425270718125,134.0,0.0
770.6433463199064,133.0,0.0
770.6503453139819,134.0,0.0
770.6510246832737,133.0,0.0
770.6532973721166,134.0,0.0
770.6533070325104,135.0,0.0
770.6649162433863,134.0,0.0
770.6753139432519,133.0,0.0
770.6858276358408,134.0,0.0
770.6876850603036,133.0,0.0
770.6905982441136,132.0,0.0
770.6922283718874,131.0,0.0
770.6957387474977,132.0,0.0
770.6982064290248,133.0,0.0
770.7029013545666,134.0,0.0
770.7099668238042,135.0,0.0
770.7239115451947,134.0,0.0
770.7242968967286,133.0,0.0
770.7373059492859,132.0,0.0
770.7397500885619,133.0,0.0
770.7410980564802,132.0,0.0
770.7513948769462,131.0,0.0
770.7611176404503,132.0,0.0
770.7684645852072,133.0,0.0
770.776982919495,134.0,0.0
770.7775500907898,135.0,0.0
770.7993859203235,136.0,0.0
770.8213475651088,135.0,0.0
770.8240731670776,136.0,0.0
770.8347320649318,137.0,0.0
770.8387786973366,136.0,0.0
770.840683233748,137.0,0.0
770.8415299172486,136.0,0.0
770.8440134502073,135.0,0.0
770.8457093643784,134.0,0.0
770.8463331556462,133.0,0.0
770.8483104589181,132.0,0.0
770.848511365378,133.0,0.0
770.8561336658239,134.0,0.0
770.8565974261182,133.0,0.0
770.8608546808301,132.0,0.0
770.8814766559003,133.0,0.0
770.8840491145463,132.0,0.0
770.8931333165128,131.0,0.0
770.9000076009283,132.0,0.0
770.9015565697861,131.0,0.0
770.903950903511,130.0,0.0
770.905008280135,131.0,0.0
770.9099248734851,132.0,0.0
770.9125030046703,133.0,0.0
770.9193439375393,132.0,0.0
770.9246380520343,133.0,0.0
770.9308087878791,134.0,0.0
770.9390894491302,135.0,0.0
770.9446796701063,136.0,0.0
770.9456060671324,137.0,0.0
770.9513120705572,138.0,0.0
770.9740120122642,137.0,0.0
770.9821631897081,136.0,0.0
770.984481324629,137.0,0.0
770.994025595879,138.0,0.0
771.008778236986,137.0,0.0
771.0142586135238,136.0,0.0
771.0164126636305,135.0,0.0
771.0331509009217,136.0,0.0
771.0423744885593,135.0,0.0
771.0521757877103,134.0,0.0
771.0549003881257,135.0,0.0
771.072108308732,134.0,0.0
771.0850982304954,133.0,0.0
771.0865493689544,132.0,0.0
771.1019125692856,131.0,0.0
771.1078110475335,132.0,0.0
771.1188033132875,133.0,0.0
771.1189643992427,134.0,0.0
771.1191643816824,133.0,0.0
771.1200750804934,134.0,0.0
771.1378281188298,133.0,0.0
771.1469172583035,134.0,0.0
771.1589653263471,135.0,0.0
771.165599069693,136.0,0.0
771.1697263025044,137.0,0.0
771.172198390453,136.0,0.0
771.1785313005197,137.0,0.0
771.1857851056207,136.0,0.0
771.1924375679954,137.0,0.0
771.1942225392014,138.0,0.0
771.1950194921934,139.0,0.0
771.2069157827501,138.0,0.0
771.2121858787376,139.0,0.0
771.2209875743041,138.0,0.0
771.2215159961255,137.0,0.0
771.2233243935653,138.0,0.0
771.2242843355243,137.0,0.0
771.233899105947,138.0,0.0
771.2347987209292,137.0,0.0
771.2366370311117,138.0,0.0
771.2463650350667,139.0,0.0
771.2491082905043,138.0,0.0
771.2491220751027,139.0,0.0
771.2525801319522,138.0,0.0
771.253986243943,139.0,0.0
771.2553104831371,138.0,0.0
771.2643341438724,137.0,0.0
771.2753220839863,136.0,0.0
771.2802383980238,135.0,0.0
771.2852131067772,134.0,0.0
771.2892375887504,135.0,0.0
771.3172750455979,134.0,0.0
771.3181416314916,133.0,0.0
771.3212068504163,132.0,0.0
771.3457769171766,133.0,0.0
771.3517916702924,132.0,0.0
771.3524962571034,131.0,0.0
771.3529320372269,130.0,0.0
771.3534399792949,129.0,0.0
771.3619250078624,130.0,0.0
771.3634249324514,129.0,0.0
771.3651791806359,128.0,0.0
771.3676618865366,129.0,0.0
771.3703397176473,128.0,0.0
771.3752822874484,127.0,0.0
771.392060554873,128.0,0.0
771.3995947653603,129.0,0.0
771.4068761832536,128.0,0.0
771.4077096088942,127.0,0.0
771.4080959811432,126.0,0.0
771.4106576989434,127.0,0.0
771.4112053176804,126.0,0.0
771.4201054972717,127.0,0.0
771.4274403346683,128.0,0.0
771.4298488617992,129.0,0.0
771.4348520961693,128.0,0.0
771.4350396450184,129.0,0.0
771.4360071586706,130.0,0.0
771.4521470221468,131.0,0.0
771.4527316867365,130.0,0.0
771.4539599444308,131.0,0.0
771.4573053018462,130.0,0.0
771.4709137507648,129.0,0.0
771.4864147368725,128.0,0.0
771.497798859246,129.0,0.0
771.5058042883957,128.0,0.0
771.5117371483707,127.0,0.0
771.5118796145949,126.0,0.0
771.5257687472334,125.0,0.0
771.5277273447393,126.0,0.0
771.5282013338657,127.0,0.0
771.5389528946815,126.0,0.0
771.5566048067928,125.0,0.0
771.5695179930491,126.0,0.0
771.570049087485,127.0,0.0
771.5738941648503,128.0,0.0
771.5756110120428,129.0,0.0
771.5782601704998,128.0,0.0
771.5883198192537,127.0,0.0
771.5925110044753,128.0,0.0
771.5926087640156,127.0,0.0
771.5929726088933,126.0,0.0
771.6096330277729,125.0,0.0
771.6118492004049,124.0,0.0
771.6214880992839,125.0,0.0
771.6274968286334,124.0,0.0
771.628145553354,125.0,0.0
771.6284748754433,124.0,0.0
771.6341140938835,125.0,0.0
771.6541993918231,126.0,0.0
771.6573008292363,125.0,0.0
771.6665271474196,124.0,0.0
771.6681014025269,125.0,0.0
771.6689827514622,124.0,0.0
771.6752880249996,123.0,0.0
771.6770003133338,124.0,0.0
771.6901817819177,123.0,0.0
771.6942730932609,122.0,0.0
771.7090310032183,123.0,0.0
771.7127009156792,122.0,0.0
771.7149872648406,123.0,0.0
771.7161934476626,122.0,0.0
771.7179707087498,123.0,0.0
771.7213650767943,122.0,0.0
771.7305012757281,121.0,0.0
771.7500740651125,120.0,0.0
771.7501539324547,121.0,0.0
771.7610380106913,122.0,0.0
771.7676352277696,123.0,0.0
771.7703086658006,122.0,0.0
771.7709419543422,121.0,0.0
771.7746081058706,120.0,0.0
771.7749650337047,121.0,0.0
771.7802458928619,122.0,0.0
771.7855265741099,121.0,0.0
771.7862493641593,120.0,0.0
771.7886113451203,121.0,0.0
771.7898222657268,120.0,0.0
771.7933463509474,121.0,0.0
771.7948725873216,120.0,0.0
771.8050690567696,121.0,0.0
771.8054189037099,120.0,0.0
771.8061920239004,121.0,0.0
771.8074785577636,120.0,0.0
771.8127246678073,121.0,0.0
771.8142616080537,122.0,0.0
771.8166222382766,121.0,0.0
771.8274025083615,122.0,0.0
771.8278916810244,121.0,0.0
771.8316611422816,122.0,0.0
771.8331126993494,121.0,0.0
771.8362924759539,122.0,0.0
771.8407993781647,121.0,0.0
771.8439857182902,120.0,0.0
771.8459591549389,119.0,0.0
771.85217891215,118.0,0.0
771.8648803205916,119.0,0.0
771.8762657911171,120.0,0.0
771.8806921741509,119.0,0.0
771.8875790867984,120.0,0.0
771.8932905612617,121.0,0.0
771.8966638302684,120.0,0.0
771.8993926761225,119.0,0.0
771.9023936484771,120.0,0.0
771.9044544667003,119.0,0.0
771.904723694261,120.0,0.0
771.9258295570229,121.0,0.0
771.9260591932222,120.0,0.0
771.9450074922457,119.0,0.0
771.9458311767476,120.0,0.0
771.9469972932703,121.0,0.0
771.9525986159132,122.0,0.0
771.9632500573073,121.0,0.0
771.9704432814619,120.0,0.0
771.9727999207215,121.0,0.0
771.9743388470479,122.0,0.0
771.9894501114402,123.0,0.0
771.991933079992,122.0,0.0
771.9982687670678,123.0,0.0
772.0251274166731,124.0,0.0
772.0400317591434,123.0,0.0
772.0517484766599,124.0,0.0
772.0518269911445,125.0,0.0
772.053848182713,126.0,0.0
772.0599676855709,125.0,0.0
772.0692604898278,124.0,0.0
772.0749935994382,123.0,0.0
772.0818102630577,122.0,0.0
772.0854676493221,121.0,0.0
772.0948909415521,122.0,0.0
772.0960891898424,121.0,0.0
772.106770524101,120.0,0.0
772.1120919418588,119.0,0.0
772.1124310618577,120.0,0.0
772.1198726182754,121.0,0.0
772.1213600607786,120.0,0.0
772.123305692575,121.0,0.0
772.1300206360179,122.0,0.0
772.1346531981532,121.0,0.0
772.1389524875773,120.0,0.0
772.1559329210163,119.0,0.0
772.1597906249632,120.0,0.0
772.1685188610977,119.0,0.0
772.1821338266901,118.0,0.0
772.1825319028072,117.0,0.0
772.1964967493459,116.0,0.0
772.1965279789905,115.0,0.0
772.2002792177728,116.0,0.0
772.2014789030486,115.0,0.0
772.20875778696,114.0,0.0
772.2112240593015,113.0,0.0
772.2133672531485,112.0,0.0
772.2154480604454,111.0,0.0
772.217332448164,112.0,0.0
772.222024534434,111.0,0.0
772.2235824680477,110.0,0.0
772.2275454992391,111.0,0.0
772.2430588768333,112.0,0.0
772.2437521050415,113.0,0.0
772.2570167411222,112.0,0.0
772.2578479853806,113.0,0.0
772.265799680552,112.0,0.0
772.2661386326699,111.0,0.0
772.2687537539495,112.0,0.0
772.2697387221519,111.0,0.0
772.2713553881619,110.0,0.0
772.2818951182372,109.0,0.0
772.2861034317605,108.0,0.0
772.2923170474057,109.0,0.0
772.2939082168638,110.0,0.0
772.3018975849426,109.0,0.0
772.3077804762388,110.0,0.0
772.3078164815735,109.0,0.0
772.3153615857699,108.0,0.0
772.3346547659771,107.0,0.0
772.3352084604296,108.0,0.0
772.3404824398699,107.0,0.0
772.3456676127876,106.0,0.0
772.3499791554523,105.0,0.0
772.3517925937514,106.0,0.0
772.3591059917901,105.0,0.0
772.3597427507327,106.0,0.0
772.3605862599562,107.0,0.0
772.3622227449334,106.0,0.0
772.3770034844915,107.0,0.0
772.4009915449875,106.0,0.0
772.4027225716793,107.0,0.0
772.4063426447293,108.0,0.0
772.4134194427413,109.0,0.0
772.4140739612894,110.0,0.0
772.4272139521752,109.0,0.0
772.4277960277601,110.0,0.0
772.4296398824262,111.0,0.0
772.436503692679,112.0,0.0
772.4399520664466,111.0,0.0
772.4567202424688,110.0,0.0
772.4599296815724,109.0,0.0
772.4607842010168,108.0,0.0
772.468295231106,107.0,0.0
772.4701706486213,106.0,0.0
772.4794270913294,107.0,0.0
772.4837565607279,108.0,0.0
772.4856532287245,107.0,0.0
772.4871506677333,108.0,0.0
772.4907951208802,107.0,0.0
772.4915517221627,106.0,0.0
772.5000972257044,107.0,0.0
772.5043941826515,106.0,0.0
772.5064398602532,107.0,0.0
772.5103088673104,106.0,0.0
772.5108608448757,105.0,0.0
772.5147478916829,106.0,0.0
772.5166616259866,105.0,0.0
772.5199916865859,104.0,0.0
772.524151484823,103.0,0.0
772.5391827720532,102.0,0.0
772.5415215777552,103.0,0.0
772.5559745959058,102.0,0.0
772.5860013685265,101.0,0.0
772.5866573448282,102.0,0.0
772.6129646241238,103.0,0.0
772.6145111504895,104.0,0.0
772.6159644550776,103.0,0.0
772.6163683290603,102.0,0.0
772.6237509986377,101.0,0.0
772.6244055061647,100.0,0.0
772.6268447331039,99.0,0.0
772.6270132928021,98.0,0.0
772.6315583656013,99.0,0.0
772.6352753299675,100.0,0.0
772.6360618834765,99.0,0.0
772.6412730896407,100.0,0.0
772.6425162084346,99.0,0.0
772.6435928568727,100.0,0.0
772.6449631817516,99.0,0.0
772.6505309802111,98.0,0.0
772.6506726021624,99.0,0.0
772.6585015948737,100.0,0.0
772.6692540257355,101.0,0.0
772.6749141583821,100.0,0.0
772.6754575391873,99.0,0.0
772.6923085781991,98.0,0.0
772.6968708710879,97.0,0.0
772.698196556689,98.0,0.0
772.7020583475152,99.0,0.0
772.7063015618342,100.0,0.0
772.7218707992694,99.0,0.0
772.7277250692111,98.0,0.0
772.7290240205618,97.0,0.0
772.7346881400392,96.0,0.0
772.7355858838368,95.0,0.0
772.7361790349729,94.0,0.0
772.7554044136793,93.0,0.0
772.789086669496,92.0,0.0
772.8003864079161,93.0,0.0
772.8016619391155,92.0,0.0
772.8198689137492,93.0,0.0
772.8260301564613,92.0,0.0
772.8305541176239,91.0,0.0
772.8314940456078,90.0,0.0
772.8425791664938,89.0,0.0
772.8492928255134,90.0,0.0
772.8566286118781,91.0,0.0
772.8883333206837,90.0,0.0
772.8956723616451,89.0,0.0
772.8991556716285,90.0,0.0
772.914870655858,91.0,0.0
772.916006026908,90.0,0.0
772.9268315291389,89.0,0.0
772.9345170390981,90.0,0.0
772.9402686641814,89.0,0.0
772.9428849890912,88.0,0.0
772.9634904328598,89.0,0.0
772.9665707955129,88.0,0.0
772.9668010135753,89.0,0.0
772.9686138782381,88.0,0.0
772.9712506130481,87.0,0.0
772.9804874594436,88.0,0.0
772.9848911463779,87.0,0.0
772.9897120765335,86.0,0.0
772.9975323325208,87.0,0.0
773.0035052475965,86.0,0.0
773.006442656464,87.0,0.0
773.0074974068735,86.0,0.0
773.0176387224229,85.0,0.0
773.0412385859133,86.0,0.0
773.0545199661073,87.0,0.0
773.0566264172662,86.0,0.0
773.0680446088824,85.0,0.0
773.0706421199116,86.0,0.0
773.0779486452236,85.0,0.0
773.0882161949554,86.0,0.0
773.0918439766435,85.0,0.0
773.0926467400758,84.0,0.0
773.1117150424957,85.0,0.0
773.1311891683699,86.0,0.0
773.13162495432,85.0,0.0
773.1371112313808,86.0,0.0
773.1552504743681,85.0,0.0
773.1624447967893,84.0,0.0
773.166058104462,83.0,0.0
773.1675826758337,82.0,0.0
773.1683650633216,83.0,0.0
773.1858363010302,82.0,0.0
773.186892001275,81.0,0.0
773.1901258280553,82.0,0.0
773.1968923724944,81.0,0.0
773.2104953090055,82.0,0.0
773.2176864385559,81.0,0.0
773.218963180345,80.0,0.0
773.2245775872979,79.0,0.0
773.2276128175482,80.0,0.0
773.2397766387867,81.0,0.0
773.2426563082148,80.0,0.0
773.2568465073233,81.0,0.0
773.2586699684864,80.0,0.0
773.2590476123623,79.0,0.0
773.2673885436467,78.0,0.0
773.2725743009473,77.0,0.0
773.2806101620395,78.0,0.0
773.2810235418116,79.0,0.0
773.28329494328,78.0,0.0
773.2847843147887,79.0,0.0
773.2867111342032,78.0,0.0
773.2895042283026,77.0,0.0
773.3078429737409,78.0,0.0
773.3138220752302,77.0,0.0
773.3245292097204,76.0,0.0
773.347556203519,75.0,0.0
773.3555906324456,74.0,0.0
773.3689487967081,73.0,0.0
773.3740311096695,74.0,0.0
773.3986965343119,73.0,0.0
773.4055546200461,72.0,0.0
773.4116742649535,71.0,0.0
773.4161617491415,70.0,0.0
773.4216564981881,71.0,0.0
773.4241823224182,70.0,0.0
773.4603122210208,71.0,0.0
773.473722814011,70.0,0.0
773.4846734371789,69.0,0.0
773.4848602458534,70.0,0.0
773.4899098408299,69.0,0.0
773.4919120718433,68.0,0.0
773.5036464725932,69.0,0.0
773.521760507368,68.0,0.0
773.5223613207288,67.0,0.0
773.5236951788734,66.0,0.0
773.5395186477257,67.0,0.0
773.5451332782385,66.0,0.0
773.5487207956431,65.0,0.0
773.551957839057,66.0,0.0
773.5654654755913,65.0,0.0
773.5664891786564,66.0,0.0
773.5753485830169,67.0,0.0
773.5758221545833,66.0,0.0
773.580954550038,65.0,0.0
773.5945105518531,66.0,0.0
773.5996351513512,67.0,0.0
773.600657917285,68.0,0.0
773.6017440644058,67.0,0.0
773.6277389495023,66.0,0.0
773.634217508492,67.0,0.0
773.637335064155,68.0,0.0
773.6418322731363,67.0,0.0
773.6431768940283,66.0,0.0
773.6591374179346,67.0,0.0
773.6673142439267,66.0,0.0
773.7008925362201,65.0,0.0
773.7123349322388,64.0,0.0
773.7287658245828,63.0,0.0
773.733971478662,64.0,0.0
773.7393207657825,63.0,0.0
773.7409134670986,64.0,0.0
773.745471253842,63.0,0.0
773.7582203887425,64.0,0.0
773.7609707404258,65.0,0.0
773.7630197953628,64.0,0.0
773.7636232015789,65.0,0.0
773.7668821076724,64.0,0.0
773.7802026317278,65.0,0.0
773.7897655212049,64.0,0.0
773.79824285257,63.0,0.0
773.7982685632834,62.0,0.0
773.8044880064399,63.0,0.0
773.8100933428087,62.0,0.0
773.815398519935,61.0,0.0
773.820561654796,60.0,0.0
773.8208956024738,61.0,0.0
773.8232189521046,62.0,0.0
773.8236850318513,61.0,0.0
773.8281823049257,60.0,0.0
773.8290333602442,59.0,0.0
773.8310813717828,60.0,0.0
773.8557813882117,61.0,0.0
773.8772337452208,60.0,0.0
773.8846254883471,59.0,0.0
773.8901814812939,58.0,0.0
773.8993404389729,59.0,0.0
773.9042126812111,60.0,0.0
773.9059145286715,59.0,0.0
773.9127698903453,60.0,0.0
773.9442718536598,59.0,0.0
773.9602265601319,58.0,0.0
773.9670272792407,57.0,0.0
773.9712341361814,56.0,0.0
773.9752018165468,55.0,0.0
773.9761540650177,54.0,0.0
773.9768106904437,53.0,0.0
773.9845453868699,52.0,0.0
773.9878200311848,53.0,0.0
773.9926412374102,54.0,0.0
773.9937611215994,53.0,0.0
774.0103736217272,52.0,0.0
774.0142526372138,51.0,0.0
774.0458624644127,50.0,0.0
774.0488940335417,51.0,0.0
774.0572044579449,52.0,0.0
774.0587118706409,53.0,0.0
774.0707338513058,52.0,0.0
774.0719660700797,53.0,0.0
774.0823761007146,54.0,0.0
774.0961156081294,53.0,0.0
774.1014938375494,54.0,0.0
774.1063948347181,53.0,0.0
774.1181283947445,54.0,0.0
774.1226222365882,53.0,0.0
774.1298369479438,52.0,0.0
774.1299164824738,53.0,0.0
774.1347925306948,52.0,0.0
774.1357660209075,51.0,0.0
774.1378620988867,52.0,0.0
774.1386777925106,53.0,0.0
774.1466214438507,52.0,0.0
774.1551976770199,53.0,0.0
774.15573774374,52.0,0.0
774.1584177477392,51.0,0.0
774.1589167740644,52.0,0.0
774.1671663868341,51.0,0.0
774.1868342083669,50.0,0.0
774.1945672823155,51.0,0.0
774.2037013483614,52.0,0.0
774.2110760200126,51.0,0.0
774.214819537001,52.0,0.0
774.2326500105174,51.0,0.0
774.2359943078868,50.0,0.0
774.2380939334793,51.0,0.0
774.2436396561008,50.0,0.0
774.2562186644841,51.0,0.0
774.2583482182062,50.0,0.0
774.2645716164558,51.0,0.0
774.272087359902,50.0,0.0
774.2840464489196,49.0,0.0
774.3075187594347,48.0,0.0
774.3086841733436,47.0,0.0
774.3148109262095,46.0,0.0
774.3243279087256,45.0,0.0
774.3272635794945,46.0,0.0
774.3400567682628,47.0,0.0
774.3466815121358,46.0,0.0
774.3573398126581,47.0,0.0
774.361682659206,48.0,0.0
774.3664020856703,47.0,0.0
774.383435438113,46.0,0.0
774.3907244279285,47.0,0.0
774.4085973604405,46.0,0.0
774.420813692738,47.0,0.0
774.4305399744915,46.0,0.0
774.463675643389,45.0,0.0
774.5060698213107,44.0,0.0
774.5254996851144,45.0,0.0
774.5448125126242,44.0,0.0
774.5526757801925,43.0,0.0
774.5569868378464,42.0,0.0
774.5592132553994,41.0,0.0
774.5628686875306,40.0,0.0
774.5669329852873,41.0,0.0
774.5844086050159,40.0,0.0
774.5856601237388,39.0,0.0
774.5896139559413,38.0,0.0
774.590460697389,39.0,0.0
774.5923546686478,38.0,0.0
774.6002953671892,37.0,0.0
774.6116706195629,36.0,0.0
774.6417741977109,37.0,0.0
774.6464728759213,38.0,0.0
774.6585517756118,37.0,0.0
774.6706108656782,36.0,0.0
774.6839931640865,35.0,0.0
774.6858314065778,36.0,0.0
774.6880805153542,35.0,0.0
774.6957707075602,34.0,0.0
774.7029653900984,33.0,0.0
774.725212733792,34.0,0.0
774.7277586981148,33.0,0.0
774.7295697551144,32.0,0.0
774.7309747074256,33.0,0.0
774.7337317651154,32.0,0.0
774.7339562492383,33.0,0.0
774.7475167768349,32.0,0.0
774.7520448959684,31.0,0.0
774.754855910238,32.0,0.0
774.7574947339003,31.0,0.0
774.777139538834,30.0,0.0
774.7875471318173,31.0,0.0
774.7906252728003,30.0,0.0
774.8002731724112,29.0,0.0
774.8048558080346,30.0,0.0
774.8064710706886,29.0,0.0
774.8076446508393,28.0,0.0
774.8244310694959,27.0,0.0
774.8283141092281,28.0,0.0
774.8457670129176,29.0,0.0
774.8480212783468,30.0,0.0
774.8511932612209,29.0,0.0
774.8710264119013,30.0,0.0
774.8952691304071,29.0,0.0
774.9060471667281,28.0,0.0
774.9107493520014,29.0,0.0
774.9183708056937,28.0,0.0
774.9194288914452,27.0,0.0
774.9245683864676,28.0,0.0
774.9288248153454,27.0,0.0
774.9355193164583,26.0,0.0
774.9405962284786,25.0,0.0
774.9451587082805,24.0,0.0
774.9460204949311,23.0,0.0
774.9610239745657,24.0,0.0
774.9612923517572,23.0,0.0
774.9655586775762,22.0,0.0
774.9822012050951,21.0,0.0
775.0002625697186,20.0,0.0
775.0120726192343,21.0,0.0
775.0176372827884,20.0,0.0
775.0257516183077,19.0,0.0
775.0279055348374,20.0,0.0
775.0417962093986,19.0,0.0
775.053456065741,18.0,0.0
775.0574364994009,17.0,0.0
775.0789512298021,16.0,0.0
775.0996371178651,15.0,0.0
775.1025838215368,14.0,0.0
775.1064754740144,15.0,0.0
775.1069683256906,14.0,0.0
775.1275074316884,13.0,0.0
775.128253890842,12.0,0.0
775.1319760544696,11.0,0.0
775.1369153955154,10.0,0.0
775.1513036740077,9.0,0.0
775.1517582279517,8.0,0.0
775.155814031004,9.0,0.0
775.1567841055028,8.0,0.0
775.1647906981083,9.0,0.0
775.1737048938081,8.0,0.0
775.1872625694468,7.0,0.0
775.1880923068459,6.0,0.0
775.188439817906,5.0,0.0
775.2257597857365,4.0,0.0
775.2359588765793,3.0,0.0
775.2420383133611,4.0,0.0
775.2486773789184,5.0,0.0
775.2742728769416,6.0,0.0
775.2814368786966,5.0,0.0
775.2868581457278,4.0,0.0
775.2897540055857,5.0,0.0
775.2946422889952,4.0,0.0
775.2994114723956,5.0,0.0
775.3207521875702,4.0,0.0
775.3226115974883,5.0,0.0
775.3231175034942,6.0,0.0
775.3573770814543,5.0,0.0
775.3583102256322,4.0,0.0
775.3597786671227,5.0,0.0
775.3799966574702,4.0,0.0
775.392578782186,3.0,0.0
775.4004140048831,4.0,0.0
775.4090600990302,5.0,0.0
775.4121599026762,4.0,0.0
775.4174904086883,3.0,0.0
775.4422029835439,2.0,0.0
775.44419365075,3.0,0.0
775.4487802627515,2.0,0.0
775.4645325977529,1.0,0.0
775.4735179825449,2.0,0.0
775.4784110140395,1.0,0.0
775.4968062567074,0.0,0.0
775.6002717340664,1.0,0.0
775.6129780607151,0.0,0.0
775.6544825432195,1.0,0.0
775.6571187251911,2.0,0.0
775.6575092520866,1.0,0.0
775.6909819854799,2.0,0.0
775.7244140534809,1.0,0.0
775.7256398903536,0.0,0.0
775.7352808757089,1.0,0.0
775.7356730355338,2.0,0.0
775.7387484861895,1.0,0.0
775.762357106648,0.0,0.0
775.780719365841,1.0,0.0
775.7917449228379,0.0,0.0
775.8283942898366,1.0,0.0
775.8301262886382,0.0,0.0
775.8570729461672,1.0,0.0
775.8749530971415,0.0,0.0
775.9087364027203,1.0,0.0
775.913484911434,0.0,0.0
775.9562023685021,1.0,0.0
775.9642116040486,0.0,0.0
776.00523614014,1.0,0.0
776.0177274464415,0.0,0.0
776.018184797085,1.0,0.0
776.0232554210908,0.0,0.0
776.0316587938827,1.0,0.0
776.0334558260362,0.0,0.0
776.038425074205,1.0,0.0
776.0449858454882,2.0,0.0
776.0452458630915,3.0,0.0
776.0463101271131,2.0,0.0
776.0763104796683,3.0,0.0
776.08570158606,4.0,0.0
776.0874730829778,5.0,0.0
776.0916918416165,4.0,0.0
776.0947596712664,3.0,0.0
776.144112083752,4.0,0.0
776.1478128351476,5.0,0.0
776.1622367092885,4.0,0.0
776.1799563877768,3.0,0.0
776.1835327799828,2.0,0.0
776.1950004823042,1.0,0.0
776.1981555583237,0.0,0.0
776.2768813229462,1.0,0.0
776.2987789478591,0.0,0.0
776.4117967509817,1.0,0.0
776.4342854587206,2.0,0.0
776.4387051892605,1.0,0.0
776.4407916673333,0.0,0.0
776.5256792948688,1.0,0.0
776.5260703957528,0.0,0.0
776.5563452917795,1.0,0.0
776.5809735955022,2.0,0.0
776.5978394071054,1.0,0.0
776.605595059516,0.0,0.0
776.6547922906512,1.0,0.0
776.672369570372,0.0,0.0
776.6965617351735,1.0,0.0
776.7006634661639,0.0,0.0
776.7538442016983,1.0,0.0
776.7988649304258,0.0,0.0
776.8015796178738,1.0,0.0
776.8085160855665,0.0,0.0
776.8309451317757,1.0,0.0
776.8477295179899,0.0,0.0
776.8946047591346,1.0,0.0
776.8976114724275,2.0,0.0
776.9083011770285,3.0,0.0
776.9194696622749,2.0,0.0
776.9281111928233,1.0,0.0
776.9808771144687,0.0,0.0
777.0003029685678,1.0,0.0
777.0139996997481,0.0,0.0
777.0566939511101,1.0,0.0
777.0603930675927,0.0,0.0
777.1126593116658,1.0,0.0
777.1256847924458,0.0,0.0
777.178101527635,1.0,0.0
777.2004123849969,2.0,0.0
777.2106110300393,1.0,0.0
777.2211593969553,0.0,0.0
777.2265215346849,1.0,0.0
777.236808880859,0.0,0.0
777.3285378113492,1.0,0.0
777.33115315824,0.0,0.0
777.3378263673889,1.0,0.0
777.3509627191082,2.0,0.0
777.390198999102,3.0,0.0
777.3950954509045,2.0,0.0
777.3964110866629,1.0,0.0
777.4010664413412,0.0,0.0
777.4034808888861,1.0,0.0
777.4160284722938,0.0,0.0
777.4368941492402,1.0,0.0
777.4371149086709,0.0,0.0
777.4492521681184,1.0,0.0
777.4598046076711,0.0,0.0
777.4712457309327,1.0,0.0
777.5118827119462,2.0,0.0
777.5158651401506,1.0,0.0
777.5276388257398,0.0,0.0
777.5484571918711,1.0,0.0
777.6108590640448,2.0,0.0
777.6240127411502,1.0,0.0
777.6307024242501,2.0,0.0
777.6345612508356,3.0,0.0
777.6387742147957,2.0,0.0
777.6428829636617,1.0,0.0
777.6475204844496,2.0,0.0
777.6627889984564,3.0,0.0
777.6806583971936,2.0,0.0
777.6913199859958,3.0,0.0
777.7011858712017,2.0,0.0
777.7172527448154,3.0,0.0
777.7470503522586,2.0,0.0
777.7500701864511,3.0,0.0
777.7701999573495,2.0,0.0
777.7714267501739,1.0,0.0
777.7797560905329,2.0,0.0
777.7875625294159,1.0,0.0
777.7998961493887,0.0,0.0
777.8171035302277,1.0,0.0
777.8428362675394,2.0,0.0
777.8473619142039,1.0,0.0
777.9283087036207,0.0,0.0
777.954174715019,1.0,0.0
777.9568929070888,2.0,0.0
777.963783340332,1.0,0.0
777.9962402875474,0.0,0.0
778.0827527487997,1.0,0.0
778.0850375115941,0.0,0.0
778.0873316246311,1.0,0.0
778.0986940662319,2.0,0.0
778.1551223360432,3.0,0.0
778.155972243696,2.0,0.0
778.2009456334707,1.0,0.0
778.2053750969145,2.0,0.0
778.2061884338178,1.0,0.0
778.2149402159989,0.0,0.0
778.224582471747,1.0,0.0
778.2653289810675,2.0,0.0
778.3110829326534,1.0,0.0
778.313999879525,0.0,0.0
778.3181069044803,1.0,0.0
778.3235957590624,2.0,0.0
778.3253663107781,3.0,0.0
778.3330200708025,2.0,0.0
778.3343781228114,1.0,0.0
778.3345423296896,2.0,0.0
778.3415030647765,1.0,0.0
778.3445335830646,2.0,0.0
778.3574455471191,1.0,0.0
778.3640256835938,0.0,0.0
778.4305873152721,1.0,0.0
778.434453422386,0.0,0.0
778.5324415417547,1.0,0.0
778.538267362669,0.0,0.0
778.5543386142913,1.0,0.0
778.5598636500189,2.0,0.0
778.5993714712718,1.0,0.0
778.6145950571528,2.0,0.0
778.619130138019,1.0,0.0
778.6204448153404,0.0,0.0
778.6391855051548,1.0,0.0
778.6411149943203,0.0,0.0
778.7139675441031,1.0,0.0
778.7194881173936,0.0,0.0
778.741612369109,1.0,0.0
778.7445223295604,2.0,0.0
778.7519474304789,3.0,0.0
778.7747313522835,4.0,0.0
778.7844611568605,3.0,0.0
778.7932457959762,2.0,0.0
778.7958636939136,3.0,0.0
778.8043762273859,2.0,0.0
778.8205393019718,3.0,0.0
778.8233948624875,2.0,0.0
778.8294484629283,3.0,0.0
778.8436630839265,4.0,0.0
778.8483218975064,3.0,0.0
778.8491971875753,2.0,0.0
778.8495797730523,1.0,0.0
778.873371969947,2.0,0.0
778.8983471745152,3.0,0.0
778.9019948431358,4.0,0.0
778.9082342155269,3.0,0.0
778.9133784780195,2.0,0.0
778.9437806805769,1.0,0.0
778.9546495588079,0.0,0.0
778.9741044350427,1.0,0.0
778.9813072485179,0.0,0.0
778.9968710379434,1.0,0.0
779.0398180822103,2.0,0.0
779.0443204029474,3.0,0.0
779.0627781632579,2.0,0.0
779.0807861079893,3.0,0.0
779.0827863750534,2.0,0.0
779.1305367290703,3.0,0.0
779.1319801496644,4.0,0.0
779.1363492755612,5.0,0.0
779.1389394323268,4.0,0.0
779.1477285788699,5.0,0.0
779.1497161246378,4.0,0.0
779.1511380486427,3.0,0.0
779.1576594160607,4.0,0.0
779.1816196787972,5.0,0.0
779.1995783162743,6.0,0.0
779.2004974648377,5.0,0.0
779.2019647364984,4.0,0.0
779.2034128087523,5.0,0.0
779.2140437356039,6.0,0.0
779.2214266126551,7.0,0.0
779.2226082319152,8.0,0.0
779.240192644599,7.0,0.0
779.2431050554876,8.0,0.0
779.2544275311545,7.0,0.0
779.2572431947497,8.0,0.0
779.2613555722409,7.0,0.0
779.2662756268794,6.0,0.0
779.2716154398346,5.0,0.0
779.2836553535134,4.0,0.0
779.2884245211691,5.0,0.0
779.2896737841702,4.0,0.0
779.3004149595425,3.0,0.0
779.3067950709296,4.0,0.0
779.3129795356783,5.0,0.0
779.332753434559,6.0,0.0
779.333966508502,5.0,0.0
779.3417769285869,4.0,0.0
779.3469127249036,3.0,0.0
779.3469504563116,4.0,0.0
779.3522870312481,5.0,0.0
779.3543568485292,6.0,0.0
779.3557104876617,7.0,0.0
779.3577050513518,6.0,0.0
779.370247234389,7.0,0.0
779.3714449132308,8.0,0.0
779.3764334983148,9.0,0.0
779.3836003835568,10.0,0.0
779.3949359234566,11.0,0.0
779.3993564527652,10.0,0.0
779.405874790671,11.0,0.0
779.4105371554301,12.0,0.0
779.4147969526158,11.0,0.0
779.418987046236,10.0,0.0
779.4194427891586,9.0,0.0
779.431298169421,10.0,0.0
779.4341150187896,11.0,0.0
779.4428596406476,10.0,0.0
779.4543671594093,9.0,0.0
779.4671596755722,10.0,0.0
779.4714707120033,9.0,0.0
779.4741949585978,8.0,0.0
779.4823128037891,9.0,0.0
779.4872159890153,8.0,0.0
779.4953208858228,7.0,0.0
779.5028056997455,8.0,0.0
779.5051770920672,9.0,0.0
779.5219385681899,10.0,0.0
779.524188166798,11.0,0.0
779.5320483489932,12.0,0.0
779.5327603077214,11.0,0.0
779.5335203919142,12.0,0.0
779.536644677794,13.0,0.0
779.5511280573585,12.0,0.0
779.557838139438,13.0,0.0
779.5616354608717,12.0,0.0
779.5674317510682,11.0,0.0
779.5728692591144,10.0,0.0
779.5756050518128,9.0,0.0
779.5969036224848,8.0,0.0
779.6039201504291,7.0,0.0
779.6342840162906,8.0,0.0
779.6422242980543,7.0,0.0
779.6493098544902,6.0,0.0
779.656081982574,7.0,0.0
779.6567958323568,6.0,0.0
779.6652254769771,7.0,0.0
779.6765774874112,6.0,0.0
779.6799279847194,5.0,0.0
779.6925806045557,6.0,0.0
779.7076776740874,5.0,0.0
779.7094462020414,6.0,0.0
779.7165857896717,7.0,0.0
779.7166603581821,6.0,0.0
779.7249487472762,7.0,0.0
779.7334668486789,6.0,0.0
779.7491725206128,5.0,0.0
779.7507091203161,6.0,0.0
779.7585776210788,7.0,0.0
779.7594494242071,8.0,0.0
779.7598952069126,9.0,0.0
779.7613538349776,8.0,0.0
779.7774255288617,9.0,0.0
779.7777042903953,8.0,0.0
779.7787229355805,9.0,0.0
779.7871026247703,8.0,0.0
779.8162070870359,9.0,0.0
779.8279747729003,8.0,0.0
779.829778587987,9.0,0.0
779.8451080883393,8.0,0.0
779.8453514922625,9.0,0.0
779.8471511399142,8.0,0.0
779.8492712485057,9.0,0.0
779.857383944741,10.0,0.0
779.8669643522722,9.0,0.0
779.8726566596473,8.0,0.0
779.8741234508464,9.0,0.0
779.8759789949519,8.0,0.0
779.8785543679872,7.0,0.0
779.8791986977649,6.0,0.0
779.8808299825517,7.0,0.0
779.9074901036457,6.0,0.0
779.9125516056489,7.0,0.0
779.9255664943931,6.0,0.0
779.926349445145,7.0,0.0
779.9282006764053,6.0,0.0
779.9437852319138,5.0,0.0
779.9455687984057,4.0,0.0
779.9517452784274,5.0,0.0
779.9608021655451,4.0,0.0
779.9618287421036,5.0,0.0
779.9818231252872,6.0,0.0
779.9867687639015,7.0,0.0
779.9867801372606,8.0,0.0
780.0052213629467,7.0,0.0
780.0102311545594,8.0,0.0
780.0139341942697,7.0,0.0
780.0148257421731,8.0,0.0
780.0154213212278,7.0,0.0
780.0273627728843,6.0,0.0
780.0294610028733,5.0,0.0
780.0329774977993,4.0,0.0
780.0365269052849,3.0,0.0
780.0385100280555,2.0,0.0
780.0443258978194,1.0,0.0
780.0534870998908,2.0,0.0
780.0569721742656,3.0,0.0
780.0711270373902,2.0,0.0
780.0817062864386,3.0,0.0
780.1022370815209,4.0,0.0
780.1024517990121,3.0,0.0
780.1085027979605,4.0,0.0
780.115685107642,5.0,0.0
780.121674496504,6.0,0.0
780.1233308108673,7.0,0.0
780.1253475342222,8.0,0.0
780.1304193899341,7.0,0.0
780.1307553846733,6.0,0.0
780.1454964351681,7.0,0.0
780.1479727309151,6.0,0.0
780.1606647261885,7.0,0.0
780.1651710933659,6.0,0.0
780.1711206616116,7.0,0.0
780.1719464130167,8.0,0.0
780.1815814754221,7.0,0.0
780.1840169951533,8.0,0.0
780.1901121450103,7.0,0.0
780.2243252944544,8.0,0.0
780.236147777236,9.0,0.0
780.2426259804481,8.0,0.0
780.243386501787,7.0,0.0
780.2478734991647,6.0,0.0
780.2495803447955,5.0,0.0
780.2536440764611,6.0,0.0
780.2577499732998,7.0,0.0
780.2664299531058,6.0,0.0
780.270075418862,7.0,0.0
780.272418730191,8.0,0.0
780.2846739408193,7.0,0.0
780.2853851877633,8.0,0.0
780.2974032131967,9.0,0.0
780.3001244145692,8.0,0.0
780.30152068915,7.0,0.0
780.3025729001865,8.0,0.0
780.307949097586,9.0,0.0
780.3095772938823,10.0,0.0
780.3141048409703,9.0,0.0
780.3204240396201,10.0,0.0
780.321867800463,9.0,0.0
780.3262406981178,8.0,0.0
780.3292150500491,7.0,0.0
780.3304087891123,8.0,0.0
780.3310632891387,7.0,0.0
780.3360603948242,6.0,0.0
780.3420339266783,5.0,0.0
780.3443118737962,6.0,0.0
780.3449010354839,5.0,0.0
780.3555352978885,4.0,0.0
780.3580153940418,3.0,0.0
780.3582805506916,4.0,0.0
780.3619893836567,3.0,0.0
780.3684866849212,2.0,0.0
780.3690776357715,3.0,0.0
780.3748827987541,2.0,0.0
780.3859340079833,3.0,0.0
780.4109640108678,2.0,0.0
780.4115411980218,3.0,0.0
780.4134284130117,4.0,0.0
780.4168730267676,5.0,0.0
780.4295760831566,4.0,0.0
780.4403620115021,3.0,0.0
780.4448283897486,4.0,0.0
780.4462285004857,5.0,0.0
780.4477455952992,4.0,0.0
780.4552735379166,5.0,0.0
780.4627937088874,6.0,0.0
780.4852162977677,7.0,0.0
780.5007747752749,8.0,0.0
780.5028717280808,9.0,0.0
780.5104141235744,10.0,0.0
780.5242332160656,9.0,0.0
780.5336766438177,10.0,0.0
780.5511082418783,9.0,0.0
780.5619580107744,10.0,0.0
780.5657939567021,9.0,0.0
780.5676826826742,8.0,0.0
780.5697137203849,9.0,0.0
780.5705979632825,10.0,0.0
780.5712153221037,9.0,0.0
780.5782750166802,10.0,0.0
780.5894037494988,11.0,0.0
780.5917427496216,12.0,0.0
780.6024196145044,11.0,0.0
780.6074094233346,10.0,0.0
780.6230084865338,11.0,0.0
780.625629784927,10.0,0.0
780.6300789082849,9.0,0.0
780.6322491560998,10.0,0.0
780.6356858035034,9.0,0.0
780.6375314673134,10.0,0.0
780.6523229580588,11.0,0.0
780.6523907625796,10.0,0.0
780.6576423834518,11.0,0.0
780.6633019392199,10.0,0.0
780.669001204997,9.0,0.0
780.6708913035496,10.0,0.0
780.6766374469449,11.0,0.0
780.6810266884925,10.0,0.0
780.6831213954745,11.0,0.0
780.6890013140345,12.0,0.0
780.6922562350056,13.0,0.0
780.6945928130415,14.0,0.0
780.724159525904,15.0,0.0
780.7369305911856,16.0,0.0
780.7408213162537,17.0,0.0
780.7419815014294,18.0,0.0
780.7551687911258,19.0,0.0
780.7600629455758,20.0,0.0
780.7626639576706,19.0,0.0
780.7667288177588,20.0,0.0
780.7794972222141,19.0,0.0
780.7795782203702,18.0,0.0
780.7818935041657,17.0,0.0
780.7833606956165,16.0,0.0
780.7889927766756,17.0,0.0
780.790491220636,18.0,0.0
780.7983673910755,19.0,0.0
780.8008494365578,18.0,0.0
780.8017183829049,19.0,0.0
780.8025718408385,20.0,0.0
780.8071491196707,19.0,0.0
780.8077685001579,20.0,0.0
780.811090726034,19.0,0.0
780.81506440365,18.0,0.0
780.8259485458586,19.0,0.0
780.8282821241206,18.0,0.0
780.830226714109,19.0,0.0
780.8959261793894,20.0,0.0
780.8960120268644,21.0,0.0
780.9042565046994,22.0,0.0
780.9088754959394,23.0,0.0
780.9095023647668,22.0,0.0
780.9138255603522,21.0,0.0
780.9165017344311,22.0,0.0
780.9255274781765,21.0,0.0
780.9285328068171,22.0,0.0
780.9323893196297,21.0,0.0
780.9426559257787,20.0,0.0
780.9452106958163,19.0,0.0
780.9503053550234,18.0,0.0
780.953501898569,19.0,0.0
780.9589917936944,20.0,0.0
780.9597671099776,19.0,0.0
780.96166815623,20.0,0.0
780.9672438966292,19.0,0.0
780.9719788341852,20.0,0.0
780.9743292208459,21.0,0.0
780.990375100146,20.0,0.0
780.9911119485555,19.0,0.0
780.9948329931249,20.0,0.0
780.9951101099343,21.0,0.0
781.014582415275,22.0,0.0
781.0158855112844,23.0,0.0
781.0261751302909,22.0,0.0
781.0319440828711,23.0,0.0
781.0339539419601,22.0,0.0
781.0371349590513,23.0,0.0
781.0443836126881,22.0,0.0
781.0464504237618,23.0,0.0
781.0473759159149,24.0,0.0
781.0476164071623,23.0,0.0
781.0482298320229,24.0,0.0
781.0633230336505,23.0,0.0
781.0676174892811,24.0,0.0
781.0768361880346,25.0,0.0
781.0786869603875,24.0,0.0
781.0790153370494,25.0,0.0
781.0793628158325,26.0,0.0
781.0884667242775,25.0,0.0
781.0912000422672,24.0,0.0
781.0916141767491,25.0,0.0
781.0975065892853,24.0,0.0
781.1198425458335,23.0,0.0
781.1265987059194,24.0,0.0
781.1306972708865,25.0,0.0
781.1464228306612,26.0,0.0
781.1553303634252,25.0,0.0
781.1620722222904,26.0,0.0
781.16894153937,25.0,0.0
781.1737297357847,24.0,0.0
781.1741863748518,25.0,0.0
781.1793730763306,24.0,0.0
781.1897711170776,23.0,0.0
781.1995503284596,24.0,0.0
781.2042955240513,25.0,0.0
781.2142095606163,24.0,0.0
781.2271954029954,23.0,0.0
781.2289673429349,24.0,0.0
781.2314522832805,23.0,0.0
781.236869209679,22.0,0.0
781.2372429135702,21.0,0.0
781.2402868200933,22.0,0.0
781.2440816032083,23.0,0.0
781.2551808932583,24.0,0.0
781.256636675314,25.0,0.0
781.2569991736794,26.0,0.0
781.2767128183236,27.0,0.0
781.2771425508464,26.0,0.0
781.2873493897689,25.0,0.0
781.2967693851505,24.0,0.0
781.3004341651075,25.0,0.0
781.3093152050582,24.0,0.0
781.3135303360453,25.0,0.0
781.3192582936505,24.0,0.0
781.3227250132558,25.0,0.0
781.3236788176733,24.0,0.0
781.3243208808346,25.0,0.0
781.3302661171025,26.0,0.0
781.3326214132758,25.0,0.0
781.3338739779547,24.0,0.0
781.3393549829876,25.0,0.0
781.3416675558494,24.0,0.0
781.3448247917157,25.0,0.0
781.349782876362,24.0,0.0
781.3498236949115,23.0,0.0
781.3506819703714,24.0,0.0
781.3520066375909,25.0,0.0
781.3661293296374,26.0,0.0
781.3851469714805,25.0,0.0
781.386474690924,24.0,0.0
781.3873403976255,25.0,0.0
781.401792530995,24.0,0.0
781.4142488537987,25.0,0.0
781.428884488084,24.0,0.0
781.4359455163228,23.0,0.0
781.4421984649294,24.0,0.0
781.44327793167,25.0,0.0
781.4453530830833,24.0,0.0
781.4481437895641,25.0,0.0
781.4492826786058,26.0,0.0
781.4568771722504,27.0,0.0
781.4584647601827,28.0,0.0
781.46897898554,27.0,0.0
781.469525807691,26.0,0.0
781.486107281326,27.0,0.0
781.4987177398106,26.0,0.0
781.5023890565172,27.0,0.0
781.5033949158741,28.0,0.0
781.5124150031698,27.0,0.0
781.5139556371586,28.0,0.0
781.5167890329353,27.0,0.0
781.5192284808546,26.0,0.0
781.5325979806097,27.0,0.0
781.5353274080791,28.0,0.0
781.5415232986572,29.0,0.0
781.5565499160961,30.0,0.0
781.5610598467742,29.0,0.0
781.5670679029033,28.0,0.0
781.5729259476838,29.0,0.0
781.5795946383025,30.0,0.0
781.5854974628883,31.0,0.0
781.5869294096507,30.0,0.0
781.5878625346708,31.0,0.0
781.5942137171712,30.0,0.0
781.6036590696039,31.0,0.0
781.6053322967088,32.0,0.0
781.6097742858763,33.0,0.0
781.6109017883507,32.0,0.0
781.6174620226553,31.0,0.0
781.6219450541405,32.0,0.0
781.6263578034243,31.0,0.0
781.6298828594539,32.0,0.0
781.6304493323984,33.0,0.0
781.6307094590072,32.0,0.0
781.6350023082102,31.0,0.0
781.6355633513634,32.0,0.0
781.6364019197025,31.0,0.0
781.6660947514753,32.0,0.0
781.6661446988065,33.0,0.0
781.6688242158017,34.0,0.0
781.6768786923377,33.0,0.0
781.6905781160439,34.0,0.0
781.6909182400458,33.0,0.0
781.6944174849993,34.0,0.0
781.70271941504,35.0,0.0
781.7060291536503,36.0,0.0
781.7087288456447,37.0,0.0
781.7237453582312,38.0,0.0
781.7313341093139,39.0,0.0
781.7313364311717,40.0,0.0
781.735463273042,39.0,0.0
781.7363858889712,40.0,0.0
781.7477896097996,39.0,0.0
781.7508829740093,40.0,0.0
781.7555553552536,41.0,0.0
781.7578226171667,42.0,0.0
781.7615005134372,43.0,0.0
781.7615680685134,44.0,0.0
781.7656947395333,45.0,0.0
781.7671772561138,46.0,0.0
781.7764663898128,47.0,0.0
781.7829630774088,48.0,0.0
781.7905403435128,49.0,0.0
781.8003042540563,48.0,0.0
781.8010137644549,47.0,0.0
781.8043776744612,48.0,0.0
781.8058275820723,47.0,0.0
781.8126701402483,46.0,0.0
781.8161521352725,47.0,0.0
781.8163592193827,48.0,0.0
781.8175977284327,47.0,0.0
781.8188855861346,48.0,0.0
781.8262536935085,49.0,0.0
781.8263845366441,48.0,0.0
781.8318157350319,49.0,0.0
781.8341644222543,48.0,0.0
781.8501979083434,47.0,0.0
781.8511510921016,46.0,0.0
781.8523412477175,47.0,0.0
781.8719471947988,48.0,0.0
781.8737990836928,49.0,0.0
781.8745313212197,50.0,0.0
781.8779189669287,51.0,0.0
781.8870554311785,52.0,0.0
781.8911940123066,53.0,0.0
781.8931603544557,52.0,0.0
781.8968845583782,51.0,0.0
781.8971921991629,52.0,0.0
781.9117581309816,53.0,0.0
781.9137825920466,52.0,0.0
781.9185577955885,53.0,0.0
781.9223474145059,54.0,0.0
781.926255993558,55.0,0.0
781.9266686849224,54.0,0.0
781.9269228709148,55.0,0.0
781.9312898389109,54.0,0.0
781.9365643780302,55.0,0.0
781.93940782177,54.0,0.0
781.9403911643221,53.0,0.0
781.9455827695285,52.0,0.0
781.9492091609004,51.0,0.0
781.953631434944,52.0,0.0
781.9668781058309,51.0,0.0
781.9678817532916,52.0,0.0
781.970007565054,51.0,0.0
781.9761803283492,50.0,0.0
781.983216485157,49.0,0.0
781.9915192073447,48.0,0.0
781.9915642979998,49.0,0.0
781.9926827562113,48.0,0.0
781.9929295392241,47.0,0.0
781.9973725346636,46.0,0.0
782.003664436063,47.0,0.0
782.0068631185615,46.0,0.0
782.0070706585994,45.0,0.0
782.0192221075849,44.0,0.0
782.0199497281001,45.0,0.0
782.0293576694401,46.0,0.0
782.0333886781439,45.0,0.0
782.0416775676833,44.0,0.0
782.0431366637672,45.0,0.0
782.0461855115054,46.0,0.0
782.0669450687525,47.0,0.0
782.0678447714434,46.0,0.0
782.0733767537076,45.0,0.0
782.0806245872129,44.0,0.0
782.0872902513329,45.0,0.0
782.0907392716546,46.0,0.0
782.0914225667385,47.0,0.0
782.0943962752891,48.0,0.0
782.0958822721158,47.0,0.0
782.0972463761603,46.0,0.0
782.1010081069111,47.0,0.0
782.1032289660805,48.0,0.0
782.107317544798,47.0,0.0
782.1097698996881,48.0,0.0
782.1134121887148,49.0,0.0
782.1303303682616,50.0,0.0
782.1534113885236,51.0,0.0
782.1548676404295,50.0,0.0
782.1623815748256,51.0,0.0
782.1625768177056,52.0,0.0
782.1633102946286,51.0,0.0
782.165791788302,50.0,0.0
782.17150643705,49.0,0.0
782.1767624611894,50.0,0.0
782.1780407057814,51.0,0.0
782.1828066264219,52.0,0.0
782.1868679158794,51.0,0.0
782.1896249125092,50.0,0.0
782.1905992580162,51.0,0.0
782.1949738607677,50.0,0.0
782.1998545445398,51.0,0.0
782.2019261156415,52.0,0.0
782.2031556327137,51.0,0.0
782.2140688789987,52.0,0.0
782.2240198854914,51.0,0.0
782.2350043714853,52.0,0.0
782.2373570218839,53.0,0.0
782.246094146667,54.0,0.0
782.2512116728947,55.0,0.0
782.2542802429051,56.0,0.0
782.2551944724271,55.0,0.0
782.2554849135945,56.0,0.0
782.2621666838536,55.0,0.0
782.266670489882,56.0,0.0
782.2685745095957,57.0,0.0
782.2689773863077,56.0,0.0
782.276435833278,57.0,0.0
782.2774746594973,56.0,0.0
782.2937140833369,55.0,0.0
782.2948100208275,56.0,0.0
782.3064009515908,57.0,0.0
782.3193493508968,58.0,0.0
782.3244072669762,59.0,0.0
782.3271744221221,60.0,0.0
782.3379725293973,59.0,0.0
782.3391816427517,60.0,0.0
782.3581607449211,61.0,0.0
782.3644694759447,62.0,0.0
782.3659824730686,63.0,0.0
782.3781292447859,62.0,0.0
782.3879945493902,61.0,0.0
782.388423335319,62.0,0.0
782.3887392385363,63.0,0.0
782.3903819623225,64.0,0.0
782.3906735496475,63.0,0.0
782.3952316274215,64.0,0.0
782.4078377362102,65.0,0.0
782.4186816573937,66.0,0.0
782.4207322765798,65.0,0.0
782.427024858041,66.0,0.0
782.4271647645154,67.0,0.0
782.4328889064082,66.0,0.0
782.4427521702281,65.0,0.0
782.4453688236279,64.0,0.0
782.4489933895933,63.0,0.0
782.4541393639036,64.0,0.0
782.4652204350081,65.0,0.0
782.4721473815662,64.0,0.0
782.4735088592116,63.0,0.0
782.4816294683952,62.0,0.0
782.4832651513913,63.0,0.0
782.4840311877324,62.0,0.0
782.4927719183639,63.0,0.0
782.4962134073842,62.0,0.0
782.5010076561757,61.0,0.0
782.5080947009499,60.0,0.0
782.508713723834,61.0,0.0
782.509751511437,62.0,0.0
782.5185778455638,63.0,0.0
782.522947650712,64.0,0.0
782.5253680806119,63.0,0.0
782.5303438294338,64.0,0.0
782.5357678712089,63.0,0.0
782.542541565604,62.0,0.0
782.546318819471,61.0,0.0
782.5479445308296,60.0,0.0
782.550875418323,61.0,0.0
782.5522182559599,60.0,0.0
782.5530504822518,59.0,0.0
782.5592282192865,58.0,0.0
782.5641160730218,57.0,0.0
782.5653239551044,58.0,0.0
782.5662303172032,59.0,0.0
782.5717626443388,58.0,0.0
782.5751121909342,57.0,0.0
782.5808718782071,58.0,0.0
782.5808893065239,57.0,0.0
782.5826229806897,56.0,0.0
782.5833782896583,55.0,0.0
782.6022448437645,56.0,0.0
782.6107747403374,57.0,0.0
782.6288755018204,56.0,0.0
782.6332963346786,55.0,0.0
782.6361043539308,56.0,0.0
782.6363218650213,55.0,0.0
782.6393296515486,54.0,0.0
782.6456460559119,53.0,0.0
782.6464768813896,54.0,0.0
782.652078250092,55.0,0.0
782.6530076601509,54.0,0.0
782.6558380993237,53.0,0.0
782.6670258257377,54.0,0.0
782.6751246071155,53.0,0.0
782.6863192453521,54.0,0.0
782.6869930681967,55.0,0.0
782.6948283599254,54.0,0.0
782.7020474283471,55.0,0.0
782.7121932016748,54.0,0.0
782.7123339864819,55.0,0.0
782.713228625521,56.0,0.0
782.7297298837202,55.0,0.0
782.7360016838462,54.0,0.0
782.7529268292855,53.0,0.0
782.7542255430087,52.0,0.0
782.7548119488297,51.0,0.0
782.7645820093293,50.0,0.0
782.7695906685593,51.0,0.0
782.7707109007192,50.0,0.0
782.7726240831256,51.0,0.0
782.7794951133303,52.0,0.0
782.7814858730814,51.0,0.0
782.7836352780454,50.0,0.0
782.7855395756494,51.0,0.0
782.7992978026066,50.0,0.0
782.8027430847752,51.0,0.0
782.8084161706083,52.0,0.0
782.8101089856135,51.0,0.0
782.8169347225601,52.0,0.0
782.8247345439046,53.0,0.0
782.825315284253,54.0,0.0
782.8288615957817,55.0,0.0
782.8409975740478,54.0,0.0
782.8432898295797,53.0,0.0
782.8454540880045,54.0,0.0
782.8482783082702,55.0,0.0
782.8516508455187,56.0,0.0
782.8583854852845,57.0,0.0
782.8649656492402,56.0,0.0
782.868776121602,55.0,0.0
782.8696292108934,56.0,0.0
782.8713283042789,55.0,0.0
782.8723517431829,54.0,0.0
782.8779520438552,53.0,0.0
782.8788946324049,52.0,0.0
782.879950704709,51.0,0.0
782.883290481395,50.0,0.0
782.8866363959901,51.0,0.0
782.8889361098763,52.0,0.0
782.893056877414,51.0,0.0
782.8993139755779,52.0,0.0
782.9009677942018,51.0,0.0
782.9162861898136,52.0,0.0
782.9186169685162,51.0,0.0
782.9216974298739,50.0,0.0
782.9233436258612,51.0,0.0
782.9268951441417,52.0,0.0
782.9326693247292,51.0,0.0
782.952820607981,50.0,0.0
782.9577583762997,49.0,0.0
782.96841716644,50.0,0.0
782.9686426746695,49.0,0.0
782.9728895334629,48.0,0.0
782.9779463611103,47.0,0.0
782.9795374185759,46.0,0.0
782.9820533032545,47.0,0.0
782.9866307722036,48.0,0.0
782.987096841956,49.0,0.0
782.9875466048236,50.0,0.0
782.9945252794474,49.0,0.0
782.9980891603668,50.0,0.0
782.9985699454379,51.0,0.0
783.0008205557148,50.0,0.0
783.0093348793866,51.0,0.0
783.0133143227507,50.0,0.0
783.0198035464176,49.0,0.0
783.0262820833773,50.0,0.0
783.0351184576679,49.0,0.0
783.0370300797348,48.0,0.0
783.0392343431132,49.0,0.0
783.0533118078972,48.0,0.0
783.0555595719618,49.0,0.0
783.0567772153327,50.0,0.0
783.0597304980344,51.0,0.0
783.0599026452802,50.0,0.0
783.059904121685,49.0,0.0
783.0604988932301,48.0,0.0
783.0612471535654,47.0,0.0
783.0615740572428,48.0,0.0
783.0703612213719,49.0,0.0
783.0819290881841,50.0,0.0
783.0821621589555,51.0,0.0
783.0863715368627,52.0,0.0
783.0869376055341,53.0,0.0
783.1058837900554,54.0,0.0
783.1073790432237,55.0,0.0
783.1167964312505,54.0,0.0
783.1294034013252,53.0,0.0
783.1311072470222,52.0,0.0
783.1339112766278,53.0,0.0
783.1431350642846,54.0,0.0
783.1611140139223,53.0,0.0
783.1678105005818,54.0,0.0
783.1684086082666,55.0,0.0
783.184806044762,56.0,0.0
783.1856453120554,55.0,0.0
783.194039900223,54.0,0.0
783.1947711773566,53.0,0.0
783.2014559573518,54.0,0.0
783.2017138301994,53.0,0.0
783.2042305507247,52.0,0.0
783.2129906353568,53.0,0.0
783.2184616887897,52.0,0.0
783.2221380586234,53.0,0.0
783.2275050459377,54.0,0.0
783.2467182756889,55.0,0.0
783.2468485361466,56.0,0.0
783.2487812681027,57.0,0.0
783.2515289595134,56.0,0.0
783.262525714858,55.0,0.0
783.2643267274877,54.0,0.0
783.2644572252738,53.0,0.0
783.2750091540302,54.0,0.0
783.2790674235556,55.0,0.0
783.2812892254758,56.0,0.0
783.2854231933187,57.0,0.0
783.2859536634553,56.0,0.0
783.2917565913975,55.0,0.0
783.2926283193403,54.0,0.0
783.2965222841575,55.0,0.0
783.3086779676095,56.0,0.0
783.3093405661075,55.0,0.0
783.315132928217,56.0,0.0
783.3184548374222,55.0,0.0
783.3197673597242,54.0,0.0
783.3213262788424,53.0,0.0
783.3328936933134,54.0,0.0
783.3386562735514,53.0,0.0
783.3472628602393,54.0,0.0
783.3559143317871,55.0,0.0
783.3573541436873,54.0,0.0
783.3672091566103,55.0,0.0
783.3713308760706,56.0,0.0
783.3941720780953,55.0,0.0
783.3948370269943,56.0,0.0
783.402350346398,55.0,0.0
783.4097554577125,54.0,0.0
783.4110643224188,55.0,0.0
783.4325724039518,56.0,0.0
783.4327564289297,55.0,0.0
783.4394305636993,56.0,0.0
783.443843550079,57.0,0.0
783.4489341683832,58.0,0.0
783.4520632397991,59.0,0.0
783.4646163089,60.0,0.0
783.4749731733216,59.0,0.0
783.4780809523878,58.0,0.0
783.4783641790916,57.0,0.0
783.4790528628073,56.0,0.0
783.4835214523322,57.0,0.0
783.4864802226059,56.0,0.0
783.4878960291446,57.0,0.0
783.4884508698906,56.0,0.0
783.4941421914094,55.0,0.0
783.4949922264448,54.0,0.0
783.5076387426352,55.0,0.0
783.5107444525541,54.0,0.0
783.5148083772333,55.0,0.0
783.5295078768495,54.0,0.0
783.5438536164514,55.0,0.0
783.5473548457802,56.0,0.0
783.5485933343983,55.0,0.0
783.55089834812,56.0,0.0
783.5576205961052,57.0,0.0
783.5622161320912,58.0,0.0
783.5727269972024,57.0,0.0
783.5762617245344,56.0,0.0
783.5886942173036,57.0,0.0
783.5897383189395,58.0,0.0
783.5903975063078,59.0,0.0
783.5915199399774,60.0,0.0
783.5952489386151,59.0,0.0
783.5972469885916,60.0,0.0
783.6096584488857,59.0,0.0
783.6142707941065,60.0,0.0
783.6168474882816,59.0,0.0
783.6261539515226,58.0,0.0
783.6277694956932,57.0,0.0
783.627957972705,56.0,0.0
783.6299373592727,57.0,0.0
783.6356851460474,58.0,0.0
783.6367028097762,57.0,0.0
783.638676730261,58.0,0.0
783.6422453746652,57.0,0.0
783.6425929085896,58.0,0.0
783.6434075372816,59.0,0.0
783.6620977022794,60.0,0.0
783.6723233947192,61.0,0.0
783.6745794166806,62.0,0.0
783.6749661598506,61.0,0.0
783.6797268120979,62.0,0.0
783.6835535023708,63.0,0.0
783.6847681104232,64.0,0.0
783.6867026940038,65.0,0.0
783.69075028429,66.0,0.0
783.694495274003,67.0,0.0
783.699774399556,68.0,0.0
783.7082655625271,69.0,0.0
783.7123304348489,70.0,0.0
783.7127536861078,71.0,0.0
783.7180410200992,72.0,0.0
783.7231566150973,71.0,0.0
783.7248747399024,72.0,0.0
783.729430599238,73.0,0.0
783.7453274085467,74.0,0.0
783.7497961542135,75.0,0.0
783.7685785079293,76.0,0.0
783.7719486243078,77.0,0.0
783.7789699695504,78.0,0.0
783.7847466704866,77.0,0.0
783.7858434624267,78.0,0.0
783.7895617411745,79.0,0.0
783.7923894480791,78.0,0.0
783.804532720202,79.0,0.0
783.8116260302562,80.0,0.0
783.820549228651,79.0,0.0
783.846870669034,80.0,0.0
783.8637237387125,81.0,0.0
783.8695829140742,80.0,0.0
783.873383380165,81.0,0.0
783.8743051519734,82.0,0.0
783.8754585463656,81.0,0.0
783.8851867530833,82.0,0.0
783.8864691102776,83.0,0.0
783.8889174703976,84.0,0.0
783.8907152410189,85.0,0.0
783.9016275875496,84.0,0.0
783.9109494122836,85.0,0.0
783.9232147716033,86.0,0.0
783.9336411544688,85.0,0.0
783.9343306815039,86.0,0.0
783.9359925208295,85.0,0.0
783.9382499728392,86.0,0.0
783.951314819501,85.0,0.0
783.959210763057,84.0,0.0
783.9602605719289,85.0,0.0
783.9656045263318,86.0,0.0
783.9766869540556,87.0,0.0
783.9782108222237,86.0,0.0
783.9874719606178,85.0,0.0
783.9874840736866,86.0,0.0
783.9893650349279,87.0,0.0
783.9935956526708,86.0,0.0
784.0023265265056,85.0,0.0
784.0068216329533,84.0,0.0
784.0073333341503,85.0,0.0
784.0178876484788,84.0,0.0
784.026284115656,83.0,0.0
784.0320333107092,84.0,0.0
784.048799364632,85.0,0.0
784.054556117301,86.0,0.0
784.0594926802859,87.0,0.0
784.0663244470253,88.0,0.0
784.0803984891278,89.0,0.0
784.0847241406387,88.0,0.0
784.0954768923783,89.0,0.0
784.0997782976068,90.0,0.0
784.0998701888203,89.0,0.0
784.1015671949272,88.0,0.0
784.1040564847397,87.0,0.0
784.1058934506912,86.0,0.0
784.1075460534408,85.0,0.0
784.1078406765706,86.0,0.0
784.109697584827,87.0,0.0
784.1125712716857,88.0,0.0
784.1216997438243,89.0,0.0
784.1390971811732,88.0,0.0
784.1502758631353,89.0,0.0
784.1559728256715,90.0,0.0
784.1587696127024,89.0,0.0
784.1732419810928,90.0,0.0
784.1767416380542,89.0,0.0
784.1774049411695,90.0,0.0
784.1922674499967,89.0,0.0
784.1937742601389,90.0,0.0
784.2024858696537,89.0,0.0
784.2031046602482,90.0,0.0
784.2092339608823,91.0,0.0
784.2100985257355,90.0,0.0
784.2114340519812,91.0,0.0
784.2178785377741,92.0,0.0
784.2251068384801,93.0,0.0
784.2292188637286,94.0,0.0
784.2383248205585,95.0,0.0
784.2497238318405,94.0,0.0
784.2526859266176,95.0,0.0
784.2530172394439,96.0,0.0
784.2545432936251,95.0,0.0
784.2597477794999,96.0,0.0
784.2609651363308,97.0,0.0
784.2752718213487,96.0,0.0
784.2808036031072,95.0,0.0
784.2853091237187,94.0,0.0
784.2974845305023,95.0,0.0
784.3023756545529,96.0,0.0
784.3034604431489,97.0,0.0
784.3056213870874,96.0,0.0
784.3059611899415,97.0,0.0
784.3084614091697,96.0,0.0
784.3108516839422,95.0,0.0
784.3133315827079,96.0,0.0
784.3157349926572,97.0,0.0
784.3200274299378,98.0,0.0
784.3251009392169,97.0,0.0
784.3273731909234,96.0,0.0
784.3338576292768,95.0,0.0
784.339232986415,96.0,0.0
784.3408788726175,95.0,0.0
784.3464221129395,94.0,0.0
784.3525691237624,93.0,0.0
784.3530851208039,94.0,0.0
784.3615573833183,95.0,0.0
784.3623824377283,96.0,0.0
784.3636793810184,97.0,0.0
784.3652523214972,96.0,0.0
784.3666668771856,95.0,0.0
784.3778084543641,94.0,0.0
784.3812637908368,95.0,0.0
784.400881891009,96.0,0.0
784.403731431586,95.0,0.0
784.4079695450763,96.0,0.0
784.4100695221216,97.0,0.0
784.422884392855,98.0,0.0
784.4259114032841,97.0,0.0
784.4265017949572,98.0,0.0
784.4305931561256,99.0,0.0
784.4349744284877,98.0,0.0
784.4449821370963,97.0,0.0
784.446819552478,96.0,0.0
784.4531190671779,95.0,0.0
784.4541553300093,96.0,0.0
784.4568942249448,97.0,0.0
784.4605667715394,98.0,0.0
784.4663894296269,99.0,0.0
784.4688983810815,100.0,0.0
784.4735471989675,101.0,0.0
784.4830671291741,102.0,0.0
784.4870851085205,101.0,0.0
784.4898043912926,100.0,0.0
784.4901022410519,99.0,0.0
784.5007222880441,98.0,0.0
784.5014041878209,99.0,0.0
784.5067877908774,98.0,0.0
784.5107762639415,99.0,0.0
784.5127460955156,98.0,0.0
784.5209557117411,99.0,0.0
784.5216074561783,98.0,0.0
784.5266638111543,99.0,0.0
784.5312252739196,98.0,0.0
784.5400609360013,97.0,0.0
784.5453612405087,96.0,0.0
784.5548434155955,95.0,0.0
784.5554790337593,94.0,0.0
784.5615382651184,95.0,0.0
784.5683055399957,96.0,0.0
784.5740545661887,97.0,0.0
784.5748956478244,98.0,0.0
784.5756632539908,97.0,0.0
784.5796028158488,96.0,0.0
784.5869130288069,95.0,0.0
784.6052347506281,94.0,0.0
784.612646624552,95.0,0.0
784.6152108284463,96.0,0.0
784.6279004176657,97.0,0.0
784.6336148060376,96.0,0.0
784.644127658321,97.0,0.0
784.6462655177778,96.0,0.0
784.6559973008933,95.0,0.0
784.6637266359583,94.0,0.0
784.6684744831231,93.0,0.0
784.6688065623424,92.0,0.0
784.6817532573543,93.0,0.0
784.6829321751759,94.0,0.0
784.6876262613944,95.0,0.0
784.7155334706794,96.0,0.0
784.7208274376162,95.0,0.0
784.729923322955,94.0,0.0
784.7352378555648,95.0,0.0
784.7360709676802,96.0,0.0
784.7393148213063,95.0,0.0
784.7423189804816,96.0,0.0
784.7451154808049,97.0,0.0
784.7460470360065,96.0,0.0
784.75805259856,97.0,0.0
784.7598576097932,98.0,0.0
784.7651311898561,97.0,0.0
784.7739987011388,98.0,0.0
784.7828607222247,97.0,0.0
784.783701304782,96.0,0.0
784.7932202277666,95.0,0.0
784.8000797310644,94.0,0.0
784.8008870282622,93.0,0.0
784.80134083956,92.0,0.0
784.8117170841997,93.0,0.0
784.813850699616,94.0,0.0
784.8151145500308,93.0,0.0
784.8187620785799,92.0,0.0
784.8252227673078,93.0,0.0
784.8283724874639,92.0,0.0
784.830887047826,93.0,0.0
784.844614446027,94.0,0.0
784.8521893631552,95.0,0.0
784.8535503119815,96.0,0.0
784.855105090756,95.0,0.0
784.8552558637084,94.0,0.0
784.8649560840405,93.0,0.0
784.8653653821341,94.0,0.0
784.8659613931133,95.0,0.0
784.8724797207822,94.0,0.0
784.8745322127678,93.0,0.0
784.8776398977992,92.0,0.0
784.8904687222565,93.0,0.0
784.8957954497338,94.0,0.0
784.9049661542454,95.0,0.0
784.9163901047095,96.0,0.0
784.9167231363379,97.0,0.0
784.9199388774878,98.0,0.0
784.9204832633163,99.0,0.0
784.9225724770678,100.0,0.0
784.9240924011168,99.0,0.0
784.9247885259467,98.0,0.0
784.9295530593652,99.0,0.0
784.9332089770926,98.0,0.0
784.9431997400446,97.0,0.0
784.9440742728485,98.0,0.0
784.9454184909572,97.0,0.0
784.9537612713382,96.0,0.0
784.959498444283,97.0,0.0
784.9597435963868,98.0,0.0
784.9605883258597,97.0,0.0
784.9621575959355,96.0,0.0
784.9641286492572,97.0,0.0
784.9695951775652,98.0,0.0
784.9795741756614,97.0,0.0
784.9821393473698,96.0,0.0
784.9834377741703,95.0,0.0
784.9890284016797,96.0,0.0
784.9931933391949,97.0,0.0
784.9963662943765,98.0,0.0
785.0055156212311,99.0,0.0
785.0215253060867,98.0,0.0
785.0256505468745,97.0,0.0
785.0269651676853,96.0,0.0
785.0274422320514,97.0,0.0
785.0300971108659,98.0,0.0
785.0400702028708,97.0,0.0
785.0449700586535,98.0,0.0
785.0642632071805,99.0,0.0
785.0700932937262,98.0,0.0
785.0761048313994,99.0,0.0
785.0814397580073,100.0,0.0
785.0827327565632,101.0,0.0
785.0895332314028,100.0,0.0
785.0896284388351,99.0,0.0
785.0902044943459,100.0,0.0
785.0908608545809,101.0,0.0
785.0908785891597,100.0,0.0
785.0917425828565,101.0,0.0
785.1005501525041,100.0,0.0
785.1017983657583,101.0,0.0
785.1032598282281,100.0,0.0
785.1148302325585,99.0,0.0
785.1184645037221,100.0,0.0
785.1205843073948,99.0,0.0
785.1269312139757,100.0,0.0
785.1447658897429,99.0,0.0
785.1594636233266,100.0,0.0
785.1619815816961,99.0,0.0
785.16920483108,100.0,0.0
785.1711192845831,99.0,0.0
785.189021904318,98.0,0.0
785.1912072622956,97.0,0.0
785.1932335617248,96.0,0.0
785.1984915278283,95.0,0.0
785.1990654179353,94.0,0.0
785.2003961955493,93.0,0.0
785.2108548325009,92.0,0.0
785.2182765924135,91.0,0.0
785.2199546818827,90.0,0.0
785.2200551846956,89.0,0.0
785.2226378847881,90.0,0.0
785.2226799190425,89.0,0.0
785.2247318983697,88.0,0.0
785.2283515612977,87.0,0.0
785.2325472109632,88.0,0.0
785.2357326258907,89.0,0.0
785.2463622721746,90.0,0.0
785.2500260289686,89.0,0.0
785.2502075451536,90.0,0.0
785.2557965699735,91.0,0.0
785.2576275903559,90.0,0.0
785.2694669182516,89.0,0.0
785.2785701028191,90.0,0.0
785.2806406261817,89.0,0.0
785.2849295679448,90.0,0.0
785.2932267073644,91.0,0.0
785.3001216423726,90.0,0.0
785.3215078627617,91.0,0.0
785.3234772135621,90.0,0.0
785.3234914795992,89.0,0.0
785.3281399783214,90.0,0.0
785.3513313328832,89.0,0.0
785.373909129347,90.0,0.0
785.3913659952389,91.0,0.0
785.3983607301474,92.0,0.0
785.4037036327546,91.0,0.0
785.4057384555996,90.0,0.0
785.4135594355614,89.0,0.0
785.4197331678828,90.0,0.0
785.4286743290369,91.0,0.0
785.4296474480606,90.0,0.0
785.4329336619193,91.0,0.0
785.4356324296488,92.0,0.0
785.4356850483734,93.0,0.0
785.4395145050835,94.0,0.0
785.4412701847523,95.0,0.0
785.442548545412,94.0,0.0
785.4538359851897,95.0,0.0
785.4575823408077,94.0,0.0
785.4662764613943,93.0,0.0
785.4828939507842,94.0,0.0
785.4867586047727,93.0,0.0
785.4942603216739,92.0,0.0
785.4968026480639,91.0,0.0
785.5114455580447,90.0,0.0
785.5120719456721,89.0,0.0
785.5142099849754,90.0,0.0
785.515811081909,89.0,0.0
785.5223438645659,90.0,0.0
785.5269507983749,91.0,0.0
785.534497140332,90.0,0.0
785.5383145897282,91.0,0.0
785.5522824150347,92.0,0.0
785.5527921229143,93.0,0.0
785.5562088477856,92.0,0.0
785.5608121039734,93.0,0.0
785.5657859313809,92.0,0.0
785.5750767462788,93.0,0.0
785.575591869369,94.0,0.0
785.5759414926979,93.0,0.0
785.5857011475266,92.0,0.0
785.5864622161062,91.0,0.0
785.5868980178433,92.0,0.0
785.5941088129123,93.0,0.0
785.596841988422,92.0,0.0
785.5969474626276,93.0,0.0
785.5991449885854,92.0,0.0
785.5999070704862,91.0,0.0
785.6121407462587,90.0,0.0
785.6134808199195,89.0,0.0
785.6152533218415,90.0,0.0
785.6205707341218,91.0,0.0
785.6226992609335,92.0,0.0
785.6355240485153,91.0,0.0
785.6477728250611,90.0,0.0
785.6540256441925,91.0,0.0
785.6669588681451,92.0,0.0
785.667686263228,91.0,0.0
785.674168903512,90.0,0.0
785.6750166730295,91.0,0.0
785.6862327979703,92.0,0.0
785.6863024503538,93.0,0.0
785.6870430549824,92.0,0.0
785.6994262696544,93.0,0.0
785.7003827803828,92.0,0.0
785.7005237714388,91.0,0.0
785.7154800124741,90.0,0.0
785.7208916952177,91.0,0.0
785.7295940837633,92.0,0.0
785.7309657005203,91.0,0.0
785.7443996782162,92.0,0.0
785.744892557134,93.0,0.0
785.7473313908807,94.0,0.0
785.7530247894357,93.0,0.0
785.755974160622,94.0,0.0
785.7581997782858,95.0,0.0
785.7603083824919,94.0,0.0
785.7609930038626,95.0,0.0
785.7684499791493,94.0,0.0
785.7715137684655,95.0,0.0
785.7801799477913,96.0,0.0
785.7811865410081,95.0,0.0
785.7817462758874,96.0,0.0
785.7837333819388,95.0,0.0
785.7905299973961,96.0,0.0
785.8148707828266,97.0,0.0
785.8164601937226,98.0,0.0
785.8182347420392,99.0,0.0
785.8256230377007,98.0,0.0
785.8290940301445,97.0,0.0
785.8293285478857,96.0,0.0
785.8307442069045,97.0,0.0
785.8336928070773,98.0,0.0
785.8368932823461,97.0,0.0
785.8370677266003,96.0,0.0
785.8390689637995,95.0,0.0
785.8397819321325,96.0,0.0
785.8471447771585,95.0,0.0
785.8514476616501,94.0,0.0
785.8599581526101,95.0,0.0
785.8610580681326,96.0,0.0
785.8637267091,95.0,0.0
785.869774263223,94.0,0.0
785.8737356998682,93.0,0.0
785.8805828876133,92.0,0.0
785.8862585144213,91.0,0.0
785.8896139977401,92.0,0.0
785.8934473970331,93.0,0.0
785.8951059735408,94.0,0.0
785.895972597187,95.0,0.0
785.8971444656232,94.0,0.0
785.8973326402271,95.0,0.0
785.8995507745979,96.0,0.0
785.901539770783,97.0,0.0
785.9106352317818,96.0,0.0
785.9134369333584,95.0,0.0
785.9244492163702,94.0,0.0
785.9258528233128,93.0,0.0
785.9283069904357,92.0,0.0
785.9286027668658,91.0,0.0
785.9350145106738,92.0,0.0
785.9383725170682,93.0,0.0
785.9563343360658,94.0,0.0
785.9573779866134,95.0,0.0
785.9603830159583,94.0,0.0
785.9788604479952,93.0,0.0
785.989589099095,94.0,0.0
786.0002320690356,93.0,0.0
786.0249338082516,94.0,0.0
786.0323985959234,93.0,0.0
786.0372056058477,92.0,0.0
786.0388383570464,93.0,0.0
786.0453615815721,94.0,0.0
786.048502458688,93.0,0.0
786.0514586034355,92.0,0.0
786.0577258040156,93.0,0.0
786.0606981901414,94.0,0.0
786.0649320868372,95.0,0.0
786.0659437624972,94.0,0.0
786.0747545422579,95.0,0.0
786.081298173189,94.0,0.0
786.0903017845268,95.0,0.0
786.0916055369848,94.0,0.0
786.0916724836753,93.0,0.0
786.1043218836476,92.0,0.0
786.1085900130627,91.0,0.0
786.1173902597939,92.0,0.0
786.1176756704575,91.0,0.0
786.1178377595621,90.0,0.0
786.1275073680233,89.0,0.0
786.1283484639943,88.0,0.0
786.1291293118468,87.0,0.0
786.1356164085463,86.0,0.0
786.1382155248367,85.0,0.0
786.1480035616945,84.0,0.0
786.1486119063754,83.0,0.0
786.1494079152477,84.0,0.0
786.1549905499141,85.0,0.0
786.1571754684194,84.0,0.0
786.1594794130501,85.0,0.0
786.1735968957541,84.0,0.0
786.1930911996707,85.0,0.0
786.2006206200637,86.0,0.0
786.2073399975618,85.0,0.0
786.2140543463973,84.0,0.0
786.2200071584086,85.0,0.0
786.2278845251534,86.0,0.0
786.2338159564378,87.0,0.0
786.2355554228541,86.0,0.0
786.2427416552935,85.0,0.0
786.248300723216,86.0,0.0
786.2497413447215,85.0,0.0
786.2572857648385,86.0,0.0
786.2574787928447,87.0,0.0
786.2714985921223,88.0,0.0
786.2823628943898,89.0,0.0
786.2832761430998,88.0,0.0
786.2888099702606,87.0,0.0
786.2937562444182,88.0,0.0
786.3118768363379,89.0,0.0
786.3198283061904,90.0,0.0
786.3306632323338,91.0,0.0
786.3366732474212,90.0,0.0
786.3380726478495,91.0,0.0
786.3439859014472,90.0,0.0
786.3534544128079,89.0,0.0
786.3553005622402,90.0,0.0
786.3559449794051,89.0,0.0
786.357971194246,88.0,0.0
786.3686644778409,87.0,0.0
786.3719343801846,88.0,0.0
786.3790695649369,89.0,0.0
786.3893203754604,88.0,0.0
786.3905226026694,89.0,0.0
786.398275290099,88.0,0.0
786.4009210908358,87.0,0.0
786.4030703387216,88.0,0.0
786.4193571390683,87.0,0.0
786.4225495309634,88.0,0.0
786.4229704744207,89.0,0.0
786.4256225772833,90.0,0.0
786.4339014194272,91.0,0.0
786.4462454436106,90.0,0.0
786.4478554188751,91.0,0.0
786.4497088995196,92.0,0.0
786.4563659814625,91.0,0.0
786.4613228138445,92.0,0.0
786.46564540259,91.0,0.0
786.4748799509607,92.0,0.0
786.476263693894,93.0,0.0
786.4766681503769,92.0,0.0
786.4870122967832,91.0,0.0
786.4972461306464,90.0,0.0
786.5010168600786,89.0,0.0
786.5042096203846,90.0,0.0
786.5068996720395,89.0,0.0
786.5202853529154,90.0,0.0
786.526537700188,91.0,0.0
786.5315890401362,92.0,0.0
786.5338464430059,93.0,0.0
786.5413665621273,94.0,0.0
786.5445593442257,93.0,0.0
786.5528583141918,92.0,0.0
786.5650624633756,91.0,0.0
786.5651192639824,92.0,0.0
786.5682340105525,93.0,0.0
786.5805658785727,92.0,0.0
786.5886570242069,91.0,0.0
786.5934923999179,92.0,0.0
786.5966300197794,93.0,0.0
786.6138294170495,92.0,0.0
786.626469835348,93.0,0.0
786.6289238817916,92.0,0.0
786.6344823556735,93.0,0.0
786.6397855059182,92.0,0.0
786.6399229700837,93.0,0.0
786.6506771440115,94.0,0.0
786.6602815335834,93.0,0.0
786.6618884122587,94.0,0.0
786.6622445900406,95.0,0.0
786.6680527545035,94.0,0.0
786.6745984198617,93.0,0.0
786.6768317044138,94.0,0.0
786.6814631772872,93.0,0.0
786.685544379337,92.0,0.0
786.6912674471453,93.0,0.0
786.6987067334437,94.0,0.0
786.6995367158997,95.0,0.0
786.7133011361369,94.0,0.0
786.7378019961559,95.0,0.0
786.7387137493923,94.0,0.0
786.7417307541633,93.0,0.0
786.7545665844701,94.0,0.0
786.7626333369784,93.0,0.0
786.7931133442785,92.0,0.0
786.8018746157453,91.0,0.0
786.8027593676312,92.0,0.0
786.8092247458638,91.0,0.0
786.8118862247403,90.0,0.0
786.8194649082462,91.0,0.0
786.8206236774122,92.0,0.0
786.8213251214635,91.0,0.0
786.8217311909465,90.0,0.0
786.8295189076762,89.0,0.0
786.8313959892571,90.0,0.0
786.8314553445251,89.0,0.0
786.8336296938726,88.0,0.0
786.8398041436077,89.0,0.0
786.8461595320831,88.0,0.0
786.85495358435,89.0,0.0
786.8578249420401,90.0,0.0
786.8619524052947,89.0,0.0
786.8870031403932,90.0,0.0
786.8941943043546,91.0,0.0
786.8950296657287,92.0,0.0
786.8980422167458,91.0,0.0
786.9080139544799,92.0,0.0
786.9141702473075,93.0,0.0
786.9166404644312,92.0,0.0
786.9198010205041,93.0,0.0
786.929687317927,92.0,0.0
786.9345275335435,93.0,0.0
786.9357659598375,94.0,0.0
786.9398754864623,95.0,0.0
786.9443589627956,96.0,0.0
786.9452795853514,95.0,0.0
786.949070251405,96.0,0.0
786.9536468388634,95.0,0.0
786.9536884677794,96.0,0.0
786.9548904559894,95.0,0.0
786.9549539520121,94.0,0.0
786.9607080386534,93.0,0.0
786.9643421620439,94.0,0.0
786.9723264028487,95.0,0.0
786.9766639746323,94.0,0.0
786.9777355442078,93.0,0.0
786.9877520969342,92.0,0.0
786.9902567842238,91.0,0.0
786.9944199070211,92.0,0.0
786.9975246867608,91.0,0.0
786.9975767273361,92.0,0.0
787.0022041245381,91.0,0.0
787.0041932351146,90.0,0.0
787.0141065132441,89.0,0.0
787.0257651729296,88.0,0.0
787.0354946228995,89.0,0.0
787.0413669542374,88.0,0.0
787.0423937113353,87.0,0.0
787.0484015943404,86.0,0.0
787.0501242733992,87.0,0.0
787.054313713967,88.0,0.0
787.0547990588133,87.0,0.0
787.0584055439401,88.0,0.0
787.0599793074404,87.0,0.0
787.0679171631292,86.0,0.0
787.0864622543627,87.0,0.0
787.0882037092799,86.0,0.0
787.1186168192846,85.0,0.0
787.1241906889486,86.0,0.0
787.1391818745706,85.0,0.0
787.1609649709062,84.0,0.0
787.1639973858021,85.0,0.0
787.1706443367025,86.0,0.0
787.177605777337,85.0,0.0
787.1820849386644,84.0,0.0
787.1830185452061,83.0,0.0
787.1884591993288,82.0,0.0
787.1910687784009,81.0,0.0
787.2016725355903,80.0,0.0
787.2031019322709,79.0,0.0
787.2040310307747,78.0,0.0
787.209275467181,77.0,0.0
787.2194481418921,78.0,0.0
787.2295889810578,79.0,0.0
787.2349079546552,80.0,0.0
787.24083675703,79.0,0.0
787.2410276999108,78.0,0.0
787.247107340244,79.0,0.0
787.2500695957847,78.0,0.0
787.2551801217868,79.0,0.0
787.2558542820457,78.0,0.0
787.2649497157425,77.0,0.0
787.2711628040399,78.0,0.0
787.2727857332978,79.0,0.0
787.2729581474972,80.0,0.0
787.2826400340507,79.0,0.0
787.299765687192,80.0,0.0
787.3036736403262,79.0,0.0
787.3056649322832,78.0,0.0
787.311577055251,79.0,0.0
787.3236265228817,78.0,0.0
787.3347929936206,79.0,0.0
787.3371362173326,78.0,0.0
787.3387664541256,79.0,0.0
787.3447197596649,78.0,0.0
787.3537825952496,79.0,0.0
787.3692947421254,78.0,0.0
787.3733303093356,79.0,0.0
787.3824888558654,78.0,0.0
787.385078048866,79.0,0.0
787.3983579805596,80.0,0.0
787.3987436751127,81.0,0.0
787.4079804863563,80.0,0.0
787.4269243676488,79.0,0.0
787.4276462669822,80.0,0.0
787.432179458117,79.0,0.0
787.4431977251077,80.0,0.0
787.454344505936,81.0,0.0
787.46340270785,82.0,0.0
787.4638321279181,83.0,0.0
787.4678010875925,84.0,0.0
787.4688971171868,83.0,0.0
787.4704408698188,82.0,0.0
787.4752684761316,83.0,0.0
787.4845316037013,84.0,0.0
787.4974888375756,85.0,0.0
787.497792341647,84.0,0.0
787.504688230817,85.0,0.0
787.5079569972581,86.0,0.0
787.511762899489,85.0,0.0
787.5155502451165,86.0,0.0
787.5203495225868,87.0,0.0
787.532048123434,86.0,0.0
787.5336558530953,85.0,0.0
787.5395111147064,84.0,0.0
787.544652910559,83.0,0.0
787.5511407664876,82.0,0.0
787.5526510545789,81.0,0.0
787.5611574315341,82.0,0.0
787.5718226731378,83.0,0.0
787.576019326314,84.0,0.0
787.576046287257,85.0,0.0
787.5884052254115,86.0,0.0
787.619416926881,87.0,0.0
787.6247226932616,88.0,0.0
787.631954313974,87.0,0.0
787.6323078615333,86.0,0.0
787.6334680764854,85.0,0.0
787.6337894179726,84.0,0.0
787.6416042010998,83.0,0.0
787.6475785376568,82.0,0.0
787.6558957092941,81.0,0.0
787.6577342255978,82.0,0.0
787.6605313135012,83.0,0.0
787.6608770794973,82.0,0.0
787.665898963697,81.0,0.0
787.6663418570972,82.0,0.0
787.667769905736,81.0,0.0
787.6736024044355,80.0,0.0
787.6752855463914,79.0,0.0
787.6803025911238,78.0,0.0
787.6864326662537,77.0,0.0
787.7036551829914,78.0,0.0
787.7066335387743,77.0,0.0
787.7096410645167,76.0,0.0
787.7110000653765,77.0,0.0
787.7253368817201,78.0,0.0
787.7288235346603,77.0,0.0
787.7321895232478,78.0,0.0
787.7760777559173,77.0,0.0
787.7929967497481,76.0,0.0
787.7975573235833,75.0,0.0
787.8016140494236,76.0,0.0
787.8041142321749,75.0,0.0
787.8047232224857,76.0,0.0
787.8152242275074,75.0,0.0
787.817558090749,74.0,0.0
787.8277535640785,73.0,0.0
787.8376856752693,72.0,0.0
787.8575273342481,71.0,0.0
787.8719372591094,72.0,0.0
787.8764720264597,73.0,0.0
787.8776304126543,74.0,0.0
787.8853108391161,73.0,0.0
787.8860955020347,74.0,0.0
787.88639608483,73.0,0.0
787.8931756819564,74.0,0.0
787.8945354224048,75.0,0.0
787.9072840664054,74.0,0.0
787.9192788554467,75.0,0.0
787.9206266933751,76.0,0.0
787.9395906182656,75.0,0.0
787.9462160509303,76.0,0.0
787.95031697358,77.0,0.0
787.9506234262687,76.0,0.0
787.9562320432626,75.0,0.0
787.9592878718945,74.0,0.0
787.9599281022786,75.0,0.0
787.9657323054864,74.0,0.0
787.9696411708358,73.0,0.0
787.9839357745011,72.0,0.0
787.9901355948139,73.0,0.0
787.9998282864474,74.0,0.0
788.0029496409659,75.0,0.0
788.0317839811894,74.0,0.0
788.036964105714,75.0,0.0
788.0422413371881,74.0,0.0
788.0541007313576,75.0,0.0
788.0602452199752,76.0,0.0
788.0679974339869,77.0,0.0
788.0705987136187,76.0,0.0
788.0707516896605,75.0,0.0
788.0728415024985,74.0,0.0
788.0807964741537,73.0,0.0
788.0841395523197,74.0,0.0
788.0881593048996,73.0,0.0
788.0899680363774,72.0,0.0
788.0935691798352,71.0,0.0
788.1001204768341,72.0,0.0
788.1041449457148,73.0,0.0
788.1048620067284,72.0,0.0
788.1052149739578,71.0,0.0
788.1064751149075,70.0,0.0
788.1090704214857,71.0,0.0
788.1163290309654,70.0,0.0
788.1167256808213,69.0,0.0
788.1197185974695,68.0,0.0
788.1298704725879,69.0,0.0
788.142475922525,70.0,0.0
788.1453657832895,69.0,0.0
788.1506277041894,70.0,0.0
788.1538853950403,69.0,0.0
788.160297151782,68.0,0.0
788.1651939447097,67.0,0.0
788.1703549038098,68.0,0.0
788.1793650112818,67.0,0.0
788.18513505843,66.0,0.0
788.1878586712136,67.0,0.0
788.1941443124458,68.0,0.0
788.1954799669459,69.0,0.0
788.1989877092875,70.0,0.0
788.2230019428308,69.0,0.0
788.2244273723263,70.0,0.0
788.225268771447,69.0,0.0
788.2363756786589,70.0,0.0
788.2393024653518,71.0,0.0
788.246777424824,70.0,0.0
788.252472841099,69.0,0.0
788.2543304682378,68.0,0.0
788.2558157172758,69.0,0.0
788.2599070004075,68.0,0.0
788.2657611865432,67.0,0.0
788.2714344866091,68.0,0.0
788.2736328102792,67.0,0.0
788.2750060335912,66.0,0.0
788.2813812826951,67.0,0.0
788.2878113933392,68.0,0.0
788.2925545821721,67.0,0.0
788.2949825721477,66.0,0.0
788.3088414747352,65.0,0.0
788.3102407013444,66.0,0.0
788.3157797827909,67.0,0.0
788.3241303943215,66.0,0.0
788.3316111990358,65.0,0.0
788.336115404716,64.0,0.0
788.3407745225591,65.0,0.0
788.3446708741442,64.0,0.0
788.3479746230582,65.0,0.0
788.3481666751286,66.0,0.0
788.3494778176447,67.0,0.0
788.3547855736454,68.0,0.0
788.3860134158385,67.0,0.0
788.4015573337547,68.0,0.0
788.4079985127095,67.0,0.0
788.4106361738549,68.0,0.0
788.4188800454089,69.0,0.0
788.4229771731525,68.0,0.0
788.4305978489024,69.0,0.0
788.4355684663495,68.0,0.0
788.4385337795235,67.0,0.0
788.4594658803761,66.0,0.0
788.4603142024614,65.0,0.0
788.4733406724016,66.0,0.0
788.4762782776463,65.0,0.0
788.4830933428976,64.0,0.0
788.4902651055447,65.0,0.0
788.4948542994952,64.0,0.0
788.496557240308,63.0,0.0
788.511858649937,62.0,0.0
788.512234263589,61.0,0.0
788.5143752404192,60.0,0.0
788.5247076351509,61.0,0.0
788.5344842404344,60.0,0.0
788.5418310348487,61.0,0.0
788.5465636335837,60.0,0.0
788.5548784488942,61.0,0.0
788.5571738304765,60.0,0.0
788.5598048875323,59.0,0.0
788.5671636816263,60.0,0.0
788.5761984455665,61.0,0.0
788.5767682731197,60.0,0.0
788.5794856401225,61.0,0.0
788.5908003106625,60.0,0.0
788.5973965265447,59.0,0.0
788.598359219212,60.0,0.0
788.6072579791136,59.0,0.0
788.6093428212997,58.0,0.0
788.6155507601336,57.0,0.0
788.6199870785002,56.0,0.0
788.6396706155667,55.0,0.0
788.639807598341,56.0,0.0
788.6547935393982,57.0,0.0
788.6674216751319,58.0,0.0
788.6863416717182,57.0,0.0
788.6866337165895,58.0,0.0
788.6885683496319,59.0,0.0
788.698198702539,58.0,0.0
788.7103124257123,59.0,0.0
788.7286882353877,58.0,0.0
788.737533832729,57.0,0.0
788.7414236252248,58.0,0.0
788.7422956763053,57.0,0.0
788.7465994536146,58.0,0.0
788.7468405822865,57.0,0.0
788.7561496114645,56.0,0.0
788.7563876748453,55.0,0.0
788.783888233974,54.0,0.0
788.7872616906649,55.0,0.0
788.803861513815,54.0,0.0
788.8096516390272,53.0,0.0
788.8122393572285,54.0,0.0
788.8136630119556,53.0,0.0
788.8231190303171,54.0,0.0
788.8362268992448,53.0,0.0
788.8411644677581,54.0,0.0
788.8428872549025,53.0,0.0
788.8598077668812,52.0,0.0
788.8665071371663,51.0,0.0
788.8693426759539,52.0,0.0
788.8769838652718,51.0,0.0
788.8839117532543,50.0,0.0
788.8932556871592,49.0,0.0
788.9054753051748,48.0,0.0
788.9070756625534,47.0,0.0
788.9107708053674,46.0,0.0
788.912296599309,45.0,0.0
788.9214968717037,46.0,0.0
788.9394480762617,45.0,0.0
788.9406260251137,46.0,0.0
788.9437919415294,45.0,0.0
788.9474289148224,44.0,0.0
788.9599334199615,45.0,0.0
788.9606779355365,46.0,0.0
788.9706623082778,45.0,0.0
788.974786325404,44.0,0.0
788.9859676267575,45.0,0.0
788.9869522000308,46.0,0.0
788.9892509696768,47.0,0.0
788.9896385877499,46.0,0.0
788.9925052309542,45.0,0.0
788.9925311789872,44.0,0.0
789.0179048210692,43.0,0.0
789.072904121339,44.0,0.0
789.0852396702695,45.0,0.0
789.0862342017535,44.0,0.0
789.0867388115827,45.0,0.0
789.0898663256305,46.0,0.0
789.0937932013173,45.0,0.0
789.1024179434619,44.0,0.0
789.1033244139782,43.0,0.0
789.1221366541063,44.0,0.0
789.1235052888206,43.0,0.0
789.1335257026593,44.0,0.0
789.1396625757345,45.0,0.0
789.1425630372308,44.0,0.0
789.1871494247594,45.0,0.0
789.1871952250265,46.0,0.0
789.1987055981807,47.0,0.0
789.2061898779726,46.0,0.0
789.2180258896898,45.0,0.0
789.2187513480355,46.0,0.0
789.2505904888354,45.0,0.0
789.2507015367839,44.0,0.0
789.2507555097793,45.0,0.0
789.2543138288903,46.0,0.0
789.2544692514806,45.0,0.0
789.2644297815199,46.0,0.0
789.2775761168025,47.0,0.0
789.2926195745421,46.0,0.0
789.3028023840479,45.0,0.0
789.3130559441273,44.0,0.0
789.3143313831837,45.0,0.0
789.3275568318905,44.0,0.0
789.3729509408911,45.0,0.0
789.3775532151177,46.0,0.0
789.3800410681667,45.0,0.0
789.3846281679259,44.0,0.0
789.3901021128395,45.0,0.0
789.3906675968417,44.0,0.0
789.4109051840677,45.0,0.0
789.4209781507856,44.0,0.0
789.4224305485228,43.0,0.0
789.4228669885371,42.0,0.0
789.4335451072767,41.0,0.0
789.4439181094317,42.0,0.0
789.4503442800823,43.0,0.0
789.452310865033,42.0,0.0
789.4549548840188,43.0,0.0
789.4588740066739,44.0,0.0
789.4673743532888,45.0,0.0
789.4703049323153,46.0,0.0
789.473741598093,45.0,0.0
789.4806979750211,44.0,0.0
789.4831122620068,45.0,0.0
789.4910925277844,44.0,0.0
789.5019961304382,43.0,0.0
789.5035410168413,42.0,0.0
789.5042107570849,41.0,0.0
789.5043740918666,42.0,0.0
789.510467892734,41.0,0.0
789.5229683749147,42.0,0.0
789.5297096469068,43.0,0.0
789.5319338439191,42.0,0.0
789.5324290954231,43.0,0.0
789.5386016832598,44.0,0.0
789.5416332575488,43.0,0.0
789.5483303538208,42.0,0.0
789.5784244585054,41.0,0.0
789.5791639977564,40.0,0.0
789.5796450313513,41.0,0.0
789.5800503853742,42.0,0.0
789.6106832093374,43.0,0.0
789.6184518852104,42.0,0.0
789.6213085353075,41.0,0.0
789.6289328622763,42.0,0.0
789.6530400153813,41.0,0.0
789.6560581941284,40.0,0.0
789.6665146808425,39.0,0.0
789.6665890074867,40.0,0.0
789.6832542293403,39.0,0.0
789.7023761190939,40.0,0.0
789.7128568897359,39.0,0.0
789.7337153427512,40.0,0.0
789.7551208369712,39.0,0.0
789.7691784787518,40.0,0.0
789.7741773517857,39.0,0.0
789.7874148076497,38.0,0.0
789.7941937210926,39.0,0.0
789.797139799868,40.0,0.0
789.8023744776044,39.0,0.0
789.8113766773317,40.0,0.0
789.8117748170251,39.0,0.0
789.8244176709617,38.0,0.0
789.8286867435799,37.0,0.0
789.8386304219731,38.0,0.0
789.8487053055209,37.0,0.0
789.8565912313752,36.0,0.0
789.8592725514723,35.0,0.0
789.8630719369174,34.0,0.0
789.86669390017,33.0,0.0
789.8748398183185,32.0,0.0
789.8815449641357,31.0,0.0
789.9176926232286,30.0,0.0
789.940037349044,29.0,0.0
789.9536672531897,30.0,0.0
789.9553030209986,29.0,0.0
789.9605273269635,28.0,0.0
789.9679973816625,27.0,0.0
789.9695696610488,26.0,0.0
789.9778741589735,25.0,0.0
789.9806159055843,26.0,0.0
789.9930203664861,25.0,0.0
790.0109835246128,24.0,0.0
790.0278381879272,23.0,0.0
790.0279947813816,24.0,0.0
790.0357724677282,25.0,0.0
790.0548655030265,24.0,0.0
790.056669864659,25.0,0.0
790.0618722545438,24.0,0.0
790.0655065947041,25.0,0.0
790.0685995275967,24.0,0.0
790.0703683121038,23.0,0.0
790.0877667255407,22.0,0.0
790.0957340720058,21.0,0.0
790.0966778906704,20.0,0.0
790.1108996925859,19.0,0.0
790.1179435136065,18.0,0.0
790.1194424130426,17.0,0.0
790.1320634570956,18.0,0.0
790.1324870226083,17.0,0.0
790.1339445559502,18.0,0.0
790.1340916883363,17.0,0.0
790.1620715393229,16.0,0.0
790.1648879622715,15.0,0.0
790.1657257001424,16.0,0.0
790.1664947787145,15.0,0.0
790.1738105606494,14.0,0.0
790.1747420076673,15.0,0.0
790.1884920636007,14.0,0.0
790.2002203876406,13.0,0.0
790.2050367091443,12.0,0.0
790.2072981401086,13.0,0.0
790.2125561858151,14.0,0.0
790.2220848751851,13.0,0.0
790.233084319728,12.0,0.0
790.2415981156495,11.0,0.0
790.2499114062107,12.0,0.0
790.2592671731725,13.0,0.0
790.2598560389964,14.0,0.0
790.2801908707775,13.0,0.0
790.3227630373259,14.0,0.0
790.3329548593871,13.0,0.0
790.3420653069986,12.0,0.0
790.3486054916215,11.0,0.0
790.3496026752135,10.0,0.0
790.3666538889055,11.0,0.0
790.3852893655887,10.0,0.0
790.3894591079419,9.0,0.0
790.3903068348102,8.0,0.0
790.3909112095758,9.0,0.0
790.3981364926575,10.0,0.0
790.4009252506704,9.0,0.0
790.4052696349083,8.0,0.0
790.4174123158639,7.0,0.0
790.4221244415389,6.0,0.0
790.4266787470708,5.0,0.0
790.4269413060036,6.0,0.0
790.430068155953,5.0,0.0
790.4424532971294,4.0,0.0
790.45761134555,3.0,0.0
790.4577850198191,4.0,0.0
790.4689702506294,3.0,0.0
790.4813087089008,2.0,0.0
790.4833471071585,1.0,0.0
790.5008573515527,0.0,0.0
790.5052677702585,1.0,0.0
790.5153530718968,0.0,0.0
790.567277674882,1.0,0.0
790.584422333079,0.0,0.0
790.6105384282108,1.0,0.0
790.6212536535701,0.0,0.0
790.6870040057357,1.0,0.0
790.6985754409585,2.0,0.0
790.6985767113592,1.0,0.0
790.7048430968707,2.0,0.0
790.7064534552974,1.0,0.0
790.7288908938804,2.0,0.0
790.7307475637945,1.0,0.0
790.7441956901087,2.0,0.0
790.7768110141565,3.0,0.0
790.7818037375457,4.0,0.0
790.808878075355,3.0,0.0
790.8285928258676,2.0,0.0
790.8577845824196,1.0,0.0
790.8630022493866,0.0,0.0
790.8962191291023,1.0,0.0
790.8987128394217,0.0,0.0
790.9218107290686,1.0,0.0
790.924062171571,0.0,0.0
790.9972616711054,1.0,0.0
791.0112092604729,2.0,0.0
791.031030913344,3.0,0.0
791.0383661920704,4.0,0.0
791.038804157559,5.0,0.0
791.0776292410288,6.0,0.0
791.0875484951061,5.0,0.0
791.093761951095,4.0,0.0
791.0998312221544,3.0,0.0
791.1096309097679,2.0,0.0
791.1104583924555,3.0,0.0
791.134041630658,2.0,0.0
791.1404582907786,1.0,0.0
791.1659143260578,0.0,0.0
791.1659184049951,1.0,0.0
791.1875007126198,2.0,0.0
791.2122168790179,1.0,0.0
791.2151714649463,0.0,0.0
791.3004123330468,1.0,0.0
791.35337527355,2.0,0.0
791.3746649064946,1.0,0.0
791.3936289005312,2.0,0.0
791.3952678977173,1.0,0.0
791.3991493916475,0.0,0.0
791.4300049133041,1.0,0.0
791.444040049899,2.0,0.0
791.4486612525259,1.0,0.0
791.4505129365235,2.0,0.0
791.475559107032,1.0,0.0
791.4830042835823,0.0,0.0
791.5196965326397,1.0,0.0
791.5297312749735,2.0,0.0
791.5391756828095,3.0,0.0
791.5772416525103,2.0,0.0
791.5773315673091,3.0,0.0
791.5940061862673,2.0,0.0
791.5992995353248,1.0,0.0
791.6000623148558,2.0,0.0
791.6066273747521,1.0,0.0
791.6385315513376,0.0,0.0
791.7121022855417,1.0,0.0
791.7174616635374,2.0,0.0
791.7221106647072,1.0,0.0
791.7392279626702,2.0,0.0
791.7641943399816,1.0,0.0
791.7729222131792,0.0,0.0
791.7900253742898,1.0,0.0
791.8050899458243,0.0,0.0
791.8100238164063,1.0,0.0
791.8318933420087,2.0,0.0
791.8330751713868,1.0,0.0
791.8330910762468,0.0,0.0
791.8812512002727,1.0,0.0
791.8813046229614,2.0,0.0
791.9018293958785,1.0,0.0
791.9026481525544,0.0,0.0
791.9484586709547,1.0,0.0
792.0138354748581,0.0,0.0
792.0866301322459,1.0,0.0
792.1017662316777,0.0,0.0
792.3375391714651,1.0,0.0
792.3483454638522,0.0,0.0
792.3884599956025,1.0,0.0
792.441706384222,0.0,0.0
792.4452232780716,1.0,0.0
792.4535441299738,0.0,0.0
792.4805973101594,1.0,0.0
792.4828544128255,0.0,0.0
792.5034558383056,1.0,0.0
792.5059275272316,0.0,0.0
792.568163154398,1.0,0.0
792.5915263684807,2.0,0.0
792.610770887933,3.0,0.0
792.6144667188319,2.0,0.0
792.6455294918914,1.0,0.0
792.655893878057,2.0,0.0
792.6667438035023,3.0,0.0
792.6906564449997,2.0,0.0
792.7096861193022,3.0,0.0
792.717056676498,2.0,0.0
792.7178317334832,1.0,0.0
792.7218924371344,0.0,0.0
792.7228944105987,1.0,0.0
792.7296074300156,2.0,0.0
792.7430379097236,3.0,0.0
792.7552613155793,4.0,0.0
792.7719890461158,3.0,0.0
792.788017000622,4.0,0.0
792.8054842458407,3.0,0.0
792.816381765546,2.0,0.0
792.8353415100441,1.0,0.0
792.8437839337565,0.0,0.0
792.8572748705614,1.0,0.0
792.8609267905285,2.0,0.0
792.937784420153,3.0,0.0
792.9900789999539,2.0,0.0
793.0201988601196,3.0,0.0
793.0384642902135,2.0,0.0
793.0409825016175,3.0,0.0
793.0810549270851,2.0,0.0
793.081907905145,1.0,0.0
793.082446709655,0.0,0.0
793.0882577823168,1.0,0.0
793.0926625814978,2.0,0.0
793.1282685679154,1.0,0.0
793.131950526823,2.0,0.0
793.1422337675702,1.0,0.0
793.1463388337412,0.0,0.0
793.1973272059638,1.0,0.0
793.2271612745064,2.0,0.0
793.2446404109569,1.0,0.0
793.2478850119106,0.0,0.0
793.2584893971774,1.0,0.0
793.2667727723001,0.0,0.0
793.2871165242698,1.0,0.0
793.2915524551299,2.0,0.0
793.3136355394155,3.0,0.0
793.3296622604526,4.0,0.0
793.3355002871997,3.0,0.0
793.3680150548923,2.0,0.0
793.3986975488606,1.0,0.0
793.4226784154009,0.0,0.0
793.42299257642,1.0,0.0
793.4284756126049,0.0,0.0
793.4467292433707,1.0,0.0
793.4552773721589,0.0,0.0
793.4561368337938,1.0,0.0
793.4754166288003,0.0,0.0
793.4878408630817,1.0,0.0
793.4927737813902,2.0,0.0
793.5008523270815,3.0,0.0
793.5148740884432,4.0,0.0
793.5303976929755,3.0,0.0
793.5563184717893,4.0,0.0
793.5657249446883,5.0,0.0
793.6060083717933,4.0,0.0
793.6264226146366,5.0,0.0
793.6279877758247,4.0,0.0
793.6382619447974,3.0,0.0
793.6421116976337,2.0,0.0
793.6470021826061,1.0,0.0
793.6575951132131,2.0,0.0
793.6807950379132,1.0,0.0
793.6835129057288,2.0,0.0
793.7116211085582,1.0,0.0
793.7178520019854,0.0,0.0
793.7777170406662,1.0,0.0
793.8074705420782,2.0,0.0
793.8207638101512,3.0,0.0
793.8243612298377,2.0,0.0
793.8425003171882,1.0,0.0
793.852535088945,2.0,0.0
793.8564058510573,1.0,0.0
793.8584177404902,2.0,0.0
793.8626741200934,1.0,0.0
793.866502919246,2.0,0.0
793.8778492888465,3.0,0.0
793.8798070640966,2.0,0.0
793.9042559192163,3.0,0.0
793.9043341276578,4.0,0.0
793.9179674321406,5.0,0.0
793.9237164081476,6.0,0.0
793.9299222937065,7.0,0.0
793.929927369539,6.0,0.0
793.9407435862726,5.0,0.0
793.9628337074203,4.0,0.0
793.9926863605788,3.0,0.0
793.993841303969,4.0,0.0
793.998205971688,5.0,0.0
794.0037494274799,4.0,0.0
794.0671992718657,5.0,0.0
794.0801197783027,6.0,0.0
794.0831071283837,5.0,0.0
794.0883604422901,4.0,0.0
794.0975649331743,5.0,0.0
794.1014528085262,6.0,0.0
794.1167994963199,5.0,0.0
794.1226034498231,4.0,0.0
794.1413822654644,3.0,0.0
794.1456804878801,2.0,0.0
794.1480276601407,1.0,0.0
794.1588881596815,2.0,0.0
794.1608939369571,1.0,0.0
794.1878420864039,0.0,0.0
794.2291544751556,1.0,0.0
794.2302014720663,2.0,0.0
794.2557193141879,1.0,0.0
794.2861639331348,0.0,0.0
794.2895717499134,1.0,0.0
794.2915239239737,2.0,0.0
794.2992189266143,3.0,0.0
794.3001696984923,4.0,0.0
794.3037256277862,5.0,0.0
794.3109620308206,4.0,0.0
794.3116040209251,3.0,0.0
794.3257680925668,2.0,0.0
794.3298370926436,1.0,0.0
794.344428049572,2.0,0.0
794.3665482735588,3.0,0.0
794.3692540437983,4.0,0.0
794.3736317240773,3.0,0.0
794.3882459034259,4.0,0.0
794.3903443063103,5.0,0.0
794.3973146549909,6.0,0.0
794.397828721386,5.0,0.0
794.4063831414711,4.0,0.0
794.4562306069982,3.0,0.0
794.4594486929481,2.0,0.0
794.4732440230731,1.0,0.0
794.4816493229014,2.0,0.0
794.4930497421518,1.0,0.0
794.5132916447801,2.0,0.0
794.521918601604,1.0,0.0
794.528655716949,0.0,0.0
794.5980846166054,1.0,0.0
794.6039880384296,2.0,0.0
794.6068497665902,1.0,0.0
794.6098252959928,2.0,0.0
794.6131720821261,1.0,0.0
794.6429146606824,0.0,0.0
794.6625270203331,1.0,0.0
794.6697230887372,0.0,0.0
794.7297026520624,1.0,0.0
794.741855266924,2.0,0.0
794.7465854382089,1.0,0.0
794.7481625286568,0.0,0.0
794.7787453181589,1.0,0.0
794.7908553302226,2.0,0.0
794.7929270300808,1.0,0.0
794.8000995269429,2.0,0.0
794.8007834980988,1.0,0.0
794.8156406408452,0.0,0.0
794.8840935720099,1.0,0.0
794.8900807184182,2.0,0.0
794.9088954625096,3.0,0.0
794.9187134884472,2.0,0.0
794.9298649810172,1.0,0.0
794.9305170837266,2.0,0.0
794.9310696009087,3.0,0.0
794.942694035457,2.0,0.0
794.9475689176518,3.0,0.0
794.9480998486333,2.0,0.0
794.952171677323,3.0,0.0
794.9582121432688,4.0,0.0
794.9647189059967,3.0,0.0
794.969349796943,2.0,0.0
794.9947328718624,1.0,0.0
795.0299021103236,2.0,0.0
795.032190013686,1.0,0.0
795.0348595272902,0.0,0.0
795.0480171109959,1.0,0.0
795.0495578630591,0.0,0.0
795.0615751850537,1.0,0.0
795.0680572468731,2.0,0.0
795.0763640494455,1.0,0.0
795.0794603176327,2.0,0.0
795.0798106496225,1.0,0.0
795.0895561362727,0.0,0.0
795.1027160316663,1.0,0.0
795.110778734055,0.0,0.0
795.1345098083109,1.0,0.0
795.1445653554526,2.0,0.0
795.1455369788305,1.0,0.0
795.1485815929316,2.0,0.0
795.1640980337208,3.0,0.0
795.1972670747518,2.0,0.0
795.2037821568646,1.0,0.0
795.2071993606713,0.0,0.0
795.2264630069021,1.0,0.0
795.2276215305048,2.0,0.0
795.2336090767135,3.0,0.0
795.2505399972009,4.0,0.0
795.2599573450685,5.0,0.0
795.2671172994392,4.0,0.0
795.2846378700411,3.0,0.0
795.2870816662818,4.0,0.0
795.3003853580575,5.0,0.0
795.3016190792479,4.0,0.0
795.3170037378318,3.0,0.0
795.3179682215577,2.0,0.0
795.3202418289559,3.0,0.0
795.3231468706119,4.0,0.0
795.3261140441506,5.0,0.0
795.334236706939,6.0,0.0
795.3348529183157,5.0,0.0
795.3380885197037,4.0,0.0
795.345805353877,3.0,0.0
795.3776185632917,2.0,0.0
795.3859454615333,3.0,0.0
795.3898232528156,4.0,0.0
795.3913780798953,3.0,0.0
795.3938249950457,2.0,0.0
795.3959984244292,3.0,0.0
795.4388228290615,2.0,0.0
795.4404571349108,1.0,0.0
795.4414073831214,2.0,0.0
795.4438471397264,3.0,0.0
795.4463761905195,4.0,0.0
795.4516487632858,3.0,0.0
795.458519296515,2.0,0.0
795.470223697946,3.0,0.0
795.471399503142,2.0,0.0
795.5037300512175,3.0,0.0
795.5160241132821,4.0,0.0
795.5161727209029,5.0,0.0
795.5169213793146,4.0,0.0
795.5172428624712,3.0,0.0
795.5296194673097,4.0,0.0
795.544882616076,3.0,0.0
795.5555184407747,4.0,0.0
795.5563092094969,3.0,0.0
795.5565395651969,2.0,0.0
795.5691503777656,1.0,0.0
795.5790923290841,2.0,0.0
795.6008664599948,3.0,0.0
795.6035262109945,4.0,0.0
795.6097480450188,5.0,0.0
795.6225519184874,4.0,0.0
795.6284404061137,5.0,0.0
795.6488843433649,4.0,0.0
795.6550178571198,5.0,0.0
795.6773162476437,6.0,0.0
795.6778113434315,5.0,0.0
795.6917130064778,6.0,0.0
795.7023194449598,5.0,0.0
795.7107412735064,4.0,0.0
795.7330841496935,5.0,0.0
795.7364866077921,6.0,0.0
795.7511353224629,5.0,0.0
795.760931596463,4.0,0.0
795.7624528368426,3.0,0.0
795.7833719199436,2.0,0.0
795.7873904736012,3.0,0.0
795.7896647759526,2.0,0.0
795.7980593184941,3.0,0.0
795.804439517832,2.0,0.0
795.8109148587197,3.0,0.0
795.8235421471511,4.0,0.0
795.834926720549,3.0,0.0
795.8351923307696,2.0,0.0
795.8354083126673,3.0,0.0
795.8393858409012,4.0,0.0
795.8456392923491,5.0,0.0
795.8518111507911,6.0,0.0
795.8524265921332,7.0,0.0
795.8933635993552,6.0,0.0
795.898790884228,7.0,0.0
795.9047255752845,6.0,0.0
795.9062039576619,7.0,0.0
795.9172907809293,8.0,0.0
795.92222779481,7.0,0.0
795.9225099636044,8.0,0.0
795.9230412883018,7.0,0.0
795.9252277039988,8.0,0.0
795.9265009967305,9.0,0.0
795.9292841114451,10.0,0.0
795.9426340689664,9.0,0.0
795.9426819748466,10.0,0.0
795.9501762640119,9.0,0.0
795.9518050593979,10.0,0.0
795.952260664372,9.0,0.0
795.9547685693439,10.0,0.0
795.9550420153041,11.0,0.0
795.9606832479329,12.0,0.0
795.9612656596483,13.0,0.0
795.9705191088605,12.0,0.0
795.984012548229,13.0,0.0
795.9841834316973,14.0,0.0
795.99194104431,15.0,0.0
795.9935527020785,16.0,0.0
796.0055422776396,15.0,0.0
796.0188895720221,16.0,0.0
796.0204909535425,15.0,0.0
796.0206086238819,16.0,0.0
796.0227938817386,17.0,0.0
796.035313374788,16.0,0.0
796.0492240849119,15.0,0.0
796.0524522374086,16.0,0.0
796.0596749045118,15.0,0.0
796.0639339290973,14.0,0.0
796.0648261153706,13.0,0.0
796.0881041723047,14.0,0.0
796.0953177826739,15.0,0.0
796.0955638076965,16.0,0.0
796.0998833316743,17.0,0.0
796.1035181914016,16.0,0.0
796.1056585414036,15.0,0.0
796.1094124194956,14.0,0.0
796.1229663636868,15.0,0.0
796.1301995475776,16.0,0.0
796.1304588632115,15.0,0.0
796.1409777196485,16.0,0.0
796.1465456607984,15.0,0.0
796.1483903092785,16.0,0.0
796.1504269157974,15.0,0.0
796.1856021417207,16.0,0.0
796.1859853368895,17.0,0.0
796.1957692572935,16.0,0.0
796.1967260839259,15.0,0.0
796.2172990403994,14.0,0.0
796.2324996944537,13.0,0.0
796.2402732671937,14.0,0.0
796.2469957125519,15.0,0.0
796.2479928763485,16.0,0.0
796.2493940786093,15.0,0.0
796.252097336022,14.0,0.0
796.2611637806671,15.0,0.0
796.2611871006951,14.0,0.0
796.2699970310996,15.0,0.0
796.2938168031617,16.0,0.0
796.3016632456041,17.0,0.0
796.3017525306338,18.0,0.0
796.3076751813693,19.0,0.0
796.3217875544831,20.0,0.0
796.3309903524674,19.0,0.0
796.3379174948269,18.0,0.0
796.3427207650451,19.0,0.0
796.3439078852103,18.0,0.0
796.3501379980152,17.0,0.0
796.3628644282317,16.0,0.0
796.3698025323198,15.0,0.0
796.3721805871292,16.0,0.0
796.3789700338152,17.0,0.0
796.3807175259301,16.0,0.0
796.3835359972194,17.0,0.0
796.4085743013031,18.0,0.0
796.4089199204998,17.0,0.0
796.4201752095202,18.0,0.0
796.4238112603833,17.0,0.0
796.4368264818107,18.0,0.0
796.4390579999927,19.0,0.0
796.4417482480184,20.0,0.0
796.4488130610445,21.0,0.0
796.4673256305207,22.0,0.0
796.4701483108809,21.0,0.0
796.4807344013933,22.0,0.0
796.4831032810376,21.0,0.0
796.4842936421111,22.0,0.0
796.5066905033894,23.0,0.0
796.5093964243046,24.0,0.0
796.5124858021372,25.0,0.0
796.513495723963,24.0,0.0
796.5138512747026,25.0,0.0
796.5180344170609,26.0,0.0
796.5187049657823,25.0,0.0
796.5359260060725,26.0,0.0
796.5422668938057,25.0,0.0
796.5504789171056,24.0,0.0
796.5553156858615,23.0,0.0
796.5578166647938,22.0,0.0
796.5654953811202,21.0,0.0
796.5718732502702,20.0,0.0
796.5747155808237,19.0,0.0
796.5752767773047,20.0,0.0
796.580045483881,19.0,0.0
796.5833102508425,18.0,0.0
796.5869292193347,19.0,0.0
796.5878232052348,20.0,0.0
796.5936601919965,21.0,0.0
796.6092887203037,20.0,0.0
796.6216846849403,21.0,0.0
796.6345833788929,20.0,0.0
796.6370409896768,21.0,0.0
796.6408319269295,20.0,0.0
796.6420613185124,19.0,0.0
796.6521898674137,20.0,0.0
796.6558658318118,19.0,0.0
796.6579030652679,18.0,0.0
796.6683600481779,19.0,0.0
796.6689982429642,20.0,0.0
796.6761652744045,19.0,0.0
796.7021675487966,18.0,0.0
796.7069800043007,17.0,0.0
796.7090035311716,16.0,0.0
796.717374754486,15.0,0.0
796.7175151659661,14.0,0.0
796.7230287110038,13.0,0.0
796.7237862631505,12.0,0.0
796.7280408064678,13.0,0.0
796.7334019014436,14.0,0.0
796.7378252327368,15.0,0.0
796.7440541090511,16.0,0.0
796.7460052782236,15.0,0.0
796.7461288289509,14.0,0.0
796.7473809678264,15.0,0.0
796.7543228113232,14.0,0.0
796.7602200956707,13.0,0.0
796.7607985990061,12.0,0.0
796.7659620074082,13.0,0.0
796.7670244564199,14.0,0.0
796.7702477309064,13.0,0.0
796.7731237096883,12.0,0.0
796.7794580960702,13.0,0.0
796.7798482048644,12.0,0.0
796.7821286128776,13.0,0.0
796.7841887209856,14.0,0.0
796.7996188480707,13.0,0.0
796.8169465352286,12.0,0.0
796.8330360427416,11.0,0.0
796.8409418800295,10.0,0.0
796.8446090004642,11.0,0.0
796.8504229742739,12.0,0.0
796.8527440804927,13.0,0.0
796.8568465305692,14.0,0.0
796.8572684008681,13.0,0.0
796.8661412076805,12.0,0.0
796.8706451513607,13.0,0.0
796.8774760219013,14.0,0.0
796.8806021527707,15.0,0.0
796.8843007779185,16.0,0.0
796.8888558091895,17.0,0.0
796.8920622079992,18.0,0.0
796.8992026206565,17.0,0.0
796.9037047028047,16.0,0.0
796.9048024913614,17.0,0.0
796.9147809544127,16.0,0.0
796.919243079954,15.0,0.0
796.9299029285447,14.0,0.0
796.936418383808,15.0,0.0
796.9444346985414,16.0,0.0
796.9682141115336,17.0,0.0
796.9719021220733,18.0,0.0
796.9741456412193,17.0,0.0
796.9785513653051,18.0,0.0
796.9813845586692,17.0,0.0
796.9850814763093,18.0,0.0
796.9905317484884,17.0,0.0
796.9988097926971,18.0,0.0
797.0007130593751,17.0,0.0
797.0037552924491,18.0,0.0
797.0037844202909,17.0,0.0
797.0137280790749,18.0,0.0
797.0171689040714,19.0,0.0
797.0228537081749,18.0,0.0
797.027008406548,19.0,0.0
797.0274795766165,20.0,0.0
797.0334522046242,21.0,0.0
797.0411990623365,22.0,0.0
797.0415370890863,23.0,0.0
797.0440038221753,22.0,0.0
797.0498095098735,23.0,0.0
797.0607104817295,24.0,0.0
797.0649126141532,25.0,0.0
797.0713610056207,26.0,0.0
797.085811932293,25.0,0.0
797.0879074437219,26.0,0.0
797.0896335187571,25.0,0.0
797.0904206873334,24.0,0.0
797.1062073899452,25.0,0.0
797.1088757375775,26.0,0.0
797.1186598226657,25.0,0.0
797.1302986242447,26.0,0.0
797.1306844930217,25.0,0.0
797.1397469120474,24.0,0.0
797.141881916971,25.0,0.0
797.1432705126507,26.0,0.0
797.1434192577007,27.0,0.0
797.1525502454151,26.0,0.0
797.1554130225265,27.0,0.0
797.1659527387003,28.0,0.0
797.1771680445676,29.0,0.0
797.183916709912,30.0,0.0
797.188539434117,31.0,0.0
797.1896630314296,30.0,0.0
797.1940577216266,29.0,0.0
797.1962194344937,30.0,0.0
797.2062235637585,31.0,0.0
797.2255196918553,32.0,0.0
797.2309382451291,33.0,0.0
797.2392878175297,34.0,0.0
797.2404413736857,35.0,0.0
797.2424752446759,34.0,0.0
797.2476612662213,33.0,0.0
797.2556780638001,32.0,0.0
797.2568559710508,33.0,0.0
797.2673644310013,34.0,0.0
797.278372890482,33.0,0.0
797.2841498500508,34.0,0.0
797.2859693680166,35.0,0.0
797.2863148940942,34.0,0.0
797.2992317445503,35.0,0.0
797.3040345179053,34.0,0.0
797.3050693367912,33.0,0.0
797.3097666368471,32.0,0.0
797.3126770843847,33.0,0.0
797.3236769929675,32.0,0.0
797.3277800899776,31.0,0.0
797.3297842934589,30.0,0.0
797.3340841922901,31.0,0.0
797.3401949164265,32.0,0.0
797.342011649168,31.0,0.0
797.3446796068571,30.0,0.0
797.3455124051774,31.0,0.0
797.3474037186758,32.0,0.0
797.3493951714823,33.0,0.0
797.3564200530936,34.0,0.0
797.3568755773233,33.0,0.0
797.3619820347191,32.0,0.0
797.3632315550175,33.0,0.0
797.3650706204611,34.0,0.0
797.3657035644337,35.0,0.0
797.3931535332962,34.0,0.0
797.3978752518341,33.0,0.0
797.4000212826082,32.0,0.0
797.4000525964979,31.0,0.0
797.4052594213895,32.0,0.0
797.4053854539912,31.0,0.0
797.4162382361972,30.0,0.0
797.4185670576418,31.0,0.0
797.4217926962152,32.0,0.0
797.4283195760353,33.0,0.0
797.4291568534308,32.0,0.0
797.4295057706261,33.0,0.0
797.4369358020149,34.0,0.0
797.4398376258321,35.0,0.0
797.4398511353688,36.0,0.0
797.4446024073761,35.0,0.0
797.4487560707464,34.0,0.0
797.4679255156236,35.0,0.0
797.4698360107711,34.0,0.0
797.4721260479729,33.0,0.0
797.4727966142432,34.0,0.0
797.479632001881,33.0,0.0
797.4827610719608,34.0,0.0
797.4834335954114,33.0,0.0
797.4974109698054,34.0,0.0
797.5046438012304,33.0,0.0
797.5075841567075,32.0,0.0
797.5098344645304,33.0,0.0
797.5161331199108,34.0,0.0
797.5178581573163,35.0,0.0
797.5229913543875,36.0,0.0
797.5234858985026,37.0,0.0
797.5240714986458,38.0,0.0
797.5311363994288,37.0,0.0
797.5364550653215,38.0,0.0
797.5431187732477,39.0,0.0
797.5471180657657,40.0,0.0
797.5550790810679,39.0,0.0
797.5594970790976,38.0,0.0
797.5652335866729,39.0,0.0
797.5745272940665,38.0,0.0
797.5757645523383,37.0,0.0
797.5845408897258,38.0,0.0
797.5854066789506,37.0,0.0
797.586472056097,38.0,0.0
797.5873515686171,39.0,0.0
797.5894544675847,40.0,0.0
797.5906183333095,39.0,0.0
797.5912462744673,38.0,0.0
797.5920231632338,37.0,0.0
797.5941279183572,36.0,0.0
797.5971819917489,37.0,0.0
797.6004314838206,36.0,0.0
797.6158885943013,35.0,0.0
797.6315428623569,36.0,0.0
797.6426908661576,37.0,0.0
797.6472854558191,38.0,0.0
797.649502645833,39.0,0.0
797.6508864066104,40.0,0.0
797.6620959342516,41.0,0.0
797.6742230145124,40.0,0.0
797.6745955931667,39.0,0.0
797.6755175672484,40.0,0.0
797.6808805875887,39.0,0.0
797.6828475684623,38.0,0.0
797.686537528371,39.0,0.0
797.6874432293068,40.0,0.0
797.692471592828,39.0,0.0
797.7142495439307,40.0,0.0
797.715653976226,41.0,0.0
797.7157826778157,40.0,0.0
797.7232393114597,41.0,0.0
797.7253233684626,40.0,0.0
797.7288854990186,39.0,0.0
797.7322788773872,38.0,0.0
797.7373280203194,39.0,0.0
797.742854197662,40.0,0.0
797.7483101082108,39.0,0.0
797.754394560859,40.0,0.0
797.7561485236785,41.0,0.0
797.7613724608452,40.0,0.0
797.7628792323842,39.0,0.0
797.7723745005627,38.0,0.0
797.7742198750603,37.0,0.0
797.7873656500767,38.0,0.0
797.7960224238108,37.0,0.0
797.7965974991567,36.0,0.0
797.8099033289174,35.0,0.0
797.8161646108151,36.0,0.0
797.8223620084862,37.0,0.0
797.823098555986,36.0,0.0
797.830147803729,37.0,0.0
797.8405213617903,38.0,0.0
797.8426667983164,37.0,0.0
797.8467431910393,38.0,0.0
797.8478984952712,39.0,0.0
797.8495019842031,40.0,0.0
797.852535793184,39.0,0.0
797.8526810553946,40.0,0.0
797.8541879813889,39.0,0.0
797.8566926651421,40.0,0.0
797.8576706542209,41.0,0.0
797.8600181878468,40.0,0.0
797.8602578550668,39.0,0.0
797.8689276143067,38.0,0.0
797.8703899444798,39.0,0.0
797.8753754884815,40.0,0.0
797.8765133773059,41.0,0.0
797.8858942916736,42.0,0.0
797.8918386819266,43.0,0.0
797.8953148829662,42.0,0.0
797.899595602012,41.0,0.0
797.9099944024282,42.0,0.0
797.9146888545574,43.0,0.0
797.9155438145315,44.0,0.0
797.9220615023705,43.0,0.0
797.9341137240276,44.0,0.0
797.944011717771,45.0,0.0
797.9452762332912,46.0,0.0
797.957265158798,47.0,0.0
797.958024931404,48.0,0.0
797.9590580007368,49.0,0.0
797.9621410003424,50.0,0.0
797.9660053383881,49.0,0.0
797.9660837576814,50.0,0.0
797.968184826743,49.0,0.0
797.9770096632172,50.0,0.0
797.9889165547562,49.0,0.0
797.9965788234817,50.0,0.0
798.0020418485987,51.0,0.0
798.0059994977642,52.0,0.0
798.017260604113,53.0,0.0
798.0210530205895,54.0,0.0
798.0272793410479,55.0,0.0
798.0596986413439,56.0,0.0
798.0605008556348,57.0,0.0
798.0617889583332,56.0,0.0
798.0644042148238,55.0,0.0
798.0753901405346,54.0,0.0
798.0835880545138,53.0,0.0
798.0866172677435,54.0,0.0
798.0899741795537,55.0,0.0
798.0921907223059,56.0,0.0
798.0942409960254,55.0,0.0
798.1004137806298,54.0,0.0
798.1028499176873,55.0,0.0
798.1099203093245,54.0,0.0
798.1138372213404,53.0,0.0
798.1240082901835,52.0,0.0
798.1284241512999,53.0,0.0
798.1293661486894,54.0,0.0
798.1306649332068,53.0,0.0
798.1359188952299,52.0,0.0
798.1485306391911,53.0,0.0
798.1514129419869,52.0,0.0
798.1548713623124,53.0,0.0
798.1616500885656,54.0,0.0
798.1654997597723,55.0,0.0
798.1662178788976,56.0,0.0
798.1704086116873,57.0,0.0
798.1780852887251,56.0,0.0
798.2033298322552,57.0,0.0
798.2083170415267,58.0,0.0
798.2124929856441,57.0,0.0
798.2128692966503,56.0,0.0
798.2215581021637,57.0,0.0
798.2581979135073,58.0,0.0
798.2650836734821,59.0,0.0
798.269091184391,58.0,0.0
798.2702475608645,57.0,0.0
798.2753192605958,58.0,0.0
798.2850596061681,57.0,0.0
798.2898292661367,58.0,0.0
798.3056200886205,57.0,0.0
798.3226644616198,58.0,0.0
798.3302071940526,59.0,0.0
798.3340658976038,58.0,0.0
798.3394445534572,59.0,0.0
798.3399770212899,58.0,0.0
798.3466988120399,57.0,0.0
798.3564212539206,58.0,0.0
798.3569260515994,57.0,0.0
798.3594076528744,56.0,0.0
798.3597379294821,57.0,0.0
798.3597387412046,58.0,0.0
798.3620506013008,59.0,0.0
798.3620547185726,58.0,0.0
798.3660908102661,59.0,0.0
798.3707213579157,60.0,0.0
798.3747055739176,61.0,0.0
798.3775032092306,60.0,0.0
798.3859259174756,61.0,0.0
798.3869984359011,60.0,0.0
798.3909151593649,61.0,0.0
798.3914293594372,60.0,0.0
798.3935291769232,59.0,0.0
798.3938540866168,60.0,0.0
798.3992775220431,61.0,0.0
798.4007905555092,62.0,0.0
798.4030410304348,61.0,0.0
798.4107218621107,60.0,0.0
798.4124183476031,59.0,0.0
798.4149022420636,60.0,0.0
798.4194325389782,59.0,0.0
798.4207125749839,60.0,0.0
798.4234201057827,59.0,0.0
798.4251988293795,60.0,0.0
798.4334560900114,59.0,0.0
798.4358230315581,58.0,0.0
798.4398274718533,57.0,0.0
798.4418330119504,58.0,0.0
798.4453857050495,59.0,0.0
798.45002005296,58.0,0.0
798.4593209390237,57.0,0.0
798.4648708442102,56.0,0.0
798.4656994315368,55.0,0.0
798.4661367814126,56.0,0.0
798.4742070385208,57.0,0.0
798.4882899076225,58.0,0.0
798.4894494992195,59.0,0.0
798.4910792441558,58.0,0.0
798.4927057106703,59.0,0.0
798.4940200284161,60.0,0.0
798.4962784301568,61.0,0.0
798.5010766865338,60.0,0.0
798.508373089777,59.0,0.0
798.512806970877,60.0,0.0
798.5188091760642,59.0,0.0
798.5276585348287,58.0,0.0
798.5340239960616,59.0,0.0
798.5349750305168,58.0,0.0
798.5364739948935,59.0,0.0
798.5366923400771,58.0,0.0
798.5410110663141,59.0,0.0
798.5423684191702,58.0,0.0
798.5472138355959,59.0,0.0
798.5513962092233,60.0,0.0
798.5552706667768,59.0,0.0
798.5610363360935,58.0,0.0
798.565517142127,57.0,0.0
798.5766757222483,56.0,0.0
798.5788908757693,57.0,0.0
798.5812132892617,58.0,0.0
798.5890721278356,59.0,0.0
798.6034218944415,60.0,0.0
798.6062470735603,59.0,0.0
798.607505474976,58.0,0.0
798.6075816964106,59.0,0.0
798.6105022470258,60.0,0.0
798.6167889754903,59.0,0.0
798.6172348979029,58.0,0.0
798.6328762520021,59.0,0.0
798.6347110125391,60.0,0.0
798.6371855762934,61.0,0.0
798.6413754196559,60.0,0.0
798.6418023399865,61.0,0.0
798.643621067158,62.0,0.0
798.6485238850594,63.0,0.0
798.6816886632214,64.0,0.0
798.682479212764,63.0,0.0
798.6846547430468,64.0,0.0
798.6867217023438,65.0,0.0
798.6874949964216,66.0,0.0
798.6997107691482,65.0,0.0
798.700777571699,64.0,0.0
798.7102616878651,65.0,0.0
798.7145428820345,64.0,0.0
798.7150922922759,65.0,0.0
798.716992022942,64.0,0.0
798.7196856433096,65.0,0.0
798.7275884417566,64.0,0.0
798.7405392092056,63.0,0.0
798.7441752998122,64.0,0.0
798.7454241506593,65.0,0.0
798.7491652971682,64.0,0.0
798.7558301779038,65.0,0.0
798.7560319657417,64.0,0.0
798.7619390619359,63.0,0.0
798.76496538139,64.0,0.0
798.7687104848148,65.0,0.0
798.7719046634315,64.0,0.0
798.7778283262085,63.0,0.0
798.7782486424659,64.0,0.0
798.778934422747,63.0,0.0
798.7831223407379,62.0,0.0
798.7872062730836,63.0,0.0
798.7874968206711,62.0,0.0
798.7886290342559,63.0,0.0
798.7928555800701,62.0,0.0
798.7986164455481,63.0,0.0
798.7989612148161,64.0,0.0
798.8001550028712,63.0,0.0
798.8131579530066,64.0,0.0
798.8155142034418,65.0,0.0
798.8175044940795,66.0,0.0
798.8211145675778,67.0,0.0
798.8270066689463,66.0,0.0
798.8303971840953,65.0,0.0
798.832331321953,66.0,0.0
798.8379634787194,67.0,0.0
798.8430783793034,66.0,0.0
798.8514329165057,67.0,0.0
798.8557384275895,68.0,0.0
798.8583826195804,69.0,0.0
798.8587394059135,70.0,0.0
798.8588865241907,71.0,0.0
798.8669394679862,72.0,0.0
798.873216300475,73.0,0.0
798.8736434103171,74.0,0.0
798.8756754148944,75.0,0.0
798.8774806324542,76.0,0.0
798.8834493595656,75.0,0.0
798.885090978415,74.0,0.0
798.8996937817077,75.0,0.0
798.9115533144267,76.0,0.0
798.9117701573348,77.0,0.0
798.9145868843241,78.0,0.0
798.9321011053213,79.0,0.0
798.9346645764382,80.0,0.0
798.9372725538639,79.0,0.0
798.937549644988,78.0,0.0
798.9398447337602,79.0,0.0
798.9438112147593,80.0,0.0
798.9526942934607,79.0,0.0
798.9536299100678,80.0,0.0
798.9575248005051,79.0,0.0
798.9594830580932,78.0,0.0
798.9620342184,79.0,0.0
798.9622128521073,78.0,0.0
798.9669950978628,79.0,0.0
798.9678211530468,80.0,0.0
798.9687798154514,81.0,0.0
798.9689142287627,80.0,0.0
798.9761496483371,79.0,0.0
798.9762249935405,78.0,0.0
798.9899704364684,79.0,0.0
799.0011541218736,80.0,0.0
799.0088975211893,81.0,0.0
799.0111433502007,82.0,0.0
799.0180771431931,83.0,0.0
799.0192414722953,82.0,0.0
799.0216897010995,83.0,0.0
799.0268063178113,84.0,0.0
799.0328612420811,85.0,0.0
799.0349772391878,84.0,0.0
799.0482024488376,85.0,0.0
799.0502825391676,86.0,0.0
799.0560824281139,85.0,0.0
799.0626656213269,84.0,0.0
799.0655969054558,85.0,0.0
799.0693053677684,84.0,0.0
799.0729296885063,85.0,0.0
799.0737080392141,86.0,0.0
799.0740043067027,87.0,0.0
799.0763217724879,88.0,0.0
799.0779460915139,89.0,0.0
799.0839855805168,88.0,0.0
799.0972943666815,89.0,0.0
799.1017619841064,90.0,0.0
799.1027217233684,91.0,0.0
799.1033734562105,92.0,0.0
799.1071917716647,93.0,0.0
799.1180201616131,94.0,0.0
799.1209761807363,95.0,0.0
799.126407470335,96.0,0.0
799.1387412783268,97.0,0.0
799.1408082141579,96.0,0.0
799.1516178674987,95.0,0.0
799.1516246476408,96.0,0.0
799.1521698060399,97.0,0.0
799.1660741433456,96.0,0.0
799.16665368365,97.0,0.0
799.1733717866556,98.0,0.0
799.1875398469824,97.0,0.0
799.1890554092121,96.0,0.0
799.1906192056979,97.0,0.0
799.1913133560732,96.0,0.0
799.1959473267835,97.0,0.0
799.1967066111079,96.0,0.0
799.2000552729944,97.0,0.0
799.201785421386,96.0,0.0
799.2057965136862,97.0,0.0
799.2118216813562,96.0,0.0
799.2172509375778,97.0,0.0
799.2265938720768,96.0,0.0
799.2294517184813,95.0,0.0
799.2324660441059,96.0,0.0
799.23554151315,95.0,0.0
799.2366545447741,96.0,0.0
799.2379067857383,95.0,0.0
799.2426244182243,96.0,0.0
799.2683925271125,95.0,0.0
799.2686089739742,96.0,0.0
799.2720414460591,97.0,0.0
799.2722455823703,98.0,0.0
799.2763012758847,99.0,0.0
799.287088045462,98.0,0.0
799.2979659400943,99.0,0.0
799.2991889534769,100.0,0.0
799.3128030532993,101.0,0.0
799.3202477973745,102.0,0.0
799.323944105545,101.0,0.0
799.3259256815912,102.0,0.0
799.3286503103235,103.0,0.0
799.3286677645425,102.0,0.0
799.3291871328946,101.0,0.0
799.3300602093858,100.0,0.0
799.3354633309118,101.0,0.0
799.3395820007769,100.0,0.0
799.340437701625,99.0,0.0
799.3446305471323,100.0,0.0
799.3522957898178,101.0,0.0
799.359167286554,102.0,0.0
799.365575161004,103.0,0.0
799.3684162320772,102.0,0.0
799.3698568262132,101.0,0.0
799.3810961656643,102.0,0.0
799.3905988779176,103.0,0.0
799.3970785471313,102.0,0.0
799.3995778875739,101.0,0.0
799.4078428598104,102.0,0.0
799.4141227325703,101.0,0.0
799.4168077309367,102.0,0.0
799.4171542831444,101.0,0.0
799.4214883890097,100.0,0.0
799.42247951592,99.0,0.0
799.4303763422876,98.0,0.0
799.431203294868,97.0,0.0
799.4324963508246,98.0,0.0
799.4464220109327,99.0,0.0
799.4472592562951,100.0,0.0
799.4558202898759,99.0,0.0
799.4571694195191,98.0,0.0
799.4609010803321,99.0,0.0
799.4677828958536,100.0,0.0
799.4716515539925,99.0,0.0
799.4730956399598,100.0,0.0
799.4755193684133,99.0,0.0
799.4760891227005,100.0,0.0
799.4772198475882,99.0,0.0
799.4783262736902,98.0,0.0
799.4829634659654,97.0,0.0
799.4849578527472,98.0,0.0
799.4900072768883,97.0,0.0
799.500674117946,96.0,0.0
799.5008205725603,95.0,0.0
799.5057201599628,94.0,0.0
799.5140430763292,95.0,0.0
799.5151778069117,94.0,0.0
799.5158088474082,95.0,0.0
799.5199476436673,94.0,0.0
799.522607350411,95.0,0.0
799.5294077711392,96.0,0.0
799.5295846072406,95.0,0.0
799.5353585047396,94.0,0.0
799.5469746381989,95.0,0.0
799.5595028063198,94.0,0.0
799.5603037913714,95.0,0.0
799.5724661223951,94.0,0.0
799.5849905274487,95.0,0.0
799.5892799851985,96.0,0.0
799.6093851786283,95.0,0.0
799.6156100611009,94.0,0.0
799.6188819356328,93.0,0.0
799.6269548665242,92.0,0.0
799.6338978463401,91.0,0.0
799.636386268396,92.0,0.0
799.638102290896,93.0,0.0
799.6409851182303,94.0,0.0
799.6435212378233,93.0,0.0
799.6477908112165,92.0,0.0
799.6488844040999,91.0,0.0
799.6602130370379,92.0,0.0
799.6609769080562,91.0,0.0
799.6668252509008,90.0,0.0
799.6768052559061,89.0,0.0
799.6783600400354,90.0,0.0
799.6785239352953,91.0,0.0
799.6940779743494,92.0,0.0
799.6955703190636,91.0,0.0
799.6970275513173,90.0,0.0
799.6975560545889,91.0,0.0
799.7035006400989,92.0,0.0
799.7051330658729,91.0,0.0
799.709616164969,90.0,0.0
799.7129274349753,91.0,0.0
799.7243611767304,92.0,0.0
799.7355215625055,91.0,0.0
799.7470222402784,92.0,0.0
799.747891917904,93.0,0.0
799.7490411424308,92.0,0.0
799.7596241960567,93.0,0.0
799.7620932542633,94.0,0.0
799.7788149689189,93.0,0.0
799.7789253118787,94.0,0.0
799.7894709040631,95.0,0.0
799.7919057249567,94.0,0.0
799.792521658405,93.0,0.0
799.7981197121733,94.0,0.0
799.7983998159204,95.0,0.0
799.8037176842691,96.0,0.0
799.8110861330032,97.0,0.0
799.8197046590291,96.0,0.0
799.8238948897924,95.0,0.0
799.8239836424785,96.0,0.0
799.8277786692452,97.0,0.0
799.8320062400534,96.0,0.0
799.8343151748676,95.0,0.0
799.8377200160397,96.0,0.0
799.8413370319151,95.0,0.0
799.8446202164625,96.0,0.0
799.8486847119163,95.0,0.0
799.850778823296,96.0,0.0
799.8565882024348,97.0,0.0
799.8723802202124,96.0,0.0
799.8758607184226,95.0,0.0
799.8852074067513,96.0,0.0
799.8924823837672,95.0,0.0
799.9063758456768,96.0,0.0
799.9083281664134,97.0,0.0
799.9102780416293,98.0,0.0
799.9171074430385,97.0,0.0
799.9223366765021,96.0,0.0
799.9305080643579,95.0,0.0
799.9317616888035,94.0,0.0
799.9360207739055,95.0,0.0
799.9387965871416,94.0,0.0
799.9401054059349,93.0,0.0
799.9577165179174,94.0,0.0
799.959799271556,95.0,0.0
799.9688152067231,94.0,0.0
799.9732050776219,95.0,0.0
799.9770248447796,94.0,0.0
799.9838565832916,95.0,0.0
799.9945935255813,94.0,0.0
800.0106778792181,95.0,0.0
800.0164333250701,96.0,0.0
800.0165441837471,97.0,0.0
800.0248336936672,96.0,0.0
800.0290613269192,97.0,0.0
800.0311859648203,98.0,0.0
800.0325100472544,99.0,0.0
800.0421420295238,100.0,0.0
800.0538759628545,101.0,0.0
800.0547329829824,100.0,0.0
800.067216346823,101.0,0.0
800.0760098833217,102.0,0.0
800.0783215849157,103.0,0.0
800.0834473257381,102.0,0.0
800.0855208076351,101.0,0.0
800.091090461003,102.0,0.0
800.0949202559299,101.0,0.0
800.0976414457584,100.0,0.0
800.100410491764,101.0,0.0
800.1069919490624,102.0,0.0
800.1085597019685,103.0,0.0
800.1087168664673,104.0,0.0
800.1100305305589,103.0,0.0
800.112165257641,104.0,0.0
800.1160570432709,105.0,0.0
800.1185430748865,106.0,0.0
800.127913229301,107.0,0.0
800.1316238360232,108.0,0.0
800.138088736744,107.0,0.0
800.1413164843013,108.0,0.0
800.143392697084,107.0,0.0
800.1504270502359,108.0,0.0
800.1612024683828,107.0,0.0
800.1723456448855,108.0,0.0
800.1812605203993,109.0,0.0
800.1915090812961,110.0,0.0
800.1989035934109,111.0,0.0
800.2004910066041,110.0,0.0
800.2090472025424,111.0,0.0
800.2118512404879,110.0,0.0
800.2182898969647,109.0,0.0
800.22082845996,108.0,0.0
800.2290631144742,107.0,0.0
800.2350962628716,108.0,0.0
800.2355883719656,107.0,0.0
800.2395371135847,106.0,0.0
800.2440745578044,107.0,0.0
800.260388448266,108.0,0.0
800.2620230129464,109.0,0.0
800.2675353092197,108.0,0.0
800.2676727351882,109.0,0.0
800.2746183133871,110.0,0.0
800.2757593333935,111.0,0.0
800.2776291761829,112.0,0.0
800.2863346712614,111.0,0.0
800.2943042010263,110.0,0.0
800.2944776295301,109.0,0.0
800.2955671563883,108.0,0.0
800.3026916845836,109.0,0.0
800.3028243652411,108.0,0.0
800.3110164827569,109.0,0.0
800.3126967881459,110.0,0.0
800.3170482971303,109.0,0.0
800.3175266528343,110.0,0.0
800.3179143982213,111.0,0.0
800.3202507329063,112.0,0.0
800.3214827463329,111.0,0.0
800.3217684401042,110.0,0.0
800.3344804946596,109.0,0.0
800.3347512041269,110.0,0.0
800.33867130625,109.0,0.0
800.3449824093233,108.0,0.0
800.3456242676035,107.0,0.0
800.3573008214722,108.0,0.0
800.3712551977503,107.0,0.0
800.3721507557833,106.0,0.0
800.3734530787094,107.0,0.0
800.382864792433,106.0,0.0
800.4024088711715,107.0,0.0
800.4028080922708,108.0,0.0
800.4114640553732,109.0,0.0
800.4257735393164,110.0,0.0
800.4323857461328,109.0,0.0
800.4325256729156,110.0,0.0
800.4337610133584,109.0,0.0
800.446176470971,110.0,0.0
800.4475690945916,109.0,0.0
800.4636519686485,108.0,0.0
800.4666147191659,109.0,0.0
800.4778822348488,108.0,0.0
800.478428852746,107.0,0.0
800.4846934503722,106.0,0.0
800.4943426462404,107.0,0.0
800.499308358677,106.0,0.0
800.5076264231968,105.0,0.0
800.5140712540973,106.0,0.0
800.523214490041,105.0,0.0
800.5246252688361,104.0,0.0
800.5306321448879,105.0,0.0
800.534819234808,106.0,0.0
800.5395165105879,107.0,0.0
800.5484600597616,108.0,0.0
800.5499885699425,109.0,0.0
800.5535101394543,108.0,0.0
800.5573858190342,109.0,0.0
800.5576573292193,110.0,0.0
800.559013169266,111.0,0.0
800.5632696779741,112.0,0.0
800.5705124535266,111.0,0.0
800.5706637333982,110.0,0.0
800.5731789659819,111.0,0.0
800.5739200266294,110.0,0.0
800.5762846408985,111.0,0.0
800.576964844562,112.0,0.0
800.5813217121918,113.0,0.0
800.5830515104702,114.0,0.0
800.5888833703028,113.0,0.0
800.5924267395707,112.0,0.0
800.6032243577386,113.0,0.0
800.6037867366756,112.0,0.0
800.6051265685088,111.0,0.0
800.6077445290249,112.0,0.0
800.6092175654245,111.0,0.0
800.6100809237014,110.0,0.0
800.6223795882985,111.0,0.0
800.6297525061573,110.0,0.0
800.6344327571784,111.0,0.0
800.6474990640078,112.0,0.0
800.6585826870534,113.0,0.0
800.6634827818774,114.0,0.0
800.6637428990858,115.0,0.0
800.6661133058318,116.0,0.0
800.6696563377858,117.0,0.0
800.6726199889126,118.0,0.0
800.672782615124,117.0,0.0
800.6788508734504,116.0,0.0
800.6821992474797,115.0,0.0
800.6841272710319,114.0,0.0
800.6926605986497,113.0,0.0
800.7007803251452,114.0,0.0
800.7032830526755,115.0,0.0
800.7060777287918,116.0,0.0
800.715528332848,115.0,0.0
800.7198862950273,114.0,0.0
800.7312334040755,113.0,0.0
800.7441250875645,114.0,0.0
800.7481216665788,113.0,0.0
800.7488778716005,114.0,0.0
800.753675569965,115.0,0.0
800.7541419114137,116.0,0.0
800.7544175829722,115.0,0.0
800.759102262231,114.0,0.0
800.7598227356744,113.0,0.0
800.7660501795998,114.0,0.0
800.7660870080039,113.0,0.0
800.7840287571495,112.0,0.0
800.7859547567577,113.0,0.0
800.8027632155042,114.0,0.0
800.8028490911174,115.0,0.0
800.8071402216591,114.0,0.0
800.8100403199287,113.0,0.0
800.8106932617577,114.0,0.0
800.8215770896408,115.0,0.0
800.8266911706021,114.0,0.0
800.8313611089964,113.0,0.0
800.835496211006,114.0,0.0
800.8387966227108,115.0,0.0
800.8416835416158,114.0,0.0
800.8437207949972,113.0,0.0
800.8518444429701,114.0,0.0
800.8518770180517,115.0,0.0
800.8595195344476,114.0,0.0
800.8619601681797,115.0,0.0
800.8673935131942,116.0,0.0
800.8674556377478,117.0,0.0
800.8806641707397,116.0,0.0
800.8888330027028,115.0,0.0
800.890879748452,114.0,0.0
800.8914620211766,115.0,0.0
800.8947258667539,116.0,0.0
800.9020475123897,115.0,0.0
800.9025651395051,114.0,0.0
800.9032535437942,115.0,0.0
800.905885390809,116.0,0.0
800.9079052087677,117.0,0.0
800.9090043843818,116.0,0.0
800.9161150318,115.0,0.0
800.9188976766137,114.0,0.0
800.9223121793589,113.0,0.0
800.9225850142027,114.0,0.0
800.9239349252673,113.0,0.0
800.927593475735,114.0,0.0
800.9420681432392,113.0,0.0
800.9436554766023,112.0,0.0
800.9437913851906,113.0,0.0
800.9443608845363,114.0,0.0
800.9526630692408,115.0,0.0
800.9538236758132,116.0,0.0
800.9635774427869,117.0,0.0
800.9639933602056,116.0,0.0
800.9657139357244,117.0,0.0
800.9672507751341,116.0,0.0
800.9687425210669,115.0,0.0
800.9708848271272,116.0,0.0
800.9817868397856,115.0,0.0
800.9823936940206,116.0,0.0
800.9830073570972,117.0,0.0
800.9872249448616,116.0,0.0
800.9878924462047,117.0,0.0
800.9963786168844,118.0,0.0
801.000024399003,117.0,0.0
801.00877637888,116.0,0.0
801.0103069919858,117.0,0.0
801.01272542936,116.0,0.0
801.0184597538087,117.0,0.0
801.0188550113078,118.0,0.0
801.0234739529445,117.0,0.0
801.0250359079122,116.0,0.0
801.0270290532171,117.0,0.0
801.0378478105131,118.0,0.0
801.0401909946876,119.0,0.0
801.0464648081976,118.0,0.0
801.0511561011442,117.0,0.0
801.0532201170895,118.0,0.0
801.0532459554532,119.0,0.0
801.0547656090118,118.0,0.0
801.057437247253,117.0,0.0
801.0590390366926,116.0,0.0
801.0620397420794,117.0,0.0
801.0655311617131,118.0,0.0
801.0797982392106,119.0,0.0
801.0835329379763,118.0,0.0
801.0887186456563,119.0,0.0
801.094021194112,118.0,0.0
801.100620597553,117.0,0.0
801.1153613514196,116.0,0.0
801.1210972653521,115.0,0.0
801.1286473519929,116.0,0.0
801.1353461268118,115.0,0.0
801.1489384535139,116.0,0.0
801.1576954127431,117.0,0.0
801.1594733649307,118.0,0.0
801.1633615905648,117.0,0.0
801.1704487597339,118.0,0.0
801.1716900897956,117.0,0.0
801.1808358858316,116.0,0.0
801.1856302884336,117.0,0.0
801.1903626626682,118.0,0.0
801.1914317823637,119.0,0.0
801.1921369694946,120.0,0.0
801.2040080004466,121.0,0.0
801.2085240846372,122.0,0.0
801.212167011036,121.0,0.0
801.2139979818799,122.0,0.0
801.2174749493255,123.0,0.0
801.2205953342125,124.0,0.0
801.2215644358685,123.0,0.0
801.2219285762836,122.0,0.0
801.2220095904923,123.0,0.0
801.2303541345339,124.0,0.0
801.2366005609247,123.0,0.0
801.2429665209914,124.0,0.0
801.2453378842735,123.0,0.0
801.2465816095976,122.0,0.0
801.2481901977799,121.0,0.0
801.2492275055029,120.0,0.0
801.256280907883,119.0,0.0
801.2631884513963,120.0,0.0
801.2761526800803,119.0,0.0
801.2869682657297,120.0,0.0
801.293108285431,119.0,0.0
801.3008510659165,120.0,0.0
801.3015827481327,121.0,0.0
801.3059631638497,120.0,0.0
801.306074448131,121.0,0.0
801.3095281928145,122.0,0.0
801.320796360293,121.0,0.0
801.3208760451415,122.0,0.0
801.3251809490158,123.0,0.0
801.3343670252477,124.0,0.0
801.339414263191,125.0,0.0
801.3406181184379,126.0,0.0
801.3434875750052,125.0,0.0
801.3491323672567,126.0,0.0
801.3513485883566,125.0,0.0
801.3513827552941,124.0,0.0
801.3514471359215,125.0,0.0
801.353744587231,124.0,0.0
801.3711711837703,125.0,0.0
801.3813012661562,124.0,0.0
801.3935878956103,125.0,0.0
801.3951019649385,124.0,0.0
801.3984891612206,123.0,0.0
801.4203418611077,122.0,0.0
801.4319296906287,121.0,0.0
801.4349122766106,120.0,0.0
801.4363613899902,119.0,0.0
801.4390536389302,118.0,0.0
801.4417182918805,119.0,0.0
801.4436916235078,120.0,0.0
801.4486434027215,119.0,0.0
801.4504116140857,120.0,0.0
801.4587824369918,119.0,0.0
801.468120547038,120.0,0.0
801.4738557557273,121.0,0.0
801.4812318254601,120.0,0.0
801.4844848876293,121.0,0.0
801.4927831021117,120.0,0.0
801.4927894766653,121.0,0.0
801.5062022070632,120.0,0.0
801.5170357029215,121.0,0.0
801.5173439189379,122.0,0.0
801.5234388290089,121.0,0.0
801.5274211541988,122.0,0.0
801.5508534620349,123.0,0.0
801.5533365111839,122.0,0.0
801.5541511822637,123.0,0.0
801.5578110976811,122.0,0.0
801.5648376591439,121.0,0.0
801.5667141482752,122.0,0.0
801.5777192040345,121.0,0.0
801.5820290807426,120.0,0.0
801.5899832267074,121.0,0.0
801.5900744172975,120.0,0.0
801.592662968735,121.0,0.0
801.5961706894129,122.0,0.0
801.5969349883134,121.0,0.0
801.6006386237103,122.0,0.0
801.6017113981356,123.0,0.0
801.6072096218029,124.0,0.0
801.6184888539232,125.0,0.0
801.6300374183245,124.0,0.0
801.6334033809186,125.0,0.0
801.6336268657258,126.0,0.0
801.6366748744466,127.0,0.0
801.6415764674588,128.0,0.0
801.6430358072878,129.0,0.0
801.6507466623297,128.0,0.0
801.6592708829235,129.0,0.0
801.662990959575,128.0,0.0
801.6631898449,129.0,0.0
801.692164560017,128.0,0.0
801.694987116979,127.0,0.0
801.700595749001,126.0,0.0
801.7071024959696,125.0,0.0
801.7132131524542,124.0,0.0
801.7147524609509,125.0,0.0
801.7230567615076,126.0,0.0
801.7241836980287,125.0,0.0
801.7247805245387,126.0,0.0
801.7260018250679,125.0,0.0
801.7278046987691,124.0,0.0
801.7427551543531,125.0,0.0
801.7438605771762,124.0,0.0
801.7479654584843,125.0,0.0
801.7479884779882,126.0,0.0
801.753753566417,127.0,0.0
801.7603702914519,128.0,0.0
801.7696334509607,129.0,0.0
801.7742730234945,128.0,0.0
801.7807769350813,129.0,0.0
801.7908203710438,128.0,0.0
801.8022053266766,129.0,0.0
801.8034699145403,130.0,0.0
801.8046427369909,129.0,0.0
801.8067473271484,128.0,0.0
801.8173073069735,127.0,0.0
801.8229166432823,126.0,0.0
801.823135147333,125.0,0.0
801.8245395472661,126.0,0.0
801.8266411649681,127.0,0.0
801.830435681149,126.0,0.0
801.8331829031014,127.0,0.0
801.8390473344366,126.0,0.0
801.8579645368177,127.0,0.0
801.8640877632888,128.0,0.0
801.8741367706278,127.0,0.0
801.8823094215479,128.0,0.0
801.8858477772671,129.0,0.0
801.9044386903649,128.0,0.0
801.9098467862558,129.0,0.0
801.9170777966192,128.0,0.0
801.9178412334273,129.0,0.0
801.9212922769377,128.0,0.0
801.9252379657378,127.0,0.0
801.9269175676811,126.0,0.0
801.9491121096297,125.0,0.0
801.9565797546946,126.0,0.0
801.9597353219787,127.0,0.0
801.9653362849161,126.0,0.0
801.9775694934665,125.0,0.0
801.9779222717932,126.0,0.0
801.9793752025662,125.0,0.0
801.9884544709511,126.0,0.0
801.9903659429199,125.0,0.0
802.0106555400645,126.0,0.0
802.0333231194421,127.0,0.0
802.0455694848368,126.0,0.0
802.0557030204109,127.0,0.0
802.0575296370068,126.0,0.0
802.0690405811496,125.0,0.0
802.072927367929,126.0,0.0
802.0852488000475,127.0,0.0
802.0879953794124,128.0,0.0
802.1108118954031,129.0,0.0
802.111629997708,128.0,0.0
802.1123060941873,129.0,0.0
802.1135969071332,128.0,0.0
802.1200161105036,129.0,0.0
802.1491834811995,130.0,0.0
802.1596130664278,131.0,0.0
802.1612226154697,130.0,0.0
802.1637592354085,129.0,0.0
802.1639403533064,128.0,0.0
802.1654860311614,129.0,0.0
802.1676503649607,128.0,0.0
802.1688519926923,129.0,0.0
802.1694893500986,130.0,0.0
802.1812322585987,129.0,0.0
802.1827373709157,130.0,0.0
802.1844959415674,131.0,0.0
802.1930531858679,132.0,0.0
802.1997936731658,131.0,0.0
802.2052253659206,132.0,0.0
802.2105358297391,131.0,0.0
802.2198144804262,130.0,0.0
802.2205350951544,131.0,0.0
802.2265140243707,132.0,0.0
802.232159426727,133.0,0.0
802.2330222713902,132.0,0.0
802.2415555425678,133.0,0.0
802.2423690670386,134.0,0.0
802.2440400926255,135.0,0.0
802.2544611804275,136.0,0.0
802.2557672235837,137.0,0.0
802.2565649083966,136.0,0.0
802.2656836626899,135.0,0.0
802.2699087284485,134.0,0.0
802.2802656421288,133.0,0.0
802.2810181900147,134.0,0.0
802.2898737247239,133.0,0.0
802.2956720442444,132.0,0.0
802.3174788524805,133.0,0.0
802.3196364679479,134.0,0.0
802.3287332190936,133.0,0.0
802.3294576683086,132.0,0.0
802.3471877920144,133.0,0.0
802.3503792873053,134.0,0.0
802.3507340068696,135.0,0.0
802.360670046164,134.0,0.0
802.3684663554758,133.0,0.0
802.3856223367037,132.0,0.0
802.3931207214656,133.0,0.0
802.3969906840025,132.0,0.0
802.3991110417096,133.0,0.0
802.4008489540823,132.0,0.0
802.4029989605285,133.0,0.0
802.4059119777656,134.0,0.0
802.4140868739535,135.0,0.0
802.4222129764383,136.0,0.0
802.4255379943829,137.0,0.0
802.4270461266485,136.0,0.0
802.4403356855842,135.0,0.0
802.4418919608377,134.0,0.0
802.4461974948823,133.0,0.0
802.4595090081215,134.0,0.0
802.4626089779852,135.0,0.0
802.4732315965026,134.0,0.0
802.4789511004462,133.0,0.0
802.4815588945394,134.0,0.0
802.4878011532136,135.0,0.0
802.4934733288145,136.0,0.0
802.4941363576177,135.0,0.0
802.4989010265344,136.0,0.0
802.503923993751,137.0,0.0
802.5117044789517,138.0,0.0
802.5130207291821,139.0,0.0
802.5182466183664,140.0,0.0
802.5288014754062,141.0,0.0
802.5303744000638,142.0,0.0
802.5490193054493,141.0,0.0
802.5502715253875,142.0,0.0
802.5531072256434,141.0,0.0
802.5598166394841,140.0,0.0
802.5678620588587,141.0,0.0
802.5692738915485,142.0,0.0
802.5694209853873,143.0,0.0
802.5706464702756,144.0,0.0
802.5816811569755,143.0,0.0
802.5941187387854,142.0,0.0
802.6025328942425,141.0,0.0
802.6066695719999,140.0,0.0
802.6150684512115,139.0,0.0
802.6150926628835,140.0,0.0
802.6197072881843,139.0,0.0
802.6198874803607,140.0,0.0
802.626607372568,141.0,0.0
802.6309324341124,142.0,0.0
802.6320193770997,141.0,0.0
802.636275816359,142.0,0.0
802.6419040987233,141.0,0.0
802.6458079478579,142.0,0.0
802.6479462765637,143.0,0.0
802.6483027478437,144.0,0.0
802.6579941964366,145.0,0.0
802.6626679866881,146.0,0.0
802.6703309101123,147.0,0.0
802.6720297123992,146.0,0.0
802.6734537600753,145.0,0.0
802.6847765062487,144.0,0.0
802.6878940525726,145.0,0.0
802.6940071996876,144.0,0.0
802.69755320202,145.0,0.0
802.7034370932839,144.0,0.0
802.7087956170348,143.0,0.0
802.7226086163914,142.0,0.0
802.7242658380852,143.0,0.0
802.726181039689,144.0,0.0
802.7264671093794,143.0,0.0
802.7324728359357,142.0,0.0
802.7350446032083,141.0,0.0
802.7357963166716,142.0,0.0
802.7424555265966,143.0,0.0
802.7427258851137,142.0,0.0
802.7445202331763,141.0,0.0
802.7502949972268,140.0,0.0
802.7598195273181,139.0,0.0
802.7691107769319,138.0,0.0
802.7729749491514,139.0,0.0
802.7818758384462,138.0,0.0
802.8068019766051,139.0,0.0
802.8097229371183,140.0,0.0
802.8216138365253,139.0,0.0
802.8236435638477,140.0,0.0
802.8333670685464,139.0,0.0
802.8342343309571,138.0,0.0
802.8428335802889,137.0,0.0
802.8455849219105,136.0,0.0
802.8478363671704,135.0,0.0
802.8492746009377,136.0,0.0
802.8505891231489,137.0,0.0
802.8700174399511,138.0,0.0
802.8734283998579,137.0,0.0
802.8851104252318,138.0,0.0
802.8991631500019,139.0,0.0
802.9010401843922,140.0,0.0
802.9047869436772,141.0,0.0
802.9057523774446,142.0,0.0
802.9073281503795,141.0,0.0
802.9139919067077,142.0,0.0
802.9159141382754,141.0,0.0
802.9220228540489,140.0,0.0
802.924686462354,139.0,0.0
802.9276809727805,140.0,0.0
802.9441338665259,141.0,0.0
802.9506055138321,142.0,0.0
802.9590181922679,143.0,0.0
802.9604023196184,142.0,0.0
802.9613217651871,143.0,0.0
802.9632629654644,144.0,0.0
802.9666680552009,143.0,0.0
802.9674300159469,142.0,0.0
802.9743574354321,143.0,0.0
802.9941019424638,142.0,0.0
803.0145544044477,141.0,0.0
803.0175282332082,140.0,0.0
803.0301679042998,141.0,0.0
803.0484471561587,140.0,0.0
803.0565743251707,141.0,0.0
803.0617916329704,142.0,0.0
803.0685725619201,143.0,0.0
803.071642706282,144.0,0.0
803.0909483009277,143.0,0.0
803.0958796477338,142.0,0.0
803.1034772165766,141.0,0.0
803.1068036417425,140.0,0.0
803.1132956795506,139.0,0.0
803.1361466277981,140.0,0.0
803.1501062573788,139.0,0.0
803.1535387208887,138.0,0.0
803.1791289788791,137.0,0.0
803.180967817178,136.0,0.0
803.1820475819159,137.0,0.0
803.1941261449539,138.0,0.0
803.2005674239867,137.0,0.0
803.2081616076052,136.0,0.0
803.211386029754,137.0,0.0
803.2238627678084,136.0,0.0
803.2241252328989,135.0,0.0
803.2326143337411,136.0,0.0
803.2350153774705,137.0,0.0
803.2822011247829,138.0,0.0
803.2859314033922,137.0,0.0
803.2879130343018,136.0,0.0
803.2977287127719,137.0,0.0
803.3193220265897,136.0,0.0
803.3284578136551,135.0,0.0
803.3292293247604,136.0,0.0
803.3304574281191,137.0,0.0
803.333832912039,136.0,0.0
803.3346522254493,137.0,0.0
803.3390174638913,138.0,0.0
803.3426269125337,137.0,0.0
803.3449906730175,138.0,0.0
803.3788144696326,137.0,0.0
803.3843072400624,136.0,0.0
803.3881133143051,137.0,0.0
803.4036128157802,138.0,0.0
803.4177087489436,137.0,0.0
803.4205662425911,136.0,0.0
803.4213857489929,137.0,0.0
803.4221035472069,136.0,0.0
803.4276994392385,135.0,0.0
803.4300847446592,134.0,0.0
803.4341543926672,133.0,0.0
803.4398277117584,134.0,0.0
803.4425476423812,135.0,0.0
803.4455305938912,136.0,0.0
803.4484957251374,137.0,0.0
803.4486898110267,136.0,0.0
803.4703484004126,135.0,0.0
803.472354124545,136.0,0.0
803.4830693054856,137.0,0.0
803.4854202184853,138.0,0.0
803.4980607314237,139.0,0.0
803.5069641673734,140.0,0.0
803.5087200716172,139.0,0.0
803.5135303346669,138.0,0.0
803.519478827512,137.0,0.0
803.521079314586,136.0,0.0
803.5353620367438,135.0,0.0
803.5420997946146,134.0,0.0
803.5482830752956,133.0,0.0
803.5507877515961,132.0,0.0
803.5593848899339,133.0,0.0
803.5643717556709,132.0,0.0
803.5701610130378,131.0,0.0
803.5703908004393,132.0,0.0
803.5822902890575,133.0,0.0
803.5845867651188,132.0,0.0
803.5850350719928,131.0,0.0
803.5860320327824,130.0,0.0
803.5873873337083,131.0,0.0
803.6081072601436,132.0,0.0
803.6101591743075,133.0,0.0
803.6111251573608,132.0,0.0
803.6141465872088,133.0,0.0
803.6232160614688,132.0,0.0
803.6313220266153,133.0,0.0
803.6345970557278,132.0,0.0
803.6407996285398,131.0,0.0
803.6453123731889,130.0,0.0
803.6478219958525,129.0,0.0
803.6575211101979,130.0,0.0
803.6618576435801,129.0,0.0
803.675252669299,130.0,0.0
803.6866342510491,129.0,0.0
803.694082708668,128.0,0.0
803.7004605459327,129.0,0.0
803.7027758293298,130.0,0.0
803.7080022447886,129.0,0.0
803.7270060311157,128.0,0.0
803.7302453065184,127.0,0.0
803.7386954523038,128.0,0.0
803.747941162294,129.0,0.0
803.7500617368252,130.0,0.0
803.7546236667066,129.0,0.0
803.7563370272713,130.0,0.0
803.760027018024,129.0,0.0
803.7615924400928,128.0,0.0
803.7627749229487,129.0,0.0
803.7861627306911,128.0,0.0
803.8052049527316,127.0,0.0
803.8392700341477,128.0,0.0
803.8421064901254,127.0,0.0
803.8472882689304,126.0,0.0
803.8566374335718,125.0,0.0
803.856801077444,126.0,0.0
803.8700710462361,127.0,0.0
803.8729260112297,126.0,0.0
803.8840325857084,125.0,0.0
803.8876552428751,124.0,0.0
803.8913446908408,123.0,0.0
803.8951702035225,122.0,0.0
803.9041099281682,123.0,0.0
803.9132115368224,124.0,0.0
803.9147092347407,123.0,0.0
803.9167395695542,122.0,0.0
803.9186730413114,121.0,0.0
803.9293652057711,122.0,0.0
803.9296322956959,121.0,0.0
803.9315569725976,120.0,0.0
803.9357627316265,119.0,0.0
803.9396850380265,118.0,0.0
803.9572000737859,119.0,0.0
803.9592430924129,120.0,0.0
803.9626722690026,119.0,0.0
803.9632094910814,118.0,0.0
803.964993766865,119.0,0.0
804.0144928240767,120.0,0.0
804.0158702996133,119.0,0.0
804.0276934839092,118.0,0.0
804.0294911306916,119.0,0.0
804.0320512061135,120.0,0.0
804.0498325705629,119.0,0.0
804.0567518913377,118.0,0.0
804.0626130759002,117.0,0.0
804.0649469428593,118.0,0.0
804.0727524419542,117.0,0.0
804.0806811700811,118.0,0.0
804.0915690117832,117.0,0.0
804.0927144818569,116.0,0.0
804.1001593716989,115.0,0.0
804.1074743819178,114.0,0.0
804.108284182983,113.0,0.0
804.1300753272662,114.0,0.0
804.1386947964958,115.0,0.0
804.1398717318093,114.0,0.0
804.1404470204591,113.0,0.0
804.1455440860775,112.0,0.0
804.1599304575892,113.0,0.0
804.1622019298245,114.0,0.0
804.1651252391432,113.0,0.0
804.1700431683123,112.0,0.0
804.1823135539936,111.0,0.0
804.1838354509421,110.0,0.0
804.1930682017636,109.0,0.0
804.1942110309064,110.0,0.0
804.1997437264207,109.0,0.0
804.2010948915927,110.0,0.0
804.2015060063526,109.0,0.0
804.2115428287489,108.0,0.0
804.2118867346826,107.0,0.0
804.2149080384426,106.0,0.0
804.2274104375333,107.0,0.0
804.2314006496218,108.0,0.0
804.2419006035756,107.0,0.0
804.2693489043145,106.0,0.0
804.27492006472,107.0,0.0
804.285771045872,106.0,0.0
804.2970680857254,105.0,0.0
804.3036963639904,106.0,0.0
804.3090093060174,105.0,0.0
804.3177064585401,106.0,0.0
804.3181601063012,107.0,0.0
804.3458767672893,108.0,0.0
804.3461635421676,109.0,0.0
804.3513963204928,108.0,0.0
804.3529793946407,107.0,0.0
804.3530985350453,106.0,0.0
804.3544161018006,107.0,0.0
804.354490468851,108.0,0.0
804.3583483336305,109.0,0.0
804.3727021221139,110.0,0.0
804.374797329619,111.0,0.0
804.383237280157,112.0,0.0
804.3839657311523,111.0,0.0
804.385151946953,110.0,0.0
804.3908644504816,109.0,0.0
804.4026810672376,110.0,0.0
804.404564002079,111.0,0.0
804.4094093597457,112.0,0.0
804.4249490709503,113.0,0.0
804.4273830802305,112.0,0.0
804.4298094044752,111.0,0.0
804.4319492185612,110.0,0.0
804.4439873006322,111.0,0.0
804.4521646048546,112.0,0.0
804.4549665206774,113.0,0.0
804.4811669402346,114.0,0.0
804.4830589497926,113.0,0.0
804.4836772903112,112.0,0.0
804.4844628181693,113.0,0.0
804.4972330595647,112.0,0.0
804.4985103582216,111.0,0.0
804.505653537037,110.0,0.0
804.5064165514316,109.0,0.0
804.5075646040708,110.0,0.0
804.5132914310534,111.0,0.0
804.5275492967621,112.0,0.0
804.5346080365917,113.0,0.0
804.5363758788109,112.0,0.0
804.5388765189866,113.0,0.0
804.5446475175352,112.0,0.0
804.5456943324316,111.0,0.0
804.5488059159661,110.0,0.0
804.5561746246102,111.0,0.0
804.5673297894587,110.0,0.0
804.5715084064735,109.0,0.0
804.582808491532,110.0,0.0
804.5888400226526,109.0,0.0
804.5905886341837,108.0,0.0
804.5910967091555,107.0,0.0
804.5985198153178,108.0,0.0
804.604204099074,109.0,0.0
804.612006185604,108.0,0.0
804.6141635369413,107.0,0.0
804.6246552690498,106.0,0.0
804.6468449716474,105.0,0.0
804.6545809192623,104.0,0.0
804.6559679152911,105.0,0.0
804.6777570031993,104.0,0.0
804.6872734779296,103.0,0.0
804.6889445719021,102.0,0.0
804.6920816580756,103.0,0.0
804.6964518256781,102.0,0.0
804.6970113847973,101.0,0.0
804.6978392989005,100.0,0.0
804.7124858636627,101.0,0.0
804.7293879150433,102.0,0.0
804.729876991272,103.0,0.0
804.738797850967,102.0,0.0
804.7395122095606,101.0,0.0
804.7440699691624,100.0,0.0
804.7550160306067,99.0,0.0
804.7623318909406,98.0,0.0
804.7636875949556,97.0,0.0
804.7661181390736,96.0,0.0
804.7713127118363,95.0,0.0
804.7796831492593,94.0,0.0
804.7837638481752,93.0,0.0
804.7838363154375,92.0,0.0
804.8000941994824,91.0,0.0
804.8009887279901,92.0,0.0
804.8056652109371,93.0,0.0
804.8175903243261,94.0,0.0
804.8190840888088,95.0,0.0
804.838328718041,96.0,0.0
804.8691662521751,97.0,0.0
804.8732746200011,96.0,0.0
804.8745771597063,95.0,0.0
804.8796353935655,96.0,0.0
804.8867431665975,95.0,0.0
804.8954349956377,96.0,0.0
804.9013161398055,95.0,0.0
804.9086000546337,96.0,0.0
804.9122318123326,95.0,0.0
804.9171028812376,94.0,0.0
804.9199769319225,93.0,0.0
804.9222627149244,94.0,0.0
804.9313638095274,95.0,0.0
804.9340530398138,94.0,0.0
804.9411012144229,93.0,0.0
804.9464326382746,92.0,0.0
804.9649427694716,93.0,0.0
804.9662700002302,92.0,0.0
804.968821471028,91.0,0.0
804.9706602305698,92.0,0.0
804.9760703178246,93.0,0.0
804.9791672887249,92.0,0.0
804.9870440681276,91.0,0.0
804.9904037544862,92.0,0.0
805.0053643306387,93.0,0.0
805.0076260817365,94.0,0.0
805.0187466577906,95.0,0.0
805.031411559367,94.0,0.0
805.032067610855,93.0,0.0
805.0447623821077,92.0,0.0
805.0515174287872,93.0,0.0
805.0572400018089,92.0,0.0
805.0599352601002,93.0,0.0
805.0714893483309,92.0,0.0
805.0752163087396,91.0,0.0
805.0825212387621,92.0,0.0
805.0865864010274,91.0,0.0
805.087091664658,92.0,0.0
805.0877289484023,91.0,0.0
805.0998193630344,90.0,0.0
805.1106259047657,89.0,0.0
805.1156821966933,88.0,0.0
805.1271278730094,87.0,0.0
805.1302782537019,88.0,0.0
805.1336144088613,87.0,0.0
805.1414007207455,86.0,0.0
805.1460933428215,85.0,0.0
805.1557598209282,84.0,0.0
805.1637569894899,83.0,0.0
805.1649480165021,84.0,0.0
805.1699897666305,83.0,0.0
805.1742780349524,82.0,0.0
805.1764757742694,83.0,0.0
805.1872519025546,84.0,0.0
805.2034043736879,83.0,0.0
805.2066297130854,82.0,0.0
805.2144413757519,81.0,0.0
805.2299609302003,82.0,0.0
805.242178055228,83.0,0.0
805.2549351101101,82.0,0.0
805.2587717207315,81.0,0.0
805.2628926408402,82.0,0.0
805.2633722787962,83.0,0.0
805.2857548914379,84.0,0.0
805.293239356372,85.0,0.0
805.3084312858217,86.0,0.0
805.3130121688773,87.0,0.0
805.3157321045272,86.0,0.0
805.3185594587248,85.0,0.0
805.3287365730274,84.0,0.0
805.3354969284787,85.0,0.0
805.3373561987252,84.0,0.0
805.3591327077338,83.0,0.0
805.3787994610335,82.0,0.0
805.3894117966895,81.0,0.0
805.3941770581014,80.0,0.0
805.4045424329418,81.0,0.0
805.405600768064,80.0,0.0
805.4103353155206,81.0,0.0
805.4133498856332,82.0,0.0
805.414858487965,81.0,0.0
805.4180520091063,80.0,0.0
805.4180949020875,79.0,0.0
805.4213952772959,80.0,0.0
805.4392074744286,79.0,0.0
805.4484041602294,80.0,0.0
805.4605263517441,79.0,0.0
805.4655069736579,80.0,0.0
805.4715609272048,81.0,0.0
805.4759109103804,82.0,0.0
805.4779591381757,81.0,0.0
805.4813118419697,80.0,0.0
805.4838499782594,79.0,0.0
805.4848358257908,80.0,0.0
805.5014209906603,79.0,0.0
805.5191920216989,78.0,0.0
805.5314467852224,77.0,0.0
805.5327889399399,76.0,0.0
805.5377189079662,75.0,0.0
805.5571379194989,74.0,0.0
805.5610551172813,75.0,0.0
805.5613954319931,74.0,0.0
805.5621431629276,73.0,0.0
805.5725488931085,72.0,0.0
805.5777728098728,71.0,0.0
805.5799069972313,70.0,0.0
805.5827252322678,69.0,0.0
805.5907696679484,70.0,0.0
805.605937829162,71.0,0.0
805.6082191711466,70.0,0.0
805.6148196989067,69.0,0.0
805.6226174657985,70.0,0.0
805.6310335410692,71.0,0.0
805.6576567058077,70.0,0.0
805.6579575523433,69.0,0.0
805.6656060275664,68.0,0.0
805.6766314790054,67.0,0.0
805.6818377100874,66.0,0.0
805.6830907163167,65.0,0.0
805.6854488018552,64.0,0.0
805.6860373774522,63.0,0.0
805.7049882335914,62.0,0.0
805.707162718199,61.0,0.0
805.7080108288118,60.0,0.0
805.7081090496631,59.0,0.0
805.7117593072821,60.0,0.0
805.7296995547379,59.0,0.0
805.7378728485121,58.0,0.0
805.7402762830665,59.0,0.0
805.7422718233393,58.0,0.0
805.768002519501,57.0,0.0
805.7790093297026,58.0,0.0
805.7963239879383,57.0,0.0
805.7983977344463,56.0,0.0
805.8006383692898,57.0,0.0
805.8059519771405,56.0,0.0
805.8190654610881,55.0,0.0
805.8246310469309,54.0,0.0
805.8286708596057,53.0,0.0
805.8468105995782,52.0,0.0
805.8561380348847,51.0,0.0
805.8677583657634,52.0,0.0
805.8701093442521,51.0,0.0
805.8723644941738,52.0,0.0
805.891119092357,53.0,0.0
805.8995593600602,54.0,0.0
805.910382712717,55.0,0.0
805.9120615402254,56.0,0.0
805.9261151540312,55.0,0.0
805.9384650980163,56.0,0.0
805.9436980501623,55.0,0.0
805.9494641696328,56.0,0.0
805.9574975659353,55.0,0.0
805.9588214194594,54.0,0.0
805.9642727358506,53.0,0.0
805.9748993829428,52.0,0.0
805.9769728511169,51.0,0.0
805.9797648041043,52.0,0.0
805.9798666409771,51.0,0.0
805.9856649066495,50.0,0.0
806.0310836515227,49.0,0.0
806.0324245603013,50.0,0.0
806.0368497770506,49.0,0.0
806.0438031152854,48.0,0.0
806.0439297333816,49.0,0.0
806.0491195005164,48.0,0.0
806.0512516283293,47.0,0.0
806.063865650225,46.0,0.0
806.0644494951424,47.0,0.0
806.0682766751684,46.0,0.0
806.0857694466436,47.0,0.0
806.0862921987934,46.0,0.0
806.0968664664981,45.0,0.0
806.1070289750539,44.0,0.0
806.1123501315662,43.0,0.0
806.1360650579123,42.0,0.0
806.1372969792927,41.0,0.0
806.1505992923727,40.0,0.0
806.1564954505332,41.0,0.0
806.1697172509431,40.0,0.0
806.1907257278283,41.0,0.0
806.2090709730597,42.0,0.0
806.2129344737789,41.0,0.0
806.2433256144203,40.0,0.0
806.2446815580691,41.0,0.0
806.2473384411044,40.0,0.0
806.2493205320764,39.0,0.0
806.2507001937258,38.0,0.0
806.2528659930392,39.0,0.0
806.2598564083227,38.0,0.0
806.2812203622316,37.0,0.0
806.2859870493239,36.0,0.0
806.2870673859387,35.0,0.0
806.2893769106462,34.0,0.0
806.28957071407,35.0,0.0
806.3262072699108,34.0,0.0
806.3340408636109,33.0,0.0
806.3344352269904,32.0,0.0
806.3450003145167,31.0,0.0
806.3458350516063,32.0,0.0
806.347475953365,31.0,0.0
806.3518780233462,32.0,0.0
806.3549103509904,31.0,0.0
806.4012966111125,30.0,0.0
806.4047803662179,31.0,0.0
806.4104057659998,32.0,0.0
806.419729969084,31.0,0.0
806.4250826585279,30.0,0.0
806.4328951526794,31.0,0.0
806.463519477294,32.0,0.0
806.4712153219841,31.0,0.0
806.4991385208936,32.0,0.0
806.5014766254371,31.0,0.0
806.5041419000081,30.0,0.0
806.5240322857366,29.0,0.0
806.5315632795308,30.0,0.0
806.5351788477906,29.0,0.0
806.5522769955396,28.0,0.0
806.5718975450313,29.0,0.0
806.5733905551285,30.0,0.0
806.5983308202194,31.0,0.0
806.617846877159,32.0,0.0
806.6244229122198,31.0,0.0
806.6255571819463,30.0,0.0
806.6352418403867,29.0,0.0
806.6408176202204,28.0,0.0
806.6574536947388,27.0,0.0
806.6650917710192,26.0,0.0
806.6669711672428,25.0,0.0
806.6714327644364,24.0,0.0
806.6820404033019,23.0,0.0
806.6873082529119,24.0,0.0
806.7025668635277,25.0,0.0
806.7098030348545,26.0,0.0
806.711852330334,27.0,0.0
806.734917711452,28.0,0.0
806.7362787990027,27.0,0.0
806.7410160987987,26.0,0.0
806.7652693204118,27.0,0.0
806.7659952780942,26.0,0.0
806.7702625905033,27.0,0.0
806.782234906291,26.0,0.0
806.7961076569024,27.0,0.0
806.7963541008666,28.0,0.0
806.8141233185343,27.0,0.0
806.8164600353365,26.0,0.0
806.8190166680864,27.0,0.0
806.8431096824837,28.0,0.0
806.8480899608704,27.0,0.0
806.8787786002562,28.0,0.0
806.8820172531596,29.0,0.0
806.8820674152569,28.0,0.0
806.8906025796082,27.0,0.0
806.9065211297399,26.0,0.0
806.9171268867821,25.0,0.0
806.9215469679425,24.0,0.0
806.9373800471806,25.0,0.0
806.9445211736839,24.0,0.0
806.9625253431631,23.0,0.0
806.9738424035772,22.0,0.0
806.9788552554368,21.0,0.0
806.987752038118,20.0,0.0
807.0012132600549,19.0,0.0
807.0036656817662,20.0,0.0
807.0171227581001,21.0,0.0
807.022594130479,20.0,0.0
807.0356353310077,19.0,0.0
807.0371690498401,18.0,0.0
807.0379711445831,17.0,0.0
807.0546585542261,16.0,0.0
807.0636660536907,15.0,0.0
807.0638184802453,14.0,0.0
807.0649658088821,13.0,0.0
807.0705915958503,12.0,0.0
807.0733751000613,13.0,0.0
807.1056557995281,12.0,0.0
807.1149557324305,11.0,0.0
807.1248702889006,12.0,0.0
807.1252394496131,11.0,0.0
807.125759447222,12.0,0.0
807.1344712295372,11.0,0.0
807.143710362268,10.0,0.0
807.1547053249195,11.0,0.0
807.1775081244748,10.0,0.0
807.1887836148654,11.0,0.0
807.1910095837138,10.0,0.0
807.191902889623,11.0,0.0
807.2094633506503,12.0,0.0
807.2140328119165,11.0,0.0
807.2166331558396,10.0,0.0
807.2190597970464,11.0,0.0
807.229788525694,10.0,0.0
807.2476608044971,9.0,0.0
807.2506550021216,10.0,0.0
807.259585266547,11.0,0.0
807.2823091977634,12.0,0.0
807.2944739223949,13.0,0.0
807.3093682426554,12.0,0.0
807.3181669483583,11.0,0.0
807.3226099095152,12.0,0.0
807.32748719663,11.0,0.0
807.3338165578346,10.0,0.0
807.3379323967721,9.0,0.0
807.3401675753895,10.0,0.0
807.3634813712634,9.0,0.0
807.364492428008,10.0,0.0
807.367444316442,9.0,0.0
807.3711437498939,10.0,0.0
807.393923703279,9.0,0.0
807.3991524412304,10.0,0.0
807.418268928124,9.0,0.0
807.4194725159782,8.0,0.0
807.4360143112966,7.0,0.0
807.4369949572387,8.0,0.0
807.4451858327039,7.0,0.0
807.4508605142569,6.0,0.0
807.4535960457252,5.0,0.0
807.4612259586638,4.0,0.0
807.4667390834059,3.0,0.0
807.4691564807392,2.0,0.0
807.5033332414561,1.0,0.0
807.5170225050609,2.0,0.0
807.5294656684928,1.0,0.0
807.5445644373708,0.0,0.0
807.5525839773,1.0,0.0
807.556610668775,0.0,0.0
807.6319172302562,1.0,0.0
807.6350622639762,0.0,0.0
807.6390800264825,1.0,0.0
807.645688813634,2.0,0.0
807.649103213345,3.0,0.0
807.659104570074,2.0,0.0
807.667455540134,3.0,0.0
807.6690922448606,2.0,0.0
807.6915353077372,1.0,0.0
807.6916690773302,2.0,0.0
807.6938875686583,1.0,0.0
807.6972901958103,0.0,0.0
807.7392743704586,1.0,0.0
807.7670451990323,0.0,0.0
807.8523914163849,1.0,0.0
807.8732959381354,0.0,0.0
807.8883868052087,1.0,0.0
807.8984077697403,0.0,0.0
807.953898851507,1.0,0.0
807.9834678294098,0.0,0.0
808.0073909317375,1.0,0.0
808.0437695795287,2.0,0.0
808.0670068273308,1.0,0.0
808.0677253180872,0.0,0.0
808.1631799316596,1.0,0.0
808.163322318394,0.0,0.0
808.16752033668,1.0,0.0
808.200669197191,0.0,0.0
808.2201437467608,1.0,0.0
808.2204674748845,0.0,0.0
808.3687848722992,1.0,0.0
808.3734380472528,0.0,0.0
808.4700697526056,1.0,0.0
808.4885618947509,0.0,0.0
808.5928793956173,1.0,0.0
808.6209865514878,0.0,0.0
808.8368588012324,1.0,0.0
808.8500344887304,0.0,0.0
808.964190748386,1.0,0.0
808.9720748688691,0.0,0.0
809.1726714102484,1.0,0.0
809.1837971380234,0.0,0.0
809.1955943560569,1.0,0.0
809.2010806744779,0.0,0.0
809.2389502977736,1.0,0.0
809.2669614981237,0.0,0.0
809.3608034961727,1.0,0.0
809.3762880311192,0.0,0.0
809.4157210773046,1.0,0.0
809.4220635909006,0.0,0.0
809.5234062756347,1.0,0.0
809.5322289971094,0.0,0.0
809.5749646432521,1.0,0.0
809.6182403761476,0.0,0.0
809.6314758763453,1.0,0.0
809.638917863278,0.0,0.0
809.6903340619414,1.0,0.0
809.6932907382876,0.0,0.0
809.6970132917318,1.0,0.0
809.7183051202395,0.0,0.0
809.8050103028901,1.0,0.0
809.8075528768027,2.0,0.0
809.8198825411479,1.0,0.0
809.8220775396132,2.0,0.0
809.8388865740512,1.0,0.0
809.8434114593637,0.0,0.0
809.9594218165148,1.0,0.0
810.0125329619742,2.0,0.0
810.0402887159569,1.0,0.0
810.0515868377498,0.0,0.0
810.1078053058268,1.0,0.0
810.1166493498187,2.0,0.0
810.1328900794487,1.0,0.0
810.135916594891,0.0,0.0
810.1635713500795,1.0,0.0
810.1891091533747,2.0,0.0
810.189341683005,1.0,0.0
810.2066635659561,2.0,0.0
810.2099293105917,3.0,0.0
810.2130555436751,2.0,0.0
810.2140012397131,1.0,0.0
810.2587474691894,0.0,0.0
810.3900970710723,1.0,0.0
810.393408842906,2.0,0.0
810.4021512207792,1.0,0.0
810.4319138815675,0.0,0.0
810.4380157404138,1.0,0.0
810.4400864920308,2.0,0.0
810.4417156053431,1.0,0.0
810.4723624507272,2.0,0.0
810.4738468011391,1.0,0.0
810.4843286428753,0.0,0.0
810.4937306049397,1.0,0.0
810.5225344743155,0.0,0.0
810.6290828561519,1.0,0.0
810.6467820758965,0.0,0.0
810.6481743360101,1.0,0.0
810.652028347775,2.0,0.0
810.6604257586657,3.0,0.0
810.6785203674316,2.0,0.0
810.6852809450953,1.0,0.0
810.6856916197852,0.0,0.0
810.7510629337155,1.0,0.0
810.7637731035236,2.0,0.0
810.765022244252,3.0,0.0
810.7936969222446,2.0,0.0
810.8036711045149,1.0,0.0
810.8187931564291,2.0,0.0
810.821341921806,3.0,0.0
810.8346198231325,2.0,0.0
810.838341977529,3.0,0.0
810.8431094457467,4.0,0.0
810.8448578370802,3.0,0.0
810.8480624162839,2.0,0.0
810.8663241399526,1.0,0.0
810.8688810251605,2.0,0.0
810.8727462436809,3.0,0.0
810.8800421120926,2.0,0.0
810.8812117042035,1.0,0.0
810.8813577071195,0.0,0.0
810.9118223367235,1.0,0.0
810.9285247279602,0.0,0.0
810.9666239551774,1.0,0.0
810.9683552699222,0.0,0.0
810.9752200072596,1.0,0.0
810.9791871278651,2.0,0.0
810.9920832466394,1.0,0.0
811.0042288665546,2.0,0.0
811.0191556635602,1.0,0.0
811.0303759097809,0.0,0.0
811.0933085274629,1.0,0.0
811.1041473203609,2.0,0.0
811.1123573668408,1.0,0.0
811.1143647653232,2.0,0.0
811.1241600284146,3.0,0.0
811.127606840504,2.0,0.0
811.1292490868291,1.0,0.0
811.1345555987631,0.0,0.0
811.168097356461,1.0,0.0
811.1820490899879,0.0,0.0
811.201704303774,1.0,0.0
811.2144558081944,0.0,0.0
811.2401571013976,1.0,0.0
811.2489646451346,0.0,0.0
811.3116805050057,1.0,0.0
811.3213304641597,0.0,0.0
811.3349695793864,1.0,0.0
811.3519821967018,0.0,0.0
811.3911619700666,1.0,0.0
811.3970716450019,0.0,0.0
811.4127311149499,1.0,0.0
811.4186572776848,0.0,0.0
811.4287723868331,1.0,0.0
811.4493828850009,0.0,0.0
811.486426660793,1.0,0.0
811.4912262320831,2.0,0.0
811.4922226437883,1.0,0.0
811.504577944487,2.0,0.0
811.5046357646315,1.0,0.0
811.5446314043104,0.0,0.0
811.5620609906953,1.0,0.0
811.6010082711299,2.0,0.0
811.6444569648564,3.0,0.0
811.6509370353755,4.0,0.0
811.6574291607797,5.0,0.0
811.6627953101264,4.0,0.0
811.6645774916616,5.0,0.0
811.6660716354689,6.0,0.0
811.684866233381,7.0,0.0
811.6849108643793,6.0,0.0
811.7001666324828,7.0,0.0
811.7006608849128,8.0,0.0
811.7027594284583,7.0,0.0
811.7058293259862,6.0,0.0
811.7158205222956,5.0,0.0
811.7246482822857,6.0,0.0
811.7266404248121,5.0,0.0
811.7322160841752,6.0,0.0
811.7363309715934,7.0,0.0
811.7529024190752,8.0,0.0
811.7615117526028,7.0,0.0
811.7685150768847,6.0,0.0
811.7925916281243,7.0,0.0
811.7939960410482,8.0,0.0
811.8029494502599,7.0,0.0
811.8103279778977,6.0,0.0
811.8341416822071,5.0,0.0
811.8421415702055,6.0,0.0
811.8422401138585,5.0,0.0
811.853852072076,6.0,0.0
811.8559224505634,7.0,0.0
811.8696318138658,8.0,0.0
811.8702122768544,9.0,0.0
811.8764464618532,8.0,0.0
811.8767037737488,7.0,0.0
811.8833716024801,6.0,0.0
811.8904853359146,5.0,0.0
811.9005719776096,6.0,0.0
811.9047542088963,5.0,0.0
811.9198577739992,4.0,0.0
811.930933935236,3.0,0.0
811.9351006112253,4.0,0.0
811.9364705632743,3.0,0.0
811.9428187092203,4.0,0.0
811.9477095640322,3.0,0.0
811.9517398958926,2.0,0.0
811.9538293914136,3.0,0.0
811.9739176129356,4.0,0.0
811.9773792389735,3.0,0.0
811.9898534254835,4.0,0.0
812.004372878576,5.0,0.0
812.0044107891243,4.0,0.0
812.0065204814039,5.0,0.0
812.0165519856234,6.0,0.0
812.021003514214,7.0,0.0
812.0372318353506,6.0,0.0
812.0433234644446,7.0,0.0
812.0469658631584,8.0,0.0
812.0495788252523,9.0,0.0
812.0558850391249,8.0,0.0
812.0604532645285,9.0,0.0
812.0609891893837,10.0,0.0
812.0653647641859,9.0,0.0
812.093441870618,8.0,0.0
812.0941568661955,7.0,0.0
812.1059059281066,8.0,0.0
812.1161955993988,9.0,0.0
812.121351657736,10.0,0.0
812.129301154257,11.0,0.0
812.1316460126089,12.0,0.0
812.1478286968062,13.0,0.0
812.1484227239067,14.0,0.0
812.1499928178024,15.0,0.0
812.1558371782454,16.0,0.0
812.1625769965335,15.0,0.0
812.1625796316589,16.0,0.0
812.1714310229246,15.0,0.0
812.1753973989526,14.0,0.0
812.1997374755479,15.0,0.0
812.2000549877201,16.0,0.0
812.2033056861735,15.0,0.0
812.2064674684889,16.0,0.0
812.2112419079789,17.0,0.0
812.2158745265584,18.0,0.0
812.2187084293856,17.0,0.0
812.2234674476439,16.0,0.0
812.2246279225357,17.0,0.0
812.2472759766523,16.0,0.0
812.2534651562506,17.0,0.0
812.2732643484651,18.0,0.0
812.2738630860079,19.0,0.0
812.2842506167708,20.0,0.0
812.2992935312539,19.0,0.0
812.316470058976,20.0,0.0
812.3190647337616,19.0,0.0
812.3391388405282,20.0,0.0
812.3470054603198,19.0,0.0
812.3481619710165,18.0,0.0
812.3507646416381,19.0,0.0
812.3524314651428,18.0,0.0
812.3605565859807,17.0,0.0
812.3630814626312,16.0,0.0
812.3639785415637,15.0,0.0
812.3931902231063,14.0,0.0
812.4012556362741,13.0,0.0
812.4030646928252,14.0,0.0
812.4045552156767,13.0,0.0
812.4092693374891,12.0,0.0
812.4127766949663,13.0,0.0
812.4176254578063,14.0,0.0
812.4210554372648,15.0,0.0
812.4375580375753,14.0,0.0
812.4387880777484,13.0,0.0
812.4476557382657,14.0,0.0
812.4634950934534,13.0,0.0
812.4682857752671,12.0,0.0
812.4733393010385,13.0,0.0
812.4843949918599,14.0,0.0
812.5136546663302,13.0,0.0
812.5223144237082,12.0,0.0
812.5229295160644,13.0,0.0
812.5271643102803,12.0,0.0
812.5272216251836,13.0,0.0
812.5295059519068,14.0,0.0
812.5319910222228,15.0,0.0
812.5362327120284,14.0,0.0
812.5515263831606,15.0,0.0
812.5650625312543,14.0,0.0
812.5655315730019,13.0,0.0
812.5713132195309,12.0,0.0
812.5726106940865,13.0,0.0
812.580568599982,14.0,0.0
812.5872683963039,13.0,0.0
812.600727169666,12.0,0.0
812.6034337081232,13.0,0.0
812.6081851408022,14.0,0.0
812.6087660152276,13.0,0.0
812.613037897859,14.0,0.0
812.6187164653027,15.0,0.0
812.6192173513989,14.0,0.0
812.619569619057,13.0,0.0
812.6196162570519,14.0,0.0
812.6367914250486,13.0,0.0
812.637332032913,12.0,0.0
812.6397957742194,11.0,0.0
812.6400542627185,10.0,0.0
812.6495177984394,9.0,0.0
812.652048457341,10.0,0.0
812.6554489002204,11.0,0.0
812.6579804661736,12.0,0.0
812.6606766750734,11.0,0.0
812.6682250006297,12.0,0.0
812.6782344552571,11.0,0.0
812.6782369577469,12.0,0.0
812.6786951032554,11.0,0.0
812.6912258851506,12.0,0.0
812.6978708773978,11.0,0.0
812.7073429849096,12.0,0.0
812.7106635973711,13.0,0.0
812.713577745627,14.0,0.0
812.7204907485526,15.0,0.0
812.7238064094958,16.0,0.0
812.7240515511571,17.0,0.0
812.7321125107035,18.0,0.0
812.7326664146128,19.0,0.0
812.7341430253771,18.0,0.0
812.7349328369388,17.0,0.0
812.7381137642282,16.0,0.0
812.7638060841232,17.0,0.0
812.7705606335923,18.0,0.0
812.7729472967404,19.0,0.0
812.7740311253459,20.0,0.0
812.7744093095623,21.0,0.0
812.78018092858,20.0,0.0
812.782791811056,21.0,0.0
812.7852399146017,20.0,0.0
812.7860978310915,21.0,0.0
812.7872403526837,22.0,0.0
812.7901063334239,23.0,0.0
812.7940256786842,22.0,0.0
812.7947759096741,23.0,0.0
812.7963848614366,22.0,0.0
812.8132768962034,23.0,0.0
812.8181414199573,24.0,0.0
812.8220891895387,25.0,0.0
812.8262606218431,26.0,0.0
812.8298780616549,27.0,0.0
812.8351556648702,28.0,0.0
812.8398810891106,29.0,0.0
812.8466670841526,28.0,0.0
812.8515053498413,29.0,0.0
812.8519816341061,30.0,0.0
812.8628019626228,31.0,0.0
812.8787220432323,32.0,0.0
812.8797266591824,33.0,0.0
812.8803028874871,32.0,0.0
812.8892627309232,31.0,0.0
812.9116260997818,30.0,0.0
812.9153975528285,29.0,0.0
812.9286691133763,28.0,0.0
812.9299075627895,27.0,0.0
812.9301723451093,26.0,0.0
812.9338433163957,25.0,0.0
812.9340719642664,24.0,0.0
812.9497200271744,25.0,0.0
812.9532068215564,26.0,0.0
812.953501427829,25.0,0.0
812.9566385937319,26.0,0.0
812.9695354381788,27.0,0.0
812.9722622440063,26.0,0.0
812.9737706076066,25.0,0.0
812.9788270064532,26.0,0.0
812.9843457347808,27.0,0.0
812.9859192449519,28.0,0.0
812.9963523905836,27.0,0.0
813.0021566197715,26.0,0.0
813.0076127408936,27.0,0.0
813.0097601425902,28.0,0.0
813.0099319360903,27.0,0.0
813.0147688792624,28.0,0.0
813.0189416975381,29.0,0.0
813.0230978986261,30.0,0.0
813.0264454927622,31.0,0.0
813.0283883279935,32.0,0.0
813.0299506840266,31.0,0.0
813.0305768684366,30.0,0.0
813.050812206712,29.0,0.0
813.051529740946,28.0,0.0
813.0523096896393,29.0,0.0
813.0538745353458,30.0,0.0
813.0654541491111,29.0,0.0
813.073402194019,28.0,0.0
813.0762569168883,27.0,0.0
813.0791034240629,28.0,0.0
813.0853348342853,29.0,0.0
813.0871435893896,28.0,0.0
813.0939323031754,29.0,0.0
813.1110175232791,28.0,0.0
813.1165026397446,29.0,0.0
813.1182400525369,28.0,0.0
813.1188972562879,29.0,0.0
813.1255376986195,30.0,0.0
813.132807353315,29.0,0.0
813.1405469159891,30.0,0.0
813.1435788710172,29.0,0.0
813.1436606003124,30.0,0.0
813.1525927921149,29.0,0.0
813.168093590385,30.0,0.0
813.1791199777988,29.0,0.0
813.1833067058403,28.0,0.0
813.1866695717588,29.0,0.0
813.1986719531583,28.0,0.0
813.2004088635658,29.0,0.0
813.2042445988553,30.0,0.0
813.2061444106349,29.0,0.0
813.2105478754955,30.0,0.0
813.2150023243452,29.0,0.0
813.2154747418357,30.0,0.0
813.2229957660761,31.0,0.0
813.22580916762,32.0,0.0
813.2323046574544,31.0,0.0
813.2324600766226,32.0,0.0
813.2337519707348,33.0,0.0
813.2337726555363,32.0,0.0
813.2405264713681,33.0,0.0
813.2423591540331,34.0,0.0
813.2430316111048,33.0,0.0
813.2459391942085,34.0,0.0
813.245992684775,33.0,0.0
813.2473474859106,34.0,0.0
813.2478201879542,33.0,0.0
813.2622345592513,34.0,0.0
813.2643483351084,35.0,0.0
813.275341843849,36.0,0.0
813.279911191887,35.0,0.0
813.2842135156185,34.0,0.0
813.291637011215,33.0,0.0
813.2977727513803,34.0,0.0
813.2978879536921,35.0,0.0
813.3021466384939,34.0,0.0
813.3095326556615,35.0,0.0
813.3191938156695,36.0,0.0
813.3196866823464,35.0,0.0
813.3213992121437,36.0,0.0
813.340936627754,37.0,0.0
813.3458280419363,36.0,0.0
813.3515064165191,37.0,0.0
813.3536826900649,38.0,0.0
813.3619653614794,37.0,0.0
813.3641243662648,38.0,0.0
813.3735918067537,37.0,0.0
813.3755696796987,36.0,0.0
813.3828671386473,35.0,0.0
813.4000902055399,36.0,0.0
813.4099574427172,37.0,0.0
813.4188160041415,38.0,0.0
813.4216409927118,37.0,0.0
813.4234655030677,38.0,0.0
813.426269983743,39.0,0.0
813.4268336103801,38.0,0.0
813.431780030871,37.0,0.0
813.4394004678647,36.0,0.0
813.4531255633337,37.0,0.0
813.4578831554205,38.0,0.0
813.4633813088776,39.0,0.0
813.4673794843559,38.0,0.0
813.4752075971375,39.0,0.0
813.4813709945562,38.0,0.0
813.4908172628878,37.0,0.0
813.4921238227532,38.0,0.0
813.4997020970286,39.0,0.0
813.506253016498,40.0,0.0
813.5094186564069,41.0,0.0
813.5100780353791,42.0,0.0
813.5142931389108,41.0,0.0
813.5177778735624,40.0,0.0
813.528263910702,39.0,0.0
813.5299693567084,38.0,0.0
813.531958576168,39.0,0.0
813.5370394267661,38.0,0.0
813.5475414427594,39.0,0.0
813.5520388069692,38.0,0.0
813.5550865779796,37.0,0.0
813.5652871300459,38.0,0.0
813.5658486118169,39.0,0.0
813.5683204243759,38.0,0.0
813.576522649592,39.0,0.0
813.5766460063089,40.0,0.0
813.5774507192986,39.0,0.0
813.5784631595569,40.0,0.0
813.5791201122985,41.0,0.0
813.5811806027606,42.0,0.0
813.5837788235576,43.0,0.0
813.5881758150533,44.0,0.0
813.5930994864414,43.0,0.0
813.6117730588688,44.0,0.0
813.6189214949856,43.0,0.0
813.6221764518742,42.0,0.0
813.6349912801536,43.0,0.0
813.6365802898754,44.0,0.0
813.6450493902023,45.0,0.0
813.6507069814984,44.0,0.0
813.6533476915743,45.0,0.0
813.6585868429346,44.0,0.0
813.6621475618362,45.0,0.0
813.6635089704571,44.0,0.0
813.6767278061689,43.0,0.0
813.6818448003902,44.0,0.0
813.6908571920195,45.0,0.0
813.6919785882842,46.0,0.0
813.6969637250954,45.0,0.0
813.6978087143169,46.0,0.0
813.6998006690826,47.0,0.0
813.7021967608217,46.0,0.0
813.7044009406201,45.0,0.0
813.7063562292994,46.0,0.0
813.7080777539288,47.0,0.0
813.7127833684605,48.0,0.0
813.7135205522053,49.0,0.0
813.7150513467262,50.0,0.0
813.7231709336828,49.0,0.0
813.7315661258458,50.0,0.0
813.7375458225091,49.0,0.0
813.7394142080899,50.0,0.0
813.7430979152322,51.0,0.0
813.750051123079,52.0,0.0
813.7533986138707,51.0,0.0
813.7606445872259,52.0,0.0
813.7616338231846,53.0,0.0
813.7653359402578,52.0,0.0
813.7658350933403,53.0,0.0
813.7722010861971,54.0,0.0
813.7830242354515,55.0,0.0
813.786351094761,56.0,0.0
813.7916429473598,55.0,0.0
813.8074852373593,56.0,0.0
813.818170727386,57.0,0.0
813.8238630875612,58.0,0.0
813.8263554958929,57.0,0.0
813.8483815847914,56.0,0.0
813.8491462000771,57.0,0.0
813.8613582047544,58.0,0.0
813.8660050610803,59.0,0.0
813.8675961445341,60.0,0.0
813.8718720679351,59.0,0.0
813.8852313025794,60.0,0.0
813.897437709155,59.0,0.0
813.8974993725894,58.0,0.0
813.9027654408013,57.0,0.0
813.9056424430735,58.0,0.0
813.9152714283836,57.0,0.0
813.9158764994412,58.0,0.0
813.9180417610792,59.0,0.0
813.9191988163248,58.0,0.0
813.9239641870563,57.0,0.0
813.9254958001652,58.0,0.0
813.9274975629344,57.0,0.0
813.9300576067286,56.0,0.0
813.936210979177,55.0,0.0
813.9375498623647,56.0,0.0
813.9383495330316,57.0,0.0
813.9392182017768,56.0,0.0
813.9403633484741,55.0,0.0
813.943652904882,56.0,0.0
813.9609947846805,57.0,0.0
813.9720153538284,58.0,0.0
813.9740653608659,59.0,0.0
813.9741536626988,60.0,0.0
813.9840967327898,61.0,0.0
813.9902016107162,62.0,0.0
813.990554757294,61.0,0.0
813.992627834285,60.0,0.0
813.99976907547,59.0,0.0
814.0049811641234,60.0,0.0
814.0081046240102,59.0,0.0
814.0085821379813,60.0,0.0
814.0130455956878,59.0,0.0
814.0156688161626,60.0,0.0
814.0320497008754,59.0,0.0
814.032562732939,58.0,0.0
814.0326051866891,59.0,0.0
814.0457258838763,60.0,0.0
814.0485464234268,61.0,0.0
814.0606042689807,62.0,0.0
814.0620495566757,61.0,0.0
814.0621739050877,60.0,0.0
814.0760656014603,61.0,0.0
814.088369550067,62.0,0.0
814.0885886050739,63.0,0.0
814.0926688458804,64.0,0.0
814.0975026383586,63.0,0.0
814.0995874226026,62.0,0.0
814.1025869798957,63.0,0.0
814.1176505396858,64.0,0.0
814.1234706284553,65.0,0.0
814.1285523229137,64.0,0.0
814.1427635761715,63.0,0.0
814.1427769578069,62.0,0.0
814.1444005025398,61.0,0.0
814.1450226365451,62.0,0.0
814.1454756456352,61.0,0.0
814.1616361049853,60.0,0.0
814.1629450904863,59.0,0.0
814.1678894175919,60.0,0.0
814.168059280663,61.0,0.0
814.1746586629521,60.0,0.0
814.1763239248469,59.0,0.0
814.1854970097238,60.0,0.0
814.1861763233559,61.0,0.0
814.1912686579275,60.0,0.0
814.1928413759065,61.0,0.0
814.1966703871183,62.0,0.0
814.2038839463115,63.0,0.0
814.2051305365119,62.0,0.0
814.2058594550747,63.0,0.0
814.2059940774491,64.0,0.0
814.2157102650575,65.0,0.0
814.2229342207206,66.0,0.0
814.2281811122405,67.0,0.0
814.2296587800026,66.0,0.0
814.236824866986,65.0,0.0
814.2394959480667,66.0,0.0
814.2803091803437,67.0,0.0
814.2812576077886,66.0,0.0
814.2951639866524,67.0,0.0
814.296445005598,68.0,0.0
814.3069919539137,67.0,0.0
814.3075520205463,66.0,0.0
814.3088117541886,67.0,0.0
814.3142050789138,66.0,0.0
814.3250110325569,67.0,0.0
814.3276353757041,68.0,0.0
814.3370761381998,67.0,0.0
814.3439385695899,68.0,0.0
814.350280997206,69.0,0.0
814.3549786832579,70.0,0.0
814.3564430050639,71.0,0.0
814.3570062974069,72.0,0.0
814.361304310813,73.0,0.0
814.3614584917706,74.0,0.0
814.3649310482834,73.0,0.0
814.3700770360481,74.0,0.0
814.3737034215944,75.0,0.0
814.3772775922466,76.0,0.0
814.3778486938163,75.0,0.0
814.3804026902055,74.0,0.0
814.3818742107267,73.0,0.0
814.387122225614,72.0,0.0
814.3927931631954,71.0,0.0
814.3986737821955,72.0,0.0
814.4115836818005,73.0,0.0
814.4154552135584,74.0,0.0
814.4175180757711,75.0,0.0
814.4227280393628,74.0,0.0
814.4233764782953,75.0,0.0
814.4277421055781,76.0,0.0
814.4312006963031,75.0,0.0
814.4313230363524,74.0,0.0
814.4358232080917,75.0,0.0
814.4371050763631,76.0,0.0
814.4391914628053,75.0,0.0
814.4430570133724,74.0,0.0
814.4431120930795,75.0,0.0
814.4437833628044,74.0,0.0
814.4454508159341,75.0,0.0
814.4518950335327,74.0,0.0
814.452371059181,75.0,0.0
814.456530895003,74.0,0.0
814.4663377472159,73.0,0.0
814.478590404945,72.0,0.0
814.4865888979068,73.0,0.0
814.4958282194516,72.0,0.0
814.5054825967326,73.0,0.0
814.5086630050534,74.0,0.0
814.5318750101934,75.0,0.0
814.550579439819,74.0,0.0
814.5563897817246,73.0,0.0
814.5580432015553,74.0,0.0
814.5623115438218,73.0,0.0
814.5629454775138,74.0,0.0
814.5653769157772,75.0,0.0
814.5691130365011,74.0,0.0
814.569381049655,75.0,0.0
814.5705863880426,76.0,0.0
814.577413323194,77.0,0.0
814.5788766076244,76.0,0.0
814.5804516720491,77.0,0.0
814.5878660503553,78.0,0.0
814.5979352027716,77.0,0.0
814.601557089751,78.0,0.0
814.6055732960746,79.0,0.0
814.6063847526023,78.0,0.0
814.6084802090065,79.0,0.0
814.6194442265331,78.0,0.0
814.621513067585,79.0,0.0
814.6250540878926,78.0,0.0
814.627657153289,77.0,0.0
814.6426124092051,76.0,0.0
814.6446948251335,77.0,0.0
814.645079270662,78.0,0.0
814.6489731702727,77.0,0.0
814.6526626583561,78.0,0.0
814.6580074109397,79.0,0.0
814.6724364315384,80.0,0.0
814.6754089343582,81.0,0.0
814.6898257732267,82.0,0.0
814.6906821441696,83.0,0.0
814.6921556452986,82.0,0.0
814.6993064029232,81.0,0.0
814.7014666478009,80.0,0.0
814.7050380697963,81.0,0.0
814.722620407936,80.0,0.0
814.7243276019443,79.0,0.0
814.7254678506852,80.0,0.0
814.7260914929539,81.0,0.0
814.7385665277395,82.0,0.0
814.7480851014374,81.0,0.0
814.7485871546967,82.0,0.0
814.7499928259875,83.0,0.0
814.7572644622237,84.0,0.0
814.757359806869,85.0,0.0
814.7668108138411,84.0,0.0
814.7680752894438,83.0,0.0
814.7735199471687,84.0,0.0
814.7817118728565,85.0,0.0
814.7820340554387,84.0,0.0
814.7988205448349,85.0,0.0
814.8084287118179,86.0,0.0
814.8121583161982,85.0,0.0
814.8164335599686,86.0,0.0
814.8186876344552,87.0,0.0
814.8197395658618,88.0,0.0
814.8198351098126,87.0,0.0
814.8214961187525,86.0,0.0
814.8273040426526,87.0,0.0
814.8301155993347,88.0,0.0
814.8357868596756,89.0,0.0
814.8438228993747,88.0,0.0
814.8560892937945,87.0,0.0
814.8583585351298,88.0,0.0
814.8615978051495,89.0,0.0
814.8618420053634,88.0,0.0
814.8621321691578,87.0,0.0
814.8730164015083,88.0,0.0
814.8742686128485,89.0,0.0
814.8776920190247,90.0,0.0
814.8830285772463,91.0,0.0
814.8851460988793,92.0,0.0
814.8900315288428,93.0,0.0
814.8979759776253,92.0,0.0
814.9080207097038,91.0,0.0
814.9093672849145,90.0,0.0
814.9106456446657,89.0,0.0
814.9183411275103,90.0,0.0
814.9201716373581,89.0,0.0
814.9232903637244,90.0,0.0
814.9297997871042,89.0,0.0
814.9330140779267,90.0,0.0
814.9502332677009,91.0,0.0
814.9515388847515,92.0,0.0
814.9542277852381,93.0,0.0
814.9665429126676,92.0,0.0
814.9795296837066,91.0,0.0
814.9841354098896,90.0,0.0
814.9866006918669,89.0,0.0
814.9873879654398,90.0,0.0
814.9941314536188,91.0,0.0
814.9966480486015,92.0,0.0
814.9977782330067,91.0,0.0
815.0167368950025,92.0,0.0
815.0193578845744,93.0,0.0
815.0230910868353,92.0,0.0
815.0234088659317,93.0,0.0
815.0310779949463,92.0,0.0
815.0348602057795,91.0,0.0
815.0405485049614,92.0,0.0
815.0470418720569,91.0,0.0
815.0478124384379,90.0,0.0
815.0479244306412,89.0,0.0
815.0538617723215,90.0,0.0
815.0612025298068,89.0,0.0
815.0619227823149,88.0,0.0
815.0678966492723,87.0,0.0
815.0710214521072,88.0,0.0
815.0717001824548,89.0,0.0
815.080221997612,90.0,0.0
815.0807465579244,91.0,0.0
815.0816367598264,92.0,0.0
815.0829958875612,93.0,0.0
815.0882712855391,94.0,0.0
815.0972747501668,95.0,0.0
815.0980586714785,94.0,0.0
815.0984414930405,95.0,0.0
815.1013756543354,96.0,0.0
815.1031319815128,97.0,0.0
815.1071651761026,96.0,0.0
815.1074059249859,95.0,0.0
815.1088766599842,94.0,0.0
815.1132371963732,95.0,0.0
815.1186173780269,96.0,0.0
815.1213900256088,95.0,0.0
815.1229249379018,96.0,0.0
815.1268067965163,97.0,0.0
815.1291358909991,96.0,0.0
815.1331443062063,97.0,0.0
815.1334602479541,96.0,0.0
815.140374892591,97.0,0.0
815.1523494880652,98.0,0.0
815.1529278554383,97.0,0.0
815.1619529210762,98.0,0.0
815.1638620877717,97.0,0.0
815.1763524804807,98.0,0.0
815.1764964339135,99.0,0.0
815.1767265876201,100.0,0.0
815.1830136589613,101.0,0.0
815.1861481157632,100.0,0.0
815.1877835595081,99.0,0.0
815.1905203102186,98.0,0.0
815.1988599521204,97.0,0.0
815.201656883397,98.0,0.0
815.2077943050238,99.0,0.0
815.21004873961,100.0,0.0
815.2109695469383,101.0,0.0
815.220123080511,102.0,0.0
815.2235107411402,103.0,0.0
815.2296190123798,102.0,0.0
815.2426409511606,103.0,0.0
815.2454014705027,102.0,0.0
815.251214973793,103.0,0.0
815.2523292871623,102.0,0.0
815.2653942288949,103.0,0.0
815.2682379711965,104.0,0.0
815.2718265737846,103.0,0.0
815.2804973074906,104.0,0.0
815.280520583877,105.0,0.0
815.2860502207196,106.0,0.0
815.2866863934428,107.0,0.0
815.2994674633569,106.0,0.0
815.3015463950412,107.0,0.0
815.3026756380561,108.0,0.0
815.3048351479287,107.0,0.0
815.304925780885,108.0,0.0
815.3071499022138,107.0,0.0
815.3079362254449,108.0,0.0
815.3099699561543,109.0,0.0
815.3154688977281,110.0,0.0
815.3154854870772,109.0,0.0
815.321284519763,110.0,0.0
815.323893344706,109.0,0.0
815.3273405969916,110.0,0.0
815.3350923071345,111.0,0.0
815.3352636544839,110.0,0.0
815.3446931397001,111.0,0.0
815.3555704197942,110.0,0.0
815.3588590727992,111.0,0.0
815.3777614510196,112.0,0.0
815.380854896195,113.0,0.0
815.3811957164492,112.0,0.0
815.3816070103857,113.0,0.0
815.3850188197775,114.0,0.0
815.3868887243007,115.0,0.0
815.4052862630568,114.0,0.0
815.408873535845,115.0,0.0
815.4157955821659,116.0,0.0
815.4165400051124,115.0,0.0
815.4185745634782,114.0,0.0
815.4253460158097,113.0,0.0
815.4262310748989,114.0,0.0
815.4287210737679,113.0,0.0
815.4311890935173,114.0,0.0
815.4354305824057,115.0,0.0
815.4396826913026,116.0,0.0
815.4444930678393,115.0,0.0
815.4459806780627,114.0,0.0
815.4510313731206,113.0,0.0
815.4539709819762,112.0,0.0
815.4602683952052,111.0,0.0
815.4657249875336,112.0,0.0
815.4714253036179,111.0,0.0
815.4855157938453,110.0,0.0
815.4971588222792,111.0,0.0
815.5092233629553,112.0,0.0
815.509944008558,113.0,0.0
815.5185321330177,114.0,0.0
815.5255962016838,113.0,0.0
815.5269342712483,114.0,0.0
815.5316635982836,113.0,0.0
815.5361758037583,112.0,0.0
815.5460280032374,111.0,0.0
815.5484399937483,112.0,0.0
815.5507877598177,113.0,0.0
815.5581825990448,114.0,0.0
815.5615440729177,113.0,0.0
815.5660550355043,114.0,0.0
815.5676888146252,115.0,0.0
815.567818712242,116.0,0.0
815.5689847310676,115.0,0.0
815.5702451582492,116.0,0.0
815.5724659315789,115.0,0.0
815.5825152324365,116.0,0.0
815.5853697148052,115.0,0.0
815.5906023854998,114.0,0.0
815.6031944174453,113.0,0.0
815.6040726865311,112.0,0.0
815.609146745227,111.0,0.0
815.6170721419031,110.0,0.0
815.6239773239373,109.0,0.0
815.6329633346709,110.0,0.0
815.6370173871383,111.0,0.0
815.6390610875144,110.0,0.0
815.6467514073887,111.0,0.0
815.6488804208261,110.0,0.0
815.6497279345351,109.0,0.0
815.6549148463041,110.0,0.0
815.6561505849454,111.0,0.0
815.6574054007975,112.0,0.0
815.6653490990401,113.0,0.0
815.6681544974547,114.0,0.0
815.6716892070035,115.0,0.0
815.6730749548968,114.0,0.0
815.6793044634326,113.0,0.0
815.6836642347525,114.0,0.0
815.6879778411651,115.0,0.0
815.6907884431564,116.0,0.0
815.6938218943201,117.0,0.0
815.6957200821978,118.0,0.0
815.6960208262316,117.0,0.0
815.698299976831,118.0,0.0
815.6997871521727,117.0,0.0
815.7051926851182,118.0,0.0
815.7136801148904,117.0,0.0
815.7151990772655,116.0,0.0
815.7245473070336,117.0,0.0
815.7296856110188,118.0,0.0
815.735865675719,119.0,0.0
815.7375872590039,118.0,0.0
815.7391132267461,117.0,0.0
815.7463428439527,118.0,0.0
815.7470655631015,117.0,0.0
815.748409248536,116.0,0.0
815.7534116849977,117.0,0.0
815.7631858038067,116.0,0.0
815.7696146265984,117.0,0.0
815.7701606103257,116.0,0.0
815.7711408428424,115.0,0.0
815.7787035483205,116.0,0.0
815.7815729321951,117.0,0.0
815.7819244690744,118.0,0.0
815.7924560605103,119.0,0.0
815.7935224056691,118.0,0.0
815.8035834790677,119.0,0.0
815.8037816613063,120.0,0.0
815.8115739093668,121.0,0.0
815.8119445494467,122.0,0.0
815.8300689777273,123.0,0.0
815.8305501513807,124.0,0.0
815.835617060533,123.0,0.0
815.8435632360834,122.0,0.0
815.8449165689169,121.0,0.0
815.8499141889306,120.0,0.0
815.8560900925098,119.0,0.0
815.8567569046677,118.0,0.0
815.8577654010471,117.0,0.0
815.8598421734005,118.0,0.0
815.8720838638659,119.0,0.0
815.8805197974847,118.0,0.0
815.8935534619743,117.0,0.0
815.8970246824362,116.0,0.0
815.8984990030906,115.0,0.0
815.9061837336718,116.0,0.0
815.9094008129923,115.0,0.0
815.9215527611719,116.0,0.0
815.9227935880118,117.0,0.0
815.9344004934662,118.0,0.0
815.9373389455585,117.0,0.0
815.9390788061952,118.0,0.0
815.9515066773098,119.0,0.0
815.9587060529884,120.0,0.0
815.9717963433922,121.0,0.0
815.9765791241947,122.0,0.0
815.97950848661,123.0,0.0
815.9826026349692,122.0,0.0
815.9968548878079,121.0,0.0
815.9968948766855,122.0,0.0
816.0057883320965,121.0,0.0
816.0075200471096,120.0,0.0
816.0123926418978,121.0,0.0
816.0126163594925,122.0,0.0
816.0133976609761,123.0,0.0
816.0209545114252,122.0,0.0
816.0246567499684,123.0,0.0
816.0268599525432,124.0,0.0
816.0281597973755,125.0,0.0
816.0288485688327,126.0,0.0
816.0386519172289,127.0,0.0
816.040348671503,126.0,0.0
816.0418986603526,127.0,0.0
816.0420666030707,126.0,0.0
816.0494827745173,125.0,0.0
816.0529652890012,126.0,0.0
816.0531478704536,127.0,0.0
816.0544928842677,128.0,0.0
816.0580782765522,129.0,0.0
816.0628996277326,128.0,0.0
816.0697072956965,129.0,0.0
816.0713794088556,128.0,0.0
816.074738089302,129.0,0.0
816.075720674793,128.0,0.0
816.0772613617793,129.0,0.0
816.0775172297315,130.0,0.0
816.0818196330163,129.0,0.0
816.0824772109837,130.0,0.0
816.0833884891124,129.0,0.0
816.0849232638396,130.0,0.0
816.1004900737723,129.0,0.0
816.1057892515939,128.0,0.0
816.111045893705,129.0,0.0
816.1135080681639,130.0,0.0
816.11618438679,129.0,0.0
816.1267809926857,128.0,0.0
816.1269409232506,129.0,0.0
816.1288379387365,130.0,0.0
816.1302487142976,131.0,0.0
816.1332922500528,130.0,0.0
816.1365391508057,129.0,0.0
816.1366522417562,128.0,0.0
816.1382763960495,129.0,0.0
816.1495591013107,128.0,0.0
816.1508527768984,127.0,0.0
816.1556389300864,126.0,0.0
816.1631211056507,127.0,0.0
816.1665999023193,128.0,0.0
816.1725824500259,127.0,0.0
816.1749163044326,128.0,0.0
816.1754581927873,129.0,0.0
816.1789190179605,128.0,0.0
816.1813137497097,127.0,0.0
816.1885551014658,126.0,0.0
816.1948510395767,125.0,0.0
816.215824531099,126.0,0.0
816.2205264074331,125.0,0.0
816.2216984575481,126.0,0.0
816.2273669214337,125.0,0.0
816.2294688123401,126.0,0.0
816.2356781102126,127.0,0.0
816.2358826871365,128.0,0.0
816.2427378657184,129.0,0.0
816.2495677592046,128.0,0.0
816.2501826773632,129.0,0.0
816.2510906751562,130.0,0.0
816.254643704415,129.0,0.0
816.257873748664,130.0,0.0
816.261795785981,131.0,0.0
816.2656301761706,130.0,0.0
816.2661538424743,131.0,0.0
816.2689774308743,132.0,0.0
816.2732894619261,131.0,0.0
816.2757344585352,132.0,0.0
816.2796241854785,133.0,0.0
816.2816400015719,132.0,0.0
816.2960827151408,131.0,0.0
816.3097534537154,130.0,0.0
816.3103154214792,129.0,0.0
816.3175518211638,128.0,0.0
816.3207898584944,129.0,0.0
816.3221343889566,128.0,0.0
816.3279754728253,129.0,0.0
816.3293399128788,128.0,0.0
816.3329687034316,129.0,0.0
816.3422138690233,130.0,0.0
816.3508933011213,131.0,0.0
816.3565616256932,132.0,0.0
816.3581249974146,131.0,0.0
816.3599255310411,132.0,0.0
816.3607733764345,131.0,0.0
816.3685027584012,130.0,0.0
816.3720626310409,129.0,0.0
816.374212002494,128.0,0.0
816.376940226162,127.0,0.0
816.3803352563544,126.0,0.0
816.3925096519793,127.0,0.0
816.3937022564952,128.0,0.0
816.3938246454129,129.0,0.0
816.3983321331311,128.0,0.0
816.399458044991,129.0,0.0
816.3998698855446,128.0,0.0
816.4053265511841,129.0,0.0
816.4053280775801,130.0,0.0
816.4100575383326,129.0,0.0
816.4143026994723,128.0,0.0
816.4151991816491,127.0,0.0
816.4203911784981,128.0,0.0
816.4317183793875,127.0,0.0
816.436572252071,126.0,0.0
816.4372150974266,127.0,0.0
816.4406132814004,126.0,0.0
816.4433444619942,127.0,0.0
816.4449979359656,126.0,0.0
816.4479070092046,127.0,0.0
816.4481541424668,128.0,0.0
816.4497399557368,129.0,0.0
816.4503155047558,128.0,0.0
816.464134594208,129.0,0.0
816.47166248479,130.0,0.0
816.4776302736511,129.0,0.0
816.4815250466967,128.0,0.0
816.4923168789392,127.0,0.0
816.492931853943,126.0,0.0
816.4946276118652,125.0,0.0
816.4946768678317,126.0,0.0
816.495760963027,127.0,0.0
816.5015976817396,126.0,0.0
816.5108149129559,127.0,0.0
816.5137065965108,126.0,0.0
816.5162884308875,125.0,0.0
816.5213556861629,126.0,0.0
816.525316058918,125.0,0.0
816.5291297692992,126.0,0.0
816.5437677485144,127.0,0.0
816.5479521164297,128.0,0.0
816.5665156088403,129.0,0.0
816.5732626048346,128.0,0.0
816.5737416095892,127.0,0.0
816.5747437249119,128.0,0.0
816.5759551957542,127.0,0.0
816.5790402382165,126.0,0.0
816.5810363445785,125.0,0.0
816.5814238511804,126.0,0.0
816.5840838390759,125.0,0.0
816.5870256919203,126.0,0.0
816.589318819332,127.0,0.0
816.5910223354683,128.0,0.0
816.6051656246506,129.0,0.0
816.6071840783659,128.0,0.0
816.6079757619303,127.0,0.0
816.6081991487979,128.0,0.0
816.6267930992736,127.0,0.0
816.6315800861573,128.0,0.0
816.6320067102415,127.0,0.0
816.6426685472554,128.0,0.0
816.6497281854973,129.0,0.0
816.6595560239397,130.0,0.0
816.6615632264153,129.0,0.0
816.6617250528221,130.0,0.0
816.673861120417,129.0,0.0
816.6759373357166,128.0,0.0
816.6784526705608,129.0,0.0
816.6817329485787,130.0,0.0
816.6856998736948,131.0,0.0
816.7043681519659,130.0,0.0
816.7060134557056,131.0,0.0
816.7098856795462,130.0,0.0
816.7125413271615,131.0,0.0
816.7163937932943,132.0,0.0
816.719521590613,133.0,0.0
816.722097972774,134.0,0.0
816.732156828175,135.0,0.0
816.737731745799,136.0,0.0
816.7378560422216,137.0,0.0
816.7379665167136,138.0,0.0
816.7427691026375,137.0,0.0
816.747420429559,136.0,0.0
816.7517162144807,135.0,0.0
816.7527047580071,136.0,0.0
816.760340347582,137.0,0.0
816.7607041410338,136.0,0.0
816.7611599080734,135.0,0.0
816.7672718160342,134.0,0.0
816.7694109300434,135.0,0.0
816.7803939513618,136.0,0.0
816.7829741262082,135.0,0.0
816.7899103775538,136.0,0.0
816.7911022573932,137.0,0.0
816.7922319907715,138.0,0.0
816.801440151089,137.0,0.0
816.8067706576105,138.0,0.0
816.8075395602176,137.0,0.0
816.8112773037934,136.0,0.0
816.8127829693527,137.0,0.0
816.8137765287667,136.0,0.0
816.8145808192718,135.0,0.0
816.8191105634759,136.0,0.0
816.8192112095068,137.0,0.0
816.8342224265871,138.0,0.0
816.8498900735267,139.0,0.0
816.8560122132609,140.0,0.0
816.8572124278551,141.0,0.0
816.8585050828875,142.0,0.0
816.8588265346614,143.0,0.0
816.8663719907136,144.0,0.0
816.8683361375097,143.0,0.0
816.8704817766768,144.0,0.0
816.8729761163536,145.0,0.0
816.874663045195,144.0,0.0
816.8822133880988,145.0,0.0
816.8884111411863,144.0,0.0
816.9005496196654,145.0,0.0
816.9013942630917,144.0,0.0
816.9030501986108,143.0,0.0
816.9058307239076,142.0,0.0
816.909761965386,141.0,0.0
816.9224202298285,140.0,0.0
816.9267450290266,139.0,0.0
816.9371087885769,140.0,0.0
816.9428685161439,139.0,0.0
816.9455382002109,138.0,0.0
816.951135706176,139.0,0.0
816.9558441526838,138.0,0.0
816.9571695405227,139.0,0.0
816.9574497674294,138.0,0.0
816.9604063361107,137.0,0.0
816.9633102072387,138.0,0.0
816.9650881665855,137.0,0.0
816.9660245461207,138.0,0.0
816.9671363049363,137.0,0.0
816.9686353664766,138.0,0.0
816.9696526906947,139.0,0.0
816.9699134713418,140.0,0.0
816.9745095126515,141.0,0.0
816.9751359547245,142.0,0.0
816.9805303144785,143.0,0.0
816.9885761293112,142.0,0.0
816.9909041323739,143.0,0.0
816.9915764036612,142.0,0.0
817.004336521821,141.0,0.0
817.0084309438054,140.0,0.0
817.0112914796882,139.0,0.0
817.015598522377,140.0,0.0
817.0331357469496,141.0,0.0
817.0371439482428,140.0,0.0
817.0395844953051,139.0,0.0
817.0414515858691,140.0,0.0
817.0449151252775,141.0,0.0
817.0449485292772,140.0,0.0
817.0530506363779,139.0,0.0
817.0551861133613,138.0,0.0
817.0552502412329,139.0,0.0
817.0678653147145,140.0,0.0
817.0732379382924,139.0,0.0
817.0772285852581,140.0,0.0
817.0869066140401,139.0,0.0
817.0904025145883,138.0,0.0
817.1051636393468,137.0,0.0
817.1077017650375,136.0,0.0
817.111680635117,135.0,0.0
817.1284500036103,134.0,0.0
817.1342585877815,133.0,0.0
817.1483143755869,134.0,0.0
817.1485400937026,135.0,0.0
817.161988810754,136.0,0.0
817.1621954135086,135.0,0.0
817.1726410105586,136.0,0.0
817.1786832613773,137.0,0.0
817.1870089773294,138.0,0.0
817.2062300448243,137.0,0.0
817.2090811310053,138.0,0.0
817.2163753606666,139.0,0.0
817.2258172963275,140.0,0.0
817.2353401532487,139.0,0.0
817.2360939667168,138.0,0.0
817.2402383087116,137.0,0.0
817.2423410600038,136.0,0.0
817.2432786651433,135.0,0.0
817.2499460587724,136.0,0.0
817.2549568148748,135.0,0.0
817.2549823005606,134.0,0.0
817.2600513160208,135.0,0.0
817.2620865810243,136.0,0.0
817.264213565448,135.0,0.0
817.2710285932759,136.0,0.0
817.2753122747195,137.0,0.0
817.2755987925926,138.0,0.0
817.2776394155834,139.0,0.0
817.2817976627455,138.0,0.0
817.3288000686117,139.0,0.0
817.3297551518714,140.0,0.0
817.3333185338649,141.0,0.0
817.3358168865965,140.0,0.0
817.3396066733228,141.0,0.0
817.3403703785397,140.0,0.0
817.3420598840884,139.0,0.0
817.3466681168123,138.0,0.0
817.3583907342088,137.0,0.0
817.365417212271,136.0,0.0
817.3671203482668,135.0,0.0
817.3699353451714,134.0,0.0
817.382868078799,135.0,0.0
817.3860010130346,134.0,0.0
817.390283301342,135.0,0.0
817.3981193210512,134.0,0.0
817.405543455571,133.0,0.0
817.4089679617304,132.0,0.0
817.4121875618824,133.0,0.0
817.4163933960513,134.0,0.0
817.4410507360845,135.0,0.0
817.4422230434171,134.0,0.0
817.4454263088305,133.0,0.0
817.4546992142302,134.0,0.0
817.456724989925,135.0,0.0
817.4575724767666,136.0,0.0
817.4576490491302,135.0,0.0
817.4730882852095,136.0,0.0
817.4826870023538,137.0,0.0
817.4832452551415,138.0,0.0
817.4874875044464,139.0,0.0
817.4898909641654,140.0,0.0
817.4942867970615,139.0,0.0
817.4958239507698,138.0,0.0
817.4999737154369,137.0,0.0
817.5005241167045,138.0,0.0
817.5055136089857,139.0,0.0
817.5073740632947,138.0,0.0
817.5099254034402,137.0,0.0
817.5130872073771,136.0,0.0
817.5193960118654,135.0,0.0
817.5294322741657,136.0,0.0
817.5340443592751,137.0,0.0
817.5372373196132,138.0,0.0
817.5429687721072,137.0,0.0
817.5502150625819,136.0,0.0
817.558140920851,137.0,0.0
817.5629503369184,136.0,0.0
817.5668709677806,137.0,0.0
817.5752670942109,136.0,0.0
817.5805084396497,135.0,0.0
817.5829857596455,136.0,0.0
817.5848109341174,137.0,0.0
817.5889753986542,138.0,0.0
817.5904646990114,139.0,0.0
817.6024225154773,140.0,0.0
817.6129808007114,139.0,0.0
817.6246858594042,140.0,0.0
817.6249820817898,139.0,0.0
817.6377035938671,140.0,0.0
817.6390316976682,141.0,0.0
817.6398275085536,142.0,0.0
817.6402167713838,143.0,0.0
817.6450158660082,142.0,0.0
817.6483719254009,143.0,0.0
817.649926756285,142.0,0.0
817.6566898226555,143.0,0.0
817.6569739195286,144.0,0.0
817.668500576787,145.0,0.0
817.670210260938,144.0,0.0
817.674658750502,143.0,0.0
817.6775278550788,142.0,0.0
817.6814294105353,141.0,0.0
817.7014892647992,140.0,0.0
817.70200924791,139.0,0.0
817.7037953304167,140.0,0.0
817.7055062868102,139.0,0.0
817.7135055475708,138.0,0.0
817.7153456573571,137.0,0.0
817.7173789454727,136.0,0.0
817.7200842577519,137.0,0.0
817.7219757905566,138.0,0.0
817.7270924970865,139.0,0.0
817.7289211526712,138.0,0.0
817.7304038269468,137.0,0.0
817.7343964756487,138.0,0.0
817.7361720092391,139.0,0.0
817.7439650412025,140.0,0.0
817.7487128535988,141.0,0.0
817.7653652847881,140.0,0.0
817.7671686485565,139.0,0.0
817.7695294475999,140.0,0.0
817.7696501125452,141.0,0.0
817.7960815661069,140.0,0.0
817.7975193818604,139.0,0.0
817.8000589314634,140.0,0.0
817.8017956194848,139.0,0.0
817.8117748610464,138.0,0.0
817.8148918035743,139.0,0.0
817.8207282234506,138.0,0.0
817.8240063306331,139.0,0.0
817.8332815828579,138.0,0.0
817.8418526924038,139.0,0.0
817.8434546241625,140.0,0.0
817.8533667185541,139.0,0.0
817.8556192005775,138.0,0.0
817.8613117841923,139.0,0.0
817.862494214519,138.0,0.0
817.8718216410156,139.0,0.0
817.8772203062441,140.0,0.0
817.8835944963118,141.0,0.0
817.8907014366625,142.0,0.0
817.8923635975173,141.0,0.0
817.9077106401802,140.0,0.0
817.911163934077,141.0,0.0
817.9158279296829,140.0,0.0
817.9205099539813,141.0,0.0
817.9257826901778,142.0,0.0
817.9275933866795,143.0,0.0
817.9283040991612,142.0,0.0
817.9315241678364,143.0,0.0
817.9397801046065,144.0,0.0
817.9480196062152,145.0,0.0
817.9495453831131,144.0,0.0
817.9571731391869,143.0,0.0
817.9600312534336,144.0,0.0
817.960956150133,143.0,0.0
817.9693463141499,144.0,0.0
817.9696481609197,143.0,0.0
817.9812027574347,142.0,0.0
817.983085254118,143.0,0.0
817.9852582938638,144.0,0.0
817.9858294855808,145.0,0.0
817.9860787879966,146.0,0.0
818.0030247600779,147.0,0.0
818.0057206403138,148.0,0.0
818.0080995839193,149.0,0.0
818.0149058892767,150.0,0.0
818.0189754966731,151.0,0.0
818.0278350054355,150.0,0.0
818.0337172972038,151.0,0.0
818.0458793061903,152.0,0.0
818.0478019675563,151.0,0.0
818.0550298476838,150.0,0.0
818.0654825641235,151.0,0.0
818.0800339835673,152.0,0.0
818.0801118650929,151.0,0.0
818.0983856205239,152.0,0.0
818.1124374899621,151.0,0.0
818.116426425402,152.0,0.0
818.117686962925,153.0,0.0
818.1186342173578,152.0,0.0
818.1299351124728,153.0,0.0
818.1300739740116,154.0,0.0
818.1305334905647,155.0,0.0
818.130715114899,154.0,0.0
818.1314419401346,153.0,0.0
818.1438133770534,154.0,0.0
818.1489515683265,155.0,0.0
818.1538835159067,154.0,0.0
818.1560761262311,155.0,0.0
818.159330838758,156.0,0.0
818.1614683830333,157.0,0.0
818.1729396239023,158.0,0.0
818.1759518700758,157.0,0.0
818.1766447534989,156.0,0.0
818.1835415176887,155.0,0.0
818.1969767301221,156.0,0.0
818.197190703016,157.0,0.0
818.2088799690877,158.0,0.0
818.2094185709656,157.0,0.0
818.2102767644992,156.0,0.0
818.2144116705333,157.0,0.0
818.2158369491884,156.0,0.0
818.2177935059656,155.0,0.0
818.223212728873,154.0,0.0
818.2262664117345,155.0,0.0
818.2279912568978,154.0,0.0
818.2288078497428,155.0,0.0
818.229254601545,154.0,0.0
818.2338017252142,155.0,0.0
818.2365594348616,154.0,0.0
818.2463442342158,155.0,0.0
818.2476404987975,156.0,0.0
818.2492660567525,157.0,0.0
818.2581085199815,158.0,0.0
818.2582527558619,157.0,0.0
818.2613923295911,158.0,0.0
818.2622992457249,157.0,0.0
818.2681811790087,158.0,0.0
818.2727127241621,159.0,0.0
818.2805605413586,160.0,0.0
818.2855520315861,159.0,0.0
818.292924635434,160.0,0.0
818.307095940323,159.0,0.0
818.3338362953805,160.0,0.0
818.3369841058006,161.0,0.0
818.3394972099857,160.0,0.0
818.3489763989704,159.0,0.0
818.3582025256828,160.0,0.0
818.3646186646737,159.0,0.0
818.3673611871884,158.0,0.0
818.3693918266682,159.0,0.0
818.381906393731,160.0,0.0
818.3827842602099,161.0,0.0
818.4077788404545,160.0,0.0
818.4119443964721,161.0,0.0
818.4164196909131,160.0,0.0
818.4164670893947,159.0,0.0
818.4179540832799,158.0,0.0
818.4186244942074,157.0,0.0
818.4207053452951,156.0,0.0
818.4222655352482,157.0,0.0
818.4242290534884,158.0,0.0
818.433017855014,157.0,0.0
818.4403917775477,156.0,0.0
818.4425365088291,157.0,0.0
818.4483834024619,158.0,0.0
818.45328441015,159.0,0.0
818.4556103857641,158.0,0.0
818.457710788892,157.0,0.0
818.4685459677261,156.0,0.0
818.469057612265,157.0,0.0
818.4802961510273,156.0,0.0
818.481781968725,155.0,0.0
818.4840342076362,154.0,0.0
818.4845732127859,155.0,0.0
818.5066646393653,156.0,0.0
818.5091946995747,155.0,0.0
818.5120516138477,156.0,0.0
818.5194397192245,157.0,0.0
818.532456692101,158.0,0.0
818.5338644519086,157.0,0.0
818.5339756731828,158.0,0.0
818.5365263603165,157.0,0.0
818.539495830398,158.0,0.0
818.551333323779,157.0,0.0
818.5573724106025,156.0,0.0
818.5595789734471,157.0,0.0
818.5618678164567,156.0,0.0
818.570224108467,157.0,0.0
818.5718765133895,156.0,0.0
818.5735414744622,155.0,0.0
818.5773928602614,154.0,0.0
818.5843907376391,153.0,0.0
818.5896417173624,154.0,0.0
818.5906951813314,155.0,0.0
818.5924177224074,154.0,0.0
818.6020208874957,153.0,0.0
818.6154730525811,154.0,0.0
818.6354371237172,155.0,0.0
818.6379675767282,154.0,0.0
818.6505103373021,155.0,0.0
818.6585340271747,154.0,0.0
818.6707574740664,155.0,0.0
818.6751871891652,156.0,0.0
818.6769450374147,155.0,0.0
818.6834667317969,154.0,0.0
818.6841429333309,155.0,0.0
818.691615085289,156.0,0.0
818.6939424516488,157.0,0.0
818.7010841472143,156.0,0.0
818.7014798177961,155.0,0.0
818.7058633667087,156.0,0.0
818.7066767691788,155.0,0.0
818.7191463209335,154.0,0.0
818.7209134682206,153.0,0.0
818.7212049911886,154.0,0.0
818.7285310645676,155.0,0.0
818.7298517956352,154.0,0.0
818.731600938972,155.0,0.0
818.7352207873579,156.0,0.0
818.7451190788746,155.0,0.0
818.7506401916189,156.0,0.0
818.7519813307692,155.0,0.0
818.7564252258245,156.0,0.0
818.7616229721522,157.0,0.0
818.7767479855244,158.0,0.0
818.8028944638886,159.0,0.0
818.8033812561547,160.0,0.0
818.8077466128997,159.0,0.0
818.817519796953,160.0,0.0
818.818519606626,161.0,0.0
818.8192702821189,160.0,0.0
818.8325442729318,161.0,0.0
818.8339563940665,160.0,0.0
818.8375497852834,159.0,0.0
818.8387124726788,158.0,0.0
818.8436312312983,157.0,0.0
818.8487567123908,158.0,0.0
818.869780438048,159.0,0.0
818.8739976768537,160.0,0.0
818.8769432099997,161.0,0.0
818.8831476294058,162.0,0.0
818.8881322971537,161.0,0.0
818.9021375378678,162.0,0.0
818.9253936269209,163.0,0.0
818.928542116205,162.0,0.0
818.9289655180457,163.0,0.0
818.9301713610829,164.0,0.0
818.9308819436641,165.0,0.0
818.9371958436634,166.0,0.0
818.9382877410281,165.0,0.0
818.9424240921048,164.0,0.0
818.9555858601178,163.0,0.0
818.9604041451637,164.0,0.0
818.9745874074368,163.0,0.0
818.9874162211352,162.0,0.0
819.0016932787217,161.0,0.0
819.0039033021785,162.0,0.0
819.0123243574247,161.0,0.0
819.0210731015231,160.0,0.0
819.0227628264217,161.0,0.0
819.0227747666884,160.0,0.0
819.0235151707255,159.0,0.0
819.0335260770187,160.0,0.0
819.0404782250536,159.0,0.0
819.0426101147372,160.0,0.0
819.0436331624267,161.0,0.0
819.049223752484,162.0,0.0
819.0502133737764,161.0,0.0
819.0565993283444,160.0,0.0
819.0581323522531,159.0,0.0
819.0749493284895,160.0,0.0
819.080457610748,159.0,0.0
819.0829138013534,158.0,0.0
819.0977745487799,159.0,0.0
819.0991236724924,160.0,0.0
819.1009704873807,159.0,0.0
819.1010060064261,158.0,0.0
819.1018669826357,159.0,0.0
819.1087229216831,158.0,0.0
819.1370915801567,159.0,0.0
819.1397286553433,160.0,0.0
819.1404680676734,159.0,0.0
819.1440606195032,158.0,0.0
819.1475425873008,159.0,0.0
819.1597277035971,158.0,0.0
819.163763785175,157.0,0.0
819.1679009782578,156.0,0.0
819.1839694188947,157.0,0.0
819.198302684854,158.0,0.0
819.2004408040187,157.0,0.0
819.2165231957687,156.0,0.0
819.228985587357,155.0,0.0
819.233508871665,154.0,0.0
819.2402541214855,155.0,0.0
819.2458455587426,154.0,0.0
819.248577596334,153.0,0.0
819.2508947773542,154.0,0.0
819.2568843020729,153.0,0.0
819.2659932297048,152.0,0.0
819.2670951284728,151.0,0.0
819.2739247806326,150.0,0.0
819.2754403569046,151.0,0.0
819.2824527107879,150.0,0.0
819.2915110591929,151.0,0.0
819.2943900947542,150.0,0.0
819.3005388935685,149.0,0.0
819.3080502735199,148.0,0.0
819.3107620622628,147.0,0.0
819.3160682909056,146.0,0.0
819.3188736619662,147.0,0.0
819.3205699361064,148.0,0.0
819.3223581263901,147.0,0.0
819.326361423368,148.0,0.0
819.3318162047599,149.0,0.0
819.3338801332118,148.0,0.0
819.3342953515195,149.0,0.0
819.3489545053959,150.0,0.0
819.3522118663825,151.0,0.0
819.3667853145629,152.0,0.0
819.3729047745569,153.0,0.0
819.37835563689,154.0,0.0
819.3808595495942,155.0,0.0
819.3813171062562,154.0,0.0
819.3899837257828,155.0,0.0
819.3913335553927,154.0,0.0
819.3970961795935,155.0,0.0
819.4003578634646,154.0,0.0
819.4128055366109,155.0,0.0
819.4128456144539,156.0,0.0
819.4157581226721,155.0,0.0
819.4257612460044,154.0,0.0
819.4309809999074,153.0,0.0
819.4336345657457,154.0,0.0
819.4353206308933,155.0,0.0
819.442776008334,156.0,0.0
819.4464213133926,157.0,0.0
819.4518986591744,156.0,0.0
819.4539734920191,157.0,0.0
819.45748356368,158.0,0.0
819.4578049642937,157.0,0.0
819.4695763214731,156.0,0.0
819.4738781835628,157.0,0.0
819.4793604110557,156.0,0.0
819.4811057699351,155.0,0.0
819.4839413810963,156.0,0.0
819.4861705637944,155.0,0.0
819.495194611961,154.0,0.0
819.501618485278,153.0,0.0
819.5039603057182,154.0,0.0
819.5060675614192,155.0,0.0
819.5112154813014,154.0,0.0
819.5162863246036,153.0,0.0
819.5183580369101,152.0,0.0
819.518624359102,153.0,0.0
819.5229537396375,154.0,0.0
819.528183086876,153.0,0.0
819.5282602929209,152.0,0.0
819.5324522770215,151.0,0.0
819.5335985111277,150.0,0.0
819.5418690913895,149.0,0.0
819.5443728898621,148.0,0.0
819.5448932150107,147.0,0.0
819.5480956251404,148.0,0.0
819.5696492726978,147.0,0.0
819.5925497558062,146.0,0.0
819.6014044111446,145.0,0.0
819.6027196460586,144.0,0.0
819.6076816094701,143.0,0.0
819.6166380260547,142.0,0.0
819.617703350471,141.0,0.0
819.6201112883016,142.0,0.0
819.6253360795663,143.0,0.0
819.6306262117608,144.0,0.0
819.6315489960197,143.0,0.0
819.6338034697244,142.0,0.0
819.6360326813875,141.0,0.0
819.6422211007869,140.0,0.0
819.6424482693782,141.0,0.0
819.6429226211981,140.0,0.0
819.6484971131247,139.0,0.0
819.6705730003788,138.0,0.0
819.6710353379506,137.0,0.0
819.6738130991683,136.0,0.0
819.6783556835557,137.0,0.0
819.682755144122,136.0,0.0
819.6971948796104,137.0,0.0
819.6982684109004,136.0,0.0
819.725432392571,135.0,0.0
819.7274781910155,134.0,0.0
819.7295435152497,135.0,0.0
819.7301821504088,134.0,0.0
819.7319224472892,133.0,0.0
819.7374187471465,132.0,0.0
819.7403058277199,133.0,0.0
819.7449928318482,134.0,0.0
819.7468566288732,133.0,0.0
819.762451187234,132.0,0.0
819.767562146828,131.0,0.0
819.767599845302,130.0,0.0
819.7679441621178,129.0,0.0
819.776609865702,130.0,0.0
819.7845902787565,129.0,0.0
819.7864637841507,130.0,0.0
819.7881129237172,129.0,0.0
819.7886851084719,130.0,0.0
819.7927931850124,131.0,0.0
819.7928876361124,132.0,0.0
819.8139715003085,133.0,0.0
819.8284964014262,134.0,0.0
819.8367662951939,135.0,0.0
819.8380541889934,136.0,0.0
819.845448379566,137.0,0.0
819.850538874085,136.0,0.0
819.8531017786805,135.0,0.0
819.8633141772065,136.0,0.0
819.8675071201053,135.0,0.0
819.8701172871814,134.0,0.0
819.87968507983,133.0,0.0
819.8809168934894,132.0,0.0
819.8845718940133,131.0,0.0
819.8910538803497,132.0,0.0
819.8988935274251,131.0,0.0
819.9000081869444,130.0,0.0
819.9063964327719,131.0,0.0
819.9068455417997,130.0,0.0
819.9089049438251,129.0,0.0
819.9214027667588,128.0,0.0
819.9314899196104,129.0,0.0
819.9355322591815,128.0,0.0
819.9398787831961,127.0,0.0
819.9409106258621,126.0,0.0
819.9476471255398,127.0,0.0
819.949903206267,126.0,0.0
819.9526630893886,125.0,0.0
819.9689207125044,124.0,0.0
819.9753281413718,125.0,0.0
819.9809733484026,124.0,0.0
819.9977064463786,123.0,0.0
819.9978147318492,122.0,0.0
820.0003491311512,123.0,0.0
820.0136997076258,122.0,0.0
820.0148677460622,121.0,0.0
820.0220038748178,120.0,0.0
820.0241243393716,119.0,0.0
820.0266984336351,118.0,0.0
820.0333121789947,117.0,0.0
820.0374131039819,116.0,0.0
820.0447690877185,115.0,0.0
820.0550600961282,116.0,0.0
820.0671909684743,117.0,0.0
820.0710830910705,116.0,0.0
820.0751303497149,115.0,0.0
820.0761352463222,114.0,0.0
820.0785481541693,113.0,0.0
820.0897208015559,112.0,0.0
820.1224471775032,113.0,0.0
820.1326947665192,112.0,0.0
820.1439774609255,111.0,0.0
820.1477899353173,112.0,0.0
820.1491777497578,111.0,0.0
820.1582018301829,110.0,0.0
820.162760118645,109.0,0.0
820.1692968378761,108.0,0.0
820.1809349793843,109.0,0.0
820.1821509374179,108.0,0.0
820.1868806326489,107.0,0.0
820.1900202211214,108.0,0.0
820.2044493683546,107.0,0.0
820.2147261633777,106.0,0.0
820.2156115661794,105.0,0.0
820.2174664682268,106.0,0.0
820.2214814483868,107.0,0.0
820.2228994692065,108.0,0.0
820.2260632701153,109.0,0.0
820.2464349721967,110.0,0.0
820.2492094513992,109.0,0.0
820.2685385728041,108.0,0.0
820.292782195122,109.0,0.0
820.3003816545366,108.0,0.0
820.3004784774577,109.0,0.0
820.3095356486203,108.0,0.0
820.31836306988,109.0,0.0
820.3290373217077,110.0,0.0
820.3348246606644,111.0,0.0
820.341297106455,112.0,0.0
820.3547677092469,113.0,0.0
820.3589645904447,112.0,0.0
820.3731616647003,113.0,0.0
820.3732363887334,114.0,0.0
820.3794381703742,113.0,0.0
820.3852131623764,114.0,0.0
820.3877036447305,113.0,0.0
820.3885981632815,112.0,0.0
820.3949428210841,111.0,0.0
820.398427919084,110.0,0.0
820.3997686519313,109.0,0.0
820.4016194482086,108.0,0.0
820.4039632153958,109.0,0.0
820.4079551011125,108.0,0.0
820.4184764480927,107.0,0.0
820.4211058565692,106.0,0.0
820.431568433008,105.0,0.0
820.4421424479164,106.0,0.0
820.4488963923445,107.0,0.0
820.4539132382939,106.0,0.0
820.4561993714784,107.0,0.0
820.4562647196627,106.0,0.0
820.4569970293346,107.0,0.0
820.4582299499134,108.0,0.0
820.467237252074,109.0,0.0
820.4674925986388,108.0,0.0
820.4692520745981,109.0,0.0
820.472648202521,108.0,0.0
820.4743748705473,107.0,0.0
820.47464782165,108.0,0.0
820.4750906581328,107.0,0.0
820.4791904775225,106.0,0.0
820.482227695951,107.0,0.0
820.4823134290253,108.0,0.0
820.483602297227,107.0,0.0
820.4842143154734,108.0,0.0
820.485369967343,107.0,0.0
820.4998959467783,106.0,0.0
820.5058661668122,107.0,0.0
820.5095660687558,106.0,0.0
820.5181971336099,107.0,0.0
820.5195800770214,106.0,0.0
820.5204827762739,107.0,0.0
820.5260851893606,108.0,0.0
820.5326437081748,107.0,0.0
820.5378778257118,106.0,0.0
820.5384204586984,105.0,0.0
820.5397311375172,104.0,0.0
820.5422372640113,103.0,0.0
820.5521002662225,102.0,0.0
820.5733460554245,103.0,0.0
820.5744358334834,102.0,0.0
820.5838660348959,101.0,0.0
820.5850618862688,102.0,0.0
820.5863178448429,103.0,0.0
820.5876221749285,102.0,0.0
820.5883708442565,101.0,0.0
820.610923493631,102.0,0.0
820.6344563328594,103.0,0.0
820.6392436322963,102.0,0.0
820.6445920852524,103.0,0.0
820.6572700006344,104.0,0.0
820.6613859863842,105.0,0.0
820.6782911046466,104.0,0.0
820.6970177515391,103.0,0.0
820.7003031545898,102.0,0.0
820.706097929759,101.0,0.0
820.70676718124,102.0,0.0
820.7263008919559,101.0,0.0
820.7352175431092,100.0,0.0
820.756908737136,99.0,0.0
820.7660905369821,98.0,0.0
820.7697050774647,97.0,0.0
820.7732963821869,96.0,0.0
820.7749753972043,97.0,0.0
820.7907581699883,98.0,0.0
820.79865348797,97.0,0.0
820.8058465026804,98.0,0.0
820.82162123685,97.0,0.0
820.8245736319782,98.0,0.0
820.8289521844492,99.0,0.0
820.8356292157271,100.0,0.0
820.8401985912216,99.0,0.0
820.8534305806045,98.0,0.0
820.8582311020623,97.0,0.0
820.8638530320345,98.0,0.0
820.8739639267359,97.0,0.0
820.8755531368723,96.0,0.0
820.8825419635934,97.0,0.0
820.8889714504618,98.0,0.0
820.8997716373281,97.0,0.0
820.9447000862974,96.0,0.0
820.9472802086752,97.0,0.0
820.9486991843095,96.0,0.0
820.9527160381739,95.0,0.0
820.9589244396386,94.0,0.0
820.9615870289754,93.0,0.0
820.9679658649856,94.0,0.0
820.9744045760394,95.0,0.0
820.9801429766553,94.0,0.0
820.9851512887531,93.0,0.0
820.9953512369602,92.0,0.0
821.0091144417285,91.0,0.0
821.0436816486218,90.0,0.0
821.0441429370771,91.0,0.0
821.0481812795718,90.0,0.0
821.0565565461166,91.0,0.0
821.0629740690168,92.0,0.0
821.0669348068327,91.0,0.0
821.0849533118518,90.0,0.0
821.0881438866777,89.0,0.0
821.0901280305463,88.0,0.0
821.1087487871575,87.0,0.0
821.1094454858687,88.0,0.0
821.1097327852342,87.0,0.0
821.1146301668989,86.0,0.0
821.1150936399699,87.0,0.0
821.1556293965898,86.0,0.0
821.1570926984784,85.0,0.0
821.1594131572894,84.0,0.0
821.1764657168467,85.0,0.0
821.1810520052443,84.0,0.0
821.1965150541292,85.0,0.0
821.202632112306,84.0,0.0
821.2196206779548,83.0,0.0
821.2219039545366,82.0,0.0
821.232401236555,81.0,0.0
821.2338369553228,80.0,0.0
821.2425674072333,79.0,0.0
821.2451153758018,78.0,0.0
821.251697316686,79.0,0.0
821.2532152011579,78.0,0.0
821.2839832401113,77.0,0.0
821.2847238358246,78.0,0.0
821.2867878286919,79.0,0.0
821.2915508803476,78.0,0.0
821.2923741883711,79.0,0.0
821.296046533779,78.0,0.0
821.3064517019071,77.0,0.0
821.3072354154413,78.0,0.0
821.3150467586244,79.0,0.0
821.317422532677,80.0,0.0
821.3185027781808,79.0,0.0
821.3185145359469,80.0,0.0
821.3208903820092,81.0,0.0
821.326357370389,80.0,0.0
821.3296115170448,81.0,0.0
821.3439038757666,80.0,0.0
821.3440567718511,81.0,0.0
821.347623930758,80.0,0.0
821.355103702694,79.0,0.0
821.3605738237632,78.0,0.0
821.3719797837025,79.0,0.0
821.3805028129757,78.0,0.0
821.3825250024476,77.0,0.0
821.3977291643829,76.0,0.0
821.4298112272973,77.0,0.0
821.4298462246277,76.0,0.0
821.4358795894033,77.0,0.0
821.4414121443468,78.0,0.0
821.4467387649189,77.0,0.0
821.4546713451169,78.0,0.0
821.4561349092083,77.0,0.0
821.4642701279358,76.0,0.0
821.4717074618173,77.0,0.0
821.4932214731095,78.0,0.0
821.4983059180863,77.0,0.0
821.4986140303944,76.0,0.0
821.5076609626177,75.0,0.0
821.5083850517058,74.0,0.0
821.5174434529806,73.0,0.0
821.53253831028,72.0,0.0
821.5376099264857,71.0,0.0
821.5401249864018,70.0,0.0
821.5512661125523,71.0,0.0
821.5531987126375,70.0,0.0
821.560820657862,69.0,0.0
821.5685723924976,70.0,0.0
821.5748798763461,69.0,0.0
821.5769256729841,70.0,0.0
821.5986523299757,69.0,0.0
821.6015556316287,68.0,0.0
821.6043336878706,67.0,0.0
821.6046742859255,66.0,0.0
821.6179458767185,65.0,0.0
821.6190351200796,66.0,0.0
821.6305286562376,67.0,0.0
821.6349650805001,68.0,0.0
821.6482193161085,67.0,0.0
821.6668336393154,68.0,0.0
821.6730999677327,69.0,0.0
821.6854134400545,68.0,0.0
821.6902825103565,67.0,0.0
821.6986785667737,68.0,0.0
821.7042581236481,67.0,0.0
821.711378326445,66.0,0.0
821.7238190663857,65.0,0.0
821.726838183566,66.0,0.0
821.7342499242997,65.0,0.0
821.7354659138988,66.0,0.0
821.7367664639885,65.0,0.0
821.7390724478872,66.0,0.0
821.7401540208552,65.0,0.0
821.756587274316,64.0,0.0
821.7626691387866,63.0,0.0
821.7719234739513,62.0,0.0
821.7833984201403,61.0,0.0
821.7841212014014,60.0,0.0
821.8069323059796,61.0,0.0
821.8100656945178,62.0,0.0
821.8138116959456,63.0,0.0
821.8168955561143,62.0,0.0
821.8229158980452,63.0,0.0
821.8379105687101,64.0,0.0
821.870011273441,63.0,0.0
821.8951163461942,62.0,0.0
821.895333114762,61.0,0.0
821.9110988105767,62.0,0.0
821.912337936107,61.0,0.0
821.9137474600303,62.0,0.0
821.9207798363337,61.0,0.0
821.9423432056158,60.0,0.0
821.9461318666613,59.0,0.0
821.9479824949282,60.0,0.0
821.953750189622,59.0,0.0
821.9645095817862,60.0,0.0
821.967000792178,59.0,0.0
821.9955049819195,58.0,0.0
822.0090987794962,57.0,0.0
822.0123892981759,56.0,0.0
822.0322853280165,55.0,0.0
822.0431318347503,56.0,0.0
822.0552057214992,55.0,0.0
822.0575969744388,56.0,0.0
822.0680925192542,55.0,0.0
822.0750682557713,54.0,0.0
822.0769489133509,53.0,0.0
822.0991232148825,52.0,0.0
822.1043802074474,53.0,0.0
822.1191696802392,52.0,0.0
822.1232527206926,51.0,0.0
822.1350547794048,50.0,0.0
822.1473344273444,49.0,0.0
822.1537143560614,48.0,0.0
822.1589917389049,49.0,0.0
822.1594707499908,48.0,0.0
822.161329789899,49.0,0.0
822.179466392709,50.0,0.0
822.1803965381221,51.0,0.0
822.1812105598701,52.0,0.0
822.206125664612,51.0,0.0
822.2084718009527,50.0,0.0
822.2107149393246,49.0,0.0
822.2308719914181,50.0,0.0
822.2364602458689,49.0,0.0
822.2448108429849,48.0,0.0
822.264253797092,47.0,0.0
822.281129712338,48.0,0.0
822.3052095391985,47.0,0.0
822.3094600172382,48.0,0.0
822.3195586775247,47.0,0.0
822.3259221238367,48.0,0.0
822.3321013622516,47.0,0.0
822.3453658659932,46.0,0.0
822.3659985520242,45.0,0.0
822.3717476250616,46.0,0.0
822.3727205352251,47.0,0.0
822.377348385428,46.0,0.0
822.3976894357802,45.0,0.0
822.3985882108802,46.0,0.0
822.4132477396079,45.0,0.0
822.4169812181143,46.0,0.0
822.4267051758425,47.0,0.0
822.4296298007758,46.0,0.0
822.437242123028,47.0,0.0
822.4510264513924,48.0,0.0
822.4529324591534,49.0,0.0
822.4549569459688,48.0,0.0
822.4677347342774,47.0,0.0
822.4734809167128,46.0,0.0
822.4783625199166,47.0,0.0
822.4850654634838,46.0,0.0
822.4876482253619,45.0,0.0
822.4960421285032,44.0,0.0
822.5046484001812,43.0,0.0
822.5131166383202,42.0,0.0
822.524888853177,41.0,0.0
822.5261058234686,42.0,0.0
822.5355779342043,41.0,0.0
822.5370435396461,40.0,0.0
822.5430486463418,39.0,0.0
822.5471573145884,38.0,0.0
822.5597171723875,37.0,0.0
822.5606186271907,36.0,0.0
822.5631044111947,37.0,0.0
822.5970883261833,38.0,0.0
822.6005359014756,37.0,0.0
822.6051883439064,36.0,0.0
822.6139615998248,35.0,0.0
822.6163959728669,34.0,0.0
822.6181053175316,33.0,0.0
822.6225079023782,32.0,0.0
822.6239334081957,31.0,0.0
822.6247327752898,30.0,0.0
822.6363877966639,31.0,0.0
822.6511745164244,32.0,0.0
822.6774206178236,31.0,0.0
822.6924566772833,30.0,0.0
822.7106159641704,29.0,0.0
822.71433385419,28.0,0.0
822.7206471516952,27.0,0.0
822.7208619276686,26.0,0.0
822.722937392617,25.0,0.0
822.7588195232061,24.0,0.0
822.773258460371,23.0,0.0
822.8015856906748,22.0,0.0
822.8107742080942,23.0,0.0
822.8187789499747,22.0,0.0
822.8227635322951,21.0,0.0
822.831389877376,20.0,0.0
822.8395932449598,19.0,0.0
822.8433062420157,18.0,0.0
822.8533816377912,19.0,0.0
822.8570881445262,18.0,0.0
822.8773349842309,17.0,0.0
822.8935411155746,18.0,0.0
822.8992877392443,17.0,0.0
822.905171310028,16.0,0.0
822.9122047977243,15.0,0.0
822.9152243015017,16.0,0.0
822.9392113202548,17.0,0.0
822.9589312204066,16.0,0.0
822.9657052638906,15.0,0.0
822.9732342553938,14.0,0.0
822.9734033812239,13.0,0.0
822.9880933457683,12.0,0.0
823.010401788562,11.0,0.0
823.0231948380704,10.0,0.0
823.0375283436049,11.0,0.0
823.0494938209754,10.0,0.0
823.0513627318975,9.0,0.0
823.0524877550329,10.0,0.0
823.0596548841265,9.0,0.0
823.065842123538,8.0,0.0
823.0673089993443,7.0,0.0
823.0735827857953,8.0,0.0
823.09240975674,9.0,0.0
823.0934639783676,8.0,0.0
823.0936143374686,9.0,0.0
823.0998754003032,8.0,0.0
823.1137329040184,7.0,0.0
823.1167345599412,6.0,0.0
823.1317295281559,7.0,0.0
823.1334844095009,6.0,0.0
823.1353550718434,5.0,0.0
823.1459680168214,4.0,0.0
823.1489144990541,3.0,0.0
823.1504317979895,2.0,0.0
823.1800980653686,1.0,0.0
823.1955872856502,0.0,0.0
823.3402661725884,1.0,0.0
823.354347411527,0.0,0.0
823.3625995056825,1.0,0.0
823.3775384020134,0.0,0.0
823.4867194236849,1.0,0.0
823.4879348495836,2.0,0.0
823.5019446088106,1.0,0.0
823.5205392974585,2.0,0.0
823.5265427007172,1.0,0.0
823.5663050578174,0.0,0.0
823.5980399566171,1.0,0.0
823.6299401200348,2.0,0.0
823.658030304469,1.0,0.0
823.6761322804322,0.0,0.0
823.7504668567445,1.0,0.0
823.7633473027854,0.0,0.0
823.7818890459463,1.0,0.0
823.7886944619597,2.0,0.0
823.7960943282524,1.0,0.0
823.8249715305684,0.0,0.0
823.9073165725298,1.0,0.0
823.9157427187923,0.0,0.0
823.9516038242422,1.0,0.0
823.9541955243266,2.0,0.0
823.9603870417819,3.0,0.0
823.9764053942625,4.0,0.0
823.9838486821941,3.0,0.0
824.0008014572386,2.0,0.0
824.0079549433611,1.0,0.0
824.0160321966669,0.0,0.0
824.0281215467124,1.0,0.0
824.0386747349528,2.0,0.0
824.0397407481083,1.0,0.0
824.04996835651,0.0,0.0
824.0865547992162,1.0,0.0
824.1204505014838,2.0,0.0
824.1277294520054,1.0,0.0
824.1451955491134,0.0,0.0
824.1663220309498,1.0,0.0
824.1870130853276,2.0,0.0
824.2127007753729,1.0,0.0
824.2153950212295,0.0,0.0
824.2545216009153,1.0,0.0
824.2836233376928,0.0,0.0
824.3115316727966,1.0,0.0
824.321371815975,0.0,0.0
824.3878122039873,1.0,0.0
824.3973719420057,0.0,0.0
824.4309560927537,1.0,0.0
824.431720371361,0.0,0.0
824.4436034992474,1.0,0.0
824.4976383920159,2.0,0.0
824.5018314088256,1.0,0.0
824.5131672267648,0.0,0.0
824.5598378548009,1.0,0.0
824.5673210524922,0.0,0.0
824.587213402253,1.0,0.0
824.5961479050108,0.0,0.0
824.6574691918518,1.0,0.0
824.6752154691247,0.0,0.0
824.7048944353222,1.0,0.0
824.7083631981237,0.0,0.0
824.7708724816575,1.0,0.0
824.7774465161604,2.0,0.0
824.7893968665062,3.0,0.0
824.7962799493598,4.0,0.0
824.8131939145593,5.0,0.0
824.8145744089044,4.0,0.0
824.8231405933083,5.0,0.0
824.8236750170379,4.0,0.0
824.8346725424154,3.0,0.0
824.8797433756685,2.0,0.0
824.8849419824672,1.0,0.0
824.8878103670073,2.0,0.0
824.8997285358896,1.0,0.0
824.9145547541991,0.0,0.0
824.935607235408,1.0,0.0
824.9597443101017,2.0,0.0
824.9674473157658,3.0,0.0
824.9766073129058,2.0,0.0
824.9841277823783,3.0,0.0
824.984921336458,4.0,0.0
824.997308786392,3.0,0.0
825.0076355928283,2.0,0.0
825.0240237393974,1.0,0.0
825.0368607765702,2.0,0.0
825.0478639181135,1.0,0.0
825.0485602957101,0.0,0.0
825.0977859899737,1.0,0.0
825.099466055461,0.0,0.0
825.1349079564391,1.0,0.0
825.1351307956198,2.0,0.0
825.1639501962778,3.0,0.0
825.1771219369908,2.0,0.0
825.1909617194422,1.0,0.0
825.1918859881002,2.0,0.0
825.2008496329429,3.0,0.0
825.2023942749715,4.0,0.0
825.2032404732485,3.0,0.0
825.2249666354189,2.0,0.0
825.241327883618,3.0,0.0
825.249252933948,2.0,0.0
825.2594107138292,1.0,0.0
825.3063059963774,2.0,0.0
825.3376613367637,1.0,0.0
825.3511530782388,2.0,0.0
825.360869437237,1.0,0.0
825.3716213138936,2.0,0.0
825.4426033600834,3.0,0.0
825.4610243607851,2.0,0.0
825.4710387914239,3.0,0.0
825.5238670718726,4.0,0.0
825.5595663379567,5.0,0.0
825.5669233863723,4.0,0.0
825.5775339991723,3.0,0.0
825.5820675122445,2.0,0.0
825.6261548600224,1.0,0.0
825.6398746932384,2.0,0.0
825.6614611825744,3.0,0.0
825.6838091142898,4.0,0.0
825.7043509798698,5.0,0.0
825.7055816815059,6.0,0.0
825.7168557299509,7.0,0.0
825.7406353423985,6.0,0.0
825.7555996093558,5.0,0.0
825.7894721798103,6.0,0.0
825.8030815591272,5.0,0.0
825.8080239211384,4.0,0.0
825.8453346600869,3.0,0.0
825.8462344081553,2.0,0.0
825.8582734997472,1.0,0.0
825.8749627589416,2.0,0.0
825.9125648194165,1.0,0.0
825.9375193742661,2.0,0.0
825.9486804703681,3.0,0.0
825.9545047315838,2.0,0.0
825.9839426062273,1.0,0.0
826.0048507406069,0.0,0.0
826.0073419394797,1.0,0.0
826.0167750521806,0.0,0.0
826.0456099434615,1.0,0.0
826.0564214271874,2.0,0.0
826.0793058966915,1.0,0.0
826.0923592098052,2.0,0.0
826.1278736139257,1.0,0.0
826.1408545435806,2.0,0.0
826.1575918089121,3.0,0.0
826.1599182428293,2.0,0.0
826.1630597881509,3.0,0.0
826.1769664023018,2.0,0.0
826.1902303818613,3.0,0.0
826.1915053947598,2.0,0.0
826.195197681051,3.0,0.0
826.208258355379,2.0,0.0
826.2085592871454,1.0,0.0
826.2517943742996,2.0,0.0
826.2903628450731,1.0,0.0
826.3010664431763,2.0,0.0
826.3063545116402,1.0,0.0
826.3308998207474,0.0,0.0
826.3896222497315,1.0,0.0
826.3914835452233,2.0,0.0
826.3943955139281,1.0,0.0
826.4095990501812,2.0,0.0
826.4128569026999,1.0,0.0
826.4231308245346,2.0,0.0
826.4258768961239,3.0,0.0
826.4392158069697,2.0,0.0
826.4461401768642,3.0,0.0
826.4720305486017,4.0,0.0
826.4832493710287,5.0,0.0
826.4943582626951,6.0,0.0
826.4994457207634,5.0,0.0
826.4995155329533,6.0,0.0
826.5100982204342,5.0,0.0
826.51033558207,6.0,0.0
826.5215807216875,7.0,0.0
826.5444061781279,6.0,0.0
826.5615807738923,7.0,0.0
826.5916328022482,8.0,0.0
826.5931007386538,7.0,0.0
826.5964502179876,8.0,0.0
826.6178057742184,7.0,0.0
826.6195341395506,6.0,0.0
826.6292135039686,5.0,0.0
826.6303457217039,6.0,0.0
826.6371211754727,5.0,0.0
826.6473140311767,4.0,0.0
826.6477202353743,5.0,0.0
826.6522789612444,4.0,0.0
826.6963510436054,3.0,0.0
826.7036254889778,2.0,0.0
826.7103987698772,1.0,0.0
826.725436594908,0.0,0.0
826.7445169537255,1.0,0.0
826.7694859371329,2.0,0.0
826.7714949209217,1.0,0.0
826.7767729617985,0.0,0.0
826.793820768262,1.0,0.0
826.7996525803284,2.0,0.0
826.8219735756467,1.0,0.0
826.827271846693,2.0,0.0
826.8311091009253,1.0,0.0
826.8337901995437,0.0,0.0
826.8982927767894,1.0,0.0
826.9054894821389,0.0,0.0
826.9341367754935,1.0,0.0
826.951093931195,2.0,0.0
826.9576389500678,1.0,0.0
826.9758210937905,0.0,0.0
826.9802748788013,1.0,0.0
827.0129892479276,2.0,0.0
827.0456476220346,3.0,0.0
827.0490744827129,2.0,0.0
827.0686637786049,1.0,0.0
827.069765359728,0.0,0.0
827.1051612363176,1.0,0.0
827.1092672677948,0.0,0.0
827.1384650452522,1.0,0.0
827.1398307462392,2.0,0.0
827.1461707134043,3.0,0.0
827.1469268713132,2.0,0.0
827.1590240407115,1.0,0.0
827.1724189573024,2.0,0.0
827.1826710058538,3.0,0.0
827.1864865723583,4.0,0.0
827.1922092324157,5.0,0.0
827.2117772547922,4.0,0.0
827.217916481516,5.0,0.0
827.2385081134414,4.0,0.0
827.2399069864754,5.0,0.0
827.2421910909915,6.0,0.0
827.2488976989918,7.0,0.0
827.2572716216492,6.0,0.0
827.2913974281362,7.0,0.0
827.2956123223228,8.0,0.0
827.2958475055165,7.0,0.0
827.3008124700934,6.0,0.0
827.3055596550444,7.0,0.0
827.327992469119,6.0,0.0
827.340565358771,5.0,0.0
827.3531651631668,4.0,0.0
827.3574822197473,3.0,0.0
827.3581814819793,4.0,0.0
827.3645617489143,3.0,0.0
827.3829968185961,2.0,0.0
827.4099865109325,1.0,0.0
827.4132079097196,0.0,0.0
827.4152272888962,1.0,0.0
827.428582011732,2.0,0.0
827.4336609834472,3.0,0.0
827.4351733717365,4.0,0.0
827.4395554434534,3.0,0.0
827.4446275186192,4.0,0.0
827.4467109393177,5.0,0.0
827.4619970654794,6.0,0.0
827.4699394344725,5.0,0.0
827.4732966163007,4.0,0.0
827.4783074162741,3.0,0.0
827.4936530334481,2.0,0.0
827.5180273581784,1.0,0.0
827.520773129641,0.0,0.0
827.5217686511542,1.0,0.0
827.5349148508574,0.0,0.0
827.5422769995666,1.0,0.0
827.5430279123838,2.0,0.0
827.5537038935586,1.0,0.0
827.566701599283,0.0,0.0
827.5830922985053,1.0,0.0
827.5904159736561,2.0,0.0
827.6023166743876,1.0,0.0
827.603184965097,0.0,0.0
827.6190014645254,1.0,0.0
827.6541766768094,2.0,0.0
827.6615011903568,3.0,0.0
827.6732083906303,4.0,0.0
827.6817156737688,5.0,0.0
827.6867480317551,4.0,0.0
827.6986739407207,3.0,0.0
827.7183216030112,2.0,0.0
827.7246505718877,1.0,0.0
827.7392795914508,0.0,0.0
827.7610745703158,1.0,0.0
827.7652781933791,0.0,0.0
827.7684249266798,1.0,0.0
827.7749753416307,2.0,0.0
827.797373485361,1.0,0.0
827.8010162510689,2.0,0.0
827.811321955576,1.0,0.0
827.8245015346771,0.0,0.0
827.8342677375847,1.0,0.0
827.8353705973933,2.0,0.0
827.8427763697911,1.0,0.0
827.8438719008349,2.0,0.0
827.8439659488337,3.0,0.0
827.8459110918491,4.0,0.0
827.8494860583216,3.0,0.0
827.854204588014,4.0,0.0
827.8556482259451,3.0,0.0
827.878032414029,2.0,0.0
827.8893333998375,1.0,0.0
827.8962215031407,2.0,0.0
827.8986771483972,1.0,0.0
827.9107550123632,0.0,0.0
827.9147705483026,1.0,0.0
827.9172255766932,2.0,0.0
827.9226673235991,3.0,0.0
827.9403688767514,4.0,0.0
827.9425949763764,3.0,0.0
827.9574128138033,4.0,0.0
827.9627087022552,5.0,0.0
827.9654564506252,6.0,0.0
827.9868172327893,7.0,0.0
827.9924844024926,6.0,0.0
828.0004981103796,7.0,0.0
828.0085878368167,8.0,0.0
828.0101770412695,9.0,0.0
828.0166405163071,8.0,0.0
828.0269471612062,7.0,0.0
828.0453145106848,6.0,0.0
828.0483622051352,7.0,0.0
828.0576242144763,8.0,0.0
828.0598799909671,9.0,0.0
828.0633726038816,10.0,0.0
828.0665052549188,11.0,0.0
828.0796628567971,10.0,0.0
828.0798374805622,9.0,0.0
828.0872963427503,10.0,0.0
828.0969906777008,11.0,0.0
828.1105745383857,10.0,0.0
828.112688973744,11.0,0.0
828.1157375924831,10.0,0.0
828.1164149693129,9.0,0.0
828.1217360169943,10.0,0.0
828.1243032671401,11.0,0.0
828.1278519402961,10.0,0.0
828.1332169922067,9.0,0.0
828.1383133167334,10.0,0.0
828.1393060086757,9.0,0.0
828.1507764780753,10.0,0.0
828.1545566511926,11.0,0.0
828.1573984766809,12.0,0.0
828.1597063484345,11.0,0.0
828.1615918636287,12.0,0.0
828.1694449592684,13.0,0.0
828.1750440022809,14.0,0.0
828.1785199578121,13.0,0.0
828.1830736366318,12.0,0.0
828.1980835577538,11.0,0.0
828.1984246105759,10.0,0.0
828.1984323536095,9.0,0.0
828.1993206831406,10.0,0.0
828.2149839627461,9.0,0.0
828.2157177008347,10.0,0.0
828.2196672098319,11.0,0.0
828.2275709008318,10.0,0.0
828.2340858675412,9.0,0.0
828.254987382827,10.0,0.0
828.2671607544773,11.0,0.0
828.2714268911769,10.0,0.0
828.2832714646371,11.0,0.0
828.2942948351624,12.0,0.0
828.3145324460651,11.0,0.0
828.3147387176248,10.0,0.0
828.3148234959735,11.0,0.0
828.3153008928662,12.0,0.0
828.3187294602565,11.0,0.0
828.3282930106689,10.0,0.0
828.3287240494992,11.0,0.0
828.3408442842984,12.0,0.0
828.3425619473999,13.0,0.0
828.3432230226668,12.0,0.0
828.3433620721003,11.0,0.0
828.3624433143539,10.0,0.0
828.3697885133801,9.0,0.0
828.3828362320105,10.0,0.0
828.3935600156817,9.0,0.0
828.3987140341294,8.0,0.0
828.4054704832338,7.0,0.0
828.4092405522736,6.0,0.0
828.4136728837823,5.0,0.0
828.4140459059105,4.0,0.0
828.4172727116683,3.0,0.0
828.4189328520007,2.0,0.0
828.4202580998202,1.0,0.0
828.4343730533551,2.0,0.0
828.452478415075,3.0,0.0
828.4538326058521,4.0,0.0
828.4611317827768,3.0,0.0
828.4748431983274,4.0,0.0
828.485518643429,5.0,0.0
828.5018801326452,4.0,0.0
828.5051783566306,3.0,0.0
828.5330297345473,4.0,0.0
828.5334108273667,5.0,0.0
828.5365248683506,6.0,0.0
828.539158223225,5.0,0.0
828.5455486909137,6.0,0.0
828.5467907588047,5.0,0.0
828.552731508468,6.0,0.0
828.5559863776141,7.0,0.0
828.5629825891609,8.0,0.0
828.575504070775,7.0,0.0
828.5972143087386,6.0,0.0
828.6117052898762,5.0,0.0
828.6206263148383,6.0,0.0
828.6283010493689,7.0,0.0
828.6331652504981,8.0,0.0
828.6340975106626,7.0,0.0
828.6396470328044,6.0,0.0
828.6472691881573,7.0,0.0
828.6527503261648,8.0,0.0
828.6528955005846,9.0,0.0
828.6677746954954,10.0,0.0
828.6720135433923,11.0,0.0
828.6748673178066,10.0,0.0
828.6830628550658,9.0,0.0
828.702142760517,10.0,0.0
828.7057296429391,9.0,0.0
828.7141113404886,8.0,0.0
828.7176101629748,7.0,0.0
828.7273828974475,8.0,0.0
828.7505507347346,7.0,0.0
828.7556727800402,8.0,0.0
828.7662229491677,7.0,0.0
828.767064351148,8.0,0.0
828.7761283165295,9.0,0.0
828.7924477969153,10.0,0.0
828.7931801671124,11.0,0.0
828.803784904242,10.0,0.0
828.8119723635128,9.0,0.0
828.8163138126574,8.0,0.0
828.8195658429195,9.0,0.0
828.8387408273546,10.0,0.0
828.8427986621377,11.0,0.0
828.8439339257337,12.0,0.0
828.8499744901335,11.0,0.0
828.8523487162033,10.0,0.0
828.8543534922138,11.0,0.0
828.8575863281707,10.0,0.0
828.8609704784766,9.0,0.0
828.8758336655699,10.0,0.0
828.8779341758664,11.0,0.0
828.881204837333,10.0,0.0
828.8961043393774,9.0,0.0
828.9043923570704,8.0,0.0
828.9064671019938,9.0,0.0
828.910250059254,8.0,0.0
828.915928621449,7.0,0.0
828.9191821261383,8.0,0.0
828.920335817652,7.0,0.0
828.9252962864163,8.0,0.0
828.939572466702,9.0,0.0
828.9451069187184,10.0,0.0
828.9597846161831,11.0,0.0
828.9658382153351,10.0,0.0
828.970017997087,11.0,0.0
828.9707083333833,10.0,0.0
828.9839088224448,9.0,0.0
828.9943477624308,10.0,0.0
828.997895906514,9.0,0.0
829.0086162345199,10.0,0.0
829.0143944088258,11.0,0.0
829.0380946770372,12.0,0.0
829.0509023562026,11.0,0.0
829.0622855076563,12.0,0.0
829.0794199105451,13.0,0.0
829.0805328350083,14.0,0.0
829.086293604927,15.0,0.0
829.0889171861967,16.0,0.0
829.0891752138342,15.0,0.0
829.0932314227243,16.0,0.0
829.1215716097639,17.0,0.0
829.1223183105076,18.0,0.0
829.1226865056942,19.0,0.0
829.1263906079075,18.0,0.0
829.1305289718529,17.0,0.0
829.1361921770626,18.0,0.0
829.1431120512697,19.0,0.0
829.1436370477834,20.0,0.0
829.1442447372619,19.0,0.0
829.1899352734904,18.0,0.0
829.2010603185897,17.0,0.0
829.2028044750044,16.0,0.0
829.206736715109,17.0,0.0
829.2134651990748,16.0,0.0
829.2428973246125,17.0,0.0
829.2453343879814,16.0,0.0
829.2495075604159,15.0,0.0
829.2497522934017,16.0,0.0
829.2520928657569,17.0,0.0
829.277003205459,16.0,0.0
829.2821384877718,15.0,0.0
829.283068405217,16.0,0.0
829.2898351319523,15.0,0.0
829.2919031904156,16.0,0.0
829.2925549059098,17.0,0.0
829.3021568819458,16.0,0.0
829.3045691413298,17.0,0.0
829.3189138362096,16.0,0.0
829.3221869772696,17.0,0.0
829.3250231324945,16.0,0.0
829.3276337050061,15.0,0.0
829.333509610718,16.0,0.0
829.3343784514499,17.0,0.0
829.3422637846459,18.0,0.0
829.3656428595388,19.0,0.0
829.3786195924374,18.0,0.0
829.3892070580602,19.0,0.0
829.4114111902826,20.0,0.0
829.4252445631604,19.0,0.0
829.4258090649004,20.0,0.0
829.4323998637177,21.0,0.0
829.4336352143662,20.0,0.0
829.4339855796635,21.0,0.0
829.4377837762426,20.0,0.0
829.4396943258583,21.0,0.0
829.4399467580815,20.0,0.0
829.4432224903138,19.0,0.0
829.4438089007832,20.0,0.0
829.4499820346308,19.0,0.0
829.4628634389076,20.0,0.0
829.4730186092926,21.0,0.0
829.4898532662727,22.0,0.0
829.4906283311892,23.0,0.0
829.4912578841647,24.0,0.0
829.4940060553727,25.0,0.0
829.5008211589557,26.0,0.0
829.5008518508962,27.0,0.0
829.5113866056527,28.0,0.0
829.5122418315831,27.0,0.0
829.5138943022718,26.0,0.0
829.5175260268503,27.0,0.0
829.5184890511408,26.0,0.0
829.5218391781074,27.0,0.0
829.5246112092061,28.0,0.0
829.5336629777809,29.0,0.0
829.5516848257969,28.0,0.0
829.5567582230055,29.0,0.0
829.5663110332158,30.0,0.0
829.5741101262284,31.0,0.0
829.5788429076722,30.0,0.0
829.5937287106967,29.0,0.0
829.6028151175004,30.0,0.0
829.6051732631167,31.0,0.0
829.6173186624865,30.0,0.0
829.6235861180368,31.0,0.0
829.6260228479065,30.0,0.0
829.635111170082,31.0,0.0
829.6428412044,32.0,0.0
829.6580892871706,33.0,0.0
829.6605938043738,32.0,0.0
829.6625075397799,33.0,0.0
829.6676518478788,34.0,0.0
829.6731662669937,33.0,0.0
829.6748278781776,34.0,0.0
829.6781701622987,33.0,0.0
829.682847735725,34.0,0.0
829.6837055054535,35.0,0.0
829.6853988864236,34.0,0.0
829.6870960768654,33.0,0.0
829.6893685052748,34.0,0.0
829.697064273408,35.0,0.0
829.7043849847979,34.0,0.0
829.7075703012279,35.0,0.0
829.7117900441068,34.0,0.0
829.7191609152705,33.0,0.0
829.7214509231812,34.0,0.0
829.7314502699727,35.0,0.0
829.7345861490401,36.0,0.0
829.7355253507176,37.0,0.0
829.7360722839434,38.0,0.0
829.7414733759232,39.0,0.0
829.7490873230233,38.0,0.0
829.7562895213516,39.0,0.0
829.7601544551005,38.0,0.0
829.767068280342,37.0,0.0
829.7715645058985,38.0,0.0
829.7891919249287,37.0,0.0
829.7936117047504,38.0,0.0
829.7987331314318,37.0,0.0
829.8032272496332,36.0,0.0
829.804151583908,35.0,0.0
829.8268775051107,34.0,0.0
829.8321733608284,33.0,0.0
829.8411472710022,32.0,0.0
829.842024441463,31.0,0.0
829.8430486066458,30.0,0.0
829.8453192153002,29.0,0.0
829.8480010552897,30.0,0.0
829.8514894941168,31.0,0.0
829.867142219395,30.0,0.0
829.8713315440464,29.0,0.0
829.8874482023937,30.0,0.0
829.8990138326881,31.0,0.0
829.9008709469157,32.0,0.0
829.9057680284373,33.0,0.0
829.913363021464,32.0,0.0
829.922388872246,33.0,0.0
829.9240086425688,34.0,0.0
829.9252113622156,35.0,0.0
829.9254732359514,34.0,0.0
829.9519078723745,35.0,0.0
829.9588494039474,34.0,0.0
829.9603349277638,35.0,0.0
829.9665007298897,36.0,0.0
829.9711430276528,37.0,0.0
829.9747041856559,36.0,0.0
829.9774879141487,37.0,0.0
829.9788647372471,36.0,0.0
829.9805334657666,37.0,0.0
829.9860102644822,38.0,0.0
829.9896835538262,37.0,0.0
829.9903148718631,36.0,0.0
829.990373830425,37.0,0.0
830.001482132516,38.0,0.0
830.0029544981376,39.0,0.0
830.0035897624421,40.0,0.0
830.0063834458228,39.0,0.0
830.0200116633816,40.0,0.0
830.0262646647433,41.0,0.0
830.0284636773771,40.0,0.0
830.0335153619076,41.0,0.0
830.0339529130785,42.0,0.0
830.0379874821127,43.0,0.0
830.0386805633111,44.0,0.0
830.0427562160875,43.0,0.0
830.0494816679035,42.0,0.0
830.0535214922348,41.0,0.0
830.0595244854316,40.0,0.0
830.0603505451509,41.0,0.0
830.0795870852506,40.0,0.0
830.0887199206121,39.0,0.0
830.1004624096571,38.0,0.0
830.1028724465259,39.0,0.0
830.1102121909045,40.0,0.0
830.1175876061141,39.0,0.0
830.1185415426276,40.0,0.0
830.1219098924345,41.0,0.0
830.1373244691596,42.0,0.0
830.1393218713259,43.0,0.0
830.1444271022854,44.0,0.0
830.1562749971744,45.0,0.0
830.1576108125644,46.0,0.0
830.1583446605597,47.0,0.0
830.1611538348895,48.0,0.0
830.1808008731931,47.0,0.0
830.1890585635185,46.0,0.0
830.1920712530369,47.0,0.0
830.1942820124608,48.0,0.0
830.2010409038426,49.0,0.0
830.2015146880982,48.0,0.0
830.2040898934212,49.0,0.0
830.2054987569527,48.0,0.0
830.2103863735031,49.0,0.0
830.2115912690775,50.0,0.0
830.2261265876879,49.0,0.0
830.2315065980093,50.0,0.0
830.2338132929717,51.0,0.0
830.2403875249361,52.0,0.0
830.2437644151088,53.0,0.0
830.2446719562961,54.0,0.0
830.247904203033,53.0,0.0
830.2513842009067,54.0,0.0
830.2541530057438,55.0,0.0
830.2559815157095,56.0,0.0
830.2610188973109,57.0,0.0
830.2638435715728,58.0,0.0
830.2638656567303,57.0,0.0
830.2727728796425,58.0,0.0
830.2775004628743,57.0,0.0
830.2822614672964,56.0,0.0
830.2847405585245,57.0,0.0
830.2855902101045,58.0,0.0
830.2981526250649,59.0,0.0
830.2985618004652,60.0,0.0
830.3034814196078,59.0,0.0
830.3048744403891,60.0,0.0
830.3078408124437,59.0,0.0
830.3134613861579,60.0,0.0
830.3164270650527,61.0,0.0
830.3212575375507,62.0,0.0
830.3218254630175,61.0,0.0
830.3238761173224,62.0,0.0
830.3253762594545,61.0,0.0
830.3316040852221,62.0,0.0
830.3352334501861,61.0,0.0
830.3498671066156,60.0,0.0
830.3545597815495,61.0,0.0
830.3547827321864,62.0,0.0
830.3564237413215,63.0,0.0
830.3644665647307,64.0,0.0
830.3652725204448,63.0,0.0
830.3671247789315,64.0,0.0
830.3940072143253,65.0,0.0
830.3973015486171,66.0,0.0
830.4083969570991,65.0,0.0
830.4125050340904,64.0,0.0
830.4138436189187,63.0,0.0
830.4165678215188,64.0,0.0
830.418050759294,65.0,0.0
830.4204620270674,64.0,0.0
830.4337636165186,63.0,0.0
830.4385515586196,62.0,0.0
830.4391537255933,63.0,0.0
830.4405595234854,64.0,0.0
830.4552346521326,63.0,0.0
830.4560202522455,64.0,0.0
830.4628682713028,65.0,0.0
830.4687503296193,66.0,0.0
830.4695577084512,65.0,0.0
830.4741301413695,66.0,0.0
830.4742647980095,65.0,0.0
830.4787626576158,64.0,0.0
830.4871810079978,63.0,0.0
830.4894651262827,64.0,0.0
830.4954221576792,65.0,0.0
830.5041412716927,64.0,0.0
830.5183063788005,65.0,0.0
830.5205897350032,64.0,0.0
830.5244449959627,63.0,0.0
830.5298868337684,62.0,0.0
830.5334720541994,63.0,0.0
830.5357063355946,64.0,0.0
830.5396462197892,63.0,0.0
830.5557779403828,62.0,0.0
830.5565489928891,61.0,0.0
830.5617129456639,60.0,0.0
830.5629549752904,61.0,0.0
830.5659852115873,62.0,0.0
830.5685163091551,61.0,0.0
830.5760972695826,62.0,0.0
830.5774345466518,63.0,0.0
830.5863535600117,64.0,0.0
830.5901916136236,65.0,0.0
830.591453021041,66.0,0.0
830.6049872440846,65.0,0.0
830.6097573734875,66.0,0.0
830.643350996232,67.0,0.0
830.6459759813292,66.0,0.0
830.6469270353905,65.0,0.0
830.653895835442,66.0,0.0
830.6623147947123,65.0,0.0
830.6628037611466,66.0,0.0
830.6719210031046,65.0,0.0
830.6734735682948,66.0,0.0
830.6740371328311,67.0,0.0
830.6809236788599,66.0,0.0
830.6865695730618,65.0,0.0
830.6866615613943,66.0,0.0
830.6883082431241,65.0,0.0
830.6910219882182,66.0,0.0
830.6912557886378,65.0,0.0
830.7012234741446,66.0,0.0
830.7050848686567,65.0,0.0
830.7079146207557,66.0,0.0
830.7222234549288,65.0,0.0
830.7222436205251,66.0,0.0
830.7270693352058,67.0,0.0
830.7316020378759,66.0,0.0
830.7347999896823,67.0,0.0
830.7393243092984,66.0,0.0
830.7467905951723,67.0,0.0
830.7495290746579,68.0,0.0
830.7498362212913,69.0,0.0
830.7547245560852,70.0,0.0
830.7558805722474,69.0,0.0
830.7615048918029,68.0,0.0
830.7695632709349,67.0,0.0
830.7832090506037,66.0,0.0
830.7928907669814,65.0,0.0
830.7934428028955,64.0,0.0
830.8020281679588,63.0,0.0
830.8095793993363,64.0,0.0
830.8232217465703,65.0,0.0
830.8260176148684,66.0,0.0
830.8268117327569,67.0,0.0
830.8308126497267,66.0,0.0
830.8327693388424,67.0,0.0
830.8341792466836,66.0,0.0
830.8369739325112,67.0,0.0
830.8432261280005,66.0,0.0
830.8484440034274,67.0,0.0
830.8520212015824,66.0,0.0
830.8665792369164,65.0,0.0
830.8789886325156,66.0,0.0
830.8863268518894,67.0,0.0
830.8887043169674,66.0,0.0
830.8906132833933,67.0,0.0
830.8932084809468,66.0,0.0
830.9009471889532,65.0,0.0
830.9052211714379,66.0,0.0
830.9080454257947,67.0,0.0
830.915555447439,68.0,0.0
830.9201089197704,67.0,0.0
830.9288678798852,68.0,0.0
830.9427758211182,67.0,0.0
830.9472803744901,68.0,0.0
830.9500123031953,69.0,0.0
830.9537522176402,70.0,0.0
830.9639146860627,69.0,0.0
830.967628917407,70.0,0.0
830.9688121611131,71.0,0.0
830.9699157361673,70.0,0.0
830.9722571226669,71.0,0.0
830.9726236475504,72.0,0.0
830.9748630569079,71.0,0.0
830.9754839468544,72.0,0.0
830.9756538628842,71.0,0.0
830.9799842727783,72.0,0.0
830.9815859483592,71.0,0.0
830.9825833923751,70.0,0.0
830.9847839394665,69.0,0.0
830.9906897907819,70.0,0.0
830.9946001236063,69.0,0.0
830.9964231512691,70.0,0.0
830.9989445503376,71.0,0.0
831.0013863752115,72.0,0.0
831.0015367364452,73.0,0.0
831.0080454594189,72.0,0.0
831.0164778112153,73.0,0.0
831.0171238347853,74.0,0.0
831.02896339421,75.0,0.0
831.0290881143479,76.0,0.0
831.0369279520021,75.0,0.0
831.0398930408353,76.0,0.0
831.0437375801217,77.0,0.0
831.0560531706897,78.0,0.0
831.0605251544898,77.0,0.0
831.0883012422519,76.0,0.0
831.0898645721713,75.0,0.0
831.1002580356399,76.0,0.0
831.1050755278028,75.0,0.0
831.1100799246909,74.0,0.0
831.1180616313535,75.0,0.0
831.1205402987919,76.0,0.0
831.1233917519645,75.0,0.0
831.1241836360309,74.0,0.0
831.1304380957054,73.0,0.0
831.1345231560178,74.0,0.0
831.1449539855339,75.0,0.0
831.1504320118214,74.0,0.0
831.1509408998545,75.0,0.0
831.1584007479445,74.0,0.0
831.1613020642399,73.0,0.0
831.1627983913413,74.0,0.0
831.1728714830739,75.0,0.0
831.1833471882933,74.0,0.0
831.1966718618078,73.0,0.0
831.2135793519217,72.0,0.0
831.2205108690563,71.0,0.0
831.2236635529847,72.0,0.0
831.2255428117068,71.0,0.0
831.2260545301448,72.0,0.0
831.2295286946179,71.0,0.0
831.2313637990302,70.0,0.0
831.2316992048325,69.0,0.0
831.2396749389683,70.0,0.0
831.2477837478608,69.0,0.0
831.2516604993464,70.0,0.0
831.2529579267995,71.0,0.0
831.2652818167412,72.0,0.0
831.2747516694294,71.0,0.0
831.275197531884,72.0,0.0
831.2835893563812,71.0,0.0
831.2913979116063,70.0,0.0
831.2952496248754,69.0,0.0
831.2978906447161,70.0,0.0
831.3020783773702,71.0,0.0
831.3117619036245,70.0,0.0
831.3121498051918,71.0,0.0
831.3152475930636,72.0,0.0
831.3308187431664,73.0,0.0
831.3352026445936,74.0,0.0
831.3468074114116,73.0,0.0
831.3527204220844,74.0,0.0
831.3625220768554,75.0,0.0
831.3656130885761,74.0,0.0
831.3679626264061,75.0,0.0
831.3852903056932,76.0,0.0
831.3860921544365,77.0,0.0
831.3861087257749,78.0,0.0
831.3874821076655,79.0,0.0
831.3884929768499,80.0,0.0
831.3958752374328,81.0,0.0
831.4002503579605,82.0,0.0
831.402391581521,81.0,0.0
831.4031120552407,82.0,0.0
831.4314014988316,83.0,0.0
831.4392083805591,82.0,0.0
831.4496988911932,83.0,0.0
831.449741639477,84.0,0.0
831.4531775758996,85.0,0.0
831.4570183348162,84.0,0.0
831.4643031505891,85.0,0.0
831.4657981335981,86.0,0.0
831.4668530133307,87.0,0.0
831.4756543134199,86.0,0.0
831.4819451225269,87.0,0.0
831.4841917349675,86.0,0.0
831.492057206277,85.0,0.0
831.5055170720125,84.0,0.0
831.5071533307412,85.0,0.0
831.5178417070838,84.0,0.0
831.5199383657693,83.0,0.0
831.5202287413373,84.0,0.0
831.5225093279311,85.0,0.0
831.528973549817,84.0,0.0
831.5382363977425,83.0,0.0
831.5460997544121,82.0,0.0
831.5536798876273,81.0,0.0
831.5553870099445,80.0,0.0
831.5630691037578,79.0,0.0
831.5672173678212,80.0,0.0
831.5675574117183,81.0,0.0
831.5679647254328,82.0,0.0
831.5780541960075,81.0,0.0
831.5787473753243,82.0,0.0
831.5787905472345,83.0,0.0
831.5811806262631,82.0,0.0
831.5941477579416,83.0,0.0
831.6047532156069,84.0,0.0
831.6155605111011,85.0,0.0
831.6158755269431,86.0,0.0
831.6199558645808,87.0,0.0
831.6314469899032,88.0,0.0
831.6471453526167,87.0,0.0
831.6478558995765,86.0,0.0
831.6486634095724,85.0,0.0
831.6510762168184,84.0,0.0
831.6629359202343,83.0,0.0
831.6644491974441,84.0,0.0
831.6723912971003,85.0,0.0
831.6736900798849,86.0,0.0
831.6743330603219,87.0,0.0
831.689305941685,86.0,0.0
831.6905827603166,87.0,0.0
831.702435669521,88.0,0.0
831.7031086137343,87.0,0.0
831.7055854987854,86.0,0.0
831.7123481761917,87.0,0.0
831.723407417685,86.0,0.0
831.7349808131859,87.0,0.0
831.7373595723684,88.0,0.0
831.7485794022539,87.0,0.0
831.7545064106139,86.0,0.0
831.7559391765237,87.0,0.0
831.756861678914,88.0,0.0
831.7594674708107,89.0,0.0
831.7598612216574,90.0,0.0
831.7617497180933,91.0,0.0
831.7758228669535,92.0,0.0
831.7826854706152,93.0,0.0
831.7929398075954,94.0,0.0
831.7951792319734,93.0,0.0
831.8040647317182,94.0,0.0
831.8109407501254,95.0,0.0
831.8142644195837,96.0,0.0
831.8236376668283,95.0,0.0
831.830955702413,96.0,0.0
831.831465455101,97.0,0.0
831.842787096549,98.0,0.0
831.8468676294774,99.0,0.0
831.8556227612265,100.0,0.0
831.8558676606823,99.0,0.0
831.8600345745651,98.0,0.0
831.8654460222087,97.0,0.0
831.8806703084545,96.0,0.0
831.8822750163787,95.0,0.0
831.8871278775008,96.0,0.0
831.8895237475082,97.0,0.0
831.8964691914706,98.0,0.0
831.8975645978053,99.0,0.0
831.901206293754,98.0,0.0
831.9058195075899,97.0,0.0
831.9126078667007,96.0,0.0
831.915536997598,97.0,0.0
831.9155626672518,98.0,0.0
831.9211274643592,97.0,0.0
831.9237485063416,98.0,0.0
831.925364716955,99.0,0.0
831.926924801468,100.0,0.0
831.9308526228684,99.0,0.0
831.9368413325722,100.0,0.0
831.9412453117565,99.0,0.0
831.9424346496676,98.0,0.0
831.9442602537591,99.0,0.0
831.9462845837458,98.0,0.0
831.965768112472,99.0,0.0
831.969978593097,98.0,0.0
831.974469270291,97.0,0.0
831.9955950515073,96.0,0.0
832.0011746503952,95.0,0.0
832.0050330349661,94.0,0.0
832.0086305742833,95.0,0.0
832.0092252449905,96.0,0.0
832.018989674509,95.0,0.0
832.0204819492305,94.0,0.0
832.0251271863465,93.0,0.0
832.029702946685,94.0,0.0
832.0339759177303,93.0,0.0
832.0346552166535,92.0,0.0
832.0414832483494,91.0,0.0
832.0434375878733,92.0,0.0
832.0474348964647,91.0,0.0
832.061472869732,92.0,0.0
832.0763759214727,93.0,0.0
832.0842681565492,94.0,0.0
832.0871737473567,93.0,0.0
832.0922856519421,94.0,0.0
832.0929355060581,95.0,0.0
832.0979254789985,96.0,0.0
832.0980927246314,97.0,0.0
832.1008373708429,98.0,0.0
832.1194488883876,97.0,0.0
832.1203101625365,98.0,0.0
832.1228430409211,99.0,0.0
832.124827078646,98.0,0.0
832.1327059861999,99.0,0.0
832.1357750462062,100.0,0.0
832.138839463036,101.0,0.0
832.1433869675654,102.0,0.0
832.1506203699104,101.0,0.0
832.1528403731805,100.0,0.0
832.164692743461,101.0,0.0
832.1670088228818,100.0,0.0
832.1771484763148,101.0,0.0
832.1775138650211,102.0,0.0
832.1858193626393,101.0,0.0
832.188333522044,102.0,0.0
832.1999236364735,101.0,0.0
832.20037808111,100.0,0.0
832.2036913977912,101.0,0.0
832.223624047446,100.0,0.0
832.230169358498,101.0,0.0
832.2302912713747,102.0,0.0
832.2511773302099,101.0,0.0
832.2513880898621,102.0,0.0
832.2620458911091,103.0,0.0
832.2647227376327,104.0,0.0
832.276790251052,105.0,0.0
832.2820617135659,106.0,0.0
832.2862206896095,107.0,0.0
832.2957556184906,106.0,0.0
832.3031950929469,105.0,0.0
832.303352915401,104.0,0.0
832.3035441851551,103.0,0.0
832.3105904502171,104.0,0.0
832.3144641639344,105.0,0.0
832.3152356470126,104.0,0.0
832.3168774449234,105.0,0.0
832.3185379453557,104.0,0.0
832.3195889726505,105.0,0.0
832.3243853866524,104.0,0.0
832.3275518447062,105.0,0.0
832.3341610784312,106.0,0.0
832.3344720228,107.0,0.0
832.3468920165319,108.0,0.0
832.3501487848107,107.0,0.0
832.3557798098293,106.0,0.0
832.3658752154575,105.0,0.0
832.3662834919755,106.0,0.0
832.3906408981974,105.0,0.0
832.3912099520201,104.0,0.0
832.3943817627023,105.0,0.0
832.3952747825899,104.0,0.0
832.3968489430788,103.0,0.0
832.4080091089993,104.0,0.0
832.4111684876534,105.0,0.0
832.412213888523,104.0,0.0
832.4160974988417,105.0,0.0
832.4232588817866,104.0,0.0
832.4245308218956,105.0,0.0
832.4256160718234,104.0,0.0
832.4266233064498,105.0,0.0
832.427749863866,106.0,0.0
832.4280542396176,105.0,0.0
832.4341262643946,106.0,0.0
832.4573751127809,105.0,0.0
832.4595230749345,104.0,0.0
832.4610633931936,105.0,0.0
832.4847224059599,106.0,0.0
832.4913799940048,107.0,0.0
832.4961677884384,106.0,0.0
832.4988507894592,105.0,0.0
832.505644639774,106.0,0.0
832.505812477028,107.0,0.0
832.510028130457,108.0,0.0
832.5155096136701,109.0,0.0
832.516094241808,110.0,0.0
832.5181848939363,111.0,0.0
832.5196001578594,112.0,0.0
832.5317447753891,111.0,0.0
832.5352455603808,112.0,0.0
832.5422895917959,113.0,0.0
832.5452706261702,114.0,0.0
832.5506188509789,115.0,0.0
832.5550915551428,116.0,0.0
832.5562197167447,117.0,0.0
832.5591674140428,116.0,0.0
832.5664046937113,115.0,0.0
832.5694105844804,116.0,0.0
832.5697375199745,117.0,0.0
832.5698900564324,116.0,0.0
832.5701000467051,117.0,0.0
832.5851316284286,118.0,0.0
832.5935310717067,117.0,0.0
832.6009464238995,118.0,0.0
832.6018962853044,119.0,0.0
832.6058844327374,118.0,0.0
832.6072991372089,117.0,0.0
832.6153412863467,116.0,0.0
832.6162717465983,117.0,0.0
832.6210054585046,116.0,0.0
832.6212261985403,115.0,0.0
832.6214481836603,114.0,0.0
832.6288426278874,113.0,0.0
832.651912000782,112.0,0.0
832.6559989578473,111.0,0.0
832.658882701415,110.0,0.0
832.6602664503281,111.0,0.0
832.674399621825,112.0,0.0
832.6822227381186,111.0,0.0
832.684518150989,110.0,0.0
832.6848228796514,111.0,0.0
832.6888798134304,112.0,0.0
832.6960106455609,113.0,0.0
832.7004505434204,114.0,0.0
832.7023183631649,115.0,0.0
832.7028932131218,116.0,0.0
832.7056852907224,115.0,0.0
832.7144803295896,114.0,0.0
832.7154573796,113.0,0.0
832.7185269993541,112.0,0.0
832.7218404231969,113.0,0.0
832.7238076190425,114.0,0.0
832.741661640364,113.0,0.0
832.7425108888955,112.0,0.0
832.7546135281024,113.0,0.0
832.7547923436325,112.0,0.0
832.7555175253867,111.0,0.0
832.7561313656857,112.0,0.0
832.7579207149678,111.0,0.0
832.7600484422097,110.0,0.0
832.7613512081098,109.0,0.0
832.7754405929653,110.0,0.0
832.7798647286411,111.0,0.0
832.785391424779,110.0,0.0
832.7859051879669,109.0,0.0
832.7863178425988,110.0,0.0
832.7878585785116,111.0,0.0
832.7920822880424,110.0,0.0
832.7936266792822,111.0,0.0
832.7936510126148,112.0,0.0
832.7938133875757,113.0,0.0
832.7969188180964,112.0,0.0
832.7984643579184,111.0,0.0
832.800549436485,112.0,0.0
832.8031319229952,113.0,0.0
832.8050542866835,114.0,0.0
832.808318331299,115.0,0.0
832.8250277908286,114.0,0.0
832.8255553853268,115.0,0.0
832.8275193199275,116.0,0.0
832.8289342785123,117.0,0.0
832.8347230871857,116.0,0.0
832.8367668173249,115.0,0.0
832.8379372280046,116.0,0.0
832.8384105559842,117.0,0.0
832.8441164372492,118.0,0.0
832.844222695704,119.0,0.0
832.849555649085,118.0,0.0
832.8561837966461,119.0,0.0
832.8580074101767,120.0,0.0
832.8679693848981,119.0,0.0
832.8758976774955,120.0,0.0
832.8781470980462,119.0,0.0
832.8818353307984,120.0,0.0
832.8845004875377,121.0,0.0
832.8876285236256,120.0,0.0
832.9119298702333,121.0,0.0
832.9121399306617,120.0,0.0
832.9321574731177,119.0,0.0
832.9342345629123,118.0,0.0
832.9344208712736,117.0,0.0
832.9413771582588,116.0,0.0
832.9414653965237,115.0,0.0
832.9444252543622,116.0,0.0
832.9452673499837,115.0,0.0
832.9531158168743,116.0,0.0
832.953831770589,115.0,0.0
832.9640403544696,114.0,0.0
832.9758359922859,113.0,0.0
832.9789333561034,114.0,0.0
832.9858663476978,113.0,0.0
832.9894490311705,114.0,0.0
832.9902262984781,115.0,0.0
833.0289251969701,116.0,0.0
833.0313603817395,115.0,0.0
833.0319461612394,114.0,0.0
833.0407722568837,113.0,0.0
833.0439841903061,112.0,0.0
833.0440735681203,113.0,0.0
833.0570404730106,112.0,0.0
833.0683930744984,111.0,0.0
833.0853855116802,112.0,0.0
833.0961467847675,111.0,0.0
833.0990417528246,112.0,0.0
833.102364697967,113.0,0.0
833.1027426544781,114.0,0.0
833.1057833429926,113.0,0.0
833.1061211179522,114.0,0.0
833.1078210161835,113.0,0.0
833.1080195561261,112.0,0.0
833.1138976377745,113.0,0.0
833.1155281322435,114.0,0.0
833.1247646359886,113.0,0.0
833.1340219694421,112.0,0.0
833.1390737387064,111.0,0.0
833.1588032855501,112.0,0.0
833.161806557443,111.0,0.0
833.1626359893436,112.0,0.0
833.1676389549967,111.0,0.0
833.1721581456426,110.0,0.0
833.1827808831325,109.0,0.0
833.1873169882317,110.0,0.0
833.205973831883,109.0,0.0
833.2120715459541,108.0,0.0
833.2130087441652,109.0,0.0
833.215689008345,108.0,0.0
833.2177869555131,109.0,0.0
833.2273707972034,108.0,0.0
833.2284211476192,109.0,0.0
833.2325776261364,110.0,0.0
833.2360241674835,111.0,0.0
833.2371017605258,110.0,0.0
833.2382349087045,109.0,0.0
833.2392120205142,108.0,0.0
833.2393130978409,107.0,0.0
833.2426510296962,106.0,0.0
833.247672048433,105.0,0.0
833.2516914569773,104.0,0.0
833.2542631875566,103.0,0.0
833.2572734953135,102.0,0.0
833.2574321513042,103.0,0.0
833.2603660311302,102.0,0.0
833.2623157277995,103.0,0.0
833.2655134106806,104.0,0.0
833.2783113114446,105.0,0.0
833.2783652052643,106.0,0.0
833.3031214773087,107.0,0.0
833.3124176771587,106.0,0.0
833.3164367404826,107.0,0.0
833.3205857170816,106.0,0.0
833.3231332614776,105.0,0.0
833.3279032776449,106.0,0.0
833.336117379742,105.0,0.0
833.3388211178055,104.0,0.0
833.3416904412062,103.0,0.0
833.3435207966669,102.0,0.0
833.3531996317524,101.0,0.0
833.368465220862,102.0,0.0
833.3693153367708,101.0,0.0
833.3744115080424,100.0,0.0
833.3778122465698,101.0,0.0
833.3782249411661,100.0,0.0
833.39260765299,99.0,0.0
833.407108722804,98.0,0.0
833.4163509902916,97.0,0.0
833.4181987046112,98.0,0.0
833.4294228197604,99.0,0.0
833.4310570003262,98.0,0.0
833.435090515861,97.0,0.0
833.4362591817734,98.0,0.0
833.4410863176957,99.0,0.0
833.4427282665872,100.0,0.0
833.4433258309745,101.0,0.0
833.4456282288688,100.0,0.0
833.4502585029081,101.0,0.0
833.4521037967561,102.0,0.0
833.4533646960101,103.0,0.0
833.4555384474863,102.0,0.0
833.4746976294532,101.0,0.0
833.4780358876227,100.0,0.0
833.4820883750718,99.0,0.0
833.4902816841684,98.0,0.0
833.4976008243245,99.0,0.0
833.5013454560843,100.0,0.0
833.502087152394,101.0,0.0
833.5128940603789,100.0,0.0
833.5147010344419,101.0,0.0
833.5153370076804,102.0,0.0
833.5207522981225,103.0,0.0
833.5277754252951,102.0,0.0
833.5295602402094,103.0,0.0
833.5304071495752,102.0,0.0
833.5313335384064,101.0,0.0
833.5574617548185,102.0,0.0
833.5653345035395,103.0,0.0
833.5663043992729,104.0,0.0
833.5676044929446,105.0,0.0
833.5747195953592,104.0,0.0
833.5768540614367,105.0,0.0
833.5878009675404,104.0,0.0
833.5908623348379,105.0,0.0
833.5915698234656,106.0,0.0
833.6008833700023,105.0,0.0
833.6124265495935,104.0,0.0
833.6233115965654,105.0,0.0
833.6273820764287,106.0,0.0
833.6342997732548,107.0,0.0
833.6472706680277,108.0,0.0
833.6480198915956,109.0,0.0
833.6520548924299,110.0,0.0
833.654051878252,109.0,0.0
833.6543080569804,110.0,0.0
833.6601569777703,111.0,0.0
833.660834407436,110.0,0.0
833.6609757515943,111.0,0.0
833.6685073757508,112.0,0.0
833.6805855086438,113.0,0.0
833.6819036712661,112.0,0.0
833.6854924278764,111.0,0.0
833.6876983894764,112.0,0.0
833.688376979592,113.0,0.0
833.7075186236555,114.0,0.0
833.7126520739704,113.0,0.0
833.7249291439807,114.0,0.0
833.7254603930005,113.0,0.0
833.725794972795,114.0,0.0
833.7398395168357,113.0,0.0
833.7592146252442,114.0,0.0
833.7598528662729,113.0,0.0
833.7608662042813,114.0,0.0
833.761072526646,115.0,0.0
833.7693749413336,116.0,0.0
833.7716877732277,117.0,0.0
833.7769982694624,118.0,0.0
833.7787787277836,117.0,0.0
833.7796256719705,118.0,0.0
833.7807962064817,119.0,0.0
833.7978648248471,120.0,0.0
833.7988843622406,121.0,0.0
833.8006555847867,122.0,0.0
833.8042073608177,123.0,0.0
833.808247374092,122.0,0.0
833.8084926109794,123.0,0.0
833.8124557181203,124.0,0.0
833.8198063708826,123.0,0.0
833.8291320412286,124.0,0.0
833.8315613179177,125.0,0.0
833.8445890259691,126.0,0.0
833.852796529878,125.0,0.0
833.8548742383466,124.0,0.0
833.8711206076725,123.0,0.0
833.8761593927724,124.0,0.0
833.8769329899103,125.0,0.0
833.8781416992045,126.0,0.0
833.8926892529539,127.0,0.0
833.8929484409058,128.0,0.0
833.894337531455,129.0,0.0
833.896074221866,130.0,0.0
833.8997582667597,129.0,0.0
833.9002635056652,128.0,0.0
833.9010618813074,127.0,0.0
833.902721982036,128.0,0.0
833.9037990202522,129.0,0.0
833.9054281145083,130.0,0.0
833.9070915245362,129.0,0.0
833.9080454611343,130.0,0.0
833.9092942828945,131.0,0.0
833.9159570382153,132.0,0.0
833.9217434709557,131.0,0.0
833.9219069490833,130.0,0.0
833.9260683782659,131.0,0.0
833.9359610288245,132.0,0.0
833.9383637314271,131.0,0.0
833.941147904779,132.0,0.0
833.9448601931699,131.0,0.0
833.9481812472711,132.0,0.0
833.950505836203,131.0,0.0
833.9516787631353,130.0,0.0
833.9584620129136,131.0,0.0
833.9632814940918,130.0,0.0
833.974692530824,131.0,0.0
833.9774286153176,132.0,0.0
833.9999611536564,131.0,0.0
834.0026625165112,132.0,0.0
834.0059217825437,131.0,0.0
834.0219896793596,130.0,0.0
834.0257479366431,129.0,0.0
834.0278699397209,130.0,0.0
834.0291735384362,131.0,0.0
834.037750498137,132.0,0.0
834.0382525278656,133.0,0.0
834.039043621914,132.0,0.0
834.045515378999,133.0,0.0
834.0463625159651,132.0,0.0
834.0524253138151,131.0,0.0
834.0612908252666,132.0,0.0
834.0643414460162,131.0,0.0
834.0648160496153,132.0,0.0
834.0655607905713,131.0,0.0
834.0761162514884,132.0,0.0
834.0860544666739,131.0,0.0
834.0905127010427,130.0,0.0
834.0981018084133,129.0,0.0
834.1021250192885,130.0,0.0
834.1066559849457,131.0,0.0
834.1150825912578,130.0,0.0
834.1234715601076,131.0,0.0
834.1473439940856,132.0,0.0
834.153113626286,133.0,0.0
834.1582005510521,134.0,0.0
834.1626585171548,135.0,0.0
834.164876035695,136.0,0.0
834.1745125073664,135.0,0.0
834.1760634783807,136.0,0.0
834.1763875137095,135.0,0.0
834.1782181870001,134.0,0.0
834.2003893926757,133.0,0.0
834.202045813829,134.0,0.0
834.2035972765167,133.0,0.0
834.2069695405854,134.0,0.0
834.2080216941405,135.0,0.0
834.2087605451217,136.0,0.0
834.2100944822921,137.0,0.0
834.2144929228691,138.0,0.0
834.2156567654285,139.0,0.0
834.2173108797315,140.0,0.0
834.221066396801,141.0,0.0
834.223910526839,140.0,0.0
834.225160070682,141.0,0.0
834.2343857349875,142.0,0.0
834.2370773340225,143.0,0.0
834.2520297996479,144.0,0.0
834.2520721118624,143.0,0.0
834.2556786363849,144.0,0.0
834.2670965427428,145.0,0.0
834.2673933260825,144.0,0.0
834.2679280881358,145.0,0.0
834.2683857213119,146.0,0.0
834.2750047435612,145.0,0.0
834.275258770256,144.0,0.0
834.2758465119398,143.0,0.0
834.2801063347547,142.0,0.0
834.2814089879754,141.0,0.0
834.29689781099,142.0,0.0
834.3089343282173,143.0,0.0
834.3103393241453,142.0,0.0
834.325452584978,143.0,0.0
834.33090443604,142.0,0.0
834.3354261226818,141.0,0.0
834.3390277070712,140.0,0.0
834.3466091699445,139.0,0.0
834.3543229842672,140.0,0.0
834.3664404784037,141.0,0.0
834.3670863572753,142.0,0.0
834.3860460910776,141.0,0.0
834.3876435125535,140.0,0.0
834.3948297997495,141.0,0.0
834.399341922417,142.0,0.0
834.3998883817565,143.0,0.0
834.402517299907,142.0,0.0
834.4077523671463,141.0,0.0
834.4140045909418,142.0,0.0
834.4329939860481,143.0,0.0
834.4335796919481,144.0,0.0
834.4337819808055,143.0,0.0
834.4445060143611,144.0,0.0
834.4459568324876,145.0,0.0
834.4572704324695,144.0,0.0
834.4587435476038,143.0,0.0
834.4642016036101,144.0,0.0
834.4689924885736,143.0,0.0
834.4728713260396,144.0,0.0
834.4929471792577,143.0,0.0
834.492999696745,142.0,0.0
834.4975975213522,141.0,0.0
834.5053021521323,142.0,0.0
834.5099028193007,143.0,0.0
834.5101435395587,144.0,0.0
834.5127546564064,145.0,0.0
834.5393242745606,144.0,0.0
834.5413214290227,143.0,0.0
834.5442119554988,144.0,0.0
834.5450130031669,145.0,0.0
834.5508582689861,146.0,0.0
834.5513156840971,147.0,0.0
834.5648628191054,146.0,0.0
834.5715111068342,147.0,0.0
834.5766784096426,148.0,0.0
834.5834074274743,149.0,0.0
834.5918552292145,148.0,0.0
834.6058306356657,149.0,0.0
834.6071163408276,148.0,0.0
834.6090988903469,147.0,0.0
834.6421747205089,146.0,0.0
834.65588010917,147.0,0.0
834.6634745725074,146.0,0.0
834.67175318933,145.0,0.0
834.6777307038708,146.0,0.0
834.6779752481988,147.0,0.0
834.6812520461831,148.0,0.0
834.685687558462,149.0,0.0
834.7025331822496,150.0,0.0
834.7080115615724,149.0,0.0
834.712631846497,148.0,0.0
834.723497699845,149.0,0.0
834.7392453727452,148.0,0.0
834.741690500607,149.0,0.0
834.7556575622224,148.0,0.0
834.7583998999125,149.0,0.0
834.763608930173,150.0,0.0
834.7693910473533,151.0,0.0
834.7719194921241,152.0,0.0
834.778158109503,151.0,0.0
834.7892141502972,152.0,0.0
834.8264394437776,153.0,0.0
834.8266708090462,154.0,0.0
834.8449557694224,153.0,0.0
834.8497648269262,152.0,0.0
834.8500017333592,153.0,0.0
834.8559363363195,152.0,0.0
834.8583006048843,151.0,0.0
834.861335685866,152.0,0.0
834.8676976171694,153.0,0.0
834.8708784700298,154.0,0.0
834.8724996828953,153.0,0.0
834.8868505377048,152.0,0.0
834.8871714510334,153.0,0.0
834.8989557544479,152.0,0.0
834.9078088185676,153.0,0.0
834.9178903535502,152.0,0.0
834.9204187060568,153.0,0.0
834.9215347054898,154.0,0.0
834.9215718084853,153.0,0.0
834.9294919047733,154.0,0.0
834.9366159975156,153.0,0.0
834.9467970706172,154.0,0.0
834.949177867055,153.0,0.0
834.9600011904988,154.0,0.0
834.9778514158285,155.0,0.0
834.9906949958606,154.0,0.0
834.9951980322821,153.0,0.0
835.0105323507687,154.0,0.0
835.0269426399678,155.0,0.0
835.0344977495828,154.0,0.0
835.045928719998,153.0,0.0
835.059159279752,152.0,0.0
835.0597509757755,151.0,0.0
835.0659015368515,152.0,0.0
835.0666962134151,153.0,0.0
835.073461496042,152.0,0.0
835.0745647388397,151.0,0.0
835.0883230292961,150.0,0.0
835.0900494027372,149.0,0.0
835.0939244238212,150.0,0.0
835.1076263718555,151.0,0.0
835.1097902297668,150.0,0.0
835.1128072193715,149.0,0.0
835.1186115868938,148.0,0.0
835.1295209711265,149.0,0.0
835.1336483933758,150.0,0.0
835.1346961890104,151.0,0.0
835.1524892118234,150.0,0.0
835.1524961512291,149.0,0.0
835.1624573445819,148.0,0.0
835.1656792942355,147.0,0.0
835.1701439251647,146.0,0.0
835.1712580355642,147.0,0.0
835.1743660429709,148.0,0.0
835.1955835098096,147.0,0.0
835.1967549555712,146.0,0.0
835.1985158873637,147.0,0.0
835.2079642528928,146.0,0.0
835.2083733236741,147.0,0.0
835.209701699383,146.0,0.0
835.2235203697815,147.0,0.0
835.2236528027238,146.0,0.0
835.2296333018204,145.0,0.0
835.2306068182725,144.0,0.0
835.2333649760564,145.0,0.0
835.2720398808907,146.0,0.0
835.2729636450782,147.0,0.0
835.2736552989818,148.0,0.0
835.2759476641992,147.0,0.0
835.2776369296179,146.0,0.0
835.2830992393435,147.0,0.0
835.2860299436687,146.0,0.0
835.2890216215163,147.0,0.0
835.2921495923333,146.0,0.0
835.2984259198411,145.0,0.0
835.2988891354593,146.0,0.0
835.3029580313735,147.0,0.0
835.3106975905688,148.0,0.0
835.3148497742085,147.0,0.0
835.3208822128028,148.0,0.0
835.3225653239521,149.0,0.0
835.331428629625,148.0,0.0
835.3321020213973,147.0,0.0
835.3356151693143,148.0,0.0
835.3419632095939,147.0,0.0
835.3474756638017,148.0,0.0
835.3494162003537,147.0,0.0
835.3626710806792,146.0,0.0
835.3648159462726,145.0,0.0
835.3816584206336,146.0,0.0
835.383275559274,145.0,0.0
835.3925720997067,144.0,0.0
835.3948617527774,143.0,0.0
835.3997371087822,142.0,0.0
835.4032438400278,141.0,0.0
835.4033619627343,140.0,0.0
835.4309595108703,141.0,0.0
835.4353050540616,140.0,0.0
835.4397088497445,141.0,0.0
835.4501663085476,140.0,0.0
835.4640976275012,141.0,0.0
835.4691202871878,142.0,0.0
835.4712835081838,141.0,0.0
835.4732517174368,142.0,0.0
835.4734173270452,141.0,0.0
835.4829387197831,140.0,0.0
835.4845415199303,141.0,0.0
835.5019694919625,142.0,0.0
835.5070182639402,141.0,0.0
835.5072774816804,142.0,0.0
835.5343335913536,141.0,0.0
835.5344353410852,142.0,0.0
835.5401364144436,143.0,0.0
835.5531030795081,142.0,0.0
835.5591495277833,141.0,0.0
835.562511484632,142.0,0.0
835.5676501640049,143.0,0.0
835.5743400449887,142.0,0.0
835.5783941285392,141.0,0.0
835.5820061935832,142.0,0.0
835.5848786151514,141.0,0.0
835.5894929157948,140.0,0.0
835.6037194884311,141.0,0.0
835.6089156195793,142.0,0.0
835.6100151665656,141.0,0.0
835.6167653028194,142.0,0.0
835.6201799877622,143.0,0.0
835.6268701954891,144.0,0.0
835.638051643459,145.0,0.0
835.6468955903229,146.0,0.0
835.647979186689,145.0,0.0
835.6581022807177,146.0,0.0
835.6600659893824,145.0,0.0
835.6601187041783,144.0,0.0
835.660319219093,143.0,0.0
835.6646417401881,142.0,0.0
835.6692984454517,141.0,0.0
835.6705242494081,140.0,0.0
835.6707806246914,141.0,0.0
835.670986132532,142.0,0.0
835.6755707980623,141.0,0.0
835.6781314654498,142.0,0.0
835.6810383950883,141.0,0.0
835.6879920635763,140.0,0.0
835.6891392158846,141.0,0.0
835.6921406090096,140.0,0.0
835.7014421352444,139.0,0.0
835.7029353566894,140.0,0.0
835.7170097593352,139.0,0.0
835.722875608922,138.0,0.0
835.7291836113482,137.0,0.0
835.7508129267524,136.0,0.0
835.754370172603,135.0,0.0
835.7546489133622,134.0,0.0
835.7587237078131,133.0,0.0
835.7841460300691,134.0,0.0
835.7842357386647,133.0,0.0
835.7853291626445,134.0,0.0
835.7858370676561,133.0,0.0
835.7873013890321,132.0,0.0
835.8101071979105,131.0,0.0
835.8113632790532,130.0,0.0
835.816403930517,131.0,0.0
835.818321661983,130.0,0.0
835.8291683940649,129.0,0.0
835.8386628089888,128.0,0.0
835.8407791707078,129.0,0.0
835.8440976385444,130.0,0.0
835.8499613073208,131.0,0.0
835.8658811095828,132.0,0.0
835.8666811797912,133.0,0.0
835.8695244595636,132.0,0.0
835.8715262174421,131.0,0.0
835.873530509847,132.0,0.0
835.8774607680683,131.0,0.0
835.8847060810575,130.0,0.0
835.8877539786622,131.0,0.0
835.8908501785661,132.0,0.0
835.8993835786254,131.0,0.0
835.9105395884702,132.0,0.0
835.9199732775553,131.0,0.0
835.9317677800973,132.0,0.0
835.9338613570189,131.0,0.0
835.9339170844245,132.0,0.0
835.9423994796623,133.0,0.0
835.9476663683985,132.0,0.0
835.9568242912848,131.0,0.0
835.9582037465256,132.0,0.0
835.9654366631139,131.0,0.0
835.9778970124785,132.0,0.0
835.9780929433914,133.0,0.0
835.9801158139119,132.0,0.0
835.9802966609514,131.0,0.0
835.9831056332646,130.0,0.0
836.0039010858845,129.0,0.0
836.0100529386966,130.0,0.0
836.0124783741858,129.0,0.0
836.0202213877659,128.0,0.0
836.0226671751884,129.0,0.0
836.0247869842414,130.0,0.0
836.0269786006962,129.0,0.0
836.0458564135458,128.0,0.0
836.0460001241414,127.0,0.0
836.0680141009959,126.0,0.0
836.0687227858539,125.0,0.0
836.0695113100328,124.0,0.0
836.085051981767,123.0,0.0
836.0893583043625,122.0,0.0
836.0930498678088,123.0,0.0
836.0953776074604,124.0,0.0
836.0992578092187,125.0,0.0
836.1203102965839,126.0,0.0
836.1221544295255,127.0,0.0
836.1350478256508,128.0,0.0
836.1426147846669,129.0,0.0
836.1603601399446,130.0,0.0
836.1702583059399,129.0,0.0
836.1717737692142,130.0,0.0
836.1800415797308,129.0,0.0
836.1956603108605,130.0,0.0
836.2124909809835,131.0,0.0
836.2177861058898,132.0,0.0
836.2230248743928,133.0,0.0
836.2246917763948,132.0,0.0
836.2257616863461,133.0,0.0
836.228416009486,132.0,0.0
836.2501850799629,133.0,0.0
836.2542529141016,132.0,0.0
836.2572090149465,131.0,0.0
836.2637625139924,130.0,0.0
836.2650470836734,129.0,0.0
836.2774710057181,128.0,0.0
836.2814417350395,129.0,0.0
836.2815873387825,130.0,0.0
836.2834020699266,129.0,0.0
836.2866988240066,130.0,0.0
836.2873478616369,129.0,0.0
836.2893245135086,130.0,0.0
836.2975746362911,129.0,0.0
836.2987859055079,130.0,0.0
836.300393854944,131.0,0.0
836.3038515798005,130.0,0.0
836.3042943911023,131.0,0.0
836.3086701902391,132.0,0.0
836.3086986941519,131.0,0.0
836.3098669237654,132.0,0.0
836.3146001940963,131.0,0.0
836.31628339087,130.0,0.0
836.3395876204168,131.0,0.0
836.342009068413,130.0,0.0
836.3445337483467,131.0,0.0
836.3487479302319,130.0,0.0
836.3808353067793,129.0,0.0
836.3821253470044,128.0,0.0
836.3931404452543,127.0,0.0
836.3988440538858,126.0,0.0
836.4033885560765,125.0,0.0
836.404167418261,124.0,0.0
836.4195890696284,125.0,0.0
836.4240036038434,124.0,0.0
836.4273159929501,123.0,0.0
836.4291332862289,122.0,0.0
836.4304366115995,123.0,0.0
836.4311058248012,122.0,0.0
836.4343349911309,123.0,0.0
836.4404603292053,122.0,0.0
836.4414537137068,121.0,0.0
836.4415570385312,120.0,0.0
836.4421558151474,119.0,0.0
836.4427344664358,120.0,0.0
836.4490247903929,119.0,0.0
836.4562478976671,120.0,0.0
836.4616510892895,119.0,0.0
836.4733564386722,118.0,0.0
836.4750572215046,119.0,0.0
836.47737870614,118.0,0.0
836.4825342535114,117.0,0.0
836.5287208084392,118.0,0.0
836.5319667662671,117.0,0.0
836.5376988332538,116.0,0.0
836.5483127349098,115.0,0.0
836.5557762871795,116.0,0.0
836.5581963965615,117.0,0.0
836.5726951119992,118.0,0.0
836.6028478155246,117.0,0.0
836.6054121579293,116.0,0.0
836.6285411604603,115.0,0.0
836.6556417445504,114.0,0.0
836.6626072533007,115.0,0.0
836.6789270318284,114.0,0.0
836.680148110203,113.0,0.0
836.6812006821656,114.0,0.0
836.6869964530491,113.0,0.0
836.690941724638,112.0,0.0
836.703495955761,111.0,0.0
836.7072435081602,112.0,0.0
836.7195377363222,113.0,0.0
836.7222290414284,112.0,0.0
836.7342386379606,111.0,0.0
836.7436902495832,112.0,0.0
836.7463120162448,111.0,0.0
836.7627957938282,110.0,0.0
836.7629842860326,111.0,0.0
836.7818852835799,110.0,0.0
836.7827648858105,109.0,0.0
836.7899176150406,108.0,0.0
836.78992920486,107.0,0.0
836.7913152081982,108.0,0.0
836.8077917385206,109.0,0.0
836.8113400748819,108.0,0.0
836.8150424279024,107.0,0.0
836.8494936852119,108.0,0.0
836.8665049273872,107.0,0.0
836.887973770355,106.0,0.0
836.8909775468071,105.0,0.0
836.8986863939206,104.0,0.0
836.9064456362562,105.0,0.0
836.9148460956334,104.0,0.0
836.9183544087041,103.0,0.0
836.9188492909119,102.0,0.0
836.9190553767551,103.0,0.0
836.92819310677,104.0,0.0
836.9371074683827,103.0,0.0
836.9373070263864,104.0,0.0
836.9462613900907,103.0,0.0
836.9481150830356,102.0,0.0
836.9543752282015,101.0,0.0
836.9626766926192,100.0,0.0
836.9730970168276,101.0,0.0
836.9976944075645,100.0,0.0
837.010867039249,101.0,0.0
837.0115162364253,100.0,0.0
837.0172653085384,99.0,0.0
837.0201383450601,98.0,0.0
837.0330069398665,99.0,0.0
837.0412058272847,98.0,0.0
837.0492509886051,99.0,0.0
837.0569681183525,98.0,0.0
837.065699241222,97.0,0.0
837.0783826952771,96.0,0.0
837.084664285438,95.0,0.0
837.0861275126579,94.0,0.0
837.091208715355,93.0,0.0
837.0933897156714,92.0,0.0
837.0957234973358,91.0,0.0
837.1130886773708,90.0,0.0
837.1236340008393,91.0,0.0
837.1259533535572,92.0,0.0
837.1383779803676,91.0,0.0
837.142888853873,90.0,0.0
837.1472050051019,91.0,0.0
837.151453122492,92.0,0.0
837.1528466716416,93.0,0.0
837.1744350028832,92.0,0.0
837.1882651648988,91.0,0.0
837.1934210853423,90.0,0.0
837.1984251643997,91.0,0.0
837.2141555498913,92.0,0.0
837.2170741858293,91.0,0.0
837.2173758174822,90.0,0.0
837.255599843261,89.0,0.0
837.2577782274514,88.0,0.0
837.2644841106537,87.0,0.0
837.2695819807686,88.0,0.0
837.2699664601226,87.0,0.0
837.2763536233182,86.0,0.0
837.3048749977302,87.0,0.0
837.3186874119307,86.0,0.0
837.3192607979131,87.0,0.0
837.3327286905095,86.0,0.0
837.3470030315635,85.0,0.0
837.3486705900989,84.0,0.0
837.3491734269213,85.0,0.0
837.3505200036328,86.0,0.0
837.3584686832312,85.0,0.0
837.3601684836067,86.0,0.0
837.3604772308744,85.0,0.0
837.3630286653896,84.0,0.0
837.3654928096331,85.0,0.0
837.3742128067852,86.0,0.0
837.3845497652119,87.0,0.0
837.4148861226214,88.0,0.0
837.4252885566046,89.0,0.0
837.4289096448506,88.0,0.0
837.42912864031,87.0,0.0
837.436292535552,88.0,0.0
837.4559217551888,89.0,0.0
837.4675592759767,90.0,0.0
837.475769947184,89.0,0.0
837.5099276818557,88.0,0.0
837.5110263380561,87.0,0.0
837.5231587978669,86.0,0.0
837.5275125612819,85.0,0.0
837.532435464329,86.0,0.0
837.5467056729349,85.0,0.0
837.5602190832378,86.0,0.0
837.563133878198,87.0,0.0
837.5776055783887,88.0,0.0
837.5818966425472,87.0,0.0
837.5970103117244,86.0,0.0
837.6083218382131,85.0,0.0
837.6139544398459,86.0,0.0
837.626176377075,87.0,0.0
837.6291807034145,88.0,0.0
837.6322899244881,87.0,0.0
837.6416773528082,86.0,0.0
837.6972560340106,85.0,0.0
837.699270915624,84.0,0.0
837.719924388868,83.0,0.0
837.7271267844544,84.0,0.0
837.7284929717357,83.0,0.0
837.7335962663641,82.0,0.0
837.7684480260921,83.0,0.0
837.7713023959165,82.0,0.0
837.7766182647223,81.0,0.0
837.7905531551496,82.0,0.0
837.7917425243537,83.0,0.0
837.8178999596882,84.0,0.0
837.8237859242007,85.0,0.0
837.8298465380445,84.0,0.0
837.8371178075519,83.0,0.0
837.8490482632299,84.0,0.0
837.8525608661552,85.0,0.0
837.9325291036151,86.0,0.0
837.9364890188749,85.0,0.0
837.955565370924,84.0,0.0
837.9670177822941,83.0,0.0
837.9927568713738,82.0,0.0
837.9940069821421,83.0,0.0
838.0188863633792,82.0,0.0
838.0271107557775,81.0,0.0
838.0307889902979,82.0,0.0
838.0566384227436,81.0,0.0
838.0620007343547,80.0,0.0
838.0693351126185,79.0,0.0
838.0736502028087,78.0,0.0
838.085329261312,77.0,0.0
838.0960830615192,76.0,0.0
838.0990720876354,75.0,0.0
838.0993204525384,74.0,0.0
838.0999835719615,75.0,0.0
838.1289426217941,76.0,0.0
838.1291750392616,75.0,0.0
838.1530024891421,76.0,0.0
838.157209782105,77.0,0.0
838.1651758732554,76.0,0.0
838.1780209228564,77.0,0.0
838.1799152033635,78.0,0.0
838.18559952802,77.0,0.0
838.1877936595919,76.0,0.0
838.2033873640719,75.0,0.0
838.204770017143,74.0,0.0
838.2071655325401,73.0,0.0
838.2161609279659,74.0,0.0
838.2317380350884,73.0,0.0
838.2358570021757,74.0,0.0
838.2369501279996,73.0,0.0
838.2593750142926,72.0,0.0
838.2785803857246,71.0,0.0
838.2789161929657,72.0,0.0
838.2836974107713,71.0,0.0
838.2907435058261,70.0,0.0
838.300217538081,69.0,0.0
838.3064006722341,68.0,0.0
838.3151364253581,67.0,0.0
838.3156744828261,68.0,0.0
838.317502289139,69.0,0.0
838.3194515362396,68.0,0.0
838.3234623971273,67.0,0.0
838.3293571874191,66.0,0.0
838.3359366380322,65.0,0.0
838.3388257997287,64.0,0.0
838.3395566054271,63.0,0.0
838.3450084918053,62.0,0.0
838.3549014282952,63.0,0.0
838.3669720679353,62.0,0.0
838.368648787296,63.0,0.0
838.3706333281647,62.0,0.0
838.3711861388341,61.0,0.0
838.3732495478896,60.0,0.0
838.373299477193,59.0,0.0
838.3749908490227,60.0,0.0
838.3755069304892,59.0,0.0
838.3866521463146,58.0,0.0
838.3909257706493,57.0,0.0
838.3935123555773,58.0,0.0
838.4029747663488,57.0,0.0
838.4205000011041,56.0,0.0
838.4255299101395,55.0,0.0
838.4308316211429,56.0,0.0
838.4330034094239,55.0,0.0
838.444330600238,54.0,0.0
838.4610806951284,53.0,0.0
838.4702144894634,52.0,0.0
838.4757545751272,51.0,0.0
838.480655195419,50.0,0.0
838.4841384146172,49.0,0.0
838.4867884204776,50.0,0.0
838.496916495007,49.0,0.0
838.5013009782741,48.0,0.0
838.5058691887975,47.0,0.0
838.5177660828083,48.0,0.0
838.5271775270253,47.0,0.0
838.5327256009474,48.0,0.0
838.5373149288749,47.0,0.0
838.5402780512077,46.0,0.0
838.5789285068767,47.0,0.0
838.5839309993722,46.0,0.0
838.5893054528227,45.0,0.0
838.6019824681142,44.0,0.0
838.6045441190821,43.0,0.0
838.6082974329979,42.0,0.0
838.6085068740405,41.0,0.0
838.614236152858,40.0,0.0
838.6470894710178,41.0,0.0
838.6520145326785,42.0,0.0
838.6524783931886,41.0,0.0
838.6589106029151,40.0,0.0
838.6636379784682,41.0,0.0
838.6980659401929,40.0,0.0
838.7040548865568,39.0,0.0
838.7053183597029,38.0,0.0
838.7082532941064,37.0,0.0
838.7099507218229,36.0,0.0
838.7297237308964,35.0,0.0
838.7324773015949,34.0,0.0
838.7818608002001,33.0,0.0
838.7963098765753,34.0,0.0
838.8200481041953,33.0,0.0
838.8201395442535,32.0,0.0
838.8229396051063,33.0,0.0
838.8394201940563,32.0,0.0
838.843644183684,31.0,0.0
838.8503104817249,30.0,0.0
838.8506879319806,29.0,0.0
838.852172816415,28.0,0.0
838.8668901207456,27.0,0.0
838.8883815616151,26.0,0.0
838.8983218503814,25.0,0.0
838.9089758074213,26.0,0.0
838.9102314940008,25.0,0.0
838.9131452868709,24.0,0.0
838.9497310990217,25.0,0.0
838.9730294286007,24.0,0.0
838.9921806230703,23.0,0.0
839.0111202071266,22.0,0.0
839.0160325912457,23.0,0.0
839.0176614510083,22.0,0.0
839.0488821050011,21.0,0.0
839.0608874830897,20.0,0.0
839.0636000208945,21.0,0.0
839.0846049814746,20.0,0.0
839.0858402350952,19.0,0.0
839.125671049494,20.0,0.0
839.1265682248858,19.0,0.0
839.1437423189569,18.0,0.0
839.1463131668143,17.0,0.0
839.1544878135277,16.0,0.0
839.1731536663611,17.0,0.0
839.1739902367977,16.0,0.0
839.1850558079199,15.0,0.0
839.2354551255313,16.0,0.0
839.2445106652438,15.0,0.0
839.2542132785403,14.0,0.0
839.2602100776268,15.0,0.0
839.2651097866337,16.0,0.0
839.2688373261431,15.0,0.0
839.2725107492221,14.0,0.0
839.3154007179035,13.0,0.0
839.3217830618134,14.0,0.0
839.3307173137474,13.0,0.0
839.3324332585108,12.0,0.0
839.3618644751402,11.0,0.0
839.3676572184642,10.0,0.0
839.3723188412823,9.0,0.0
839.3781665801397,8.0,0.0
839.3931564949135,7.0,0.0
839.396695318595,8.0,0.0
839.4111330863951,7.0,0.0
839.4359007908002,8.0,0.0
839.460906676365,9.0,0.0
839.4651661783867,10.0,0.0
839.4770304475985,11.0,0.0
839.4812003215864,10.0,0.0
839.5131233944011,9.0,0.0
839.513495675025,8.0,0.0
839.5211971322369,7.0,0.0
839.5263015760639,6.0,0.0
839.544704068704,7.0,0.0
839.5478273304243,8.0,0.0
839.573154782722,7.0,0.0
839.6665132030107,8.0,0.0
839.6866000003082,7.0,0.0
839.7206292953815,6.0,0.0
839.723444354532,5.0,0.0
839.7344125853251,4.0,0.0
839.7624695694838,3.0,0.0
839.7624847874807,2.0,0.0
839.7757983588949,1.0,0.0
839.7819431478207,2.0,0.0
839.7819811307726,1.0,0.0
839.8304964125606,0.0,0.0
839.8307836438224,1.0,0.0
839.8320773828917,2.0,0.0
839.8484709903225,1.0,0.0
839.8697014017208,2.0,0.0
839.892576441009,1.0,0.0
839.9025366703961,2.0,0.0
839.9031540404989,1.0,0.0
839.9114231906057,0.0,0.0
839.9306506381748,1.0,0.0
839.9365032068995,0.0,0.0
839.9682879045832,1.0,0.0
840.0140823807275,0.0,0.0
840.0733834058725,1.0,0.0
840.0936713080978,0.0,0.0
840.1026083353688,1.0,0.0
840.1198228322463,2.0,0.0
840.128247835039,1.0,0.0
840.1378343855491,0.0,0.0
840.148275145331,1.0,0.0
840.1598718072812,0.0,0.0
840.1884683920099,1.0,0.0
840.1989695370195,0.0,0.0
840.209869888825,1.0,0.0
840.212194398809,2.0,0.0
840.2136820385734,1.0,0.0
840.2603401637524,0.0,0.0
840.2642508855624,1.0,0.0
840.2701295112477,0.0,0.0
840.3084762509179,1.0,0.0
840.3161292158577,0.0,0.0
840.3790158177374,1.0,0.0
840.3993407827143,0.0,0.0
840.4159873014682,1.0,0.0
840.4183508090342,0.0,0.0
840.4317540970831,1.0,0.0
840.436607799291,0.0,0.0
840.4672205143941,1.0,0.0
840.4691847264329,2.0,0.0
840.4883887953039,1.0,0.0
840.5093926363317,0.0,0.0
840.5924745766305,1.0,0.0
840.5931067112699,0.0,0.0
840.607599242508,1.0,0.0
840.6232229381687,0.0,0.0
840.7372042907426,1.0,0.0
840.7596113565922,0.0,0.0
840.7646232181279,1.0,0.0
840.7829475145094,0.0,0.0
840.8371675147835,1.0,0.0
840.8458941083705,2.0,0.0
840.8460867450541,1.0,0.0
840.863512994235,0.0,0.0
841.0029436538617,1.0,0.0
841.0296423156196,2.0,0.0
841.0488828563427,1.0,0.0
841.0786845260686,0.0,0.0
841.1959765569343,1.0,0.0
841.2140765271873,2.0,0.0
841.2410838566152,3.0,0.0
841.2902069375173,2.0,0.0
841.2993679453855,1.0,0.0
841.3112205544368,0.0,0.0
841.4818072217395,1.0,0.0
841.4818720839681,0.0,0.0
841.5560326088012,1.0,0.0
841.556789956961,0.0,0.0
841.6742521590585,1.0,0.0
841.6887024856269,0.0,0.0
841.8053601146534,1.0,0.0
841.8074550590577,2.0,0.0
841.8579273253533,3.0,0.0
841.861010131134,2.0,0.0
841.8683196651663,1.0,0.0
841.8708459281906,0.0,0.0
841.8805485161661,1.0,0.0
841.8881193061865,0.0,0.0
841.8916093786232,1.0,0.0
841.9098567447944,2.0,0.0
841.9137849026761,1.0,0.0
841.9161858677937,0.0,0.0
841.927970649684,1.0,0.0
841.9394470258309,2.0,0.0
841.9421216074151,1.0,0.0
841.9570063687877,0.0,0.0
841.979838562747,1.0,0.0
842.0179200616968,0.0,0.0
842.0409985616527,1.0,0.0
842.0600121239862,0.0,0.0
842.113027289814,1.0,0.0
842.1138354390367,0.0,0.0
842.1777039886075,1.0,0.0
842.1793765187696,0.0,0.0
842.1844135148706,1.0,0.0
842.1980199624483,2.0,0.0
842.199108951457,3.0,0.0
842.2005385303937,4.0,0.0
842.2602853222553,3.0,0.0
842.2812853886186,2.0,0.0
842.3060930454641,1.0,0.0
842.3150452744989,2.0,0.0
842.3155076579459,1.0,0.0
842.3325507918283,2.0,0.0
842.3414389686922,1.0,0.0
842.3540277228312,2.0,0.0
842.3544693934027,3.0,0.0
842.3565476226942,2.0,0.0
842.3733206913921,1.0,0.0
842.3963563885954,2.0,0.0
842.4154241366977,3.0,0.0
842.4212849967986,4.0,0.0
842.4265998843773,3.0,0.0
842.443736731362,2.0,0.0
842.4570074488503,3.0,0.0
842.4626887514437,4.0,0.0
842.463654047785,3.0,0.0
842.497062743806,2.0,0.0
842.5165942062091,3.0,0.0
842.521782900619,2.0,0.0
842.5470059779976,1.0,0.0
842.5511791691565,0.0,0.0
842.5610986971601,1.0,0.0
842.586903656248,0.0,0.0
842.6173158403826,1.0,0.0
842.6344099621565,0.0,0.0
842.638857493421,1.0,0.0
842.6631346629407,2.0,0.0
842.6724089938651,1.0,0.0
842.6746253491824,0.0,0.0
842.6931761817281,1.0,0.0
842.6951241070691,2.0,0.0
842.7121787829165,3.0,0.0
842.7376851484574,2.0,0.0
842.741599155703,1.0,0.0
842.7427041355314,2.0,0.0
842.7489257688129,3.0,0.0
842.7499399525692,4.0,0.0
842.755840217017,3.0,0.0
842.7671603499664,4.0,0.0
842.7890900977129,3.0,0.0
842.8101573037006,4.0,0.0
842.8107561130672,5.0,0.0
842.8122751812249,4.0,0.0
842.815795753005,5.0,0.0
842.8521735878616,6.0,0.0
842.8753209298669,5.0,0.0
842.88600449936,6.0,0.0
842.9015090850704,7.0,0.0
842.9150833983795,6.0,0.0
842.9201342355406,5.0,0.0
842.9211752082533,6.0,0.0
842.9246304578573,7.0,0.0
842.9321483423862,8.0,0.0
842.9434494452047,7.0,0.0
842.9488923166297,6.0,0.0
842.963695856007,5.0,0.0
842.9711738045448,4.0,0.0
842.971456183678,3.0,0.0
842.9824247541608,2.0,0.0
842.9859150390453,3.0,0.0
842.988796274835,2.0,0.0
842.9899533589441,1.0,0.0
842.9982311820193,2.0,0.0
843.0051499569051,1.0,0.0
843.0220821949921,0.0,0.0
843.0288421549092,1.0,0.0
843.0335952099093,2.0,0.0
843.0373815385794,1.0,0.0
843.0468920580107,0.0,0.0
843.0492802953722,1.0,0.0
843.0806496115785,0.0,0.0
843.0811968229152,1.0,0.0
843.1147119915685,2.0,0.0
843.1234340625335,1.0,0.0
843.140889467557,2.0,0.0
843.1438317812948,1.0,0.0
843.1554658219651,0.0,0.0
843.155519841248,1.0,0.0
843.161244642037,2.0,0.0
843.1619256414764,3.0,0.0
843.1813716641715,4.0,0.0
843.1829267365516,3.0,0.0
843.1936358066622,2.0,0.0
843.1962831891066,1.0,0.0
843.2221736038291,2.0,0.0
843.2317656065533,1.0,0.0
843.2422834680941,2.0,0.0
843.2514402069971,3.0,0.0
843.2602774374935,2.0,0.0
843.2710631951591,1.0,0.0
843.2851045445296,0.0,0.0
843.3548592203176,1.0,0.0
843.3674208880883,0.0,0.0
843.3682438362163,1.0,0.0
843.450187328071,2.0,0.0
843.4509501483875,1.0,0.0
843.4661609085058,2.0,0.0
843.4777905741562,1.0,0.0
843.5048973203136,2.0,0.0
843.5307309901817,1.0,0.0
843.542292925027,2.0,0.0
843.5457764451011,3.0,0.0
843.5525546855266,2.0,0.0
843.5536394637493,3.0,0.0
843.5687986906296,2.0,0.0
843.589435712606,1.0,0.0
843.5964160684622,2.0,0.0
843.5964892635164,1.0,0.0
843.6041232948792,2.0,0.0
843.6136357792532,3.0,0.0
843.6186073405288,2.0,0.0
843.6321115395806,3.0,0.0
843.6396252930889,2.0,0.0
843.6498110067821,1.0,0.0
843.6516931498257,0.0,0.0
843.6643302053109,1.0,0.0
843.6646355588065,2.0,0.0
843.7004488663372,1.0,0.0
843.7014949083213,2.0,0.0
843.7235744110109,1.0,0.0
843.7243401894626,0.0,0.0
843.7518981095434,1.0,0.0
843.7530530661306,2.0,0.0
843.7620027292517,3.0,0.0
843.764155823086,4.0,0.0
843.7752244124158,5.0,0.0
843.8029474838098,4.0,0.0
843.8314839445112,5.0,0.0
843.8347653509348,4.0,0.0
843.8371445155192,3.0,0.0
843.8438055267087,2.0,0.0
843.8439030894816,1.0,0.0
843.8933022948066,0.0,0.0
843.9029458459884,1.0,0.0
843.9049267564654,0.0,0.0
843.9148630647821,1.0,0.0
843.9229694138932,2.0,0.0
843.9253528018963,3.0,0.0
843.9268048909961,4.0,0.0
843.9282124679096,3.0,0.0
843.9289375964154,4.0,0.0
843.9304891060004,3.0,0.0
843.9346991438912,4.0,0.0
843.9362870359828,3.0,0.0
843.9378182408656,2.0,0.0
843.9607115369357,1.0,0.0
843.9633513600792,2.0,0.0
843.9700665974203,1.0,0.0
843.9911708471403,2.0,0.0
843.9994879105421,3.0,0.0
844.0049138255472,4.0,0.0
844.0078617502394,3.0,0.0
844.0115566710595,4.0,0.0
844.0117869419491,3.0,0.0
844.0119035644059,4.0,0.0
844.0168802240889,3.0,0.0
844.0237982151142,2.0,0.0
844.0267310981038,1.0,0.0
844.051682233998,0.0,0.0
844.0675263747607,1.0,0.0
844.1055453290826,0.0,0.0
844.111315088995,1.0,0.0
844.1177418454103,2.0,0.0
844.1274781076386,3.0,0.0
844.1319742097725,4.0,0.0
844.1436991809165,5.0,0.0
844.1477954139617,6.0,0.0
844.168431304059,5.0,0.0
844.1696250801654,6.0,0.0
844.1759611604429,7.0,0.0
844.1772646716887,8.0,0.0
844.1816253584832,9.0,0.0
844.1860541304293,8.0,0.0
844.1863269464083,9.0,0.0
844.1874633978255,8.0,0.0
844.2009361605193,7.0,0.0
844.2060005881218,8.0,0.0
844.2207854587872,9.0,0.0
844.2213615980329,8.0,0.0
844.2216937082509,7.0,0.0
844.2280981880996,6.0,0.0
844.2344607051222,7.0,0.0
844.2373893064575,8.0,0.0
844.2400176634027,7.0,0.0
844.2484339084322,6.0,0.0
844.2495881467884,7.0,0.0
844.2502705340568,6.0,0.0
844.2695479501527,5.0,0.0
844.2744020752552,4.0,0.0
844.2791893356897,5.0,0.0
844.2811475092352,6.0,0.0
844.3061778499967,5.0,0.0
844.3069033799105,4.0,0.0
844.3272916446646,3.0,0.0
844.3399467348436,4.0,0.0
844.356226519322,5.0,0.0
844.3596222281806,6.0,0.0
844.3658494048364,5.0,0.0
844.37289537577,6.0,0.0
844.385491540113,5.0,0.0
844.3978407566614,6.0,0.0
844.3982552867459,7.0,0.0
844.3985642587405,8.0,0.0
844.3992742934479,9.0,0.0
844.4097692100246,8.0,0.0
844.4148134029401,7.0,0.0
844.419381509262,6.0,0.0
844.4268020787372,5.0,0.0
844.4324877750518,4.0,0.0
844.4458318311193,3.0,0.0
844.452804406383,4.0,0.0
844.4528949969866,5.0,0.0
844.4641624848388,4.0,0.0
844.4781963581663,3.0,0.0
844.481752914043,2.0,0.0
844.5024368471674,3.0,0.0
844.505235006205,4.0,0.0
844.5291596868692,3.0,0.0
844.5397961858296,4.0,0.0
844.5485502725477,3.0,0.0
844.551631857416,2.0,0.0
844.585212370207,1.0,0.0
844.5876630533587,0.0,0.0
844.5906741084965,1.0,0.0
844.6056044788968,0.0,0.0
844.6072072675221,1.0,0.0
844.6072693608254,2.0,0.0
844.6086316344432,1.0,0.0
844.6255084861825,2.0,0.0
844.655822752193,1.0,0.0
844.6562742088954,0.0,0.0
844.6601276130792,1.0,0.0
844.723622451928,2.0,0.0
844.725498248079,3.0,0.0
844.7304049631717,4.0,0.0
844.7501642831004,5.0,0.0
844.7686789694526,6.0,0.0
844.7803625560077,5.0,0.0
844.7809793446737,4.0,0.0
844.789911712674,3.0,0.0
844.7911223635925,2.0,0.0
844.7926070352701,3.0,0.0
844.8239089780842,2.0,0.0
844.8258790698271,1.0,0.0
844.8326457002745,2.0,0.0
844.8369071820915,3.0,0.0
844.8374586119421,4.0,0.0
844.8377805763175,3.0,0.0
844.8418117949922,4.0,0.0
844.8552340517748,5.0,0.0
844.8594225265582,6.0,0.0
844.8718569899496,5.0,0.0
844.8768912212298,4.0,0.0
844.883046699799,5.0,0.0
844.8856793611086,4.0,0.0
844.8894680401113,5.0,0.0
844.8919628863509,6.0,0.0
844.8958183792527,7.0,0.0
844.9090810474705,8.0,0.0
844.9312057354899,7.0,0.0
844.9340835478931,8.0,0.0
844.9351870860145,9.0,0.0
844.9405894457794,8.0,0.0
844.963783179271,9.0,0.0
844.9736969352567,8.0,0.0
844.9754081034704,9.0,0.0
844.975516152217,10.0,0.0
844.9868147663036,9.0,0.0
844.9869365750119,8.0,0.0
845.0085067842882,7.0,0.0
845.01286697621,8.0,0.0
845.0137688493331,9.0,0.0
845.0237790879396,10.0,0.0
845.0302346185018,11.0,0.0
845.0343371835058,10.0,0.0
845.042857486688,11.0,0.0
845.0538284456399,12.0,0.0
845.0650740005476,13.0,0.0
845.0721338108365,12.0,0.0
845.0903526435812,11.0,0.0
845.0969786682483,12.0,0.0
845.1045141302839,11.0,0.0
845.1154469367281,12.0,0.0
845.1204925626289,11.0,0.0
845.1392548730613,12.0,0.0
845.1420888997689,13.0,0.0
845.1554032329398,14.0,0.0
845.1625311006628,15.0,0.0
845.1672235969696,14.0,0.0
845.1688001248341,15.0,0.0
845.198784094147,16.0,0.0
845.2178853690651,17.0,0.0
845.2245110380493,18.0,0.0
845.2245801877586,17.0,0.0
845.2265111746555,16.0,0.0
845.2272078266623,15.0,0.0
845.2291187301105,14.0,0.0
845.2344501026678,15.0,0.0
845.234483554996,14.0,0.0
845.2363597254728,13.0,0.0
845.2390530773025,12.0,0.0
845.239610337239,11.0,0.0
845.2398531897128,10.0,0.0
845.2523611018396,9.0,0.0
845.2586724606355,10.0,0.0
845.2652135550113,9.0,0.0
845.2745300980971,8.0,0.0
845.2852576887483,9.0,0.0
845.2883317230994,8.0,0.0
845.288372995438,9.0,0.0
845.2913488798924,8.0,0.0
845.2948332060912,7.0,0.0
845.2972981656688,6.0,0.0
845.3114478322282,7.0,0.0
845.3202503266316,8.0,0.0
845.3235470209395,7.0,0.0
845.3237793016153,6.0,0.0
845.3260236107291,7.0,0.0
845.3373432776245,8.0,0.0
845.3454598494313,9.0,0.0
845.352865450977,8.0,0.0
845.3560459632986,7.0,0.0
845.3579497273615,8.0,0.0
845.3705805932656,9.0,0.0
845.3855420677662,8.0,0.0
845.4184811290155,7.0,0.0
845.4185196128675,8.0,0.0
845.4230845077384,7.0,0.0
845.426329534422,8.0,0.0
845.4369623063037,7.0,0.0
845.4528746577823,8.0,0.0
845.4607855279114,7.0,0.0
845.4624529142018,8.0,0.0
845.4731292795786,7.0,0.0
845.4739791859688,8.0,0.0
845.479844225764,9.0,0.0
845.4906776830884,8.0,0.0
845.4947839864591,9.0,0.0
845.4971867709638,10.0,0.0
845.4975273034453,9.0,0.0
845.5023924106933,10.0,0.0
845.503639324134,11.0,0.0
845.5052215065127,10.0,0.0
845.5107898447044,9.0,0.0
845.5121720573175,8.0,0.0
845.5153632972401,7.0,0.0
845.5179630738487,6.0,0.0
845.5217510435305,7.0,0.0
845.5227949286807,6.0,0.0
845.5272559098559,7.0,0.0
845.535268544122,6.0,0.0
845.5363863411646,7.0,0.0
845.5389893153302,6.0,0.0
845.5407127993856,5.0,0.0
845.5512724000488,4.0,0.0
845.5528656558407,5.0,0.0
845.55340731538,4.0,0.0
845.5757017388289,5.0,0.0
845.5775753008397,4.0,0.0
845.5903621853801,5.0,0.0
845.5917887650688,4.0,0.0
845.5937045387959,5.0,0.0
845.5981990886545,6.0,0.0
845.5983562174222,5.0,0.0
845.6120104902649,6.0,0.0
845.6150236803003,7.0,0.0
845.623442327461,6.0,0.0
845.6533754155929,7.0,0.0
845.6573689205943,8.0,0.0
845.6581720976591,9.0,0.0
845.6603381014895,10.0,0.0
845.6623904849812,11.0,0.0
845.6634114366735,12.0,0.0
845.6697719782601,11.0,0.0
845.6720527499206,12.0,0.0
845.6735773967628,11.0,0.0
845.6853622473578,10.0,0.0
845.6882769835937,9.0,0.0
845.6942160534811,8.0,0.0
845.6969434412962,7.0,0.0
845.7449549453651,8.0,0.0
845.7515884722593,7.0,0.0
845.7676388248807,6.0,0.0
845.7736151780224,7.0,0.0
845.7805231314966,6.0,0.0
845.7842362127348,7.0,0.0
845.7976385847679,8.0,0.0
845.8052321919993,7.0,0.0
845.8184585853629,8.0,0.0
845.8243244013562,7.0,0.0
845.828419982998,6.0,0.0
845.8324307198719,7.0,0.0
845.8409001284324,6.0,0.0
845.8496566716117,7.0,0.0
845.851053982348,8.0,0.0
845.8538641031711,7.0,0.0
845.854198514005,8.0,0.0
845.8571651446472,7.0,0.0
845.8589961998259,8.0,0.0
845.8640023257549,9.0,0.0
845.867302301736,10.0,0.0
845.870288412309,11.0,0.0
845.8934180871742,12.0,0.0
845.8984442114531,13.0,0.0
845.9004389366405,12.0,0.0
845.905036457694,13.0,0.0
845.9063380401161,12.0,0.0
845.9070244250555,11.0,0.0
845.9189849665568,12.0,0.0
845.9195831355738,13.0,0.0
845.9207472784225,14.0,0.0
845.9247226845853,15.0,0.0
845.9316532692137,16.0,0.0
845.9366976814251,17.0,0.0
845.9395627538476,18.0,0.0
845.9402589972733,19.0,0.0
845.9418277569531,20.0,0.0
845.9461684462694,19.0,0.0
845.9471225567203,18.0,0.0
845.9528513556602,19.0,0.0
845.9673005690439,20.0,0.0
845.9719578991437,19.0,0.0
845.9733934483567,20.0,0.0
845.994882611194,21.0,0.0
845.99881911113,20.0,0.0
846.0082130665058,19.0,0.0
846.015784630461,20.0,0.0
846.0167546708357,21.0,0.0
846.0203277777608,20.0,0.0
846.030144394646,21.0,0.0
846.032807447328,20.0,0.0
846.0339810692457,21.0,0.0
846.0376804483012,20.0,0.0
846.0403414133597,19.0,0.0
846.0432262133904,18.0,0.0
846.0459799604603,17.0,0.0
846.0515334409121,16.0,0.0
846.052723864122,15.0,0.0
846.0547065653358,16.0,0.0
846.07275250701,15.0,0.0
846.0729123442949,14.0,0.0
846.0759414281537,15.0,0.0
846.0800562307802,16.0,0.0
846.0837928754697,17.0,0.0
846.0857192586668,16.0,0.0
846.0972418388412,17.0,0.0
846.1119540080066,16.0,0.0
846.1193144660476,17.0,0.0
846.1275163029211,16.0,0.0
846.1485587663478,15.0,0.0
846.1488451012757,16.0,0.0
846.1489538543877,17.0,0.0
846.1615690921071,16.0,0.0
846.1664370468231,17.0,0.0
846.1672898813754,18.0,0.0
846.1757202023291,19.0,0.0
846.176568473074,18.0,0.0
846.1774032053579,17.0,0.0
846.183530933661,18.0,0.0
846.184277665922,19.0,0.0
846.1862758273253,18.0,0.0
846.1889415111295,17.0,0.0
846.2020584353435,16.0,0.0
846.2230824614413,17.0,0.0
846.2272312165637,18.0,0.0
846.2326807943806,19.0,0.0
846.236440357569,20.0,0.0
846.243836323822,21.0,0.0
846.2458354869871,20.0,0.0
846.2467371335777,19.0,0.0
846.2493500513417,20.0,0.0
846.2506408664063,19.0,0.0
846.251930312339,20.0,0.0
846.2634093776041,19.0,0.0
846.265921066316,20.0,0.0
846.2691794996854,19.0,0.0
846.2722052455049,18.0,0.0
846.2873817934698,17.0,0.0
846.2999807066694,16.0,0.0
846.3021926207591,15.0,0.0
846.3073866357363,14.0,0.0
846.3178755012462,15.0,0.0
846.3202600438323,16.0,0.0
846.3250223273776,17.0,0.0
846.3253131159778,18.0,0.0
846.3300416077609,19.0,0.0
846.3357602097466,20.0,0.0
846.3373701596269,21.0,0.0
846.3385534734732,22.0,0.0
846.3404017580737,23.0,0.0
846.3510577166127,22.0,0.0
846.3557301989197,23.0,0.0
846.3604217790371,22.0,0.0
846.3633441651498,23.0,0.0
846.3660095979257,24.0,0.0
846.3679927763379,23.0,0.0
846.3716290467494,24.0,0.0
846.3931396248229,23.0,0.0
846.3976040950892,24.0,0.0
846.4062408676747,25.0,0.0
846.4080561808146,26.0,0.0
846.4102749970192,25.0,0.0
846.4114217845446,24.0,0.0
846.4154171436154,23.0,0.0
846.4200747146513,24.0,0.0
846.4237872258768,25.0,0.0
846.4255451633194,24.0,0.0
846.4281555151588,25.0,0.0
846.4331888954248,26.0,0.0
846.4373864039416,27.0,0.0
846.4388523372256,28.0,0.0
846.4404932240807,27.0,0.0
846.4488404170554,28.0,0.0
846.4547657388413,27.0,0.0
846.4583686885335,26.0,0.0
846.4697197478484,27.0,0.0
846.492345023457,28.0,0.0
846.4928960495839,27.0,0.0
846.5032623007279,28.0,0.0
846.5051190083193,29.0,0.0
846.5062809366406,28.0,0.0
846.5117956633716,29.0,0.0
846.516540497956,30.0,0.0
846.5229116401015,31.0,0.0
846.5421398438406,32.0,0.0
846.5566724319827,31.0,0.0
846.5621653156111,32.0,0.0
846.5657193313222,33.0,0.0
846.5686473034198,32.0,0.0
846.5788824505033,33.0,0.0
846.582378137554,34.0,0.0
846.5831902876862,33.0,0.0
846.5876707637707,34.0,0.0
846.5883395032643,35.0,0.0
846.5938265232372,34.0,0.0
846.6098193584303,33.0,0.0
846.6110016651375,34.0,0.0
846.6176524408007,35.0,0.0
846.6304641935075,36.0,0.0
846.6337468204151,37.0,0.0
846.6366358174918,38.0,0.0
846.6403778828261,37.0,0.0
846.6475597932572,36.0,0.0
846.6500049861205,37.0,0.0
846.6512229123275,36.0,0.0
846.6518833333427,37.0,0.0
846.6519758768729,38.0,0.0
846.6615745648488,39.0,0.0
846.6630447974218,40.0,0.0
846.6638044620379,39.0,0.0
846.6758332607128,40.0,0.0
846.6780653895523,41.0,0.0
846.6876457372945,42.0,0.0
846.6967387214077,43.0,0.0
846.6975557189133,44.0,0.0
846.6975959737658,43.0,0.0
846.7059989046979,44.0,0.0
846.713899263421,43.0,0.0
846.7141255623567,44.0,0.0
846.7149748253588,43.0,0.0
846.7154018545891,44.0,0.0
846.7171163075888,45.0,0.0
846.7220495759854,46.0,0.0
846.7247701813995,47.0,0.0
846.7360314750628,48.0,0.0
846.7411309779106,49.0,0.0
846.7429257155628,48.0,0.0
846.749227351356,47.0,0.0
846.7529779005607,48.0,0.0
846.7634084454971,49.0,0.0
846.7660584778349,48.0,0.0
846.7697143804583,47.0,0.0
846.7874685188658,48.0,0.0
846.8008424377321,47.0,0.0
846.801448275994,48.0,0.0
846.8094203916894,49.0,0.0
846.8199305616464,48.0,0.0
846.8271188073454,49.0,0.0
846.8320180364155,48.0,0.0
846.8404457315264,47.0,0.0
846.8566128412326,46.0,0.0
846.8683419897736,47.0,0.0
846.8742647730536,48.0,0.0
846.8964652466527,49.0,0.0
846.8971830177496,48.0,0.0
846.9013778159724,47.0,0.0
846.9033455493969,48.0,0.0
846.9116002471128,47.0,0.0
846.9243926278781,48.0,0.0
846.927743683639,49.0,0.0
846.9333215118116,48.0,0.0
846.9393917947815,49.0,0.0
846.9425691236071,50.0,0.0
846.9433294720659,51.0,0.0
846.9494025479355,52.0,0.0
846.960941169358,51.0,0.0
846.9665318068869,50.0,0.0
846.974737034133,49.0,0.0
846.9771195476252,50.0,0.0
846.9920697790245,51.0,0.0
846.9948991583765,52.0,0.0
846.9954484220984,51.0,0.0
846.9957130190495,52.0,0.0
846.9965856307227,51.0,0.0
847.0080368196872,50.0,0.0
847.0184835673982,51.0,0.0
847.0334600150064,50.0,0.0
847.0340583365843,51.0,0.0
847.0359925926906,50.0,0.0
847.0415719262585,49.0,0.0
847.052035224067,48.0,0.0
847.0551592610323,49.0,0.0
847.0612880628569,48.0,0.0
847.0641123726509,49.0,0.0
847.0729908438398,48.0,0.0
847.0744463543107,49.0,0.0
847.0809038270296,48.0,0.0
847.0866004366732,49.0,0.0
847.0892370082964,48.0,0.0
847.0995222742314,49.0,0.0
847.1058372705875,50.0,0.0
847.1059050299496,51.0,0.0
847.1067756577379,50.0,0.0
847.1113057424251,51.0,0.0
847.1116568727042,52.0,0.0
847.1153747932912,53.0,0.0
847.1168112383978,54.0,0.0
847.1170106441867,55.0,0.0
847.1226931586825,56.0,0.0
847.1228167750261,55.0,0.0
847.1313598528794,54.0,0.0
847.1345383920432,53.0,0.0
847.1375962509006,52.0,0.0
847.1427365295616,51.0,0.0
847.1458977660945,52.0,0.0
847.1491590746886,53.0,0.0
847.1499131363742,52.0,0.0
847.1506185113967,53.0,0.0
847.1510560144638,54.0,0.0
847.1513252332063,55.0,0.0
847.151901123955,56.0,0.0
847.1528027135562,57.0,0.0
847.1533754363237,56.0,0.0
847.1700737648854,57.0,0.0
847.1742250643188,58.0,0.0
847.1818398496645,59.0,0.0
847.1825979678234,60.0,0.0
847.1932638431764,61.0,0.0
847.2098429803232,62.0,0.0
847.210708375833,63.0,0.0
847.2139035816315,64.0,0.0
847.2198168831345,65.0,0.0
847.2217936123443,66.0,0.0
847.2331115685522,67.0,0.0
847.2412106297658,66.0,0.0
847.245491659854,65.0,0.0
847.2496233555026,64.0,0.0
847.2518170485283,65.0,0.0
847.2526313368899,64.0,0.0
847.2574088139476,65.0,0.0
847.262481386781,66.0,0.0
847.2650472433938,67.0,0.0
847.2651217443216,68.0,0.0
847.2659356368872,67.0,0.0
847.2771683931089,66.0,0.0
847.283232155937,65.0,0.0
847.2892606132689,66.0,0.0
847.2904902604965,65.0,0.0
847.3142107798623,64.0,0.0
847.31965851924,65.0,0.0
847.3214093268506,66.0,0.0
847.3214398755251,67.0,0.0
847.3260810563494,66.0,0.0
847.3358539648098,67.0,0.0
847.3362635400937,66.0,0.0
847.3394772837942,65.0,0.0
847.3405859132229,66.0,0.0
847.3465746514754,65.0,0.0
847.3499584743289,66.0,0.0
847.3513258371831,67.0,0.0
847.358819789431,68.0,0.0
847.3618476224826,69.0,0.0
847.3653125126982,70.0,0.0
847.3716988147539,71.0,0.0
847.3767076422483,72.0,0.0
847.3791580783642,73.0,0.0
847.3837446238284,74.0,0.0
847.3891235922978,75.0,0.0
847.3936067471187,76.0,0.0
847.4058682971853,77.0,0.0
847.412214372342,78.0,0.0
847.4305382886215,79.0,0.0
847.4353244019474,80.0,0.0
847.4410079162905,81.0,0.0
847.4433322829747,82.0,0.0
847.4504341375606,81.0,0.0
847.4588178456295,80.0,0.0
847.4653009934575,79.0,0.0
847.4817117299434,80.0,0.0
847.4875841069995,81.0,0.0
847.5004764035746,82.0,0.0
847.505983499552,81.0,0.0
847.5081055793937,80.0,0.0
847.5096385794211,79.0,0.0
847.5099498066465,80.0,0.0
847.5136796999496,81.0,0.0
847.5167593589914,82.0,0.0
847.5170667211154,83.0,0.0
847.5206130054415,84.0,0.0
847.5245763371624,85.0,0.0
847.5356804000438,84.0,0.0
847.5412255202804,83.0,0.0
847.5417278468158,84.0,0.0
847.5518346817664,85.0,0.0
847.5559258860487,86.0,0.0
847.5618026034929,85.0,0.0
847.5643584314752,86.0,0.0
847.5675782776868,87.0,0.0
847.5806201770689,88.0,0.0
847.586293965635,87.0,0.0
847.5962255846158,86.0,0.0
847.6035598656846,87.0,0.0
847.61769369372,88.0,0.0
847.6181572488114,89.0,0.0
847.6262820866601,88.0,0.0
847.6321866713362,87.0,0.0
847.6331231423827,86.0,0.0
847.6335478149675,87.0,0.0
847.634437453765,86.0,0.0
847.6388522449083,87.0,0.0
847.6415973004176,88.0,0.0
847.6417910861024,89.0,0.0
847.6453185510499,90.0,0.0
847.6684478316856,89.0,0.0
847.6776377435369,88.0,0.0
847.6949913022104,89.0,0.0
847.697706962479,90.0,0.0
847.7067753896441,91.0,0.0
847.7112876133045,92.0,0.0
847.7230532684389,91.0,0.0
847.7248899189117,92.0,0.0
847.7299811400072,91.0,0.0
847.7321101853337,92.0,0.0
847.7473140776208,91.0,0.0
847.7478855405982,92.0,0.0
847.759594267821,91.0,0.0
847.7614852787942,90.0,0.0
847.7708992700319,89.0,0.0
847.7740197163711,90.0,0.0
847.7767927445327,89.0,0.0
847.7781458995464,90.0,0.0
847.7841190106791,91.0,0.0
847.785527759595,90.0,0.0
847.7874777622499,91.0,0.0
847.7906234700871,92.0,0.0
847.7941048503776,91.0,0.0
847.7942965540469,92.0,0.0
847.795705480871,91.0,0.0
847.797847510716,90.0,0.0
847.8048829314256,91.0,0.0
847.8095755541403,90.0,0.0
847.8096080966135,91.0,0.0
847.8234082297671,90.0,0.0
847.8300699018861,89.0,0.0
847.8427785212366,90.0,0.0
847.8442033788766,89.0,0.0
847.8533507614201,90.0,0.0
847.8548202857313,89.0,0.0
847.8633904853616,88.0,0.0
847.8666904618109,87.0,0.0
847.8668746945791,88.0,0.0
847.872153612109,87.0,0.0
847.8777343584048,88.0,0.0
847.8806771781359,89.0,0.0
847.8929248907543,88.0,0.0
847.8965603271613,87.0,0.0
847.8974907659693,86.0,0.0
847.8991444063452,87.0,0.0
847.8992219367975,86.0,0.0
847.9083482517535,87.0,0.0
847.914791475152,88.0,0.0
847.9158695806309,89.0,0.0
847.9159567958278,90.0,0.0
847.9205068073029,89.0,0.0
847.9274183159529,90.0,0.0
847.9390327422673,91.0,0.0
847.9441157415403,92.0,0.0
847.951270861354,91.0,0.0
847.9536083554175,90.0,0.0
847.9735558265498,91.0,0.0
847.9765209273137,90.0,0.0
847.9809848424849,91.0,0.0
847.9814975748413,90.0,0.0
847.9840550488469,91.0,0.0
848.0057269154435,92.0,0.0
848.0091491249926,93.0,0.0
848.0092515769096,92.0,0.0
848.0094256884743,93.0,0.0
848.0167401860426,94.0,0.0
848.023851735916,95.0,0.0
848.0268786703867,94.0,0.0
848.030738884802,95.0,0.0
848.0342999287965,96.0,0.0
848.0495291042653,95.0,0.0
848.0558008523896,96.0,0.0
848.0564252760336,97.0,0.0
848.0624836861347,96.0,0.0
848.0729883939745,97.0,0.0
848.0779614874804,98.0,0.0
848.0811924178062,97.0,0.0
848.0829821461557,96.0,0.0
848.0856345778095,95.0,0.0
848.086262846414,96.0,0.0
848.0893406070684,95.0,0.0
848.100019222992,96.0,0.0
848.1060572245146,95.0,0.0
848.1068622382331,96.0,0.0
848.1155902793245,97.0,0.0
848.1209540886418,96.0,0.0
848.130449172545,97.0,0.0
848.1335169949916,96.0,0.0
848.1348512423192,97.0,0.0
848.1422745285026,98.0,0.0
848.1480985783243,97.0,0.0
848.1491700350276,96.0,0.0
848.1610768262701,95.0,0.0
848.1619408155932,96.0,0.0
848.1632728449121,97.0,0.0
848.164528470883,98.0,0.0
848.1659346268045,99.0,0.0
848.1770477858228,100.0,0.0
848.1795712999877,101.0,0.0
848.1799208811033,100.0,0.0
848.1817643530746,99.0,0.0
848.1874617559253,100.0,0.0
848.1891284094806,101.0,0.0
848.1965871443509,100.0,0.0
848.2002217444978,99.0,0.0
848.2085230623309,100.0,0.0
848.2144853672344,99.0,0.0
848.2155198810306,98.0,0.0
848.2179091082673,97.0,0.0
848.2344282839725,98.0,0.0
848.2470471646727,97.0,0.0
848.2499322422257,98.0,0.0
848.2558748962473,99.0,0.0
848.2653803695306,100.0,0.0
848.2717855070679,101.0,0.0
848.2793727430955,102.0,0.0
848.2835430494732,101.0,0.0
848.2935284720659,102.0,0.0
848.298066982006,101.0,0.0
848.3030158197915,100.0,0.0
848.306489996896,101.0,0.0
848.3123986327234,100.0,0.0
848.3135036965151,101.0,0.0
848.3153935696614,102.0,0.0
848.3172703195528,101.0,0.0
848.3202377582444,100.0,0.0
848.3217429844315,99.0,0.0
848.3288594285796,100.0,0.0
848.3309464961542,101.0,0.0
848.3347902084071,100.0,0.0
848.3393853745388,101.0,0.0
848.3478439724796,102.0,0.0
848.3598491682912,101.0,0.0
848.3668734267039,102.0,0.0
848.3751305594042,103.0,0.0
848.379081532653,104.0,0.0
848.3857210064009,105.0,0.0
848.4074875110443,106.0,0.0
848.4084158494976,105.0,0.0
848.4102322346786,106.0,0.0
848.4123143136011,105.0,0.0
848.412982967978,104.0,0.0
848.4136322786148,105.0,0.0
848.4137160246515,104.0,0.0
848.4151506886225,103.0,0.0
848.420260752735,102.0,0.0
848.4300425305476,101.0,0.0
848.4337746563643,100.0,0.0
848.4410552980494,101.0,0.0
848.4446368385219,102.0,0.0
848.4460665356097,103.0,0.0
848.451229894742,104.0,0.0
848.4520441953201,103.0,0.0
848.4520984472964,104.0,0.0
848.4594314296445,103.0,0.0
848.4632016561615,104.0,0.0
848.4647849327567,105.0,0.0
848.4749323049941,104.0,0.0
848.4762758418403,105.0,0.0
848.4769866608655,106.0,0.0
848.4805923130465,107.0,0.0
848.4823866034639,108.0,0.0
848.5015990162381,107.0,0.0
848.5099983206886,106.0,0.0
848.5107705805951,105.0,0.0
848.5161258893726,106.0,0.0
848.5247420190562,105.0,0.0
848.5265397176006,106.0,0.0
848.5278116149548,105.0,0.0
848.5294809351142,106.0,0.0
848.5341928277959,107.0,0.0
848.5350203025396,108.0,0.0
848.5355621954875,107.0,0.0
848.5377578210622,108.0,0.0
848.5446565137108,109.0,0.0
848.5592634994441,108.0,0.0
848.5687405749528,109.0,0.0
848.5741459085132,108.0,0.0
848.5745298233439,109.0,0.0
848.5815127386053,110.0,0.0
848.582184764398,109.0,0.0
848.5915259027857,110.0,0.0
848.5934421016282,109.0,0.0
848.5947603471122,108.0,0.0
848.601015279178,109.0,0.0
848.6024573633764,110.0,0.0
848.6086154205196,109.0,0.0
848.6118038733646,108.0,0.0
848.6135628993496,109.0,0.0
848.6166966950066,108.0,0.0
848.6209090492247,107.0,0.0
848.6213819893376,106.0,0.0
848.6278721393243,107.0,0.0
848.6324166649919,106.0,0.0
848.6359263314564,107.0,0.0
848.6368148483897,108.0,0.0
848.6383417452955,109.0,0.0
848.6482945537362,110.0,0.0
848.6495864651866,111.0,0.0
848.6576667024593,112.0,0.0
848.6579963661558,111.0,0.0
848.6656193584847,112.0,0.0
848.6688938909086,111.0,0.0
848.6693024597517,110.0,0.0
848.6727193738108,111.0,0.0
848.6732914025162,112.0,0.0
848.6792494191188,111.0,0.0
848.6861347106387,112.0,0.0
848.6862610026412,111.0,0.0
848.6891945128285,110.0,0.0
848.6893202909589,111.0,0.0
848.6933929280721,112.0,0.0
848.6995055632021,113.0,0.0
848.7046454821269,112.0,0.0
848.7121678818888,111.0,0.0
848.7207769691006,110.0,0.0
848.7250297294155,111.0,0.0
848.7254250399463,110.0,0.0
848.7299276321961,109.0,0.0
848.7338122908141,110.0,0.0
848.7408586847089,111.0,0.0
848.7422969118719,112.0,0.0
848.7492762978937,113.0,0.0
848.7501155942491,112.0,0.0
848.7502568197394,111.0,0.0
848.7544702257177,110.0,0.0
848.7620093462441,109.0,0.0
848.7660739378437,108.0,0.0
848.7678097807011,109.0,0.0
848.7749308207312,110.0,0.0
848.7885314992096,111.0,0.0
848.7885784742874,112.0,0.0
848.7914262254576,113.0,0.0
848.8053678895997,114.0,0.0
848.8068574342689,115.0,0.0
848.8107277157196,114.0,0.0
848.8130178813828,113.0,0.0
848.8151413528121,112.0,0.0
848.8173162419992,111.0,0.0
848.8220519007517,112.0,0.0
848.8326135615632,113.0,0.0
848.8389681833238,114.0,0.0
848.8400476301498,113.0,0.0
848.8422403881241,112.0,0.0
848.8425322962032,111.0,0.0
848.8484148662,112.0,0.0
848.8547274750528,113.0,0.0
848.8579079554719,112.0,0.0
848.8593934321613,113.0,0.0
848.8661661922465,114.0,0.0
848.8669182531219,113.0,0.0
848.8685962787162,112.0,0.0
848.8734959920963,111.0,0.0
848.8755128217363,110.0,0.0
848.8789412232225,111.0,0.0
848.8869558720895,112.0,0.0
848.9065221709932,111.0,0.0
848.9130989742039,112.0,0.0
848.9255287928186,113.0,0.0
848.9358172009544,114.0,0.0
848.9374683058675,115.0,0.0
848.9375283160629,116.0,0.0
848.9417021587865,117.0,0.0
848.942740277444,118.0,0.0
848.9457962202661,119.0,0.0
848.9465093397374,118.0,0.0
848.9480860438359,119.0,0.0
848.9501184971614,120.0,0.0
848.9669889830631,119.0,0.0
848.9719910809213,118.0,0.0
848.9732503233328,119.0,0.0
848.9748167448704,118.0,0.0
848.9812398140549,117.0,0.0
848.9839968072208,118.0,0.0
848.9907978765887,117.0,0.0
848.9912357509895,116.0,0.0
848.9985193981387,117.0,0.0
849.0018539173825,118.0,0.0
849.0094172721417,119.0,0.0
849.0127228047878,120.0,0.0
849.0152254076245,121.0,0.0
849.0226020650215,120.0,0.0
849.0273069184248,121.0,0.0
849.0320254650326,120.0,0.0
849.0325614134143,121.0,0.0
849.0348591731554,120.0,0.0
849.0399158319244,121.0,0.0
849.0424999325627,122.0,0.0
849.052995372235,123.0,0.0
849.0580444473086,122.0,0.0
849.0889129876463,123.0,0.0
849.0891694576727,124.0,0.0
849.0897937401871,125.0,0.0
849.0918182399882,126.0,0.0
849.0934470973159,127.0,0.0
849.0949150174071,128.0,0.0
849.0965284969164,129.0,0.0
849.0989600765947,128.0,0.0
849.1023002195152,129.0,0.0
849.1030934191851,130.0,0.0
849.1078056243931,131.0,0.0
849.1127965746299,130.0,0.0
849.1130831312821,131.0,0.0
849.1157686309161,130.0,0.0
849.1158279709038,129.0,0.0
849.1204339791841,128.0,0.0
849.1225886557464,127.0,0.0
849.1226862655169,128.0,0.0
849.1247665398378,127.0,0.0
849.1271820088896,128.0,0.0
849.1277455367133,129.0,0.0
849.1358201700758,130.0,0.0
849.137196497195,131.0,0.0
849.1398365174124,132.0,0.0
849.1418247748055,133.0,0.0
849.1427107891019,134.0,0.0
849.1506391495275,133.0,0.0
849.164864089967,134.0,0.0
849.1684738259925,133.0,0.0
849.1741094145225,134.0,0.0
849.1755055485627,135.0,0.0
849.176404314457,136.0,0.0
849.1787910770611,135.0,0.0
849.1812376702682,136.0,0.0
849.1839863222514,137.0,0.0
849.1869127801641,138.0,0.0
849.1883300404369,137.0,0.0
849.1954323927595,136.0,0.0
849.2191122969836,135.0,0.0
849.2191343645092,136.0,0.0
849.220041840327,135.0,0.0
849.2297504461708,134.0,0.0
849.2350854084868,135.0,0.0
849.2366493192148,134.0,0.0
849.2384679360168,133.0,0.0
849.2435864591401,134.0,0.0
849.2505451852147,135.0,0.0
849.2637639372122,136.0,0.0
849.2721055620456,135.0,0.0
849.2721691773055,136.0,0.0
849.2810840055795,137.0,0.0
849.2824977191005,138.0,0.0
849.28482842517,137.0,0.0
849.289620035684,138.0,0.0
849.2923436645543,137.0,0.0
849.3033081014017,136.0,0.0
849.3065731305319,137.0,0.0
849.3093001973023,138.0,0.0
849.309698857739,137.0,0.0
849.3125668816951,136.0,0.0
849.3283933342516,135.0,0.0
849.33363499339,134.0,0.0
849.3347663251795,133.0,0.0
849.3363477216715,132.0,0.0
849.3375422759152,131.0,0.0
849.3456407040085,132.0,0.0
849.347432971475,133.0,0.0
849.3477811245688,134.0,0.0
849.3532576311675,135.0,0.0
849.3658043387867,134.0,0.0
849.3709289189403,135.0,0.0
849.3805583543617,136.0,0.0
849.3832950384196,137.0,0.0
849.3852581015283,136.0,0.0
849.3895932423734,137.0,0.0
849.3957706504762,138.0,0.0
849.4014163396844,139.0,0.0
849.4045255864144,140.0,0.0
849.4105022128188,139.0,0.0
849.4123791397366,140.0,0.0
849.4162177972346,141.0,0.0
849.4194308149309,140.0,0.0
849.4237671401812,141.0,0.0
849.4241906423412,142.0,0.0
849.4307732577553,141.0,0.0
849.4309752849986,140.0,0.0
849.4360022407823,139.0,0.0
849.4369039308282,138.0,0.0
849.4383200945387,139.0,0.0
849.4395090158408,140.0,0.0
849.4409966614112,139.0,0.0
849.4433765750975,138.0,0.0
849.447003167827,137.0,0.0
849.4471479540508,136.0,0.0
849.4473545023236,137.0,0.0
849.4542627621278,138.0,0.0
849.4639246877111,137.0,0.0
849.4650963980598,136.0,0.0
849.473501604136,135.0,0.0
849.4765415529547,134.0,0.0
849.4830923587775,135.0,0.0
849.4864857613429,136.0,0.0
849.493090971758,137.0,0.0
849.5001551178681,138.0,0.0
849.5036656621745,137.0,0.0
849.5061291654011,138.0,0.0
849.5123709047646,139.0,0.0
849.5196311503119,140.0,0.0
849.5220108230361,139.0,0.0
849.5226607299545,140.0,0.0
849.53171150192,139.0,0.0
849.5336833524018,140.0,0.0
849.5348895386115,139.0,0.0
849.5396407270819,140.0,0.0
849.5449926145326,141.0,0.0
849.5480326406681,142.0,0.0
849.562434841753,141.0,0.0
849.5686469157037,142.0,0.0
849.5704192794029,141.0,0.0
849.5707619950349,142.0,0.0
849.5766783036014,143.0,0.0
849.5858565061468,144.0,0.0
849.5921998050943,143.0,0.0
849.5936446642705,144.0,0.0
849.6053936150737,143.0,0.0
849.6115545004953,144.0,0.0
849.6117232528486,143.0,0.0
849.6121256450631,144.0,0.0
849.6152340093256,143.0,0.0
849.6171887345432,144.0,0.0
849.6361705124359,145.0,0.0
849.6409090044241,146.0,0.0
849.6453321279145,145.0,0.0
849.6512913524982,144.0,0.0
849.6600664597598,143.0,0.0
849.6636161991604,142.0,0.0
849.668498962098,141.0,0.0
849.6698166001846,140.0,0.0
849.670064089463,141.0,0.0
849.6736587616375,140.0,0.0
849.6752496380038,141.0,0.0
849.6791337165428,140.0,0.0
849.6895327833772,141.0,0.0
849.6913401998,142.0,0.0
849.6940633046831,141.0,0.0
849.6981727889047,140.0,0.0
849.701449286228,141.0,0.0
849.7063053558574,142.0,0.0
849.726378655306,143.0,0.0
849.7291924581564,144.0,0.0
849.7316667992067,143.0,0.0
849.7383933053111,144.0,0.0
849.7403653057471,145.0,0.0
849.743268833407,146.0,0.0
849.7526158557366,147.0,0.0
849.7574415753288,146.0,0.0
849.7574685997663,147.0,0.0
849.7662080351586,146.0,0.0
849.7673271831835,147.0,0.0
849.7690222106063,148.0,0.0
849.7784156956684,147.0,0.0
849.7859473576387,148.0,0.0
849.7981975373675,147.0,0.0
849.8036626369054,148.0,0.0
849.80604033219,147.0,0.0
849.810779262438,148.0,0.0
849.8109039680637,149.0,0.0
849.8308058694918,150.0,0.0
849.8311620104364,151.0,0.0
849.8329917060339,150.0,0.0
849.8348303134344,151.0,0.0
849.839828530832,150.0,0.0
849.8508938992728,151.0,0.0
849.8638475443943,152.0,0.0
849.8693710327624,153.0,0.0
849.8699764944957,154.0,0.0
849.8731543985456,153.0,0.0
849.874750233746,154.0,0.0
849.8749322473861,153.0,0.0
849.8765497958257,152.0,0.0
849.878018521339,151.0,0.0
849.8787311202507,152.0,0.0
849.8814721422078,153.0,0.0
849.882303966929,152.0,0.0
849.8973961992175,153.0,0.0
849.900781646033,154.0,0.0
849.9053853044385,153.0,0.0
849.9134349889675,154.0,0.0
849.9172861281934,153.0,0.0
849.9225430410439,152.0,0.0
849.9264717936684,151.0,0.0
849.9323095902411,150.0,0.0
849.9323355765567,151.0,0.0
849.9342006829468,152.0,0.0
849.9452400505785,153.0,0.0
849.9513945944572,154.0,0.0
849.9514823853079,155.0,0.0
849.9585528085665,156.0,0.0
849.9666306278597,155.0,0.0
849.9689349017845,156.0,0.0
849.9822974304445,155.0,0.0
849.9837347505518,156.0,0.0
849.9846207705667,155.0,0.0
849.9909049847447,154.0,0.0
849.9924460432333,153.0,0.0
849.9928009586838,152.0,0.0
850.0024597043996,151.0,0.0
850.0099796454781,152.0,0.0
850.0101007279679,151.0,0.0
850.0146608721382,150.0,0.0
850.0217407254985,149.0,0.0
850.0231881240632,148.0,0.0
850.0239919088741,147.0,0.0
850.0273368696876,148.0,0.0
850.0292441073121,147.0,0.0
850.0435896499736,148.0,0.0
850.050863056356,149.0,0.0
850.0617705059486,148.0,0.0
850.0819343926712,149.0,0.0
850.1026884738234,148.0,0.0
850.105967722796,149.0,0.0
850.1097744781756,150.0,0.0
850.1220009007898,149.0,0.0
850.1252068616676,148.0,0.0
850.1264333383834,147.0,0.0
850.1291156063327,146.0,0.0
850.1302286574175,145.0,0.0
850.1303954331026,144.0,0.0
850.13184820901,143.0,0.0
850.1319435113496,144.0,0.0
850.1352753920462,145.0,0.0
850.1364838402994,144.0,0.0
850.1406325769482,143.0,0.0
850.1412119068307,144.0,0.0
850.1443895023278,143.0,0.0
850.1479638976747,144.0,0.0
850.1585449639862,143.0,0.0
850.1596169801652,142.0,0.0
850.1602452176543,141.0,0.0
850.1692689692903,140.0,0.0
850.1695040155699,141.0,0.0
850.1720657807017,142.0,0.0
850.1753767108316,143.0,0.0
850.1812619835373,144.0,0.0
850.1970568566734,143.0,0.0
850.2069892801607,142.0,0.0
850.2077557398097,143.0,0.0
850.208073182381,144.0,0.0
850.2109867163324,145.0,0.0
850.2111288466601,146.0,0.0
850.2122155428018,145.0,0.0
850.216436064011,144.0,0.0
850.2165986838944,143.0,0.0
850.2200236941432,142.0,0.0
850.2331898405233,141.0,0.0
850.2354605034797,140.0,0.0
850.2355020177239,139.0,0.0
850.2388922586421,140.0,0.0
850.2400345403215,139.0,0.0
850.2453480330905,138.0,0.0
850.2510195737416,139.0,0.0
850.2562057220932,138.0,0.0
850.2579526414862,139.0,0.0
850.265751743553,138.0,0.0
850.2684721461821,139.0,0.0
850.2730323794656,140.0,0.0
850.274358006475,139.0,0.0
850.2783273453853,140.0,0.0
850.2820819072244,141.0,0.0
850.2880130793975,142.0,0.0
850.3077568068708,141.0,0.0
850.3206340271462,142.0,0.0
850.3560296883256,143.0,0.0
850.3566391544329,144.0,0.0
850.3639331800044,143.0,0.0
850.3654809388734,142.0,0.0
850.3712684182734,141.0,0.0
850.373054331912,142.0,0.0
850.3948399859273,143.0,0.0
850.4013619030757,144.0,0.0
850.4116482452998,145.0,0.0
850.4194470652421,144.0,0.0
850.4227108682419,145.0,0.0
850.4296601227318,144.0,0.0
850.4317785325047,143.0,0.0
850.433107941355,144.0,0.0
850.434303759332,143.0,0.0
850.436400305433,142.0,0.0
850.4384317032606,143.0,0.0
850.4395178709142,142.0,0.0
850.4408741850182,143.0,0.0
850.4449525783449,144.0,0.0
850.4606398656207,143.0,0.0
850.4862505200838,144.0,0.0
850.4874190200599,145.0,0.0
850.5014885505193,144.0,0.0
850.5218063372735,145.0,0.0
850.5246621852908,144.0,0.0
850.5264503983416,145.0,0.0
850.5482323388591,146.0,0.0
850.5562196330769,145.0,0.0
850.5603487995198,144.0,0.0
850.5757868216932,143.0,0.0
850.5840807322401,144.0,0.0
850.587006807277,145.0,0.0
850.5886726353261,146.0,0.0
850.5905975784121,147.0,0.0
850.5912506629846,148.0,0.0
850.5917875739626,147.0,0.0
850.5982820535594,146.0,0.0
850.6036293093517,145.0,0.0
850.6047207208228,144.0,0.0
850.6150377865846,143.0,0.0
850.6157039585452,144.0,0.0
850.6179039622331,145.0,0.0
850.6210880664675,144.0,0.0
850.6256459535847,143.0,0.0
850.6323485976316,144.0,0.0
850.634903578123,145.0,0.0
850.6365409411944,146.0,0.0
850.6379419977804,147.0,0.0
850.6386458629414,148.0,0.0
850.640930417106,149.0,0.0
850.6451491519297,148.0,0.0
850.651605242106,147.0,0.0
850.6599743918486,148.0,0.0
850.6676008051086,147.0,0.0
850.6706522869907,146.0,0.0
850.6712373325433,145.0,0.0
850.6813506116301,144.0,0.0
850.6863152431035,143.0,0.0
850.6895360233896,142.0,0.0
850.6967672405183,141.0,0.0
850.70718656631,140.0,0.0
850.7158016613597,141.0,0.0
850.7410214536767,142.0,0.0
850.7519764423737,141.0,0.0
850.7567006967142,142.0,0.0
850.7584991507874,141.0,0.0
850.760937163943,142.0,0.0
850.7614956751258,141.0,0.0
850.7677678818185,140.0,0.0
850.7721156174603,141.0,0.0
850.7765759001804,142.0,0.0
850.7914688310799,143.0,0.0
850.792364489209,142.0,0.0
850.8024993517664,143.0,0.0
850.8247334305078,144.0,0.0
850.8277079495496,145.0,0.0
850.8449802443839,146.0,0.0
850.8523252481847,145.0,0.0
850.8524249768059,146.0,0.0
850.856485547007,145.0,0.0
850.857589614825,144.0,0.0
850.8648277611435,143.0,0.0
850.8693970509469,144.0,0.0
850.8795227350449,143.0,0.0
850.8863924083267,144.0,0.0
850.8873847698143,143.0,0.0
850.8902088520814,142.0,0.0
850.8912006192853,141.0,0.0
850.9024622217275,140.0,0.0
850.9077788948589,141.0,0.0
850.9257146450037,142.0,0.0
850.934017527151,143.0,0.0
850.9372388119684,142.0,0.0
850.9382338698225,143.0,0.0
850.9416507165977,142.0,0.0
850.9535805275273,141.0,0.0
850.9594585439885,140.0,0.0
850.9687746309179,141.0,0.0
850.970609114386,142.0,0.0
850.9714022358489,141.0,0.0
850.9772527674356,142.0,0.0
850.9801433546664,141.0,0.0
850.9837307338263,142.0,0.0
850.9946526308061,143.0,0.0
850.9966786560242,144.0,0.0
851.0002358678717,145.0,0.0
851.0013241647645,144.0,0.0
851.0020120901004,143.0,0.0
851.0021014526442,142.0,0.0
851.007838635235,141.0,0.0
851.0269030484977,140.0,0.0
851.0320972822798,139.0,0.0
851.0363178750297,140.0,0.0
851.0379159827061,139.0,0.0
851.0423468460857,138.0,0.0
851.0613305512549,139.0,0.0
851.0625389797497,140.0,0.0
851.0626824870054,139.0,0.0
851.066360717635,138.0,0.0
851.0669993501507,139.0,0.0
851.0686288496323,138.0,0.0
851.0725168313032,137.0,0.0
851.0859903820939,138.0,0.0
851.0993347725693,137.0,0.0
851.1048399496178,138.0,0.0
851.1098535958232,137.0,0.0
851.1147069606693,138.0,0.0
851.1152765640513,137.0,0.0
851.1221302424898,138.0,0.0
851.1223617769369,139.0,0.0
851.1296306528142,140.0,0.0
851.134048548898,141.0,0.0
851.1343565869504,140.0,0.0
851.1348264237396,141.0,0.0
851.1387851763565,142.0,0.0
851.1407257670145,141.0,0.0
851.1599266662396,140.0,0.0
851.1629031785412,141.0,0.0
851.1775462675749,142.0,0.0
851.1805559546723,143.0,0.0
851.1818403653516,142.0,0.0
851.1919410791284,143.0,0.0
851.1947509492527,144.0,0.0
851.2065832698863,143.0,0.0
851.2078776268253,142.0,0.0
851.2117438847287,141.0,0.0
851.2216548962614,142.0,0.0
851.2257592239168,141.0,0.0
851.2307795074654,142.0,0.0
851.2472723758016,141.0,0.0
851.2481666094089,142.0,0.0
851.2518986729045,143.0,0.0
851.2523413460171,142.0,0.0
851.2549098459082,143.0,0.0
851.2590171094505,142.0,0.0
851.2611449890586,141.0,0.0
851.2688109153269,140.0,0.0
851.2815510254969,141.0,0.0
851.2873467826421,142.0,0.0
851.2889270990769,143.0,0.0
851.2931179987407,142.0,0.0
851.2935511647008,143.0,0.0
851.293929402071,144.0,0.0
851.2986133724585,145.0,0.0
851.3017174628661,146.0,0.0
851.3219683455357,145.0,0.0
851.3277374832172,146.0,0.0
851.3300751338633,147.0,0.0
851.3316290695151,146.0,0.0
851.3418317991119,147.0,0.0
851.3421275220986,146.0,0.0
851.3497074295512,145.0,0.0
851.3506537668884,144.0,0.0
851.3506728969298,143.0,0.0
851.354933101967,142.0,0.0
851.3563057413688,143.0,0.0
851.3563481806865,142.0,0.0
851.3593187431932,141.0,0.0
851.3630571205241,140.0,0.0
851.3643287224612,139.0,0.0
851.3723997039285,140.0,0.0
851.3767044140548,139.0,0.0
851.381804110431,140.0,0.0
851.3832760976695,141.0,0.0
851.3843056413067,142.0,0.0
851.3847612192338,143.0,0.0
851.3871806039205,144.0,0.0
851.3885256129469,143.0,0.0
851.3991857456824,142.0,0.0
851.4050626551059,141.0,0.0
851.4066544294997,140.0,0.0
851.4084914964292,139.0,0.0
851.4113803562152,138.0,0.0
851.4128468467159,139.0,0.0
851.4212141737707,138.0,0.0
851.4214774436824,137.0,0.0
851.4218264539558,136.0,0.0
851.4276892578034,137.0,0.0
851.4311960676017,138.0,0.0
851.4362931475315,139.0,0.0
851.4443103381725,140.0,0.0
851.4505902818539,141.0,0.0
851.4562991701049,140.0,0.0
851.4653886580015,141.0,0.0
851.4695652807161,140.0,0.0
851.4740842033975,141.0,0.0
851.4828100110838,140.0,0.0
851.4848404323558,141.0,0.0
851.4889039003693,142.0,0.0
851.4954175653627,141.0,0.0
851.4979075330893,142.0,0.0
851.4982467780153,141.0,0.0
851.5025158832125,142.0,0.0
851.5035976891271,143.0,0.0
851.5129249398237,144.0,0.0
851.5132455014217,145.0,0.0
851.5167826557628,146.0,0.0
851.5169923007498,147.0,0.0
851.5207682761281,148.0,0.0
851.5248710777814,147.0,0.0
851.5252724066719,148.0,0.0
851.5254599799099,147.0,0.0
851.5317758157428,148.0,0.0
851.535136856672,147.0,0.0
851.5356353377185,146.0,0.0
851.5379594001835,147.0,0.0
851.5442746403334,148.0,0.0
851.5487024518588,149.0,0.0
851.5489613810446,148.0,0.0
851.5638721562889,147.0,0.0
851.5883302943707,146.0,0.0
851.6025646617949,145.0,0.0
851.6059329158873,146.0,0.0
851.6116885518564,147.0,0.0
851.6160015761329,148.0,0.0
851.6194405317915,147.0,0.0
851.6243765688205,146.0,0.0
851.6289610697443,145.0,0.0
851.6294138772366,144.0,0.0
851.6306942772286,143.0,0.0
851.6433744290059,142.0,0.0
851.6468294341018,143.0,0.0
851.6470932376177,142.0,0.0
851.6554578579472,141.0,0.0
851.656540571124,140.0,0.0
851.6579737504769,139.0,0.0
851.6596795318338,138.0,0.0
851.6659546072123,137.0,0.0
851.6667998197344,136.0,0.0
851.6672239893363,135.0,0.0
851.6693483804518,136.0,0.0
851.6741467985615,135.0,0.0
851.6843370169076,136.0,0.0
851.6872450220102,137.0,0.0
851.692441789306,136.0,0.0
851.7034858096735,135.0,0.0
851.715001106631,136.0,0.0
851.7160875209721,137.0,0.0
851.718185183929,136.0,0.0
851.7182983257043,135.0,0.0
851.7234840154,134.0,0.0
851.7305496915634,133.0,0.0
851.7384641700288,132.0,0.0
851.7562550401716,131.0,0.0
851.7615104260711,132.0,0.0
851.7630595769336,133.0,0.0
851.7685768381012,132.0,0.0
851.7687594575176,133.0,0.0
851.7772333917743,134.0,0.0
851.7779940468125,135.0,0.0
851.7873772274986,134.0,0.0
851.7931236132384,135.0,0.0
851.7990000964537,136.0,0.0
851.8162528686314,137.0,0.0
851.8202545612411,138.0,0.0
851.8264854699331,139.0,0.0
851.8282329079051,138.0,0.0
851.8435129939317,137.0,0.0
851.8669892067044,136.0,0.0
851.869822298096,135.0,0.0
851.8763214799741,136.0,0.0
851.8774766450856,137.0,0.0
851.8872738882521,136.0,0.0
851.8894083336234,137.0,0.0
851.8955662077161,138.0,0.0
851.8976415813183,137.0,0.0
851.8995411081916,138.0,0.0
851.9065274983942,137.0,0.0
851.9134502254988,136.0,0.0
851.9143178067651,137.0,0.0
851.9224175114193,138.0,0.0
851.9243908563922,137.0,0.0
851.9284951797977,138.0,0.0
851.9389345994875,139.0,0.0
851.9556929341059,140.0,0.0
851.9600307134716,139.0,0.0
851.9613441354505,140.0,0.0
851.9619208755071,139.0,0.0
851.9641534237261,138.0,0.0
851.9646666028934,139.0,0.0
851.9653026299019,138.0,0.0
851.9670923491217,137.0,0.0
851.9697369824884,136.0,0.0
851.9885331830349,137.0,0.0
851.9912710869478,138.0,0.0
852.0027215214303,137.0,0.0
852.0145487105641,138.0,0.0
852.0193237890273,137.0,0.0
852.023948331243,136.0,0.0
852.0259786704388,137.0,0.0
852.0262058746539,136.0,0.0
852.0329950455242,137.0,0.0
852.0343077212067,138.0,0.0
852.0348810651246,137.0,0.0
852.0358577298992,136.0,0.0
852.0435506696358,137.0,0.0
852.0489217130404,136.0,0.0
852.0540988880194,135.0,0.0
852.0636912676267,136.0,0.0
852.0773482019756,135.0,0.0
852.0810350933104,134.0,0.0
852.0819077310649,133.0,0.0
852.0915386024042,134.0,0.0
852.1060535133229,135.0,0.0
852.1165983236625,134.0,0.0
852.1226228167828,135.0,0.0
852.1254586813149,136.0,0.0
852.1312646334582,137.0,0.0
852.132924118773,138.0,0.0
852.1369667361678,137.0,0.0
852.1393299217744,136.0,0.0
852.139483052596,135.0,0.0
852.151200563074,136.0,0.0
852.1532099654946,135.0,0.0
852.1559823368145,134.0,0.0
852.1571922933618,135.0,0.0
852.1646279032784,134.0,0.0
852.1684549445788,135.0,0.0
852.174425914036,134.0,0.0
852.1760393422078,133.0,0.0
852.1803033619883,134.0,0.0
852.196625238969,133.0,0.0
852.199866368963,132.0,0.0
852.2021754120551,131.0,0.0
852.2118059849258,130.0,0.0
852.2228871747556,129.0,0.0
852.2266290531386,130.0,0.0
852.229844744279,129.0,0.0
852.2316269911964,128.0,0.0
852.2330016784755,127.0,0.0
852.233942383316,126.0,0.0
852.248211514587,125.0,0.0
852.2560151333569,124.0,0.0
852.2590847763861,123.0,0.0
852.2729073265871,122.0,0.0
852.2749407097035,123.0,0.0
852.2902802278336,122.0,0.0
852.2923556314043,121.0,0.0
852.2929135309776,122.0,0.0
852.2958340189001,121.0,0.0
852.3011991140463,120.0,0.0
852.3117567073454,119.0,0.0
852.3173197193847,120.0,0.0
852.3193100984504,119.0,0.0
852.320162980236,118.0,0.0
852.3208515827082,119.0,0.0
852.320854985228,118.0,0.0
852.3378340174456,119.0,0.0
852.349882972969,120.0,0.0
852.3528861504848,119.0,0.0
852.3548268957713,118.0,0.0
852.35588451061,119.0,0.0
852.3667050051778,118.0,0.0
852.3744748417527,117.0,0.0
852.4037108135738,116.0,0.0
852.4042455569788,115.0,0.0
852.4166445310539,114.0,0.0
852.4180038130854,113.0,0.0
852.4234450315579,112.0,0.0
852.426155641721,111.0,0.0
852.4279410022064,112.0,0.0
852.4434938430611,113.0,0.0
852.4630135616309,114.0,0.0
852.46640319027,113.0,0.0
852.4730576388725,112.0,0.0
852.4732552301587,111.0,0.0
852.4751638426812,110.0,0.0
852.47726336484,109.0,0.0
852.4774177379448,108.0,0.0
852.4887976531201,107.0,0.0
852.496848947121,108.0,0.0
852.5016402024788,109.0,0.0
852.5052095346996,110.0,0.0
852.506963388548,109.0,0.0
852.5252652897378,110.0,0.0
852.5284698206261,109.0,0.0
852.5314578402333,108.0,0.0
852.5385841214081,109.0,0.0
852.5397245836151,110.0,0.0
852.5416040238391,109.0,0.0
852.5448244998149,110.0,0.0
852.5491246347074,109.0,0.0
852.5607417890134,108.0,0.0
852.5850263758796,107.0,0.0
852.596061755768,106.0,0.0
852.5979274598715,105.0,0.0
852.6010391738989,106.0,0.0
852.6013812345215,107.0,0.0
852.6209136055597,108.0,0.0
852.6255298576676,109.0,0.0
852.6395278351106,108.0,0.0
852.6434995892282,109.0,0.0
852.6440773027286,110.0,0.0
852.6506187486839,109.0,0.0
852.65394412215,108.0,0.0
852.6617527731635,109.0,0.0
852.6631011712068,108.0,0.0
852.6657042495825,109.0,0.0
852.6665063757537,108.0,0.0
852.6720238571847,109.0,0.0
852.6874962632822,110.0,0.0
852.7004662436156,111.0,0.0
852.7018977597,110.0,0.0
852.7132601334791,109.0,0.0
852.7153240792165,108.0,0.0
852.7226770062173,109.0,0.0
852.731116969622,110.0,0.0
852.7368971319326,111.0,0.0
852.7453417063141,110.0,0.0
852.7473865545928,109.0,0.0
852.7520150284711,110.0,0.0
852.758976199799,109.0,0.0
852.7608721147395,108.0,0.0
852.7639199499075,109.0,0.0
852.7858517494585,108.0,0.0
852.7877992716217,107.0,0.0
852.7962306409765,106.0,0.0
852.7996547799553,107.0,0.0
852.800363768251,106.0,0.0
852.8056194552903,105.0,0.0
852.822566427156,104.0,0.0
852.8289540129226,103.0,0.0
852.8311600642975,102.0,0.0
852.8321031618339,103.0,0.0
852.8436222073517,102.0,0.0
852.8518758340842,103.0,0.0
852.8549499030748,102.0,0.0
852.8708072583171,103.0,0.0
852.873139893109,102.0,0.0
852.8748507357786,103.0,0.0
852.8802214371901,102.0,0.0
852.8975378477751,101.0,0.0
852.9043231729753,102.0,0.0
852.905395785094,103.0,0.0
852.9058976979561,102.0,0.0
852.9060635508758,101.0,0.0
852.908580498909,102.0,0.0
852.9103982366423,103.0,0.0
852.9310607703395,102.0,0.0
852.9345679638745,101.0,0.0
852.9600148301688,102.0,0.0
852.9664284177379,103.0,0.0
852.9676935878722,104.0,0.0
852.970590165478,105.0,0.0
852.9722321758421,104.0,0.0
852.9752989584639,105.0,0.0
852.9782577059216,106.0,0.0
852.9850777507733,107.0,0.0
852.9871914740523,106.0,0.0
852.9895398594383,107.0,0.0
852.9914619696556,106.0,0.0
853.0135685546084,105.0,0.0
853.0139780650798,104.0,0.0
853.0216015733766,103.0,0.0
853.0239321979648,102.0,0.0
853.0253929064555,103.0,0.0
853.0289322090836,102.0,0.0
853.0322630329752,103.0,0.0
853.0539607444471,104.0,0.0
853.0556248258963,103.0,0.0
853.0564070029418,104.0,0.0
853.0639084053572,105.0,0.0
853.0668214864512,104.0,0.0
853.0792928054306,105.0,0.0
853.0850780410419,104.0,0.0
853.0853405660046,103.0,0.0
853.0853829773504,102.0,0.0
853.0862988407247,103.0,0.0
853.087415928444,102.0,0.0
853.0878347269891,101.0,0.0
853.1108020662697,102.0,0.0
853.1115033167475,101.0,0.0
853.1204158090239,102.0,0.0
853.1243623790344,101.0,0.0
853.1617509300025,100.0,0.0
853.1620467463873,99.0,0.0
853.1634038723384,98.0,0.0
853.1704450844048,97.0,0.0
853.1759040122134,96.0,0.0
853.1872135828727,95.0,0.0
853.1944414415731,94.0,0.0
853.2114245214343,95.0,0.0
853.2121486065411,96.0,0.0
853.2148522192181,97.0,0.0
853.217564840163,96.0,0.0
853.227960254605,95.0,0.0
853.2283708209884,94.0,0.0
853.2304021802775,93.0,0.0
853.2438069193328,94.0,0.0
853.2488055762755,95.0,0.0
853.2492246015447,94.0,0.0
853.2495066355733,93.0,0.0
853.2581917195249,92.0,0.0
853.2611158829422,91.0,0.0
853.2653637435384,90.0,0.0
853.2716412718014,91.0,0.0
853.271841519896,90.0,0.0
853.2727106324495,89.0,0.0
853.2778137403325,88.0,0.0
853.2796984495784,87.0,0.0
853.2898388483013,86.0,0.0
853.2970403910374,87.0,0.0
853.2996131892736,86.0,0.0
853.3089209277282,85.0,0.0
853.3159320207377,84.0,0.0
853.3209696621695,83.0,0.0
853.3403789343391,84.0,0.0
853.3407257003588,83.0,0.0
853.3455908287046,84.0,0.0
853.3670277673376,85.0,0.0
853.3711912962054,84.0,0.0
853.3727786041251,85.0,0.0
853.3741176950151,84.0,0.0
853.3828487973581,83.0,0.0
853.3881602181136,84.0,0.0
853.3961406658925,83.0,0.0
853.3977542520896,82.0,0.0
853.404992528175,83.0,0.0
853.431788216123,82.0,0.0
853.4370741670948,83.0,0.0
853.4405529164455,84.0,0.0
853.4608641303915,83.0,0.0
853.4681161009136,82.0,0.0
853.4682318654218,81.0,0.0
853.4699285992849,80.0,0.0
853.4703616841,79.0,0.0
853.4723559278042,80.0,0.0
853.4726626773268,81.0,0.0
853.4769556426667,80.0,0.0
853.4807968470672,79.0,0.0
853.4873810918432,80.0,0.0
853.4923805058592,79.0,0.0
853.5012590594417,78.0,0.0
853.5055709856302,77.0,0.0
853.5208619708527,76.0,0.0
853.5235916168226,75.0,0.0
853.5323891955964,74.0,0.0
853.5477541562767,73.0,0.0
853.5544509099386,72.0,0.0
853.557262611001,71.0,0.0
853.5597701536313,70.0,0.0
853.581887918494,69.0,0.0
853.5870065438891,68.0,0.0
853.5879808512055,69.0,0.0
853.5923006114094,68.0,0.0
853.602928210846,69.0,0.0
853.6076428134841,68.0,0.0
853.6113208177668,69.0,0.0
853.615090679237,68.0,0.0
853.6208643650272,69.0,0.0
853.6219813896521,70.0,0.0
853.6266483533049,69.0,0.0
853.6314102847989,70.0,0.0
853.6339090618052,69.0,0.0
853.6461509085669,68.0,0.0
853.647565198819,69.0,0.0
853.6573258147406,68.0,0.0
853.6584749842195,69.0,0.0
853.663495862793,70.0,0.0
853.6696326157596,69.0,0.0
853.6740762365233,70.0,0.0
853.6757380660681,69.0,0.0
853.6886609772124,70.0,0.0
853.6937753237953,69.0,0.0
853.7128967938886,68.0,0.0
853.7310160445459,67.0,0.0
853.743926879509,66.0,0.0
853.749290361793,65.0,0.0
853.752621458363,66.0,0.0
853.7546955026467,65.0,0.0
853.7556704729197,64.0,0.0
853.7563643233846,65.0,0.0
853.7684433585157,64.0,0.0
853.76958596472,63.0,0.0
853.7709924476692,64.0,0.0
853.7823569055774,63.0,0.0
853.7855938766382,62.0,0.0
853.7876592548943,61.0,0.0
853.7913144727256,60.0,0.0
853.799189645462,61.0,0.0
853.8131850387967,60.0,0.0
853.8204022471655,59.0,0.0
853.8227973524101,60.0,0.0
853.8256611738815,61.0,0.0
853.8306444212504,62.0,0.0
853.8386285506525,61.0,0.0
853.8427111584055,62.0,0.0
853.843145183398,63.0,0.0
853.8579342499161,62.0,0.0
853.8806320427668,63.0,0.0
853.8837255016773,64.0,0.0
853.8853547254597,63.0,0.0
853.8985325468254,62.0,0.0
853.901380724069,63.0,0.0
853.9015246070173,64.0,0.0
853.9022243954155,63.0,0.0
853.9079068079087,64.0,0.0
853.9148857823154,63.0,0.0
853.9215005396682,64.0,0.0
853.9302136896054,63.0,0.0
853.9366235461499,62.0,0.0
853.9425187536516,61.0,0.0
853.9468390484959,60.0,0.0
853.9555788139679,61.0,0.0
853.9631156166138,62.0,0.0
853.9717461326659,63.0,0.0
853.996283069118,62.0,0.0
854.0020804360737,63.0,0.0
854.012474675508,62.0,0.0
854.013921150618,61.0,0.0
854.0230190232404,60.0,0.0
854.026478935261,59.0,0.0
854.0366714811531,60.0,0.0
854.047550213376,59.0,0.0
854.0569119677709,60.0,0.0
854.0573400215899,59.0,0.0
854.060393398305,58.0,0.0
854.0615972926145,59.0,0.0
854.0717823780311,60.0,0.0
854.0838755216103,61.0,0.0
854.0917349367427,62.0,0.0
854.1024880946093,63.0,0.0
854.1215117859285,62.0,0.0
854.1303941835482,61.0,0.0
854.1386936470678,60.0,0.0
854.1387627560456,59.0,0.0
854.1402549743153,58.0,0.0
854.1416788041453,59.0,0.0
854.1598764807926,58.0,0.0
854.16651412019,57.0,0.0
854.1814577527366,56.0,0.0
854.1839031442571,55.0,0.0
854.1850004526656,54.0,0.0
854.1890798855535,53.0,0.0
854.1988350968363,52.0,0.0
854.2045046999264,51.0,0.0
854.2048477390856,50.0,0.0
854.2150702176011,49.0,0.0
854.2238843606423,48.0,0.0
854.2339618433783,49.0,0.0
854.2360677606497,48.0,0.0
854.2381286130242,49.0,0.0
854.2406416936976,50.0,0.0
854.2541358479522,49.0,0.0
854.2794251326159,48.0,0.0
854.2850360085624,49.0,0.0
854.3190492398121,50.0,0.0
854.3192360631394,51.0,0.0
854.3203035664542,50.0,0.0
854.3273303341175,49.0,0.0
854.3300165161547,48.0,0.0
854.3300501585222,47.0,0.0
854.3311411283881,46.0,0.0
854.3328698955127,47.0,0.0
854.3364368950017,46.0,0.0
854.3479829523288,47.0,0.0
854.352097649065,46.0,0.0
854.3547182350487,45.0,0.0
854.3614807235899,46.0,0.0
854.3618106905064,45.0,0.0
854.3702890276076,44.0,0.0
854.3779701942543,43.0,0.0
854.3786890541944,42.0,0.0
854.397514409477,41.0,0.0
854.4003651145847,40.0,0.0
854.4003758012492,39.0,0.0
854.4040529992229,40.0,0.0
854.4051985034337,41.0,0.0
854.4132729285357,42.0,0.0
854.4133479131433,41.0,0.0
854.4182973565859,40.0,0.0
854.4283462647786,39.0,0.0
854.4384308796914,40.0,0.0
854.4386951571703,41.0,0.0
854.4391899783367,40.0,0.0
854.4583880021064,39.0,0.0
854.4587235877838,38.0,0.0
854.4766439280875,39.0,0.0
854.4823460063741,38.0,0.0
854.4897940078188,37.0,0.0
854.4899020902891,38.0,0.0
854.494589031521,37.0,0.0
854.5048137470794,38.0,0.0
854.5071707749403,37.0,0.0
854.5082058789387,36.0,0.0
854.5122005364042,35.0,0.0
854.5202417063042,36.0,0.0
854.5261660740045,35.0,0.0
854.5403185702295,36.0,0.0
854.5500637710866,37.0,0.0
854.5544884569016,36.0,0.0
854.5545110556458,37.0,0.0
854.5652823323458,36.0,0.0
854.5664018361161,35.0,0.0
854.5796703079767,34.0,0.0
854.6035616895057,33.0,0.0
854.6039370305846,32.0,0.0
854.6164107805891,31.0,0.0
854.6501287676116,32.0,0.0
854.6555352873918,31.0,0.0
854.6565531273939,30.0,0.0
854.6574075962507,31.0,0.0
854.6794954101366,30.0,0.0
854.6834145519388,29.0,0.0
854.6905099899159,28.0,0.0
854.7058244570965,27.0,0.0
854.7075514562108,28.0,0.0
854.7117988389356,27.0,0.0
854.7193672928732,28.0,0.0
854.7232835670585,27.0,0.0
854.7253244121761,26.0,0.0
854.7283380521852,25.0,0.0
854.7351094347341,24.0,0.0
854.7437235442112,23.0,0.0
854.7556965244448,24.0,0.0
854.756280907611,23.0,0.0
854.7568302102576,24.0,0.0
854.7630899628947,23.0,0.0
854.7731206953173,22.0,0.0
854.7743573694407,21.0,0.0
854.7807966032375,22.0,0.0
854.7927797380032,21.0,0.0
854.8022128585892,20.0,0.0
854.8159306287112,21.0,0.0
854.8197115188593,22.0,0.0
854.8220462058651,21.0,0.0
854.8320391051836,20.0,0.0
854.8330034649506,19.0,0.0
854.8410579147642,18.0,0.0
854.8420264158764,19.0,0.0
854.8474599090761,18.0,0.0
854.8613971594682,17.0,0.0
854.8658487441753,16.0,0.0
854.8719619176119,15.0,0.0
854.8740942359135,14.0,0.0
854.8895010177072,15.0,0.0
854.8960320759132,14.0,0.0
854.9145178835491,13.0,0.0
854.9199402577867,14.0,0.0
854.9300185714357,13.0,0.0
854.9552227664459,12.0,0.0
854.9565694704792,11.0,0.0
854.9638163863531,12.0,0.0
854.9670341809992,11.0,0.0
854.9677664762058,12.0,0.0
854.9761412017191,11.0,0.0
854.9777334441322,10.0,0.0
854.9810533158781,9.0,0.0
854.9905325279232,8.0,0.0
855.0083568654529,7.0,0.0
855.0258825159766,6.0,0.0
855.0266188270552,5.0,0.0
855.029790892998,4.0,0.0
855.0337212424796,3.0,0.0
855.0371605390027,4.0,0.0
855.0422129659216,5.0,0.0
855.0461358986439,4.0,0.0
855.0472904416752,3.0,0.0
855.0498715240193,4.0,0.0
855.0607173400507,3.0,0.0
855.0712919091932,2.0,0.0
855.0751674257771,3.0,0.0
855.1451770922193,2.0,0.0
855.1542291675001,1.0,0.0
855.154615777803,0.0,0.0
855.1718363930415,1.0,0.0
855.1840195371519,2.0,0.0
855.2226184197378,3.0,0.0
855.2255777002063,2.0,0.0
855.2256126102003,3.0,0.0
855.2258763185231,2.0,0.0
855.2406081421801,1.0,0.0
855.2440243509016,2.0,0.0
855.2443297343851,1.0,0.0
855.2503662247232,2.0,0.0
855.2758151651174,1.0,0.0
855.2841848185027,0.0,0.0
855.3163573571957,1.0,0.0
855.3282019796162,0.0,0.0
855.4108543938416,1.0,0.0
855.411795557139,0.0,0.0
855.4874475928806,1.0,0.0
855.4979971275144,2.0,0.0
855.5115131141292,3.0,0.0
855.5227498508707,2.0,0.0
855.5231491116555,3.0,0.0
855.5416628625411,4.0,0.0
855.5484256870752,5.0,0.0
855.5549837063533,4.0,0.0
855.5676416781556,3.0,0.0
855.5778256359906,4.0,0.0
855.5793095749046,5.0,0.0
855.589368078262,4.0,0.0
855.5981568387144,5.0,0.0
855.6071097765051,4.0,0.0
855.6198023333781,3.0,0.0
855.6316870188307,2.0,0.0
855.634524454922,1.0,0.0
855.6941811303055,2.0,0.0
855.6967409220439,3.0,0.0
855.7059296907678,2.0,0.0
855.736916513141,1.0,0.0
855.7576084313675,0.0,0.0
855.7674267860164,1.0,0.0
855.7688031668428,0.0,0.0
855.7904641028858,1.0,0.0
855.8223838388744,2.0,0.0
855.8327576912457,3.0,0.0
855.8505168608023,2.0,0.0
855.8531559462712,1.0,0.0
855.8740012135963,0.0,0.0
855.8789765968642,1.0,0.0
855.8891055952832,2.0,0.0
855.891840412733,1.0,0.0
855.9105357467098,0.0,0.0
855.9573044883679,1.0,0.0
855.9594541993661,2.0,0.0
855.9638511149029,1.0,0.0
855.9698206631247,2.0,0.0
855.9843855332399,3.0,0.0
855.9937673466289,2.0,0.0
855.9954706503976,1.0,0.0
855.999499389462,2.0,0.0
856.0022988526205,1.0,0.0
856.0178874693195,2.0,0.0
856.0286287300776,1.0,0.0
856.0330408655594,0.0,0.0
856.0479687343486,1.0,0.0
856.0544904450231,0.0,0.0
856.0804149205883,1.0,0.0
856.0845610974576,2.0,0.0
856.1065246690772,1.0,0.0
856.17257746764,0.0,0.0
856.1773456334724,1.0,0.0
856.1868704977411,2.0,0.0
856.1929162209997,3.0,0.0
856.1944396702681,4.0,0.0
856.1980588156423,5.0,0.0
856.1982940463739,6.0,0.0
856.2598807415409,5.0,0.0
856.2690667370033,4.0,0.0
856.291834687636,3.0,0.0
856.3070792918087,4.0,0.0
856.3107404932053,3.0,0.0
856.3151574728403,4.0,0.0
856.3277277641865,3.0,0.0
856.3363241913745,4.0,0.0
856.3414319529243,5.0,0.0
856.3422847467353,4.0,0.0
856.3728492308935,3.0,0.0
856.389946668226,4.0,0.0
856.3971484718936,3.0,0.0
856.4018289800259,2.0,0.0
856.4170310484069,3.0,0.0
856.4347670122635,2.0,0.0
856.4393461043335,3.0,0.0
856.4453431970683,2.0,0.0
856.4497743334575,1.0,0.0
856.4759196060389,0.0,0.0
856.538122805312,1.0,0.0
856.5604911900622,0.0,0.0
856.5872543422647,1.0,0.0
856.5874862444292,2.0,0.0
856.6161559062,1.0,0.0
856.6363143461191,2.0,0.0
856.6402734597206,1.0,0.0
856.6441730827702,0.0,0.0
856.6524074485405,1.0,0.0
856.6587613257025,0.0,0.0
856.7207067936902,1.0,0.0
856.7507887312753,2.0,0.0
856.7573453744827,1.0,0.0
856.7914834744195,0.0,0.0
856.7985827876181,1.0,0.0
856.806561322731,0.0,0.0
856.8460479725339,1.0,0.0
856.84692844566,2.0,0.0
856.8752957104815,1.0,0.0
856.8805777910476,0.0,0.0
856.9412945516477,1.0,0.0
856.9488829908885,0.0,0.0
856.9495419470098,1.0,0.0
856.9509499186108,2.0,0.0
857.0050690130316,1.0,0.0
857.0060808621769,2.0,0.0
857.007164916072,3.0,0.0
857.0163462811075,4.0,0.0
857.0198130420753,5.0,0.0
857.0235973113786,6.0,0.0
857.0320892041283,7.0,0.0
857.0333794525257,8.0,0.0
857.0381272782801,7.0,0.0
857.0457958539498,6.0,0.0
857.0557672470036,5.0,0.0
857.0609468939493,4.0,0.0
857.0632846238652,3.0,0.0
857.0642195095076,2.0,0.0
857.0699511676775,3.0,0.0
857.0742401773539,2.0,0.0
857.0892344009077,3.0,0.0
857.1040816063373,4.0,0.0
857.1085821507571,3.0,0.0
857.1402427832678,2.0,0.0
857.1522663781443,1.0,0.0
857.1717682897003,0.0,0.0
857.1776190823527,1.0,0.0
857.1989890377766,0.0,0.0
857.2252395944141,1.0,0.0
857.2297215187655,0.0,0.0
857.2464085644292,1.0,0.0
857.2543515497828,0.0,0.0
857.2648932679199,1.0,0.0
857.2675771271745,0.0,0.0
857.2689331883653,1.0,0.0
857.2691316691573,0.0,0.0
857.2860046444287,1.0,0.0
857.3154943816617,0.0,0.0
857.4052777793834,1.0,0.0
857.4081249388873,2.0,0.0
857.4110634734334,1.0,0.0
857.4500247745431,2.0,0.0
857.4635934855893,1.0,0.0
857.4971468424457,0.0,0.0
857.5156409946125,1.0,0.0
857.5242282888167,0.0,0.0
857.5474524438148,1.0,0.0
857.5479264577755,0.0,0.0
857.5952105029962,1.0,0.0
857.6093227693674,2.0,0.0
857.6418522418817,1.0,0.0
857.6986714287269,2.0,0.0
857.7005190948189,3.0,0.0
857.7034081085212,4.0,0.0
857.7352657224012,3.0,0.0
857.7694266152624,2.0,0.0
857.8090431767366,1.0,0.0
857.8181276148488,2.0,0.0
857.8437837148583,1.0,0.0
857.8525395912789,0.0,0.0
857.9745821604408,1.0,0.0
857.9784192979669,0.0,0.0
858.0299886372425,1.0,0.0
858.0399833532192,2.0,0.0
858.0412045705926,1.0,0.0
858.0759033954862,0.0,0.0
858.1237074647302,1.0,0.0
858.1312308391349,2.0,0.0
858.1345148200015,1.0,0.0
858.1598312267972,0.0,0.0
858.216331311377,1.0,0.0
858.2247587508107,2.0,0.0
858.2442335868394,1.0,0.0
858.2475992859057,2.0,0.0
858.2799914320395,1.0,0.0
858.2884511152174,0.0,0.0
858.3194116484433,1.0,0.0
858.3533615018472,2.0,0.0
858.3535832901392,1.0,0.0
858.379472454943,2.0,0.0
858.3822735353261,3.0,0.0
858.3909296194956,2.0,0.0
858.3949296158063,3.0,0.0
858.4054694073037,2.0,0.0
858.4070831956892,3.0,0.0
858.4182299158905,2.0,0.0
858.4238836649859,1.0,0.0
858.4455012012335,0.0,0.0
858.459816926621,1.0,0.0
858.464676196107,2.0,0.0
858.5029325410994,3.0,0.0
858.5412227441849,2.0,0.0
858.5429583766241,1.0,0.0
858.5540127665897,0.0,0.0
858.5633255600841,1.0,0.0
858.5657128865579,0.0,0.0
858.5700129112972,1.0,0.0
858.5796895790758,0.0,0.0
858.6047913771413,1.0,0.0
858.635193231197,0.0,0.0
858.6425576479211,1.0,0.0
858.6497351519241,2.0,0.0
858.6498811955747,1.0,0.0
858.6571458170237,0.0,0.0
858.6682648327778,1.0,0.0
858.6778691361665,0.0,0.0
858.8309254280375,1.0,0.0
858.8325764296098,2.0,0.0
858.8659016740722,3.0,0.0
858.8676650581458,2.0,0.0
858.8687345396108,1.0,0.0
858.9005029903309,2.0,0.0
858.9030167719153,3.0,0.0
858.9085429857618,2.0,0.0
858.9222493786888,1.0,0.0
858.929395835328,0.0,0.0
858.9357939510273,1.0,0.0
858.9412124933598,0.0,0.0
858.9775660988245,1.0,0.0
858.9832400593018,2.0,0.0
858.9878519509734,1.0,0.0
859.0023675359399,2.0,0.0
859.0122400192488,3.0,0.0
859.0124760110668,2.0,0.0
859.0300433726525,1.0,0.0
859.0353238400852,0.0,0.0
859.0594695956063,1.0,0.0
859.100939652441,2.0,0.0
859.1064187048321,3.0,0.0
859.1201050434304,4.0,0.0
859.129219919594,5.0,0.0
859.12937446524,6.0,0.0
859.1310807687425,7.0,0.0
859.1357247281782,6.0,0.0
859.1362240581825,5.0,0.0
859.1370650434432,4.0,0.0
859.1515622756008,5.0,0.0
859.1542089182353,6.0,0.0
859.1775313858222,7.0,0.0
859.1804375905482,6.0,0.0
859.1833442972307,5.0,0.0
859.1885093262994,6.0,0.0
859.1935195966081,7.0,0.0
859.1988357259662,6.0,0.0
859.2046884858408,7.0,0.0
859.2071522919748,8.0,0.0
859.2191208174323,7.0,0.0
859.2219793102895,6.0,0.0
859.2322863717642,5.0,0.0
859.2376847935657,4.0,0.0
859.2429882145585,3.0,0.0
859.2472222531953,4.0,0.0
859.2547172956075,5.0,0.0
859.2587212253127,4.0,0.0
859.2648443186783,3.0,0.0
859.2786387811307,2.0,0.0
859.2821981209704,3.0,0.0
859.2826141876643,4.0,0.0
859.2880375363633,3.0,0.0
859.2886152100858,4.0,0.0
859.2921456257111,3.0,0.0
859.2942114572676,4.0,0.0
859.2955387205739,3.0,0.0
859.3051379577006,4.0,0.0
859.3278209257877,5.0,0.0
859.3360659655021,4.0,0.0
859.3515050730774,5.0,0.0
859.3634296849908,4.0,0.0
859.371450183325,5.0,0.0
859.3796269574782,6.0,0.0
859.3799096351728,7.0,0.0
859.3822108259873,8.0,0.0
859.3941992019672,7.0,0.0
859.3947359144079,8.0,0.0
859.4004470965933,9.0,0.0
859.4036036431537,8.0,0.0
859.4449752156007,9.0,0.0
859.4584332982895,10.0,0.0
859.4795797339831,9.0,0.0
859.4806595670536,10.0,0.0
859.4847826003535,9.0,0.0
859.4913475693525,8.0,0.0
859.5024752742066,9.0,0.0
859.5056903077077,10.0,0.0
859.5065542339556,11.0,0.0
859.5092014527602,12.0,0.0
859.5264020185932,11.0,0.0
859.5334726190337,10.0,0.0
859.5365453038819,9.0,0.0
859.5401762131394,10.0,0.0
859.5433872859782,9.0,0.0
859.55913155848,8.0,0.0
859.5608123559463,7.0,0.0
859.5828829474193,6.0,0.0
859.611520686185,7.0,0.0
859.6152185617749,6.0,0.0
859.6181808087732,5.0,0.0
859.6256784363411,4.0,0.0
859.6399744642641,3.0,0.0
859.6418126373887,2.0,0.0
859.6420578807592,3.0,0.0
859.6438710182222,4.0,0.0
859.6502945496557,3.0,0.0
859.6556179151017,4.0,0.0
859.660544384708,3.0,0.0
859.6718169053214,2.0,0.0
859.6871978180425,1.0,0.0
859.7011679513187,2.0,0.0
859.7017947738179,3.0,0.0
859.704845787101,4.0,0.0
859.7059965358437,5.0,0.0
859.7093857954494,6.0,0.0
859.7128313480838,5.0,0.0
859.715552622223,4.0,0.0
859.719172330191,3.0,0.0
859.7309947687274,4.0,0.0
859.755850206175,3.0,0.0
859.7611603015506,4.0,0.0
859.770468848173,3.0,0.0
859.7765899021963,2.0,0.0
859.7766348168369,1.0,0.0
859.7811640953266,0.0,0.0
859.7859929718492,1.0,0.0
859.7909253945102,2.0,0.0
859.8026477439199,3.0,0.0
859.8050325553072,4.0,0.0
859.8137838917754,3.0,0.0
859.8153801514367,4.0,0.0
859.8220754515116,3.0,0.0
859.822382564917,4.0,0.0
859.825941853762,3.0,0.0
859.8369821598453,4.0,0.0
859.8389626345185,3.0,0.0
859.8615755108249,2.0,0.0
859.864597602538,3.0,0.0
859.8677007851894,4.0,0.0
859.8750411645011,5.0,0.0
859.8873185778301,6.0,0.0
859.8895056103289,7.0,0.0
859.9062623616181,6.0,0.0
859.9111225930286,7.0,0.0
859.915124240169,6.0,0.0
859.9157535577473,5.0,0.0
859.923588963801,4.0,0.0
859.949919189249,3.0,0.0
859.9582366137519,4.0,0.0
859.9589465484418,3.0,0.0
859.969673002011,2.0,0.0
859.9765627348129,3.0,0.0
860.0009627279074,4.0,0.0
860.0107046592186,3.0,0.0
860.0140773475124,4.0,0.0
860.024259434008,5.0,0.0
860.0477624872716,4.0,0.0
860.0582747170455,3.0,0.0
860.0601516612466,2.0,0.0
860.061432931581,3.0,0.0
860.0649693460018,4.0,0.0
860.0653525133418,5.0,0.0
860.079994400819,4.0,0.0
860.1000068899663,5.0,0.0
860.106647544703,6.0,0.0
860.1172237193185,7.0,0.0
860.1237712215392,8.0,0.0
860.1255946481011,9.0,0.0
860.1339704077931,10.0,0.0
860.1365593596373,11.0,0.0
860.1441151702695,10.0,0.0
860.1514826266132,9.0,0.0
860.1538684458345,10.0,0.0
860.1610000468997,9.0,0.0
860.165157172685,8.0,0.0
860.1666564853626,7.0,0.0
860.1771869031909,6.0,0.0
860.180162801929,7.0,0.0
860.1870934808442,8.0,0.0
860.1879452684942,9.0,0.0
860.2039037783177,8.0,0.0
860.2056584984005,9.0,0.0
860.216217042788,10.0,0.0
860.2183505502089,9.0,0.0
860.2296495191464,10.0,0.0
860.2345272434364,9.0,0.0
860.2479032376083,8.0,0.0
860.2490728743417,9.0,0.0
860.2517446969597,10.0,0.0
860.2525553354067,11.0,0.0
860.2541531383102,12.0,0.0
860.2553902017011,13.0,0.0
860.2574623272442,12.0,0.0
860.2579586084771,13.0,0.0
860.2716318438581,12.0,0.0
860.277113493746,11.0,0.0
860.2799944420669,12.0,0.0
860.2948390498227,11.0,0.0
860.2953156568959,12.0,0.0
860.297961755427,11.0,0.0
860.302782484482,12.0,0.0
860.3070708678093,11.0,0.0
860.3100599072541,12.0,0.0
860.3109217967866,11.0,0.0
860.3137706322461,12.0,0.0
860.3197775019383,13.0,0.0
860.3285177691334,14.0,0.0
860.3348044322219,13.0,0.0
860.3369335464021,12.0,0.0
860.3387625533123,11.0,0.0
860.342122685038,12.0,0.0
860.3499080281065,11.0,0.0
860.3541584596609,10.0,0.0
860.3578426696362,11.0,0.0
860.3642605013584,12.0,0.0
860.3648151328238,13.0,0.0
860.3668287169249,12.0,0.0
860.3717690951402,13.0,0.0
860.3747489943926,14.0,0.0
860.3782822331159,15.0,0.0
860.3870770085709,14.0,0.0
860.3873159733043,15.0,0.0
860.3914556767589,16.0,0.0
860.3960073305963,15.0,0.0
860.4064439942815,14.0,0.0
860.409251274733,13.0,0.0
860.4094213953961,14.0,0.0
860.4111735401573,15.0,0.0
860.4122056577976,14.0,0.0
860.4215099413346,13.0,0.0
860.4267494607247,12.0,0.0
860.4281375945684,11.0,0.0
860.435193329019,12.0,0.0
860.463942662753,11.0,0.0
860.4736857717724,10.0,0.0
860.4805158409583,9.0,0.0
860.4879271344188,8.0,0.0
860.48909267486,7.0,0.0
860.4950305439137,8.0,0.0
860.498234920411,9.0,0.0
860.5032475225136,8.0,0.0
860.503364052644,7.0,0.0
860.5153254197401,6.0,0.0
860.5204288063235,5.0,0.0
860.5276579313323,6.0,0.0
860.5335381544405,5.0,0.0
860.5507826793156,6.0,0.0
860.5560836314654,7.0,0.0
860.5597914248375,8.0,0.0
860.5600129800757,9.0,0.0
860.5628400713435,10.0,0.0
860.5694271266445,9.0,0.0
860.5725194051769,8.0,0.0
860.5766018924767,7.0,0.0
860.5937131994348,6.0,0.0
860.5970229982905,7.0,0.0
860.6072843141856,8.0,0.0
860.6104297253098,9.0,0.0
860.6116289349566,10.0,0.0
860.6208749533725,9.0,0.0
860.6212351777019,10.0,0.0
860.6237931014722,9.0,0.0
860.6358351642716,8.0,0.0
860.6423294560772,9.0,0.0
860.6519566974985,8.0,0.0
860.6576722864027,7.0,0.0
860.667428955537,8.0,0.0
860.6709411376872,9.0,0.0
860.6724561578715,10.0,0.0
860.6737641308684,11.0,0.0
860.6768161560788,10.0,0.0
860.679105824443,11.0,0.0
860.6803487181055,10.0,0.0
860.6933399008444,11.0,0.0
860.6967195242845,10.0,0.0
860.700001520794,11.0,0.0
860.7055082077918,10.0,0.0
860.7122488818,11.0,0.0
860.7292354283418,12.0,0.0
860.7388466998298,13.0,0.0
860.7678420810796,14.0,0.0
860.7859749973903,13.0,0.0
860.7877115601368,14.0,0.0
860.7941405966444,15.0,0.0
860.8099344567405,16.0,0.0
860.8179892827636,17.0,0.0
860.8198612203973,16.0,0.0
860.8224474692493,17.0,0.0
860.8346292612708,16.0,0.0
860.8380290759587,17.0,0.0
860.8544999421895,18.0,0.0
860.8567080258327,19.0,0.0
860.8607371669741,20.0,0.0
860.8675294748064,21.0,0.0
860.8675504238206,22.0,0.0
860.8676810718606,23.0,0.0
860.8694962117321,22.0,0.0
860.8705737498848,21.0,0.0
860.8740717279695,22.0,0.0
860.8804291386391,21.0,0.0
860.8836245201751,22.0,0.0
860.8973136651492,23.0,0.0
860.8987166170809,22.0,0.0
860.9026409530724,23.0,0.0
860.9068529278333,22.0,0.0
860.9092694621983,21.0,0.0
860.9147711721281,22.0,0.0
860.9204203312738,23.0,0.0
860.9230385688962,24.0,0.0
860.9456152812899,25.0,0.0
860.9513316537984,24.0,0.0
860.9621974880334,25.0,0.0
860.9662919948062,24.0,0.0
860.9715638679646,23.0,0.0
860.976162361575,22.0,0.0
860.9812685596875,21.0,0.0
860.9851202482504,20.0,0.0
860.9943774729034,19.0,0.0
861.0007419557568,18.0,0.0
861.0008198217955,19.0,0.0
861.0012010263981,20.0,0.0
861.0033231388798,19.0,0.0
861.0102368233686,18.0,0.0
861.013699062997,19.0,0.0
861.0393234450097,20.0,0.0
861.0423440472958,21.0,0.0
861.0430849497212,22.0,0.0
861.0614406203282,23.0,0.0
861.0690798370729,22.0,0.0
861.0722581398164,21.0,0.0
861.0725800260832,22.0,0.0
861.0788870180194,23.0,0.0
861.0820418283928,22.0,0.0
861.0830209021983,23.0,0.0
861.0864228737186,22.0,0.0
861.0901201556519,21.0,0.0
861.1413605745155,22.0,0.0
861.1454100205568,23.0,0.0
861.1538217375117,24.0,0.0
861.1569368825756,25.0,0.0
861.1588569830974,26.0,0.0
861.161704497564,27.0,0.0
861.1679300381081,28.0,0.0
861.1686819610611,29.0,0.0
861.1805940432441,30.0,0.0
861.1813202363988,31.0,0.0
861.1877436549153,32.0,0.0
861.1885994252614,33.0,0.0
861.1909036596884,34.0,0.0
861.1986882878192,35.0,0.0
861.1989461450787,36.0,0.0
861.200705197133,37.0,0.0
861.213177412167,36.0,0.0
861.213354570934,35.0,0.0
861.2233329425469,34.0,0.0
861.2343320962025,33.0,0.0
861.2359687194512,34.0,0.0
861.2386015821784,35.0,0.0
861.2389482260905,36.0,0.0
861.2415378196935,35.0,0.0
861.2442168972195,34.0,0.0
861.2459920380684,33.0,0.0
861.253197518178,32.0,0.0
861.2602679436657,33.0,0.0
861.2608686106508,34.0,0.0
861.2631318266383,33.0,0.0
861.2634492925314,34.0,0.0
861.2671365558369,35.0,0.0
861.276230931116,36.0,0.0
861.2888623005608,35.0,0.0
861.2902505715906,36.0,0.0
861.2953681430494,37.0,0.0
861.2996079919386,38.0,0.0
861.31152647055,37.0,0.0
861.3159845575657,38.0,0.0
861.3182366769064,39.0,0.0
861.324095901342,40.0,0.0
861.3370158147361,39.0,0.0
861.3392209067715,40.0,0.0
861.3443148950196,39.0,0.0
861.3473556062901,38.0,0.0
861.3515968843807,37.0,0.0
861.3562422529167,36.0,0.0
861.360396772879,35.0,0.0
861.3605504947192,34.0,0.0
861.3622188861134,33.0,0.0
861.3643132638593,34.0,0.0
861.3706247330267,33.0,0.0
861.3852945861065,32.0,0.0
861.4099527792946,33.0,0.0
861.4129997653939,32.0,0.0
861.4130258607263,31.0,0.0
861.4187191640677,30.0,0.0
861.4249588437435,29.0,0.0
861.4281257464132,28.0,0.0
861.4302858367519,27.0,0.0
861.4317385564023,26.0,0.0
861.4323265703252,27.0,0.0
861.4397564637651,28.0,0.0
861.4397797780175,29.0,0.0
861.4428160741036,28.0,0.0
861.4587850465707,29.0,0.0
861.470639568552,30.0,0.0
861.474308391467,31.0,0.0
861.4751716927916,30.0,0.0
861.4762397318108,31.0,0.0
861.4814791697972,30.0,0.0
861.4968304630529,29.0,0.0
861.500111025331,30.0,0.0
861.5037869209153,31.0,0.0
861.5148319767187,30.0,0.0
861.517572822895,29.0,0.0
861.5257621537339,28.0,0.0
861.5276599257722,27.0,0.0
861.5386114576743,26.0,0.0
861.541290121975,27.0,0.0
861.5428071597089,28.0,0.0
861.545244625791,27.0,0.0
861.5564472016391,26.0,0.0
861.5598404779815,27.0,0.0
861.5650089815042,28.0,0.0
861.5682208817575,29.0,0.0
861.5737998328589,28.0,0.0
861.5740597871,27.0,0.0
861.5749264524171,26.0,0.0
861.5776509661739,25.0,0.0
861.5968065019111,26.0,0.0
861.5975486558274,27.0,0.0
861.6087378132673,28.0,0.0
861.6095032501838,27.0,0.0
861.6179198225499,26.0,0.0
861.6296456408315,25.0,0.0
861.6335406946131,26.0,0.0
861.6387688412129,25.0,0.0
861.6420035325968,26.0,0.0
861.6456835118545,25.0,0.0
861.6479867838896,26.0,0.0
861.648228529793,27.0,0.0
861.6496787635998,26.0,0.0
861.6499704642549,25.0,0.0
861.6556744060754,24.0,0.0
861.6574613909646,23.0,0.0
861.6692693848278,24.0,0.0
861.67858918345,23.0,0.0
861.6851767740817,24.0,0.0
861.6964201689876,23.0,0.0
861.7034006874013,24.0,0.0
861.7036469457108,23.0,0.0
861.7057740653066,24.0,0.0
861.7085024550503,23.0,0.0
861.7085063146125,24.0,0.0
861.7303969116449,25.0,0.0
861.7316856516744,26.0,0.0
861.7360263907497,25.0,0.0
861.7368621123561,26.0,0.0
861.7385667527725,27.0,0.0
861.7435410656781,28.0,0.0
861.7485390347064,27.0,0.0
861.750151494946,26.0,0.0
861.7519770582988,27.0,0.0
861.7578006757606,26.0,0.0
861.7635254043724,25.0,0.0
861.7654970903079,26.0,0.0
861.7710064278166,25.0,0.0
861.7762175277154,24.0,0.0
861.7764697128395,25.0,0.0
861.7802423733682,26.0,0.0
861.7808415684959,27.0,0.0
861.7830657209144,26.0,0.0
861.7902709790706,25.0,0.0
861.7932466809752,24.0,0.0
861.7978130887349,23.0,0.0
861.813651323715,22.0,0.0
861.8173158527479,21.0,0.0
861.8310877324711,22.0,0.0
861.8320704766247,23.0,0.0
861.8356547086452,22.0,0.0
861.8423432137599,23.0,0.0
861.8432916000373,24.0,0.0
861.8453365535228,25.0,0.0
861.8460994834439,26.0,0.0
861.8487541803323,25.0,0.0
861.8493445754123,24.0,0.0
861.8509139793762,25.0,0.0
861.8551149205686,24.0,0.0
861.8576062634395,23.0,0.0
861.8659106153394,22.0,0.0
861.8661337540486,21.0,0.0
861.8741417867612,22.0,0.0
861.8762041922057,23.0,0.0
861.8779865695224,24.0,0.0
861.8861444645185,25.0,0.0
861.9008452409138,26.0,0.0
861.9060737608091,27.0,0.0
861.9127977660575,26.0,0.0
861.9196206124961,27.0,0.0
861.9223144011765,28.0,0.0
861.9258079341616,29.0,0.0
861.9430779081433,30.0,0.0
861.9448361547333,29.0,0.0
861.9527429175804,30.0,0.0
861.9529759897475,29.0,0.0
861.9548320552176,30.0,0.0
861.9568098524034,29.0,0.0
861.9588367270848,28.0,0.0
861.9602238898399,29.0,0.0
861.9605000513158,28.0,0.0
861.9645383580039,29.0,0.0
861.9710514080277,30.0,0.0
861.974393249387,29.0,0.0
861.9750877526957,30.0,0.0
861.9943280920318,29.0,0.0
862.007101666439,30.0,0.0
862.0126158146297,31.0,0.0
862.0127333701398,32.0,0.0
862.0144827008941,31.0,0.0
862.0184582244992,30.0,0.0
862.0258797375512,29.0,0.0
862.0373055415434,28.0,0.0
862.0500133712519,27.0,0.0
862.0603190352596,28.0,0.0
862.0604404606315,27.0,0.0
862.0658433423694,26.0,0.0
862.0711379220745,27.0,0.0
862.0766166015388,28.0,0.0
862.0907241729618,29.0,0.0
862.0947854210403,28.0,0.0
862.0989301831256,29.0,0.0
862.1037598168166,30.0,0.0
862.108021327911,31.0,0.0
862.1099602639724,32.0,0.0
862.1117814528862,33.0,0.0
862.1151845604231,32.0,0.0
862.1157394097476,31.0,0.0
862.118371051428,30.0,0.0
862.1265665106231,29.0,0.0
862.1380032854898,30.0,0.0
862.1541525352019,31.0,0.0
862.1563195520712,32.0,0.0
862.159091765499,33.0,0.0
862.1617945832793,32.0,0.0
862.1671796092891,33.0,0.0
862.1691071407328,32.0,0.0
862.1710294700272,31.0,0.0
862.1721065448685,30.0,0.0
862.1723443336878,29.0,0.0
862.1799604871295,30.0,0.0
862.1885113162235,31.0,0.0
862.1916053448073,30.0,0.0
862.1961029500862,31.0,0.0
862.2015558375626,32.0,0.0
862.2161773323734,31.0,0.0
862.2202168872224,32.0,0.0
862.2207393066736,33.0,0.0
862.2322180523289,34.0,0.0
862.2375809798084,35.0,0.0
862.2422928164298,36.0,0.0
862.2578191196998,37.0,0.0
862.2708585948807,38.0,0.0
862.2709689526472,39.0,0.0
862.2725242816231,38.0,0.0
862.2776770683241,39.0,0.0
862.279717376729,40.0,0.0
862.2816453070348,41.0,0.0
862.2818036171936,40.0,0.0
862.3070894861416,41.0,0.0
862.3325048716432,42.0,0.0
862.3531958568597,41.0,0.0
862.3576847326707,40.0,0.0
862.3640584530935,41.0,0.0
862.3801183673444,42.0,0.0
862.3801511743486,43.0,0.0
862.3881278067701,44.0,0.0
862.3885892095674,43.0,0.0
862.3898427120225,44.0,0.0
862.4045822718111,43.0,0.0
862.4147412590264,42.0,0.0
862.4239997887086,41.0,0.0
862.4296363258011,42.0,0.0
862.4413942629517,43.0,0.0
862.4467563297037,44.0,0.0
862.449351143234,45.0,0.0
862.4579719999604,46.0,0.0
862.458404982419,45.0,0.0
862.4603777818587,44.0,0.0
862.4651355973459,45.0,0.0
862.4651460985417,44.0,0.0
862.4737040344431,43.0,0.0
862.4756105862167,44.0,0.0
862.4813960218075,45.0,0.0
862.4842745404345,44.0,0.0
862.4972490578205,43.0,0.0
862.4973917138979,44.0,0.0
862.502999360714,45.0,0.0
862.5062687147928,44.0,0.0
862.5073992742055,45.0,0.0
862.5180259255062,46.0,0.0
862.533384530972,47.0,0.0
862.5521105107725,48.0,0.0
862.5635799044311,47.0,0.0
862.5657315030941,48.0,0.0
862.5692200287527,49.0,0.0
862.5807952939515,48.0,0.0
862.5833821792527,47.0,0.0
862.5836399280238,48.0,0.0
862.5859985583899,47.0,0.0
862.5883555908492,48.0,0.0
862.5891700403578,47.0,0.0
862.589841994638,46.0,0.0
862.5957144037139,47.0,0.0
862.5959506109624,48.0,0.0
862.6052941826151,49.0,0.0
862.6246221566211,50.0,0.0
862.6324288501386,49.0,0.0
862.6326131050472,50.0,0.0
862.6411172734284,51.0,0.0
862.652058232772,50.0,0.0
862.659219180863,49.0,0.0
862.66328580046,48.0,0.0
862.6639489390285,49.0,0.0
862.66487377902,50.0,0.0
862.6675199119235,51.0,0.0
862.6688375635774,52.0,0.0
862.6695349781103,53.0,0.0
862.6724215101666,54.0,0.0
862.6737165199665,53.0,0.0
862.6827027550509,52.0,0.0
862.6841984912986,53.0,0.0
862.686836967621,54.0,0.0
862.6928247283233,55.0,0.0
862.6951130920428,56.0,0.0
862.698504575414,57.0,0.0
862.70014504282,56.0,0.0
862.7041160298159,57.0,0.0
862.7085004126525,56.0,0.0
862.7085541672926,55.0,0.0
862.7088719860773,54.0,0.0
862.7105906407733,55.0,0.0
862.7111577424553,56.0,0.0
862.7244317960876,55.0,0.0
862.7272471892306,54.0,0.0
862.7349687383523,53.0,0.0
862.745948342214,52.0,0.0
862.7531298167387,51.0,0.0
862.7533072501307,52.0,0.0
862.7552691770737,53.0,0.0
862.7593649424139,52.0,0.0
862.7637586188358,53.0,0.0
862.7680337275242,52.0,0.0
862.7780402685321,51.0,0.0
862.7873150848718,50.0,0.0
862.8112730210792,51.0,0.0
862.8184903271294,50.0,0.0
862.8195593348174,49.0,0.0
862.8200533711765,50.0,0.0
862.8306435434869,51.0,0.0
862.8308869014467,52.0,0.0
862.8380199130958,53.0,0.0
862.8394828315544,54.0,0.0
862.8497506196771,53.0,0.0
862.855655658638,52.0,0.0
862.8612680993734,53.0,0.0
862.8693485598269,52.0,0.0
862.8724570526638,51.0,0.0
862.8740384618258,52.0,0.0
862.8844439083034,53.0,0.0
862.8894846760608,54.0,0.0
862.8933623272023,53.0,0.0
862.9052427730423,52.0,0.0
862.920162618313,51.0,0.0
862.9202814725527,50.0,0.0
862.923412567541,49.0,0.0
862.9242161495043,50.0,0.0
862.925398548648,51.0,0.0
862.9282000719481,52.0,0.0
862.9325229525252,51.0,0.0
862.9378155983013,52.0,0.0
862.9430584874208,53.0,0.0
862.9452507420871,54.0,0.0
862.9587874337233,53.0,0.0
862.9608876635599,52.0,0.0
862.9628983073995,53.0,0.0
862.9701094407251,54.0,0.0
862.9918035580033,53.0,0.0
862.992150083072,52.0,0.0
862.9961662826948,53.0,0.0
863.0050853952349,54.0,0.0
863.0081551522104,55.0,0.0
863.0233736759376,54.0,0.0
863.0256241486078,55.0,0.0
863.0263414758083,56.0,0.0
863.0350091561733,57.0,0.0
863.0378219279875,58.0,0.0
863.040514147597,59.0,0.0
863.0438762401845,58.0,0.0
863.0446000128129,57.0,0.0
863.0484471134682,56.0,0.0
863.0509493229039,55.0,0.0
863.0556494061815,54.0,0.0
863.063503203439,55.0,0.0
863.0645363162978,54.0,0.0
863.0710447083828,55.0,0.0
863.0717932887984,54.0,0.0
863.0749723111032,53.0,0.0
863.0757090823598,54.0,0.0
863.0762906102284,55.0,0.0
863.0766834686162,56.0,0.0
863.0788418883548,57.0,0.0
863.0897420999618,58.0,0.0
863.0914843483524,57.0,0.0
863.095974070452,56.0,0.0
863.0976392387319,57.0,0.0
863.100023365022,56.0,0.0
863.1082874126723,57.0,0.0
863.1141997960108,56.0,0.0
863.11544923514,55.0,0.0
863.1176824156422,54.0,0.0
863.1254282729351,53.0,0.0
863.1341856041579,54.0,0.0
863.1382573195414,53.0,0.0
863.1384446114005,52.0,0.0
863.1462994404137,53.0,0.0
863.1464026721522,54.0,0.0
863.1500216359101,55.0,0.0
863.1511758457187,54.0,0.0
863.1513025966119,55.0,0.0
863.151836248023,54.0,0.0
863.1569887348511,55.0,0.0
863.164355830379,56.0,0.0
863.1647182240941,57.0,0.0
863.167782375543,56.0,0.0
863.1688407686609,57.0,0.0
863.1699741012225,58.0,0.0
863.1736956081925,59.0,0.0
863.1752534964783,60.0,0.0
863.1833455543265,59.0,0.0
863.185874115175,60.0,0.0
863.1886672141692,59.0,0.0
863.1914981285355,58.0,0.0
863.1932396803535,59.0,0.0
863.1952880403336,60.0,0.0
863.1987616948684,61.0,0.0
863.2000349538196,62.0,0.0
863.2019599132763,61.0,0.0
863.2049758410648,62.0,0.0
863.2160272146367,61.0,0.0
863.222778805111,60.0,0.0
863.2235151060643,61.0,0.0
863.2244942314449,60.0,0.0
863.2261529904138,61.0,0.0
863.2277054367443,60.0,0.0
863.2311294563654,61.0,0.0
863.2362015284285,60.0,0.0
863.2464855978628,61.0,0.0
863.2498584438052,62.0,0.0
863.2502075309488,63.0,0.0
863.2503932141724,64.0,0.0
863.252111619802,63.0,0.0
863.2589518657549,64.0,0.0
863.2640942636018,63.0,0.0
863.2669147518387,64.0,0.0
863.2683753563502,63.0,0.0
863.2702867367457,62.0,0.0
863.2852459756206,61.0,0.0
863.285925538794,62.0,0.0
863.2937535525368,61.0,0.0
863.3035917158398,62.0,0.0
863.3055405036183,63.0,0.0
863.3097878232096,62.0,0.0
863.3219145143373,63.0,0.0
863.3249184253679,64.0,0.0
863.3380338595924,63.0,0.0
863.3425952029147,62.0,0.0
863.3554755722699,61.0,0.0
863.3587002646918,62.0,0.0
863.3637412466115,61.0,0.0
863.3720329621101,60.0,0.0
863.3836894506118,61.0,0.0
863.3950789580596,62.0,0.0
863.4020398731769,61.0,0.0
863.4080412216044,62.0,0.0
863.4097654106876,61.0,0.0
863.4127583804391,60.0,0.0
863.4139077838825,59.0,0.0
863.4226901906223,60.0,0.0
863.4444060222164,59.0,0.0
863.4464333484033,58.0,0.0
863.4465209096135,57.0,0.0
863.4478091618872,56.0,0.0
863.4531005603691,55.0,0.0
863.4575333601632,56.0,0.0
863.4593452599884,55.0,0.0
863.4698356780808,56.0,0.0
863.4738194205522,55.0,0.0
863.4740975993665,56.0,0.0
863.4851604492106,57.0,0.0
863.4863936668868,58.0,0.0
863.4883739363963,59.0,0.0
863.4892651592355,60.0,0.0
863.4924661715576,59.0,0.0
863.4972987537016,60.0,0.0
863.4974123584507,61.0,0.0
863.4983417821816,62.0,0.0
863.5172439093187,63.0,0.0
863.5217256575186,64.0,0.0
863.5221374458497,65.0,0.0
863.5266837585194,64.0,0.0
863.5504405606334,65.0,0.0
863.5512654134831,66.0,0.0
863.5523951889096,65.0,0.0
863.5767286372217,66.0,0.0
863.5799422580554,67.0,0.0
863.580189440614,68.0,0.0
863.5827895703653,69.0,0.0
863.5894526524737,70.0,0.0
863.6007412594083,69.0,0.0
863.614067534455,70.0,0.0
863.6178538142436,69.0,0.0
863.6185149802448,68.0,0.0
863.6233766388674,67.0,0.0
863.6249185816529,68.0,0.0
863.6272433908538,69.0,0.0
863.6273643231455,70.0,0.0
863.6348978112782,71.0,0.0
863.6366744922677,70.0,0.0
863.6378488894484,69.0,0.0
863.6410010810516,70.0,0.0
863.6507136869457,71.0,0.0
863.6532940129981,72.0,0.0
863.653613630156,71.0,0.0
863.6553368681473,72.0,0.0
863.6589669650746,73.0,0.0
863.659199470017,74.0,0.0
863.6648965477225,73.0,0.0
863.6658949546463,72.0,0.0
863.6697722623765,73.0,0.0
863.6714956558366,74.0,0.0
863.674300007348,75.0,0.0
863.6818219464061,74.0,0.0
863.6832585698351,73.0,0.0
863.6834051353098,72.0,0.0
863.6842303461606,71.0,0.0
863.6858055292794,72.0,0.0
863.6879213940316,71.0,0.0
863.6879496829148,70.0,0.0
863.6932906326952,69.0,0.0
863.6936710344182,70.0,0.0
863.6990870881872,69.0,0.0
863.7071624669118,70.0,0.0
863.7136613900632,69.0,0.0
863.7159266100194,70.0,0.0
863.7184011730544,69.0,0.0
863.7245129389285,68.0,0.0
863.7258852631838,69.0,0.0
863.7268135012168,70.0,0.0
863.7309949965907,69.0,0.0
863.7375596267774,70.0,0.0
863.7405936301171,71.0,0.0
863.7502145927265,72.0,0.0
863.7563537494021,73.0,0.0
863.7565152120635,74.0,0.0
863.760975178144,75.0,0.0
863.763318575143,74.0,0.0
863.7690196771833,73.0,0.0
863.7754580091577,74.0,0.0
863.7780148429739,75.0,0.0
863.7828356609509,74.0,0.0
863.7886030086453,75.0,0.0
863.7971545296909,76.0,0.0
863.7972285818739,77.0,0.0
863.80224463207,76.0,0.0
863.8134385127013,75.0,0.0
863.8184362469017,76.0,0.0
863.8188710812992,77.0,0.0
863.8250305194777,76.0,0.0
863.8304581615129,77.0,0.0
863.8435781663125,78.0,0.0
863.8469308675509,77.0,0.0
863.8631595016652,76.0,0.0
863.8671980630338,75.0,0.0
863.8692946009392,76.0,0.0
863.872055072112,77.0,0.0
863.8763922065384,78.0,0.0
863.8784099391329,79.0,0.0
863.8886928907694,78.0,0.0
863.8990415260033,77.0,0.0
863.9035339185521,76.0,0.0
863.9062414214574,77.0,0.0
863.9166998365303,78.0,0.0
863.9200867929903,77.0,0.0
863.9225859002593,78.0,0.0
863.9253366506202,79.0,0.0
863.9263559200105,78.0,0.0
863.9275212932442,77.0,0.0
863.9301783524355,76.0,0.0
863.9303266357651,77.0,0.0
863.9423037372737,78.0,0.0
863.9427830934576,79.0,0.0
863.9464357302821,80.0,0.0
863.9515930569006,81.0,0.0
863.9527723738664,82.0,0.0
863.9538625801807,81.0,0.0
863.9571852558329,80.0,0.0
863.9588348658291,81.0,0.0
863.9638373744664,82.0,0.0
863.9667009275449,81.0,0.0
863.9721315952563,82.0,0.0
863.9965045841316,81.0,0.0
864.0010235248534,82.0,0.0
864.0093470334921,83.0,0.0
864.0175463739422,84.0,0.0
864.0241327820908,83.0,0.0
864.0244117468818,82.0,0.0
864.0320890731085,83.0,0.0
864.0367686489052,84.0,0.0
864.0408863187287,85.0,0.0
864.0411759270673,86.0,0.0
864.0497195358694,87.0,0.0
864.053015084916,88.0,0.0
864.0565829205533,87.0,0.0
864.0675829432173,88.0,0.0
864.0692847433575,89.0,0.0
864.0791340150038,88.0,0.0
864.0870204655363,89.0,0.0
864.0899164847308,90.0,0.0
864.0917492905112,91.0,0.0
864.0972139945402,92.0,0.0
864.1015855927328,91.0,0.0
864.1019280116196,92.0,0.0
864.121268567591,93.0,0.0
864.1237666664041,92.0,0.0
864.1296673200529,91.0,0.0
864.1333829346048,90.0,0.0
864.1440023470914,91.0,0.0
864.1483068293563,92.0,0.0
864.1594445249225,91.0,0.0
864.1610300297118,92.0,0.0
864.1703547411647,93.0,0.0
864.1734872566069,94.0,0.0
864.1741141706505,95.0,0.0
864.1759960211947,96.0,0.0
864.1772205788768,97.0,0.0
864.1811635441604,98.0,0.0
864.1822948254041,99.0,0.0
864.1862224157508,98.0,0.0
864.1920092651992,99.0,0.0
864.194312629293,98.0,0.0
864.1992063093735,97.0,0.0
864.2014003863579,96.0,0.0
864.2026982607222,97.0,0.0
864.2097962081465,96.0,0.0
864.2107869558849,97.0,0.0
864.2157482857342,98.0,0.0
864.2188118753753,97.0,0.0
864.2242125518964,96.0,0.0
864.2361366034477,95.0,0.0
864.2363418996171,94.0,0.0
864.2397039312704,93.0,0.0
864.2437921116602,92.0,0.0
864.2465326420636,91.0,0.0
864.2488373367529,92.0,0.0
864.2519740299232,93.0,0.0
864.2650374258639,92.0,0.0
864.2651306899895,91.0,0.0
864.266181088846,90.0,0.0
864.2721008321054,89.0,0.0
864.2730055116315,90.0,0.0
864.2764351354614,91.0,0.0
864.2995383178912,92.0,0.0
864.3001455283749,93.0,0.0
864.3052522336794,94.0,0.0
864.310009467059,95.0,0.0
864.3100915310031,96.0,0.0
864.3113380762321,97.0,0.0
864.3152864853066,96.0,0.0
864.3159096198392,97.0,0.0
864.3272135449712,98.0,0.0
864.3290626348356,97.0,0.0
864.3295860889812,96.0,0.0
864.3305972089355,97.0,0.0
864.3353614356066,96.0,0.0
864.3374182062429,97.0,0.0
864.3425130384989,98.0,0.0
864.3444571508485,99.0,0.0
864.3470330716071,100.0,0.0
864.3471396495851,101.0,0.0
864.3488002600154,102.0,0.0
864.350888425985,103.0,0.0
864.3527286542541,104.0,0.0
864.3529118593846,103.0,0.0
864.3534789961881,102.0,0.0
864.3545927974938,103.0,0.0
864.3560095607324,102.0,0.0
864.356227652911,103.0,0.0
864.3575480093833,102.0,0.0
864.3628660384804,103.0,0.0
864.3629758262226,104.0,0.0
864.3639574990493,105.0,0.0
864.3702408798353,104.0,0.0
864.3724718405036,105.0,0.0
864.3889482340716,106.0,0.0
864.3937067805159,107.0,0.0
864.3953195732819,106.0,0.0
864.4011875661768,107.0,0.0
864.4137778972091,108.0,0.0
864.4228665204157,109.0,0.0
864.425745723362,110.0,0.0
864.4280849835806,109.0,0.0
864.4292837815595,110.0,0.0
864.4348417905442,109.0,0.0
864.4415654550191,110.0,0.0
864.4464657993759,109.0,0.0
864.4489398750483,110.0,0.0
864.4597333898181,109.0,0.0
864.4636878156821,108.0,0.0
864.4678007809293,107.0,0.0
864.4703334576772,108.0,0.0
864.4719449967236,109.0,0.0
864.4725453970261,110.0,0.0
864.4751392783364,111.0,0.0
864.4809552209721,110.0,0.0
864.4874405315993,111.0,0.0
864.4914815355689,112.0,0.0
864.4959142972734,111.0,0.0
864.5208422545306,112.0,0.0
864.5355086646161,113.0,0.0
864.5416060495692,112.0,0.0
864.5484988348783,111.0,0.0
864.5508161134737,112.0,0.0
864.5713723765068,111.0,0.0
864.5738380600048,112.0,0.0
864.58289679541,113.0,0.0
864.5836010299563,112.0,0.0
864.5886504015505,113.0,0.0
864.5927559918651,112.0,0.0
864.5955786321946,113.0,0.0
864.5958661968214,112.0,0.0
864.6084705249347,113.0,0.0
864.6101869596364,114.0,0.0
864.6133460124859,115.0,0.0
864.6162168728464,116.0,0.0
864.6275564144808,117.0,0.0
864.6323224451932,116.0,0.0
864.6341066968685,117.0,0.0
864.6354209937924,118.0,0.0
864.6452580317383,117.0,0.0
864.6540630464975,118.0,0.0
864.6580593839558,117.0,0.0
864.6637739451119,116.0,0.0
864.669005264374,115.0,0.0
864.67613717012,116.0,0.0
864.7043414889355,117.0,0.0
864.7128046413869,118.0,0.0
864.7153790629808,119.0,0.0
864.7161285653588,120.0,0.0
864.7188236420367,119.0,0.0
864.722456916395,120.0,0.0
864.7270870122962,119.0,0.0
864.7343428019205,120.0,0.0
864.7357459003422,121.0,0.0
864.7362011582901,120.0,0.0
864.7370011613325,119.0,0.0
864.744975056354,120.0,0.0
864.7494620063884,121.0,0.0
864.7683767774635,120.0,0.0
864.7744054882477,121.0,0.0
864.7753191619742,120.0,0.0
864.7784316659296,119.0,0.0
864.778667829516,120.0,0.0
864.7830692219845,121.0,0.0
864.7891115342389,122.0,0.0
864.7915437373629,123.0,0.0
864.7924325569603,124.0,0.0
864.7947252099173,125.0,0.0
864.7989714600752,126.0,0.0
864.813912373795,125.0,0.0
864.8160902180153,126.0,0.0
864.8227475777389,125.0,0.0
864.8261175664827,126.0,0.0
864.8296124988252,127.0,0.0
864.8327081471076,126.0,0.0
864.8507645373214,127.0,0.0
864.8523256894449,128.0,0.0
864.8538453243891,129.0,0.0
864.8621780724206,128.0,0.0
864.8632680735129,129.0,0.0
864.8681469110599,130.0,0.0
864.8687256575957,131.0,0.0
864.8735099526874,130.0,0.0
864.8752076753196,129.0,0.0
864.8764352269429,128.0,0.0
864.8780546957133,127.0,0.0
864.8790367896022,128.0,0.0
864.887355765585,127.0,0.0
864.8897721929247,128.0,0.0
864.8959733304004,127.0,0.0
864.9039563759238,126.0,0.0
864.904366448527,125.0,0.0
864.9046330324287,124.0,0.0
864.912200976553,125.0,0.0
864.9182247958752,126.0,0.0
864.9365248046679,125.0,0.0
864.9452534927884,124.0,0.0
864.948405962671,123.0,0.0
864.960647590899,124.0,0.0
864.960986089001,125.0,0.0
864.9618883549872,124.0,0.0
864.9640195096775,125.0,0.0
864.9699065097443,124.0,0.0
864.9826374798571,123.0,0.0
864.9892588761548,124.0,0.0
864.997373534035,123.0,0.0
864.999881609054,122.0,0.0
865.01364686356,123.0,0.0
865.0240577700946,122.0,0.0
865.0304145950206,121.0,0.0
865.0309955578713,120.0,0.0
865.0362292532566,121.0,0.0
865.0424669794863,122.0,0.0
865.0427788086976,123.0,0.0
865.0491990829076,124.0,0.0
865.0559213801318,123.0,0.0
865.0597720551599,122.0,0.0
865.0653709997845,121.0,0.0
865.0657108962283,122.0,0.0
865.0659514952981,121.0,0.0
865.0749580965847,120.0,0.0
865.0807948093686,121.0,0.0
865.086351881316,120.0,0.0
865.0897297182707,119.0,0.0
865.0938988196013,118.0,0.0
865.1043495920431,119.0,0.0
865.1076526003617,118.0,0.0
865.1102280842473,119.0,0.0
865.1365377949015,120.0,0.0
865.1462741988962,121.0,0.0
865.1535619665009,120.0,0.0
865.1718185708385,121.0,0.0
865.175805339537,122.0,0.0
865.1778415344407,121.0,0.0
865.17983518185,120.0,0.0
865.181086247931,119.0,0.0
865.1878169434207,120.0,0.0
865.1954463937908,121.0,0.0
865.1964378143225,120.0,0.0
865.2061790803033,119.0,0.0
865.216722539196,118.0,0.0
865.2177660107794,117.0,0.0
865.2206477880111,118.0,0.0
865.224385758822,117.0,0.0
865.2279444520868,116.0,0.0
865.2279859602127,117.0,0.0
865.2302802685803,116.0,0.0
865.2337490460276,117.0,0.0
865.2508244343719,116.0,0.0
865.2516304789954,115.0,0.0
865.2520833343357,114.0,0.0
865.2521925408867,115.0,0.0
865.2559263781006,116.0,0.0
865.2598813826298,115.0,0.0
865.2791698427413,116.0,0.0
865.2822663999187,115.0,0.0
865.2941345542221,114.0,0.0
865.3010963469108,115.0,0.0
865.3023785911713,114.0,0.0
865.3038294497161,113.0,0.0
865.3083778720285,114.0,0.0
865.3139692342507,113.0,0.0
865.3185853653176,112.0,0.0
865.3206029249247,113.0,0.0
865.323218644171,114.0,0.0
865.3268153159137,113.0,0.0
865.330547350338,114.0,0.0
865.3345588564982,113.0,0.0
865.344199836581,112.0,0.0
865.3451602086842,113.0,0.0
865.3488412212333,112.0,0.0
865.351136477734,113.0,0.0
865.3573708486242,112.0,0.0
865.36450906634,111.0,0.0
865.3743749421574,110.0,0.0
865.378359777596,109.0,0.0
865.3884463775255,110.0,0.0
865.3942778697916,111.0,0.0
865.397099740475,110.0,0.0
865.3987622111171,109.0,0.0
865.3988231398891,110.0,0.0
865.400831935836,109.0,0.0
865.4069884094774,108.0,0.0
865.4209314233146,107.0,0.0
865.4299102937464,108.0,0.0
865.4341533992623,107.0,0.0
865.4370762701398,108.0,0.0
865.4392377804181,107.0,0.0
865.4433836458526,108.0,0.0
865.4433950984406,109.0,0.0
865.4437932797968,108.0,0.0
865.445378441051,109.0,0.0
865.4457641930118,108.0,0.0
865.4501949121405,109.0,0.0
865.4516220663623,110.0,0.0
865.454351562877,109.0,0.0
865.456472205907,110.0,0.0
865.4681632289592,111.0,0.0
865.4707589092488,112.0,0.0
865.4718011786484,111.0,0.0
865.4718442837476,110.0,0.0
865.4753426306655,109.0,0.0
865.4776176254322,110.0,0.0
865.4788316522383,109.0,0.0
865.4810717036503,110.0,0.0
865.4822803435627,109.0,0.0
865.4846888631788,108.0,0.0
865.4943426240044,109.0,0.0
865.4982992989538,108.0,0.0
865.5005843423503,109.0,0.0
865.5007595035435,108.0,0.0
865.5048622289181,107.0,0.0
865.5060196186312,106.0,0.0
865.5087660317412,107.0,0.0
865.5133239325136,108.0,0.0
865.5150523834882,107.0,0.0
865.5174992470638,108.0,0.0
865.5231955824886,109.0,0.0
865.5251010606764,108.0,0.0
865.5346724663881,107.0,0.0
865.5436978020721,106.0,0.0
865.5629877050495,105.0,0.0
865.5810761504399,104.0,0.0
865.5937602964814,105.0,0.0
865.5956151906611,106.0,0.0
865.6043390375202,107.0,0.0
865.6067548431107,108.0,0.0
865.6101974252795,107.0,0.0
865.6106995057461,108.0,0.0
865.6222105174554,109.0,0.0
865.6237978009495,108.0,0.0
865.6302974083997,107.0,0.0
865.6382833061186,108.0,0.0
865.6494593174804,107.0,0.0
865.6502848496225,108.0,0.0
865.6780469172925,109.0,0.0
865.6790177550549,110.0,0.0
865.690934324734,109.0,0.0
865.6927195660174,108.0,0.0
865.6985923726727,109.0,0.0
865.7009825895126,110.0,0.0
865.7048924080228,111.0,0.0
865.7283982342574,110.0,0.0
865.7329603853117,109.0,0.0
865.7335039231831,108.0,0.0
865.7451389163118,109.0,0.0
865.7481055105698,110.0,0.0
865.7518085495147,111.0,0.0
865.7620249045958,112.0,0.0
865.7715946356145,111.0,0.0
865.774042704636,110.0,0.0
865.7829706631095,109.0,0.0
865.7974873471119,110.0,0.0
865.8040588695235,109.0,0.0
865.8241197408163,108.0,0.0
865.8348930773442,107.0,0.0
865.8353162368691,106.0,0.0
865.8357406064732,107.0,0.0
865.8382977920921,106.0,0.0
865.8528167787703,105.0,0.0
865.8533287154836,104.0,0.0
865.8661734632723,103.0,0.0
865.8700502720943,102.0,0.0
865.8822306547958,103.0,0.0
865.8926833584347,104.0,0.0
865.8945030336304,103.0,0.0
865.9055089237279,102.0,0.0
865.9128991326577,101.0,0.0
865.9373255650471,100.0,0.0
865.9439580505177,101.0,0.0
865.9440233711416,100.0,0.0
865.947892402954,101.0,0.0
865.9530208822994,102.0,0.0
865.9677369610597,101.0,0.0
865.9702278887584,100.0,0.0
865.9716790572356,99.0,0.0
865.9771670560859,98.0,0.0
865.9822864587003,97.0,0.0
865.9842361802221,96.0,0.0
865.9864338931079,97.0,0.0
865.9879615584382,96.0,0.0
865.9881257799439,97.0,0.0
865.9909238593037,98.0,0.0
865.9913035273287,99.0,0.0
865.9955583611769,98.0,0.0
865.9984138187131,97.0,0.0
866.0026218347843,96.0,0.0
866.0134232312546,95.0,0.0
866.0134816811494,94.0,0.0
866.0182011619422,93.0,0.0
866.019163326853,94.0,0.0
866.0206227898025,93.0,0.0
866.0596512271944,94.0,0.0
866.0628803028919,95.0,0.0
866.080553174213,94.0,0.0
866.0826201649763,93.0,0.0
866.083076169887,94.0,0.0
866.094725717142,95.0,0.0
866.0961217520583,96.0,0.0
866.1066340268338,95.0,0.0
866.1115882022809,94.0,0.0
866.1166311933085,95.0,0.0
866.1170942260751,94.0,0.0
866.1227491850901,93.0,0.0
866.1264131009125,94.0,0.0
866.1303174147132,93.0,0.0
866.1376881759396,92.0,0.0
866.1398224937536,91.0,0.0
866.1567191019236,90.0,0.0
866.1612180180779,91.0,0.0
866.1665420953163,90.0,0.0
866.1696496630462,91.0,0.0
866.1706200326308,90.0,0.0
866.1733014588733,89.0,0.0
866.1766912860203,88.0,0.0
866.1857061742033,89.0,0.0
866.1880127994232,90.0,0.0
866.1895908529758,91.0,0.0
866.2029770318909,92.0,0.0
866.2061739490644,91.0,0.0
866.208531218489,90.0,0.0
866.2095402655995,91.0,0.0
866.2108568794828,92.0,0.0
866.2126831198583,93.0,0.0
866.2159897985329,94.0,0.0
866.2194646684256,93.0,0.0
866.2215217489274,92.0,0.0
866.2260533664073,91.0,0.0
866.2261114762124,92.0,0.0
866.2308886053615,93.0,0.0
866.231576328031,92.0,0.0
866.2361073291294,91.0,0.0
866.24686914278,90.0,0.0
866.2528890467117,89.0,0.0
866.2572642872155,88.0,0.0
866.259446166709,89.0,0.0
866.2659444184769,90.0,0.0
866.268716268913,89.0,0.0
866.2726217198942,88.0,0.0
866.2772518292766,89.0,0.0
866.2815934711773,88.0,0.0
866.2819654173849,87.0,0.0
866.2928238194943,88.0,0.0
866.3006698888587,89.0,0.0
866.3074602589237,88.0,0.0
866.3215606091707,87.0,0.0
866.3242779825547,86.0,0.0
866.3264213546652,87.0,0.0
866.3350854430473,86.0,0.0
866.3406599189568,85.0,0.0
866.3629415051074,86.0,0.0
866.3640408676451,87.0,0.0
866.3676459473086,86.0,0.0
866.3726614839729,85.0,0.0
866.3745260064801,86.0,0.0
866.3782171062019,87.0,0.0
866.3818704443944,86.0,0.0
866.3844240089475,87.0,0.0
866.3910070726844,86.0,0.0
866.3917069229078,85.0,0.0
866.3949292074973,84.0,0.0
866.3977812365441,83.0,0.0
866.4053050783272,84.0,0.0
866.4067266462966,85.0,0.0
866.4140107795931,84.0,0.0
866.420512322746,83.0,0.0
866.4222298709196,84.0,0.0
866.4287285661582,85.0,0.0
866.4310920792454,86.0,0.0
866.4433086852775,85.0,0.0
866.4536380549395,86.0,0.0
866.4624839456452,85.0,0.0
866.468239459431,84.0,0.0
866.4774041301948,83.0,0.0
866.4781367979011,82.0,0.0
866.4783644098333,83.0,0.0
866.4784743185578,82.0,0.0
866.4868027089216,81.0,0.0
866.4926891605292,80.0,0.0
866.4936807596996,81.0,0.0
866.4936850753501,80.0,0.0
866.5051706376148,79.0,0.0
866.5087363179827,78.0,0.0
866.5186601194284,77.0,0.0
866.519892645215,78.0,0.0
866.5277725538199,79.0,0.0
866.5358294292528,78.0,0.0
866.5530706874617,77.0,0.0
866.5534347573135,76.0,0.0
866.5566946631178,75.0,0.0
866.5567328233992,74.0,0.0
866.5618716673954,75.0,0.0
866.5633654088055,74.0,0.0
866.5634578600807,73.0,0.0
866.5727040067948,72.0,0.0
866.5747913649399,71.0,0.0
866.5836134567629,70.0,0.0
866.5968309754604,69.0,0.0
866.597180750378,68.0,0.0
866.5974925281674,69.0,0.0
866.6047530491753,68.0,0.0
866.6161649365954,67.0,0.0
866.6177119653767,66.0,0.0
866.6255495597632,67.0,0.0
866.6307535819109,68.0,0.0
866.6324392773593,67.0,0.0
866.6407431332254,68.0,0.0
866.6425428054431,69.0,0.0
866.6490001177614,68.0,0.0
866.6505771185539,69.0,0.0
866.653526675889,70.0,0.0
866.6541744399138,69.0,0.0
866.6594606484252,70.0,0.0
866.6759929882971,71.0,0.0
866.6769578283129,72.0,0.0
866.6865613195467,71.0,0.0
866.6955909199991,72.0,0.0
866.6972489676125,71.0,0.0
866.7025774105243,72.0,0.0
866.7166554667242,71.0,0.0
866.7250177062465,70.0,0.0
866.7256503036881,71.0,0.0
866.7344712872826,72.0,0.0
866.7488564667726,73.0,0.0
866.751302492938,74.0,0.0
866.753258423206,75.0,0.0
866.7573478707164,74.0,0.0
866.7580478948335,73.0,0.0
866.7595983910971,72.0,0.0
866.7835241929154,71.0,0.0
866.7857230063166,70.0,0.0
866.7901405518807,69.0,0.0
866.7911341232171,70.0,0.0
866.7979842703709,71.0,0.0
866.8007086856535,70.0,0.0
866.8058784541901,71.0,0.0
866.8263633850955,72.0,0.0
866.8297785698752,73.0,0.0
866.8364301985364,74.0,0.0
866.8505190714877,73.0,0.0
866.8581058772771,74.0,0.0
866.8591780931775,75.0,0.0
866.8607193837228,76.0,0.0
866.8663424128588,77.0,0.0
866.8743930017332,76.0,0.0
866.8761220508123,77.0,0.0
866.8768413906905,76.0,0.0
866.8786032789326,75.0,0.0
866.8849364133442,76.0,0.0
866.8873870687473,75.0,0.0
866.889432314239,74.0,0.0
866.8945006472554,75.0,0.0
866.9229032281063,74.0,0.0
866.9262934259624,75.0,0.0
866.9388475075936,76.0,0.0
866.9402473377907,77.0,0.0
866.9412878691137,76.0,0.0
866.9430728887388,77.0,0.0
866.9572711102292,78.0,0.0
866.9639095851197,77.0,0.0
866.9654251110875,78.0,0.0
866.9656953540469,77.0,0.0
866.9669105505991,78.0,0.0
866.9748570030661,79.0,0.0
866.9811234768139,80.0,0.0
866.9814641568643,79.0,0.0
866.9819066088104,78.0,0.0
866.9923955847856,77.0,0.0
866.9953481059848,76.0,0.0
867.0036493679837,75.0,0.0
867.0037933175381,74.0,0.0
867.0085891901319,73.0,0.0
867.0203806804152,74.0,0.0
867.0228521116443,73.0,0.0
867.0248372296177,72.0,0.0
867.0283692276267,71.0,0.0
867.0361474830542,72.0,0.0
867.0371141286973,73.0,0.0
867.0394208728923,74.0,0.0
867.0400924508899,73.0,0.0
867.0441169194205,74.0,0.0
867.0466848801262,73.0,0.0
867.0554904982343,74.0,0.0
867.0664622045829,75.0,0.0
867.0756604096686,76.0,0.0
867.0868022850434,77.0,0.0
867.0892270096787,76.0,0.0
867.0970786188293,77.0,0.0
867.1002847706114,76.0,0.0
867.1133928117408,77.0,0.0
867.1134645468468,78.0,0.0
867.1163934322033,77.0,0.0
867.1263853117249,78.0,0.0
867.1368638603446,79.0,0.0
867.1407036949711,80.0,0.0
867.1459015545512,81.0,0.0
867.1461014939592,80.0,0.0
867.1513323726889,79.0,0.0
867.1548527388351,78.0,0.0
867.1592545929185,77.0,0.0
867.1637294716319,78.0,0.0
867.1654077082856,79.0,0.0
867.1812219024353,80.0,0.0
867.1847808987357,79.0,0.0
867.1996417918772,80.0,0.0
867.2136812407756,79.0,0.0
867.2144290426726,78.0,0.0
867.2282877790759,77.0,0.0
867.2312419393068,76.0,0.0
867.2391664872812,75.0,0.0
867.2433215280887,76.0,0.0
867.243662424241,77.0,0.0
867.2632004375379,76.0,0.0
867.2900758570787,77.0,0.0
867.2938439201514,78.0,0.0
867.2963487048452,79.0,0.0
867.2969323447915,78.0,0.0
867.3025686067518,79.0,0.0
867.3070462679373,78.0,0.0
867.3098914090486,77.0,0.0
867.3102846071076,76.0,0.0
867.3109188581917,75.0,0.0
867.3303451188608,74.0,0.0
867.331913807911,75.0,0.0
867.3409526572873,74.0,0.0
867.3554171483532,73.0,0.0
867.3675715722347,72.0,0.0
867.3821001962616,73.0,0.0
867.385703706972,74.0,0.0
867.3858274626091,73.0,0.0
867.3898558062207,74.0,0.0
867.3915184694266,73.0,0.0
867.3983435815536,72.0,0.0
867.3998278557523,71.0,0.0
867.4089782871368,70.0,0.0
867.412045271311,71.0,0.0
867.4167663102289,72.0,0.0
867.4170283207095,73.0,0.0
867.4359351600618,72.0,0.0
867.4412722990131,73.0,0.0
867.4464144971178,72.0,0.0
867.467434986936,71.0,0.0
867.4678550398461,70.0,0.0
867.4828869560793,71.0,0.0
867.4898101261601,72.0,0.0
867.4991506910056,73.0,0.0
867.5093077048623,74.0,0.0
867.5119859910707,75.0,0.0
867.516490299654,74.0,0.0
867.5167468868696,75.0,0.0
867.5235445725045,74.0,0.0
867.53783828479,75.0,0.0
867.5759211095143,74.0,0.0
867.5873602537079,73.0,0.0
867.5882870100094,72.0,0.0
867.5983989607229,73.0,0.0
867.605853803734,74.0,0.0
867.6180975406546,73.0,0.0
867.6192292339782,72.0,0.0
867.6194520935892,71.0,0.0
867.6378267724467,72.0,0.0
867.6409265459731,73.0,0.0
867.6656638398042,74.0,0.0
867.6721254571381,73.0,0.0
867.6829510374424,72.0,0.0
867.684484268283,73.0,0.0
867.7048427455916,74.0,0.0
867.7347886023955,73.0,0.0
867.7413961606136,74.0,0.0
867.743099541864,75.0,0.0
867.7464551346059,76.0,0.0
867.7470175194157,77.0,0.0
867.7474281909515,76.0,0.0
867.7495799551616,75.0,0.0
867.7570761058454,74.0,0.0
867.778318089665,73.0,0.0
867.7887307248363,72.0,0.0
867.7908891112709,71.0,0.0
867.793910414555,70.0,0.0
867.7983310447398,71.0,0.0
867.8067422193612,72.0,0.0
867.8126683099442,71.0,0.0
867.8128104479098,72.0,0.0
867.8133216055538,71.0,0.0
867.8158392963829,72.0,0.0
867.8211546092531,73.0,0.0
867.8228210246632,74.0,0.0
867.8302808836636,75.0,0.0
867.8324076048744,74.0,0.0
867.8356948591413,73.0,0.0
867.8410784733028,74.0,0.0
867.8512531701025,73.0,0.0
867.8575272423005,72.0,0.0
867.8577343170181,73.0,0.0
867.8608699050191,74.0,0.0
867.8693131047804,75.0,0.0
867.8737226399496,76.0,0.0
867.8759681941933,75.0,0.0
867.8792194321634,74.0,0.0
867.8872352466117,73.0,0.0
867.9063071111568,72.0,0.0
867.9263562607655,71.0,0.0
867.9278780728116,70.0,0.0
867.9380628367043,69.0,0.0
867.9493383042636,70.0,0.0
867.9497346051342,69.0,0.0
867.9571378879264,68.0,0.0
867.9640177037355,69.0,0.0
867.9748258638289,68.0,0.0
867.9780729859912,67.0,0.0
867.9818528474228,68.0,0.0
867.995680288677,67.0,0.0
868.0106653806827,68.0,0.0
868.0141209835106,69.0,0.0
868.0166737721373,68.0,0.0
868.0302233183298,67.0,0.0
868.0307117989487,66.0,0.0
868.0368026528314,65.0,0.0
868.0426088387096,64.0,0.0
868.0568398850786,63.0,0.0
868.0646703648839,64.0,0.0
868.0659010730643,63.0,0.0
868.0663817967322,64.0,0.0
868.0793548129643,63.0,0.0
868.0812352855793,62.0,0.0
868.1063591979438,63.0,0.0
868.1088475138598,62.0,0.0
868.1131508967752,63.0,0.0
868.1131866441856,62.0,0.0
868.1202834331395,63.0,0.0
868.1214839925059,64.0,0.0
868.124022318874,65.0,0.0
868.1388346502143,64.0,0.0
868.1397155034394,63.0,0.0
868.140290663138,64.0,0.0
868.1464760609883,63.0,0.0
868.1593024346722,62.0,0.0
868.1646880637676,61.0,0.0
868.1674241302337,60.0,0.0
868.1711046459942,59.0,0.0
868.1763303279789,58.0,0.0
868.1784583074417,57.0,0.0
868.1872380568606,56.0,0.0
868.1975107066081,55.0,0.0
868.2015429992699,56.0,0.0
868.2044360919411,55.0,0.0
868.2117639937348,56.0,0.0
868.2162009208322,55.0,0.0
868.2169484578093,54.0,0.0
868.2277837722611,55.0,0.0
868.2378941875025,54.0,0.0
868.2413409615207,55.0,0.0
868.2420975559177,54.0,0.0
868.250440092541,53.0,0.0
868.2597196438087,52.0,0.0
868.2600323330684,51.0,0.0
868.2666290827176,50.0,0.0
868.267375433967,51.0,0.0
868.2730576023908,52.0,0.0
868.2790136311443,51.0,0.0
868.2805916516608,52.0,0.0
868.2825125441032,51.0,0.0
868.2843699687422,50.0,0.0
868.2969885765029,49.0,0.0
868.299931350582,48.0,0.0
868.3010983358838,47.0,0.0
868.3104606371379,48.0,0.0
868.3137697019891,49.0,0.0
868.3351298329884,48.0,0.0
868.3444318847327,49.0,0.0
868.3451603210472,50.0,0.0
868.3532514148749,51.0,0.0
868.3574101046069,50.0,0.0
868.3625500938592,49.0,0.0
868.3683764678277,48.0,0.0
868.3760202361676,49.0,0.0
868.3801765873651,50.0,0.0
868.3832791174985,51.0,0.0
868.401431440857,52.0,0.0
868.4094098366289,51.0,0.0
868.4116367029022,52.0,0.0
868.4128194949092,53.0,0.0
868.4225986065645,54.0,0.0
868.4249027008597,55.0,0.0
868.4293500390168,54.0,0.0
868.4349674559191,53.0,0.0
868.4418841135948,54.0,0.0
868.4437041356971,53.0,0.0
868.4484750648076,52.0,0.0
868.4520714229361,51.0,0.0
868.4546897749386,52.0,0.0
868.4571709094727,53.0,0.0
868.4707951685579,54.0,0.0
868.4735348363635,53.0,0.0
868.4739336657713,52.0,0.0
868.4842547860478,51.0,0.0
868.486938903224,50.0,0.0
868.4897997868563,51.0,0.0
868.4931291363105,50.0,0.0
868.4983351202812,51.0,0.0
868.5133607439262,50.0,0.0
868.5146604300605,49.0,0.0
868.516436300819,48.0,0.0
868.525039530439,47.0,0.0
868.5298627677029,46.0,0.0
868.5345264598868,47.0,0.0
868.5451669286749,46.0,0.0
868.5646613071381,45.0,0.0
868.5701116936552,44.0,0.0
868.57130331136,45.0,0.0
868.5761046816176,44.0,0.0
868.6115491662758,43.0,0.0
868.6139124093442,42.0,0.0
868.6234308555041,43.0,0.0
868.6457515579409,42.0,0.0
868.6540508377375,41.0,0.0
868.6759216368031,40.0,0.0
868.6888573439397,39.0,0.0
868.6923606147673,38.0,0.0
868.7308951056441,37.0,0.0
868.7330344926057,36.0,0.0
868.7379473101378,35.0,0.0
868.7462915647316,34.0,0.0
868.7496370651337,33.0,0.0
868.7496406585975,32.0,0.0
868.753487621879,31.0,0.0
868.7601403420058,32.0,0.0
868.7607795569036,31.0,0.0
868.761020241966,32.0,0.0
868.7724848683986,33.0,0.0
868.7736655328501,34.0,0.0
868.7990237041146,33.0,0.0
868.8105272955072,32.0,0.0
868.8125811904653,31.0,0.0
868.8132565358011,32.0,0.0
868.814119113841,31.0,0.0
868.8219344206262,32.0,0.0
868.8270175209012,31.0,0.0
868.8294347050646,32.0,0.0
868.8333532276266,31.0,0.0
868.8513254909469,30.0,0.0
868.8525329124899,31.0,0.0
868.8576469380845,30.0,0.0
868.8600263482905,29.0,0.0
868.8730494519568,30.0,0.0
868.8763277940812,29.0,0.0
868.8950052372687,30.0,0.0
868.9066550422995,29.0,0.0
868.9079239997783,30.0,0.0
868.9128917463331,31.0,0.0
868.9166589862637,30.0,0.0
868.9287699969818,29.0,0.0
868.9304365469757,30.0,0.0
868.931758478275,31.0,0.0
868.9381705030693,32.0,0.0
868.9383886669846,33.0,0.0
868.940521560469,32.0,0.0
868.9452595416611,33.0,0.0
868.9613311483392,34.0,0.0
868.9632246045019,33.0,0.0
868.9667942558949,32.0,0.0
868.9741360207352,33.0,0.0
868.9772965553788,32.0,0.0
868.9795454711905,31.0,0.0
868.9890114707772,32.0,0.0
868.9899450520386,31.0,0.0
868.9937048170558,30.0,0.0
868.995929328118,31.0,0.0
868.996685177373,30.0,0.0
868.9979731450085,29.0,0.0
869.00334261501,28.0,0.0
869.0204366155709,27.0,0.0
869.0435472244565,28.0,0.0
869.0444134243609,29.0,0.0
869.0464174646011,28.0,0.0
869.0764966503649,27.0,0.0
869.0781983391103,26.0,0.0
869.0932370650756,25.0,0.0
869.1065640267761,24.0,0.0
869.1162228524746,25.0,0.0
869.1298735176725,26.0,0.0
869.1300127938521,25.0,0.0
869.1388650622251,24.0,0.0
869.1421007767972,25.0,0.0
869.1468170943857,26.0,0.0
869.1512027941932,25.0,0.0
869.1559599242047,26.0,0.0
869.1572725072261,25.0,0.0
869.167424846494,24.0,0.0
869.168440577263,25.0,0.0
869.1736945606718,24.0,0.0
869.1751060867253,25.0,0.0
869.1805940224194,24.0,0.0
869.2085012417257,25.0,0.0
869.2125158914018,24.0,0.0
869.2142062118797,25.0,0.0
869.218639848247,26.0,0.0
869.2233571974228,25.0,0.0
869.2300280306921,24.0,0.0
869.2339511167149,23.0,0.0
869.2391841500297,24.0,0.0
869.2391935030124,23.0,0.0
869.2541325539285,22.0,0.0
869.2572750346386,21.0,0.0
869.2685809158976,20.0,0.0
869.2695335423317,19.0,0.0
869.2728466500754,18.0,0.0
869.2811982851781,17.0,0.0
869.2912130162682,16.0,0.0
869.29818839659,15.0,0.0
869.3279178848641,14.0,0.0
869.3282784926638,15.0,0.0
869.3452929677834,14.0,0.0
869.3633207370702,15.0,0.0
869.3678663162239,16.0,0.0
869.3863950730273,15.0,0.0
869.393433642877,14.0,0.0
869.4243320650829,15.0,0.0
869.4472298683877,16.0,0.0
869.4505232227204,15.0,0.0
869.4525855163397,14.0,0.0
869.4526089921125,13.0,0.0
869.4543181176666,14.0,0.0
869.4564976338478,13.0,0.0
869.4629225300826,12.0,0.0
869.4897917589669,11.0,0.0
869.4912497488813,12.0,0.0
869.4929128276486,13.0,0.0
869.5049000169554,12.0,0.0
869.506149565324,13.0,0.0
869.5139890066068,12.0,0.0
869.5222018551527,11.0,0.0
869.5349750858397,10.0,0.0
869.5359956514146,11.0,0.0
869.5442959763209,10.0,0.0
869.5471104584368,9.0,0.0
869.5527692235182,10.0,0.0
869.5748505315576,9.0,0.0
869.5824669877182,8.0,0.0
869.5911656042072,9.0,0.0
869.5944106133378,10.0,0.0
869.6021565178697,9.0,0.0
869.6070478570097,8.0,0.0
869.6124122247363,7.0,0.0
869.6277251756604,6.0,0.0
869.6310708444788,7.0,0.0
869.6316468426417,6.0,0.0
869.6469239342342,7.0,0.0
869.6517868609318,8.0,0.0
869.65573841399,7.0,0.0
869.6560394033569,6.0,0.0
869.6560668856295,7.0,0.0
869.7010193554393,8.0,0.0
869.7033699595609,7.0,0.0
869.7250033691063,8.0,0.0
869.7258736480918,9.0,0.0
869.733821306054,8.0,0.0
869.7346194094935,7.0,0.0
869.7368072193763,8.0,0.0
869.7497562391268,9.0,0.0
869.7529390252084,10.0,0.0
869.7574041431532,9.0,0.0
869.7709433286652,10.0,0.0
869.7801476749579,9.0,0.0
869.7812228004734,10.0,0.0
869.7847655686103,9.0,0.0
869.8176673634848,10.0,0.0
869.8188781894694,9.0,0.0
869.8223470550131,8.0,0.0
869.8226718570851,7.0,0.0
869.8308086659665,6.0,0.0
869.8536657934387,5.0,0.0
869.8600998648213,6.0,0.0
869.8806892961536,5.0,0.0
869.8878304843857,4.0,0.0
869.8955300255245,3.0,0.0
869.9029228200793,2.0,0.0
869.9175462603937,3.0,0.0
869.9198284125424,2.0,0.0
869.9400215083011,1.0,0.0
869.9491529707296,0.0,0.0
869.949572881871,1.0,0.0
869.9735620322816,2.0,0.0
869.9774807269116,3.0,0.0
869.9797374896486,2.0,0.0
869.9829544071856,3.0,0.0
870.0037251122876,4.0,0.0
870.0058326068806,5.0,0.0
870.0130759411118,4.0,0.0
870.0304477675803,5.0,0.0
870.0553842060302,6.0,0.0
870.097524905956,7.0,0.0
870.0990576356851,6.0,0.0
870.103391442094,7.0,0.0
870.1042364934547,6.0,0.0
870.1090040064857,5.0,0.0
870.1280756107652,4.0,0.0
870.1414591400811,3.0,0.0
870.1910905008107,2.0,0.0
870.2049768105107,1.0,0.0
870.2128507369702,2.0,0.0
870.2487847465084,1.0,0.0
870.2764068006782,0.0,0.0
870.3095715332178,1.0,0.0
870.330005479407,2.0,0.0
870.3408613398811,1.0,0.0
870.3428519889245,0.0,0.0
870.3775783096952,1.0,0.0
870.3937645128009,0.0,0.0
870.4129144300595,1.0,0.0
870.416893104631,0.0,0.0
870.4745257117328,1.0,0.0
870.4898470319332,2.0,0.0
870.5063451843739,3.0,0.0
870.5151754521559,4.0,0.0
870.5168247233249,3.0,0.0
870.5241574161857,2.0,0.0
870.5297776352039,3.0,0.0
870.5380205433374,2.0,0.0
870.5547710838184,1.0,0.0
870.5778575791861,0.0,0.0
870.6183674313137,1.0,0.0
870.6261028512293,2.0,0.0
870.6310673570964,1.0,0.0
870.6323215634924,0.0,0.0
870.6584230120426,1.0,0.0
870.66210182398,0.0,0.0
870.6901888433142,1.0,0.0
870.7059611704734,0.0,0.0
870.7262037740427,1.0,0.0
870.7305009493027,2.0,0.0
870.7352903858825,3.0,0.0
870.7513798676002,2.0,0.0
870.763024827719,3.0,0.0
870.7635309338855,2.0,0.0
870.7770210901379,1.0,0.0
870.794498475748,2.0,0.0
870.806328918867,1.0,0.0
870.8210488020758,0.0,0.0
870.8559379649076,1.0,0.0
870.8686601850995,2.0,0.0
870.9088168671888,3.0,0.0
870.9226367790563,4.0,0.0
870.9237705189812,3.0,0.0
870.9272342557476,2.0,0.0
870.946438763383,1.0,0.0
870.9467442170776,0.0,0.0
870.9629376563535,1.0,0.0
871.0009310238172,2.0,0.0
871.0230724656393,3.0,0.0
871.0276299510288,2.0,0.0
871.0315726272145,3.0,0.0
871.0746988572254,2.0,0.0
871.076307881403,1.0,0.0
871.1173673812305,2.0,0.0
871.1443042825865,1.0,0.0
871.1537581629756,0.0,0.0
871.1865297216685,1.0,0.0
871.1909472975867,2.0,0.0
871.2058284566571,3.0,0.0
871.2208644781335,4.0,0.0
871.2336931369025,3.0,0.0
871.2609282571162,2.0,0.0
871.2633433966529,1.0,0.0
871.2699050628568,2.0,0.0
871.2961998252194,1.0,0.0
871.3030253794254,0.0,0.0
871.3127453574118,1.0,0.0
871.3413595074629,0.0,0.0
871.370373331766,1.0,0.0
871.3893759130573,0.0,0.0
871.3988797639732,1.0,0.0
871.4173792354569,2.0,0.0
871.4306744162282,1.0,0.0
871.4708966321319,0.0,0.0
871.4945863755602,1.0,0.0
871.4969918914184,2.0,0.0
871.5136040505079,1.0,0.0
871.5467537358064,2.0,0.0
871.5507341599371,1.0,0.0
871.5835247903352,0.0,0.0
871.5845024807239,1.0,0.0
871.6005280533092,0.0,0.0
871.6115586006432,1.0,0.0
871.6205925953734,2.0,0.0
871.6385857708372,3.0,0.0
871.6448944018126,2.0,0.0
871.6532830944062,1.0,0.0
871.6656148391669,2.0,0.0
871.6752141371456,1.0,0.0
871.6755992181278,0.0,0.0
871.7262448285184,1.0,0.0
871.7399610010938,2.0,0.0
871.7412044597597,1.0,0.0
871.7545953318516,0.0,0.0
871.7691880117734,1.0,0.0
871.7751641758788,2.0,0.0
871.7760936479682,3.0,0.0
871.7838215637831,2.0,0.0
871.7871501591424,1.0,0.0
871.800415781873,0.0,0.0
871.8920604443136,1.0,0.0
871.8990694711111,0.0,0.0
871.9096147567078,1.0,0.0
871.9150368804911,2.0,0.0
871.9232062914901,1.0,0.0
871.938156072065,0.0,0.0
871.9621375573064,1.0,0.0
871.9881209784506,0.0,0.0
872.0608450602407,1.0,0.0
872.0841524608126,2.0,0.0
872.0881473849532,3.0,0.0
872.1036817703618,4.0,0.0
872.113575162269,3.0,0.0
872.1244527587087,2.0,0.0
872.1249845914206,1.0,0.0
872.1316027932106,0.0,0.0
872.1444054907118,1.0,0.0
872.1664974792834,0.0,0.0
872.174301409612,1.0,0.0
872.1850525861073,0.0,0.0
872.2254284350331,1.0,0.0
872.2321712836998,0.0,0.0
872.2411935741105,1.0,0.0
872.2512056985141,0.0,0.0
872.2913787143535,1.0,0.0
872.3065261832998,0.0,0.0
872.410917259571,1.0,0.0
872.418531890757,2.0,0.0
872.4208249496127,3.0,0.0
872.4230994643805,4.0,0.0
872.4244162815068,3.0,0.0
872.4355849706119,2.0,0.0
872.4466337000594,1.0,0.0
872.4477437919057,0.0,0.0
872.4785525558102,1.0,0.0
872.499244894097,0.0,0.0
872.5086089097387,1.0,0.0
872.5103741989168,0.0,0.0
872.5131854217586,1.0,0.0
872.5348413561292,2.0,0.0
872.5427661979819,1.0,0.0
872.5495238607081,0.0,0.0
872.6690116704516,1.0,0.0
872.6698424472645,0.0,0.0
872.6728018802174,1.0,0.0
872.6835318861527,2.0,0.0
872.6986041472503,1.0,0.0
872.7199878963722,2.0,0.0
872.7375456607509,1.0,0.0
872.7387100169053,0.0,0.0
872.7508079040687,1.0,0.0
872.815392456414,2.0,0.0
872.8156251314846,1.0,0.0
872.8232413677453,2.0,0.0
872.8349095764527,1.0,0.0
872.8401976944225,2.0,0.0
872.8409984286967,3.0,0.0
872.8436444061256,4.0,0.0
872.8539418057895,5.0,0.0
872.8585348395723,4.0,0.0
872.8597554013812,3.0,0.0
872.8634932443907,4.0,0.0
872.8850399103741,5.0,0.0
872.910254456358,6.0,0.0
872.9149852003654,5.0,0.0
872.9152516074388,4.0,0.0
872.9533792388322,5.0,0.0
872.953462812066,4.0,0.0
872.9565543927466,3.0,0.0
872.9582473200226,2.0,0.0
872.961496501623,3.0,0.0
872.9665748816038,4.0,0.0
872.9726889675508,3.0,0.0
872.9739442533479,2.0,0.0
872.9843057871218,1.0,0.0
872.9852951571172,0.0,0.0
872.993785608626,1.0,0.0
873.0133576187404,0.0,0.0
873.0430552852332,1.0,0.0
873.0546425728364,2.0,0.0
873.0606550268327,3.0,0.0
873.0760584992337,2.0,0.0
873.0924423811384,3.0,0.0
873.0970133640195,4.0,0.0
873.1007899890732,5.0,0.0
873.1370947639025,4.0,0.0
873.1576162674243,3.0,0.0
873.1576943146247,2.0,0.0
873.1622001514019,3.0,0.0
873.1641668140068,2.0,0.0
873.1663426857473,3.0,0.0
873.1680257489319,2.0,0.0
873.1711678427681,1.0,0.0
873.1791521293338,2.0,0.0
873.2011598404987,1.0,0.0
873.229772853094,2.0,0.0
873.2300874719203,1.0,0.0
873.231237020688,2.0,0.0
873.232350612444,1.0,0.0
873.2336672460817,0.0,0.0
873.2477871592121,1.0,0.0
873.294347491041,0.0,0.0
873.3074384701999,1.0,0.0
873.3425458501961,0.0,0.0
873.3939545943009,1.0,0.0
873.4170951888689,2.0,0.0
873.4208497065102,1.0,0.0
873.4311302687014,0.0,0.0
873.4452571057733,1.0,0.0
873.4794818265991,2.0,0.0
873.4825826128376,3.0,0.0
873.4914351989297,2.0,0.0
873.4914806258254,3.0,0.0
873.4932463386913,2.0,0.0
873.4986122628321,1.0,0.0
873.5012907600852,2.0,0.0
873.5058664991197,3.0,0.0
873.510471835601,2.0,0.0
873.5169727844537,1.0,0.0
873.5362790155667,0.0,0.0
873.5525618525867,1.0,0.0
873.5527251902429,2.0,0.0
873.5549421628631,1.0,0.0
873.563201817041,0.0,0.0
873.5704110740201,1.0,0.0
873.5866629200942,2.0,0.0
873.5915963572535,1.0,0.0
873.59408241442,0.0,0.0
873.6008189420626,1.0,0.0
873.6349744127791,0.0,0.0
873.6393896476387,1.0,0.0
873.6760394688703,2.0,0.0
873.6763294542424,3.0,0.0
873.6872262616102,2.0,0.0
873.7235819766008,1.0,0.0
873.7302846602352,2.0,0.0
873.7630532077386,1.0,0.0
873.7673939041237,0.0,0.0
873.7839277642292,1.0,0.0
873.786232059943,0.0,0.0
873.7993845787611,1.0,0.0
873.802635394831,0.0,0.0
873.8528989740905,1.0,0.0
873.8553251861902,0.0,0.0
873.8642801255836,1.0,0.0
873.8742380908667,0.0,0.0
873.8864243194199,1.0,0.0
873.8875711457316,2.0,0.0
873.894732694438,1.0,0.0
873.9112623979266,2.0,0.0
873.9135412694843,1.0,0.0
873.9211274124426,0.0,0.0
873.9249384790616,1.0,0.0
873.9802267718392,0.0,0.0
874.0039288357608,1.0,0.0
874.0093250061647,0.0,0.0
874.0435324250776,1.0,0.0
874.0819863865096,2.0,0.0
874.0880334198498,3.0,0.0
874.0941233228461,2.0,0.0
874.1002503441777,1.0,0.0
874.10926100897,0.0,0.0
874.128237561124,1.0,0.0
874.1393075479175,0.0,0.0
874.1594416842287,1.0,0.0
874.1636613099621,2.0,0.0
874.1673521282308,1.0,0.0
874.2264515475379,2.0,0.0
874.2266852782817,3.0,0.0
874.2277336054759,2.0,0.0
874.2368909010644,1.0,0.0
874.2582122274399,0.0,0.0
874.2728278964736,1.0,0.0
874.2895500735935,0.0,0.0
874.3329434750563,1.0,0.0
874.3346121555828,0.0,0.0
874.3407629218954,1.0,0.0
874.3408918641123,2.0,0.0
874.3419586570521,3.0,0.0
874.350162344035,4.0,0.0
874.353730677458,5.0,0.0
874.3546489016541,4.0,0.0
874.3558797774327,5.0,0.0
874.3594932426472,6.0,0.0
874.3882781945314,7.0,0.0
874.390555030822,6.0,0.0
874.4069433726494,5.0,0.0
874.4162666842063,4.0,0.0
874.4188202409672,3.0,0.0
874.4209795341601,4.0,0.0
874.4227548754059,3.0,0.0
874.4330264992647,4.0,0.0
874.4336864064438,3.0,0.0
874.4466971578703,4.0,0.0
874.4469292066788,5.0,0.0
874.4535690356025,4.0,0.0
874.4600699748504,5.0,0.0
874.4659927154381,4.0,0.0
874.4731580367429,5.0,0.0
874.4814942215804,6.0,0.0
874.4816473312187,7.0,0.0
874.489228375492,8.0,0.0
874.4918698022833,7.0,0.0
874.4964153179862,6.0,0.0
874.5060492876477,5.0,0.0
874.508659694648,6.0,0.0
874.5129402015262,5.0,0.0
874.5226663522834,4.0,0.0
874.5342965978712,3.0,0.0
874.5382053959553,4.0,0.0
874.5447138301253,3.0,0.0
874.5456749020533,2.0,0.0
874.5500841915505,3.0,0.0
874.5522212438885,4.0,0.0
874.5657154280929,5.0,0.0
874.5672222836292,4.0,0.0
874.5693753978779,5.0,0.0
874.5709738509404,4.0,0.0
874.5753260170952,5.0,0.0
874.5943040497009,4.0,0.0
874.5987157757229,3.0,0.0
874.6005574918939,2.0,0.0
874.6017399134496,3.0,0.0
874.6045100759482,4.0,0.0
874.6134909540715,5.0,0.0
874.6186428932477,4.0,0.0
874.6201636011293,3.0,0.0
874.6205316893471,2.0,0.0
874.6369985341248,3.0,0.0
874.6404907971831,2.0,0.0
874.6411616407885,3.0,0.0
874.664477685869,2.0,0.0
874.6772005403722,3.0,0.0
874.6779212519259,4.0,0.0
874.6810647511003,5.0,0.0
874.6822761455493,4.0,0.0
874.6933382164765,3.0,0.0
874.6933691532093,4.0,0.0
874.7000315841676,3.0,0.0
874.7042172991456,4.0,0.0
874.7095019039069,3.0,0.0
874.7161917433563,4.0,0.0
874.7203326528205,5.0,0.0
874.7305447461724,6.0,0.0
874.7317470552196,5.0,0.0
874.7429700355625,6.0,0.0
874.7549305451605,5.0,0.0
874.7630049614176,6.0,0.0
874.7634691880262,7.0,0.0
874.7705481725342,8.0,0.0
874.7942546097422,9.0,0.0
874.8037283958521,8.0,0.0
874.811300477119,9.0,0.0
874.8115989974566,8.0,0.0
874.8277910371738,9.0,0.0
874.8349415858419,10.0,0.0
874.8356644333178,11.0,0.0
874.8356957134503,10.0,0.0
874.8396686953182,11.0,0.0
874.8420585448688,12.0,0.0
874.85078430251,13.0,0.0
874.8626009084725,14.0,0.0
874.8632719386796,15.0,0.0
874.872704599801,14.0,0.0
874.8809020852817,13.0,0.0
874.8895568445391,14.0,0.0
874.8931552412031,13.0,0.0
874.8970932072392,12.0,0.0
874.897389780788,11.0,0.0
874.898974040442,10.0,0.0
874.8999450760061,11.0,0.0
874.9018012528877,10.0,0.0
874.9088534085585,9.0,0.0
874.9440608459661,8.0,0.0
874.9602288423074,7.0,0.0
874.9609686518281,6.0,0.0
874.9617992344739,5.0,0.0
874.9731540547798,4.0,0.0
874.9774714257704,5.0,0.0
874.9943546049856,6.0,0.0
874.9963292010309,7.0,0.0
875.0110120118336,6.0,0.0
875.0132686582587,7.0,0.0
875.027901238243,8.0,0.0
875.0285902415038,9.0,0.0
875.0408051954087,10.0,0.0
875.044376041012,11.0,0.0
875.050894317948,12.0,0.0
875.0532058013845,13.0,0.0
875.0651392542254,12.0,0.0
875.0679971932965,11.0,0.0
875.0696352055644,12.0,0.0
875.0727498317941,11.0,0.0
875.0853982352954,10.0,0.0
875.091084864777,11.0,0.0
875.0942694571131,10.0,0.0
875.0999668716549,11.0,0.0
875.101303227162,12.0,0.0
875.1135159519778,11.0,0.0
875.1288399737248,10.0,0.0
875.1298379680225,9.0,0.0
875.1351005471387,8.0,0.0
875.1357909920036,7.0,0.0
875.145087036698,6.0,0.0
875.157733713622,5.0,0.0
875.1631968337673,4.0,0.0
875.1665825720032,3.0,0.0
875.1679886042915,2.0,0.0
875.1805167747689,3.0,0.0
875.184704690804,2.0,0.0
875.2006252181637,1.0,0.0
875.2038317288267,0.0,0.0
875.2168821628043,1.0,0.0
875.2190069827176,2.0,0.0
875.2257277975301,3.0,0.0
875.2374771134778,4.0,0.0
875.2394795331023,3.0,0.0
875.2428960344539,2.0,0.0
875.24787286487,3.0,0.0
875.2533288258388,2.0,0.0
875.2682145708874,3.0,0.0
875.2897179872235,4.0,0.0
875.290779102467,3.0,0.0
875.3044383317397,4.0,0.0
875.3044968266121,5.0,0.0
875.3109952441617,6.0,0.0
875.3119882553766,7.0,0.0
875.3128489666427,8.0,0.0
875.3222033211148,9.0,0.0
875.327293881498,10.0,0.0
875.3299931375843,11.0,0.0
875.3392131111464,10.0,0.0
875.3628174139282,11.0,0.0
875.3662016470386,12.0,0.0
875.3709155428279,13.0,0.0
875.3806465971694,14.0,0.0
875.3822464685439,15.0,0.0
875.3852094001089,16.0,0.0
875.3886360381227,15.0,0.0
875.394887253789,14.0,0.0
875.3972033501826,13.0,0.0
875.3975164217483,12.0,0.0
875.4013661380184,13.0,0.0
875.402873362799,14.0,0.0
875.4073632860706,13.0,0.0
875.4137264305048,14.0,0.0
875.4238923824282,15.0,0.0
875.4309269423248,16.0,0.0
875.4436795904702,15.0,0.0
875.4470960748243,16.0,0.0
875.4516478778359,15.0,0.0
875.4542335457595,14.0,0.0
875.4585911981086,15.0,0.0
875.4600042729451,14.0,0.0
875.4606633046558,13.0,0.0
875.4635837761627,12.0,0.0
875.4663221626648,11.0,0.0
875.4748635276976,10.0,0.0
875.4779500824892,9.0,0.0
875.4851359134362,8.0,0.0
875.4900065133302,9.0,0.0
875.4903182116377,8.0,0.0
875.4935214956447,9.0,0.0
875.4979652530351,8.0,0.0
875.4992335236807,7.0,0.0
875.5113398288402,8.0,0.0
875.5125648545961,7.0,0.0
875.5272065080605,8.0,0.0
875.5483213075842,9.0,0.0
875.5497651867636,10.0,0.0
875.5540595930405,11.0,0.0
875.5876762885009,10.0,0.0
875.5887134952156,9.0,0.0
875.6069740175317,10.0,0.0
875.6199573295659,9.0,0.0
875.6207766069452,8.0,0.0
875.6209604341389,7.0,0.0
875.6218262465926,6.0,0.0
875.6257598139284,7.0,0.0
875.6278997745777,8.0,0.0
875.6279021407739,7.0,0.0
875.6292848327653,8.0,0.0
875.6413305364716,9.0,0.0
875.6427669443442,10.0,0.0
875.6609155476033,9.0,0.0
875.6683969736112,10.0,0.0
875.6706941203159,9.0,0.0
875.6733542416727,10.0,0.0
875.6775496318486,11.0,0.0
875.6946709202214,10.0,0.0
875.7010855321024,11.0,0.0
875.7044535235648,12.0,0.0
875.7310656081503,13.0,0.0
875.7360961389976,12.0,0.0
875.7395088678334,13.0,0.0
875.7406258438284,14.0,0.0
875.7475586204856,13.0,0.0
875.74785649148,14.0,0.0
875.7485665387229,13.0,0.0
875.7504856372503,12.0,0.0
875.7584308209424,13.0,0.0
875.7607009780759,14.0,0.0
875.7806472998574,13.0,0.0
875.7824363572626,12.0,0.0
875.7829798241901,11.0,0.0
875.7857864645958,12.0,0.0
875.7889125935553,11.0,0.0
875.7946665292872,10.0,0.0
875.797440828371,11.0,0.0
875.8029411275238,12.0,0.0
875.8044078723268,11.0,0.0
875.8116130173119,12.0,0.0
875.8135800086457,11.0,0.0
875.8233751440911,10.0,0.0
875.8249029547103,9.0,0.0
875.8387655599179,10.0,0.0
875.8443961582894,9.0,0.0
875.849423090551,8.0,0.0
875.8524364435441,9.0,0.0
875.8626306645377,8.0,0.0
875.8657003245912,9.0,0.0
875.8727384771842,10.0,0.0
875.891073719044,9.0,0.0
875.894550038457,10.0,0.0
875.8954241041279,11.0,0.0
875.911451734985,12.0,0.0
875.912559891486,13.0,0.0
875.9160616180212,12.0,0.0
875.938531480171,13.0,0.0
875.940309572963,12.0,0.0
875.9429701751493,13.0,0.0
875.9459330477132,14.0,0.0
875.9582182142237,13.0,0.0
875.9608010141096,14.0,0.0
875.9640212753665,15.0,0.0
875.9671490996477,16.0,0.0
875.9674746508151,17.0,0.0
875.9762554663894,16.0,0.0
875.9814857245859,15.0,0.0
875.9944164305174,14.0,0.0
875.9946196610332,15.0,0.0
876.0031341159499,16.0,0.0
876.0176698176372,17.0,0.0
876.0195779723838,18.0,0.0
876.0200431943928,17.0,0.0
876.0230004509352,18.0,0.0
876.023006277074,17.0,0.0
876.0256492751098,18.0,0.0
876.0265540165458,17.0,0.0
876.0265991659545,16.0,0.0
876.0343183033978,15.0,0.0
876.0473769515273,14.0,0.0
876.0493215533039,13.0,0.0
876.0524015391064,14.0,0.0
876.0550653329382,15.0,0.0
876.0668177552741,14.0,0.0
876.075140614563,13.0,0.0
876.0925828698774,14.0,0.0
876.0983922675421,15.0,0.0
876.0989154876096,16.0,0.0
876.1057942031207,15.0,0.0
876.1071951651605,14.0,0.0
876.1120698103933,15.0,0.0
876.1162839892434,16.0,0.0
876.125396745574,17.0,0.0
876.1287039664991,18.0,0.0
876.1390869538141,17.0,0.0
876.1391074273089,18.0,0.0
876.1532129005519,19.0,0.0
876.153999917779,20.0,0.0
876.1611129347182,21.0,0.0
876.161404649865,22.0,0.0
876.162685662684,21.0,0.0
876.1645623881288,22.0,0.0
876.1763534599839,23.0,0.0
876.1769436133785,24.0,0.0
876.1780363702046,25.0,0.0
876.178744391789,24.0,0.0
876.1799008009829,23.0,0.0
876.1822314555163,24.0,0.0
876.1825929543953,25.0,0.0
876.1840248275206,26.0,0.0
876.1878899921707,27.0,0.0
876.1881607321758,28.0,0.0
876.1951668003704,29.0,0.0
876.2075601662101,28.0,0.0
876.2174389864157,29.0,0.0
876.227446674207,30.0,0.0
876.2351415350809,29.0,0.0
876.2433011004905,28.0,0.0
876.2489606299268,29.0,0.0
876.257198564784,28.0,0.0
876.2595133887394,27.0,0.0
876.2596195310283,28.0,0.0
876.2741173875279,27.0,0.0
876.2772037216765,28.0,0.0
876.2787115367115,29.0,0.0
876.2851463661628,28.0,0.0
876.292859561312,27.0,0.0
876.2939265034468,28.0,0.0
876.2974437644655,27.0,0.0
876.3023187635486,26.0,0.0
876.3051833185747,25.0,0.0
876.3148619417467,24.0,0.0
876.3168880355422,25.0,0.0
876.3175450696618,26.0,0.0
876.3248873281391,27.0,0.0
876.3295437586539,26.0,0.0
876.3295540009824,25.0,0.0
876.3307769489842,26.0,0.0
876.3332055395746,27.0,0.0
876.3363449069218,28.0,0.0
876.3412544901888,29.0,0.0
876.3450005017378,30.0,0.0
876.3519958130927,31.0,0.0
876.3640495762652,32.0,0.0
876.3724732075682,33.0,0.0
876.3736560460319,34.0,0.0
876.375180389168,35.0,0.0
876.3768431003231,36.0,0.0
876.3903363083383,37.0,0.0
876.4016646202593,36.0,0.0
876.4017694252315,37.0,0.0
876.4059747991848,38.0,0.0
876.4066463360376,37.0,0.0
876.4113421309976,36.0,0.0
876.4141542328979,37.0,0.0
876.4252229224895,36.0,0.0
876.4302420150497,37.0,0.0
876.4353914517492,38.0,0.0
876.4362523997615,37.0,0.0
876.4378778441751,36.0,0.0
876.4433176980157,35.0,0.0
876.4461924473669,34.0,0.0
876.4483047573086,35.0,0.0
876.4566132328738,36.0,0.0
876.4634836604561,37.0,0.0
876.466960150989,38.0,0.0
876.4684501279124,39.0,0.0
876.4761327886553,40.0,0.0
876.4771029473808,41.0,0.0
876.4839159108885,42.0,0.0
876.4888232933803,41.0,0.0
876.5057347632546,42.0,0.0
876.5149945302987,43.0,0.0
876.5153613638969,44.0,0.0
876.5181155340862,45.0,0.0
876.5224893901914,46.0,0.0
876.5233665843016,45.0,0.0
876.5238320172955,46.0,0.0
876.5291338791228,45.0,0.0
876.5301366996356,46.0,0.0
876.5322304914463,47.0,0.0
876.5379195382933,48.0,0.0
876.5566254618029,49.0,0.0
876.5697541418974,48.0,0.0
876.5875490918684,47.0,0.0
876.588584375159,46.0,0.0
876.589003820611,47.0,0.0
876.5905580245752,48.0,0.0
876.5934787951526,49.0,0.0
876.6027730164135,48.0,0.0
876.6027802057567,49.0,0.0
876.6070690357732,50.0,0.0
876.6079643267764,51.0,0.0
876.6097668013448,50.0,0.0
876.6207128646251,49.0,0.0
876.6217976445445,48.0,0.0
876.6256292483966,47.0,0.0
876.6273495810781,48.0,0.0
876.6286469713909,47.0,0.0
876.6319219475732,46.0,0.0
876.6472545498618,47.0,0.0
876.6485418888803,46.0,0.0
876.6532242740213,45.0,0.0
876.6550957172469,44.0,0.0
876.6581301885459,45.0,0.0
876.6816993982602,44.0,0.0
876.687721633893,45.0,0.0
876.6881255965728,46.0,0.0
876.6882439103612,45.0,0.0
876.688415144152,44.0,0.0
876.6934613408581,45.0,0.0
876.6946804233963,46.0,0.0
876.6966801849239,47.0,0.0
876.6978407937937,46.0,0.0
876.7019334011671,47.0,0.0
876.7047866063988,46.0,0.0
876.7099195102442,45.0,0.0
876.7120590210977,44.0,0.0
876.7129190411263,43.0,0.0
876.7139568187187,44.0,0.0
876.7145047202392,43.0,0.0
876.7163264152258,42.0,0.0
876.7163539725452,43.0,0.0
876.7230044272853,42.0,0.0
876.7366361673778,43.0,0.0
876.7402702710734,44.0,0.0
876.7464520880533,45.0,0.0
876.7532828969655,44.0,0.0
876.7585561151861,45.0,0.0
876.7585860295355,46.0,0.0
876.7651374593449,47.0,0.0
876.7664460578657,48.0,0.0
876.7674710731058,47.0,0.0
876.7727463771995,48.0,0.0
876.7745724983577,49.0,0.0
876.7747089396922,48.0,0.0
876.7754687024349,49.0,0.0
876.7842188646608,50.0,0.0
876.7844907343751,49.0,0.0
876.7915924489846,48.0,0.0
876.7977273718006,47.0,0.0
876.7977730077979,48.0,0.0
876.7993023744372,47.0,0.0
876.801678052746,48.0,0.0
876.8063144495318,49.0,0.0
876.8114084449435,50.0,0.0
876.8202535860918,51.0,0.0
876.824400607533,50.0,0.0
876.8325771481996,49.0,0.0
876.8330931413226,50.0,0.0
876.8361921635702,51.0,0.0
876.8395731281909,52.0,0.0
876.8515029552141,51.0,0.0
876.8558971549235,50.0,0.0
876.860927885257,51.0,0.0
876.8627259675163,50.0,0.0
876.8661952123073,51.0,0.0
876.8733343237128,52.0,0.0
876.8822715603005,51.0,0.0
876.8869117885546,50.0,0.0
876.8972637373153,51.0,0.0
876.9013633455965,50.0,0.0
876.9181133953105,49.0,0.0
876.9191110569888,50.0,0.0
876.924168506091,49.0,0.0
876.9281590203823,50.0,0.0
876.9284539010858,49.0,0.0
876.9290207895048,50.0,0.0
876.9390631086784,51.0,0.0
876.9537186767845,52.0,0.0
876.9617214183354,53.0,0.0
876.9728463890686,54.0,0.0
876.9754006888487,53.0,0.0
876.9762620622753,52.0,0.0
876.9776855430972,53.0,0.0
876.9869840908345,54.0,0.0
876.9921052316238,55.0,0.0
876.9931275266049,56.0,0.0
876.9958542567798,55.0,0.0
876.9966759399534,56.0,0.0
877.0006315442866,57.0,0.0
877.0053483106094,58.0,0.0
877.0088861116857,57.0,0.0
877.0183331386055,56.0,0.0
877.0190624832726,55.0,0.0
877.0203512588309,56.0,0.0
877.0258980485465,55.0,0.0
877.0283504479811,54.0,0.0
877.039034534954,55.0,0.0
877.0425633608717,56.0,0.0
877.054366834956,57.0,0.0
877.058800119496,58.0,0.0
877.0744508241144,59.0,0.0
877.0780206985826,60.0,0.0
877.0951252251964,61.0,0.0
877.0969646680043,60.0,0.0
877.0997604881982,61.0,0.0
877.1207661924708,62.0,0.0
877.1251146062235,61.0,0.0
877.1256126909166,60.0,0.0
877.1364928363543,61.0,0.0
877.1392541452027,62.0,0.0
877.142075018065,61.0,0.0
877.1445848300446,62.0,0.0
877.1472438273403,63.0,0.0
877.1509852701724,64.0,0.0
877.1616094528451,65.0,0.0
877.1626580159902,66.0,0.0
877.1643228524638,65.0,0.0
877.1711746996559,64.0,0.0
877.1738685038962,65.0,0.0
877.1772230147623,66.0,0.0
877.1838038324684,67.0,0.0
877.1856477091226,68.0,0.0
877.1956421295145,69.0,0.0
877.198870690557,68.0,0.0
877.1993230170904,69.0,0.0
877.2010514299319,70.0,0.0
877.2013694109617,69.0,0.0
877.2092199234868,68.0,0.0
877.2116563906566,69.0,0.0
877.2116647054369,68.0,0.0
877.2125247664808,69.0,0.0
877.2129021710703,68.0,0.0
877.2129757640552,67.0,0.0
877.214390240745,68.0,0.0
877.2312742048457,69.0,0.0
877.2430318657399,70.0,0.0
877.2445271595441,71.0,0.0
877.2496844714046,70.0,0.0
877.2508054448524,69.0,0.0
877.2522849374686,70.0,0.0
877.2531553548916,69.0,0.0
877.255452005122,70.0,0.0
877.2565857015718,71.0,0.0
877.257610042581,70.0,0.0
877.2620337377535,69.0,0.0
877.2755213177085,70.0,0.0
877.2840952093092,69.0,0.0
877.2925913104491,70.0,0.0
877.2948078200258,69.0,0.0
877.2954405725663,70.0,0.0
877.3008339069336,69.0,0.0
877.301859566654,70.0,0.0
877.3076988034495,71.0,0.0
877.3092931620585,70.0,0.0
877.3212540056543,71.0,0.0
877.3348412032226,72.0,0.0
877.3443003871164,71.0,0.0
877.3469490596182,70.0,0.0
877.3470650235805,71.0,0.0
877.3493658238835,70.0,0.0
877.3538386718471,69.0,0.0
877.354037429382,70.0,0.0
877.3561258304471,71.0,0.0
877.3623153102061,70.0,0.0
877.3626493484012,69.0,0.0
877.3644806788557,70.0,0.0
877.3665231716406,71.0,0.0
877.3814808080532,72.0,0.0
877.3819737798285,73.0,0.0
877.3822523200433,74.0,0.0
877.3919161092723,73.0,0.0
877.3920310428333,74.0,0.0
877.3928580711591,73.0,0.0
877.3977780293594,74.0,0.0
877.3990179535971,73.0,0.0
877.3995480907314,72.0,0.0
877.4040864502851,73.0,0.0
877.4086278287981,74.0,0.0
877.4094555268513,75.0,0.0
877.414196777124,76.0,0.0
877.415667484194,75.0,0.0
877.4163535180868,76.0,0.0
877.4319087883609,75.0,0.0
877.4342864649143,76.0,0.0
877.4363450432511,77.0,0.0
877.4378013474952,76.0,0.0
877.448641523108,77.0,0.0
877.4634447800437,78.0,0.0
877.4693708795119,79.0,0.0
877.4697659062268,80.0,0.0
877.4801311733532,79.0,0.0
877.4841168780151,80.0,0.0
877.4845492622845,79.0,0.0
877.4992372987548,80.0,0.0
877.5027519951456,81.0,0.0
877.5039639513819,82.0,0.0
877.5124561792021,81.0,0.0
877.5139062375849,82.0,0.0
877.5182793613842,83.0,0.0
877.5237443730223,84.0,0.0
877.5256088238783,83.0,0.0
877.5274878191619,84.0,0.0
877.528143144454,85.0,0.0
877.5287491329623,86.0,0.0
877.5307232654667,87.0,0.0
877.5324906342918,88.0,0.0
877.5343208746792,89.0,0.0
877.5351765303515,90.0,0.0
877.5464575074442,91.0,0.0
877.5489274843372,90.0,0.0
877.552729663298,89.0,0.0
877.5529834294238,88.0,0.0
877.5583712851525,87.0,0.0
877.5587972864189,88.0,0.0
877.5608552898753,87.0,0.0
877.5671913933542,88.0,0.0
877.5689598879064,89.0,0.0
877.5757907831395,88.0,0.0
877.5772216923821,89.0,0.0
877.5818065067436,88.0,0.0
877.5865159381092,89.0,0.0
877.5905117087257,88.0,0.0
877.5997388264918,87.0,0.0
877.6017587676646,86.0,0.0
877.6048888762679,87.0,0.0
877.6056987803241,88.0,0.0
877.6108037910574,87.0,0.0
877.6159755700623,86.0,0.0
877.6204736817854,87.0,0.0
877.6221526566748,86.0,0.0
877.6240087050724,85.0,0.0
877.6256569606485,86.0,0.0
877.6290212175966,87.0,0.0
877.631302299155,88.0,0.0
877.6334671746483,89.0,0.0
877.6350355921419,88.0,0.0
877.638345665076,89.0,0.0
877.6455434199086,90.0,0.0
877.6460676909556,91.0,0.0
877.6491946569544,92.0,0.0
877.6530876567417,93.0,0.0
877.6533247407281,94.0,0.0
877.6551835784448,93.0,0.0
877.6701096425921,94.0,0.0
877.6795924234169,95.0,0.0
877.686733297085,96.0,0.0
877.6924297894844,97.0,0.0
877.7093926674492,98.0,0.0
877.7096172818564,99.0,0.0
877.7197382049542,100.0,0.0
877.7226979055457,99.0,0.0
877.7247717012817,100.0,0.0
877.7264869411755,101.0,0.0
877.7281944234584,102.0,0.0
877.7462097276148,101.0,0.0
877.7491660384281,100.0,0.0
877.7506087526589,99.0,0.0
877.7541934222693,100.0,0.0
877.7565728270362,101.0,0.0
877.7650789238951,102.0,0.0
877.768958922218,103.0,0.0
877.7692876113216,102.0,0.0
877.7711223370143,103.0,0.0
877.7813849004795,104.0,0.0
877.7854672174763,105.0,0.0
877.7866500284425,106.0,0.0
877.805268424182,107.0,0.0
877.8078336648093,106.0,0.0
877.8084795774901,105.0,0.0
877.8134010267918,106.0,0.0
877.8196034392647,107.0,0.0
877.8366756154863,106.0,0.0
877.8501043169308,105.0,0.0
877.8582372314239,106.0,0.0
877.8603591716679,105.0,0.0
877.8618049760023,104.0,0.0
877.8649522832621,105.0,0.0
877.8737862917325,104.0,0.0
877.8778386063115,105.0,0.0
877.8817917763558,104.0,0.0
877.8865694478699,103.0,0.0
877.8914374886359,104.0,0.0
877.8949520833203,105.0,0.0
877.8949988318717,106.0,0.0
877.9187720637474,105.0,0.0
877.9244839961268,104.0,0.0
877.9337738760336,105.0,0.0
877.9342561999397,104.0,0.0
877.9549267296246,105.0,0.0
877.9589701867814,104.0,0.0
877.9667244295092,105.0,0.0
877.9759493724172,104.0,0.0
877.9861045996892,105.0,0.0
877.9939573928257,104.0,0.0
878.002540305907,105.0,0.0
878.0091649793135,104.0,0.0
878.0109334536011,103.0,0.0
878.0111189138877,104.0,0.0
878.0165063836961,105.0,0.0
878.0297077500422,104.0,0.0
878.0422936364706,103.0,0.0
878.0440685842132,104.0,0.0
878.0549342556111,105.0,0.0
878.0625330711705,106.0,0.0
878.0638078641189,105.0,0.0
878.0641060289314,106.0,0.0
878.0642501263,107.0,0.0
878.0670036917854,108.0,0.0
878.0728208824743,107.0,0.0
878.079513776019,108.0,0.0
878.0933860754275,109.0,0.0
878.0984330645719,108.0,0.0
878.1045687510436,109.0,0.0
878.1065387503498,110.0,0.0
878.1078492169551,109.0,0.0
878.1163049080842,110.0,0.0
878.1197865915449,111.0,0.0
878.1204409155024,112.0,0.0
878.1278024615092,111.0,0.0
878.1294780109708,112.0,0.0
878.1313337535107,113.0,0.0
878.1347665590041,114.0,0.0
878.1388586123743,115.0,0.0
878.1509602730018,114.0,0.0
878.1622893463708,113.0,0.0
878.1678657654234,112.0,0.0
878.1804091635595,113.0,0.0
878.1826278752524,112.0,0.0
878.1838300472049,111.0,0.0
878.1840758741558,112.0,0.0
878.185084980168,111.0,0.0
878.1924696434696,110.0,0.0
878.199301465619,109.0,0.0
878.2020346457058,108.0,0.0
878.2034989869992,107.0,0.0
878.2058723977419,108.0,0.0
878.2192675982158,109.0,0.0
878.2195295091497,110.0,0.0
878.227722055164,109.0,0.0
878.2278842526325,108.0,0.0
878.2327656525802,109.0,0.0
878.2342708577015,110.0,0.0
878.2405560258084,111.0,0.0
878.2408980670906,110.0,0.0
878.2453838864232,109.0,0.0
878.2456079908068,108.0,0.0
878.2500364524006,109.0,0.0
878.2519260250776,108.0,0.0
878.2619385523338,109.0,0.0
878.2627244623587,110.0,0.0
878.2668045299325,111.0,0.0
878.2741713172205,112.0,0.0
878.2750858124381,113.0,0.0
878.2791121141832,114.0,0.0
878.2791441949457,113.0,0.0
878.2835426906968,114.0,0.0
878.2904719612148,115.0,0.0
878.2960586944273,116.0,0.0
878.2984684852806,115.0,0.0
878.304153821156,114.0,0.0
878.3054620524236,115.0,0.0
878.3060822452724,114.0,0.0
878.3117047466114,115.0,0.0
878.3164525040849,116.0,0.0
878.3175756181535,117.0,0.0
878.3291064723862,118.0,0.0
878.3351662797797,119.0,0.0
878.3354383701952,120.0,0.0
878.3403320550682,121.0,0.0
878.3422174635257,122.0,0.0
878.3442349726284,121.0,0.0
878.3448570134939,120.0,0.0
878.3478862706295,121.0,0.0
878.3522634185215,122.0,0.0
878.3529565092258,123.0,0.0
878.3572707600772,124.0,0.0
878.3596715510416,125.0,0.0
878.3599616528168,124.0,0.0
878.3619463799531,125.0,0.0
878.3681162472184,126.0,0.0
878.3749519307592,127.0,0.0
878.3754786868027,126.0,0.0
878.3788158225731,125.0,0.0
878.381717302437,126.0,0.0
878.3834949617853,127.0,0.0
878.392118958345,128.0,0.0
878.3938144832067,127.0,0.0
878.3949464696433,128.0,0.0
878.3997721687501,129.0,0.0
878.4050892580185,130.0,0.0
878.4060387669634,131.0,0.0
878.4066153733459,132.0,0.0
878.4082958481594,131.0,0.0
878.4127542333912,132.0,0.0
878.4196055672661,133.0,0.0
878.4220817075803,132.0,0.0
878.4256203851966,133.0,0.0
878.4276488817636,134.0,0.0
878.4309785733126,135.0,0.0
878.4325995739147,136.0,0.0
878.4429915462138,135.0,0.0
878.4466502048818,134.0,0.0
878.4475403882859,135.0,0.0
878.4478192142486,136.0,0.0
878.4498454240553,137.0,0.0
878.4520836454793,138.0,0.0
878.4686199757373,137.0,0.0
878.4688059786563,138.0,0.0
878.469707187215,137.0,0.0
878.4711567600978,136.0,0.0
878.4711936617147,137.0,0.0
878.4715942662326,138.0,0.0
878.4752892771874,139.0,0.0
878.4759726814727,138.0,0.0
878.4779670129774,137.0,0.0
878.4808692133606,138.0,0.0
878.4835419460017,139.0,0.0
878.5046487524713,140.0,0.0
878.5076324535988,139.0,0.0
878.516197548397,140.0,0.0
878.5243020498285,141.0,0.0
878.5383238045771,140.0,0.0
878.5384354294044,141.0,0.0
878.5412041050464,140.0,0.0
878.546830013996,139.0,0.0
878.5546491212683,138.0,0.0
878.5566092967929,139.0,0.0
878.5772630880583,140.0,0.0
878.5772759123474,141.0,0.0
878.5831269779993,140.0,0.0
878.5926757643483,141.0,0.0
878.5931089304528,140.0,0.0
878.5984957289693,141.0,0.0
878.6011883364025,142.0,0.0
878.6027632077046,143.0,0.0
878.6063423491975,144.0,0.0
878.618069347193,143.0,0.0
878.6185647972363,142.0,0.0
878.6271630312225,143.0,0.0
878.6370542953805,144.0,0.0
878.6378793660753,145.0,0.0
878.63868503526,146.0,0.0
878.6394802185059,147.0,0.0
878.6448842208597,148.0,0.0
878.6550205531825,149.0,0.0
878.6615992087327,150.0,0.0
878.6681253986959,149.0,0.0
878.6717456301211,150.0,0.0
878.6728518329367,151.0,0.0
878.6754551320824,150.0,0.0
878.676464088974,151.0,0.0
878.686609309432,150.0,0.0
878.6886448704072,149.0,0.0
878.6972341007984,148.0,0.0
878.69973222531,149.0,0.0
878.7029967472041,148.0,0.0
878.7067337203919,149.0,0.0
878.7130141953375,148.0,0.0
878.7163306507515,149.0,0.0
878.736389219042,148.0,0.0
878.7372146840665,149.0,0.0
878.7429439168797,148.0,0.0
878.7438333658413,147.0,0.0
878.7452571151196,148.0,0.0
878.7470330686568,147.0,0.0
878.749924449854,148.0,0.0
878.7560395894361,147.0,0.0
878.7575428922866,148.0,0.0
878.7659362213325,149.0,0.0
878.7753469280987,148.0,0.0
878.7776190695934,149.0,0.0
878.7810599769516,148.0,0.0
878.7865600724256,149.0,0.0
878.7916366795649,150.0,0.0
878.7923239561957,151.0,0.0
878.7978704506602,152.0,0.0
878.8034584340413,151.0,0.0
878.8046654614056,152.0,0.0
878.8056369623152,151.0,0.0
878.8063472114412,150.0,0.0
878.8089979795491,151.0,0.0
878.8124892786515,150.0,0.0
878.8162018564477,151.0,0.0
878.817351670898,152.0,0.0
878.8252630467179,151.0,0.0
878.8414851873168,150.0,0.0
878.8425413168811,149.0,0.0
878.8478608848598,150.0,0.0
878.8482142333543,151.0,0.0
878.8507737395726,152.0,0.0
878.854755950399,153.0,0.0
878.8550105603467,154.0,0.0
878.8695384504499,155.0,0.0
878.8802196072595,156.0,0.0
878.8870695962097,157.0,0.0
878.8975268619574,158.0,0.0
878.8986252771028,157.0,0.0
878.9012507202566,158.0,0.0
878.9020022999155,157.0,0.0
878.9102547027217,156.0,0.0
878.9169291311873,155.0,0.0
878.9224579153671,154.0,0.0
878.9250725267212,155.0,0.0
878.926653484907,156.0,0.0
878.9270167640219,155.0,0.0
878.9338796319619,154.0,0.0
878.935664181426,153.0,0.0
878.938980031736,154.0,0.0
878.9394812593376,153.0,0.0
878.9443661566745,154.0,0.0
878.9490305046597,155.0,0.0
878.9504457853507,156.0,0.0
878.9558519751475,157.0,0.0
878.9586701083226,158.0,0.0
878.9598284472038,157.0,0.0
878.9670473640873,158.0,0.0
878.9697135378493,159.0,0.0
878.9732944697598,160.0,0.0
878.9769194847017,161.0,0.0
878.9883195584421,162.0,0.0
878.9979290462496,161.0,0.0
879.0093257818294,160.0,0.0
879.0120008737597,159.0,0.0
879.0121463196806,158.0,0.0
879.0133499756058,159.0,0.0
879.0137666378218,158.0,0.0
879.016277386538,159.0,0.0
879.016333471178,158.0,0.0
879.019885653277,159.0,0.0
879.0222625881204,160.0,0.0
879.0259090598038,161.0,0.0
879.0275806306304,162.0,0.0
879.0377943411892,161.0,0.0
879.0439620978825,162.0,0.0
879.0541747126505,163.0,0.0
879.0634488345652,164.0,0.0
879.070939395166,165.0,0.0
879.0735559840394,166.0,0.0
879.0790594557546,165.0,0.0
879.0861675315319,166.0,0.0
879.086453447229,167.0,0.0
879.0900011597031,168.0,0.0
879.091133134824,169.0,0.0
879.098611723683,168.0,0.0
879.0987469592308,169.0,0.0
879.1063552584774,170.0,0.0
879.1075430891906,171.0,0.0
879.1118974385304,170.0,0.0
879.1199050866921,171.0,0.0
879.1243779054536,172.0,0.0
879.1327732131699,173.0,0.0
879.1354193419271,174.0,0.0
879.1360747695192,175.0,0.0
879.1403136674519,174.0,0.0
879.1436337842117,173.0,0.0
879.1456255691137,174.0,0.0
879.1458587902287,175.0,0.0
879.1480085073002,176.0,0.0
879.1571525892856,177.0,0.0
879.1626097483604,178.0,0.0
879.166361692472,179.0,0.0
879.167740964196,180.0,0.0
879.1712596843357,181.0,0.0
879.1726524662446,180.0,0.0
879.1812599543764,179.0,0.0
879.1901333072339,178.0,0.0
879.1955263205073,179.0,0.0
879.2040482614392,180.0,0.0
879.2046868858611,181.0,0.0
879.2123869611451,182.0,0.0
879.2145039231152,181.0,0.0
879.2157420177164,182.0,0.0
879.2185477065489,181.0,0.0
879.2195165241499,182.0,0.0
879.2200451476829,181.0,0.0
879.2267202858483,180.0,0.0
879.2333245021471,179.0,0.0
879.2337711376175,180.0,0.0
879.2338353937431,181.0,0.0
879.2436130223952,180.0,0.0
879.2444209418808,179.0,0.0
879.2657751832833,178.0,0.0
879.2682530608425,177.0,0.0
879.2761887214099,178.0,0.0
879.2768025048083,179.0,0.0
879.2771159606166,180.0,0.0
879.284744074118,181.0,0.0
879.2909557997624,182.0,0.0
879.3004933567388,183.0,0.0
879.301830175605,184.0,0.0
879.3035700012879,183.0,0.0
879.3112633711291,184.0,0.0
879.3114415914885,185.0,0.0
879.314601485309,186.0,0.0
879.3179590956272,187.0,0.0
879.3210223294356,188.0,0.0
879.3221486219174,187.0,0.0
879.3276252309796,188.0,0.0
879.3326934470952,189.0,0.0
879.3357404543016,190.0,0.0
879.3387785037162,191.0,0.0
879.3399987834913,192.0,0.0
879.3488949530065,193.0,0.0
879.3504870505797,192.0,0.0
879.3602368397403,193.0,0.0
879.3616176210875,192.0,0.0
879.362784884801,193.0,0.0
879.3727911609034,194.0,0.0
879.3731011440984,193.0,0.0
879.3763682225493,192.0,0.0
879.3792494669188,191.0,0.0
879.3822227484467,192.0,0.0
879.385702088483,191.0,0.0
879.3912669138697,190.0,0.0
879.39383758406,191.0,0.0
879.3944708362676,192.0,0.0
879.3966915161525,193.0,0.0
879.4059719320339,192.0,0.0
879.4075109472004,191.0,0.0
879.4159771434879,192.0,0.0
879.4204060991426,193.0,0.0
879.4216551171555,194.0,0.0
879.4237678924605,193.0,0.0
879.4245481252358,192.0,0.0
879.4274405406302,191.0,0.0
879.4299688970127,192.0,0.0
879.4310778943518,193.0,0.0
879.4377261084877,192.0,0.0
879.439386995109,191.0,0.0
879.4434128609452,190.0,0.0
879.4488238952051,189.0,0.0
879.4605445619833,190.0,0.0
879.4634257142525,191.0,0.0
879.4650721824912,190.0,0.0
879.46799041921,191.0,0.0
879.4698237866006,190.0,0.0
879.4733851082925,191.0,0.0
879.4759972900106,190.0,0.0
879.4810153526687,189.0,0.0
879.4817629336299,188.0,0.0
879.4857828866149,187.0,0.0
879.4863283252654,186.0,0.0
879.4908507820438,187.0,0.0
879.4917058774015,188.0,0.0
879.4931182819136,187.0,0.0
879.4959625412043,186.0,0.0
879.4960009577452,185.0,0.0
879.5060416708974,186.0,0.0
879.5094492376011,187.0,0.0
879.5143275093438,188.0,0.0
879.5204913981737,189.0,0.0
879.5324396421541,188.0,0.0
879.5348443186201,187.0,0.0
879.5365136725748,188.0,0.0
879.5388154457639,189.0,0.0
879.5391275494403,188.0,0.0
879.5391756536734,189.0,0.0
879.5465700569018,188.0,0.0
879.5516844834444,189.0,0.0
879.55454899102,188.0,0.0
879.5671129748683,189.0,0.0
879.5743974245759,190.0,0.0
879.5833171900132,189.0,0.0
879.5841737768002,190.0,0.0
879.5865072849253,191.0,0.0
879.5888342369557,190.0,0.0
879.5909954529292,191.0,0.0
879.591871949421,190.0,0.0
879.6124787518108,191.0,0.0
879.6283076502372,190.0,0.0
879.6305226125531,191.0,0.0
879.6343444818549,192.0,0.0
879.6495328201669,193.0,0.0
879.6524862431016,192.0,0.0
879.6535658631411,191.0,0.0
879.6551905827164,192.0,0.0
879.6581013997201,193.0,0.0
879.6631507196709,192.0,0.0
879.6655349679612,193.0,0.0
879.6663830186693,194.0,0.0
879.6719109498549,195.0,0.0
879.6788414269341,196.0,0.0
879.6791895972756,197.0,0.0
879.682031162623,196.0,0.0
879.6944465665839,197.0,0.0
879.6945458802466,198.0,0.0
879.6984938210726,197.0,0.0
879.70220170198,198.0,0.0
879.7052501402417,199.0,0.0
879.7059399081509,200.0,0.0
879.7160149629166,199.0,0.0
879.7165433510762,198.0,0.0
879.7197048975466,199.0,0.0
879.7211282334699,198.0,0.0
879.7221518664776,199.0,0.0
879.7305461739811,200.0,0.0
879.7321800010892,201.0,0.0
879.732235944121,200.0,0.0
879.7332592627379,199.0,0.0
879.7372859249223,198.0,0.0
879.7408225269919,197.0,0.0
879.7421780571705,198.0,0.0
879.744104156982,199.0,0.0
879.7488889012146,198.0,0.0
879.7662525543069,199.0,0.0
879.7708468284665,198.0,0.0
879.7726647217393,199.0,0.0
879.7742818176903,198.0,0.0
879.7936900734012,199.0,0.0
879.7993940511474,200.0,0.0
879.8032720028598,201.0,0.0
879.8051612816654,200.0,0.0
879.810923770143,201.0,0.0
879.8151252065686,200.0,0.0
879.8168042757625,201.0,0.0
879.8186688196904,200.0,0.0
879.8278330590326,201.0,0.0
879.8416526679748,202.0,0.0
879.8420850733984,203.0,0.0
879.8502833947911,204.0,0.0
879.8737803194152,205.0,0.0
879.8738718116133,204.0,0.0
879.8768971867953,205.0,0.0
879.8818816330439,206.0,0.0
879.8921454160536,205.0,0.0
879.901863284813,206.0,0.0
879.9141270349022,207.0,0.0
879.9237903249546,208.0,0.0
879.9249630240312,207.0,0.0
879.9250275089739,206.0,0.0
879.9328218245458,205.0,0.0
879.9330893238651,204.0,0.0
879.9355014334337,203.0,0.0
879.9376635692556,202.0,0.0
879.9403183158909,201.0,0.0
879.9413735242422,200.0,0.0
879.9414199766882,199.0,0.0
879.9424796778019,198.0,0.0
879.9441553342343,197.0,0.0
879.9492420858594,196.0,0.0
879.9540864218869,197.0,0.0
879.9582233297924,198.0,0.0
879.9619661024401,197.0,0.0
879.9636413127714,196.0,0.0
879.9671284877096,197.0,0.0
879.9699382296693,198.0,0.0
879.9706312929235,199.0,0.0
879.982764784277,200.0,0.0
879.9879107093799,199.0,0.0
879.9940510273493,198.0,0.0
879.9940963424497,199.0,0.0
880.0073783879176,200.0,0.0
880.0079655375674,199.0,0.0
880.0093964059994,200.0,0.0
880.0143392476784,201.0,0.0
880.0194346096939,202.0,0.0
880.0225835256092,203.0,0.0
880.0329020640685,204.0,0.0
880.0396173850598,205.0,0.0
880.0406063126134,206.0,0.0
880.0459624528796,205.0,0.0
880.047794636773,204.0,0.0
880.0490021564877,203.0,0.0
880.0502550400453,204.0,0.0
880.0577567586395,203.0,0.0
880.0580583927061,204.0,0.0
880.0595403898747,205.0,0.0
880.0681197049801,204.0,0.0
880.0731016822235,203.0,0.0
880.0732579780674,202.0,0.0
880.0830804039899,203.0,0.0
880.0907493942251,202.0,0.0
880.0936820967031,203.0,0.0
880.0981075347711,204.0,0.0
880.1075939935639,205.0,0.0
880.1183806067461,206.0,0.0
880.1201869523516,205.0,0.0
880.1205203838551,204.0,0.0
880.1378516996408,203.0,0.0
880.1399934502351,204.0,0.0
880.145415963475,205.0,0.0
880.1462041633891,206.0,0.0
880.1475796821871,205.0,0.0
880.1571743174181,206.0,0.0
880.1586063524958,205.0,0.0
880.1738088072555,206.0,0.0
880.1744795804124,205.0,0.0
880.1774975369995,206.0,0.0
880.1776899108995,205.0,0.0
880.1849099884596,204.0,0.0
880.1871281829748,203.0,0.0
880.19844986037,202.0,0.0
880.20653357502,203.0,0.0
880.2084683089801,204.0,0.0
880.2202932146603,203.0,0.0
880.2315195735382,204.0,0.0
880.232349649049,203.0,0.0
880.2395103873132,204.0,0.0
880.2404546622139,203.0,0.0
880.2462656940608,202.0,0.0
880.2644714939943,203.0,0.0
880.2649318327269,204.0,0.0
880.2673460254592,205.0,0.0
880.2719906672424,204.0,0.0
880.2763839318081,205.0,0.0
880.2776789834326,204.0,0.0
880.2867507131649,203.0,0.0
880.2876064416062,202.0,0.0
880.3014859106441,203.0,0.0
880.3018261001504,202.0,0.0
880.3072758869683,203.0,0.0
880.3090480335566,202.0,0.0
880.3131895509761,203.0,0.0
880.3225792577374,202.0,0.0
880.3231040319085,203.0,0.0
880.3247157072227,204.0,0.0
880.3260563488683,205.0,0.0
880.3373647398623,206.0,0.0
880.3409516094946,207.0,0.0
880.3483204261297,206.0,0.0
880.3562774649997,205.0,0.0
880.3693760521492,204.0,0.0
880.3875580880086,203.0,0.0
880.3932810573556,204.0,0.0
880.3935892462997,203.0,0.0
880.3936029546923,202.0,0.0
880.3966590538732,201.0,0.0
880.3977471397287,200.0,0.0
880.3983195119105,199.0,0.0
880.398365983863,198.0,0.0
880.4137129818295,199.0,0.0
880.4201788734307,200.0,0.0
880.4304030946817,199.0,0.0
880.4328990070519,198.0,0.0
880.4344867656274,199.0,0.0
880.4357722801219,198.0,0.0
880.4399900012708,197.0,0.0
880.441485027054,198.0,0.0
880.4445364518507,197.0,0.0
880.4474957634313,198.0,0.0
880.4519101664555,199.0,0.0
880.4556133042651,198.0,0.0
880.4606710969047,199.0,0.0
880.4642807808623,200.0,0.0
880.464400872287,199.0,0.0
880.4777511739505,200.0,0.0
880.4810081350323,201.0,0.0
880.4874314696538,200.0,0.0
880.4909968179687,199.0,0.0
880.4931972617867,200.0,0.0
880.5043860095378,199.0,0.0
880.5090022009339,198.0,0.0
880.5222789242505,199.0,0.0
880.5319546281911,200.0,0.0
880.5335467271093,201.0,0.0
880.5399398216881,202.0,0.0
880.5410654213742,201.0,0.0
880.550855958495,202.0,0.0
880.5517704305101,201.0,0.0
880.5569716232543,202.0,0.0
880.5629379099091,201.0,0.0
880.5657706900888,202.0,0.0
880.5717397657837,201.0,0.0
880.5785792643654,202.0,0.0
880.5809706066425,201.0,0.0
880.5841762420141,200.0,0.0
880.5958357791666,201.0,0.0
880.596905919856,200.0,0.0
880.5978021477025,201.0,0.0
880.5985249006428,202.0,0.0
880.6089928867386,201.0,0.0
880.6140839713856,202.0,0.0
880.6176091506102,201.0,0.0
880.6266622045348,202.0,0.0
880.635110271086,203.0,0.0
880.6365962418889,204.0,0.0
880.6523972881035,203.0,0.0
880.6546126255089,204.0,0.0
880.6659283366861,203.0,0.0
880.6685028947165,202.0,0.0
880.6705028132433,203.0,0.0
880.6825925524722,204.0,0.0
880.6842356047466,203.0,0.0
880.6935206817914,202.0,0.0
880.6971819822814,203.0,0.0
880.7062640424233,204.0,0.0
880.7144729489545,205.0,0.0
880.7396705114771,204.0,0.0
880.7473424856838,205.0,0.0
880.7499347814011,204.0,0.0
880.7531037330699,205.0,0.0
880.7533918834588,204.0,0.0
880.7603414708285,205.0,0.0
880.7616377551876,204.0,0.0
880.7702535220501,205.0,0.0
880.7710628639478,206.0,0.0
880.772617011457,207.0,0.0
880.774012512944,206.0,0.0
880.783840531546,207.0,0.0
880.7914841947115,208.0,0.0
880.7923679770947,209.0,0.0
880.7935120970476,208.0,0.0
880.7976325439928,209.0,0.0
880.798479018716,208.0,0.0
880.8023703277853,207.0,0.0
880.8106083314711,208.0,0.0
880.8115835470254,207.0,0.0
880.8116815169653,208.0,0.0
880.816631027012,207.0,0.0
880.822042820907,208.0,0.0
880.8228802686516,207.0,0.0
880.8289430667453,208.0,0.0
880.830078153992,207.0,0.0
880.8308950793073,206.0,0.0
880.8389070274653,207.0,0.0
880.8414460145532,208.0,0.0
880.8433628178135,209.0,0.0
880.8449029975528,208.0,0.0
880.8471611152548,207.0,0.0
880.8539284072363,206.0,0.0
880.8720811664014,205.0,0.0
880.8788262506638,206.0,0.0
880.8825601269599,207.0,0.0
880.8834024148081,208.0,0.0
880.8892251199928,207.0,0.0
880.8965577573385,208.0,0.0
880.9003112973154,209.0,0.0
880.9049693348207,208.0,0.0
880.91024039297,207.0,0.0
880.9121483994759,208.0,0.0
880.9144020873412,207.0,0.0
880.9182221897071,206.0,0.0
880.9211818150605,205.0,0.0
880.925569525147,204.0,0.0
880.9333192351871,205.0,0.0
880.9422515048221,204.0,0.0
880.958333628186,203.0,0.0
880.9616202726165,204.0,0.0
880.9694616080144,203.0,0.0
880.9696244563629,202.0,0.0
880.9697913435838,201.0,0.0
880.9865383651389,200.0,0.0
880.9978012241527,199.0,0.0
881.002637494814,200.0,0.0
881.0071205423262,199.0,0.0
881.0137489648683,200.0,0.0
881.0162873567967,201.0,0.0
881.0190493101172,202.0,0.0
881.0256569850562,201.0,0.0
881.0357489695019,202.0,0.0
881.0646952562141,201.0,0.0
881.0672476144794,200.0,0.0
881.0744253550112,201.0,0.0
881.0787651833225,202.0,0.0
881.0954171017625,203.0,0.0
881.1009824108411,204.0,0.0
881.1043240507513,205.0,0.0
881.1060684431022,204.0,0.0
881.1080139504159,203.0,0.0
881.1125198584003,202.0,0.0
881.1130504439176,201.0,0.0
881.1182740817256,202.0,0.0
881.1211607658596,203.0,0.0
881.1236940880568,204.0,0.0
881.1252360160333,205.0,0.0
881.1273412171927,204.0,0.0
881.1279885583969,203.0,0.0
881.1324861144644,202.0,0.0
881.1343805962034,201.0,0.0
881.1363551061002,200.0,0.0
881.1372093250383,199.0,0.0
881.1375149809109,200.0,0.0
881.146053993637,201.0,0.0
881.1470925801793,200.0,0.0
881.1515166375541,201.0,0.0
881.1525400530388,200.0,0.0
881.1577982501533,199.0,0.0
881.1667995969309,198.0,0.0
881.1786244822482,199.0,0.0
881.1965974621749,198.0,0.0
881.2046145205998,197.0,0.0
881.2050963440756,198.0,0.0
881.2120730680942,197.0,0.0
881.2135061945653,198.0,0.0
881.2153453773132,197.0,0.0
881.2360595404108,198.0,0.0
881.236760967671,199.0,0.0
881.2373602012362,198.0,0.0
881.2453130686874,197.0,0.0
881.2698226286732,196.0,0.0
881.2712214114966,195.0,0.0
881.2726067577352,194.0,0.0
881.2824183731215,195.0,0.0
881.2841430699611,194.0,0.0
881.2916352891274,193.0,0.0
881.3047975507824,194.0,0.0
881.3086883995936,193.0,0.0
881.3220335559647,194.0,0.0
881.3225429892021,195.0,0.0
881.3255539098589,194.0,0.0
881.3264759655732,195.0,0.0
881.3331271163433,194.0,0.0
881.3357232569356,193.0,0.0
881.3542827485026,194.0,0.0
881.370123454689,195.0,0.0
881.3752383750935,196.0,0.0
881.3758519029274,197.0,0.0
881.3766013744893,198.0,0.0
881.3777020608236,197.0,0.0
881.3787318986667,198.0,0.0
881.3856762437821,199.0,0.0
881.3892599433609,200.0,0.0
881.3898019537959,201.0,0.0
881.3901432783214,202.0,0.0
881.3947369999936,203.0,0.0
881.3957476155954,204.0,0.0
881.397616349334,205.0,0.0
881.4003721329341,206.0,0.0
881.4052775389237,207.0,0.0
881.4145003021762,208.0,0.0
881.4159135049173,209.0,0.0
881.4309900277347,210.0,0.0
881.4404402128961,209.0,0.0
881.4463421618568,208.0,0.0
881.4512105751597,209.0,0.0
881.4591677922404,210.0,0.0
881.4700869560063,209.0,0.0
881.4756393870493,208.0,0.0
881.4760709420997,209.0,0.0
881.4822754065303,208.0,0.0
881.4828457855615,207.0,0.0
881.4869211296899,208.0,0.0
881.4887001830132,207.0,0.0
881.4895179094079,206.0,0.0
881.4906574221069,205.0,0.0
881.5003798859733,204.0,0.0
881.5027909657399,205.0,0.0
881.5029289384798,206.0,0.0
881.5080369475936,205.0,0.0
881.5081411573955,204.0,0.0
881.5096240691522,203.0,0.0
881.5120806430195,202.0,0.0
881.5170327073274,201.0,0.0
881.522834463392,202.0,0.0
881.5266189048037,201.0,0.0
881.5327318268788,200.0,0.0
881.5411148123633,201.0,0.0
881.5498281803281,202.0,0.0
881.5501870332449,203.0,0.0
881.5573650372398,204.0,0.0
881.5582393353139,205.0,0.0
881.5607048764255,204.0,0.0
881.5622276853609,205.0,0.0
881.5672243248458,206.0,0.0
881.571527801042,205.0,0.0
881.5843768108701,206.0,0.0
881.5906050307384,205.0,0.0
881.6087402720813,204.0,0.0
881.6091855903244,203.0,0.0
881.6126459132472,202.0,0.0
881.6130164955446,201.0,0.0
881.6133933010638,200.0,0.0
881.6210433106999,199.0,0.0
881.6258816819358,200.0,0.0
881.6338345202416,199.0,0.0
881.6410684233579,200.0,0.0
881.6416140388723,199.0,0.0
881.6428358550695,198.0,0.0
881.6498101355244,197.0,0.0
881.6705110263432,198.0,0.0
881.6739423904403,199.0,0.0
881.679954789749,198.0,0.0
881.6814082060615,199.0,0.0
881.6926665928012,198.0,0.0
881.7057878706862,197.0,0.0
881.706088317189,196.0,0.0
881.7075087053676,195.0,0.0
881.7122311002616,196.0,0.0
881.7182648126508,195.0,0.0
881.7260798087236,196.0,0.0
881.730529377235,195.0,0.0
881.7315365527525,194.0,0.0
881.7431652778973,195.0,0.0
881.7490417468613,194.0,0.0
881.7513044547625,193.0,0.0
881.7536861752501,192.0,0.0
881.7620237567753,191.0,0.0
881.7652566345043,192.0,0.0
881.7668490155246,191.0,0.0
881.7714602746626,192.0,0.0
881.7720254800932,193.0,0.0
881.776311694765,194.0,0.0
881.7801626135011,193.0,0.0
881.798680167437,194.0,0.0
881.8054080666046,195.0,0.0
881.8076924956468,194.0,0.0
881.8105431969733,193.0,0.0
881.8335965805609,192.0,0.0
881.8425471857516,193.0,0.0
881.844602236821,194.0,0.0
881.844818433397,193.0,0.0
881.8503777424982,194.0,0.0
881.8555938835821,195.0,0.0
881.8608195231311,196.0,0.0
881.8739054912572,195.0,0.0
881.8764232493456,194.0,0.0
881.8771088026928,195.0,0.0
881.8783867063089,196.0,0.0
881.880582017624,197.0,0.0
881.8813959978418,196.0,0.0
881.8814189069128,195.0,0.0
881.8963504844281,194.0,0.0
881.8977186186895,195.0,0.0
881.9148368090083,196.0,0.0
881.9150605616414,195.0,0.0
881.9160357077769,194.0,0.0
881.9190225471765,193.0,0.0
881.9240049242784,194.0,0.0
881.9276203373042,193.0,0.0
881.9418411669054,192.0,0.0
881.9428725511171,191.0,0.0
881.9487777165695,192.0,0.0
881.9503925902914,191.0,0.0
881.9592757195591,192.0,0.0
881.9593597394943,191.0,0.0
881.965912571295,190.0,0.0
881.968845187061,189.0,0.0
881.9724664258713,188.0,0.0
881.9796041658079,189.0,0.0
881.9868494744766,190.0,0.0
881.9887807611445,189.0,0.0
881.9905652004018,190.0,0.0
882.0158675397183,191.0,0.0
882.0246285532423,190.0,0.0
882.0249850388254,189.0,0.0
882.0295695013141,188.0,0.0
882.0332692775422,189.0,0.0
882.038940757465,190.0,0.0
882.0400452162158,191.0,0.0
882.0524286145301,192.0,0.0
882.0569032684602,193.0,0.0
882.0579628726992,194.0,0.0
882.0613989887881,193.0,0.0
882.0666604914608,192.0,0.0
882.0750395953776,191.0,0.0
882.0808578214062,192.0,0.0
882.0857016110771,191.0,0.0
882.0945509560117,190.0,0.0
882.0967515794324,191.0,0.0
882.1108091478028,190.0,0.0
882.1160840731179,191.0,0.0
882.1252976042165,190.0,0.0
882.1282705807403,191.0,0.0
882.1384418808515,192.0,0.0
882.1387056660533,191.0,0.0
882.145992266433,190.0,0.0
882.1521850058323,189.0,0.0
882.1544533654624,188.0,0.0
882.1727964820592,187.0,0.0
882.1827244227787,186.0,0.0
882.1836986968211,185.0,0.0
882.1840563368787,186.0,0.0
882.1857643570928,185.0,0.0
882.1955512059626,184.0,0.0
882.1963528878348,185.0,0.0
882.1974178010097,186.0,0.0
882.20327279611,187.0,0.0
882.208827436424,188.0,0.0
882.2098393188603,187.0,0.0
882.2226628702474,188.0,0.0
882.2233737201308,187.0,0.0
882.2263261703132,186.0,0.0
882.2338765240837,185.0,0.0
882.2349715338368,184.0,0.0
882.2409897333318,183.0,0.0
882.2469555294397,182.0,0.0
882.2474482029204,183.0,0.0
882.2569638073303,184.0,0.0
882.2657987428405,183.0,0.0
882.2773596059861,182.0,0.0
882.2777483970788,181.0,0.0
882.2834896697005,182.0,0.0
882.2841507250762,183.0,0.0
882.2868240699129,182.0,0.0
882.289283310194,181.0,0.0
882.2956185354099,180.0,0.0
882.3080899410586,179.0,0.0
882.3143927681142,180.0,0.0
882.3159203604221,179.0,0.0
882.3176109760151,178.0,0.0
882.3206675926033,179.0,0.0
882.3271524502558,178.0,0.0
882.3378132015868,177.0,0.0
882.3420672598863,176.0,0.0
882.3432338136438,177.0,0.0
882.3499995619309,178.0,0.0
882.3550545500925,177.0,0.0
882.3576936253368,178.0,0.0
882.3689661535063,177.0,0.0
882.3756144737213,176.0,0.0
882.3791602486053,177.0,0.0
882.3893148283998,178.0,0.0
882.3896027983116,179.0,0.0
882.3908737102859,178.0,0.0
882.4021927732529,177.0,0.0
882.4031836403245,176.0,0.0
882.4053162155864,175.0,0.0
882.4134361570306,174.0,0.0
882.4177630134054,175.0,0.0
882.4183536264146,176.0,0.0
882.4195956371047,175.0,0.0
882.4293112211149,176.0,0.0
882.4316012803253,177.0,0.0
882.447943866312,176.0,0.0
882.4570164829618,177.0,0.0
882.4615904200787,176.0,0.0
882.4689067655188,175.0,0.0
882.4699035263567,174.0,0.0
882.476415457941,173.0,0.0
882.4826399254943,174.0,0.0
882.4858635129411,175.0,0.0
882.4883969016807,174.0,0.0
882.4924986719857,173.0,0.0
882.4992507627314,174.0,0.0
882.501780143289,173.0,0.0
882.5033396342441,172.0,0.0
882.5037418921609,171.0,0.0
882.5068832254317,170.0,0.0
882.5151354105753,171.0,0.0
882.5295442921707,170.0,0.0
882.5461882810889,169.0,0.0
882.5466200753809,170.0,0.0
882.5497251034087,169.0,0.0
882.553017511806,170.0,0.0
882.5588436695497,171.0,0.0
882.5702423210768,172.0,0.0
882.5785717067669,171.0,0.0
882.5849143426489,170.0,0.0
882.5868744006892,171.0,0.0
882.5896722662069,170.0,0.0
882.5924880556156,171.0,0.0
882.6000906467868,170.0,0.0
882.6006716776022,169.0,0.0
882.6048102943965,168.0,0.0
882.6051405577559,169.0,0.0
882.6055062126906,168.0,0.0
882.6090145486783,169.0,0.0
882.6220064464532,168.0,0.0
882.6285378959116,167.0,0.0
882.6302102291335,168.0,0.0
882.6360821177663,167.0,0.0
882.643660761323,166.0,0.0
882.6444173567676,165.0,0.0
882.6545833578989,166.0,0.0
882.6584162673852,167.0,0.0
882.6756333719626,168.0,0.0
882.677315463411,167.0,0.0
882.6840027514907,166.0,0.0
882.6866429278617,167.0,0.0
882.6868561986219,166.0,0.0
882.6869878615456,167.0,0.0
882.6932901507159,166.0,0.0
882.704409315745,167.0,0.0
882.7064459993585,168.0,0.0
882.707466947344,167.0,0.0
882.7075409031926,168.0,0.0
882.7150470262496,167.0,0.0
882.7247795657648,166.0,0.0
882.725999374091,165.0,0.0
882.7262452018688,164.0,0.0
882.7314197331541,163.0,0.0
882.731662465619,164.0,0.0
882.736996981797,165.0,0.0
882.7513440380984,164.0,0.0
882.7590336773989,165.0,0.0
882.7670215559173,164.0,0.0
882.7699773760966,163.0,0.0
882.7948652186027,162.0,0.0
882.8015660237343,161.0,0.0
882.8072227568132,160.0,0.0
882.81861592874,161.0,0.0
882.8224096254213,160.0,0.0
882.8357333557184,159.0,0.0
882.8432878312317,158.0,0.0
882.8450726915397,159.0,0.0
882.8546432030937,158.0,0.0
882.8578459753007,157.0,0.0
882.862327472528,158.0,0.0
882.8738613880596,157.0,0.0
882.8745492513691,156.0,0.0
882.8901271994031,155.0,0.0
882.9064670009265,154.0,0.0
882.9074417789927,153.0,0.0
882.907764872173,154.0,0.0
882.9103109860442,153.0,0.0
882.9158745230629,152.0,0.0
882.9166623234224,153.0,0.0
882.9176948431616,152.0,0.0
882.9369436337081,151.0,0.0
882.9402949930775,152.0,0.0
882.9418366085861,151.0,0.0
882.9454044511028,152.0,0.0
882.9486555420748,151.0,0.0
882.9516849040338,150.0,0.0
882.9535241304021,151.0,0.0
882.9562891211644,150.0,0.0
882.971049939605,149.0,0.0
882.9732431855301,148.0,0.0
882.9807223710254,147.0,0.0
882.9840796364577,148.0,0.0
882.9928303261577,147.0,0.0
883.0003262907151,148.0,0.0
883.0125704841851,149.0,0.0
883.0260433014282,148.0,0.0
883.0329144070972,149.0,0.0
883.0470804826346,148.0,0.0
883.0505099724936,147.0,0.0
883.0543904759778,146.0,0.0
883.0734838833105,147.0,0.0
883.0904222501329,148.0,0.0
883.0910000464593,147.0,0.0
883.1131098062687,146.0,0.0
883.1261982311253,145.0,0.0
883.1397449259223,144.0,0.0
883.1476775971255,143.0,0.0
883.1555057457225,144.0,0.0
883.159807653907,143.0,0.0
883.1684343463826,142.0,0.0
883.1848448839635,141.0,0.0
883.2055713560545,142.0,0.0
883.2073180062891,143.0,0.0
883.2249419184815,142.0,0.0
883.2337851655856,143.0,0.0
883.237335094232,142.0,0.0
883.2405225790268,141.0,0.0
883.2423163893317,142.0,0.0
883.2426586196228,143.0,0.0
883.2439521821375,144.0,0.0
883.2602550708153,143.0,0.0
883.2641224460003,142.0,0.0
883.2691564381295,143.0,0.0
883.2760833842061,142.0,0.0
883.2887077123846,141.0,0.0
883.3039932455083,142.0,0.0
883.306679622072,141.0,0.0
883.3067577823491,140.0,0.0
883.3145904352974,141.0,0.0
883.3339083735724,142.0,0.0
883.3353495798998,143.0,0.0
883.350650305239,142.0,0.0
883.3513985336966,141.0,0.0
883.3532386819427,142.0,0.0
883.3862312516471,141.0,0.0
883.3896675091021,140.0,0.0
883.396143222307,139.0,0.0
883.3961639653005,138.0,0.0
883.4018552291558,139.0,0.0
883.4019712379071,138.0,0.0
883.4077971235547,139.0,0.0
883.4154041481821,140.0,0.0
883.4189270166457,141.0,0.0
883.4237945816665,140.0,0.0
883.426186724905,141.0,0.0
883.4292893957339,140.0,0.0
883.440136068652,139.0,0.0
883.4569830901603,138.0,0.0
883.4592312918049,139.0,0.0
883.4602217321611,138.0,0.0
883.4689150274091,139.0,0.0
883.4852223326253,140.0,0.0
883.4860268581521,139.0,0.0
883.5051827850506,138.0,0.0
883.5068987787394,137.0,0.0
883.5211308392776,136.0,0.0
883.5273314008157,135.0,0.0
883.5334209069498,134.0,0.0
883.5366560062633,135.0,0.0
883.5372560453648,136.0,0.0
883.5427969985245,135.0,0.0
883.5472512266356,134.0,0.0
883.5588660267166,133.0,0.0
883.5595628042076,132.0,0.0
883.5796737482277,131.0,0.0
883.5828777031365,130.0,0.0
883.5841160688763,129.0,0.0
883.5864190554706,128.0,0.0
883.5876024784027,129.0,0.0
883.59590302193,130.0,0.0
883.5964053311011,129.0,0.0
883.602728689866,130.0,0.0
883.6029174739025,131.0,0.0
883.6040161195497,132.0,0.0
883.6094330099562,133.0,0.0
883.6174582593341,132.0,0.0
883.6194846021544,133.0,0.0
883.6265018795325,134.0,0.0
883.629347360212,135.0,0.0
883.6331482183471,136.0,0.0
883.6426247859227,135.0,0.0
883.6563988589182,136.0,0.0
883.6657588542364,137.0,0.0
883.6693140634376,136.0,0.0
883.6721096661304,135.0,0.0
883.6848838990929,134.0,0.0
883.6911376034499,133.0,0.0
883.6942943716845,132.0,0.0
883.7074512263289,131.0,0.0
883.7334191341612,130.0,0.0
883.7549671341671,129.0,0.0
883.7617653562784,128.0,0.0
883.763283119858,127.0,0.0
883.7737284075877,126.0,0.0
883.7841864751446,125.0,0.0
883.7877426545618,126.0,0.0
883.7938773491792,125.0,0.0
883.7944042750628,126.0,0.0
883.8040163428839,125.0,0.0
883.8044058278127,124.0,0.0
883.806676445975,123.0,0.0
883.8094357005172,122.0,0.0
883.8174172296053,121.0,0.0
883.8251114271493,120.0,0.0
883.8261437122723,121.0,0.0
883.8292444161111,120.0,0.0
883.8336084757311,119.0,0.0
883.8399938829352,120.0,0.0
883.844950926614,119.0,0.0
883.8552745437219,120.0,0.0
883.8611401050515,119.0,0.0
883.8772343417982,118.0,0.0
883.8932044108083,117.0,0.0
883.893593997791,116.0,0.0
883.9103833179868,117.0,0.0
883.9345592602579,116.0,0.0
883.9426177896005,115.0,0.0
883.9487550518976,116.0,0.0
883.960821842128,115.0,0.0
883.9664249756903,114.0,0.0
883.9843635339195,113.0,0.0
883.9870901832653,112.0,0.0
883.9879527124015,111.0,0.0
883.9907905972026,112.0,0.0
883.9988030716954,111.0,0.0
884.0019163557288,112.0,0.0
884.0108422598626,113.0,0.0
884.0214163601398,112.0,0.0
884.0314603784042,111.0,0.0
884.0390458564384,110.0,0.0
884.056970598401,111.0,0.0
884.0631665686303,112.0,0.0
884.0767952924432,111.0,0.0
884.0808223026796,110.0,0.0
884.0895488367192,109.0,0.0
884.0965361588915,108.0,0.0
884.1020560300688,109.0,0.0
884.1035482489615,110.0,0.0
884.1130302814971,111.0,0.0
884.1234289300436,112.0,0.0
884.1273596670619,111.0,0.0
884.1352762515838,112.0,0.0
884.1580829468822,113.0,0.0
884.1595898079676,112.0,0.0
884.1681093725184,111.0,0.0
884.1745275641596,112.0,0.0
884.1838497109012,111.0,0.0
884.205094372101,110.0,0.0
884.2059968695365,109.0,0.0
884.2133405031246,108.0,0.0
884.2149431169922,109.0,0.0
884.2232982874251,108.0,0.0
884.2282907037628,107.0,0.0
884.2297021446399,108.0,0.0
884.2321342667184,107.0,0.0
884.2459479436604,108.0,0.0
884.257472978016,107.0,0.0
884.2619090788019,106.0,0.0
884.2729145324288,105.0,0.0
884.2729846329386,104.0,0.0
884.2751178519906,105.0,0.0
884.2842455457366,104.0,0.0
884.2873960675254,103.0,0.0
884.2885115820636,104.0,0.0
884.2990899416224,103.0,0.0
884.3100062132494,102.0,0.0
884.3110964177943,103.0,0.0
884.3216686817522,102.0,0.0
884.3241603861225,103.0,0.0
884.3408466042698,102.0,0.0
884.3593490887991,101.0,0.0
884.3596263561737,100.0,0.0
884.3633799709156,99.0,0.0
884.3815244119157,98.0,0.0
884.3824073845325,99.0,0.0
884.3930496920935,98.0,0.0
884.3982687491335,99.0,0.0
884.3988212195615,98.0,0.0
884.3990312267302,99.0,0.0
884.4021179742155,100.0,0.0
884.4034511844644,99.0,0.0
884.4424316915728,98.0,0.0
884.4554551662459,97.0,0.0
884.4567914803716,96.0,0.0
884.4601353843143,95.0,0.0
884.4819540374363,94.0,0.0
884.4937468912862,95.0,0.0
884.4962339243622,94.0,0.0
884.5048634767969,93.0,0.0
884.506613087573,94.0,0.0
884.522352265914,93.0,0.0
884.5286371124906,92.0,0.0
884.5320801636087,91.0,0.0
884.5423339164321,90.0,0.0
884.5426768543618,89.0,0.0
884.5567985762594,88.0,0.0
884.5946767967366,87.0,0.0
884.6057421627025,86.0,0.0
884.6692360929933,85.0,0.0
884.6898908617115,84.0,0.0
884.6899197713485,85.0,0.0
884.6962277895892,84.0,0.0
884.709835017448,85.0,0.0
884.717669123825,84.0,0.0
884.7275185475628,83.0,0.0
884.727609188952,84.0,0.0
884.745717838901,83.0,0.0
884.7492648617496,82.0,0.0
884.7644109063826,81.0,0.0
884.7774928402664,80.0,0.0
884.7955639276006,79.0,0.0
884.7957193972281,80.0,0.0
884.7990868107496,79.0,0.0
884.81064657331,78.0,0.0
884.8226960612295,79.0,0.0
884.8268389876863,78.0,0.0
884.8309598359356,77.0,0.0
884.8312114734546,76.0,0.0
884.8356867893804,75.0,0.0
884.8388788230757,74.0,0.0
884.8587583688169,73.0,0.0
884.8592539555488,74.0,0.0
884.8621531045346,75.0,0.0
884.8753453431437,76.0,0.0
884.8758737030629,75.0,0.0
884.8828213130695,76.0,0.0
884.8870959353985,75.0,0.0
884.8889278921789,74.0,0.0
884.8904903884655,75.0,0.0
884.8908247628179,74.0,0.0
884.8960170951665,73.0,0.0
884.9004884970244,72.0,0.0
884.9308164301146,73.0,0.0
884.933020840501,72.0,0.0
884.9501429631769,71.0,0.0
884.9579404100664,70.0,0.0
884.9790237557568,69.0,0.0
884.9973067967323,70.0,0.0
884.9975037478421,71.0,0.0
885.0032021141255,70.0,0.0
885.0067443899542,69.0,0.0
885.0093112515691,68.0,0.0
885.0100068650987,67.0,0.0
885.0110076860359,66.0,0.0
885.0599443962839,65.0,0.0
885.0696347226318,64.0,0.0
885.084768238537,63.0,0.0
885.0947838976887,62.0,0.0
885.1262667990513,61.0,0.0
885.1327922393772,60.0,0.0
885.1342468974656,61.0,0.0
885.1362478112753,60.0,0.0
885.1407992467384,61.0,0.0
885.1717464065975,60.0,0.0
885.1750476382833,59.0,0.0
885.1785785363915,58.0,0.0
885.1877091029521,57.0,0.0
885.189246051952,56.0,0.0
885.1936550898444,55.0,0.0
885.205119838861,56.0,0.0
885.206181366144,57.0,0.0
885.2177535448648,56.0,0.0
885.2279171412777,55.0,0.0
885.2360547757562,56.0,0.0
885.2361450222256,55.0,0.0
885.2402599224887,56.0,0.0
885.2489521874267,55.0,0.0
885.2562950344171,54.0,0.0
885.2564637872862,53.0,0.0
885.264996780996,52.0,0.0
885.269913487573,51.0,0.0
885.2830337157156,52.0,0.0
885.2879895810826,51.0,0.0
885.2906149848842,50.0,0.0
885.2918291092989,49.0,0.0
885.3017963324526,48.0,0.0
885.3130975736456,49.0,0.0
885.3173729521429,50.0,0.0
885.3287550069349,51.0,0.0
885.3302892932487,50.0,0.0
885.3303444175623,51.0,0.0
885.3380062214176,52.0,0.0
885.3380208557638,53.0,0.0
885.3403175472022,54.0,0.0
885.3497357312963,53.0,0.0
885.3577963016432,52.0,0.0
885.3585302987154,51.0,0.0
885.3591848783185,50.0,0.0
885.3631538847118,49.0,0.0
885.3678932937838,48.0,0.0
885.3750996521217,47.0,0.0
885.378323365478,46.0,0.0
885.3839536333228,47.0,0.0
885.3841224756492,46.0,0.0
885.3842060418391,45.0,0.0
885.3953925659448,46.0,0.0
885.4005429718127,47.0,0.0
885.4018200038381,48.0,0.0
885.4105411283754,47.0,0.0
885.4172249310016,48.0,0.0
885.4741886417725,49.0,0.0
885.480432119802,48.0,0.0
885.4832994830597,49.0,0.0
885.4855193365507,50.0,0.0
885.4897061771564,49.0,0.0
885.4928343864817,48.0,0.0
885.4943265931915,47.0,0.0
885.4962012492285,48.0,0.0
885.4972929824755,47.0,0.0
885.5213887536269,46.0,0.0
885.5253111591688,45.0,0.0
885.5268667596363,44.0,0.0
885.5323612478754,43.0,0.0
885.5524778639723,42.0,0.0
885.5549673170257,41.0,0.0
885.5593940859338,42.0,0.0
885.5602529237942,41.0,0.0
885.5680474739848,40.0,0.0
885.5807936135742,41.0,0.0
885.6101361976567,40.0,0.0
885.6114152476807,39.0,0.0
885.6149433913814,38.0,0.0
885.6236135507575,37.0,0.0
885.6270046093981,36.0,0.0
885.6294734444978,35.0,0.0
885.6363287879926,34.0,0.0
885.6521149580509,35.0,0.0
885.6610617069034,34.0,0.0
885.6647239255501,33.0,0.0
885.6785122318684,32.0,0.0
885.6925485116535,33.0,0.0
885.7049907004655,32.0,0.0
885.7073614660841,33.0,0.0
885.7192233121332,32.0,0.0
885.7255666587977,31.0,0.0
885.7638313032725,32.0,0.0
885.7823506862513,31.0,0.0
885.7881983760735,30.0,0.0
885.7950494351036,29.0,0.0
885.7966917342972,28.0,0.0
885.8038186368267,27.0,0.0
885.8104264932089,28.0,0.0
885.8162849991475,27.0,0.0
885.8416261013607,26.0,0.0
885.8433523005251,25.0,0.0
885.8514504291496,24.0,0.0
885.8613770071574,23.0,0.0
885.8692100319613,22.0,0.0
885.890330566619,21.0,0.0
885.9126148737433,20.0,0.0
885.9436428646312,19.0,0.0
885.9616568690172,20.0,0.0
885.9657697442498,19.0,0.0
885.9674920111066,18.0,0.0
885.9739496293321,19.0,0.0
886.0043064132494,20.0,0.0
886.0088525123954,19.0,0.0
886.0204393099604,18.0,0.0
886.0233437178579,19.0,0.0
886.0594176425316,18.0,0.0
886.0676386193674,17.0,0.0
886.0830009388034,16.0,0.0
886.0868198273814,17.0,0.0
886.1163230725401,16.0,0.0
886.125566685371,15.0,0.0
886.1453785465527,14.0,0.0
886.1495726305225,15.0,0.0
886.1532673645534,14.0,0.0
886.1583606718343,13.0,0.0
886.1611781290012,14.0,0.0
886.1621733847835,13.0,0.0
886.171234948196,12.0,0.0
886.1793127210501,11.0,0.0
886.1802371897719,10.0,0.0
886.2019210498978,9.0,0.0
886.2027514394512,8.0,0.0
886.204615762236,7.0,0.0
886.2280665958983,6.0,0.0
886.230261219009,5.0,0.0
886.2343685869472,6.0,0.0
886.2438231677767,5.0,0.0
886.2623295725875,4.0,0.0
886.2843531221555,3.0,0.0
886.2884604151187,2.0,0.0
886.2950165135709,1.0,0.0
886.2966786031832,0.0,0.0
886.3546888198666,1.0,0.0
886.3570350297687,0.0,0.0
886.3802604194157,1.0,0.0
886.3997059920376,0.0,0.0
886.4119553731458,1.0,0.0
886.4271944136681,0.0,0.0
886.4584202129504,1.0,0.0
886.461164520986,2.0,0.0
886.4698753489542,1.0,0.0
886.4730482118098,2.0,0.0
886.5019682997013,1.0,0.0
886.5225571704345,2.0,0.0
886.5250948353736,1.0,0.0
886.5257615181057,0.0,0.0
886.5323150947496,1.0,0.0
886.5533148026332,0.0,0.0
886.5644126388843,1.0,0.0
886.5667578990714,0.0,0.0
886.5835999000135,1.0,0.0
886.5998633588066,0.0,0.0
886.6704827055213,1.0,0.0
886.6786745944073,0.0,0.0
886.851815391911,1.0,0.0
886.8521631491137,0.0,0.0
886.9316060173873,1.0,0.0
886.9358199418803,2.0,0.0
886.9510098947641,1.0,0.0
886.9601409952955,2.0,0.0
886.9738742526196,1.0,0.0
886.9793355402127,0.0,0.0
886.986406942008,1.0,0.0
886.9893538952563,0.0,0.0
886.9915387953865,1.0,0.0
886.9921688513077,2.0,0.0
886.9938602007485,1.0,0.0
886.9987460713684,0.0,0.0
887.0026382124764,1.0,0.0
887.0761187802161,0.0,0.0
887.1459525925951,1.0,0.0
887.1794575154354,0.0,0.0
887.2483193129775,1.0,0.0
887.2606516320291,2.0,0.0
887.266948572456,1.0,0.0
887.3044908362682,2.0,0.0
887.3084136033098,1.0,0.0
887.3417607553682,2.0,0.0
887.3472194554599,1.0,0.0
887.3669610513512,0.0,0.0
887.398607534002,1.0,0.0
887.4123677308891,2.0,0.0
887.4188887054233,1.0,0.0
887.4511448797259,0.0,0.0
887.53788792097,1.0,0.0
887.5842783970887,2.0,0.0
887.5981760232056,1.0,0.0
887.6197122011076,0.0,0.0
887.7495193927042,1.0,0.0
887.8453750484766,0.0,0.0
887.8811507937183,1.0,0.0
887.8828809325947,0.0,0.0
887.9374103376666,1.0,0.0
887.9563766697364,0.0,0.0
887.9615754303685,1.0,0.0
887.9682860923742,0.0,0.0
888.0120595518079,1.0,0.0
888.0537457056007,0.0,0.0
888.0864182667597,1.0,0.0
888.1030021778919,0.0,0.0
888.2136071434945,1.0,0.0
888.2520641578102,0.0,0.0
888.3453749984837,1.0,0.0
888.3533028951482,0.0,0.0
888.377992588796,1.0,0.0
888.3830263240363,0.0,0.0
888.4589986213451,1.0,0.0
888.4701455821504,2.0,0.0
888.4735455151191,1.0,0.0
888.4806504151134,0.0,0.0
888.5151792370045,1.0,0.0
888.5184362359673,0.0,0.0
888.6666426004098,1.0,0.0
888.6721729113874,2.0,0.0
888.6758269276703,1.0,0.0
888.6894469347599,2.0,0.0
888.7009450037872,3.0,0.0
888.7010469693934,2.0,0.0
888.7012514586598,3.0,0.0
888.7055963707095,2.0,0.0
888.7097843816932,1.0,0.0
888.7247422749092,2.0,0.0
888.7421301719389,1.0,0.0
888.7427052236641,0.0,0.0
888.8696968063199,1.0,0.0
888.8699989610429,2.0,0.0
888.8716689571775,3.0,0.0
888.8847662780512,2.0,0.0
888.8852359777557,3.0,0.0
888.8905338513293,2.0,0.0
888.8932747030977,1.0,0.0
888.908821056142,0.0,0.0
888.9149276158038,1.0,0.0
888.9215388500144,2.0,0.0
888.930232692137,1.0,0.0
888.9399883832712,2.0,0.0
888.94377240178,1.0,0.0
888.9452085093204,0.0,0.0
888.9479540291838,1.0,0.0
888.9702180135687,2.0,0.0
888.9723395777912,1.0,0.0
889.0096531465964,0.0,0.0
889.03685273334,1.0,0.0
889.0374791554809,2.0,0.0
889.06342902815,1.0,0.0
889.0689205036979,0.0,0.0
889.0910507058107,1.0,0.0
889.1049713200844,0.0,0.0
889.1369684837713,1.0,0.0
889.1505577677772,0.0,0.0
889.1838568884698,1.0,0.0
889.1896207715554,0.0,0.0
889.2036388930487,1.0,0.0
889.2102967559996,0.0,0.0
889.2703252514457,1.0,0.0
889.2715562144513,0.0,0.0
889.280863364354,1.0,0.0
889.2947499453346,0.0,0.0
889.3068887741142,1.0,0.0
889.3269788237204,0.0,0.0
889.4470912884634,1.0,0.0
889.4472851512531,0.0,0.0
889.4548289476735,1.0,0.0
889.4562694392864,2.0,0.0
889.4746916918771,1.0,0.0
889.5091315138022,2.0,0.0
889.5184099640929,1.0,0.0
889.5723404046752,2.0,0.0
889.5839747121167,1.0,0.0
889.600229114196,2.0,0.0
889.6029903424484,3.0,0.0
889.6047822264569,2.0,0.0
889.6208621438107,1.0,0.0
889.6275260474599,2.0,0.0
889.6275777232798,1.0,0.0
889.6299782059007,2.0,0.0
889.6468385212701,1.0,0.0
889.64698934643,0.0,0.0
889.6789776418307,1.0,0.0
889.7078206066627,2.0,0.0
889.7357599380559,3.0,0.0
889.7704690336012,4.0,0.0
889.7809395954001,3.0,0.0
889.8075865424354,2.0,0.0
889.8200317352291,1.0,0.0
889.8220056573354,0.0,0.0
889.8507817907985,1.0,0.0
889.8601360941122,0.0,0.0
889.9123426890781,1.0,0.0
889.9179072688698,2.0,0.0
889.9265201128068,1.0,0.0
889.928247272006,0.0,0.0
889.9604549194225,1.0,0.0
889.9962928529305,0.0,0.0
890.0181659888617,1.0,0.0
890.019108367552,2.0,0.0
890.0584526381264,1.0,0.0
890.0871381823671,2.0,0.0
890.1064568504897,1.0,0.0
890.1254301382945,0.0,0.0
890.1410878949283,1.0,0.0
890.1804376858565,0.0,0.0
890.2526132280767,1.0,0.0
890.2526860669333,0.0,0.0
890.260032352705,1.0,0.0
890.2688821006382,2.0,0.0
890.2803177495557,1.0,0.0
890.2820120096482,0.0,0.0
890.2839010897771,1.0,0.0
890.2890082838871,0.0,0.0
890.3268870812786,1.0,0.0
890.3399492879208,0.0,0.0
890.3512479500014,1.0,0.0
890.3667141949596,2.0,0.0
890.3707125094418,3.0,0.0
890.3869194459684,2.0,0.0
890.3929651971432,3.0,0.0
890.3979655673447,2.0,0.0
890.4378388393777,1.0,0.0
890.4580705574077,0.0,0.0
890.5239812030126,1.0,0.0
890.5308670917539,2.0,0.0
890.5312579931681,1.0,0.0
890.5323473022657,2.0,0.0
890.5377133772105,3.0,0.0
890.5462771742755,2.0,0.0
890.5560242728383,3.0,0.0
890.5656629312584,4.0,0.0
890.5730434892977,5.0,0.0
890.5769657617525,6.0,0.0
890.5998498338004,5.0,0.0
890.6002691766298,6.0,0.0
890.6104237920214,5.0,0.0
890.6138398308328,6.0,0.0
890.6290355959749,7.0,0.0
890.6358273612171,6.0,0.0
890.635954264916,5.0,0.0
890.6361206154675,6.0,0.0
890.6409287991025,5.0,0.0
890.6435511212658,4.0,0.0
890.6650201310345,5.0,0.0
890.6668924616637,6.0,0.0
890.6713051254592,7.0,0.0
890.6820076434891,8.0,0.0
890.6854744549568,9.0,0.0
890.7012830067221,10.0,0.0
890.7048205626937,9.0,0.0
890.7059385691433,10.0,0.0
890.7124807917279,11.0,0.0
890.7125738419115,10.0,0.0
890.7181630971822,11.0,0.0
890.7196311141822,10.0,0.0
890.7262637945125,11.0,0.0
890.7317535011367,12.0,0.0
890.7362576455939,11.0,0.0
890.7365611608972,10.0,0.0
890.7403943098433,9.0,0.0
890.7456209722815,10.0,0.0
890.7505761688338,9.0,0.0
890.7517449255209,10.0,0.0
890.758696521267,11.0,0.0
890.7619322704267,10.0,0.0
890.7718321195231,9.0,0.0
890.7745271884093,8.0,0.0
890.7758075029085,7.0,0.0
890.7802005934495,6.0,0.0
890.7849291490556,5.0,0.0
890.7946254460282,4.0,0.0
890.7971119535989,3.0,0.0
890.80365329136,4.0,0.0
890.809568219588,5.0,0.0
890.8224723896284,4.0,0.0
890.8309224486235,3.0,0.0
890.8613325138335,4.0,0.0
890.8667571580926,5.0,0.0
890.8729926039539,6.0,0.0
890.8816117465827,5.0,0.0
890.8883641279477,6.0,0.0
890.9006270485926,5.0,0.0
890.9013721961375,4.0,0.0
890.9105283374485,5.0,0.0
890.9111903372733,6.0,0.0
890.9129530007119,5.0,0.0
890.9196568489458,6.0,0.0
890.9244123432273,7.0,0.0
890.9260233477503,8.0,0.0
890.9309683663128,9.0,0.0
890.9331672755424,8.0,0.0
890.934160051366,9.0,0.0
890.9347359705016,8.0,0.0
890.9435147744088,7.0,0.0
890.9612736402526,6.0,0.0
890.9656082460964,7.0,0.0
890.9677918702082,6.0,0.0
890.9852055813022,5.0,0.0
890.9875652200589,6.0,0.0
890.9895118054197,7.0,0.0
890.9910715772772,8.0,0.0
890.996040362812,9.0,0.0
891.0001502142968,8.0,0.0
891.0079255336735,9.0,0.0
891.0112064102495,10.0,0.0
891.0184140618805,11.0,0.0
891.0219881152259,10.0,0.0
891.0248400782065,11.0,0.0
891.0294289464055,12.0,0.0
891.0359720081404,11.0,0.0
891.0365702347246,12.0,0.0
891.0419138108557,11.0,0.0
891.053402678579,12.0,0.0
891.0955880698665,13.0,0.0
891.1095603922164,12.0,0.0
891.1115073927649,11.0,0.0
891.1144324969875,10.0,0.0
891.118885832703,9.0,0.0
891.120940886676,8.0,0.0
891.1223726976119,9.0,0.0
891.1228612186111,10.0,0.0
891.1234695512454,9.0,0.0
891.1285356278378,8.0,0.0
891.1390335828467,9.0,0.0
891.1418268980667,10.0,0.0
891.1445632908742,9.0,0.0
891.1486011866783,8.0,0.0
891.1488490870453,9.0,0.0
891.1536837508609,10.0,0.0
891.159109050701,9.0,0.0
891.1775149745737,8.0,0.0
891.183335654747,9.0,0.0
891.1882761659319,10.0,0.0
891.1901600453177,11.0,0.0
891.1913478522554,12.0,0.0
891.1975275701485,13.0,0.0
891.2150200093525,12.0,0.0
891.2400373960468,11.0,0.0
891.2403087482392,12.0,0.0
891.2404821718084,11.0,0.0
891.2420203632631,10.0,0.0
891.2475544211724,11.0,0.0
891.248732489274,10.0,0.0
891.253620638802,11.0,0.0
891.2539754715872,10.0,0.0
891.257102683885,9.0,0.0
891.2606163340399,10.0,0.0
891.2928130376272,9.0,0.0
891.2946207008648,8.0,0.0
891.3105453020806,9.0,0.0
891.3160617945883,8.0,0.0
891.330229145459,9.0,0.0
891.3352771108395,8.0,0.0
891.3364806997059,7.0,0.0
891.337535241236,6.0,0.0
891.3466053139575,7.0,0.0
891.3553748608036,6.0,0.0
891.3567386934119,7.0,0.0
891.3587436503728,8.0,0.0
891.3599239062494,9.0,0.0
891.3609408008067,10.0,0.0
891.3639725601371,11.0,0.0
891.3645091495993,10.0,0.0
891.3665225435351,9.0,0.0
891.3675399371153,8.0,0.0
891.3756631858688,7.0,0.0
891.3759398593154,6.0,0.0
891.3768856261994,5.0,0.0
891.3823884877056,4.0,0.0
891.3893685969433,3.0,0.0
891.3985543853045,4.0,0.0
891.4007876314722,3.0,0.0
891.401403373663,2.0,0.0
891.4059533020906,1.0,0.0
891.4125028214222,2.0,0.0
891.4127967856726,1.0,0.0
891.4296588887619,2.0,0.0
891.4330281565652,1.0,0.0
891.4456844980756,2.0,0.0
891.4506221914755,1.0,0.0
891.4587820826106,2.0,0.0
891.4780098068057,3.0,0.0
891.4819957938396,4.0,0.0
891.4911737720585,5.0,0.0
891.4913778899955,6.0,0.0
891.4996997200892,5.0,0.0
891.5007591710261,6.0,0.0
891.5062670770069,7.0,0.0
891.5092265164986,8.0,0.0
891.5116863991939,7.0,0.0
891.5243857414764,8.0,0.0
891.5422685183642,9.0,0.0
891.5466823963101,8.0,0.0
891.5566385072286,7.0,0.0
891.5616756354899,6.0,0.0
891.5625825449391,7.0,0.0
891.5686293908744,6.0,0.0
891.5885855336322,7.0,0.0
891.5913404162151,6.0,0.0
891.5924703543719,5.0,0.0
891.599026594308,6.0,0.0
891.6156037489901,7.0,0.0
891.6180618958314,8.0,0.0
891.6261034073366,9.0,0.0
891.626785215545,10.0,0.0
891.6325140988475,11.0,0.0
891.6352854888272,12.0,0.0
891.6375763195977,11.0,0.0
891.6394465040499,12.0,0.0
891.6418069605056,13.0,0.0
891.6436631879402,12.0,0.0
891.6436895323301,13.0,0.0
891.6469610327794,14.0,0.0
891.6483390962635,15.0,0.0
891.6529059665257,14.0,0.0
891.6555773939958,13.0,0.0
891.6558640503658,12.0,0.0
891.6564255548066,13.0,0.0
891.6614602878685,12.0,0.0
891.6630830541869,11.0,0.0
891.6630979663695,10.0,0.0
891.666749329703,9.0,0.0
891.6734823079009,10.0,0.0
891.6739354454139,9.0,0.0
891.6748350650527,8.0,0.0
891.6750176273758,7.0,0.0
891.6797579499845,8.0,0.0
891.6837786809018,9.0,0.0
891.6848215261684,8.0,0.0
891.6880055793357,9.0,0.0
891.697314175481,10.0,0.0
891.7009688368959,9.0,0.0
891.7251457116361,8.0,0.0
891.7319139047343,7.0,0.0
891.7356869934075,6.0,0.0
891.7399017523404,5.0,0.0
891.743615807886,4.0,0.0
891.760289602378,3.0,0.0
891.765821093355,4.0,0.0
891.7736777829826,5.0,0.0
891.7737510283545,4.0,0.0
891.7756403114103,3.0,0.0
891.778726503943,4.0,0.0
891.7815798003119,3.0,0.0
891.7880975054549,4.0,0.0
891.7905800380329,3.0,0.0
891.7908520513834,4.0,0.0
891.7960107369961,3.0,0.0
891.7964978028847,4.0,0.0
891.8128929513098,5.0,0.0
891.8176359151257,4.0,0.0
891.8243366881022,5.0,0.0
891.8281874901572,6.0,0.0
891.8316034542543,7.0,0.0
891.8396762688601,8.0,0.0
891.8408229057987,7.0,0.0
891.8512557788584,8.0,0.0
891.8563497188958,7.0,0.0
891.8573552646434,8.0,0.0
891.862618080804,9.0,0.0
891.8645058009079,10.0,0.0
891.8783950459049,11.0,0.0
891.8833298851667,10.0,0.0
891.8849285368476,9.0,0.0
891.8935569679528,10.0,0.0
891.895253117345,9.0,0.0
891.9045221289646,8.0,0.0
891.910658941554,9.0,0.0
891.9117541180326,10.0,0.0
891.9122727228736,9.0,0.0
891.9302286509447,10.0,0.0
891.9364197972814,11.0,0.0
891.945924077454,10.0,0.0
891.9592844505557,11.0,0.0
891.962161159748,12.0,0.0
891.9710492708324,11.0,0.0
891.9792243081001,12.0,0.0
891.9802382529298,13.0,0.0
891.9973342114341,14.0,0.0
892.004328148887,15.0,0.0
892.0077344070228,14.0,0.0
892.0137586330204,15.0,0.0
892.0167120007306,16.0,0.0
892.0190377925842,17.0,0.0
892.0225242094315,18.0,0.0
892.031671998703,17.0,0.0
892.037937912928,18.0,0.0
892.0481632179925,19.0,0.0
892.0496264189206,20.0,0.0
892.0528276371685,19.0,0.0
892.0600419489649,18.0,0.0
892.0739044078144,17.0,0.0
892.0755821341038,18.0,0.0
892.0771942205785,17.0,0.0
892.0826431982206,16.0,0.0
892.0853581713714,17.0,0.0
892.1174177214281,16.0,0.0
892.1270626379224,15.0,0.0
892.1325860015728,16.0,0.0
892.132620111095,15.0,0.0
892.1498769832235,16.0,0.0
892.1542355982859,17.0,0.0
892.1570278484953,18.0,0.0
892.1589912805541,19.0,0.0
892.1602227474631,20.0,0.0
892.1642413297187,19.0,0.0
892.1690144627133,20.0,0.0
892.1745732625475,21.0,0.0
892.175953164208,22.0,0.0
892.1779208522686,23.0,0.0
892.1906696008932,22.0,0.0
892.1914377026577,21.0,0.0
892.1914597389248,22.0,0.0
892.1937008105949,23.0,0.0
892.2041796896951,22.0,0.0
892.208387440618,21.0,0.0
892.2089434034805,20.0,0.0
892.2319226003783,21.0,0.0
892.236001640655,20.0,0.0
892.2379586120761,19.0,0.0
892.2380208796111,20.0,0.0
892.2516354484185,21.0,0.0
892.2677689261709,20.0,0.0
892.2682775104928,19.0,0.0
892.2709461459682,18.0,0.0
892.2762856595422,19.0,0.0
892.2766736105679,18.0,0.0
892.2787852920468,19.0,0.0
892.2942948716645,20.0,0.0
892.2949052214757,19.0,0.0
892.3054946561933,20.0,0.0
892.3154663622431,21.0,0.0
892.3226164796837,22.0,0.0
892.3235412265066,21.0,0.0
892.3249166310408,20.0,0.0
892.3413372688564,21.0,0.0
892.3421946693794,20.0,0.0
892.3422477411901,19.0,0.0
892.3470659011838,18.0,0.0
892.3547759711382,17.0,0.0
892.3601942702769,18.0,0.0
892.3645328434558,17.0,0.0
892.3796075751344,18.0,0.0
892.3826822709738,17.0,0.0
892.3870476145721,16.0,0.0
892.3887325475092,17.0,0.0
892.3920741525591,16.0,0.0
892.4001375448398,15.0,0.0
892.4095842412728,14.0,0.0
892.4125176798962,13.0,0.0
892.4251180018874,14.0,0.0
892.4399842354578,15.0,0.0
892.4401066395982,16.0,0.0
892.4443142938592,17.0,0.0
892.4479260338438,18.0,0.0
892.4502339713684,19.0,0.0
892.4602292956906,18.0,0.0
892.4667244725186,19.0,0.0
892.4804305151297,20.0,0.0
892.4842767860307,21.0,0.0
892.4941274141613,22.0,0.0
892.5028665240029,23.0,0.0
892.5082887376718,24.0,0.0
892.5086911254198,25.0,0.0
892.5148048350127,24.0,0.0
892.5283238699514,25.0,0.0
892.5311109552954,26.0,0.0
892.5350593755015,25.0,0.0
892.5385179666981,26.0,0.0
892.5510184661059,25.0,0.0
892.5568756235892,26.0,0.0
892.5595042618253,25.0,0.0
892.5640378771491,24.0,0.0
892.5640514808999,25.0,0.0
892.5713986944007,26.0,0.0
892.572482083485,25.0,0.0
892.5775154931872,26.0,0.0
892.5787719431913,25.0,0.0
892.5952475105382,26.0,0.0
892.5988449536131,25.0,0.0
892.6025628299215,26.0,0.0
892.6085041528978,27.0,0.0
892.6117587261962,26.0,0.0
892.6125581229307,27.0,0.0
892.6190633958889,28.0,0.0
892.6272800041992,27.0,0.0
892.6315686436005,28.0,0.0
892.6353309378433,29.0,0.0
892.6413108352608,30.0,0.0
892.6579380476071,31.0,0.0
892.6623218608098,30.0,0.0
892.6675933480338,31.0,0.0
892.6705922453234,30.0,0.0
892.6830944393797,31.0,0.0
892.6873408973228,32.0,0.0
892.6885819731057,33.0,0.0
892.6900241680287,34.0,0.0
892.6905132859553,35.0,0.0
892.6923011124802,36.0,0.0
892.6928695832654,37.0,0.0
892.6932805188886,38.0,0.0
892.6958402863226,37.0,0.0
892.7000236953531,36.0,0.0
892.7156670739062,35.0,0.0
892.7196697863375,36.0,0.0
892.7208762893912,35.0,0.0
892.7297674232284,34.0,0.0
892.7454757962229,35.0,0.0
892.7497972168981,36.0,0.0
892.7498064233628,37.0,0.0
892.7528453231226,38.0,0.0
892.755786654694,37.0,0.0
892.7752811630725,38.0,0.0
892.7767123988732,37.0,0.0
892.7823352640788,38.0,0.0
892.7954798670193,37.0,0.0
892.8020331460133,38.0,0.0
892.8066674105216,39.0,0.0
892.8080954984171,40.0,0.0
892.8092770257339,41.0,0.0
892.8133647054119,40.0,0.0
892.816741741594,41.0,0.0
892.8176353542838,42.0,0.0
892.8279542348798,41.0,0.0
892.8385394860738,40.0,0.0
892.8448043832116,41.0,0.0
892.8512635783103,42.0,0.0
892.8543683370109,41.0,0.0
892.8559235086341,42.0,0.0
892.8578772737525,43.0,0.0
892.860607568935,44.0,0.0
892.8621031112089,43.0,0.0
892.8621376361281,44.0,0.0
892.8849584168217,43.0,0.0
892.8977270817858,44.0,0.0
892.9121724173509,45.0,0.0
892.9122184351284,46.0,0.0
892.926847887299,47.0,0.0
892.9270969155879,48.0,0.0
892.9271999231838,49.0,0.0
892.928057431637,50.0,0.0
892.9373109046261,51.0,0.0
892.9390814785859,52.0,0.0
892.942906407216,51.0,0.0
892.9445985996966,52.0,0.0
892.9515623762474,51.0,0.0
892.9553974806564,52.0,0.0
892.9590727445042,53.0,0.0
892.9650837017388,52.0,0.0
892.9654069230432,51.0,0.0
892.965453842462,52.0,0.0
892.9693407115074,51.0,0.0
892.9761689975066,52.0,0.0
892.9906475556214,53.0,0.0
892.9952435592098,54.0,0.0
893.0071488896134,55.0,0.0
893.0164236177848,56.0,0.0
893.021980152681,57.0,0.0
893.0335012502827,58.0,0.0
893.0371058121158,57.0,0.0
893.0484900951612,58.0,0.0
893.0521554583872,57.0,0.0
893.0558315720547,58.0,0.0
893.0573901142541,57.0,0.0
893.058421017369,58.0,0.0
893.061927592283,59.0,0.0
893.0626237335346,58.0,0.0
893.0800825076966,59.0,0.0
893.0826509359798,60.0,0.0
893.0845018023392,61.0,0.0
893.0888995802884,60.0,0.0
893.09170174954,59.0,0.0
893.0968031138462,60.0,0.0
893.0977609236501,59.0,0.0
893.1063764504289,58.0,0.0
893.1131345953047,57.0,0.0
893.113827445044,58.0,0.0
893.1175273301725,59.0,0.0
893.1175653864489,60.0,0.0
893.1270259910659,61.0,0.0
893.1320728912712,62.0,0.0
893.1340023874756,61.0,0.0
893.1340276798662,60.0,0.0
893.1400019987892,61.0,0.0
893.152276574499,62.0,0.0
893.1560765193082,63.0,0.0
893.1566618583495,64.0,0.0
893.1569085712815,65.0,0.0
893.1631668319354,64.0,0.0
893.1642101839501,65.0,0.0
893.1660446322925,66.0,0.0
893.1688970920148,67.0,0.0
893.188199280976,68.0,0.0
893.1904500450463,69.0,0.0
893.1966448585628,68.0,0.0
893.1984926290575,67.0,0.0
893.2001946871915,68.0,0.0
893.2046796766596,69.0,0.0
893.2083588423977,68.0,0.0
893.2154574905433,69.0,0.0
893.2159001981912,68.0,0.0
893.2191080616254,69.0,0.0
893.2313203469374,70.0,0.0
893.2313305292206,69.0,0.0
893.2353839342901,70.0,0.0
893.2375045830036,71.0,0.0
893.2418850186556,72.0,0.0
893.2504233560101,73.0,0.0
893.2581761359902,72.0,0.0
893.2608388519819,73.0,0.0
893.2655381266278,74.0,0.0
893.2727034196467,73.0,0.0
893.2763050630754,74.0,0.0
893.281747316294,75.0,0.0
893.2832255142224,74.0,0.0
893.2868412002558,75.0,0.0
893.2933718777201,76.0,0.0
893.3135980692734,77.0,0.0
893.3227020582278,76.0,0.0
893.3271692556452,75.0,0.0
893.3320931885386,76.0,0.0
893.3402318537338,77.0,0.0
893.3576658485283,78.0,0.0
893.3605514550999,79.0,0.0
893.3657670061793,80.0,0.0
893.367517106971,79.0,0.0
893.3823544084271,78.0,0.0
893.3871018584442,79.0,0.0
893.3874029242328,80.0,0.0
893.3896310657808,81.0,0.0
893.3897615951184,80.0,0.0
893.3986615424346,81.0,0.0
893.3996729379439,80.0,0.0
893.4042222647423,81.0,0.0
893.4063788214875,82.0,0.0
893.4181385392089,83.0,0.0
893.4212292640157,84.0,0.0
893.4214977593923,85.0,0.0
893.426201712808,86.0,0.0
893.4288243402598,85.0,0.0
893.4292879845126,86.0,0.0
893.4369414063573,87.0,0.0
893.4381540447872,88.0,0.0
893.439915827293,87.0,0.0
893.44349641915,86.0,0.0
893.4526501254178,85.0,0.0
893.4633310038155,84.0,0.0
893.4645679739788,85.0,0.0
893.473372883655,86.0,0.0
893.4741195220378,87.0,0.0
893.4800093835324,88.0,0.0
893.4875318010177,89.0,0.0
893.489992231555,90.0,0.0
893.4988885660256,89.0,0.0
893.5005375808519,90.0,0.0
893.506541694832,89.0,0.0
893.5079202510213,88.0,0.0
893.5099549601491,87.0,0.0
893.5186291351265,88.0,0.0
893.521351119579,89.0,0.0
893.5221982712263,90.0,0.0
893.5248793760916,89.0,0.0
893.5271505414632,90.0,0.0
893.5335100121597,89.0,0.0
893.5361224008519,88.0,0.0
893.5374928809232,89.0,0.0
893.5424603545894,90.0,0.0
893.5508160250947,89.0,0.0
893.555423049604,88.0,0.0
893.5588765580162,87.0,0.0
893.5713647042677,86.0,0.0
893.5779431322433,87.0,0.0
893.5791458458502,88.0,0.0
893.5806093751992,87.0,0.0
893.5874025497551,86.0,0.0
893.5955891531659,87.0,0.0
893.5963908400322,86.0,0.0
893.5972224656929,85.0,0.0
893.5976016399072,86.0,0.0
893.6024704254696,85.0,0.0
893.6030051690844,86.0,0.0
893.6046506373111,85.0,0.0
893.6093525541451,86.0,0.0
893.6164496157534,85.0,0.0
893.6228059912645,86.0,0.0
893.6296650997705,87.0,0.0
893.6311048020164,88.0,0.0
893.6334472945439,89.0,0.0
893.6381877027028,90.0,0.0
893.6405231821107,91.0,0.0
893.6426284257781,92.0,0.0
893.6457994588769,93.0,0.0
893.6568744429733,94.0,0.0
893.6652412170449,93.0,0.0
893.6667141953915,94.0,0.0
893.6763619840563,93.0,0.0
893.6791293191384,94.0,0.0
893.685486353242,95.0,0.0
893.6922661064923,96.0,0.0
893.6944358450273,97.0,0.0
893.7052842431709,98.0,0.0
893.7163273693228,99.0,0.0
893.721426034348,100.0,0.0
893.7241637856301,101.0,0.0
893.7253283250316,102.0,0.0
893.7263637655864,103.0,0.0
893.7270246449414,104.0,0.0
893.7285489490755,103.0,0.0
893.7327070726609,104.0,0.0
893.7366115672114,105.0,0.0
893.7403082118344,106.0,0.0
893.7405367901933,107.0,0.0
893.7583443767528,108.0,0.0
893.7613907410469,107.0,0.0
893.7625799360893,106.0,0.0
893.7635295530561,105.0,0.0
893.7679878907359,106.0,0.0
893.7683864668118,107.0,0.0
893.789780626308,108.0,0.0
893.7945654666223,107.0,0.0
893.8103857927177,108.0,0.0
893.8141853559548,109.0,0.0
893.8186184613921,110.0,0.0
893.8189813642937,109.0,0.0
893.821541886718,108.0,0.0
893.821638602403,107.0,0.0
893.8238677848078,108.0,0.0
893.8279745359248,107.0,0.0
893.8301312308658,108.0,0.0
893.8309539421882,109.0,0.0
893.8324723454268,108.0,0.0
893.8334337187166,109.0,0.0
893.8423898765795,108.0,0.0
893.8498029559456,109.0,0.0
893.8509921745551,110.0,0.0
893.8549640544367,109.0,0.0
893.8652850827037,110.0,0.0
893.8684035272341,111.0,0.0
893.8690685613283,110.0,0.0
893.8747803431131,111.0,0.0
893.8789542131881,112.0,0.0
893.9003068856234,111.0,0.0
893.9121168052234,112.0,0.0
893.9210714737126,111.0,0.0
893.9239773021097,110.0,0.0
893.927388052325,109.0,0.0
893.9400066997513,110.0,0.0
893.9457016865996,111.0,0.0
893.9487889053361,112.0,0.0
893.9490223118715,111.0,0.0
893.9507629897736,110.0,0.0
893.9538488790482,111.0,0.0
893.9623946384307,110.0,0.0
893.9638500662363,109.0,0.0
893.9716401028538,108.0,0.0
893.9808897037237,107.0,0.0
893.9867862736944,106.0,0.0
894.0012531748378,107.0,0.0
894.0024876037724,106.0,0.0
894.0190832028353,107.0,0.0
894.0215155220399,106.0,0.0
894.0308633192803,107.0,0.0
894.0363611921945,108.0,0.0
894.0381550985277,107.0,0.0
894.0393534588003,108.0,0.0
894.039537540461,107.0,0.0
894.0442906526403,108.0,0.0
894.059660253545,107.0,0.0
894.0599083589212,108.0,0.0
894.0661265959552,107.0,0.0
894.0694855507185,108.0,0.0
894.0743893104229,109.0,0.0
894.0750450300344,110.0,0.0
894.0782452592958,111.0,0.0
894.0787985954265,110.0,0.0
894.0838901896515,111.0,0.0
894.0848754611642,112.0,0.0
894.090205502338,111.0,0.0
894.0927980038822,110.0,0.0
894.0961833834376,111.0,0.0
894.099121204777,112.0,0.0
894.1128928307528,113.0,0.0
894.1179097212113,114.0,0.0
894.1251505007737,115.0,0.0
894.1270555557187,116.0,0.0
894.1278326315822,115.0,0.0
894.1317609662702,114.0,0.0
894.1381655547568,115.0,0.0
894.1394137089962,116.0,0.0
894.1459278067894,117.0,0.0
894.1583249279652,116.0,0.0
894.1635933406399,115.0,0.0
894.1646387174711,116.0,0.0
894.1668172924059,117.0,0.0
894.1688639045007,116.0,0.0
894.1756319847718,117.0,0.0
894.17576347619,118.0,0.0
894.1758210932019,119.0,0.0
894.1772013609066,120.0,0.0
894.1784139947925,119.0,0.0
894.1810065925043,120.0,0.0
894.1833489532081,119.0,0.0
894.1868066946579,120.0,0.0
894.1874312853065,119.0,0.0
894.1886866986217,118.0,0.0
894.1902686760766,119.0,0.0
894.1986916691428,120.0,0.0
894.2110440031171,121.0,0.0
894.2174616434966,122.0,0.0
894.2189544578454,121.0,0.0
894.2220774871965,122.0,0.0
894.2262299945965,123.0,0.0
894.2272274538735,124.0,0.0
894.2303619907054,125.0,0.0
894.2331700198164,124.0,0.0
894.2333832215297,123.0,0.0
894.2393452949854,124.0,0.0
894.2518163869678,125.0,0.0
894.2544739314465,126.0,0.0
894.2588429349448,125.0,0.0
894.259578932299,124.0,0.0
894.2608299631783,125.0,0.0
894.2634718926507,126.0,0.0
894.2709788459075,127.0,0.0
894.2729155306295,128.0,0.0
894.2756853960722,129.0,0.0
894.2835068216822,130.0,0.0
894.2855613474346,131.0,0.0
894.2899267514779,132.0,0.0
894.2912843774343,133.0,0.0
894.2917655414127,134.0,0.0
894.3081405166247,133.0,0.0
894.3097285222025,132.0,0.0
894.3153007260596,133.0,0.0
894.320383112255,132.0,0.0
894.3207947866398,131.0,0.0
894.3330093064955,132.0,0.0
894.3505117965432,133.0,0.0
894.3510038759941,134.0,0.0
894.351885414164,133.0,0.0
894.3530159884186,134.0,0.0
894.3539998577078,135.0,0.0
894.3552638561364,134.0,0.0
894.3643786891266,133.0,0.0
894.3648826947206,132.0,0.0
894.3684112752734,133.0,0.0
894.3695710842635,134.0,0.0
894.36999149651,135.0,0.0
894.3711261654349,136.0,0.0
894.37684380153,137.0,0.0
894.3790268370559,138.0,0.0
894.3906517547272,137.0,0.0
894.3922968493639,138.0,0.0
894.3976339553311,139.0,0.0
894.4231053210502,138.0,0.0
894.4273856077905,139.0,0.0
894.4503322798157,138.0,0.0
894.4591244379587,139.0,0.0
894.464041204792,138.0,0.0
894.4687016179763,137.0,0.0
894.4700880946932,138.0,0.0
894.4754465717942,137.0,0.0
894.477770950437,138.0,0.0
894.4797221388596,139.0,0.0
894.479909934304,140.0,0.0
894.4826250905762,141.0,0.0
894.4959374678941,142.0,0.0
894.4972836618492,143.0,0.0
894.4995279458772,144.0,0.0
894.5033778032852,145.0,0.0
894.5056383152976,144.0,0.0
894.5091278115425,143.0,0.0
894.5092922469574,142.0,0.0
894.513536469219,141.0,0.0
894.5145343949835,140.0,0.0
894.5178829187524,141.0,0.0
894.5209731830366,142.0,0.0
894.5288827400371,141.0,0.0
894.5327919430383,140.0,0.0
894.5362731688762,141.0,0.0
894.5450605328492,140.0,0.0
894.5456308672235,139.0,0.0
894.5472994192359,138.0,0.0
894.5481048834222,137.0,0.0
894.549227996596,136.0,0.0
894.5805339759089,137.0,0.0
894.5831747223804,136.0,0.0
894.5902625690835,137.0,0.0
894.5928437501889,138.0,0.0
894.5995999116852,137.0,0.0
894.6019156741289,136.0,0.0
894.6059433353616,135.0,0.0
894.6107133617883,136.0,0.0
894.6109198698352,135.0,0.0
894.6148777534863,136.0,0.0
894.6161046979395,137.0,0.0
894.6162654660372,138.0,0.0
894.6342913088838,137.0,0.0
894.6661436104312,138.0,0.0
894.6783183592354,137.0,0.0
894.679480496361,138.0,0.0
894.6832394198524,137.0,0.0
894.6841682169159,136.0,0.0
894.6852076548953,137.0,0.0
894.6856289136801,138.0,0.0
894.6861166934231,139.0,0.0
894.6939502349271,140.0,0.0
894.6967496665683,141.0,0.0
894.7004923652518,142.0,0.0
894.703687940549,143.0,0.0
894.7060764331375,142.0,0.0
894.7166708448808,143.0,0.0
894.7169051693178,144.0,0.0
894.7423931079327,145.0,0.0
894.7433788559227,146.0,0.0
894.7442383134938,147.0,0.0
894.7452961512085,148.0,0.0
894.7456782530447,149.0,0.0
894.7518131920091,148.0,0.0
894.7518149130719,149.0,0.0
894.7522744688271,148.0,0.0
894.7558577188892,147.0,0.0
894.7609747106846,146.0,0.0
894.7764713137228,147.0,0.0
894.7785966109085,146.0,0.0
894.7801486318523,145.0,0.0
894.7847668913091,146.0,0.0
894.7989639667887,145.0,0.0
894.8036670766301,144.0,0.0
894.8102180573911,145.0,0.0
894.8139467466489,146.0,0.0
894.8151435357489,147.0,0.0
894.8157674253408,146.0,0.0
894.8229961134764,147.0,0.0
894.8277574428142,146.0,0.0
894.8392698957073,147.0,0.0
894.8404525923024,148.0,0.0
894.843326852092,149.0,0.0
894.850720473281,148.0,0.0
894.8508616370099,147.0,0.0
894.8558645322672,148.0,0.0
894.8610412772409,149.0,0.0
894.8619849698042,150.0,0.0
894.8636355776555,149.0,0.0
894.866004015936,150.0,0.0
894.866975122667,151.0,0.0
894.8766461706915,152.0,0.0
894.8906649750047,153.0,0.0
894.9060208276572,152.0,0.0
894.908768891483,151.0,0.0
894.910324022428,152.0,0.0
894.9150910763846,151.0,0.0
894.9190197078882,152.0,0.0
894.9278268503803,153.0,0.0
894.9297033165793,154.0,0.0
894.9313666676838,155.0,0.0
894.9327525742068,156.0,0.0
894.9344711353502,157.0,0.0
894.9401453439702,158.0,0.0
894.9436112335222,157.0,0.0
894.9438615970487,156.0,0.0
894.9495418571045,157.0,0.0
894.9501396266057,158.0,0.0
894.9543408265248,157.0,0.0
894.9604958382466,156.0,0.0
894.9671381148669,157.0,0.0
894.9720875460922,156.0,0.0
894.9724421693394,157.0,0.0
894.9736973244964,156.0,0.0
894.9748736912088,157.0,0.0
894.9976252599996,156.0,0.0
895.0042089779728,155.0,0.0
895.0104945283911,156.0,0.0
895.0197653796669,155.0,0.0
895.0200510199682,156.0,0.0
895.0240701023903,155.0,0.0
895.0273271134636,154.0,0.0
895.0282060164323,153.0,0.0
895.0359535063164,154.0,0.0
895.0438894591813,155.0,0.0
895.0495910835521,156.0,0.0
895.0524447800791,157.0,0.0
895.0531153911095,158.0,0.0
895.0599582856502,159.0,0.0
895.0610716050904,158.0,0.0
895.0644941203533,159.0,0.0
895.066209250935,160.0,0.0
895.0721093399052,159.0,0.0
895.0749465177597,158.0,0.0
895.089903521191,157.0,0.0
895.0943552977465,156.0,0.0
895.1369902488127,157.0,0.0
895.1381056587055,156.0,0.0
895.1484630933348,155.0,0.0
895.1536772918734,154.0,0.0
895.1602701299356,153.0,0.0
895.1619755176024,152.0,0.0
895.1669929868543,151.0,0.0
895.1677455022693,152.0,0.0
895.176554031367,153.0,0.0
895.1774362437636,152.0,0.0
895.177688291687,151.0,0.0
895.1777479889018,152.0,0.0
895.181232258425,153.0,0.0
895.1815791461435,154.0,0.0
895.2052580319312,153.0,0.0
895.2113692991625,154.0,0.0
895.2125483063645,155.0,0.0
895.2260154425558,154.0,0.0
895.2318761772148,155.0,0.0
895.2378868332246,156.0,0.0
895.2379850218803,157.0,0.0
895.241478305933,158.0,0.0
895.2421276540556,159.0,0.0
895.2442372496131,158.0,0.0
895.2447923656998,157.0,0.0
895.2495033137952,158.0,0.0
895.2562572950405,157.0,0.0
895.2605400728024,156.0,0.0
895.2780748936367,157.0,0.0
895.2811510303416,158.0,0.0
895.2814984416692,159.0,0.0
895.3027511096436,158.0,0.0
895.3082069594718,157.0,0.0
895.3114126108857,158.0,0.0
895.3132189024475,159.0,0.0
895.3248248633952,158.0,0.0
895.3257795833384,159.0,0.0
895.3283275596258,160.0,0.0
895.3430596178196,159.0,0.0
895.3546658836501,160.0,0.0
895.3565013061087,161.0,0.0
895.3596879824803,160.0,0.0
895.362748366672,161.0,0.0
895.3669672941054,160.0,0.0
895.3674279175185,161.0,0.0
895.368815389828,160.0,0.0
895.3695620762888,159.0,0.0
895.3721966704833,158.0,0.0
895.3761699337086,157.0,0.0
895.3773872129107,156.0,0.0
895.3821088003475,155.0,0.0
895.38829983226,156.0,0.0
895.398612799255,157.0,0.0
895.4048346477067,156.0,0.0
895.4056575947249,155.0,0.0
895.4094293843931,154.0,0.0
895.4135927866581,155.0,0.0
895.4175668078699,156.0,0.0
895.420514755942,157.0,0.0
895.4235201836768,156.0,0.0
895.4245224231306,155.0,0.0
895.432963466498,154.0,0.0
895.4337372094524,153.0,0.0
895.4357735791023,152.0,0.0
895.4402036381531,153.0,0.0
895.4528024390364,154.0,0.0
895.4562807657625,155.0,0.0
895.4764113803848,156.0,0.0
895.4804483222508,157.0,0.0
895.4878703175374,158.0,0.0
895.4924234025995,157.0,0.0
895.4933847049311,156.0,0.0
895.4938563535256,157.0,0.0
895.5001721643291,158.0,0.0
895.5023427755227,157.0,0.0
895.5066439820556,156.0,0.0
895.5084909816255,157.0,0.0
895.5133585181284,158.0,0.0
895.5136250385804,159.0,0.0
895.5203311871155,160.0,0.0
895.5257046190335,161.0,0.0
895.5269863370105,162.0,0.0
895.527050023199,163.0,0.0
895.5539870913216,162.0,0.0
895.556376785345,163.0,0.0
895.55973251837,162.0,0.0
895.5599572786115,161.0,0.0
895.5640347504011,160.0,0.0
895.5702181162891,161.0,0.0
895.5804507858107,160.0,0.0
895.5999202643437,161.0,0.0
895.600732439997,160.0,0.0
895.603734345729,161.0,0.0
895.6051903331946,162.0,0.0
895.6080702570941,161.0,0.0
895.6098667834246,160.0,0.0
895.6134388481412,161.0,0.0
895.6261454967829,162.0,0.0
895.6276006285743,161.0,0.0
895.6296525227467,162.0,0.0
895.6306616079181,161.0,0.0
895.6353826541723,160.0,0.0
895.6359726048777,159.0,0.0
895.6435251739747,160.0,0.0
895.6449789300827,161.0,0.0
895.6483015207448,162.0,0.0
895.6551654552967,163.0,0.0
895.6618173198947,164.0,0.0
895.663207263992,163.0,0.0
895.6646615559758,162.0,0.0
895.6677457939386,163.0,0.0
895.6700768401284,162.0,0.0
895.6768741411867,163.0,0.0
895.680265171009,162.0,0.0
895.6832457445049,161.0,0.0
895.6867690429499,162.0,0.0
895.6916581945894,163.0,0.0
895.6968128729999,164.0,0.0
895.6998577503963,165.0,0.0
895.7000502768497,166.0,0.0
895.7058543263847,167.0,0.0
895.7086929891223,166.0,0.0
895.7088946218705,165.0,0.0
895.7128802653916,166.0,0.0
895.7186298398092,167.0,0.0
895.7328303305283,166.0,0.0
895.7335166210398,167.0,0.0
895.7339360691043,166.0,0.0
895.7371021897269,167.0,0.0
895.7408421881231,166.0,0.0
895.7459126064418,167.0,0.0
895.7731506677555,168.0,0.0
895.7739189090943,169.0,0.0
895.7770087330616,170.0,0.0
895.7814984727415,171.0,0.0
895.7913278780924,172.0,0.0
895.825954570864,173.0,0.0
895.8274677915348,172.0,0.0
895.8348549978493,171.0,0.0
895.8459556270028,172.0,0.0
895.8520191106919,171.0,0.0
895.857124734226,170.0,0.0
895.8664501922827,171.0,0.0
895.8677560020346,172.0,0.0
895.8692601300927,171.0,0.0
895.8778466215056,172.0,0.0
895.8843996963319,173.0,0.0
895.9117116042838,174.0,0.0
895.9188823438822,175.0,0.0
895.9209007564558,174.0,0.0
895.9220362253296,175.0,0.0
895.9267963682295,176.0,0.0
895.9298432058129,177.0,0.0
895.9303817856412,176.0,0.0
895.9310318459882,177.0,0.0
895.9338854723691,176.0,0.0
895.9368157529698,177.0,0.0
895.9374932780083,178.0,0.0
895.9433758251906,179.0,0.0
895.9447046710371,178.0,0.0
895.945981947638,177.0,0.0
895.9506891878216,176.0,0.0
895.9511241923504,175.0,0.0
895.9543025045493,174.0,0.0
895.9727095449725,173.0,0.0
895.9740761537256,172.0,0.0
895.9751270546999,171.0,0.0
895.9762183808807,172.0,0.0
895.9853029180484,171.0,0.0
895.9907794824826,170.0,0.0
895.9908237870059,169.0,0.0
895.9955869047233,170.0,0.0
896.003698005895,169.0,0.0
896.0053975144249,168.0,0.0
896.0165369412376,169.0,0.0
896.0221674755257,170.0,0.0
896.0229262012344,169.0,0.0
896.0306450319621,170.0,0.0
896.0346878794292,171.0,0.0
896.0404413860934,172.0,0.0
896.0463780323134,173.0,0.0
896.0478692264792,172.0,0.0
896.0494353773722,171.0,0.0
896.0538418983534,170.0,0.0
896.0555736406674,171.0,0.0
896.0646012552071,172.0,0.0
896.0653591156457,171.0,0.0
896.0668258373088,172.0,0.0
896.067753428844,173.0,0.0
896.0747708947869,172.0,0.0
896.080800774258,173.0,0.0
896.0838020528917,174.0,0.0
896.0951607686769,173.0,0.0
896.100656861664,172.0,0.0
896.1025920279437,171.0,0.0
896.103428169141,170.0,0.0
896.1058408313364,169.0,0.0
896.1117879913622,170.0,0.0
896.1160336140762,171.0,0.0
896.1179055062343,172.0,0.0
896.1226380403473,171.0,0.0
896.1289622159765,172.0,0.0
896.1484233439938,171.0,0.0
896.1520655867881,172.0,0.0
896.1619766107608,171.0,0.0
896.1623590244408,170.0,0.0
896.1634586403832,169.0,0.0
896.1647539672201,168.0,0.0
896.1764747985051,169.0,0.0
896.1804010330628,170.0,0.0
896.1822439843958,171.0,0.0
896.1859361918481,170.0,0.0
896.1867936943376,169.0,0.0
896.186994136298,170.0,0.0
896.1877267984588,171.0,0.0
896.1895512507211,170.0,0.0
896.1932675683388,171.0,0.0
896.1994287676281,172.0,0.0
896.2049418200751,171.0,0.0
896.2071623995068,172.0,0.0
896.2133751613895,173.0,0.0
896.2189635181927,172.0,0.0
896.2263805980131,171.0,0.0
896.2265580223882,172.0,0.0
896.2363500106305,171.0,0.0
896.2367467665108,170.0,0.0
896.2426602094172,169.0,0.0
896.2514853890046,168.0,0.0
896.2524985101226,169.0,0.0
896.2563046944109,170.0,0.0
896.2582273594523,169.0,0.0
896.2628505555048,170.0,0.0
896.2726164625947,169.0,0.0
896.28217798354,170.0,0.0
896.287755454945,171.0,0.0
896.2935951105568,170.0,0.0
896.2952364820227,169.0,0.0
896.2962741938376,170.0,0.0
896.3008733589891,169.0,0.0
896.3037270819655,168.0,0.0
896.3037773577574,169.0,0.0
896.3079650645108,168.0,0.0
896.3081695904895,169.0,0.0
896.3081965154958,170.0,0.0
896.3116782919762,169.0,0.0
896.3159839074025,168.0,0.0
896.3202714432157,167.0,0.0
896.3209122160048,166.0,0.0
896.3269191731983,165.0,0.0
896.3313321206776,164.0,0.0
896.3380973761195,165.0,0.0
896.338938636377,166.0,0.0
896.340134475579,167.0,0.0
896.3458274912136,166.0,0.0
896.3489212087208,165.0,0.0
896.3499670415154,166.0,0.0
896.3500176159445,167.0,0.0
896.3501844444235,166.0,0.0
896.35508192606,167.0,0.0
896.3580821278312,168.0,0.0
896.3581582795949,169.0,0.0
896.361682195855,168.0,0.0
896.3619460439116,167.0,0.0
896.3656131177006,166.0,0.0
896.3707652414045,167.0,0.0
896.3745964803127,166.0,0.0
896.3747632311542,165.0,0.0
896.3767240933323,166.0,0.0
896.3786124949742,167.0,0.0
896.3830421718644,166.0,0.0
896.392487232638,165.0,0.0
896.4032948242742,166.0,0.0
896.4054199710555,167.0,0.0
896.4065884382916,168.0,0.0
896.4088577039877,169.0,0.0
896.4101490842313,170.0,0.0
896.4125829253838,169.0,0.0
896.4266275052687,170.0,0.0
896.4408876037371,169.0,0.0
896.4479807323407,168.0,0.0
896.4558832042234,167.0,0.0
896.4567931827328,166.0,0.0
896.4604194377997,167.0,0.0
896.4655275081348,166.0,0.0
896.4725536558678,167.0,0.0
896.4859201001674,168.0,0.0
896.4903727899617,169.0,0.0
896.4963798121548,170.0,0.0
896.5095941691302,171.0,0.0
896.5206638273999,172.0,0.0
896.5279688639039,171.0,0.0
896.5330404173308,172.0,0.0
896.5345678607332,171.0,0.0
896.5373422124953,170.0,0.0
896.5538321142833,169.0,0.0
896.556229959574,170.0,0.0
896.5621484351907,171.0,0.0
896.5663477291195,170.0,0.0
896.5697931523222,171.0,0.0
896.5715253704122,172.0,0.0
896.5880263436401,173.0,0.0
896.5886894401032,172.0,0.0
896.6009215878805,173.0,0.0
896.6039349379728,174.0,0.0
896.6066952211895,173.0,0.0
896.6159783560064,172.0,0.0
896.6189095078497,173.0,0.0
896.6216495721283,172.0,0.0
896.6216556915997,171.0,0.0
896.6328679394113,170.0,0.0
896.6404736435794,169.0,0.0
896.6457465841851,170.0,0.0
896.6561142954976,171.0,0.0
896.6579718043279,170.0,0.0
896.6584068739278,169.0,0.0
896.6591048824654,168.0,0.0
896.6670754288788,167.0,0.0
896.6797422478248,168.0,0.0
896.6840500539668,167.0,0.0
896.6846095444288,168.0,0.0
896.6876005910731,169.0,0.0
896.7109279796437,168.0,0.0
896.7115318173858,169.0,0.0
896.7197139248692,168.0,0.0
896.7207036419966,167.0,0.0
896.7231004329998,166.0,0.0
896.7283660845657,165.0,0.0
896.7298593118586,166.0,0.0
896.7324246205278,167.0,0.0
896.7484415592613,166.0,0.0
896.7579623332695,167.0,0.0
896.7622102702882,168.0,0.0
896.7658073762914,167.0,0.0
896.7760658952333,166.0,0.0
896.7782408845203,167.0,0.0
896.7955412369629,168.0,0.0
896.7983017163499,169.0,0.0
896.8064132754798,168.0,0.0
896.8119012952989,167.0,0.0
896.8228952128879,166.0,0.0
896.8271874688761,167.0,0.0
896.8313897556884,166.0,0.0
896.8318196486671,167.0,0.0
896.8327234576369,166.0,0.0
896.8359989875242,167.0,0.0
896.837428630438,168.0,0.0
896.846967963958,169.0,0.0
896.8500817333312,170.0,0.0
896.8549188071867,169.0,0.0
896.8575004136194,170.0,0.0
896.8597944016177,171.0,0.0
896.86010468448,170.0,0.0
896.8639386193595,171.0,0.0
896.8659902600567,172.0,0.0
896.8742359328237,173.0,0.0
896.8748663215404,174.0,0.0
896.8759356158475,173.0,0.0
896.88066763381,172.0,0.0
896.883061158904,171.0,0.0
896.8876347142088,170.0,0.0
896.8890932052166,169.0,0.0
896.8941705955682,168.0,0.0
896.895102106502,167.0,0.0
896.8969543627685,166.0,0.0
896.8970724880037,165.0,0.0
896.8990733390925,164.0,0.0
896.9141115383179,165.0,0.0
896.9184993557886,164.0,0.0
896.9192418907039,163.0,0.0
896.9210065503037,164.0,0.0
896.9240802260576,163.0,0.0
896.9326969224447,162.0,0.0
896.9343422236283,163.0,0.0
896.9362865315376,162.0,0.0
896.9402711826583,163.0,0.0
896.942873605488,164.0,0.0
896.9450299026976,165.0,0.0
896.9490291336148,166.0,0.0
896.9502190450812,165.0,0.0
896.9514212596571,164.0,0.0
896.9535979627724,165.0,0.0
896.9558847584889,164.0,0.0
896.9597693883172,163.0,0.0
896.9650376795959,164.0,0.0
896.9808248183394,165.0,0.0
896.9838361103759,166.0,0.0
896.9986957621998,167.0,0.0
897.0105383452285,168.0,0.0
897.0186106686,167.0,0.0
897.0225072562856,166.0,0.0
897.02409825021,167.0,0.0
897.0248262796774,166.0,0.0
897.0254396416797,165.0,0.0
897.0275535713932,166.0,0.0
897.0331761882965,165.0,0.0
897.0370849787626,166.0,0.0
897.0461068970181,167.0,0.0
897.0513652844951,168.0,0.0
897.0564216397439,169.0,0.0
897.0613011982273,168.0,0.0
897.0773474164068,169.0,0.0
897.0810228328936,170.0,0.0
897.0934534495093,169.0,0.0
897.0938472182405,170.0,0.0
897.1004161400791,169.0,0.0
897.1041266379505,168.0,0.0
897.1058181299442,169.0,0.0
897.1170838083443,170.0,0.0
897.121147268871,171.0,0.0
897.1214698268857,172.0,0.0
897.1241203128965,171.0,0.0
897.1247029450234,170.0,0.0
897.1266796193779,171.0,0.0
897.1336732305447,172.0,0.0
897.1339195077177,171.0,0.0
897.1345485836234,170.0,0.0
897.1430890646947,171.0,0.0
897.1437382138333,170.0,0.0
897.1461371751076,171.0,0.0
897.1498331970039,172.0,0.0
897.1589754335582,171.0,0.0
897.16232343981,172.0,0.0
897.1727784622127,173.0,0.0
897.1843766889688,174.0,0.0
897.1875619520863,175.0,0.0
897.2081872528453,176.0,0.0
897.2100677224192,175.0,0.0
897.2248906185118,174.0,0.0
897.2277336978367,173.0,0.0
897.2456705269515,172.0,0.0
897.2556206296861,173.0,0.0
897.2585074760527,172.0,0.0
897.2612687264145,173.0,0.0
897.2646531339662,172.0,0.0
897.2683871830026,171.0,0.0
897.2741613084233,170.0,0.0
897.2835245265917,169.0,0.0
897.2861913046065,170.0,0.0
897.2914168564226,171.0,0.0
897.3005674488242,170.0,0.0
897.30103002693,169.0,0.0
897.305890845304,170.0,0.0
897.3074693124121,171.0,0.0
897.3084084033347,170.0,0.0
897.3122148182146,169.0,0.0
897.313770176485,170.0,0.0
897.3215231573848,171.0,0.0
897.3260846709366,170.0,0.0
897.3362847443454,169.0,0.0
897.3410110319389,168.0,0.0
897.3418370008619,169.0,0.0
897.3494233319186,168.0,0.0
897.3523068471616,169.0,0.0
897.3640708723705,168.0,0.0
897.3825184556184,169.0,0.0
897.3859900164467,170.0,0.0
897.3870518586552,171.0,0.0
897.3897396322719,170.0,0.0
897.3950270735501,169.0,0.0
897.3969777927538,170.0,0.0
897.4091270089859,169.0,0.0
897.4129408941707,168.0,0.0
897.4151205534915,167.0,0.0
897.4220471726154,168.0,0.0
897.422559243543,167.0,0.0
897.4298355778059,166.0,0.0
897.4320595902869,167.0,0.0
897.4346339658514,166.0,0.0
897.4379969428081,167.0,0.0
897.4380927622113,168.0,0.0
897.4399752901165,169.0,0.0
897.4422063323186,170.0,0.0
897.4464164404122,169.0,0.0
897.4517579544844,170.0,0.0
897.4533701975779,169.0,0.0
897.4559393868126,170.0,0.0
897.4817975759828,171.0,0.0
897.4885282111004,172.0,0.0
897.4895764091202,171.0,0.0
897.4962109747436,172.0,0.0
897.5003865649982,173.0,0.0
897.5011481435034,172.0,0.0
897.5086466680965,171.0,0.0
897.5165679893233,170.0,0.0
897.5215422713147,171.0,0.0
897.5220795485567,172.0,0.0
897.5221201571079,173.0,0.0
897.5236547919617,172.0,0.0
897.5271014656654,171.0,0.0
897.5289009418852,172.0,0.0
897.5330773293366,171.0,0.0
897.5391547724835,170.0,0.0
897.5454404109284,171.0,0.0
897.5581838079219,172.0,0.0
897.57095513326,171.0,0.0
897.5838333179946,170.0,0.0
897.5854003454772,171.0,0.0
897.6088756057569,172.0,0.0
897.6097219016143,173.0,0.0
897.6109494273936,174.0,0.0
897.6212064195001,175.0,0.0
897.6220218175986,176.0,0.0
897.6251214641474,175.0,0.0
897.6315044011494,174.0,0.0
897.6379666786904,173.0,0.0
897.6395979819655,172.0,0.0
897.6397977424367,171.0,0.0
897.6559356981459,172.0,0.0
897.6713508897978,171.0,0.0
897.6814220612104,170.0,0.0
897.6821818717611,169.0,0.0
897.6830740988432,168.0,0.0
897.6892555762782,169.0,0.0
897.7059480741043,168.0,0.0
897.7068751957115,167.0,0.0
897.714245513481,168.0,0.0
897.7255038804404,167.0,0.0
897.7303173119634,168.0,0.0
897.7323151933449,167.0,0.0
897.7325087507137,166.0,0.0
897.7341052019792,165.0,0.0
897.7438489305216,166.0,0.0
897.7569891806454,165.0,0.0
897.7612788667043,164.0,0.0
897.7666298530122,165.0,0.0
897.7712086175602,166.0,0.0
897.7762398748159,165.0,0.0
897.7796039522359,166.0,0.0
897.7826768276624,165.0,0.0
897.7894623922427,164.0,0.0
897.8059500840968,165.0,0.0
897.8094186105045,166.0,0.0
897.8099650949799,165.0,0.0
897.8112459717408,164.0,0.0
897.8126911262797,163.0,0.0
897.8144807604233,162.0,0.0
897.8216476687074,163.0,0.0
897.8379903040005,164.0,0.0
897.8392105804229,163.0,0.0
897.8398669433883,162.0,0.0
897.8406805257786,161.0,0.0
897.8539465773806,160.0,0.0
897.8559710935548,159.0,0.0
897.8574640991417,160.0,0.0
897.8625402949601,159.0,0.0
897.8729968542413,160.0,0.0
897.892142939841,161.0,0.0
897.9029757731768,162.0,0.0
897.9089428491029,161.0,0.0
897.9104529416913,162.0,0.0
897.910809088763,161.0,0.0
897.9179348981896,160.0,0.0
897.9183665295805,159.0,0.0
897.9321290771361,158.0,0.0
897.936188696713,157.0,0.0
897.9364729528753,158.0,0.0
897.9371041061102,157.0,0.0
897.9391923871588,158.0,0.0
897.9431634812418,157.0,0.0
897.9516726449709,156.0,0.0
897.9555374191154,155.0,0.0
897.9646648225205,156.0,0.0
897.9715632821147,155.0,0.0
897.9719067326018,154.0,0.0
897.9762020163038,153.0,0.0
897.9824486518947,154.0,0.0
897.9939682371655,153.0,0.0
897.9952605677756,154.0,0.0
898.0155239279518,155.0,0.0
898.0180701209448,154.0,0.0
898.0212988578993,153.0,0.0
898.0231682927922,154.0,0.0
898.0297106500074,153.0,0.0
898.0321365573674,152.0,0.0
898.0331267649467,151.0,0.0
898.0350809702251,152.0,0.0
898.0407181163839,151.0,0.0
898.0425729487163,152.0,0.0
898.043728294219,151.0,0.0
898.0716864858925,152.0,0.0
898.0751339488567,153.0,0.0
898.0800982871499,154.0,0.0
898.0832199656539,155.0,0.0
898.1024392108384,156.0,0.0
898.1096205544112,157.0,0.0
898.1348714828262,156.0,0.0
898.1521854408495,157.0,0.0
898.1534155733099,158.0,0.0
898.1559905834188,159.0,0.0
898.1586623398082,158.0,0.0
898.165846518449,157.0,0.0
898.1716940570209,158.0,0.0
898.172317394012,157.0,0.0
898.1732733212548,158.0,0.0
898.1742235549324,157.0,0.0
898.1777589984763,156.0,0.0
898.1787836629032,155.0,0.0
898.1826689022995,156.0,0.0
898.1981179929119,157.0,0.0
898.1995271387549,156.0,0.0
898.2045251168106,155.0,0.0
898.2060861929442,156.0,0.0
898.2093433692944,155.0,0.0
898.2139174281004,156.0,0.0
898.216916904532,157.0,0.0
898.2326223307874,158.0,0.0
898.237337452478,157.0,0.0
898.2398992206021,158.0,0.0
898.2477454315027,157.0,0.0
898.2567791072903,156.0,0.0
898.2572225951558,155.0,0.0
898.2667735895354,154.0,0.0
898.267973318448,155.0,0.0
898.278267375437,154.0,0.0
898.279582385791,155.0,0.0
898.2808635499542,156.0,0.0
898.2816259232579,155.0,0.0
898.2841213612821,154.0,0.0
898.2841448634118,153.0,0.0
898.2883930677233,152.0,0.0
898.2900290788145,151.0,0.0
898.2944744648928,152.0,0.0
898.30775721466,153.0,0.0
898.311604481299,152.0,0.0
898.3144242907446,151.0,0.0
898.325943350728,150.0,0.0
898.326793807277,151.0,0.0
898.3271477655485,152.0,0.0
898.3431944372054,153.0,0.0
898.3435047315446,154.0,0.0
898.3441262318715,155.0,0.0
898.3526525725493,154.0,0.0
898.3546754466234,153.0,0.0
898.3583742635811,152.0,0.0
898.3601159252207,151.0,0.0
898.3625404982115,150.0,0.0
898.3649338501488,149.0,0.0
898.3735872214743,148.0,0.0
898.3891430899116,149.0,0.0
898.3892483382131,148.0,0.0
898.391315923005,147.0,0.0
898.3993267265132,148.0,0.0
898.4138714479778,149.0,0.0
898.415503212099,150.0,0.0
898.419177732273,149.0,0.0
898.4193912913101,150.0,0.0
898.4253013590168,151.0,0.0
898.4277634572226,150.0,0.0
898.4356024653678,149.0,0.0
898.4375020952655,148.0,0.0
898.4399406102962,147.0,0.0
898.446305587374,146.0,0.0
898.4672310841609,147.0,0.0
898.4682960788302,146.0,0.0
898.4795955476445,145.0,0.0
898.488710345461,146.0,0.0
898.4890426698128,147.0,0.0
898.4899835042931,146.0,0.0
898.4907967466382,147.0,0.0
898.5004356904877,148.0,0.0
898.5004896286985,147.0,0.0
898.51701731056,148.0,0.0
898.5177503289656,147.0,0.0
898.5197538160852,146.0,0.0
898.5225883914469,147.0,0.0
898.5308420382855,148.0,0.0
898.531350831622,149.0,0.0
898.5333882606858,148.0,0.0
898.5349270927113,147.0,0.0
898.5360909539842,148.0,0.0
898.5499276044798,149.0,0.0
898.5576482663748,150.0,0.0
898.5854697161044,149.0,0.0
898.5912921292089,150.0,0.0
898.5925769424747,149.0,0.0
898.5951182472961,148.0,0.0
898.5971487062724,149.0,0.0
898.5979044699087,148.0,0.0
898.597923559134,147.0,0.0
898.6009595425644,148.0,0.0
898.604263068968,147.0,0.0
898.6147694516059,146.0,0.0
898.6189544716007,147.0,0.0
898.6202826658507,146.0,0.0
898.6224402859991,145.0,0.0
898.6368198954946,146.0,0.0
898.6439408173537,147.0,0.0
898.646599783693,148.0,0.0
898.6489725595047,147.0,0.0
898.6591866356247,148.0,0.0
898.6630702996326,147.0,0.0
898.6661556527956,146.0,0.0
898.6680754086631,145.0,0.0
898.6715747287807,144.0,0.0
898.6720821298333,143.0,0.0
898.6766077942162,142.0,0.0
898.6782231156042,143.0,0.0
898.6825667399861,144.0,0.0
898.6831245238033,145.0,0.0
898.6861051832332,146.0,0.0
898.6936725071096,145.0,0.0
898.699817588686,146.0,0.0
898.7008563595332,145.0,0.0
898.7144067381726,146.0,0.0
898.7148821025592,147.0,0.0
898.7201822568595,148.0,0.0
898.7226553697305,147.0,0.0
898.7267455665738,146.0,0.0
898.727425226537,145.0,0.0
898.7386260529743,146.0,0.0
898.7447210305634,145.0,0.0
898.757570859955,144.0,0.0
898.7677822129954,143.0,0.0
898.7743897296731,144.0,0.0
898.7744629385269,143.0,0.0
898.7768582677397,142.0,0.0
898.7836071665213,143.0,0.0
898.7882231629859,142.0,0.0
898.7912306953027,143.0,0.0
898.793754583881,144.0,0.0
898.8001994838136,145.0,0.0
898.8062879105963,146.0,0.0
898.8252490021898,145.0,0.0
898.8289081458948,144.0,0.0
898.8319450171589,143.0,0.0
898.8365675333245,142.0,0.0
898.8531506214467,141.0,0.0
898.8532827340471,140.0,0.0
898.8635848204211,141.0,0.0
898.8677597708319,140.0,0.0
898.8687224408402,139.0,0.0
898.8777645226816,138.0,0.0
898.8837902949972,139.0,0.0
898.9006770812109,140.0,0.0
898.9024105206071,139.0,0.0
898.9037048320668,140.0,0.0
898.9108593931729,139.0,0.0
898.9134928769748,138.0,0.0
898.9153708779222,137.0,0.0
898.9345502756089,136.0,0.0
898.9352912746123,135.0,0.0
898.937340739172,136.0,0.0
898.9380133117054,137.0,0.0
898.9389607517397,138.0,0.0
898.9399831247479,137.0,0.0
898.9460339713913,136.0,0.0
898.9521362341417,135.0,0.0
898.9553413635865,134.0,0.0
898.9567234878783,133.0,0.0
898.9636313066052,132.0,0.0
898.9732665860603,131.0,0.0
898.9823915972813,132.0,0.0
898.9891473922775,133.0,0.0
898.9972374049136,134.0,0.0
898.9982168514487,133.0,0.0
898.9986799263651,134.0,0.0
899.0006907000512,133.0,0.0
899.0140762815689,134.0,0.0
899.0141865392247,135.0,0.0
899.0148251603567,134.0,0.0
899.0162931992185,133.0,0.0
899.0286914597834,132.0,0.0
899.0385017562548,131.0,0.0
899.0470535713388,130.0,0.0
899.0512680983644,131.0,0.0
899.0512844075814,132.0,0.0
899.0551611499629,131.0,0.0
899.0625874743337,132.0,0.0
899.0654983384466,133.0,0.0
899.0694417343171,132.0,0.0
899.0781558175273,131.0,0.0
899.0831435490142,130.0,0.0
899.0901260414463,131.0,0.0
899.099487445818,130.0,0.0
899.1042399734439,129.0,0.0
899.107878983146,128.0,0.0
899.1254372262744,129.0,0.0
899.1452177930352,128.0,0.0
899.1501067393087,127.0,0.0
899.15643982554,128.0,0.0
899.1582348369856,127.0,0.0
899.1601412956494,128.0,0.0
899.1627933357724,129.0,0.0
899.1690863988188,128.0,0.0
899.1741554958912,127.0,0.0
899.1745981088702,128.0,0.0
899.1853772527733,129.0,0.0
899.1885479486838,128.0,0.0
899.1990256984835,129.0,0.0
899.2055097321961,128.0,0.0
899.2134134111825,127.0,0.0
899.2228423796065,128.0,0.0
899.2240499390429,129.0,0.0
899.2308710894838,128.0,0.0
899.239656774802,127.0,0.0
899.2430835029714,126.0,0.0
899.2467266439728,125.0,0.0
899.255618824197,126.0,0.0
899.261938216622,125.0,0.0
899.2633301284015,124.0,0.0
899.2883239110032,125.0,0.0
899.2896315107918,124.0,0.0
899.2902087164915,125.0,0.0
899.2959545253615,124.0,0.0
899.310031654319,123.0,0.0
899.3134302127371,124.0,0.0
899.3148049643127,123.0,0.0
899.3158937809454,122.0,0.0
899.3179308220791,121.0,0.0
899.3186542778557,120.0,0.0
899.3195445364387,121.0,0.0
899.3337416792521,120.0,0.0
899.3348057123119,119.0,0.0
899.3389166677081,118.0,0.0
899.3611983851958,117.0,0.0
899.3639462110469,118.0,0.0
899.3675253782864,119.0,0.0
899.3751320683336,120.0,0.0
899.3909526294716,119.0,0.0
899.3955341468543,120.0,0.0
899.3986646716326,119.0,0.0
899.4025630936103,118.0,0.0
899.4102750706493,117.0,0.0
899.4138925786687,116.0,0.0
899.42574740985,115.0,0.0
899.4306158002624,116.0,0.0
899.438907197305,115.0,0.0
899.4455252415872,116.0,0.0
899.4475011397672,115.0,0.0
899.4490634652544,114.0,0.0
899.4759057776133,113.0,0.0
899.4837614978568,114.0,0.0
899.4847400112885,113.0,0.0
899.4940270707611,112.0,0.0
899.499211908533,111.0,0.0
899.5016351612254,110.0,0.0
899.5147547849994,111.0,0.0
899.5154588383137,110.0,0.0
899.5280742371278,109.0,0.0
899.5302083368923,108.0,0.0
899.5316843606589,109.0,0.0
899.5367935499733,108.0,0.0
899.5392382475043,107.0,0.0
899.5426037721913,106.0,0.0
899.5545127294357,105.0,0.0
899.554674581705,104.0,0.0
899.5584512428973,103.0,0.0
899.5712841407591,102.0,0.0
899.5721407952219,101.0,0.0
899.5920571994158,100.0,0.0
899.5972433455821,99.0,0.0
899.6076718721099,98.0,0.0
899.6222346283239,97.0,0.0
899.6260775357296,96.0,0.0
899.6353882261664,95.0,0.0
899.6355923819842,96.0,0.0
899.6518554560857,95.0,0.0
899.6522635865838,94.0,0.0
899.6675884787351,95.0,0.0
899.6711131212293,94.0,0.0
899.6764378440107,95.0,0.0
899.6829914428489,96.0,0.0
899.6831651827317,97.0,0.0
899.6943257450309,96.0,0.0
899.6993672330258,95.0,0.0
899.7010491526909,94.0,0.0
899.7017284983976,93.0,0.0
899.7048987426144,92.0,0.0
899.7240994229342,93.0,0.0
899.7267888931011,92.0,0.0
899.7316417034297,91.0,0.0
899.7350907143375,90.0,0.0
899.7384056202525,91.0,0.0
899.7465540195933,92.0,0.0
899.7475839239661,93.0,0.0
899.7485718774344,94.0,0.0
899.7552695928439,95.0,0.0
899.7709904347535,94.0,0.0
899.7713692401152,95.0,0.0
899.7715758388008,96.0,0.0
899.7832588748315,95.0,0.0
899.7838688749434,94.0,0.0
899.7912354791458,93.0,0.0
899.7920712720255,92.0,0.0
899.7939702581324,91.0,0.0
899.7945059577949,90.0,0.0
899.8214607632144,91.0,0.0
899.8235337269315,92.0,0.0
899.8266551058954,91.0,0.0
899.8288341141802,90.0,0.0
899.8618411255221,91.0,0.0
899.8878637792352,90.0,0.0
899.8888668003117,89.0,0.0
899.8926891292801,90.0,0.0
899.9097314206801,89.0,0.0
899.9131301908799,88.0,0.0
899.9167609423637,89.0,0.0
899.9200467508545,88.0,0.0
899.9343895482966,89.0,0.0
899.9350705020836,90.0,0.0
899.9465107497244,89.0,0.0
899.9488104045085,90.0,0.0
899.9505833907414,91.0,0.0
899.9510376921916,92.0,0.0
899.9523570899958,91.0,0.0
899.9535542990412,90.0,0.0
899.9536890010625,91.0,0.0
899.954297492743,90.0,0.0
899.9546976683156,91.0,0.0
899.9832568907384,92.0,0.0
899.9982584339674,93.0,0.0
900.0078480540826,94.0,0.0
900.0543370439782,93.0,0.0
900.0559535886493,94.0,0.0
900.0563730742949,95.0,0.0
900.0674264236759,96.0,0.0
900.0708375933539,95.0,0.0
900.089399873038,96.0,0.0
900.0901058659458,97.0,0.0
900.112020615306,96.0,0.0
900.1122516993977,95.0,0.0
900.1137698877468,96.0,0.0
900.1161928609018,95.0,0.0
900.125552908762,96.0,0.0
900.1295601157809,97.0,0.0
900.1323300140403,98.0,0.0
900.1394231603401,99.0,0.0
900.1445106664859,100.0,0.0
900.1518178378427,101.0,0.0
900.1518712759267,102.0,0.0
900.1522900620408,101.0,0.0
900.1572966973695,100.0,0.0
900.167864066217,99.0,0.0
900.1864820293273,100.0,0.0
900.1900435308328,99.0,0.0
900.2008413573941,98.0,0.0
900.2047739677646,99.0,0.0
900.219709305129,98.0,0.0
900.2234413066609,97.0,0.0
900.249361347763,96.0,0.0
900.2522987175289,95.0,0.0
900.2661253386125,96.0,0.0
900.2730757378334,95.0,0.0
900.2776548454559,96.0,0.0
900.2815013325614,95.0,0.0
900.2822861287362,94.0,0.0
900.2853468453936,95.0,0.0
900.297619781042,94.0,0.0
900.3055740102178,93.0,0.0
900.3236022548897,94.0,0.0
900.3389503042083,93.0,0.0
900.3435958764676,92.0,0.0
900.3491130184291,91.0,0.0
900.3528406386208,92.0,0.0
900.357604452206,91.0,0.0
900.3592428789874,90.0,0.0
900.3610475404654,89.0,0.0
900.3719184551176,90.0,0.0
900.3751716930042,89.0,0.0
900.3773817722085,90.0,0.0
900.3776176275302,89.0,0.0
900.3843807288847,90.0,0.0
900.3979711355101,89.0,0.0
900.4056805650938,88.0,0.0
900.4279725983139,87.0,0.0
900.4464124688894,88.0,0.0
900.4672481070776,87.0,0.0
900.4673156539827,86.0,0.0
900.4684700871144,85.0,0.0
900.4723670860378,84.0,0.0
900.4830331264616,83.0,0.0
900.4840002068545,84.0,0.0
900.4869133974729,83.0,0.0
900.4884198572515,84.0,0.0
900.4902889748392,85.0,0.0
900.4917878024996,84.0,0.0
900.4918101715472,83.0,0.0
900.4992969559768,84.0,0.0
900.5392488005738,83.0,0.0
900.539857449551,82.0,0.0
900.5574671367035,81.0,0.0
900.5672347647636,80.0,0.0
900.5754624579544,79.0,0.0
900.5823724857628,78.0,0.0
900.5861590880555,79.0,0.0
900.5878251144131,78.0,0.0
900.5888421980702,79.0,0.0
900.6040787236025,78.0,0.0
900.616556018412,77.0,0.0
900.6248279174921,76.0,0.0
900.6268091935285,75.0,0.0
900.655259861971,74.0,0.0
900.6576214584442,73.0,0.0
900.6682616415995,72.0,0.0
900.674242132688,73.0,0.0
900.6857192516213,74.0,0.0
900.6970653853657,73.0,0.0
900.711911998694,72.0,0.0
900.718574232597,73.0,0.0
900.7229256030565,72.0,0.0
900.7282936045739,73.0,0.0
900.7307721210743,74.0,0.0
900.7354009618225,73.0,0.0
900.7431729243675,74.0,0.0
900.7452053719339,73.0,0.0
900.7506518849468,72.0,0.0
900.7524552788977,71.0,0.0
900.7530606298438,70.0,0.0
900.7537230443781,69.0,0.0
900.75836269772,68.0,0.0
900.7717921488161,67.0,0.0
900.7733815695373,66.0,0.0
900.7829972936532,65.0,0.0
900.7875613107472,64.0,0.0
900.7889088916731,65.0,0.0
900.8008711561795,64.0,0.0
900.8123237381942,63.0,0.0
900.8125897195049,64.0,0.0
900.8244202661591,63.0,0.0
900.8311824801061,64.0,0.0
900.8334786013421,63.0,0.0
900.8395808887533,64.0,0.0
900.8689479542951,63.0,0.0
900.871256381736,64.0,0.0
900.8716424202426,63.0,0.0
900.8724112632366,64.0,0.0
900.8990986658047,65.0,0.0
900.9033762234583,64.0,0.0
900.9280548518738,65.0,0.0
900.9618286422909,64.0,0.0
900.9633997825791,63.0,0.0
900.9689524880648,64.0,0.0
900.9854238368146,63.0,0.0
900.987152601984,62.0,0.0
900.9874894265149,63.0,0.0
900.9916440320427,64.0,0.0
900.9926928122061,63.0,0.0
900.9948387037388,62.0,0.0
901.0008036952726,63.0,0.0
901.0020216269456,62.0,0.0
901.0125763968293,63.0,0.0
901.0282562502836,62.0,0.0
901.0365433108115,63.0,0.0
901.0432751714322,64.0,0.0
901.0493400207037,63.0,0.0
901.0559671873335,64.0,0.0
901.0668822459263,63.0,0.0
901.0693514201777,62.0,0.0
901.0819296997595,63.0,0.0
901.0890348669221,62.0,0.0
901.0896841766402,63.0,0.0
901.0923561649328,62.0,0.0
901.1275393799485,61.0,0.0
901.1370449028042,60.0,0.0
901.1421299898165,59.0,0.0
901.1599431130626,58.0,0.0
901.1620123256888,59.0,0.0
901.1694955740677,60.0,0.0
901.1723631053952,59.0,0.0
901.1743915086977,60.0,0.0
901.1750469547003,61.0,0.0
901.1778228873188,60.0,0.0
901.2019395198126,59.0,0.0
901.2276644798048,58.0,0.0
901.2470811320984,57.0,0.0
901.2537912023175,56.0,0.0
901.2698162387967,55.0,0.0
901.2707936057866,56.0,0.0
901.2835181411332,57.0,0.0
901.2849937323754,56.0,0.0
901.3031714679857,55.0,0.0
901.3091540042549,56.0,0.0
901.3142983726749,55.0,0.0
901.3242541723324,56.0,0.0
901.342672709102,55.0,0.0
901.3511880440055,54.0,0.0
901.3736527756768,53.0,0.0
901.3741759492234,52.0,0.0
901.4069367717519,53.0,0.0
901.4187939286454,52.0,0.0
901.4205383024891,53.0,0.0
901.4397359556175,52.0,0.0
901.4513102325662,53.0,0.0
901.4531301360317,52.0,0.0
901.4600842454183,53.0,0.0
901.4794940333093,52.0,0.0
901.4824047871466,51.0,0.0
901.483157760766,50.0,0.0
901.4930245322671,49.0,0.0
901.5006524146266,48.0,0.0
901.5127764445473,47.0,0.0
901.5131556625346,46.0,0.0
901.5139443576097,47.0,0.0
901.515615717453,46.0,0.0
901.5188783017463,45.0,0.0
901.5225760583721,46.0,0.0
901.530965281864,45.0,0.0
901.5376108434807,46.0,0.0
901.5576292838571,47.0,0.0
901.5654718647966,48.0,0.0
901.5751204677902,49.0,0.0
901.6059545646056,48.0,0.0
901.6169610321922,47.0,0.0
901.6235876550834,46.0,0.0
901.6373665606294,45.0,0.0
901.6441255653513,44.0,0.0
901.6511583841618,43.0,0.0
901.6526610542442,42.0,0.0
901.6540277283555,43.0,0.0
901.6566445387135,44.0,0.0
901.6684985961954,43.0,0.0
901.6875370217723,42.0,0.0
901.689599970137,41.0,0.0
901.6917983915025,40.0,0.0
901.6974959153201,39.0,0.0
901.6999866092694,40.0,0.0
901.705033705937,39.0,0.0
901.706003937978,40.0,0.0
901.7360210272858,39.0,0.0
901.7453119063,40.0,0.0
901.761595405513,39.0,0.0
901.7619294274037,38.0,0.0
901.7656800546706,39.0,0.0
901.7680249014129,38.0,0.0
901.780534098108,39.0,0.0
901.7833218479822,38.0,0.0
901.7936333251732,37.0,0.0
901.7966868086381,36.0,0.0
901.837834243455,35.0,0.0
901.8572751592208,36.0,0.0
901.862353119593,35.0,0.0
901.8681752187929,34.0,0.0
901.8699994164953,33.0,0.0
901.8700145466357,32.0,0.0
901.8843722580348,33.0,0.0
901.8940146058161,32.0,0.0
901.9053013932223,31.0,0.0
901.9093488159291,30.0,0.0
901.9333287364151,29.0,0.0
901.9377838667683,28.0,0.0
901.9434123008492,27.0,0.0
901.9571815623922,26.0,0.0
901.9585308150904,27.0,0.0
901.9635588493244,26.0,0.0
901.9860901709988,25.0,0.0
901.9964011522056,24.0,0.0
902.0065574139699,23.0,0.0
902.0175774417304,22.0,0.0
902.0310623019656,21.0,0.0
902.0314571333747,20.0,0.0
902.0350554657074,19.0,0.0
902.0372382268258,20.0,0.0
902.0466273527243,21.0,0.0
902.0712170295564,20.0,0.0
902.0829795508848,19.0,0.0
902.0897688309572,20.0,0.0
902.0904938005374,19.0,0.0
902.11979337593,18.0,0.0
902.1232055943445,17.0,0.0
902.12918867231,16.0,0.0
902.1308429694827,15.0,0.0
902.1368895115363,16.0,0.0
902.1402571149404,15.0,0.0
902.144283227043,14.0,0.0
902.1599492219711,13.0,0.0
902.1662186208764,12.0,0.0
902.1686390933227,11.0,0.0
902.1889414976689,10.0,0.0
902.1923750733667,9.0,0.0
902.2387824139568,8.0,0.0
902.2400698769488,9.0,0.0
902.2429189341668,8.0,0.0
902.2521560989655,9.0,0.0
902.3120093120177,8.0,0.0
902.3124903932722,9.0,0.0
902.318082097599,8.0,0.0
902.3274893800449,7.0,0.0
902.3294308374922,6.0,0.0
902.3356576787893,5.0,0.0
902.3406900674156,4.0,0.0
902.3499411002963,3.0,0.0
902.3506513624985,2.0,0.0
902.3538602869295,3.0,0.0
902.3722702518015,2.0,0.0
902.3870303862785,1.0,0.0
902.3901453410273,0.0,0.0
902.4145464313139,1.0,0.0
902.4637506965943,0.0,0.0
902.4725496259247,1.0,0.0
902.4745754688435,0.0,0.0
902.5096131184519,1.0,0.0
902.5119261116228,0.0,0.0
902.5140996461547,1.0,0.0
902.5157335941526,2.0,0.0
902.5270723260763,3.0,0.0
902.529467846388,4.0,0.0
902.5488636194613,5.0,0.0
902.5632213981908,4.0,0.0
902.5696459230513,3.0,0.0
902.6135665898851,2.0,0.0
902.6137677419584,3.0,0.0
902.6177195159745,2.0,0.0
902.6672178406136,3.0,0.0
902.6723768933273,2.0,0.0
902.7120194229489,1.0,0.0
902.7123378998316,2.0,0.0
902.73726019139,1.0,0.0
902.7550885743034,2.0,0.0
902.7610997627231,1.0,0.0
902.7780395411849,0.0,0.0
902.7878261453008,1.0,0.0
902.855300137052,0.0,0.0
902.8672559049945,1.0,0.0
902.8948778687009,2.0,0.0
902.8960734568362,1.0,0.0
902.9137055705581,2.0,0.0
902.9220315708251,1.0,0.0
903.0124829790702,0.0,0.0
903.0609047442408,1.0,0.0
903.0655159824386,2.0,0.0
903.0772105832793,1.0,0.0
903.0832683818937,0.0,0.0
903.1572139590139,1.0,0.0
903.1641063441986,0.0,0.0
903.1799862262484,1.0,0.0
903.2225347306639,0.0,0.0
903.2569090945055,1.0,0.0
903.2592029049385,0.0,0.0
903.270596087367,1.0,0.0
903.275644648955,0.0,0.0
903.3228561495846,1.0,0.0
903.3433968173747,0.0,0.0
903.4363786488881,1.0,0.0
903.4482498037288,0.0,0.0
903.486142403605,1.0,0.0
903.5108087403792,2.0,0.0
903.551099460701,1.0,0.0
903.5743811603754,0.0,0.0
903.6180681204538,1.0,0.0
903.6689550804355,2.0,0.0
903.6776505638878,1.0,0.0
903.6922595291469,0.0,0.0
903.7001986704145,1.0,0.0
903.7203493872848,0.0,0.0
903.7618276050864,1.0,0.0
903.7701130619494,0.0,0.0
903.7986645457478,1.0,0.0
903.8433540334753,0.0,0.0
903.8559484305888,1.0,0.0
903.8606722367585,2.0,0.0
903.8612532191794,1.0,0.0
903.8630865263095,0.0,0.0
903.9555541724064,1.0,0.0
903.9734958862359,0.0,0.0
904.0220372483942,1.0,0.0
904.0567229547773,0.0,0.0
904.0850792920398,1.0,0.0
904.0889976447754,2.0,0.0
904.1021336927779,1.0,0.0
904.1372941980261,2.0,0.0
904.1437227219501,1.0,0.0
904.1517204497629,2.0,0.0
904.177153066923,3.0,0.0
904.1886980908324,4.0,0.0
904.1918057196458,3.0,0.0
904.2147872726326,2.0,0.0
904.2584623626942,3.0,0.0
904.2668920190845,2.0,0.0
904.3086785742565,1.0,0.0
904.3185470880578,0.0,0.0
904.3325796958433,1.0,0.0
904.3617540840892,0.0,0.0
904.4250519448716,1.0,0.0
904.4275552400101,0.0,0.0
904.4437760075098,1.0,0.0
904.4469562676804,0.0,0.0
904.449763725423,1.0,0.0
904.4671939047631,2.0,0.0
904.4697050974693,1.0,0.0
904.4905029445853,2.0,0.0
904.4923578954779,1.0,0.0
904.5044904734299,2.0,0.0
904.5081200048097,1.0,0.0
904.5082422855754,0.0,0.0
904.5129851737918,1.0,0.0
904.5495597846899,0.0,0.0
904.5541523073966,1.0,0.0
904.5582586993565,0.0,0.0
904.6082164063179,1.0,0.0
904.655144667646,0.0,0.0
904.671183592776,1.0,0.0
904.6724381285007,2.0,0.0
904.6866315226127,1.0,0.0
904.7090007094122,0.0,0.0
904.7344410471563,1.0,0.0
904.7450162853328,0.0,0.0
904.7532829277197,1.0,0.0
904.8082904000635,0.0,0.0
904.8411236016626,1.0,0.0
904.8544085926993,2.0,0.0
904.8547935612256,3.0,0.0
904.8630942363303,4.0,0.0
904.888177972126,3.0,0.0
904.9403304420343,2.0,0.0
904.9468064361248,1.0,0.0
904.9630790736968,2.0,0.0
904.9756716413315,1.0,0.0
904.9899614680069,2.0,0.0
904.9909715096202,1.0,0.0
905.0287429527159,0.0,0.0
905.0466019574893,1.0,0.0
905.1114067350818,0.0,0.0
905.2134974205433,1.0,0.0
905.2604290001176,2.0,0.0
905.2716648119914,3.0,0.0
905.2960475869445,4.0,0.0
905.2969532937138,5.0,0.0
905.3068966765493,6.0,0.0
905.307240938244,7.0,0.0
905.3129811213156,8.0,0.0
905.3353744386117,9.0,0.0
905.340807225526,10.0,0.0
905.3433543567129,9.0,0.0
905.347799021593,8.0,0.0
905.355871338106,9.0,0.0
905.3619784494799,8.0,0.0
905.3710933504358,7.0,0.0
905.3714737075869,8.0,0.0
905.3717825168611,7.0,0.0
905.376452897748,6.0,0.0
905.388766863813,5.0,0.0
905.3944347603372,4.0,0.0
905.3982324737302,5.0,0.0
905.4044388034819,6.0,0.0
905.4117577617045,5.0,0.0
905.4122066437469,6.0,0.0
905.4191310016231,5.0,0.0
905.4209730890847,6.0,0.0
905.4217985545703,7.0,0.0
905.4311966961767,6.0,0.0
905.4326736696104,5.0,0.0
905.4436931014752,6.0,0.0
905.4450400994008,7.0,0.0
905.4489471996457,6.0,0.0
905.4616860071901,5.0,0.0
905.4638003363162,4.0,0.0
905.4679729768064,5.0,0.0
905.4739796951387,6.0,0.0
905.4806833893689,7.0,0.0
905.4829365883254,6.0,0.0
905.4940353685732,5.0,0.0
905.512219793769,4.0,0.0
905.5343452566104,3.0,0.0
905.5347003872768,2.0,0.0
905.5350564661312,1.0,0.0
905.5528353078452,0.0,0.0
905.7612868038652,1.0,0.0
905.7818003795454,0.0,0.0
905.784776178188,1.0,0.0
905.7882602880762,0.0,0.0
905.789460350567,1.0,0.0
905.7981745028477,0.0,0.0
905.8241267198746,1.0,0.0
905.8358673062196,2.0,0.0
905.8448405017249,1.0,0.0
905.8512115569301,2.0,0.0
905.8550436221662,1.0,0.0
905.8648618012687,0.0,0.0
905.9060574407562,1.0,0.0
905.9066621979991,0.0,0.0
905.9595250109853,1.0,0.0
905.9700831832309,0.0,0.0
905.9841038446268,1.0,0.0
905.9893322979361,0.0,0.0
906.0011376459274,1.0,0.0
906.0344334466323,0.0,0.0
906.0585002997154,1.0,0.0
906.0644650192851,2.0,0.0
906.066148708424,1.0,0.0
906.0976528449419,0.0,0.0
906.1388438352307,1.0,0.0
906.1467474768809,0.0,0.0
906.170072933397,1.0,0.0
906.2022466897898,2.0,0.0
906.2162511280256,3.0,0.0
906.2225105561336,2.0,0.0
906.2368379592796,1.0,0.0
906.2512413194114,0.0,0.0
906.2598928721193,1.0,0.0
906.2753308968023,0.0,0.0
906.2887076509792,1.0,0.0
906.3125619427043,2.0,0.0
906.3440882881271,3.0,0.0
906.3617779011553,2.0,0.0
906.36909866701,1.0,0.0
906.3770841414675,0.0,0.0
906.3815925772366,1.0,0.0
906.3865746696944,0.0,0.0
906.389328510423,1.0,0.0
906.4037873168681,2.0,0.0
906.4196195119649,1.0,0.0
906.4248497855178,2.0,0.0
906.4297970276635,3.0,0.0
906.4431596121997,2.0,0.0
906.4461525195941,3.0,0.0
906.4472149115959,4.0,0.0
906.4509556909745,5.0,0.0
906.4658063367903,4.0,0.0
906.466982253509,5.0,0.0
906.4848877007239,4.0,0.0
906.4860040406351,5.0,0.0
906.4917508481859,4.0,0.0
906.4998244594826,5.0,0.0
906.5078944492628,6.0,0.0
906.512073757693,7.0,0.0
906.512540026324,6.0,0.0
906.5284393551714,5.0,0.0
906.5328744660309,4.0,0.0
906.5370247779173,5.0,0.0
906.5417241100051,4.0,0.0
906.5424609769154,3.0,0.0
906.5494939099787,2.0,0.0
906.5496971645184,3.0,0.0
906.5501184052927,4.0,0.0
906.5512290689218,3.0,0.0
906.5522619895448,2.0,0.0
906.5754692110925,3.0,0.0
906.5762309585641,2.0,0.0
906.5805273063504,3.0,0.0
906.5865272977857,4.0,0.0
906.5875421148885,3.0,0.0
906.6061203972556,2.0,0.0
906.6202964138804,3.0,0.0
906.6225857732695,4.0,0.0
906.6236524994509,5.0,0.0
906.6247848048183,4.0,0.0
906.6343905857875,3.0,0.0
906.6436558397188,2.0,0.0
906.6457776214046,3.0,0.0
906.6490384578416,2.0,0.0
906.6524837645538,1.0,0.0
906.6669928037823,0.0,0.0
906.6838492435256,1.0,0.0
906.7188997192816,2.0,0.0
906.7210846011693,1.0,0.0
906.7222413719705,2.0,0.0
906.737674073724,3.0,0.0
906.7479683509483,2.0,0.0
906.7537178285891,1.0,0.0
906.762210797967,2.0,0.0
906.7861810913759,1.0,0.0
906.7949482435713,2.0,0.0
906.837629918549,3.0,0.0
906.8398979268885,2.0,0.0
906.8530974427167,1.0,0.0
906.8609055709593,2.0,0.0
906.8699373633816,3.0,0.0
906.8750275394941,2.0,0.0
906.8832756146766,3.0,0.0
906.9086571872599,2.0,0.0
906.9086606154181,3.0,0.0
906.9238574156333,4.0,0.0
906.9341004720916,3.0,0.0
906.9488048997455,2.0,0.0
906.9726288835984,3.0,0.0
906.9787544114488,2.0,0.0
906.9808171144996,3.0,0.0
906.9943040384401,2.0,0.0
906.998953676179,3.0,0.0
907.0016397332835,2.0,0.0
907.0017863924122,3.0,0.0
907.0093097956341,4.0,0.0
907.0168810822993,3.0,0.0
907.0279670668548,4.0,0.0
907.028692300771,3.0,0.0
907.032294812675,2.0,0.0
907.0335604418522,1.0,0.0
907.0337768648205,0.0,0.0
907.037740883397,1.0,0.0
907.0795146578248,2.0,0.0
907.0868521650007,3.0,0.0
907.0896509201777,2.0,0.0
907.0907394655558,3.0,0.0
907.1007041289615,4.0,0.0
907.1011636678681,3.0,0.0
907.1073411181023,4.0,0.0
907.1130701225051,3.0,0.0
907.1197380333329,4.0,0.0
907.123163807171,3.0,0.0
907.1397392765531,2.0,0.0
907.1417269793791,3.0,0.0
907.1472218624955,4.0,0.0
907.1582242891508,3.0,0.0
907.1642728612408,4.0,0.0
907.1713709630149,3.0,0.0
907.1811583157393,2.0,0.0
907.1942754523905,3.0,0.0
907.1975146788204,4.0,0.0
907.223209501225,3.0,0.0
907.2328734000394,4.0,0.0
907.256707637547,3.0,0.0
907.2576603522333,4.0,0.0
907.2627549804556,5.0,0.0
907.264904853094,4.0,0.0
907.266329333326,5.0,0.0
907.2757569831746,6.0,0.0
907.2841698667339,7.0,0.0
907.2852803324105,6.0,0.0
907.2913106774377,7.0,0.0
907.2989738830598,8.0,0.0
907.3043373741449,9.0,0.0
907.3189041634654,10.0,0.0
907.326613062443,11.0,0.0
907.3343479480789,12.0,0.0
907.336494366289,13.0,0.0
907.3407034629595,12.0,0.0
907.3410255196754,11.0,0.0
907.344103051106,10.0,0.0
907.3468089708765,11.0,0.0
907.347725220257,10.0,0.0
907.3481592502987,11.0,0.0
907.3486267107562,10.0,0.0
907.3493705529835,11.0,0.0
907.3657227375958,12.0,0.0
907.3862863239805,13.0,0.0
907.3890424394,12.0,0.0
907.3906946361507,11.0,0.0
907.3952727981397,12.0,0.0
907.41133915594,11.0,0.0
907.432156220149,12.0,0.0
907.438008080254,11.0,0.0
907.4522597007596,12.0,0.0
907.4608153253607,11.0,0.0
907.465616850103,12.0,0.0
907.4662594964713,13.0,0.0
907.4689773911863,14.0,0.0
907.4933734004882,15.0,0.0
907.4944829923268,16.0,0.0
907.4957878949855,17.0,0.0
907.5008137219223,16.0,0.0
907.502852935765,15.0,0.0
907.5028686160441,14.0,0.0
907.5034126888172,13.0,0.0
907.5278830438685,12.0,0.0
907.5335109271653,11.0,0.0
907.5497255345989,12.0,0.0
907.549880633022,13.0,0.0
907.5556134998982,14.0,0.0
907.5556163636705,13.0,0.0
907.5572810690394,12.0,0.0
907.5596820610444,11.0,0.0
907.5642048662946,10.0,0.0
907.5662112332778,9.0,0.0
907.5672025726726,8.0,0.0
907.5770694405186,9.0,0.0
907.5890117401157,8.0,0.0
907.5903253053749,7.0,0.0
907.6096518102543,6.0,0.0
907.6275175470489,5.0,0.0
907.6311899983901,6.0,0.0
907.6352206001349,7.0,0.0
907.6356603007783,8.0,0.0
907.6386469101838,9.0,0.0
907.651818112968,10.0,0.0
907.6746902674778,11.0,0.0
907.6749327837819,10.0,0.0
907.6769829634745,9.0,0.0
907.6941402557354,8.0,0.0
907.6955053588049,9.0,0.0
907.6994740422095,10.0,0.0
907.7070969690034,11.0,0.0
907.7092928027029,12.0,0.0
907.7125527216514,11.0,0.0
907.7358085248453,12.0,0.0
907.739069033664,13.0,0.0
907.7400867782983,14.0,0.0
907.7415399785783,13.0,0.0
907.7479844555331,14.0,0.0
907.7480649661233,13.0,0.0
907.7548832115496,14.0,0.0
907.7555009570939,15.0,0.0
907.7566897710956,16.0,0.0
907.7688902546919,15.0,0.0
907.770814125472,14.0,0.0
907.7775145565464,15.0,0.0
907.7778845180427,16.0,0.0
907.7846450087574,15.0,0.0
907.7891985198017,16.0,0.0
907.7920869206963,17.0,0.0
907.7971199178788,16.0,0.0
907.7978425108761,17.0,0.0
907.8178290593103,16.0,0.0
907.8310650234362,15.0,0.0
907.8356737249143,14.0,0.0
907.8370737383602,13.0,0.0
907.8393018127038,14.0,0.0
907.8465601680527,15.0,0.0
907.850824404539,16.0,0.0
907.8536517383708,15.0,0.0
907.858817236715,14.0,0.0
907.8598199943182,13.0,0.0
907.8674364315059,12.0,0.0
907.8689297736286,13.0,0.0
907.8845631384308,14.0,0.0
907.8875018882613,15.0,0.0
907.8992295333702,16.0,0.0
907.9071655609455,15.0,0.0
907.908904458036,14.0,0.0
907.9101489424364,13.0,0.0
907.9178350120436,12.0,0.0
907.919643657475,13.0,0.0
907.9235911474361,14.0,0.0
907.9267651047202,15.0,0.0
907.9361527125258,16.0,0.0
907.9413991810685,17.0,0.0
907.9418541604554,18.0,0.0
907.9430926602998,19.0,0.0
907.9468317093537,20.0,0.0
907.9517229775306,21.0,0.0
907.9741673869034,22.0,0.0
907.9904423409165,23.0,0.0
908.0062175240644,24.0,0.0
908.0077605185477,25.0,0.0
908.0096286785551,24.0,0.0
908.0117607414136,25.0,0.0
908.0118615976456,24.0,0.0
908.0120776763721,25.0,0.0
908.0222119673249,24.0,0.0
908.0292580072455,23.0,0.0
908.0345862948899,22.0,0.0
908.0446655371679,21.0,0.0
908.051667875201,20.0,0.0
908.0522816815311,19.0,0.0
908.052515579221,18.0,0.0
908.0530791543755,17.0,0.0
908.053494076067,18.0,0.0
908.0566995508395,19.0,0.0
908.060543633249,18.0,0.0
908.0895004606426,19.0,0.0
908.0921895108189,20.0,0.0
908.0923619197895,21.0,0.0
908.0924695884677,20.0,0.0
908.102650815348,21.0,0.0
908.1084387217801,22.0,0.0
908.1132298406262,21.0,0.0
908.1300039648777,20.0,0.0
908.1361968176227,21.0,0.0
908.1397927063111,22.0,0.0
908.1586807864086,23.0,0.0
908.159341925103,22.0,0.0
908.160724698132,23.0,0.0
908.1914045449722,24.0,0.0
908.1955367607557,25.0,0.0
908.2119956780889,26.0,0.0
908.2130166469267,25.0,0.0
908.2146798108979,26.0,0.0
908.2405087556683,27.0,0.0
908.2412012836836,28.0,0.0
908.255779333697,29.0,0.0
908.2628919958335,30.0,0.0
908.2630548764554,31.0,0.0
908.2662963874002,30.0,0.0
908.2734900550522,29.0,0.0
908.2754596048345,28.0,0.0
908.2817242383953,27.0,0.0
908.3000345855941,26.0,0.0
908.3091677784686,25.0,0.0
908.316477093363,26.0,0.0
908.3318573507072,27.0,0.0
908.3335384647218,28.0,0.0
908.3383401392315,27.0,0.0
908.3403483762394,28.0,0.0
908.3422525851976,29.0,0.0
908.3423878710171,28.0,0.0
908.3505687151365,27.0,0.0
908.353959248783,28.0,0.0
908.356663890214,29.0,0.0
908.3570700378154,30.0,0.0
908.360535139728,29.0,0.0
908.3634535178954,30.0,0.0
908.3823078825288,29.0,0.0
908.3903990937991,28.0,0.0
908.391311969689,27.0,0.0
908.4002721425662,28.0,0.0
908.4200091702854,29.0,0.0
908.4283914839883,30.0,0.0
908.4375125867451,31.0,0.0
908.4432180707485,32.0,0.0
908.4538762892959,31.0,0.0
908.475117274237,30.0,0.0
908.4767026843307,31.0,0.0
908.4819857589249,32.0,0.0
908.4938831277939,31.0,0.0
908.4971059314389,32.0,0.0
908.4984917397677,31.0,0.0
908.5039164007088,32.0,0.0
908.5074489212531,33.0,0.0
908.5120886208625,32.0,0.0
908.5164994084054,31.0,0.0
908.5246412185985,32.0,0.0
908.5264932953016,31.0,0.0
908.5284263257022,30.0,0.0
908.5308043689964,29.0,0.0
908.5356402658482,28.0,0.0
908.5503782264117,27.0,0.0
908.5577391700627,28.0,0.0
908.5665629476622,29.0,0.0
908.5672235091455,28.0,0.0
908.5757604359125,27.0,0.0
908.5774919310171,26.0,0.0
908.5869597915187,27.0,0.0
908.588749037484,28.0,0.0
908.5888034968922,29.0,0.0
908.597559246233,30.0,0.0
908.6069630372455,29.0,0.0
908.6138958716124,30.0,0.0
908.6218830229884,29.0,0.0
908.6248846968971,28.0,0.0
908.6282720943905,29.0,0.0
908.631259012829,30.0,0.0
908.6312874924851,29.0,0.0
908.631892742067,28.0,0.0
908.6504596009047,29.0,0.0
908.6639865513994,30.0,0.0
908.6761279172417,29.0,0.0
908.6798677667927,30.0,0.0
908.68053147744,31.0,0.0
908.6952965167101,32.0,0.0
908.7003943025834,31.0,0.0
908.7052066376867,32.0,0.0
908.713697504393,33.0,0.0
908.72398023967,32.0,0.0
908.725166339482,33.0,0.0
908.7290652813421,34.0,0.0
908.7322997580582,33.0,0.0
908.7361281957292,34.0,0.0
908.7384750743286,35.0,0.0
908.7398532881116,36.0,0.0
908.7464841771248,37.0,0.0
908.7518674303466,36.0,0.0
908.755519224012,37.0,0.0
908.7668540627892,38.0,0.0
908.7697667429213,39.0,0.0
908.7706285001404,38.0,0.0
908.7720816886847,39.0,0.0
908.7722881588504,40.0,0.0
908.774036931525,41.0,0.0
908.7884187696322,40.0,0.0
908.7974388540996,41.0,0.0
908.8010862703638,42.0,0.0
908.8112422515758,41.0,0.0
908.8236296848298,42.0,0.0
908.8393306674496,43.0,0.0
908.8419886726085,44.0,0.0
908.8519566360243,43.0,0.0
908.8574588617861,44.0,0.0
908.8707504743517,45.0,0.0
908.8729767907339,44.0,0.0
908.8750283819245,43.0,0.0
908.8834528143731,44.0,0.0
908.887948382441,43.0,0.0
908.8902527602877,42.0,0.0
908.8939688252855,41.0,0.0
908.8951180069093,40.0,0.0
908.9007959733489,39.0,0.0
908.9083232313056,40.0,0.0
908.9095966604099,41.0,0.0
908.9118273854382,40.0,0.0
908.9142351943386,41.0,0.0
908.9237849296994,42.0,0.0
908.9252312978308,43.0,0.0
908.9284953057371,42.0,0.0
908.937114951268,43.0,0.0
908.941945015821,44.0,0.0
908.9420551748474,43.0,0.0
908.9462861206329,44.0,0.0
908.9518989807876,45.0,0.0
908.9578834015791,46.0,0.0
908.9580579597845,45.0,0.0
908.9785209606467,46.0,0.0
908.9823447036725,45.0,0.0
908.9837087364825,46.0,0.0
908.984480442678,45.0,0.0
908.9855862657821,44.0,0.0
908.9873370758205,45.0,0.0
908.9903912070416,44.0,0.0
908.9972497302816,43.0,0.0
908.9987467990265,42.0,0.0
909.001635955812,43.0,0.0
909.0026116698299,42.0,0.0
909.0045552438983,43.0,0.0
909.0066264317007,44.0,0.0
909.0151795733096,45.0,0.0
909.0177031120674,46.0,0.0
909.0187633468591,47.0,0.0
909.0206405217046,48.0,0.0
909.0207896817577,47.0,0.0
909.0293230479457,48.0,0.0
909.0344684598928,49.0,0.0
909.050335372064,50.0,0.0
909.0580456451586,51.0,0.0
909.0655474102952,52.0,0.0
909.0777159709804,51.0,0.0
909.0870218514307,50.0,0.0
909.0898314731522,49.0,0.0
909.103041049495,48.0,0.0
909.137142223541,49.0,0.0
909.1383232069849,48.0,0.0
909.1432571547853,47.0,0.0
909.1451512535667,48.0,0.0
909.1536681444363,47.0,0.0
909.1542791156055,46.0,0.0
909.1705016677702,47.0,0.0
909.1739050884197,46.0,0.0
909.1762287761834,45.0,0.0
909.1888945105538,46.0,0.0
909.1927178309771,45.0,0.0
909.1934203120127,44.0,0.0
909.1971126738707,43.0,0.0
909.2083608993404,42.0,0.0
909.2099249572117,41.0,0.0
909.236287821505,40.0,0.0
909.2393615031411,41.0,0.0
909.243625450055,40.0,0.0
909.2438118407878,41.0,0.0
909.2498599667027,40.0,0.0
909.2535940719226,39.0,0.0
909.2553239590497,38.0,0.0
909.2592955894683,37.0,0.0
909.2631474514616,36.0,0.0
909.2684187142414,35.0,0.0
909.2704600946347,36.0,0.0
909.2721629621097,37.0,0.0
909.299349382557,38.0,0.0
909.3052420582598,37.0,0.0
909.3057910139001,36.0,0.0
909.3059933651991,35.0,0.0
909.3103425688089,34.0,0.0
909.3172438855355,35.0,0.0
909.3306795859294,36.0,0.0
909.3400974905742,37.0,0.0
909.3469496252098,38.0,0.0
909.3485802282283,37.0,0.0
909.3517375335667,38.0,0.0
909.3619970084185,37.0,0.0
909.3670883519611,38.0,0.0
909.3728567515445,37.0,0.0
909.3728927456737,38.0,0.0
909.373910780632,39.0,0.0
909.376339561961,38.0,0.0
909.3767212009218,37.0,0.0
909.3776836823727,38.0,0.0
909.3831599161479,39.0,0.0
909.3962863018627,38.0,0.0
909.400551759794,39.0,0.0
909.4030264196941,38.0,0.0
909.4064899485597,37.0,0.0
909.420191091311,36.0,0.0
909.4290656617792,37.0,0.0
909.4433452749308,36.0,0.0
909.4506242421727,37.0,0.0
909.4570449313288,36.0,0.0
909.4764059527083,37.0,0.0
909.4814326640745,36.0,0.0
909.5029205004029,35.0,0.0
909.5176847040893,34.0,0.0
909.5181922860417,33.0,0.0
909.5248691995729,32.0,0.0
909.5291179025451,31.0,0.0
909.5321129306619,32.0,0.0
909.5326925467583,31.0,0.0
909.5335858569105,32.0,0.0
909.540289933334,31.0,0.0
909.5405685935934,32.0,0.0
909.5407287483324,33.0,0.0
909.5452823078247,34.0,0.0
909.5525669287654,35.0,0.0
909.5553626831221,36.0,0.0
909.5625578081538,37.0,0.0
909.5699369518065,38.0,0.0
909.5937069914291,37.0,0.0
909.5959994535242,38.0,0.0
909.5987247812649,37.0,0.0
909.6070998994443,38.0,0.0
909.612865516919,37.0,0.0
909.622090345093,38.0,0.0
909.6239125143879,39.0,0.0
909.628778818029,40.0,0.0
909.6290988118448,41.0,0.0
909.6357145757933,40.0,0.0
909.6432353107281,39.0,0.0
909.6470715524762,38.0,0.0
909.65034388832,39.0,0.0
909.6571154700271,40.0,0.0
909.6589504465867,41.0,0.0
909.6659560996056,42.0,0.0
909.6684811145319,43.0,0.0
909.6731617709721,42.0,0.0
909.6778693094742,43.0,0.0
909.6802366009624,44.0,0.0
909.6841735078286,45.0,0.0
909.6846671768175,46.0,0.0
909.6859234671555,45.0,0.0
909.6885892111239,46.0,0.0
909.6898205714964,45.0,0.0
909.6956998765827,46.0,0.0
909.713440179373,45.0,0.0
909.7161931095442,46.0,0.0
909.7214010261397,45.0,0.0
909.7215662726919,46.0,0.0
909.7219392758517,47.0,0.0
909.7274062770379,48.0,0.0
909.7346130039666,49.0,0.0
909.7409739041956,50.0,0.0
909.7423784880132,51.0,0.0
909.752727265518,52.0,0.0
909.7541281188591,53.0,0.0
909.7543883984164,52.0,0.0
909.7601682868852,53.0,0.0
909.7656648525317,52.0,0.0
909.7707034020624,51.0,0.0
909.7900146810649,52.0,0.0
909.7930558519406,51.0,0.0
909.7955701436608,50.0,0.0
909.7991684367197,49.0,0.0
909.8018020975198,50.0,0.0
909.8045035853753,51.0,0.0
909.8071333726439,52.0,0.0
909.8071413041245,51.0,0.0
909.8133159297512,52.0,0.0
909.814444335,53.0,0.0
909.8243482216725,54.0,0.0
909.8363064905496,55.0,0.0
909.83675172787,54.0,0.0
909.8471133592901,55.0,0.0
909.8484232791157,54.0,0.0
909.8503091863086,55.0,0.0
909.8720606751577,56.0,0.0
909.8742162912889,57.0,0.0
909.8762689682434,58.0,0.0
909.8827832199785,59.0,0.0
909.8903569660594,60.0,0.0
909.8954420133671,59.0,0.0
909.900779933164,60.0,0.0
909.904797488321,59.0,0.0
909.9225383140907,60.0,0.0
909.9261707461837,61.0,0.0
909.9286784899435,62.0,0.0
909.9314391372604,61.0,0.0
909.931502529843,62.0,0.0
909.9459707616248,61.0,0.0
909.948125452506,62.0,0.0
909.9489346872062,63.0,0.0
909.9511945821204,64.0,0.0
909.9689337063915,63.0,0.0
909.9691369026312,62.0,0.0
909.9693107285601,61.0,0.0
909.9727058126613,62.0,0.0
909.9752459587602,63.0,0.0
909.978098392181,64.0,0.0
909.9815204450507,65.0,0.0
909.9866322503601,66.0,0.0
909.9930529951713,67.0,0.0
909.9970489992633,66.0,0.0
910.004399774429,65.0,0.0
910.0086187650145,66.0,0.0
910.0138356607026,67.0,0.0
910.0296477196657,66.0,0.0
910.0298651658956,67.0,0.0
910.0313379951607,68.0,0.0
910.0437743305857,69.0,0.0
910.0576226186826,70.0,0.0
910.0616291294285,69.0,0.0
910.0629786878593,70.0,0.0
910.0630103373957,71.0,0.0
910.0630878858369,72.0,0.0
910.0660059422711,73.0,0.0
910.0669165038747,74.0,0.0
910.0688553493022,73.0,0.0
910.0695386433289,72.0,0.0
910.0802851074181,73.0,0.0
910.0809504475834,72.0,0.0
910.0846592859756,73.0,0.0
910.0901482337863,74.0,0.0
910.0927071960838,75.0,0.0
910.0956839626118,76.0,0.0
910.0992743696543,75.0,0.0
910.1025744263621,74.0,0.0
910.1153301398707,75.0,0.0
910.1222923548621,76.0,0.0
910.123661923611,77.0,0.0
910.1267324774203,78.0,0.0
910.1286716480199,79.0,0.0
910.129674405003,80.0,0.0
910.1297731855417,81.0,0.0
910.131671465239,82.0,0.0
910.1331016599358,81.0,0.0
910.1468714104051,82.0,0.0
910.1479482059638,81.0,0.0
910.1512867296258,82.0,0.0
910.1583584883384,83.0,0.0
910.1640839345257,82.0,0.0
910.1768765169562,83.0,0.0
910.1771661780018,82.0,0.0
910.1782369959957,81.0,0.0
910.1790588859886,82.0,0.0
910.1824280500066,81.0,0.0
910.1827821796734,82.0,0.0
910.19199361861,83.0,0.0
910.1954385425215,82.0,0.0
910.1990568647145,83.0,0.0
910.2024009494166,82.0,0.0
910.2034300330305,83.0,0.0
910.2074280853409,84.0,0.0
910.2253675110238,85.0,0.0
910.2281538668025,84.0,0.0
910.2462016204981,85.0,0.0
910.2483868254715,84.0,0.0
910.251490768921,85.0,0.0
910.2519316851328,86.0,0.0
910.2547890689157,85.0,0.0
910.2549771523115,84.0,0.0
910.2594541251268,85.0,0.0
910.2618944803309,86.0,0.0
910.2623318647472,85.0,0.0
910.2711647255927,86.0,0.0
910.2719401136898,87.0,0.0
910.2746793126706,86.0,0.0
910.2784607080373,85.0,0.0
910.2821427118345,86.0,0.0
910.2870303419259,87.0,0.0
910.2962052426932,88.0,0.0
910.2979955392713,87.0,0.0
910.3020796139343,88.0,0.0
910.3040415716457,87.0,0.0
910.3052474256223,86.0,0.0
910.3092649497348,87.0,0.0
910.3126531115,86.0,0.0
910.3169002676759,87.0,0.0
910.317316547181,88.0,0.0
910.3200271683554,87.0,0.0
910.3257590775651,88.0,0.0
910.3455282879386,87.0,0.0
910.346048162346,86.0,0.0
910.3461350951499,87.0,0.0
910.3530623510002,88.0,0.0
910.3561617155453,87.0,0.0
910.3628548963322,86.0,0.0
910.3630825067241,87.0,0.0
910.3634989095352,86.0,0.0
910.3729631433883,85.0,0.0
910.3765184670713,84.0,0.0
910.3783193700975,85.0,0.0
910.3838974111428,86.0,0.0
910.393146593412,85.0,0.0
910.3943522851736,84.0,0.0
910.3970359901563,83.0,0.0
910.4018071575583,84.0,0.0
910.4077469464315,85.0,0.0
910.4080828533831,84.0,0.0
910.4284242647632,83.0,0.0
910.4436850448209,84.0,0.0
910.4460074951803,85.0,0.0
910.4503714230583,84.0,0.0
910.4541283148451,83.0,0.0
910.464604174377,84.0,0.0
910.4685853827261,83.0,0.0
910.4714496389104,82.0,0.0
910.4722257709203,81.0,0.0
910.4738228900784,80.0,0.0
910.4797732689212,81.0,0.0
910.4910676143872,80.0,0.0
910.5024682104826,81.0,0.0
910.5041882745782,82.0,0.0
910.5133650202652,83.0,0.0
910.5140943066928,84.0,0.0
910.5156574650939,83.0,0.0
910.5386554545792,84.0,0.0
910.55757353424,85.0,0.0
910.5674993596625,84.0,0.0
910.5695076001856,85.0,0.0
910.5774518931084,84.0,0.0
910.584860247178,85.0,0.0
910.6044650254146,84.0,0.0
910.6108342970083,83.0,0.0
910.6229944613661,82.0,0.0
910.6320467131153,81.0,0.0
910.6375427268719,82.0,0.0
910.6409058616947,83.0,0.0
910.6411559235037,82.0,0.0
910.6411762257414,81.0,0.0
910.6595120408465,82.0,0.0
910.6657400747422,81.0,0.0
910.6789288664174,80.0,0.0
910.6799473640367,79.0,0.0
910.6867273650172,80.0,0.0
910.6991381814574,79.0,0.0
910.7010653252017,80.0,0.0
910.7018140060396,79.0,0.0
910.7066550893188,78.0,0.0
910.7189611154082,77.0,0.0
910.7241495585727,78.0,0.0
910.7265715727381,79.0,0.0
910.7279614438152,80.0,0.0
910.7454387311203,79.0,0.0
910.7496695640093,78.0,0.0
910.7546482287291,79.0,0.0
910.7559953473797,80.0,0.0
910.756532700568,79.0,0.0
910.7608341451393,78.0,0.0
910.7675589656197,77.0,0.0
910.770673961401,78.0,0.0
910.7709746335178,79.0,0.0
910.7782853837219,80.0,0.0
910.7784942172074,79.0,0.0
910.7807521914452,80.0,0.0
910.7857240906837,81.0,0.0
910.7891631603225,80.0,0.0
910.7894653704085,79.0,0.0
910.7901568493938,78.0,0.0
910.7978103290918,77.0,0.0
910.7978813359094,78.0,0.0
910.8102675028949,79.0,0.0
910.8161203493213,78.0,0.0
910.8207221450167,77.0,0.0
910.8212802428541,76.0,0.0
910.8246309417049,77.0,0.0
910.8301552701865,76.0,0.0
910.8303573515203,77.0,0.0
910.8307877268012,76.0,0.0
910.8331490172317,77.0,0.0
910.8375941566159,78.0,0.0
910.8395414137475,77.0,0.0
910.8597541295014,76.0,0.0
910.8603133602993,75.0,0.0
910.8683497606921,76.0,0.0
910.8798299784344,75.0,0.0
910.8829952835924,74.0,0.0
910.9026014199732,75.0,0.0
910.9037031951914,76.0,0.0
910.911136220268,77.0,0.0
910.9128856824168,78.0,0.0
910.9176642731438,77.0,0.0
910.9285417543971,76.0,0.0
910.9331684541663,75.0,0.0
910.9355027489776,76.0,0.0
910.9360627261912,75.0,0.0
910.9398066454479,76.0,0.0
910.94343586508,77.0,0.0
910.9445764267725,78.0,0.0
910.9515775324929,79.0,0.0
910.9529188683634,78.0,0.0
910.9611637822683,79.0,0.0
910.9665869435132,78.0,0.0
910.9686619171774,77.0,0.0
910.9694531573464,76.0,0.0
910.9731310249857,75.0,0.0
910.979804711665,76.0,0.0
910.9838787922846,77.0,0.0
910.9852601181033,76.0,0.0
910.9861465903841,77.0,0.0
910.9869266423198,78.0,0.0
910.9908768480142,77.0,0.0
910.9953907245186,78.0,0.0
910.9979792587777,79.0,0.0
911.004323789531,80.0,0.0
911.0052738852112,81.0,0.0
911.0071443620026,80.0,0.0
911.0174638971281,79.0,0.0
911.0249157860404,80.0,0.0
911.025998593279,79.0,0.0
911.0261764143637,78.0,0.0
911.030609519599,77.0,0.0
911.0344221244646,78.0,0.0
911.0344435765771,77.0,0.0
911.0366307062824,76.0,0.0
911.0463350043898,75.0,0.0
911.0464701441733,76.0,0.0
911.0575298101404,77.0,0.0
911.0590079871124,76.0,0.0
911.0612040015642,75.0,0.0
911.0655852097154,74.0,0.0
911.0765035456787,73.0,0.0
911.0815366292203,72.0,0.0
911.0822192992732,73.0,0.0
911.0853531170787,74.0,0.0
911.0952785709948,75.0,0.0
911.0975149128509,74.0,0.0
911.098883228449,75.0,0.0
911.1027013729231,76.0,0.0
911.1058701994607,77.0,0.0
911.1063142236867,76.0,0.0
911.1120448515085,75.0,0.0
911.1127595282944,74.0,0.0
911.1148979127399,75.0,0.0
911.1188175146971,74.0,0.0
911.1312644937402,73.0,0.0
911.1330238716769,72.0,0.0
911.133985240603,73.0,0.0
911.1561916805276,74.0,0.0
911.1653971082169,73.0,0.0
911.1737695028094,74.0,0.0
911.183445547629,75.0,0.0
911.1876711414527,76.0,0.0
911.190543165109,75.0,0.0
911.1905953094108,76.0,0.0
911.2051167857534,75.0,0.0
911.2100668312229,76.0,0.0
911.2150215882399,77.0,0.0
911.2224956844216,78.0,0.0
911.2243865148441,79.0,0.0
911.2326424606767,80.0,0.0
911.2338268125914,81.0,0.0
911.2451975184777,82.0,0.0
911.2541149072952,81.0,0.0
911.2551517202285,82.0,0.0
911.2570447729454,81.0,0.0
911.2609870218042,82.0,0.0
911.2613815766086,81.0,0.0
911.2660259797065,80.0,0.0
911.2713997836447,81.0,0.0
911.2721226938705,80.0,0.0
911.2724780655578,79.0,0.0
911.2817401822879,80.0,0.0
911.2971325889652,81.0,0.0
911.3026414762919,82.0,0.0
911.3061775966864,83.0,0.0
911.3062676010436,82.0,0.0
911.3117628113192,81.0,0.0
911.3145818941526,80.0,0.0
911.3152684596831,79.0,0.0
911.315881710177,80.0,0.0
911.3232467355629,79.0,0.0
911.3234483426495,80.0,0.0
911.3267993756441,81.0,0.0
911.3373813977356,82.0,0.0
911.3431889169387,83.0,0.0
911.3433906646534,84.0,0.0
911.3437537100248,85.0,0.0
911.3483938525657,86.0,0.0
911.3619236053971,87.0,0.0
911.3624221218001,86.0,0.0
911.3624937174483,87.0,0.0
911.3659793110746,86.0,0.0
911.3665934319436,85.0,0.0
911.3685496008707,84.0,0.0
911.3693289497145,83.0,0.0
911.3694973386287,82.0,0.0
911.3729294556168,83.0,0.0
911.3735176788741,84.0,0.0
911.3786531566243,85.0,0.0
911.385989779833,86.0,0.0
911.388772597857,87.0,0.0
911.3928877605198,86.0,0.0
911.3986721044631,85.0,0.0
911.3989993578446,84.0,0.0
911.4074641842952,85.0,0.0
911.4109841144294,86.0,0.0
911.4111750479055,87.0,0.0
911.4191595415642,88.0,0.0
911.422690123795,89.0,0.0
911.4246481839718,90.0,0.0
911.42805603983,91.0,0.0
911.4289224324796,92.0,0.0
911.4316522744506,93.0,0.0
911.432195741582,94.0,0.0
911.4500989615843,93.0,0.0
911.4515135172308,94.0,0.0
911.4573705657106,95.0,0.0
911.4593004480525,96.0,0.0
911.4653436531029,95.0,0.0
911.468311519854,96.0,0.0
911.4742509050308,97.0,0.0
911.4785980523897,96.0,0.0
911.4813169980899,95.0,0.0
911.4817581010132,94.0,0.0
911.4846312475863,93.0,0.0
911.4936258909092,92.0,0.0
911.4967125260296,93.0,0.0
911.4985803174665,94.0,0.0
911.516540039558,95.0,0.0
911.5189171993144,96.0,0.0
911.5206305046556,95.0,0.0
911.5310405126266,96.0,0.0
911.5399678227657,97.0,0.0
911.5471064785227,96.0,0.0
911.5530728081778,97.0,0.0
911.5555860931331,98.0,0.0
911.5581268988906,99.0,0.0
911.5588957726653,98.0,0.0
911.5638502378728,97.0,0.0
911.5638832943248,96.0,0.0
911.5645743146455,97.0,0.0
911.5714449904925,98.0,0.0
911.5817970169223,99.0,0.0
911.5856937943063,100.0,0.0
911.590242900731,99.0,0.0
911.5958462962782,98.0,0.0
911.614286656608,99.0,0.0
911.6154694515059,98.0,0.0
911.6213396033932,97.0,0.0
911.627022931734,96.0,0.0
911.6298267142092,95.0,0.0
911.6327769320153,94.0,0.0
911.6414835067557,95.0,0.0
911.6666387034727,94.0,0.0
911.6809213283649,93.0,0.0
911.6847192091329,94.0,0.0
911.6956572657015,95.0,0.0
911.6956647079423,96.0,0.0
911.698516495508,95.0,0.0
911.7020918998371,96.0,0.0
911.7051161596618,95.0,0.0
911.7059031688028,94.0,0.0
911.7077519524988,95.0,0.0
911.7081177083572,96.0,0.0
911.7087804506026,95.0,0.0
911.7106034485755,96.0,0.0
911.7111531168918,95.0,0.0
911.7135299712025,96.0,0.0
911.7199076647883,95.0,0.0
911.7226603531307,94.0,0.0
911.7309395486081,93.0,0.0
911.7315226854778,92.0,0.0
911.7355319456022,93.0,0.0
911.7414820770456,92.0,0.0
911.7428352804434,91.0,0.0
911.7504421469067,90.0,0.0
911.7523247261868,89.0,0.0
911.7617705583746,90.0,0.0
911.765523237454,91.0,0.0
911.7676150615735,92.0,0.0
911.7768553832734,93.0,0.0
911.7779698675153,94.0,0.0
911.7790566842309,95.0,0.0
911.7824584152052,96.0,0.0
911.7873546314129,97.0,0.0
911.803789760412,98.0,0.0
911.8061502149741,99.0,0.0
911.8131347649248,98.0,0.0
911.8280304796923,99.0,0.0
911.8340682560332,98.0,0.0
911.8358566290809,97.0,0.0
911.8358946449215,98.0,0.0
911.8388211996662,97.0,0.0
911.8473933377757,98.0,0.0
911.8520683435619,97.0,0.0
911.8668665179598,98.0,0.0
911.8738740960802,97.0,0.0
911.8780392059075,96.0,0.0
911.8841000914316,97.0,0.0
911.894193816008,98.0,0.0
911.895625018692,99.0,0.0
911.9102055332829,98.0,0.0
911.9218273813153,99.0,0.0
911.9226056919757,98.0,0.0
911.9263073640202,99.0,0.0
911.9327401176822,98.0,0.0
911.9476141451017,99.0,0.0
911.9585985856498,100.0,0.0
911.9750375158417,99.0,0.0
911.9790808421553,98.0,0.0
911.980301840185,99.0,0.0
911.9878411091818,100.0,0.0
911.9923781573578,99.0,0.0
911.9936036514022,98.0,0.0
911.9974166550958,99.0,0.0
912.0059522687787,98.0,0.0
912.0088012337887,99.0,0.0
912.012371103166,98.0,0.0
912.0130688619014,97.0,0.0
912.0138692048706,96.0,0.0
912.019671897978,95.0,0.0
912.0208105915511,94.0,0.0
912.0235493833956,93.0,0.0
912.0248798323328,94.0,0.0
912.0253401149702,93.0,0.0
912.0296100522095,94.0,0.0
912.0344640020726,95.0,0.0
912.035942386266,96.0,0.0
912.0369926687106,97.0,0.0
912.0410320274111,96.0,0.0
912.0436518079894,95.0,0.0
912.045911923561,94.0,0.0
912.0492478481559,93.0,0.0
912.0538218543013,94.0,0.0
912.0571070120288,95.0,0.0
912.0610849927456,94.0,0.0
912.0626936119886,95.0,0.0
912.0638395056371,96.0,0.0
912.0661199998852,95.0,0.0
912.0666996254695,94.0,0.0
912.0673328190747,95.0,0.0
912.0682348678397,96.0,0.0
912.0821310476701,97.0,0.0
912.0837311050733,96.0,0.0
912.0887901089386,97.0,0.0
912.1006992213761,98.0,0.0
912.101691187624,99.0,0.0
912.102047169739,100.0,0.0
912.1091002188627,99.0,0.0
912.1317066883997,100.0,0.0
912.13857667736,99.0,0.0
912.1453211100834,98.0,0.0
912.147744321757,99.0,0.0
912.1501268970858,98.0,0.0
912.151528475994,99.0,0.0
912.1554064522265,98.0,0.0
912.1586824664638,97.0,0.0
912.1672325839877,98.0,0.0
912.1673092441345,97.0,0.0
912.172566945069,96.0,0.0
912.173813603631,97.0,0.0
912.1740125868669,98.0,0.0
912.1744273145916,99.0,0.0
912.1815586091361,98.0,0.0
912.1925869066629,99.0,0.0
912.1944760490428,98.0,0.0
912.1970133180721,99.0,0.0
912.2035422247627,100.0,0.0
912.211045500605,101.0,0.0
912.2133487569844,100.0,0.0
912.2184293881508,99.0,0.0
912.2224314732998,98.0,0.0
912.2233404653875,97.0,0.0
912.2309345445979,98.0,0.0
912.2348012929272,99.0,0.0
912.2357695296741,100.0,0.0
912.2373190667495,99.0,0.0
912.2476688940525,98.0,0.0
912.2489601957732,99.0,0.0
912.2501706752862,100.0,0.0
912.2532933790316,101.0,0.0
912.2630111443345,102.0,0.0
912.2704491059214,101.0,0.0
912.2705736872272,100.0,0.0
912.271142589455,99.0,0.0
912.2717021602008,98.0,0.0
912.2739708866798,99.0,0.0
912.2742576659073,98.0,0.0
912.2764153901413,99.0,0.0
912.2823519547458,98.0,0.0
912.2905233155487,99.0,0.0
912.2964251147976,100.0,0.0
912.3041592588116,101.0,0.0
912.3086641026281,100.0,0.0
912.3103089169824,99.0,0.0
912.3219504158252,98.0,0.0
912.3245963273644,99.0,0.0
912.3252364940502,100.0,0.0
912.3406957259245,101.0,0.0
912.3550645968581,102.0,0.0
912.3573685856205,103.0,0.0
912.3604589144229,104.0,0.0
912.3637683796313,103.0,0.0
912.3644963987635,104.0,0.0
912.3684809582292,103.0,0.0
912.3770139003547,102.0,0.0
912.3825654935733,103.0,0.0
912.3833711441189,102.0,0.0
912.4086335169937,103.0,0.0
912.411623390468,102.0,0.0
912.4122926350268,103.0,0.0
912.4276540250747,102.0,0.0
912.4338482483593,103.0,0.0
912.4414337937218,104.0,0.0
912.4528927461656,103.0,0.0
912.4541931436493,102.0,0.0
912.4565498843461,103.0,0.0
912.4690705578196,104.0,0.0
912.4717670129963,103.0,0.0
912.4759726112715,104.0,0.0
912.4826164834009,105.0,0.0
912.5040090349839,104.0,0.0
912.5060970456669,105.0,0.0
912.507065746678,104.0,0.0
912.5082680491663,105.0,0.0
912.5291901296598,106.0,0.0
912.5294072326205,107.0,0.0
912.5309889960917,108.0,0.0
912.531315679029,107.0,0.0
912.5361950482868,108.0,0.0
912.546843883166,109.0,0.0
912.5601448965696,110.0,0.0
912.563189432626,111.0,0.0
912.56578897617,112.0,0.0
912.5734967284114,111.0,0.0
912.5757532131072,112.0,0.0
912.5851560353128,111.0,0.0
912.5908884871626,112.0,0.0
912.6033677237539,111.0,0.0
912.6105713928307,110.0,0.0
912.6186339864117,109.0,0.0
912.6246502224448,110.0,0.0
912.6267643694589,109.0,0.0
912.6322893475005,110.0,0.0
912.6331475899183,109.0,0.0
912.6349983757111,108.0,0.0
912.6457915184159,107.0,0.0
912.6486605366038,108.0,0.0
912.6538077579535,109.0,0.0
912.6568697931557,108.0,0.0
912.6577391890988,109.0,0.0
912.6705699839079,110.0,0.0
912.6756727141858,111.0,0.0
912.6763869654397,112.0,0.0
912.6838841124259,111.0,0.0
912.6882456228528,112.0,0.0
912.6889652651032,113.0,0.0
912.6936789822296,112.0,0.0
912.7015395917803,113.0,0.0
912.7054554106745,112.0,0.0
912.7105732648047,111.0,0.0
912.7178095638042,110.0,0.0
912.7210923907512,109.0,0.0
912.7223090330443,108.0,0.0
912.7226574738293,107.0,0.0
912.7249956648965,106.0,0.0
912.7300014860417,105.0,0.0
912.7555131547642,106.0,0.0
912.75765089619,105.0,0.0
912.7582437937691,106.0,0.0
912.7627320180027,105.0,0.0
912.7724848687521,104.0,0.0
912.7773197086121,105.0,0.0
912.777618062204,104.0,0.0
912.792202882227,103.0,0.0
912.8173682314379,104.0,0.0
912.8219806957958,105.0,0.0
912.8257382528087,106.0,0.0
912.8284418938317,105.0,0.0
912.8339853668211,104.0,0.0
912.8406051139256,105.0,0.0
912.8498146832268,106.0,0.0
912.8577383592005,105.0,0.0
912.889590155387,106.0,0.0
912.8918646181177,107.0,0.0
912.8983311457124,108.0,0.0
912.8986109878831,107.0,0.0
912.9096429049499,108.0,0.0
912.9249856983081,107.0,0.0
912.9255746441522,108.0,0.0
912.9373468681999,109.0,0.0
912.9390013553888,108.0,0.0
912.9421753700436,107.0,0.0
912.9430954353277,106.0,0.0
912.9431414833903,107.0,0.0
912.949585886276,108.0,0.0
912.9550843024432,109.0,0.0
912.9626480598318,110.0,0.0
912.9634418574858,109.0,0.0
912.9812493503115,110.0,0.0
912.9907404172698,109.0,0.0
912.9911801849402,108.0,0.0
912.9943064931771,109.0,0.0
912.998738712491,108.0,0.0
913.0116398721894,109.0,0.0
913.0141929592603,108.0,0.0
913.0143637916774,109.0,0.0
913.0194984779149,108.0,0.0
913.0343129964887,107.0,0.0
913.0401001566464,106.0,0.0
913.054220929419,107.0,0.0
913.0663101419581,106.0,0.0
913.0719951505224,107.0,0.0
913.0724717851652,108.0,0.0
913.080420028619,107.0,0.0
913.0835407311697,108.0,0.0
913.0879942099158,109.0,0.0
913.1078683572711,108.0,0.0
913.1168183978599,109.0,0.0
913.1292951388883,110.0,0.0
913.1314637238373,109.0,0.0
913.1408413582018,108.0,0.0
913.1490990348766,109.0,0.0
913.1501517045748,108.0,0.0
913.1598809675963,109.0,0.0
913.1759953464582,108.0,0.0
913.1779585564434,109.0,0.0
913.193167140887,110.0,0.0
913.2003184285905,111.0,0.0
913.2020228212199,112.0,0.0
913.2046815383267,113.0,0.0
913.2075465065078,112.0,0.0
913.2107133831603,111.0,0.0
913.2109273022812,112.0,0.0
913.2172832456135,111.0,0.0
913.2191023865711,112.0,0.0
913.2260408863615,111.0,0.0
913.2283690255945,110.0,0.0
913.2359693299544,109.0,0.0
913.2474742854034,110.0,0.0
913.2538786588068,109.0,0.0
913.2566997430721,110.0,0.0
913.2574690166681,111.0,0.0
913.268425105916,112.0,0.0
913.2757698627132,111.0,0.0
913.279292414737,112.0,0.0
913.2871602701209,113.0,0.0
913.2915838954283,112.0,0.0
913.2932528332574,111.0,0.0
913.3224115996954,110.0,0.0
913.330418062201,111.0,0.0
913.331219428832,110.0,0.0
913.3403811740675,111.0,0.0
913.3426208805666,112.0,0.0
913.3427736147303,111.0,0.0
913.352829015866,110.0,0.0
913.3578997800215,111.0,0.0
913.3813984201172,112.0,0.0
913.3907191056854,111.0,0.0
913.3933527331968,112.0,0.0
913.3937893893531,111.0,0.0
913.3996283079616,110.0,0.0
913.4005230231335,111.0,0.0
913.408431519251,112.0,0.0
913.4128796152428,111.0,0.0
913.4156864310462,110.0,0.0
913.4258799457715,109.0,0.0
913.4341580070366,110.0,0.0
913.4411004540932,111.0,0.0
913.4501038714207,110.0,0.0
913.4524298540716,111.0,0.0
913.4563454751533,110.0,0.0
913.4603688155566,111.0,0.0
913.4611508101434,112.0,0.0
913.4673014799763,111.0,0.0
913.4709918250354,112.0,0.0
913.4834899532411,111.0,0.0
913.4900372594012,112.0,0.0
913.4935511805625,113.0,0.0
913.4961758942171,112.0,0.0
913.5227991503477,113.0,0.0
913.523042267756,112.0,0.0
913.5356527499489,111.0,0.0
913.5430294363878,110.0,0.0
913.5603159118731,109.0,0.0
913.5614321153688,110.0,0.0
913.5633352148391,111.0,0.0
913.5687004824053,110.0,0.0
913.5829936833704,109.0,0.0
913.5901864045845,110.0,0.0
913.5952494152634,109.0,0.0
913.5995503110904,108.0,0.0
913.6008348878962,109.0,0.0
913.610908997324,108.0,0.0
913.6267813203737,107.0,0.0
913.629593864612,106.0,0.0
913.6311698194694,107.0,0.0
913.6320264469705,106.0,0.0
913.6520074025549,107.0,0.0
913.6550450893951,108.0,0.0
913.6557175176088,109.0,0.0
913.6570943543243,110.0,0.0
913.6594840809597,109.0,0.0
913.6615767145012,110.0,0.0
913.6624117012575,111.0,0.0
913.6659715747849,110.0,0.0
913.6692171200295,111.0,0.0
913.6765012901594,110.0,0.0
913.6807225635941,111.0,0.0
913.6913765785248,112.0,0.0
913.691913723691,113.0,0.0
913.6920189483862,114.0,0.0
913.6969844482797,113.0,0.0
913.6987336512427,114.0,0.0
913.7044400001414,115.0,0.0
913.7044523181451,114.0,0.0
913.705949394022,115.0,0.0
913.7096108475048,114.0,0.0
913.7099856064792,113.0,0.0
913.7107009555144,112.0,0.0
913.711103720103,113.0,0.0
913.7151621743976,112.0,0.0
913.7175550491592,113.0,0.0
913.724731590558,114.0,0.0
913.7371464324303,113.0,0.0
913.7454596420328,112.0,0.0
913.7470096203307,113.0,0.0
913.7474414495593,114.0,0.0
913.7477766623471,115.0,0.0
913.7534514095181,114.0,0.0
913.7536158106464,113.0,0.0
913.7706263451524,112.0,0.0
913.7954308171687,113.0,0.0
913.7984882296028,112.0,0.0
913.8150723900511,113.0,0.0
913.8196565642043,112.0,0.0
913.8219791631916,111.0,0.0
913.8232244186541,112.0,0.0
913.8232657417897,111.0,0.0
913.8351550576244,110.0,0.0
913.8368962282372,109.0,0.0
913.8409655790198,110.0,0.0
913.8412443615549,111.0,0.0
913.8420504054259,112.0,0.0
913.8503320399232,113.0,0.0
913.8629979106051,114.0,0.0
913.8663619373272,113.0,0.0
913.8755084004749,114.0,0.0
913.8818397895393,115.0,0.0
913.8874971590288,114.0,0.0
913.891749767175,113.0,0.0
913.8938000187824,112.0,0.0
913.8951378994047,111.0,0.0
913.89990316854,110.0,0.0
913.9063618376721,111.0,0.0
913.9131411142666,112.0,0.0
913.9153243104518,113.0,0.0
913.9193958600702,112.0,0.0
913.9207870316294,113.0,0.0
913.9220301295784,114.0,0.0
913.9230852995593,113.0,0.0
913.9233222960909,114.0,0.0
913.9466816976811,113.0,0.0
913.9503249477151,114.0,0.0
913.9577481594721,113.0,0.0
913.9591889760143,114.0,0.0
913.9606093969188,115.0,0.0
913.9655249570902,114.0,0.0
913.9682815593313,115.0,0.0
913.9719852531204,116.0,0.0
913.9729466687328,115.0,0.0
913.9767077101214,116.0,0.0
913.9839884831962,115.0,0.0
913.9850366402165,114.0,0.0
914.0084146150315,115.0,0.0
914.0084487343461,114.0,0.0
914.013147316259,115.0,0.0
914.0264045837852,114.0,0.0
914.0342849236374,115.0,0.0
914.0430225527194,114.0,0.0
914.0459830221341,113.0,0.0
914.0565201523607,114.0,0.0
914.0590865772994,113.0,0.0
914.0610009261395,112.0,0.0
914.0636458861841,111.0,0.0
914.0645067657127,112.0,0.0
914.0716468399321,113.0,0.0
914.0958358413358,112.0,0.0
914.099766581661,111.0,0.0
914.1019871531578,112.0,0.0
914.1088492541563,113.0,0.0
914.1117396044699,112.0,0.0
914.1176977794812,111.0,0.0
914.1192040341675,110.0,0.0
914.1319497879261,111.0,0.0
914.1324062458341,112.0,0.0
914.1400724125614,113.0,0.0
914.1528786378389,114.0,0.0
914.1558267611642,113.0,0.0
914.1599877935939,114.0,0.0
914.1671593764686,115.0,0.0
914.1826558102125,114.0,0.0
914.1861818003924,115.0,0.0
914.1881850615899,114.0,0.0
914.1912253140458,115.0,0.0
914.1948509071541,116.0,0.0
914.2018672994697,115.0,0.0
914.2040464668715,114.0,0.0
914.205364399115,113.0,0.0
914.2159588329175,112.0,0.0
914.2185877542167,113.0,0.0
914.2314837866317,114.0,0.0
914.2316185341753,113.0,0.0
914.2368516855971,112.0,0.0
914.2389160686593,113.0,0.0
914.24254421979,112.0,0.0
914.2427307563073,113.0,0.0
914.2537855527249,112.0,0.0
914.2601129511881,111.0,0.0
914.2749637070781,110.0,0.0
914.2880669346828,109.0,0.0
914.2998076456154,110.0,0.0
914.3017538053275,109.0,0.0
914.3027803622116,110.0,0.0
914.3050347688609,111.0,0.0
914.3051153050455,110.0,0.0
914.3178652288941,109.0,0.0
914.3255109053573,108.0,0.0
914.3261632148728,107.0,0.0
914.3309309727526,106.0,0.0
914.3316670550035,105.0,0.0
914.3353995928654,104.0,0.0
914.3440231364109,103.0,0.0
914.3451460442516,102.0,0.0
914.347589774865,103.0,0.0
914.3543025597722,102.0,0.0
914.3657627680112,103.0,0.0
914.3702078613632,102.0,0.0
914.3710820601141,103.0,0.0
914.3727359265765,102.0,0.0
914.3754063033883,103.0,0.0
914.3766675383777,104.0,0.0
914.3799402446864,105.0,0.0
914.3874121316891,106.0,0.0
914.3890744669815,105.0,0.0
914.3954930764249,104.0,0.0
914.4045120016715,105.0,0.0
914.4142426479664,104.0,0.0
914.4170237622297,105.0,0.0
914.4216607324846,104.0,0.0
914.424550018487,103.0,0.0
914.4285896111106,102.0,0.0
914.4314195665174,103.0,0.0
914.4493552735883,104.0,0.0
914.4559425046006,105.0,0.0
914.4579686018767,104.0,0.0
914.4690279316322,103.0,0.0
914.4749652754807,102.0,0.0
914.4753450411982,101.0,0.0
914.4889481259809,102.0,0.0
914.4890127236008,101.0,0.0
914.4967552006327,102.0,0.0
914.5003598088946,103.0,0.0
914.5102868625534,104.0,0.0
914.5164724382394,105.0,0.0
914.5179455123431,106.0,0.0
914.5189867111951,107.0,0.0
914.5229069595872,106.0,0.0
914.5302439724165,107.0,0.0
914.5308956679007,106.0,0.0
914.5339153376103,107.0,0.0
914.5389179330805,106.0,0.0
914.5505316946332,105.0,0.0
914.5534917754635,104.0,0.0
914.5637423833507,105.0,0.0
914.5661318126852,106.0,0.0
914.5718817464312,105.0,0.0
914.5804038951812,104.0,0.0
914.5839663598797,105.0,0.0
914.5848168624303,106.0,0.0
914.5909002832974,107.0,0.0
914.6051619924743,106.0,0.0
914.6080260048808,105.0,0.0
914.6130438411577,104.0,0.0
914.6144880258232,103.0,0.0
914.6161756507637,104.0,0.0
914.6238962765574,105.0,0.0
914.6397934508129,106.0,0.0
914.6447078591697,105.0,0.0
914.6577418541026,104.0,0.0
914.6581454055025,105.0,0.0
914.6592308483043,106.0,0.0
914.660214580974,107.0,0.0
914.6623815189852,106.0,0.0
914.6638622531307,107.0,0.0
914.6981140124041,106.0,0.0
914.7027238056443,107.0,0.0
914.7050034549211,108.0,0.0
914.7175246558767,107.0,0.0
914.721913088418,106.0,0.0
914.7225745202235,105.0,0.0
914.7334787863906,106.0,0.0
914.7377881141978,107.0,0.0
914.7533161506723,108.0,0.0
914.7639604392261,109.0,0.0
914.7671081205004,108.0,0.0
914.7695302686332,109.0,0.0
914.7809250341472,110.0,0.0
914.7821927928518,111.0,0.0
914.7887859033242,110.0,0.0
914.7939327341194,109.0,0.0
914.7982725430339,110.0,0.0
914.8010463686378,111.0,0.0
914.8177466164816,112.0,0.0
914.8194220082926,111.0,0.0
914.8360440848495,110.0,0.0
914.8453720246805,111.0,0.0
914.8551342465322,112.0,0.0
914.8869701272372,111.0,0.0
914.8898984024626,110.0,0.0
914.9005763161994,109.0,0.0
914.925168131125,108.0,0.0
914.935801717652,109.0,0.0
914.9415497348938,108.0,0.0
914.9456778500648,109.0,0.0
914.9624897210969,108.0,0.0
914.9626002284051,109.0,0.0
914.9626785315638,108.0,0.0
914.9712009896838,109.0,0.0
915.0016931658753,108.0,0.0
915.0056552863534,107.0,0.0
915.0084059582425,106.0,0.0
915.0125589070473,105.0,0.0
915.0133801355246,104.0,0.0
915.0153195173266,105.0,0.0
915.0228986058595,104.0,0.0
915.051699365527,105.0,0.0
915.0531621290828,106.0,0.0
915.0765998672277,105.0,0.0
915.0787936141927,104.0,0.0
915.0803625860998,103.0,0.0
915.0814652539549,104.0,0.0
915.0876243438347,105.0,0.0
915.1179180596698,104.0,0.0
915.1246064145581,105.0,0.0
915.1260412232647,104.0,0.0
915.1296302726342,103.0,0.0
915.1302102102112,102.0,0.0
915.1370681020205,103.0,0.0
915.1590218204998,104.0,0.0
915.1607213710372,105.0,0.0
915.1613954786245,104.0,0.0
915.1713090847884,105.0,0.0
915.1818342057024,104.0,0.0
915.1862624375156,105.0,0.0
915.1880441756894,104.0,0.0
915.1952238833899,103.0,0.0
915.2030197395432,104.0,0.0
915.2088824869005,103.0,0.0
915.2099072070323,102.0,0.0
915.2163662811149,101.0,0.0
915.2243240995407,102.0,0.0
915.2286397558883,101.0,0.0
915.2302667633135,102.0,0.0
915.2358665838656,101.0,0.0
915.242674418177,100.0,0.0
915.2553504399737,99.0,0.0
915.2566194749751,98.0,0.0
915.2584404728394,99.0,0.0
915.2612831380662,98.0,0.0
915.2632350426557,97.0,0.0
915.2746828143079,98.0,0.0
915.2843630123232,99.0,0.0
915.2899875191944,98.0,0.0
915.3000342039039,99.0,0.0
915.3046736534111,100.0,0.0
915.3312828048494,99.0,0.0
915.3376930965295,98.0,0.0
915.3396071149701,97.0,0.0
915.3461179575005,96.0,0.0
915.3483390961,97.0,0.0
915.3486406194868,96.0,0.0
915.362879663537,95.0,0.0
915.3677884012865,94.0,0.0
915.3714113616006,93.0,0.0
915.37591030057,92.0,0.0
915.3808099859366,91.0,0.0
915.3858113513312,90.0,0.0
915.3972565752501,91.0,0.0
915.3974989114022,92.0,0.0
915.411309307786,91.0,0.0
915.4182364409475,92.0,0.0
915.4229009585783,93.0,0.0
915.436539867119,92.0,0.0
915.4433353345718,93.0,0.0
915.4581212003694,94.0,0.0
915.4632373648727,93.0,0.0
915.4645277658165,92.0,0.0
915.4653407508541,91.0,0.0
915.4740123013182,90.0,0.0
915.4752010343528,89.0,0.0
915.4754312096716,88.0,0.0
915.4840698795051,87.0,0.0
915.4886786577024,86.0,0.0
915.4898149703018,87.0,0.0
915.5010093536594,86.0,0.0
915.5012241878292,87.0,0.0
915.5172883525673,86.0,0.0
915.5365902633309,87.0,0.0
915.540654193902,88.0,0.0
915.5488358268293,87.0,0.0
915.5552444385976,86.0,0.0
915.5579080537952,85.0,0.0
915.5589850977071,86.0,0.0
915.5711939295605,85.0,0.0
915.5755771983927,84.0,0.0
915.579020772917,85.0,0.0
915.5821008582263,86.0,0.0
915.5821637310877,85.0,0.0
915.583584418077,84.0,0.0
915.5959725356252,83.0,0.0
915.601194292421,82.0,0.0
915.6035740983078,83.0,0.0
915.6259634542109,82.0,0.0
915.628603463077,81.0,0.0
915.6470449654295,82.0,0.0
915.6575337273442,81.0,0.0
915.6578340283593,80.0,0.0
915.6773908696074,79.0,0.0
915.6799144135383,78.0,0.0
915.6956637855475,77.0,0.0
915.7009127764011,78.0,0.0
915.7266344959385,79.0,0.0
915.7302341004639,78.0,0.0
915.7319567991166,79.0,0.0
915.7499871232901,80.0,0.0
915.7594740121947,81.0,0.0
915.7662398332714,80.0,0.0
915.7683172591837,81.0,0.0
915.7761824681335,80.0,0.0
915.7788948450436,79.0,0.0
915.7801183667425,80.0,0.0
915.7975519972485,79.0,0.0
915.7998871917662,78.0,0.0
915.8021238221684,77.0,0.0
915.8059572043352,76.0,0.0
915.8128186119526,77.0,0.0
915.8167227471289,78.0,0.0
915.8200186901456,77.0,0.0
915.822112809865,76.0,0.0
915.8237119820594,75.0,0.0
915.8270775691741,74.0,0.0
915.8321991826693,75.0,0.0
915.8328193530023,74.0,0.0
915.8423706842963,73.0,0.0
915.8472987254886,72.0,0.0
915.8522544165385,73.0,0.0
915.853341361084,74.0,0.0
915.8626439348319,73.0,0.0
915.8691882043528,74.0,0.0
915.872664628537,75.0,0.0
915.8810751354822,74.0,0.0
915.8966600503961,73.0,0.0
915.9029513177686,72.0,0.0
915.9056399794672,71.0,0.0
915.9073416699755,70.0,0.0
915.9299718450055,69.0,0.0
915.9350184689872,70.0,0.0
915.9530783952588,69.0,0.0
915.9791079981355,70.0,0.0
915.9840792437344,69.0,0.0
915.9861701197476,68.0,0.0
915.9889081979212,69.0,0.0
915.9901130414817,68.0,0.0
915.9977743180426,67.0,0.0
916.0123009449483,66.0,0.0
916.0175262751446,65.0,0.0
916.0271302146035,64.0,0.0
916.0301400581636,65.0,0.0
916.0350628904981,64.0,0.0
916.0356023315849,63.0,0.0
916.0387186942874,64.0,0.0
916.0541350624324,63.0,0.0
916.0658657242046,62.0,0.0
916.0856600833688,63.0,0.0
916.0884489840167,62.0,0.0
916.0952840203278,63.0,0.0
916.0996247884353,62.0,0.0
916.1090177878684,63.0,0.0
916.1234541427898,62.0,0.0
916.1272930417073,61.0,0.0
916.1288054678298,62.0,0.0
916.1299717755559,61.0,0.0
916.1420234676222,60.0,0.0
916.1467143466315,61.0,0.0
916.1506755070646,62.0,0.0
916.1657378676848,61.0,0.0
916.173425567877,62.0,0.0
916.1737597245547,61.0,0.0
916.1804388313358,60.0,0.0
916.195633444117,59.0,0.0
916.2007527816438,58.0,0.0
916.2083528058944,57.0,0.0
916.219556237783,58.0,0.0
916.242299027204,59.0,0.0
916.249888947927,58.0,0.0
916.2689197350786,57.0,0.0
916.273597162717,56.0,0.0
916.2916637362771,55.0,0.0
916.3076054089414,56.0,0.0
916.314701510623,55.0,0.0
916.3177386947615,54.0,0.0
916.3191504481254,55.0,0.0
916.3197532766801,54.0,0.0
916.3331059138783,53.0,0.0
916.3363721528322,52.0,0.0
916.3558809585119,51.0,0.0
916.3605592709592,50.0,0.0
916.3634561060982,51.0,0.0
916.3664909750481,50.0,0.0
916.3704452676948,51.0,0.0
916.3846871672799,50.0,0.0
916.3855456133949,49.0,0.0
916.3995916699256,48.0,0.0
916.4056483996616,47.0,0.0
916.4156003319044,48.0,0.0
916.4211875316046,47.0,0.0
916.4339994881345,48.0,0.0
916.4415314381266,47.0,0.0
916.464179141082,48.0,0.0
916.4795014989968,47.0,0.0
916.4796006198777,46.0,0.0
916.4840385066573,45.0,0.0
916.4881216656996,44.0,0.0
916.493182480402,43.0,0.0
916.4984988840741,42.0,0.0
916.5191473376185,43.0,0.0
916.523107501966,42.0,0.0
916.5256888835119,43.0,0.0
916.5521671254036,44.0,0.0
916.5565105983165,45.0,0.0
916.5574402281451,46.0,0.0
916.5635739661749,45.0,0.0
916.5655816671119,44.0,0.0
916.5663631492855,43.0,0.0
916.572571863728,42.0,0.0
916.5844618767495,41.0,0.0
916.5933676631049,40.0,0.0
916.5944435621257,41.0,0.0
916.6053559026219,42.0,0.0
916.6097097131136,43.0,0.0
916.6102683202157,44.0,0.0
916.618551074107,43.0,0.0
916.627378352473,44.0,0.0
916.6346011753174,45.0,0.0
916.6450833291251,44.0,0.0
916.6465472287696,43.0,0.0
916.6555528356465,44.0,0.0
916.655707156333,43.0,0.0
916.6603567587578,42.0,0.0
916.6609817980434,41.0,0.0
916.6651226151309,40.0,0.0
916.6670217351038,39.0,0.0
916.7090064773423,40.0,0.0
916.7095429250311,41.0,0.0
916.7319275588011,40.0,0.0
916.7562189486406,39.0,0.0
916.7725054967858,40.0,0.0
916.7847811303699,39.0,0.0
916.7881553607955,38.0,0.0
916.7978880666229,39.0,0.0
916.8008929732737,40.0,0.0
916.8170098169995,41.0,0.0
916.8293860347678,40.0,0.0
916.8405061631998,41.0,0.0
916.8420221737072,40.0,0.0
916.8483187208774,41.0,0.0
916.8604884711685,40.0,0.0
916.8667210614667,41.0,0.0
916.8733040909356,40.0,0.0
916.8761437511245,39.0,0.0
916.8773841086872,40.0,0.0
916.8985464898966,39.0,0.0
916.8994113281561,38.0,0.0
916.9213351841769,37.0,0.0
916.9238548240323,36.0,0.0
916.9293888705987,35.0,0.0
916.9297802716235,34.0,0.0
916.9704514377194,33.0,0.0
916.9712516016673,32.0,0.0
916.98038700036,31.0,0.0
916.988501516499,30.0,0.0
916.9960821892706,31.0,0.0
917.0005406455159,30.0,0.0
917.0053283464272,31.0,0.0
917.0065838259123,32.0,0.0
917.0099631049351,31.0,0.0
917.0292723805941,32.0,0.0
917.0384680109914,31.0,0.0
917.0452297594735,30.0,0.0
917.0726236855775,29.0,0.0
917.0729379282019,28.0,0.0
917.0751015865635,27.0,0.0
917.0788552639003,26.0,0.0
917.0912955976362,25.0,0.0
917.1342548560102,24.0,0.0
917.1432349176526,25.0,0.0
917.1482148730262,26.0,0.0
917.1518845878278,25.0,0.0
917.1543937827523,26.0,0.0
917.156622539992,25.0,0.0
917.1633440581885,24.0,0.0
917.171950354492,23.0,0.0
917.1760475765775,22.0,0.0
917.1936325218895,21.0,0.0
917.1991764812865,20.0,0.0
917.2260371793388,19.0,0.0
917.2285272336845,18.0,0.0
917.2306535747076,17.0,0.0
917.2348783532503,16.0,0.0
917.2359257662786,15.0,0.0
917.2412609300336,14.0,0.0
917.2459626145348,15.0,0.0
917.2682758161587,14.0,0.0
917.2709092212723,13.0,0.0
917.2728732521961,12.0,0.0
917.2890708076482,13.0,0.0
917.2891028084669,12.0,0.0
917.2952104386798,11.0,0.0
917.3039146178687,10.0,0.0
917.3147040173126,9.0,0.0
917.3154403945267,10.0,0.0
917.3293901707376,11.0,0.0
917.3710877468692,12.0,0.0
917.4020329005886,11.0,0.0
917.4167335654286,10.0,0.0
917.4320618549617,9.0,0.0
917.471460745403,10.0,0.0
917.4746322739079,11.0,0.0
917.4783424073426,12.0,0.0
917.4872712159867,11.0,0.0
917.4978200825954,10.0,0.0
917.5145543570408,9.0,0.0
917.5174196623188,8.0,0.0
917.5201679758823,7.0,0.0
917.5481795331671,6.0,0.0
917.5485620273655,5.0,0.0
917.5677640386212,4.0,0.0
917.5711161820341,3.0,0.0
917.5716275842224,2.0,0.0
917.5737949641529,1.0,0.0
917.5760046310735,0.0,0.0
917.615704720424,1.0,0.0
917.6263428494723,0.0,0.0
917.6324624410705,1.0,0.0
917.6386061044497,2.0,0.0
917.6421373034154,3.0,0.0
917.664370465382,4.0,0.0
917.6655104711647,3.0,0.0
917.6738042470345,2.0,0.0
917.6785286696046,3.0,0.0
917.6814456906437,4.0,0.0
917.6843101752667,5.0,0.0
917.6892183277507,6.0,0.0
917.6959473729878,7.0,0.0
917.698583259133,6.0,0.0
917.7309565438757,7.0,0.0
917.7448023766123,6.0,0.0
917.7591666230096,5.0,0.0
917.7614928760516,4.0,0.0
917.7878427596636,5.0,0.0
917.8086250054004,4.0,0.0
917.8120947491567,3.0,0.0
917.821602977192,2.0,0.0
917.8544429774797,3.0,0.0
917.8545529687301,2.0,0.0
917.8636937610992,3.0,0.0
917.8642142698743,2.0,0.0
917.8824844942054,1.0,0.0
917.8879832108001,0.0,0.0
917.9102551369116,1.0,0.0
917.9146578317666,2.0,0.0
917.926359676384,1.0,0.0
917.9408479982146,0.0,0.0
918.0197288514737,1.0,0.0
918.0385569036788,0.0,0.0
918.0712921245373,1.0,0.0
918.0802270467209,0.0,0.0
918.0907365322388,1.0,0.0
918.0950445861032,0.0,0.0
918.1506553811249,1.0,0.0
918.1809844611674,0.0,0.0
918.1904971905635,1.0,0.0
918.1920981418652,2.0,0.0
918.2126384886745,3.0,0.0
918.2255985482834,2.0,0.0
918.2263165093955,3.0,0.0
918.2379761996177,4.0,0.0
918.2447182395711,3.0,0.0
918.2517383408122,2.0,0.0
918.2656989128009,3.0,0.0
918.2776292167897,2.0,0.0
918.2953110575489,3.0,0.0
918.3284008913174,2.0,0.0
918.3340704549418,1.0,0.0
918.3347158908475,0.0,0.0
918.3989410831953,1.0,0.0
918.3996092862293,2.0,0.0
918.4187050122639,1.0,0.0
918.418833022691,2.0,0.0
918.4202734980337,1.0,0.0
918.4243222433674,0.0,0.0
918.5668110049642,1.0,0.0
918.5711050441946,0.0,0.0
918.6134512160975,1.0,0.0
918.6569977752556,0.0,0.0
918.760323078026,1.0,0.0
918.7628844105141,0.0,0.0
918.8087175776153,1.0,0.0
918.8168586531357,0.0,0.0
918.8568985468644,1.0,0.0
918.8701723077834,0.0,0.0
918.8757640493928,1.0,0.0
918.8799457458641,0.0,0.0
918.9711987805254,1.0,0.0
919.017310690662,0.0,0.0
919.0246471553513,1.0,0.0
919.0634546435666,0.0,0.0
919.1220659824793,1.0,0.0
919.1413486937888,0.0,0.0
919.1424975070678,1.0,0.0
919.1458055462107,0.0,0.0
919.2362343049582,1.0,0.0
919.2372694105879,2.0,0.0
919.2588369700838,1.0,0.0
919.2719495444371,2.0,0.0
919.2748265581042,1.0,0.0
919.3326765602573,2.0,0.0
919.3327963011944,1.0,0.0
919.3604585562128,2.0,0.0
919.3748488611401,1.0,0.0
919.3920844402722,2.0,0.0
919.3976954848083,1.0,0.0
919.416316320876,2.0,0.0
919.4495954875861,3.0,0.0
919.461658365307,2.0,0.0
919.4700776242394,1.0,0.0
919.4824597866508,0.0,0.0
919.5762445670885,1.0,0.0
919.5860678008262,0.0,0.0
919.588230014355,1.0,0.0
919.6034524647744,0.0,0.0
919.6190073907272,1.0,0.0
919.6397378737109,0.0,0.0
919.6765925909858,1.0,0.0
919.6837330827836,0.0,0.0
919.7518903809078,1.0,0.0
919.7539352573391,2.0,0.0
919.7589010160673,3.0,0.0
919.7670334130245,2.0,0.0
919.7795978869257,1.0,0.0
919.7868432933994,0.0,0.0
919.8783861818491,1.0,0.0
919.8827227647711,2.0,0.0
919.8892783444843,1.0,0.0
919.9242245597048,0.0,0.0
919.9729422019285,1.0,0.0
919.9795066138873,0.0,0.0
919.9941412745574,1.0,0.0
920.0074140411481,0.0,0.0
920.027270666375,1.0,0.0
920.0277896974942,2.0,0.0
920.0345251403436,1.0,0.0
920.0478831515695,0.0,0.0
920.0710674802643,1.0,0.0
920.0854177913477,0.0,0.0
920.1259341566242,1.0,0.0
920.1402187900048,0.0,0.0
920.1782102017734,1.0,0.0
920.2316747357235,0.0,0.0
920.2467407783665,1.0,0.0
920.2476106359767,0.0,0.0
920.291497888664,1.0,0.0
920.3079586133786,2.0,0.0
920.3082483650048,1.0,0.0
920.3116957108426,0.0,0.0
920.3289030270529,1.0,0.0
920.3553612488267,0.0,0.0
920.3794799014734,1.0,0.0
920.39347590198,0.0,0.0
920.3950307928664,1.0,0.0
920.4139010466356,0.0,0.0
920.458861649222,1.0,0.0
920.4637190958334,2.0,0.0
920.4717939143023,1.0,0.0
920.5010410751906,0.0,0.0
920.5297898548797,1.0,0.0
920.5460202673953,0.0,0.0
920.5626221969151,1.0,0.0
920.5704105902181,2.0,0.0
920.5811096026088,1.0,0.0
920.5870370118272,2.0,0.0
920.6081596987283,3.0,0.0
920.6137521793531,2.0,0.0
920.6223051399762,3.0,0.0
920.6223887327934,2.0,0.0
920.6413236742071,3.0,0.0
920.6495652113158,2.0,0.0
920.6521542619752,1.0,0.0
920.6550140767152,0.0,0.0
920.6577361068756,1.0,0.0
920.6593848324317,2.0,0.0
920.6667201797986,1.0,0.0
920.7026773060237,0.0,0.0
920.7145208367635,1.0,0.0
920.7208368072335,0.0,0.0
920.7414568797288,1.0,0.0
920.7448599162757,2.0,0.0
920.7470688343532,1.0,0.0
920.7506000324822,2.0,0.0
920.7597919188673,1.0,0.0
920.772058842341,0.0,0.0
920.7901519299464,1.0,0.0
920.8328429588847,2.0,0.0
920.835599312427,3.0,0.0
920.8483715503149,2.0,0.0
920.8673548763015,1.0,0.0
920.8703990689114,2.0,0.0
920.8839777645866,1.0,0.0
920.8842198798561,2.0,0.0
920.8847482501853,1.0,0.0
920.889274612871,2.0,0.0
920.892474882108,1.0,0.0
920.8971577101536,2.0,0.0
920.9067452158534,1.0,0.0
920.9071852569682,2.0,0.0
920.907442626545,3.0,0.0
920.9081804154507,4.0,0.0
920.9375570101524,3.0,0.0
920.9391785940626,4.0,0.0
920.9497145816256,3.0,0.0
920.9552514521226,4.0,0.0
920.9624938747112,3.0,0.0
921.0048394534718,4.0,0.0
921.0085202163497,3.0,0.0
921.021794587357,2.0,0.0
921.0409372801711,3.0,0.0
921.0692817822128,4.0,0.0
921.0753818077023,5.0,0.0
921.0838171189645,6.0,0.0
921.0850687162792,5.0,0.0
921.0867724479475,4.0,0.0
921.0896323359227,5.0,0.0
921.0943292617918,4.0,0.0
921.101381826995,5.0,0.0
921.1169081138316,4.0,0.0
921.1309386533727,3.0,0.0
921.1509902010273,2.0,0.0
921.1514840851108,1.0,0.0
921.165629918247,2.0,0.0
921.183361803985,1.0,0.0
921.2153976046329,2.0,0.0
921.2256396606927,1.0,0.0
921.2264767631758,2.0,0.0
921.2329089013766,1.0,0.0
921.2405293465486,0.0,0.0
921.2530270927344,1.0,0.0
921.2764911045098,2.0,0.0
921.2819756984195,1.0,0.0
921.2871717219725,2.0,0.0
921.2921983870436,3.0,0.0
921.2925970578004,4.0,0.0
921.2977361177599,3.0,0.0
921.2993979936324,2.0,0.0
921.3127786351764,1.0,0.0
921.317556013767,2.0,0.0
921.325415444373,3.0,0.0
921.3266853943658,4.0,0.0
921.3640311418008,5.0,0.0
921.3640528951007,4.0,0.0
921.3687247638977,3.0,0.0
921.3720307961767,4.0,0.0
921.3757941737258,5.0,0.0
921.3937238921566,4.0,0.0
921.405801057647,5.0,0.0
921.4076406270368,6.0,0.0
921.4140280883521,7.0,0.0
921.4262630036135,6.0,0.0
921.4368310974643,5.0,0.0
921.4548970586989,4.0,0.0
921.4847518226968,5.0,0.0
921.4861524354617,6.0,0.0
921.5020283630201,5.0,0.0
921.5058901148011,4.0,0.0
921.5071488460051,3.0,0.0
921.5102899414813,2.0,0.0
921.5250467009732,1.0,0.0
921.5694412192665,2.0,0.0
921.5805286491666,3.0,0.0
921.5850071249142,2.0,0.0
921.5891559896176,1.0,0.0
921.5894450845249,0.0,0.0
921.6405028465592,1.0,0.0
921.6450829050759,2.0,0.0
921.6480830666839,1.0,0.0
921.6787945857325,0.0,0.0
921.695810794747,1.0,0.0
921.7401580436455,0.0,0.0
921.7424292685993,1.0,0.0
921.7515240819173,0.0,0.0
921.7517379957102,1.0,0.0
921.7545074414948,2.0,0.0
921.7568008925224,3.0,0.0
921.765304584041,4.0,0.0
921.766666933549,5.0,0.0
921.7818200810314,4.0,0.0
921.7820188670387,3.0,0.0
921.7886616209381,2.0,0.0
921.7932609893468,3.0,0.0
921.79534666961,4.0,0.0
921.7977976034309,3.0,0.0
921.7986011209518,4.0,0.0
921.8057566156753,5.0,0.0
921.8106057258301,4.0,0.0
921.8109159702636,5.0,0.0
921.8150019106869,6.0,0.0
921.8350779589047,7.0,0.0
921.8452422079301,6.0,0.0
921.8580349548371,5.0,0.0
921.8641280934389,6.0,0.0
921.8662327934654,5.0,0.0
921.8723103561554,6.0,0.0
921.8799612337918,5.0,0.0
921.9033405485426,6.0,0.0
921.9109730989663,7.0,0.0
921.9116640728488,8.0,0.0
921.9138421847294,9.0,0.0
921.9241859594721,10.0,0.0
921.9433193665042,11.0,0.0
921.9475926401926,10.0,0.0
921.9573602538301,9.0,0.0
921.9601572226271,8.0,0.0
921.9627097141914,7.0,0.0
921.9692792412078,8.0,0.0
922.0067388305054,7.0,0.0
922.0182820311807,8.0,0.0
922.0234752676079,9.0,0.0
922.0330953553404,8.0,0.0
922.0394325600818,7.0,0.0
922.0474678642739,6.0,0.0
922.0579773899665,7.0,0.0
922.0715200541197,6.0,0.0
922.0821898699104,7.0,0.0
922.0868233411384,8.0,0.0
922.093248889789,9.0,0.0
922.094219510141,10.0,0.0
922.101185273324,11.0,0.0
922.1018064656732,12.0,0.0
922.1098310511886,11.0,0.0
922.1126906404002,12.0,0.0
922.1179096766973,13.0,0.0
922.1359055826622,12.0,0.0
922.1414082385824,13.0,0.0
922.1473917741051,12.0,0.0
922.1540636132162,13.0,0.0
922.1640543361954,12.0,0.0
922.1697127018449,13.0,0.0
922.1714156196206,12.0,0.0
922.1723772478488,11.0,0.0
922.1776694486646,10.0,0.0
922.178263903208,9.0,0.0
922.1826972660648,8.0,0.0
922.1833269601973,7.0,0.0
922.1875124184037,6.0,0.0
922.1925436790292,5.0,0.0
922.1960593139518,4.0,0.0
922.2010809209762,3.0,0.0
922.2090217884399,4.0,0.0
922.2101683972148,5.0,0.0
922.2241401654504,4.0,0.0
922.2258539612684,3.0,0.0
922.2314782956394,4.0,0.0
922.2393367407979,3.0,0.0
922.2437511566249,4.0,0.0
922.247918359352,5.0,0.0
922.2510756349175,6.0,0.0
922.2572283220472,7.0,0.0
922.271999165607,6.0,0.0
922.2721432546218,7.0,0.0
922.2747716478248,6.0,0.0
922.2764349376905,7.0,0.0
922.2786838710601,8.0,0.0
922.2869011888373,7.0,0.0
922.3090274241257,8.0,0.0
922.3099674617805,9.0,0.0
922.3174159725824,10.0,0.0
922.3215820602525,9.0,0.0
922.3249613851451,10.0,0.0
922.3396864020438,11.0,0.0
922.3413350143973,10.0,0.0
922.3427132269534,9.0,0.0
922.3480645410187,8.0,0.0
922.3696323324792,9.0,0.0
922.3760511719879,8.0,0.0
922.3791363428617,9.0,0.0
922.3830949830342,10.0,0.0
922.3831507294434,9.0,0.0
922.3834745281816,10.0,0.0
922.3837292698169,9.0,0.0
922.3841789610426,10.0,0.0
922.3870805642846,11.0,0.0
922.404156156322,10.0,0.0
922.4063206281362,11.0,0.0
922.409741368154,12.0,0.0
922.4177946104148,13.0,0.0
922.4248667309417,12.0,0.0
922.4285230928881,11.0,0.0
922.4338005926182,10.0,0.0
922.4565438394849,9.0,0.0
922.4625892406592,8.0,0.0
922.4682844763418,7.0,0.0
922.4773768741709,8.0,0.0
922.477453229174,7.0,0.0
922.4972514817354,8.0,0.0
922.5029546614934,7.0,0.0
922.5090162844133,8.0,0.0
922.5168402678021,9.0,0.0
922.517952772028,10.0,0.0
922.5196565573208,9.0,0.0
922.5217441557066,8.0,0.0
922.5365142197987,9.0,0.0
922.5426905941918,8.0,0.0
922.5579539767016,9.0,0.0
922.5583555664086,8.0,0.0
922.5600686974595,7.0,0.0
922.5623235359939,6.0,0.0
922.5630499495228,7.0,0.0
922.5640033942924,8.0,0.0
922.5707012978717,7.0,0.0
922.5726731263419,6.0,0.0
922.5749945389251,5.0,0.0
922.5860805489825,4.0,0.0
922.598150049236,3.0,0.0
922.6087645534392,2.0,0.0
922.6117496398169,1.0,0.0
922.6184331349002,2.0,0.0
922.6366667469605,1.0,0.0
922.6437450205477,2.0,0.0
922.6461827655864,3.0,0.0
922.6664596673304,2.0,0.0
922.6714495464337,1.0,0.0
922.6851930533164,2.0,0.0
922.6899744350357,3.0,0.0
922.6962743162754,2.0,0.0
922.701694035559,3.0,0.0
922.7364478961472,4.0,0.0
922.7435323693405,5.0,0.0
922.782517785024,4.0,0.0
922.7830694478952,5.0,0.0
922.7961116640503,6.0,0.0
922.7990777859495,7.0,0.0
922.805784240373,8.0,0.0
922.8069752155476,9.0,0.0
922.8113290374163,10.0,0.0
922.81653006228,9.0,0.0
922.8238950626863,10.0,0.0
922.8283945133152,9.0,0.0
922.8311336161248,8.0,0.0
922.8341563461784,9.0,0.0
922.8452198372119,10.0,0.0
922.845768913905,9.0,0.0
922.8483797934971,8.0,0.0
922.8500831611975,7.0,0.0
922.8532590696045,6.0,0.0
922.860214112225,5.0,0.0
922.8693605827184,6.0,0.0
922.8713634649789,7.0,0.0
922.8763755004397,6.0,0.0
922.8847332357323,7.0,0.0
922.8906594392341,8.0,0.0
922.8914495497434,9.0,0.0
922.898053041429,8.0,0.0
922.9117464770262,9.0,0.0
922.9182211322865,10.0,0.0
922.9196132370258,11.0,0.0
922.9398684461106,12.0,0.0
922.9427438344179,13.0,0.0
922.944852504896,14.0,0.0
922.949926093425,15.0,0.0
922.9613145605113,14.0,0.0
922.9637968013235,13.0,0.0
922.971773947471,12.0,0.0
922.9857098566315,13.0,0.0
922.986074921981,14.0,0.0
923.0015615268771,15.0,0.0
923.0032369927784,16.0,0.0
923.0091597385724,15.0,0.0
923.0097540583782,16.0,0.0
923.0125501805514,15.0,0.0
923.0190241575234,14.0,0.0
923.0209684901596,13.0,0.0
923.0219809994228,12.0,0.0
923.031716901138,11.0,0.0
923.0323410073827,12.0,0.0
923.0323951295569,11.0,0.0
923.0358472744846,12.0,0.0
923.0370402120066,13.0,0.0
923.0405705568844,12.0,0.0
923.0414186085285,11.0,0.0
923.0633177025853,12.0,0.0
923.0712073694615,11.0,0.0
923.0722967183128,10.0,0.0
923.0765004203187,11.0,0.0
923.0796494926599,12.0,0.0
923.0816372195702,11.0,0.0
923.0832658769122,12.0,0.0
923.0850164436298,13.0,0.0
923.0957759055274,14.0,0.0
923.096589160702,15.0,0.0
923.0985283105545,14.0,0.0
923.1033003680208,15.0,0.0
923.1099300858824,14.0,0.0
923.1103452401196,13.0,0.0
923.1233515387677,12.0,0.0
923.1281615642827,13.0,0.0
923.1293088561313,12.0,0.0
923.1310589482556,11.0,0.0
923.1311528680675,12.0,0.0
923.1312255874345,11.0,0.0
923.1356622763263,10.0,0.0
923.1370070258552,9.0,0.0
923.1507674216646,8.0,0.0
923.1535087400714,9.0,0.0
923.1660141153687,8.0,0.0
923.1738555530793,7.0,0.0
923.1765736357348,8.0,0.0
923.1772837543105,9.0,0.0
923.18511327811,10.0,0.0
923.1928386589811,9.0,0.0
923.2064941652868,10.0,0.0
923.2112864635842,11.0,0.0
923.21155463131,10.0,0.0
923.2160785982807,11.0,0.0
923.2266222629772,10.0,0.0
923.2276688917814,11.0,0.0
923.2313738897403,10.0,0.0
923.2319205827575,11.0,0.0
923.2350546333171,10.0,0.0
923.2401093501974,11.0,0.0
923.2435827900824,12.0,0.0
923.2446655768749,13.0,0.0
923.2493811127302,14.0,0.0
923.2525488156838,15.0,0.0
923.2537033620113,14.0,0.0
923.2601782900895,13.0,0.0
923.2629537320897,12.0,0.0
923.2639970551757,13.0,0.0
923.2932879060512,14.0,0.0
923.2983760753581,13.0,0.0
923.3013343842722,14.0,0.0
923.3128001691421,15.0,0.0
923.3148723280156,16.0,0.0
923.323879992008,17.0,0.0
923.3253391213492,16.0,0.0
923.3309397538825,15.0,0.0
923.3548603826464,14.0,0.0
923.3601568411375,13.0,0.0
923.3607296772155,14.0,0.0
923.3650636028256,15.0,0.0
923.3679737559979,14.0,0.0
923.3691018223942,13.0,0.0
923.3904151430826,14.0,0.0
923.3909557539068,15.0,0.0
923.3959213489153,14.0,0.0
923.4089947184185,13.0,0.0
923.421530102302,14.0,0.0
923.4232678618324,13.0,0.0
923.4239646861035,12.0,0.0
923.4272107023974,13.0,0.0
923.4272582783615,14.0,0.0
923.4297579533778,13.0,0.0
923.4344685918921,14.0,0.0
923.4355543485182,13.0,0.0
923.4401301310367,14.0,0.0
923.447855996866,15.0,0.0
923.448291885712,14.0,0.0
923.4488813197556,13.0,0.0
923.4497990667676,12.0,0.0
923.4507102992152,13.0,0.0
923.4564261618971,12.0,0.0
923.4574948651449,13.0,0.0
923.4624050485544,12.0,0.0
923.4697719960161,11.0,0.0
923.4749704405215,10.0,0.0
923.4887770928992,9.0,0.0
923.4946687758544,8.0,0.0
923.4961895463134,7.0,0.0
923.5067154597874,8.0,0.0
923.5090415674376,9.0,0.0
923.5132926271118,8.0,0.0
923.5166401960893,9.0,0.0
923.5179521761131,8.0,0.0
923.5372835581439,9.0,0.0
923.5433591978842,8.0,0.0
923.5449939389133,9.0,0.0
923.5472028576976,10.0,0.0
923.5632723640099,11.0,0.0
923.5672769009578,10.0,0.0
923.5735331871355,11.0,0.0
923.5753278194248,12.0,0.0
923.5779047703074,13.0,0.0
923.5923519350155,12.0,0.0
923.5976032505298,13.0,0.0
923.599885593114,14.0,0.0
923.6140822447998,15.0,0.0
923.6159314711667,16.0,0.0
923.6219392449489,17.0,0.0
923.6289925023585,18.0,0.0
923.6413802246888,17.0,0.0
923.6436635103644,18.0,0.0
923.6450133402851,19.0,0.0
923.6482336647202,20.0,0.0
923.6502995610286,21.0,0.0
923.657283287632,22.0,0.0
923.6576005913033,21.0,0.0
923.6671396027375,22.0,0.0
923.6680766504791,21.0,0.0
923.6842005124319,20.0,0.0
923.6854898718437,21.0,0.0
923.694050050973,22.0,0.0
923.698538813542,23.0,0.0
923.7009164221795,22.0,0.0
923.7067908600507,23.0,0.0
923.7069906652068,22.0,0.0
923.7131496823918,21.0,0.0
923.7214517977707,22.0,0.0
923.7227329176791,23.0,0.0
923.7228096883285,22.0,0.0
923.7235714470933,21.0,0.0
923.7381237131228,20.0,0.0
923.7434288259395,19.0,0.0
923.7532390454423,18.0,0.0
923.7572046716353,17.0,0.0
923.7586187530169,18.0,0.0
923.7623931569692,17.0,0.0
923.7669533633787,16.0,0.0
923.7705967025155,17.0,0.0
923.7741816391272,18.0,0.0
923.7764855865997,17.0,0.0
923.777690259007,18.0,0.0
923.7778485336275,19.0,0.0
923.7815729537558,20.0,0.0
923.7883744020342,19.0,0.0
923.7895482711772,18.0,0.0
923.7927291077868,19.0,0.0
923.7993266366893,18.0,0.0
923.8023804500078,17.0,0.0
923.8031724802212,18.0,0.0
923.8086441262938,19.0,0.0
923.8114036851985,20.0,0.0
923.8190426578759,19.0,0.0
923.825431570364,18.0,0.0
923.8351875396845,19.0,0.0
923.8609652475537,18.0,0.0
923.8616889039976,17.0,0.0
923.870932478605,16.0,0.0
923.8720176082774,15.0,0.0
923.8858982753683,16.0,0.0
923.9025936801464,15.0,0.0
923.9037194268086,16.0,0.0
923.9045159644911,17.0,0.0
923.9128992933113,18.0,0.0
923.9182714894512,17.0,0.0
923.9192547612712,18.0,0.0
923.9240268776756,19.0,0.0
923.9246466003813,20.0,0.0
923.9311953886229,19.0,0.0
923.9334337515121,18.0,0.0
923.9371931435547,17.0,0.0
923.9411814549792,18.0,0.0
923.941901773874,19.0,0.0
923.9443327924978,20.0,0.0
923.9532021614884,21.0,0.0
923.9546106275985,22.0,0.0
923.9558039592574,21.0,0.0
923.9558772010568,20.0,0.0
923.9567438666012,19.0,0.0
923.9574280958356,18.0,0.0
923.9595856312236,17.0,0.0
923.9611660007023,18.0,0.0
923.9625361650029,19.0,0.0
923.9683067312011,20.0,0.0
923.9710672936184,21.0,0.0
923.9769171581664,22.0,0.0
923.9870964112522,23.0,0.0
923.9878398346673,24.0,0.0
923.9936870790483,25.0,0.0
923.996413856512,26.0,0.0
923.9970995590227,25.0,0.0
924.0070873046974,24.0,0.0
924.015548370163,25.0,0.0
924.0224820618573,24.0,0.0
924.0239421812533,23.0,0.0
924.0275533951002,24.0,0.0
924.0302520060671,23.0,0.0
924.0363909218523,24.0,0.0
924.0549439936467,25.0,0.0
924.0573662975332,24.0,0.0
924.0613737415334,23.0,0.0
924.0637710940199,22.0,0.0
924.0681499697475,23.0,0.0
924.0703166786649,24.0,0.0
924.0752590034695,23.0,0.0
924.0825127493326,22.0,0.0
924.0842189778002,21.0,0.0
924.0843312510359,22.0,0.0
924.0880109968866,21.0,0.0
924.0880879263685,22.0,0.0
924.0947506214983,21.0,0.0
924.0979637258476,22.0,0.0
924.1085556737376,23.0,0.0
924.1118213823559,24.0,0.0
924.119322803265,23.0,0.0
924.1253947594242,22.0,0.0
924.1348082029132,21.0,0.0
924.1399970896646,22.0,0.0
924.1424684567854,21.0,0.0
924.1588645306351,20.0,0.0
924.1645209760053,21.0,0.0
924.1666868126531,20.0,0.0
924.1708001651281,19.0,0.0
924.1711616536682,20.0,0.0
924.1854108712114,19.0,0.0
924.1969329907079,20.0,0.0
924.2049532599727,21.0,0.0
924.2163523784553,22.0,0.0
924.2212223033456,21.0,0.0
924.2306954851454,22.0,0.0
924.238301389154,23.0,0.0
924.2385362563697,24.0,0.0
924.2395155011473,23.0,0.0
924.2422771451694,24.0,0.0
924.2506032303193,25.0,0.0
924.2552583375201,24.0,0.0
924.2566640368088,23.0,0.0
924.273386223711,22.0,0.0
924.2762423721222,21.0,0.0
924.2816620205532,22.0,0.0
924.2829133997598,23.0,0.0
924.2927981690228,22.0,0.0
924.29349044676,23.0,0.0
924.2993796347597,24.0,0.0
924.3006247317388,23.0,0.0
924.3112907904939,22.0,0.0
924.3158585268994,23.0,0.0
924.3160049001343,22.0,0.0
924.3160360680891,21.0,0.0
924.3169905393238,22.0,0.0
924.318292517338,21.0,0.0
924.3224436673835,20.0,0.0
924.3306807814948,19.0,0.0
924.3418019199046,20.0,0.0
924.3430805608799,21.0,0.0
924.3458823100921,22.0,0.0
924.3479924292394,21.0,0.0
924.3564868832925,22.0,0.0
924.3651135741015,23.0,0.0
924.3711840015305,22.0,0.0
924.3722693046408,23.0,0.0
924.3744148711593,24.0,0.0
924.3841691460694,23.0,0.0
924.3899453923246,24.0,0.0
924.3906355078371,23.0,0.0
924.3907971263532,22.0,0.0
924.3912969665522,23.0,0.0
924.3994281140217,24.0,0.0
924.4061023501853,23.0,0.0
924.4086875037306,24.0,0.0
924.4168253018648,23.0,0.0
924.4212845561642,24.0,0.0
924.4307019686612,23.0,0.0
924.4476240972638,24.0,0.0
924.4486699797695,25.0,0.0
924.4685093797889,24.0,0.0
924.4717993471415,25.0,0.0
924.474661365344,24.0,0.0
924.4814410306155,25.0,0.0
924.4845466777523,26.0,0.0
924.4957060764095,27.0,0.0
924.5008193866416,28.0,0.0
924.5423312042938,29.0,0.0
924.5465454271359,28.0,0.0
924.5475806421152,27.0,0.0
924.5484643308154,28.0,0.0
924.5516800438394,29.0,0.0
924.5597135554107,28.0,0.0
924.56449993038,29.0,0.0
924.5653573117397,28.0,0.0
924.5838019767876,27.0,0.0
924.5878262184857,26.0,0.0
924.590803558836,27.0,0.0
924.5985944927958,28.0,0.0
924.5992485204971,27.0,0.0
924.6086527173949,28.0,0.0
924.6306476927724,27.0,0.0
924.635269183333,26.0,0.0
924.6418947549369,27.0,0.0
924.644624912462,28.0,0.0
924.646835334962,29.0,0.0
924.6578609297491,28.0,0.0
924.6721232910996,29.0,0.0
924.6792499470333,28.0,0.0
924.6844224961687,27.0,0.0
924.6850356788815,28.0,0.0
924.6932123051356,27.0,0.0
924.6952552380916,28.0,0.0
924.6954236358702,27.0,0.0
924.6969968621806,28.0,0.0
924.7115711098347,27.0,0.0
924.7116942734779,28.0,0.0
924.7210208776221,29.0,0.0
924.7246671636502,30.0,0.0
924.7298140550827,29.0,0.0
924.7337148354771,30.0,0.0
924.735244629064,29.0,0.0
924.736532783687,30.0,0.0
924.7403800274769,29.0,0.0
924.7641624084437,30.0,0.0
924.7660634509966,31.0,0.0
924.7678783964193,32.0,0.0
924.7707943007364,31.0,0.0
924.7936679818063,32.0,0.0
924.7946335143843,31.0,0.0
924.8016808882885,30.0,0.0
924.8028922538055,31.0,0.0
924.8030408945763,30.0,0.0
924.810364753313,31.0,0.0
924.8175447848736,30.0,0.0
924.8207601886176,31.0,0.0
924.8268160446238,32.0,0.0
924.8327705734539,33.0,0.0
924.8409982793124,34.0,0.0
924.8673093617563,35.0,0.0
924.8766522907268,36.0,0.0
924.8785881400728,37.0,0.0
924.8844802520769,36.0,0.0
924.8893197773721,37.0,0.0
924.8904539126266,38.0,0.0
924.8984319314083,37.0,0.0
924.9069167231697,38.0,0.0
924.9071293245731,37.0,0.0
924.9169388642739,38.0,0.0
924.939190825624,37.0,0.0
924.9406658402469,38.0,0.0
924.9406934927745,39.0,0.0
924.9432816663334,38.0,0.0
924.9435976287084,37.0,0.0
924.9495338602559,38.0,0.0
924.9516015605359,37.0,0.0
924.9517658878199,38.0,0.0
924.9656842158471,37.0,0.0
924.965732738022,38.0,0.0
924.9675624440307,37.0,0.0
924.979895657131,36.0,0.0
924.9875074392536,37.0,0.0
924.9911782287135,38.0,0.0
924.9984881537446,39.0,0.0
925.0027695927521,40.0,0.0
925.003685790854,39.0,0.0
925.0076580879033,38.0,0.0
925.0123210049127,39.0,0.0
925.0131933981276,40.0,0.0
925.0147944802733,39.0,0.0
925.029728105447,40.0,0.0
925.0313003215681,39.0,0.0
925.0360479398717,40.0,0.0
925.0422954190356,41.0,0.0
925.0530925318242,40.0,0.0
925.0531587459849,39.0,0.0
925.0556950152526,40.0,0.0
925.0700427393334,39.0,0.0
925.071138866139,40.0,0.0
925.0803280840694,39.0,0.0
925.0938838882955,38.0,0.0
925.1023241840799,39.0,0.0
925.1025142532008,38.0,0.0
925.1068211640528,37.0,0.0
925.1158621855114,38.0,0.0
925.1278691162025,37.0,0.0
925.1327556433134,38.0,0.0
925.1372863804166,39.0,0.0
925.1406605945904,38.0,0.0
925.1471727663605,37.0,0.0
925.1475034686299,36.0,0.0
925.1499050589596,37.0,0.0
925.1633794910795,38.0,0.0
925.1663770265747,39.0,0.0
925.1724253169883,38.0,0.0
925.1822161292698,39.0,0.0
925.1835982436983,40.0,0.0
925.1973751986816,39.0,0.0
925.1998867100624,38.0,0.0
925.2014634625027,37.0,0.0
925.2021017988094,38.0,0.0
925.2029007761807,37.0,0.0
925.203144236851,38.0,0.0
925.2076413705298,39.0,0.0
925.2159922389413,38.0,0.0
925.2180416952333,39.0,0.0
925.2224359252115,40.0,0.0
925.2260005050318,41.0,0.0
925.2357136886139,42.0,0.0
925.2408958489794,43.0,0.0
925.245632613211,44.0,0.0
925.2510577381453,45.0,0.0
925.2523270127845,46.0,0.0
925.2544652897449,47.0,0.0
925.2552403803609,48.0,0.0
925.2709309111136,49.0,0.0
925.2770062375392,50.0,0.0
925.2785564890426,49.0,0.0
925.2843841444248,48.0,0.0
925.3000416283068,49.0,0.0
925.3014872080408,48.0,0.0
925.3068611996227,49.0,0.0
925.3178883436998,50.0,0.0
925.3182970734168,51.0,0.0
925.3203270695166,52.0,0.0
925.3246941553882,53.0,0.0
925.3278977973243,52.0,0.0
925.329698439091,51.0,0.0
925.3333878200987,50.0,0.0
925.3341624100291,51.0,0.0
925.3376039527535,50.0,0.0
925.356150605753,49.0,0.0
925.3698818782365,50.0,0.0
925.3732911671068,51.0,0.0
925.378977963154,52.0,0.0
925.3812131665104,51.0,0.0
925.3813579151116,52.0,0.0
925.3836378328399,53.0,0.0
925.3864615772193,54.0,0.0
925.3888455926863,55.0,0.0
925.3888663147208,56.0,0.0
925.3898491781479,55.0,0.0
925.3930672167319,54.0,0.0
925.3941579025002,53.0,0.0
925.4069938215491,54.0,0.0
925.4078300588958,55.0,0.0
925.4087645846483,54.0,0.0
925.4095453081363,53.0,0.0
925.4133091562151,54.0,0.0
925.4256033150526,55.0,0.0
925.4281697618301,56.0,0.0
925.4293751745508,57.0,0.0
925.432027306879,58.0,0.0
925.4322937175542,59.0,0.0
925.4328080020443,58.0,0.0
925.4342595033355,59.0,0.0
925.437282111205,60.0,0.0
925.437390304121,59.0,0.0
925.4410853744213,58.0,0.0
925.4485877623254,59.0,0.0
925.4490506390471,60.0,0.0
925.4496965026561,59.0,0.0
925.4502413754949,60.0,0.0
925.4534827600784,59.0,0.0
925.457396295978,58.0,0.0
925.4588703549146,57.0,0.0
925.4640352726963,58.0,0.0
925.464654332011,57.0,0.0
925.4683923207926,56.0,0.0
925.4689381134733,57.0,0.0
925.4730168873829,56.0,0.0
925.4789764625832,55.0,0.0
925.4795945088015,54.0,0.0
925.4810154242757,53.0,0.0
925.4904255079687,52.0,0.0
925.4942584532008,51.0,0.0
925.4954221214283,52.0,0.0
925.4954472080982,51.0,0.0
925.4957243568888,52.0,0.0
925.5019569570462,53.0,0.0
925.5101463103089,52.0,0.0
925.5133398031253,53.0,0.0
925.5158352316437,54.0,0.0
925.5160747276933,55.0,0.0
925.5194257610914,54.0,0.0
925.5236640297964,53.0,0.0
925.5394548850911,52.0,0.0
925.5468857797799,53.0,0.0
925.5557565526033,54.0,0.0
925.5566645860765,53.0,0.0
925.5646869495157,52.0,0.0
925.5660145744534,51.0,0.0
925.5722653257225,50.0,0.0
925.5872502165055,51.0,0.0
925.6062580410131,52.0,0.0
925.6085133587582,51.0,0.0
925.6117387378018,50.0,0.0
925.616553052464,51.0,0.0
925.6301423750605,50.0,0.0
925.6316782652833,51.0,0.0
925.6334122377947,52.0,0.0
925.6463261767403,51.0,0.0
925.6550535312284,52.0,0.0
925.6604311292288,53.0,0.0
925.6616630104288,52.0,0.0
925.6649517748594,53.0,0.0
925.6777889705243,54.0,0.0
925.6807645345044,55.0,0.0
925.6980158805961,54.0,0.0
925.7039818484124,53.0,0.0
925.7089383326493,54.0,0.0
925.7216788416698,53.0,0.0
925.7236348799878,52.0,0.0
925.7240340055496,51.0,0.0
925.7244528246124,52.0,0.0
925.7446193121139,53.0,0.0
925.7489167106403,54.0,0.0
925.7552430357197,55.0,0.0
925.7567185564575,56.0,0.0
925.7592242040076,57.0,0.0
925.7687502059032,58.0,0.0
925.7796658523993,59.0,0.0
925.7809897096745,58.0,0.0
925.7815068086649,57.0,0.0
925.783710537854,56.0,0.0
925.7838785543693,55.0,0.0
925.7841358987846,54.0,0.0
925.7914346643612,55.0,0.0
925.8044322765164,56.0,0.0
925.805407251421,57.0,0.0
925.8074292661454,58.0,0.0
925.8124817117401,59.0,0.0
925.8196814685095,60.0,0.0
925.8226212931564,61.0,0.0
925.8262125341491,62.0,0.0
925.8314156134385,61.0,0.0
925.8442146146878,62.0,0.0
925.8460620094771,63.0,0.0
925.8496605221145,64.0,0.0
925.8602690597405,63.0,0.0
925.8751862724731,64.0,0.0
925.8792340478694,63.0,0.0
925.8824083443207,62.0,0.0
925.8969213229861,63.0,0.0
925.9049182304417,62.0,0.0
925.9089327402295,61.0,0.0
925.9090684650125,62.0,0.0
925.913133402547,63.0,0.0
925.9205831621775,64.0,0.0
925.9334330956209,63.0,0.0
925.9358552353582,62.0,0.0
925.9485375416335,61.0,0.0
925.95513733249,62.0,0.0
925.9683180031624,61.0,0.0
925.9701648018914,62.0,0.0
925.9708798354887,63.0,0.0
925.9717242711571,64.0,0.0
925.9726308088716,65.0,0.0
925.9789998745784,66.0,0.0
925.9819473968059,67.0,0.0
925.9839206965456,68.0,0.0
925.9892800439632,67.0,0.0
925.9902773571778,68.0,0.0
925.993660395738,69.0,0.0
925.9947703811545,70.0,0.0
926.0051552588786,71.0,0.0
926.0115393281475,70.0,0.0
926.0157415141896,69.0,0.0
926.0258007247583,70.0,0.0
926.0268676877871,71.0,0.0
926.0282175834759,72.0,0.0
926.0301626603319,73.0,0.0
926.0310101593815,72.0,0.0
926.0330901812032,73.0,0.0
926.0336566717383,74.0,0.0
926.0651964596323,73.0,0.0
926.0731199744707,74.0,0.0
926.0763664105853,75.0,0.0
926.0772992979503,76.0,0.0
926.0862360400552,75.0,0.0
926.0898492882824,76.0,0.0
926.0920279144278,77.0,0.0
926.0978361311506,76.0,0.0
926.104527068506,77.0,0.0
926.1067171771962,76.0,0.0
926.1127636980631,77.0,0.0
926.1161406651752,78.0,0.0
926.1241267349313,79.0,0.0
926.125751748712,78.0,0.0
926.1274383745764,77.0,0.0
926.1280630064684,76.0,0.0
926.1302052914814,77.0,0.0
926.1314345447321,78.0,0.0
926.1321545074841,79.0,0.0
926.1456102133474,80.0,0.0
926.1526048167633,81.0,0.0
926.1625087111231,80.0,0.0
926.1650852063003,79.0,0.0
926.1689643380155,78.0,0.0
926.1701411102473,79.0,0.0
926.1704829592919,80.0,0.0
926.1797169407473,81.0,0.0
926.1865628625305,82.0,0.0
926.187430951912,81.0,0.0
926.1980015656089,80.0,0.0
926.2003567503195,79.0,0.0
926.2024933692106,78.0,0.0
926.2148205680494,79.0,0.0
926.2335937480703,80.0,0.0
926.2371941383569,81.0,0.0
926.2478265799518,82.0,0.0
926.248839032708,83.0,0.0
926.2527049439374,82.0,0.0
926.2655510799905,81.0,0.0
926.2679087645741,80.0,0.0
926.268217004546,81.0,0.0
926.2767399821632,82.0,0.0
926.2774462133968,83.0,0.0
926.2873497041777,84.0,0.0
926.2932015043857,85.0,0.0
926.3056571865452,86.0,0.0
926.3072892075386,87.0,0.0
926.3107296909126,86.0,0.0
926.3161769919719,85.0,0.0
926.3209185695512,84.0,0.0
926.3232547769027,85.0,0.0
926.3258027975934,86.0,0.0
926.3266562274983,87.0,0.0
926.3373309974138,88.0,0.0
926.3391351684957,89.0,0.0
926.3395643608369,90.0,0.0
926.3401217525675,91.0,0.0
926.3484291604174,92.0,0.0
926.3493038981354,91.0,0.0
926.3508294101367,90.0,0.0
926.351529085665,91.0,0.0
926.3542624841072,90.0,0.0
926.3690802069489,89.0,0.0
926.3737099961493,90.0,0.0
926.3923320505947,91.0,0.0
926.3977317654299,92.0,0.0
926.4037216682452,91.0,0.0
926.4037552518506,90.0,0.0
926.4071700608232,91.0,0.0
926.410399212559,90.0,0.0
926.4174637185328,89.0,0.0
926.4235353967622,88.0,0.0
926.4247942027946,89.0,0.0
926.425369665173,88.0,0.0
926.426654702803,89.0,0.0
926.4273743177854,88.0,0.0
926.4414974024198,89.0,0.0
926.4455395977085,88.0,0.0
926.4474042486003,87.0,0.0
926.454476807995,88.0,0.0
926.4625104001345,89.0,0.0
926.4753196072853,88.0,0.0
926.475427383709,89.0,0.0
926.4772664221493,90.0,0.0
926.477271673298,91.0,0.0
926.4890549173211,90.0,0.0
926.4933145617524,89.0,0.0
926.4958266356979,90.0,0.0
926.4973866102681,89.0,0.0
926.4993675953305,88.0,0.0
926.5014365116133,87.0,0.0
926.5024168343322,88.0,0.0
926.506004410869,87.0,0.0
926.5064804490262,86.0,0.0
926.507536156421,85.0,0.0
926.5217037723772,86.0,0.0
926.5225715299425,85.0,0.0
926.5340291273596,84.0,0.0
926.5380109659872,83.0,0.0
926.5416262595535,82.0,0.0
926.5456667895176,83.0,0.0
926.5559163227723,84.0,0.0
926.5561147706563,83.0,0.0
926.5600122972238,82.0,0.0
926.5647107390662,83.0,0.0
926.5832236854878,82.0,0.0
926.5860776841033,83.0,0.0
926.5888934425849,84.0,0.0
926.5901044119804,85.0,0.0
926.5901764941257,86.0,0.0
926.5906850383783,87.0,0.0
926.5955643802511,86.0,0.0
926.5989019548841,87.0,0.0
926.6002572744791,88.0,0.0
926.6004820081666,89.0,0.0
926.6005133915311,90.0,0.0
926.6067846745301,91.0,0.0
926.6192702844487,90.0,0.0
926.6211429078475,89.0,0.0
926.6214845456933,88.0,0.0
926.6256243409713,87.0,0.0
926.6285138816628,86.0,0.0
926.6396680983827,85.0,0.0
926.6439001818665,86.0,0.0
926.6468753412125,85.0,0.0
926.6534887726774,84.0,0.0
926.6635898474935,83.0,0.0
926.6641075873005,82.0,0.0
926.6709922131062,83.0,0.0
926.6724032453698,84.0,0.0
926.6756277755754,83.0,0.0
926.6837510532981,82.0,0.0
926.6869015980379,81.0,0.0
926.688603705127,82.0,0.0
926.6920691847932,81.0,0.0
926.6987451404161,80.0,0.0
926.7145694493598,79.0,0.0
926.7265925256828,78.0,0.0
926.7281383222414,77.0,0.0
926.7402547615035,78.0,0.0
926.7416380323737,79.0,0.0
926.7461257766151,78.0,0.0
926.748974566376,77.0,0.0
926.7492344427995,78.0,0.0
926.7544730343405,79.0,0.0
926.7561670415092,80.0,0.0
926.7572648911199,79.0,0.0
926.7632705599096,80.0,0.0
926.7677133177223,79.0,0.0
926.7829834062777,80.0,0.0
926.7833394925071,79.0,0.0
926.7886629398903,78.0,0.0
926.7958690351932,79.0,0.0
926.8140430760499,80.0,0.0
926.8150102029313,79.0,0.0
926.8238290269531,80.0,0.0
926.8279393826841,79.0,0.0
926.828361676366,78.0,0.0
926.8297583179153,77.0,0.0
926.8349101506169,76.0,0.0
926.8362118078799,77.0,0.0
926.8394747767162,78.0,0.0
926.8429925757035,77.0,0.0
926.8499580688768,78.0,0.0
926.8587985675364,79.0,0.0
926.8606954474425,78.0,0.0
926.8613002101403,79.0,0.0
926.8630545645301,80.0,0.0
926.8685415627263,81.0,0.0
926.8724044705637,80.0,0.0
926.8788014693928,81.0,0.0
926.8824771745892,80.0,0.0
926.891575347825,81.0,0.0
926.8932928850087,82.0,0.0
926.8952235648018,81.0,0.0
926.8971197754121,82.0,0.0
926.8993590855678,81.0,0.0
926.9006209892508,80.0,0.0
926.9009437380886,79.0,0.0
926.9030971741586,78.0,0.0
926.9059385402057,79.0,0.0
926.9063261490514,80.0,0.0
926.9137819405964,79.0,0.0
926.9257720852563,80.0,0.0
926.9271850010807,81.0,0.0
926.9349090368712,80.0,0.0
926.9350159821934,79.0,0.0
926.9382422987306,80.0,0.0
926.9383703603203,81.0,0.0
926.9647728020503,82.0,0.0
926.9650233841955,83.0,0.0
926.9683659757445,82.0,0.0
926.9745463994429,81.0,0.0
926.9768273827083,80.0,0.0
926.978745886509,79.0,0.0
926.9821778237888,78.0,0.0
926.9844138740465,77.0,0.0
926.9866824542546,78.0,0.0
926.9882745812079,77.0,0.0
926.9973090159942,78.0,0.0
926.9983197597011,79.0,0.0
926.9999081660708,80.0,0.0
927.0064702184,79.0,0.0
927.0070269342692,78.0,0.0
927.0162206411181,79.0,0.0
927.0182822488922,80.0,0.0
927.0263285267835,81.0,0.0
927.0379420309736,80.0,0.0
927.0416116793452,81.0,0.0
927.0442855453281,82.0,0.0
927.0557082156066,83.0,0.0
927.0572600081819,82.0,0.0
927.0648610572528,83.0,0.0
927.0780109991919,82.0,0.0
927.0799742639695,81.0,0.0
927.0903434010726,82.0,0.0
927.0942125738007,81.0,0.0
927.09606533691,82.0,0.0
927.0970112019367,81.0,0.0
927.0985909699367,82.0,0.0
927.099928232102,83.0,0.0
927.1015663582199,82.0,0.0
927.1273485329584,83.0,0.0
927.1279791010719,82.0,0.0
927.1336479638521,81.0,0.0
927.1422537940643,82.0,0.0
927.1440442912258,83.0,0.0
927.1483090066091,84.0,0.0
927.1568534820462,83.0,0.0
927.1635094432082,84.0,0.0
927.164227738158,85.0,0.0
927.1682468540341,86.0,0.0
927.1726318808913,85.0,0.0
927.1768680101807,84.0,0.0
927.178985532567,83.0,0.0
927.1824463583355,82.0,0.0
927.1825339959263,81.0,0.0
927.1864108963815,82.0,0.0
927.1896533314725,81.0,0.0
927.208407894206,80.0,0.0
927.2223071479307,79.0,0.0
927.2227997460319,80.0,0.0
927.2352553829023,81.0,0.0
927.2498619162798,82.0,0.0
927.2623010569156,81.0,0.0
927.2750353244425,82.0,0.0
927.2769753829601,83.0,0.0
927.2903782020429,82.0,0.0
927.2941743371767,81.0,0.0
927.3006363424264,82.0,0.0
927.3105203624145,81.0,0.0
927.310750422821,82.0,0.0
927.3144457509101,83.0,0.0
927.3304503543291,82.0,0.0
927.3479950072791,81.0,0.0
927.3557612302706,82.0,0.0
927.3600676919091,81.0,0.0
927.3629247128293,82.0,0.0
927.3695624998896,83.0,0.0
927.3761300788079,84.0,0.0
927.3780720570622,83.0,0.0
927.3869355630721,82.0,0.0
927.390117132312,83.0,0.0
927.3910126552236,84.0,0.0
927.393691276813,85.0,0.0
927.3957742600483,86.0,0.0
927.4067141946588,87.0,0.0
927.4152954580405,86.0,0.0
927.4164857260881,87.0,0.0
927.4262337273996,88.0,0.0
927.4266906808083,89.0,0.0
927.4346637756804,88.0,0.0
927.4359412519633,87.0,0.0
927.444765591651,88.0,0.0
927.4455253650998,89.0,0.0
927.4528829032823,88.0,0.0
927.4552154819775,89.0,0.0
927.4588439375509,90.0,0.0
927.4591543007739,89.0,0.0
927.4628509341912,88.0,0.0
927.4684803548485,87.0,0.0
927.4693672816659,86.0,0.0
927.4725321669573,85.0,0.0
927.4833653313557,84.0,0.0
927.4848973297431,85.0,0.0
927.4851809992532,86.0,0.0
927.4880331568219,85.0,0.0
927.4953205424346,86.0,0.0
927.518750862769,87.0,0.0
927.5195251272786,88.0,0.0
927.5232289145629,87.0,0.0
927.5236973186331,86.0,0.0
927.5286753372135,85.0,0.0
927.532762411146,86.0,0.0
927.5358687574941,85.0,0.0
927.5379339887943,84.0,0.0
927.5500238402802,85.0,0.0
927.5540628623515,84.0,0.0
927.5570439822833,85.0,0.0
927.5587285743294,84.0,0.0
927.5716921385925,85.0,0.0
927.5754312855968,84.0,0.0
927.5759039341359,83.0,0.0
927.5856512506107,82.0,0.0
927.5862794869018,83.0,0.0
927.5867313659145,84.0,0.0
927.588749078154,85.0,0.0
927.5923786618397,86.0,0.0
927.6120698582218,85.0,0.0
927.6136035035712,84.0,0.0
927.616106757103,85.0,0.0
927.6231370694919,84.0,0.0
927.624498683684,85.0,0.0
927.6257822241112,86.0,0.0
927.634641835323,87.0,0.0
927.6387460551625,88.0,0.0
927.6483987602109,87.0,0.0
927.6490726618416,88.0,0.0
927.6660184574669,87.0,0.0
927.6701857321798,88.0,0.0
927.6763386229941,87.0,0.0
927.6866401476441,86.0,0.0
927.691763394614,87.0,0.0
927.6937639522864,88.0,0.0
927.6963895359044,89.0,0.0
927.6964314093339,88.0,0.0
927.7093247167686,87.0,0.0
927.7121362034295,86.0,0.0
927.7284500103956,85.0,0.0
927.7373193119186,84.0,0.0
927.739595669154,83.0,0.0
927.7574165011645,82.0,0.0
927.7596559662737,81.0,0.0
927.7696039545219,82.0,0.0
927.7805179933929,83.0,0.0
927.795595339504,84.0,0.0
927.7961321314558,85.0,0.0
927.7968887853262,86.0,0.0
927.8040115793439,85.0,0.0
927.8071139598783,84.0,0.0
927.8102908493275,83.0,0.0
927.8147416204782,82.0,0.0
927.8246769219963,81.0,0.0
927.8348170288018,82.0,0.0
927.8514363994727,83.0,0.0
927.8532767561414,82.0,0.0
927.869589388897,83.0,0.0
927.8735039217531,82.0,0.0
927.8852135355536,83.0,0.0
927.8916496344827,84.0,0.0
927.8921598180491,85.0,0.0
927.8952012777768,84.0,0.0
927.8988736746234,85.0,0.0
927.9038119977595,86.0,0.0
927.9058749620567,85.0,0.0
927.9084256064308,86.0,0.0
927.917738309981,85.0,0.0
927.9179727098248,86.0,0.0
927.9202449663483,85.0,0.0
927.9261865551645,86.0,0.0
927.9305977055501,87.0,0.0
927.9337458358906,86.0,0.0
927.9337725648866,87.0,0.0
927.9339458337357,86.0,0.0
927.9345215122057,87.0,0.0
927.934947172572,86.0,0.0
927.939655460551,87.0,0.0
927.9471253011674,86.0,0.0
927.9518533113837,85.0,0.0
927.954364544991,84.0,0.0
927.9549558844432,85.0,0.0
927.9579893568603,84.0,0.0
927.9599191586199,85.0,0.0
927.9708565414106,86.0,0.0
927.9854845646422,85.0,0.0
927.9902150267217,86.0,0.0
927.9905573169358,87.0,0.0
927.9916553551362,88.0,0.0
927.9934722965642,87.0,0.0
927.994689802235,86.0,0.0
928.00073111782,85.0,0.0
928.0069467380191,86.0,0.0
928.0084640727137,87.0,0.0
928.030523232547,88.0,0.0
928.0312973536769,87.0,0.0
928.0322092111534,86.0,0.0
928.0327812444289,87.0,0.0
928.0330829245371,86.0,0.0
928.0332625910991,87.0,0.0
928.0402824993838,86.0,0.0
928.0407121806368,85.0,0.0
928.0436957913869,86.0,0.0
928.0512512187748,87.0,0.0
928.0538164959115,86.0,0.0
928.0551158714287,87.0,0.0
928.0566929936967,86.0,0.0
928.0731294686732,85.0,0.0
928.0807339969281,86.0,0.0
928.091469461386,85.0,0.0
928.0953383546992,84.0,0.0
928.0977832572892,83.0,0.0
928.1149168556929,82.0,0.0
928.1320950464265,83.0,0.0
928.1338325468023,82.0,0.0
928.1391542058926,83.0,0.0
928.1451643081848,84.0,0.0
928.1486707126081,85.0,0.0
928.1494911995472,86.0,0.0
928.159652156766,85.0,0.0
928.1773628658751,84.0,0.0
928.181722303973,83.0,0.0
928.1856701456984,82.0,0.0
928.1885019637907,81.0,0.0
928.1937466800456,80.0,0.0
928.196102707092,81.0,0.0
928.2010089116848,82.0,0.0
928.2012941440253,81.0,0.0
928.2096691454166,80.0,0.0
928.210732083269,79.0,0.0
928.2143970596424,80.0,0.0
928.2231979923055,79.0,0.0
928.2252034455845,80.0,0.0
928.2260244454983,81.0,0.0
928.2283743300044,80.0,0.0
928.2352877581603,81.0,0.0
928.2450343528541,80.0,0.0
928.2498162877756,79.0,0.0
928.2500043151331,80.0,0.0
928.2547177230578,81.0,0.0
928.2640050875395,80.0,0.0
928.2691147976168,81.0,0.0
928.2693781999384,80.0,0.0
928.2799663981124,79.0,0.0
928.2843950262348,80.0,0.0
928.2857840451184,81.0,0.0
928.2899773264622,82.0,0.0
928.2908342594484,83.0,0.0
928.3073268047042,84.0,0.0
928.3097607010451,83.0,0.0
928.3141520120757,84.0,0.0
928.3146788899458,83.0,0.0
928.3150789727414,82.0,0.0
928.324589793391,81.0,0.0
928.3432870183835,82.0,0.0
928.3436964275458,83.0,0.0
928.3538192256271,84.0,0.0
928.3649451643527,85.0,0.0
928.3654515910686,84.0,0.0
928.382520870929,83.0,0.0
928.3858685962672,82.0,0.0
928.4040117977449,83.0,0.0
928.4058431730059,82.0,0.0
928.4058992529149,83.0,0.0
928.4211994669216,84.0,0.0
928.4230069515133,83.0,0.0
928.4323184517114,82.0,0.0
928.4363825705586,83.0,0.0
928.4404150171856,84.0,0.0
928.4453859501498,83.0,0.0
928.4510161176086,82.0,0.0
928.4535673647305,81.0,0.0
928.4605873488371,82.0,0.0
928.4705134451737,83.0,0.0
928.4737681419552,82.0,0.0
928.4815024422237,81.0,0.0
928.4821502449316,80.0,0.0
928.4845905310625,81.0,0.0
928.4898514867057,82.0,0.0
928.4999174708485,81.0,0.0
928.5035323809417,80.0,0.0
928.5035431782604,79.0,0.0
928.5039970897523,80.0,0.0
928.5092657809506,81.0,0.0
928.5154196298593,82.0,0.0
928.5180704728864,83.0,0.0
928.5220093362179,82.0,0.0
928.5280658842915,83.0,0.0
928.5316804989134,82.0,0.0
928.5427362368649,81.0,0.0
928.5540415499939,80.0,0.0
928.5594516478408,81.0,0.0
928.5670381894066,82.0,0.0
928.5681445775133,83.0,0.0
928.5762669338457,84.0,0.0
928.5916029225966,85.0,0.0
928.592174192963,86.0,0.0
928.595373254867,87.0,0.0
928.603574817345,86.0,0.0
928.6186870394539,85.0,0.0
928.6310668054481,86.0,0.0
928.6318706953524,85.0,0.0
928.6454905577534,86.0,0.0
928.6507079019705,87.0,0.0
928.6567108491677,88.0,0.0
928.6655501746278,89.0,0.0
928.6683423734455,90.0,0.0
928.6708936672396,89.0,0.0
928.672802083632,90.0,0.0
928.6793404586338,91.0,0.0
928.6937471716723,92.0,0.0
928.7068315554615,91.0,0.0
928.7069538977075,92.0,0.0
928.7115417136445,93.0,0.0
928.7263566454427,94.0,0.0
928.7310217277499,95.0,0.0
928.7428234547025,96.0,0.0
928.7495994735024,95.0,0.0
928.757665612154,94.0,0.0
928.7626255587211,95.0,0.0
928.7659804551449,94.0,0.0
928.7810300552501,95.0,0.0
928.7899169280582,96.0,0.0
928.7995170803233,97.0,0.0
928.80061827439,98.0,0.0
928.8011482744396,99.0,0.0
928.8055822805219,98.0,0.0
928.8114454073387,97.0,0.0
928.8173816318773,98.0,0.0
928.8198438614533,99.0,0.0
928.8200739967514,100.0,0.0
928.8245281064062,99.0,0.0
928.8256687800056,98.0,0.0
928.8300900718713,99.0,0.0
928.8388442975082,98.0,0.0
928.8594211035917,97.0,0.0
928.8667487181755,96.0,0.0
928.8747320689183,95.0,0.0
928.884794005182,96.0,0.0
928.8865809815221,97.0,0.0
928.8873941708057,96.0,0.0
928.887788154821,97.0,0.0
928.8906142145524,96.0,0.0
928.8996361725136,97.0,0.0
928.9007666404536,98.0,0.0
928.9019801718902,97.0,0.0
928.9084117664617,96.0,0.0
928.9138564810878,97.0,0.0
928.9159607560856,96.0,0.0
928.9208595008687,97.0,0.0
928.9266975404581,96.0,0.0
928.9296955795195,95.0,0.0
928.9355944760904,94.0,0.0
928.944759544531,93.0,0.0
928.9458654556432,92.0,0.0
928.950730162195,93.0,0.0
928.9547747274195,94.0,0.0
928.9554756265649,95.0,0.0
928.9603674799893,94.0,0.0
928.9606329473556,93.0,0.0
928.9659685737531,92.0,0.0
928.9662577686026,93.0,0.0
928.9707277585369,92.0,0.0
928.97928499459,93.0,0.0
928.9849780611943,94.0,0.0
928.9893319787943,95.0,0.0
928.9923797521897,96.0,0.0
928.9942725408789,95.0,0.0
928.9953858265743,94.0,0.0
929.0032940803283,95.0,0.0
929.003770127271,94.0,0.0
929.0124404201034,95.0,0.0
929.0125063655428,96.0,0.0
929.0139941385454,97.0,0.0
929.0167967014295,96.0,0.0
929.0212038316051,95.0,0.0
929.0235691377392,96.0,0.0
929.0321591167993,97.0,0.0
929.0407510300525,96.0,0.0
929.0533601096149,97.0,0.0
929.0554505907751,96.0,0.0
929.0702390600421,95.0,0.0
929.0766158211981,94.0,0.0
929.0804095199417,93.0,0.0
929.0907734364594,92.0,0.0
929.0940382566796,93.0,0.0
929.0993509540018,94.0,0.0
929.1021120026164,95.0,0.0
929.106657127989,94.0,0.0
929.11136605848,95.0,0.0
929.1144683583449,94.0,0.0
929.1305234948085,95.0,0.0
929.135262439245,96.0,0.0
929.13814415096,97.0,0.0
929.1382352353183,96.0,0.0
929.1397083143019,95.0,0.0
929.1438577921327,94.0,0.0
929.1460892878018,93.0,0.0
929.1481945256942,94.0,0.0
929.1599094607705,93.0,0.0
929.1762355458162,94.0,0.0
929.176845289164,93.0,0.0
929.1786847559132,94.0,0.0
929.192649753428,95.0,0.0
929.1951615093842,94.0,0.0
929.1958757453765,95.0,0.0
929.2022873539371,96.0,0.0
929.2032067702028,95.0,0.0
929.2096123375579,94.0,0.0
929.2113922787031,95.0,0.0
929.2131406364168,94.0,0.0
929.2384728967645,95.0,0.0
929.2396702305126,94.0,0.0
929.2420749722686,93.0,0.0
929.2423655691895,92.0,0.0
929.2473808593744,93.0,0.0
929.2503173930091,92.0,0.0
929.2509633042868,91.0,0.0
929.2524663539506,90.0,0.0
929.2616939176023,89.0,0.0
929.276647762972,88.0,0.0
929.2911440456778,89.0,0.0
929.2928569664881,90.0,0.0
929.2958253016557,89.0,0.0
929.3045169858079,88.0,0.0
929.3054513387281,87.0,0.0
929.3098441671387,88.0,0.0
929.3133765958329,89.0,0.0
929.3151045566013,88.0,0.0
929.3202785827548,87.0,0.0
929.3279466412249,86.0,0.0
929.3430114742337,87.0,0.0
929.3486858888958,86.0,0.0
929.355342531772,85.0,0.0
929.3559675268872,86.0,0.0
929.3574935759838,85.0,0.0
929.3595460805334,84.0,0.0
929.3641099670028,83.0,0.0
929.3654083007522,84.0,0.0
929.3669163744426,85.0,0.0
929.3692640926204,84.0,0.0
929.3708847255017,83.0,0.0
929.3849037952754,82.0,0.0
929.3875700324598,83.0,0.0
929.3918179065279,84.0,0.0
929.3943801021326,85.0,0.0
929.3987354993818,86.0,0.0
929.4004737989981,87.0,0.0
929.406181735923,88.0,0.0
929.4110475750754,87.0,0.0
929.41291663248,88.0,0.0
929.4174977129953,87.0,0.0
929.4354135394159,88.0,0.0
929.4436164398234,89.0,0.0
929.4751636103452,88.0,0.0
929.482688685717,87.0,0.0
929.4877962461488,86.0,0.0
929.4889641820344,87.0,0.0
929.5023028827586,88.0,0.0
929.503859017266,87.0,0.0
929.5060195252936,86.0,0.0
929.507259015201,85.0,0.0
929.5137773707738,86.0,0.0
929.5174678396886,85.0,0.0
929.5231858913514,86.0,0.0
929.5258912550502,85.0,0.0
929.5269898461369,86.0,0.0
929.5411022486999,87.0,0.0
929.5447472984598,88.0,0.0
929.5460926314888,87.0,0.0
929.5534237503724,86.0,0.0
929.5644396916783,87.0,0.0
929.5653578752401,86.0,0.0
929.5655346090725,87.0,0.0
929.5658251193729,88.0,0.0
929.5783526119089,87.0,0.0
929.581006257284,88.0,0.0
929.5822140283329,87.0,0.0
929.5876394118845,86.0,0.0
929.5949182346841,85.0,0.0
929.5964160413262,84.0,0.0
929.6008515396139,85.0,0.0
929.6024132248904,86.0,0.0
929.6100108489507,85.0,0.0
929.6139848622182,84.0,0.0
929.620548868444,85.0,0.0
929.6236116839267,84.0,0.0
929.6301615189567,85.0,0.0
929.6382531216126,84.0,0.0
929.645168693119,83.0,0.0
929.646354828055,82.0,0.0
929.6478254437932,81.0,0.0
929.65751058419,80.0,0.0
929.6714507216606,81.0,0.0
929.6744824786341,80.0,0.0
929.6772126586199,79.0,0.0
929.68596652894,80.0,0.0
929.6927963063036,79.0,0.0
929.7043264873989,78.0,0.0
929.7138432026463,79.0,0.0
929.7169977197293,80.0,0.0
929.7328973366219,81.0,0.0
929.7399133030017,80.0,0.0
929.7481630226139,79.0,0.0
929.7552146638058,78.0,0.0
929.7593380017248,77.0,0.0
929.7640268090121,76.0,0.0
929.7684633763515,77.0,0.0
929.7722698130513,78.0,0.0
929.7775197301617,79.0,0.0
929.7817242212518,80.0,0.0
929.7848339599441,81.0,0.0
929.785580857699,80.0,0.0
929.8034804593989,79.0,0.0
929.8049033185474,80.0,0.0
929.8076673002815,79.0,0.0
929.812458721631,78.0,0.0
929.8137170433304,79.0,0.0
929.8140918841216,80.0,0.0
929.8253817024108,81.0,0.0
929.8451618527399,80.0,0.0
929.8511818740664,81.0,0.0
929.8536742653108,80.0,0.0
929.8643293130577,81.0,0.0
929.8723252823655,80.0,0.0
929.8886189852091,79.0,0.0
929.8935452884405,78.0,0.0
929.8943717083536,77.0,0.0
929.8967530033004,76.0,0.0
929.8982023998173,77.0,0.0
929.9041623751463,76.0,0.0
929.9060970482059,75.0,0.0
929.9111656509017,74.0,0.0
929.9114047241137,75.0,0.0
929.9154539689293,74.0,0.0
929.9251527181967,75.0,0.0
929.9291191210203,74.0,0.0
929.9408696401217,73.0,0.0
929.9411445257848,74.0,0.0
929.946146350589,75.0,0.0
929.9516940571289,76.0,0.0
929.955851959237,75.0,0.0
929.9616286453575,76.0,0.0
929.9636951316838,77.0,0.0
929.9694161923215,78.0,0.0
929.9715539356827,77.0,0.0
929.9768144132456,76.0,0.0
929.9956439802505,77.0,0.0
930.0032933663707,76.0,0.0
930.0068810772632,75.0,0.0
930.0167257229044,76.0,0.0
930.021885428597,77.0,0.0
930.0236638285907,76.0,0.0
930.0255289389702,77.0,0.0
930.0333330651338,76.0,0.0
930.0360435999811,75.0,0.0
930.0361164092997,76.0,0.0
930.0484024733407,77.0,0.0
930.0486849863571,76.0,0.0
930.0598710562845,75.0,0.0
930.0727027393567,76.0,0.0
930.0902859757409,75.0,0.0
930.0955577140871,74.0,0.0
930.1012975017323,75.0,0.0
930.1051089674751,76.0,0.0
930.123891365647,75.0,0.0
930.138242122953,74.0,0.0
930.1385885312537,73.0,0.0
930.1492187012524,72.0,0.0
930.1542767532217,71.0,0.0
930.1571407795822,70.0,0.0
930.1573354981026,69.0,0.0
930.1582982310581,70.0,0.0
930.1595448828207,69.0,0.0
930.1647556653284,68.0,0.0
930.1660710786866,67.0,0.0
930.171030281629,68.0,0.0
930.1769398657298,69.0,0.0
930.185894353123,68.0,0.0
930.1957323122022,67.0,0.0
930.2084363958622,66.0,0.0
930.2152581115797,65.0,0.0
930.2167615355962,66.0,0.0
930.2177110787046,65.0,0.0
930.2181879814059,64.0,0.0
930.2213241352945,63.0,0.0
930.2371814331336,62.0,0.0
930.2463946883357,61.0,0.0
930.2490663191523,62.0,0.0
930.2495477040522,61.0,0.0
930.2639039938986,60.0,0.0
930.2756433023644,59.0,0.0
930.2832812097374,58.0,0.0
930.3026796624903,57.0,0.0
930.3032727840708,56.0,0.0
930.305494016759,57.0,0.0
930.3305374079542,56.0,0.0
930.3461057672482,55.0,0.0
930.3621311681895,54.0,0.0
930.3665348302599,55.0,0.0
930.3679116475013,56.0,0.0
930.3791039093477,57.0,0.0
930.38118071521,58.0,0.0
930.3839444163917,57.0,0.0
930.3857267320216,56.0,0.0
930.4036454689519,57.0,0.0
930.4058007048887,56.0,0.0
930.407485340378,57.0,0.0
930.4103959158605,56.0,0.0
930.422154104027,55.0,0.0
930.4281926195406,54.0,0.0
930.4297984579778,55.0,0.0
930.4308201284919,54.0,0.0
930.439686204619,55.0,0.0
930.4439910672294,54.0,0.0
930.4448177448437,55.0,0.0
930.4488536144459,54.0,0.0
930.450438653137,53.0,0.0
930.4589670886461,54.0,0.0
930.4759343077185,53.0,0.0
930.485276146018,54.0,0.0
930.4920175361854,53.0,0.0
930.5009541532019,54.0,0.0
930.5020820582499,53.0,0.0
930.5071889753741,52.0,0.0
930.5200825909837,51.0,0.0
930.5377416360931,50.0,0.0
930.5455573265423,51.0,0.0
930.5485692160568,50.0,0.0
930.553568549184,49.0,0.0
930.554158348481,48.0,0.0
930.5657321910716,47.0,0.0
930.5852892947987,46.0,0.0
930.6027750431639,47.0,0.0
930.6029174020524,46.0,0.0
930.6130839340306,45.0,0.0
930.6227507279829,44.0,0.0
930.6324819680024,45.0,0.0
930.6354672216738,44.0,0.0
930.6420682040296,43.0,0.0
930.643765963451,44.0,0.0
930.6460510429056,43.0,0.0
930.6556157103671,44.0,0.0
930.6563278305202,43.0,0.0
930.6652957362294,42.0,0.0
930.6662981994189,43.0,0.0
930.6689515755291,44.0,0.0
930.6817020787744,45.0,0.0
930.6968207470909,44.0,0.0
930.7044274464706,43.0,0.0
930.718231530555,42.0,0.0
930.7186664346777,41.0,0.0
930.7303594221838,40.0,0.0
930.7315307658012,39.0,0.0
930.7665945396286,40.0,0.0
930.7735465124732,41.0,0.0
930.7977159234316,42.0,0.0
930.8001417093449,43.0,0.0
930.8359111396722,42.0,0.0
930.8569449206677,41.0,0.0
930.8573282714704,40.0,0.0
930.8607055467056,39.0,0.0
930.8796183946775,40.0,0.0
930.8996251461431,39.0,0.0
930.9011328671294,38.0,0.0
930.9121780158371,39.0,0.0
930.9159334548203,40.0,0.0
930.9375260654864,39.0,0.0
930.9400123388265,40.0,0.0
930.9404279866744,41.0,0.0
930.9407542695393,42.0,0.0
930.942650578274,41.0,0.0
930.9439406066244,40.0,0.0
930.9639608613804,39.0,0.0
930.966253937014,38.0,0.0
930.9697957148419,37.0,0.0
930.9838882564588,38.0,0.0
930.9850764014254,39.0,0.0
930.9878298915964,40.0,0.0
930.990075853516,39.0,0.0
931.0036519476458,40.0,0.0
931.0123799389829,39.0,0.0
931.015540701311,40.0,0.0
931.0156931677868,39.0,0.0
931.0183295420475,38.0,0.0
931.0402697365913,39.0,0.0
931.04585552675,38.0,0.0
931.0612532629,39.0,0.0
931.0722011526923,38.0,0.0
931.0845719429997,37.0,0.0
931.086181966779,36.0,0.0
931.0880715470299,35.0,0.0
931.0890752652817,36.0,0.0
931.101513620043,35.0,0.0
931.1100195863332,34.0,0.0
931.1109699933045,35.0,0.0
931.1109834163899,36.0,0.0
931.1236346913918,35.0,0.0
931.1299135775871,34.0,0.0
931.1302503218507,33.0,0.0
931.1415086474951,32.0,0.0
931.1423463889918,31.0,0.0
931.1452849143279,30.0,0.0
931.1462026816291,31.0,0.0
931.1541111630614,30.0,0.0
931.1619193413267,31.0,0.0
931.1657609219643,30.0,0.0
931.1659980785114,29.0,0.0
931.1689243661983,30.0,0.0
931.1758800979698,31.0,0.0
931.1765821616787,30.0,0.0
931.1833060735811,29.0,0.0
931.1884944841511,30.0,0.0
931.1932252637891,29.0,0.0
931.1949692159307,28.0,0.0
931.1986829655052,27.0,0.0
931.2040807542476,28.0,0.0
931.2066932096731,29.0,0.0
931.2181000946858,28.0,0.0
931.2365868841819,29.0,0.0
931.2367937967373,28.0,0.0
931.24043122,29.0,0.0
931.2550485509533,30.0,0.0
931.2587471548017,31.0,0.0
931.2614800316408,30.0,0.0
931.2627712491287,29.0,0.0
931.2745963521185,28.0,0.0
931.3099426802297,27.0,0.0
931.3177777893355,28.0,0.0
931.3257783134511,29.0,0.0
931.3585280920183,30.0,0.0
931.3592490144925,29.0,0.0
931.3593907372572,28.0,0.0
931.3698927142175,29.0,0.0
931.3728796321697,30.0,0.0
931.3756013185299,31.0,0.0
931.375749605279,30.0,0.0
931.3834806081562,31.0,0.0
931.3996286339724,32.0,0.0
931.4016062843837,31.0,0.0
931.4056549157904,30.0,0.0
931.4116709529528,29.0,0.0
931.4224461636866,28.0,0.0
931.4273259184038,29.0,0.0
931.4283224782259,30.0,0.0
931.4312336215277,29.0,0.0
931.448602556738,30.0,0.0
931.4796316608014,31.0,0.0
931.4915535451232,30.0,0.0
931.4940002607187,31.0,0.0
931.4940548881151,32.0,0.0
931.5165774325983,31.0,0.0
931.5217936822237,30.0,0.0
931.5351829908409,31.0,0.0
931.5436052888576,30.0,0.0
931.5643970293264,29.0,0.0
931.5721688744369,30.0,0.0
931.5834958148577,29.0,0.0
931.5856800247223,30.0,0.0
931.589984799508,31.0,0.0
931.6072749323392,32.0,0.0
931.608223738225,33.0,0.0
931.6230205012944,32.0,0.0
931.6260946735176,31.0,0.0
931.6443705292993,32.0,0.0
931.649089383352,31.0,0.0
931.6562934200584,32.0,0.0
931.668068868215,31.0,0.0
931.6948131702601,30.0,0.0
931.7049582974241,29.0,0.0
931.7100093155727,30.0,0.0
931.7152869317491,29.0,0.0
931.7159144965804,30.0,0.0
931.7236456568216,31.0,0.0
931.728955118662,32.0,0.0
931.7292960050445,31.0,0.0
931.7313899836089,30.0,0.0
931.7347495097015,29.0,0.0
931.7460814822424,30.0,0.0
931.7525532037416,31.0,0.0
931.7690827226692,30.0,0.0
931.7703485434663,29.0,0.0
931.782155019768,30.0,0.0
931.7902076157241,29.0,0.0
931.7962687236102,30.0,0.0
931.818311631247,29.0,0.0
931.8219411029905,30.0,0.0
931.8252656326714,29.0,0.0
931.8325136366665,30.0,0.0
931.8334083422666,29.0,0.0
931.8378017737458,30.0,0.0
931.8393709660107,29.0,0.0
931.8414085419058,30.0,0.0
931.8436584620214,31.0,0.0
931.8571489217566,30.0,0.0
931.8614016187822,29.0,0.0
931.8643205873921,28.0,0.0
931.8732538097761,29.0,0.0
931.890310303502,28.0,0.0
931.9015470102106,27.0,0.0
931.9103249873943,28.0,0.0
931.9114746399264,27.0,0.0
931.9121552791229,26.0,0.0
931.9174292583075,25.0,0.0
931.9274749330082,24.0,0.0
931.9274831983081,23.0,0.0
931.9282231756079,22.0,0.0
931.9422368392935,21.0,0.0
931.9568648580608,20.0,0.0
931.9794100827716,21.0,0.0
931.9931416138267,22.0,0.0
931.9987470763415,23.0,0.0
931.9995369854016,22.0,0.0
932.0134942567394,21.0,0.0
932.020259222548,22.0,0.0
932.0240255962847,23.0,0.0
932.0303809807004,22.0,0.0
932.0333980841646,21.0,0.0
932.0339894123748,20.0,0.0
932.0350783732969,19.0,0.0
932.0355350699646,20.0,0.0
932.0517438293662,19.0,0.0
932.0546108673358,20.0,0.0
932.0550371203675,21.0,0.0
932.0615284948186,20.0,0.0
932.0658196429437,21.0,0.0
932.0674467507611,22.0,0.0
932.0890867141285,21.0,0.0
932.0907147995517,22.0,0.0
932.0934743550891,23.0,0.0
932.0992391549173,22.0,0.0
932.1205576396105,21.0,0.0
932.128329406818,22.0,0.0
932.1292555549553,23.0,0.0
932.1501954102346,24.0,0.0
932.1532667553549,23.0,0.0
932.1560090991475,22.0,0.0
932.1581725098995,21.0,0.0
932.1588511951801,20.0,0.0
932.1596655525194,19.0,0.0
932.185419586065,18.0,0.0
932.1856263198189,17.0,0.0
932.1930393517686,16.0,0.0
932.2065437357834,15.0,0.0
932.2070096259564,14.0,0.0
932.2277544557526,13.0,0.0
932.2398174246295,14.0,0.0
932.2571282252209,13.0,0.0
932.2637871848247,12.0,0.0
932.279611791357,11.0,0.0
932.2827988669811,10.0,0.0
932.2905399319999,11.0,0.0
932.3120033832208,10.0,0.0
932.3131043669364,9.0,0.0
932.3462630650854,8.0,0.0
932.3548942461699,7.0,0.0
932.360588303454,6.0,0.0
932.3763194550737,5.0,0.0
932.4180200683574,4.0,0.0
932.4229673917268,5.0,0.0
932.4431023785278,4.0,0.0
932.4457044870678,3.0,0.0
932.448644459118,2.0,0.0
932.5008250056567,1.0,0.0
932.5381309719888,2.0,0.0
932.5505390206563,1.0,0.0
932.5532381754292,0.0,0.0
932.6530103020677,1.0,0.0
932.6532646364186,0.0,0.0
932.6677753983553,1.0,0.0
932.6753484998632,0.0,0.0
932.6916394270189,1.0,0.0
932.6956609819089,0.0,0.0
932.6980700930071,1.0,0.0
932.7130053254971,0.0,0.0
932.7658809378527,1.0,0.0
932.8081686164894,0.0,0.0
932.8442527645088,1.0,0.0
932.8448837170001,0.0,0.0
932.8768102934537,1.0,0.0
932.8769986295189,2.0,0.0
932.8780425286252,3.0,0.0
932.895804636297,2.0,0.0
932.9110521064463,1.0,0.0
932.9220563034063,0.0,0.0
932.924251028555,1.0,0.0
932.9437116609087,2.0,0.0
932.9515635716987,1.0,0.0
932.9957670723321,0.0,0.0
933.0106731255438,1.0,0.0
933.0421332263753,0.0,0.0
933.059646062089,1.0,0.0
933.0598511658147,0.0,0.0
933.1113124709558,1.0,0.0
933.1471445607941,2.0,0.0
933.15168591756,3.0,0.0
933.1550075359582,4.0,0.0
933.1565255343869,5.0,0.0
933.1625591024995,6.0,0.0
933.1645813359938,5.0,0.0
933.1732766389667,4.0,0.0
933.2035275552134,5.0,0.0
933.2164931442039,4.0,0.0
933.2227750266072,3.0,0.0
933.2236366502683,2.0,0.0
933.2303432886099,3.0,0.0
933.2458204295137,2.0,0.0
933.267293284441,3.0,0.0
933.2840343574145,2.0,0.0
933.3288168373572,1.0,0.0
933.3787169560042,2.0,0.0
933.3795483716241,3.0,0.0
933.3972020570856,2.0,0.0
933.4015620514201,1.0,0.0
933.4067502535559,0.0,0.0
933.4389715067749,1.0,0.0
933.4397807382738,0.0,0.0
933.4688028357469,1.0,0.0
933.4700093259311,2.0,0.0
933.4710319999159,1.0,0.0
933.492921470966,0.0,0.0
933.5095546810683,1.0,0.0
933.5541170899774,0.0,0.0
933.5865902392958,1.0,0.0
933.6191162637093,2.0,0.0
933.6392938031752,1.0,0.0
933.6577342132534,0.0,0.0
933.7623828381688,1.0,0.0
933.7764361349409,0.0,0.0
933.9309056183482,1.0,0.0
933.9337541277387,0.0,0.0
933.9593238987144,1.0,0.0
933.9647965554087,0.0,0.0
934.0048088736652,1.0,0.0
934.0075259379074,0.0,0.0
934.0100712059598,1.0,0.0
934.01411812469,0.0,0.0
934.0723690592303,1.0,0.0
934.0824475172427,2.0,0.0
934.0951944248567,3.0,0.0
934.1017387016295,2.0,0.0
934.1039689416814,1.0,0.0
934.1048670489407,0.0,0.0
934.1567158514072,1.0,0.0
934.1575259521179,0.0,0.0
934.1618792126399,1.0,0.0
934.1638130869406,0.0,0.0
934.1893103361663,1.0,0.0
934.2084481394448,2.0,0.0
934.2400808683286,1.0,0.0
934.2416814565316,0.0,0.0
934.2465415121706,1.0,0.0
934.2629850922924,0.0,0.0
934.2704254489886,1.0,0.0
934.313983796884,0.0,0.0
934.3301061163168,1.0,0.0
934.3608696960105,0.0,0.0
934.4020334981396,1.0,0.0
934.4172873452475,2.0,0.0
934.4332534858258,1.0,0.0
934.4539162240229,0.0,0.0
934.5320874738516,1.0,0.0
934.5422329617438,2.0,0.0
934.5827659408828,1.0,0.0
934.5901459241252,0.0,0.0
934.6240143818619,1.0,0.0
934.6264854420739,2.0,0.0
934.6273718169655,3.0,0.0
934.6576244333083,4.0,0.0
934.6629121942204,3.0,0.0
934.7109549280158,4.0,0.0
934.7485848111303,5.0,0.0
934.7797111086193,6.0,0.0
934.7879269002411,7.0,0.0
934.8045720723115,8.0,0.0
934.8183889131657,7.0,0.0
934.8501545153413,6.0,0.0
934.8575381544263,5.0,0.0
934.8590331178198,4.0,0.0
934.8603262245308,3.0,0.0
934.8662229040407,2.0,0.0
934.8730573258073,3.0,0.0
934.8806113420967,2.0,0.0
934.8939585558137,1.0,0.0
934.9100592921199,0.0,0.0
934.9506311673152,1.0,0.0
934.9552534535624,2.0,0.0
934.9652062121793,1.0,0.0
934.9695570400628,2.0,0.0
934.982149559392,1.0,0.0
934.9860345085109,0.0,0.0
935.0230441692909,1.0,0.0
935.0373753439352,0.0,0.0
935.0748256042137,1.0,0.0
935.0772105043193,2.0,0.0
935.0814762853851,3.0,0.0
935.1172045851235,2.0,0.0
935.1223235521902,1.0,0.0
935.136576807458,0.0,0.0
935.1837065656995,1.0,0.0
935.1863888938758,0.0,0.0
935.1994512306932,1.0,0.0
935.2040708065758,0.0,0.0
935.3314822357203,1.0,0.0
935.3318775238617,2.0,0.0
935.3399413171918,3.0,0.0
935.3406315085615,4.0,0.0
935.3523792186315,3.0,0.0
935.3690821505164,2.0,0.0
935.3836088213852,1.0,0.0
935.3886656161311,0.0,0.0
935.4023176583426,1.0,0.0
935.4484192114529,2.0,0.0
935.4660093621928,1.0,0.0
935.5113762220697,0.0,0.0
935.6197081070667,1.0,0.0
935.6366688122913,2.0,0.0
935.6393041014292,1.0,0.0
935.6421661284005,2.0,0.0
935.6517514383987,1.0,0.0
935.6693822000112,0.0,0.0
935.6740711852747,1.0,0.0
935.6808184763249,2.0,0.0
935.6814858309909,1.0,0.0
935.6909913077777,2.0,0.0
935.6979561242961,1.0,0.0
935.698558224782,2.0,0.0
935.7140919741925,1.0,0.0
935.7193890107735,0.0,0.0
935.7706062349741,1.0,0.0
935.7807309645092,0.0,0.0
935.8164746796251,1.0,0.0
935.8256975427166,0.0,0.0
935.8563371790128,1.0,0.0
935.8890210561791,0.0,0.0
935.9313350747798,1.0,0.0
935.9726146563532,2.0,0.0
935.9750214435869,3.0,0.0
935.9805293496962,2.0,0.0
935.9814470738053,1.0,0.0
935.9849311362912,0.0,0.0
935.9917397114395,1.0,0.0
935.9981701480671,0.0,0.0
936.0347782465716,1.0,0.0
936.0475436352413,2.0,0.0
936.0485513052763,1.0,0.0
936.053584655461,0.0,0.0
936.079957858366,1.0,0.0
936.0977033647414,2.0,0.0
936.0989025262254,3.0,0.0
936.1111329086915,4.0,0.0
936.121431457908,5.0,0.0
936.135124725837,6.0,0.0
936.1522102560065,5.0,0.0
936.1534117851586,6.0,0.0
936.1665890652849,5.0,0.0
936.1734733384318,4.0,0.0
936.1796945678662,5.0,0.0
936.1798624272622,6.0,0.0
936.1869476728682,5.0,0.0
936.187007655499,6.0,0.0
936.2084134285735,5.0,0.0
936.2300146737308,4.0,0.0
936.2308059374285,3.0,0.0
936.2344991221652,2.0,0.0
936.2582558163617,3.0,0.0
936.263149147813,2.0,0.0
936.2825271229489,3.0,0.0
936.3010516608666,4.0,0.0
936.3068477877705,3.0,0.0
936.3154046244713,4.0,0.0
936.3223511787182,5.0,0.0
936.3316557519476,4.0,0.0
936.3391976610253,3.0,0.0
936.3480779132914,4.0,0.0
936.3646915804742,3.0,0.0
936.380102238101,4.0,0.0
936.3802417095609,3.0,0.0
936.3876361484773,4.0,0.0
936.3883762333904,5.0,0.0
936.4000681474417,4.0,0.0
936.4147873458927,3.0,0.0
936.4320404297417,4.0,0.0
936.4360776128034,3.0,0.0
936.455360588111,4.0,0.0
936.4590247700903,3.0,0.0
936.459763458665,2.0,0.0
936.462515911331,3.0,0.0
936.4722866388643,4.0,0.0
936.4723704135632,3.0,0.0
936.4731592714027,2.0,0.0
936.4836148784807,1.0,0.0
936.5093819127649,2.0,0.0
936.5180804303483,3.0,0.0
936.5285186571475,4.0,0.0
936.5316301119399,3.0,0.0
936.5359179671508,2.0,0.0
936.5505593240266,3.0,0.0
936.5518599471928,4.0,0.0
936.5688047852,3.0,0.0
936.57429064648,2.0,0.0
936.5772946516638,1.0,0.0
936.5805233992647,2.0,0.0
936.5972970751934,1.0,0.0
936.6035859907779,2.0,0.0
936.6105253058488,1.0,0.0
936.6126427357603,2.0,0.0
936.6232697203457,3.0,0.0
936.6233721245949,2.0,0.0
936.6323147181924,1.0,0.0
936.6370703649521,2.0,0.0
936.6422270260055,1.0,0.0
936.6523483162538,2.0,0.0
936.6565038047768,1.0,0.0
936.6643950163611,2.0,0.0
936.683104365922,3.0,0.0
936.7012251157513,4.0,0.0
936.708457535148,5.0,0.0
936.708648932073,6.0,0.0
936.7111748410206,7.0,0.0
936.7184665825497,8.0,0.0
936.7186823677507,7.0,0.0
936.7259184318298,8.0,0.0
936.7289618605753,7.0,0.0
936.7505057952601,6.0,0.0
936.7510202814519,5.0,0.0
936.7582015397717,6.0,0.0
936.7745070983136,5.0,0.0
936.7816303553337,6.0,0.0
936.8014140883593,7.0,0.0
936.809676268827,8.0,0.0
936.8116048988353,9.0,0.0
936.8118220599739,8.0,0.0
936.8285851226615,9.0,0.0
936.8310012988792,8.0,0.0
936.8346315745962,7.0,0.0
936.8347272190647,8.0,0.0
936.8422732383312,7.0,0.0
936.8498590066482,6.0,0.0
936.8552481047303,7.0,0.0
936.8613934576575,6.0,0.0
936.8964884798127,5.0,0.0
936.9034710501811,4.0,0.0
936.916377310374,5.0,0.0
936.9550934215548,6.0,0.0
936.9733165156833,5.0,0.0
936.9798351238247,4.0,0.0
936.986667079605,5.0,0.0
936.9895482508682,6.0,0.0
936.9923759476001,5.0,0.0
936.9948570645257,6.0,0.0
936.9956244964853,7.0,0.0
936.9979515199404,8.0,0.0
937.0176146927793,9.0,0.0
937.0307967745198,10.0,0.0
937.0642773624373,11.0,0.0
937.0694917714055,10.0,0.0
937.0707361494952,9.0,0.0
937.0746236246382,10.0,0.0
937.0803994192222,9.0,0.0
937.0823065465628,10.0,0.0
937.0827846834982,9.0,0.0
937.0867132244113,8.0,0.0
937.0869214390286,7.0,0.0
937.0904669014928,8.0,0.0
937.0936159279565,7.0,0.0
937.0942098669768,8.0,0.0
937.1006125727399,7.0,0.0
937.1013868502824,6.0,0.0
937.102509278524,5.0,0.0
937.1098901356769,4.0,0.0
937.1180949935191,5.0,0.0
937.1232728310457,6.0,0.0
937.123671906232,5.0,0.0
937.1269845413126,6.0,0.0
937.1394720745088,5.0,0.0
937.1482982635821,6.0,0.0
937.1508766176095,5.0,0.0
937.1597704036091,6.0,0.0
937.1613183755851,7.0,0.0
937.1617476659864,8.0,0.0
937.1645124966357,7.0,0.0
937.1794470652035,6.0,0.0
937.1857965754097,7.0,0.0
937.1875406825333,8.0,0.0
937.1920853418691,9.0,0.0
937.2002875028998,8.0,0.0
937.2009431618583,7.0,0.0
937.2078902689498,8.0,0.0
937.2097142180941,9.0,0.0
937.2212261346801,10.0,0.0
937.2237403225607,11.0,0.0
937.2254042578785,10.0,0.0
937.2268844529469,9.0,0.0
937.2479862689324,10.0,0.0
937.2497005345317,11.0,0.0
937.2545614059455,10.0,0.0
937.2614974886905,11.0,0.0
937.2627760183028,12.0,0.0
937.2711613428608,13.0,0.0
937.2726335558732,12.0,0.0
937.3118245408026,13.0,0.0
937.3387335007769,12.0,0.0
937.3556111594208,11.0,0.0
937.3662055930016,10.0,0.0
937.3687664738837,9.0,0.0
937.3720142418348,10.0,0.0
937.3721425082454,9.0,0.0
937.3901544192584,10.0,0.0
937.3909333669502,9.0,0.0
937.3975372622285,10.0,0.0
937.4009570542019,11.0,0.0
937.4059566445326,12.0,0.0
937.4097278012007,13.0,0.0
937.4197908096945,14.0,0.0
937.4248734132083,13.0,0.0
937.4298124106601,12.0,0.0
937.447388508307,11.0,0.0
937.4637781699748,10.0,0.0
937.4723447870754,9.0,0.0
937.4842456047763,10.0,0.0
937.4851588852597,11.0,0.0
937.4854741169381,10.0,0.0
937.486908242499,11.0,0.0
937.4894674252347,10.0,0.0
937.4925478796656,9.0,0.0
937.4947569172118,10.0,0.0
937.4965795558359,11.0,0.0
937.5072908124005,10.0,0.0
937.5080619846086,9.0,0.0
937.5142617412597,8.0,0.0
937.5148191807033,9.0,0.0
937.5218038220654,10.0,0.0
937.5246318690399,11.0,0.0
937.5325110527116,10.0,0.0
937.5384853437218,11.0,0.0
937.5388698544708,12.0,0.0
937.553274640293,11.0,0.0
937.5575579217,10.0,0.0
937.5641131689699,9.0,0.0
937.5744202503562,8.0,0.0
937.5947338077456,9.0,0.0
937.6042456187063,10.0,0.0
937.6058029975719,9.0,0.0
937.6065469630207,10.0,0.0
937.6104518061196,9.0,0.0
937.6221199307428,10.0,0.0
937.6299614936548,9.0,0.0
937.6379164049358,10.0,0.0
937.6476318536609,11.0,0.0
937.6524458472089,12.0,0.0
937.662139645408,11.0,0.0
937.6624840466187,12.0,0.0
937.665445801533,13.0,0.0
937.6719518749908,14.0,0.0
937.6967988282216,15.0,0.0
937.7039608729908,16.0,0.0
937.7087739071277,15.0,0.0
937.7196425063096,14.0,0.0
937.7210915423904,15.0,0.0
937.7262365379726,16.0,0.0
937.7268353629867,15.0,0.0
937.7276579414997,14.0,0.0
937.7316474102937,13.0,0.0
937.7504708869557,14.0,0.0
937.7538353396062,13.0,0.0
937.7565102881723,14.0,0.0
937.7569577672448,15.0,0.0
937.7705610196371,14.0,0.0
937.7769780576475,13.0,0.0
937.7784893350355,14.0,0.0
937.77980450586,15.0,0.0
937.7816212322073,14.0,0.0
937.7854212407915,15.0,0.0
937.7965415088362,16.0,0.0
937.7995212855941,15.0,0.0
937.8047027670311,14.0,0.0
937.812882256762,13.0,0.0
937.8148565910749,14.0,0.0
937.8179548924,15.0,0.0
937.8221567819111,16.0,0.0
937.8479883534852,15.0,0.0
937.8598958126571,16.0,0.0
937.8634711084835,17.0,0.0
937.869551255387,16.0,0.0
937.8734965638919,15.0,0.0
937.8828994283828,14.0,0.0
937.8893434949097,15.0,0.0
937.9079171410782,16.0,0.0
937.9080863845987,15.0,0.0
937.9140045865396,14.0,0.0
937.9142926336149,15.0,0.0
937.9145130039774,14.0,0.0
937.9151126042098,15.0,0.0
937.9349474739035,14.0,0.0
937.9456433299156,15.0,0.0
937.9619751700095,16.0,0.0
937.9648357860128,15.0,0.0
937.9711078962143,14.0,0.0
937.977072014799,13.0,0.0
937.9774352660941,12.0,0.0
937.9868120888806,11.0,0.0
937.994514094208,10.0,0.0
938.0155566776007,9.0,0.0
938.0204246562993,10.0,0.0
938.020936682164,11.0,0.0
938.0212582455822,12.0,0.0
938.0243799272799,11.0,0.0
938.0286635658967,12.0,0.0
938.0319063738183,11.0,0.0
938.0475854872012,10.0,0.0
938.0503362089219,9.0,0.0
938.0521946557701,10.0,0.0
938.061689721064,9.0,0.0
938.0760857536695,8.0,0.0
938.0797633934038,9.0,0.0
938.0807584645733,10.0,0.0
938.0890870428784,9.0,0.0
938.0980574759916,10.0,0.0
938.0983605980161,9.0,0.0
938.1035070520427,10.0,0.0
938.1307291426417,9.0,0.0
938.1309483333566,8.0,0.0
938.1317407471155,7.0,0.0
938.1390439234962,6.0,0.0
938.1429255093752,7.0,0.0
938.1656244991776,6.0,0.0
938.1675816701534,7.0,0.0
938.1678595344246,8.0,0.0
938.172678383613,7.0,0.0
938.1742993275137,6.0,0.0
938.1885664987329,5.0,0.0
938.1896119114201,4.0,0.0
938.2131244801973,3.0,0.0
938.2144195739951,4.0,0.0
938.2237119273854,3.0,0.0
938.2318410352175,4.0,0.0
938.2336846880834,5.0,0.0
938.2397102140893,6.0,0.0
938.2494277410377,7.0,0.0
938.2497757840646,8.0,0.0
938.2583728985971,7.0,0.0
938.2641913822998,8.0,0.0
938.2723855648932,7.0,0.0
938.2727308874487,6.0,0.0
938.2859009169429,7.0,0.0
938.3013110973632,8.0,0.0
938.3079254149235,9.0,0.0
938.3086778952016,10.0,0.0
938.3229558206511,9.0,0.0
938.3299786252686,8.0,0.0
938.3502940975937,7.0,0.0
938.355321019958,6.0,0.0
938.3554213878807,7.0,0.0
938.3624168105988,8.0,0.0
938.3643346506454,7.0,0.0
938.3691441751326,8.0,0.0
938.3753094862282,9.0,0.0
938.3786642945564,10.0,0.0
938.3887918950132,11.0,0.0
938.3952423833355,10.0,0.0
938.397753265882,11.0,0.0
938.3995798379506,12.0,0.0
938.4075928599407,13.0,0.0
938.4197369073763,14.0,0.0
938.4233296735921,13.0,0.0
938.4241054166696,14.0,0.0
938.4299380550378,15.0,0.0
938.4341895924048,16.0,0.0
938.4435135308504,17.0,0.0
938.4481804506627,18.0,0.0
938.4488680183553,19.0,0.0
938.4624036283275,20.0,0.0
938.4661126142327,21.0,0.0
938.4733047939817,22.0,0.0
938.4788931963861,21.0,0.0
938.4920027663526,22.0,0.0
938.50390196165,21.0,0.0
938.5082494221834,20.0,0.0
938.5094813251143,19.0,0.0
938.5139085795155,20.0,0.0
938.5140314575509,19.0,0.0
938.5227955285379,18.0,0.0
938.525473047045,19.0,0.0
938.5275753790015,18.0,0.0
938.5359584285667,19.0,0.0
938.5386491809533,20.0,0.0
938.5386585690211,21.0,0.0
938.5473858897915,20.0,0.0
938.557193267993,19.0,0.0
938.5621473283674,20.0,0.0
938.5675589747161,19.0,0.0
938.5768455650824,18.0,0.0
938.5770711567042,17.0,0.0
938.5793294975501,18.0,0.0
938.581309359127,17.0,0.0
938.5916504843914,16.0,0.0
938.6025481048621,15.0,0.0
938.6036314632514,14.0,0.0
938.6040772879201,15.0,0.0
938.6134405819842,14.0,0.0
938.6273627342863,15.0,0.0
938.6317869383639,14.0,0.0
938.6583679753421,15.0,0.0
938.6584132073962,16.0,0.0
938.6587665445909,15.0,0.0
938.661217608669,16.0,0.0
938.6622904822675,17.0,0.0
938.6631280740362,16.0,0.0
938.6683052954509,15.0,0.0
938.6702332094054,14.0,0.0
938.6705325240684,13.0,0.0
938.673069050365,14.0,0.0
938.6808206785383,13.0,0.0
938.6828934225382,14.0,0.0
938.6919267610773,13.0,0.0
938.6950737232327,12.0,0.0
938.6976141730892,11.0,0.0
938.7112892015749,12.0,0.0
938.7147083545979,13.0,0.0
938.7171223661937,12.0,0.0
938.7175305449391,13.0,0.0
938.7205249004235,12.0,0.0
938.7220922505016,13.0,0.0
938.7239690384497,12.0,0.0
938.735114176352,13.0,0.0
938.7503279179363,14.0,0.0
938.7587997269646,15.0,0.0
938.7599886687589,16.0,0.0
938.7643058617932,15.0,0.0
938.7737396432926,16.0,0.0
938.7749660772645,17.0,0.0
938.7755147950144,18.0,0.0
938.7795033602873,17.0,0.0
938.7921711127115,18.0,0.0
938.7990971289593,19.0,0.0
938.8009804818884,20.0,0.0
938.8040839754204,19.0,0.0
938.8070399520067,20.0,0.0
938.8080113649066,21.0,0.0
938.8163276021336,22.0,0.0
938.8234668549873,21.0,0.0
938.8322693715927,22.0,0.0
938.8343153017329,21.0,0.0
938.8362664391806,22.0,0.0
938.8506293077573,21.0,0.0
938.8517043313169,22.0,0.0
938.8561127253694,21.0,0.0
938.8562628725076,20.0,0.0
938.8572043128588,21.0,0.0
938.8745136340409,20.0,0.0
938.8822926932057,19.0,0.0
938.8838814367481,20.0,0.0
938.886831645272,21.0,0.0
938.8882901711963,20.0,0.0
938.8922121370733,19.0,0.0
938.9004597508552,20.0,0.0
938.9005059359037,21.0,0.0
938.912584569479,22.0,0.0
938.9229859497536,23.0,0.0
938.9231045497015,22.0,0.0
938.9236436702847,21.0,0.0
938.925089197076,20.0,0.0
938.9278747347572,21.0,0.0
938.932677426866,20.0,0.0
938.9338364246665,21.0,0.0
938.9429830981809,22.0,0.0
938.949455471694,21.0,0.0
938.9554222203158,20.0,0.0
938.9558376046084,21.0,0.0
938.9589245450146,20.0,0.0
938.9589453843525,19.0,0.0
938.9646092600424,18.0,0.0
938.9680188751734,17.0,0.0
938.9683864318821,18.0,0.0
938.9738801826691,19.0,0.0
938.9855168423637,18.0,0.0
938.9860876252286,19.0,0.0
938.9883836700959,20.0,0.0
938.9999393315894,21.0,0.0
939.0021938254812,22.0,0.0
939.0061521694479,21.0,0.0
939.0094618888792,22.0,0.0
939.0100145315681,23.0,0.0
939.0119484987365,22.0,0.0
939.0141862310616,23.0,0.0
939.0165744733384,24.0,0.0
939.0179026787317,25.0,0.0
939.0201831362449,26.0,0.0
939.0257421417539,27.0,0.0
939.036358277486,26.0,0.0
939.0447810356551,27.0,0.0
939.0449116652863,26.0,0.0
939.0452807929404,25.0,0.0
939.0490859757817,26.0,0.0
939.0535015789625,25.0,0.0
939.0552238856507,26.0,0.0
939.0588269309337,27.0,0.0
939.0653001348085,28.0,0.0
939.0695109393502,29.0,0.0
939.0696020976993,28.0,0.0
939.0774991004599,29.0,0.0
939.0786608853439,28.0,0.0
939.08091840169,29.0,0.0
939.0944734730981,30.0,0.0
939.09651605922,31.0,0.0
939.1086162150461,32.0,0.0
939.1091615907567,31.0,0.0
939.110507372208,32.0,0.0
939.1139971748255,31.0,0.0
939.1198591715735,32.0,0.0
939.1224083642801,33.0,0.0
939.1226675135988,34.0,0.0
939.1258863025438,35.0,0.0
939.1289192612073,36.0,0.0
939.1344647295637,37.0,0.0
939.154558736892,38.0,0.0
939.1547880345776,39.0,0.0
939.1552257153118,40.0,0.0
939.1589696361339,39.0,0.0
939.1591731164966,38.0,0.0
939.1634386693388,39.0,0.0
939.1765483734673,40.0,0.0
939.1788835738984,39.0,0.0
939.1911468512224,40.0,0.0
939.1978729705512,41.0,0.0
939.1988722817806,40.0,0.0
939.2033686711289,41.0,0.0
939.2077299303052,40.0,0.0
939.2089272094738,41.0,0.0
939.2181359137969,42.0,0.0
939.2211511794609,41.0,0.0
939.2289274191821,40.0,0.0
939.2297460866109,39.0,0.0
939.2362690471939,38.0,0.0
939.2408642867811,39.0,0.0
939.2441830062064,40.0,0.0
939.2518612933968,41.0,0.0
939.2606602289603,40.0,0.0
939.2735324985534,39.0,0.0
939.2757276978724,40.0,0.0
939.2785898676862,41.0,0.0
939.2814825858779,42.0,0.0
939.2830029939128,43.0,0.0
939.2836869071764,42.0,0.0
939.2856889005534,41.0,0.0
939.2879274669754,42.0,0.0
939.3080507877733,43.0,0.0
939.3081169317912,44.0,0.0
939.3096097572385,45.0,0.0
939.3112678666937,46.0,0.0
939.3140386448522,45.0,0.0
939.3152022401764,46.0,0.0
939.3162300858022,47.0,0.0
939.3186573138596,46.0,0.0
939.3241889521588,45.0,0.0
939.3283768287404,44.0,0.0
939.3347863710324,43.0,0.0
939.3373753046033,44.0,0.0
939.349313715382,43.0,0.0
939.3549730597952,44.0,0.0
939.3592341886771,43.0,0.0
939.3648516804889,42.0,0.0
939.3817059065392,43.0,0.0
939.3845042782716,42.0,0.0
939.3866528240669,41.0,0.0
939.3928846275033,42.0,0.0
939.3966238273789,43.0,0.0
939.4010605602452,44.0,0.0
939.4018693860965,43.0,0.0
939.4093074695285,42.0,0.0
939.4100032530788,43.0,0.0
939.4106914358473,44.0,0.0
939.4114801365952,43.0,0.0
939.4118518315706,44.0,0.0
939.4276820493293,43.0,0.0
939.4291480251214,44.0,0.0
939.4299770397512,45.0,0.0
939.439982736976,46.0,0.0
939.4633332764017,45.0,0.0
939.4645536820559,46.0,0.0
939.466433546964,47.0,0.0
939.4791950675823,48.0,0.0
939.4796255462003,49.0,0.0
939.4812664946726,48.0,0.0
939.4932138499823,47.0,0.0
939.4983276393177,48.0,0.0
939.5074923708739,49.0,0.0
939.5078380365187,50.0,0.0
939.5093316280089,49.0,0.0
939.5101423269756,50.0,0.0
939.5174937184098,51.0,0.0
939.5177280497115,52.0,0.0
939.5188327465584,53.0,0.0
939.518971803745,54.0,0.0
939.5209867645947,55.0,0.0
939.5429548289187,54.0,0.0
939.5471552472591,55.0,0.0
939.5548311528945,56.0,0.0
939.5550977953219,57.0,0.0
939.5675173076102,58.0,0.0
939.5709735039987,59.0,0.0
939.5744424498813,60.0,0.0
939.5875093249942,61.0,0.0
939.5891991816893,62.0,0.0
939.5906630927965,63.0,0.0
939.5973965341879,64.0,0.0
939.5978583447413,65.0,0.0
939.5995647650614,64.0,0.0
939.6018042729813,65.0,0.0
939.6105013356132,66.0,0.0
939.6313823365529,67.0,0.0
939.6334416626414,66.0,0.0
939.6352599685597,65.0,0.0
939.6359510837377,64.0,0.0
939.6429099358795,63.0,0.0
939.6566878761765,64.0,0.0
939.6588889785162,65.0,0.0
939.6648020260006,66.0,0.0
939.6693910510223,65.0,0.0
939.6708183658202,64.0,0.0
939.6774540189448,63.0,0.0
939.678492869737,64.0,0.0
939.6789394083122,65.0,0.0
939.683480357575,66.0,0.0
939.6930703452424,67.0,0.0
939.6992322374169,68.0,0.0
939.6993169003294,69.0,0.0
939.6996301500508,68.0,0.0
939.6996406610767,69.0,0.0
939.7147949028549,70.0,0.0
939.7293463072941,69.0,0.0
939.7340817504456,70.0,0.0
939.7389240554412,71.0,0.0
939.7393763217073,70.0,0.0
939.7583308183664,71.0,0.0
939.7616210288131,72.0,0.0
939.7633962633386,71.0,0.0
939.7680496656451,72.0,0.0
939.7720786159853,71.0,0.0
939.7805631604183,70.0,0.0
939.7835086427256,71.0,0.0
939.7910442165662,72.0,0.0
939.8106176849604,71.0,0.0
939.8192491182094,72.0,0.0
939.822302737584,71.0,0.0
939.8353330228894,72.0,0.0
939.835498046356,73.0,0.0
939.8360270743707,74.0,0.0
939.8361216579744,75.0,0.0
939.8370778669993,74.0,0.0
939.8428622636782,73.0,0.0
939.8552880551907,74.0,0.0
939.8575225578396,75.0,0.0
939.8585600900908,74.0,0.0
939.8598440706674,75.0,0.0
939.8637469479958,76.0,0.0
939.8706253854061,75.0,0.0
939.8731571423807,74.0,0.0
939.884035590022,75.0,0.0
939.8877208414768,74.0,0.0
939.893148132218,73.0,0.0
939.9075908200654,74.0,0.0
939.9085154176037,73.0,0.0
939.9121186632692,74.0,0.0
939.9155360130292,75.0,0.0
939.927879070171,76.0,0.0
939.9370617523683,77.0,0.0
939.9462118672205,78.0,0.0
939.947543548641,79.0,0.0
939.9534705282505,80.0,0.0
939.9537299408239,79.0,0.0
939.9541992227273,78.0,0.0
939.9630370925157,79.0,0.0
939.9703005919871,78.0,0.0
939.9710627074815,79.0,0.0
939.9785242600872,80.0,0.0
939.9878972093971,79.0,0.0
939.9884458550716,78.0,0.0
939.9887876034488,77.0,0.0
939.992350706189,78.0,0.0
939.9938708730318,77.0,0.0
939.9978572511397,76.0,0.0
940.0031771649737,75.0,0.0
940.0049647752248,74.0,0.0
940.0051824180741,73.0,0.0
940.0097223056355,74.0,0.0
940.0178393721961,75.0,0.0
940.0234716609982,74.0,0.0
940.0265288775591,75.0,0.0
940.0293562443555,76.0,0.0
940.0324740409002,75.0,0.0
940.0328314604925,76.0,0.0
940.0348438220987,75.0,0.0
940.0362947104353,76.0,0.0
940.0388913873941,75.0,0.0
940.0488066248687,76.0,0.0
940.0548757136545,77.0,0.0
940.0559092951904,76.0,0.0
940.0574797359426,75.0,0.0
940.0603790268898,76.0,0.0
940.072123149522,75.0,0.0
940.0774176905111,76.0,0.0
940.0779580175141,75.0,0.0
940.0825094000655,74.0,0.0
940.084873718138,75.0,0.0
940.0855977795899,74.0,0.0
940.08972746298,73.0,0.0
940.091576739179,74.0,0.0
940.0917834341221,75.0,0.0
940.0925573397412,76.0,0.0
940.093382835022,77.0,0.0
940.1006943483432,76.0,0.0
940.1030505170836,77.0,0.0
940.1061998430831,78.0,0.0
940.1096693886383,79.0,0.0
940.1227183624944,78.0,0.0
940.1367477509631,77.0,0.0
940.1386576085359,76.0,0.0
940.1427442373981,75.0,0.0
940.1536542219046,74.0,0.0
940.1540914291887,73.0,0.0
940.1573104110782,74.0,0.0
940.1660672264279,75.0,0.0
940.1779585030968,76.0,0.0
940.1795925755622,77.0,0.0
940.1810828716657,78.0,0.0
940.1818648365172,77.0,0.0
940.1882023348261,78.0,0.0
940.1952820531025,79.0,0.0
940.196618786247,78.0,0.0
940.2007227825579,77.0,0.0
940.2020545436703,78.0,0.0
940.2064478836139,79.0,0.0
940.2107513799666,78.0,0.0
940.2114044588386,79.0,0.0
940.2203664544576,78.0,0.0
940.2290966626563,77.0,0.0
940.2292973140688,78.0,0.0
940.2363595733236,77.0,0.0
940.2411481879484,78.0,0.0
940.2474677298569,79.0,0.0
940.2475999805263,78.0,0.0
940.2481739756568,77.0,0.0
940.2487667033283,78.0,0.0
940.2572559352886,79.0,0.0
940.2578852591968,80.0,0.0
940.2625697811421,79.0,0.0
940.2697121833454,80.0,0.0
940.27147027897,79.0,0.0
940.2744233571656,80.0,0.0
940.2827824203416,81.0,0.0
940.2974422068788,80.0,0.0
940.2994280534863,81.0,0.0
940.3081713291836,82.0,0.0
940.3087916924021,83.0,0.0
940.3138216310392,84.0,0.0
940.3155265048279,83.0,0.0
940.3185924716695,84.0,0.0
940.3205209928924,83.0,0.0
940.3226103904225,84.0,0.0
940.32595463772,85.0,0.0
940.3321080877118,84.0,0.0
940.3325345339553,85.0,0.0
940.3344201457701,86.0,0.0
940.3352018316829,87.0,0.0
940.3372421328394,86.0,0.0
940.3484092212964,87.0,0.0
940.3500842822516,88.0,0.0
940.3529541644232,89.0,0.0
940.3536660921758,90.0,0.0
940.3703244892552,89.0,0.0
940.3829966949436,88.0,0.0
940.3891267880813,87.0,0.0
940.395145866721,86.0,0.0
940.4012699398235,85.0,0.0
940.402763513017,86.0,0.0
940.4144578280561,85.0,0.0
940.4154572737602,84.0,0.0
940.4201767697232,85.0,0.0
940.4251236713918,84.0,0.0
940.4256781426916,83.0,0.0
940.426890070133,84.0,0.0
940.4276918242062,85.0,0.0
940.4352614094261,86.0,0.0
940.443357571194,85.0,0.0
940.4455870064282,86.0,0.0
940.4473151152883,87.0,0.0
940.453050154624,88.0,0.0
940.4548833315924,87.0,0.0
940.4728416229018,88.0,0.0
940.4827542965284,89.0,0.0
940.4936521580619,90.0,0.0
940.4958056695575,89.0,0.0
940.5052025304034,88.0,0.0
940.5160876990894,87.0,0.0
940.5182824922189,88.0,0.0
940.5255887676543,87.0,0.0
940.5257762625405,88.0,0.0
940.5375415996227,89.0,0.0
940.54156461063,88.0,0.0
940.5417476313211,87.0,0.0
940.5429730142107,88.0,0.0
940.5434855453451,87.0,0.0
940.5460408987369,88.0,0.0
940.5462182721215,87.0,0.0
940.5564727596407,88.0,0.0
940.5585404362552,89.0,0.0
940.5611231667013,90.0,0.0
940.5680970027049,91.0,0.0
940.5703665323344,92.0,0.0
940.5752201280867,91.0,0.0
940.5767973600098,92.0,0.0
940.5808544652925,91.0,0.0
940.5840220628888,92.0,0.0
940.5915849486539,93.0,0.0
940.6096066721001,92.0,0.0
940.6156936550358,93.0,0.0
940.6235522942956,94.0,0.0
940.6281097979917,93.0,0.0
940.6418696993999,94.0,0.0
940.6456280038274,95.0,0.0
940.6488888566901,96.0,0.0
940.6533656381309,97.0,0.0
940.6535038295483,98.0,0.0
940.6557167557053,97.0,0.0
940.6664620379039,98.0,0.0
940.6758896572987,99.0,0.0
940.685262581648,98.0,0.0
940.6906360922649,99.0,0.0
940.6909697551024,98.0,0.0
940.6919833286877,99.0,0.0
940.6991556071317,98.0,0.0
940.70153395164,99.0,0.0
940.7032324345573,100.0,0.0
940.7073988733858,99.0,0.0
940.7119461577233,100.0,0.0
940.7202363421904,99.0,0.0
940.7249027229008,100.0,0.0
940.7309492816375,101.0,0.0
940.7367893866171,102.0,0.0
940.7457762028811,103.0,0.0
940.7465603958931,102.0,0.0
940.7649485425519,103.0,0.0
940.7775248571024,104.0,0.0
940.7857077775179,105.0,0.0
940.7870269468607,106.0,0.0
940.7944763850694,105.0,0.0
940.7954489960489,104.0,0.0
940.8118851548289,103.0,0.0
940.8171844396634,102.0,0.0
940.8254558413845,101.0,0.0
940.8304150406103,102.0,0.0
940.8304856904653,103.0,0.0
940.8369569201307,102.0,0.0
940.8408682839064,101.0,0.0
940.8500732923421,100.0,0.0
940.8545335296104,99.0,0.0
940.8564121504536,100.0,0.0
940.8580903206783,99.0,0.0
940.8639894524655,98.0,0.0
940.8672693141506,99.0,0.0
940.8680367028113,100.0,0.0
940.8688556067519,101.0,0.0
940.8713161718291,102.0,0.0
940.8746472864524,101.0,0.0
940.8781328330539,102.0,0.0
940.8895532124372,103.0,0.0
940.8910557157875,104.0,0.0
940.8910673314896,105.0,0.0
940.9061739630658,106.0,0.0
940.9092986604311,105.0,0.0
940.912046926524,104.0,0.0
940.9135188912747,105.0,0.0
940.9192765565011,104.0,0.0
940.925947956788,105.0,0.0
940.9322572269222,106.0,0.0
940.9364572454888,107.0,0.0
940.9427619436107,106.0,0.0
940.9443556599011,105.0,0.0
940.9461740612165,104.0,0.0
940.9502706690669,103.0,0.0
940.9503314767836,102.0,0.0
940.956246402335,101.0,0.0
940.9668993105458,102.0,0.0
940.9686123646165,101.0,0.0
940.9742218990609,100.0,0.0
940.9786712627342,101.0,0.0
940.9811475123179,102.0,0.0
940.9834502406866,101.0,0.0
940.98883956868,100.0,0.0
940.9889913652196,101.0,0.0
940.9920536375115,102.0,0.0
940.9943139464601,101.0,0.0
940.9950319332676,102.0,0.0
941.0115619603504,103.0,0.0
941.0125789930337,102.0,0.0
941.0125981940018,101.0,0.0
941.0185198735004,100.0,0.0
941.0186125833396,101.0,0.0
941.0316333397362,102.0,0.0
941.0318083855672,103.0,0.0
941.0412456250994,102.0,0.0
941.0449240462841,101.0,0.0
941.0462411846102,100.0,0.0
941.0476468493222,101.0,0.0
941.063866299156,100.0,0.0
941.0820173184026,99.0,0.0
941.092085000797,100.0,0.0
941.0921600012083,101.0,0.0
941.1071225578089,100.0,0.0
941.1119347710267,101.0,0.0
941.1187777834853,100.0,0.0
941.1269735376744,101.0,0.0
941.1323623997473,102.0,0.0
941.1334836851772,103.0,0.0
941.1369354095475,104.0,0.0
941.1433894741767,105.0,0.0
941.1455671423572,104.0,0.0
941.1469749732896,103.0,0.0
941.1515654729553,104.0,0.0
941.1547298832711,103.0,0.0
941.1629624457264,104.0,0.0
941.1631715196653,105.0,0.0
941.1709278572949,106.0,0.0
941.171594259369,105.0,0.0
941.171914412161,104.0,0.0
941.1806239664976,103.0,0.0
941.1883819894423,102.0,0.0
941.1895460609118,103.0,0.0
941.1964518285829,104.0,0.0
941.2100681439576,105.0,0.0
941.2125621236559,106.0,0.0
941.2189885571913,105.0,0.0
941.2380385471225,104.0,0.0
941.2421327493656,105.0,0.0
941.2445429890655,106.0,0.0
941.2446953004462,105.0,0.0
941.2536547626428,106.0,0.0
941.2689595426906,107.0,0.0
941.2818088064689,106.0,0.0
941.2896100806271,107.0,0.0
941.2923456657848,106.0,0.0
941.2959950706546,107.0,0.0
941.2977642239829,106.0,0.0
941.3360935763815,107.0,0.0
941.339393111798,108.0,0.0
941.3439103546979,107.0,0.0
941.3480581597664,106.0,0.0
941.3489435765339,105.0,0.0
941.3494135568396,104.0,0.0
941.3508050662606,105.0,0.0
941.3651621433033,106.0,0.0
941.3755485677601,107.0,0.0
941.3773480535181,108.0,0.0
941.3783982999487,107.0,0.0
941.3810018860908,108.0,0.0
941.3829114081179,109.0,0.0
941.3854840694695,110.0,0.0
941.3887569461942,111.0,0.0
941.3896879251967,112.0,0.0
941.3914576576122,113.0,0.0
941.394697705957,114.0,0.0
941.4079385675964,113.0,0.0
941.4105605436973,112.0,0.0
941.4199365624784,113.0,0.0
941.4302764492799,114.0,0.0
941.4387836205905,113.0,0.0
941.4409715281986,112.0,0.0
941.4430162987966,111.0,0.0
941.447474705435,112.0,0.0
941.4517354401372,111.0,0.0
941.4537693557062,112.0,0.0
941.4574200243259,111.0,0.0
941.4602124457913,112.0,0.0
941.4606906959846,113.0,0.0
941.4632491779972,112.0,0.0
941.4689552292253,111.0,0.0
941.4717504640868,112.0,0.0
941.47251582035,113.0,0.0
941.4732217753731,114.0,0.0
941.4776781479246,113.0,0.0
941.4840530084045,114.0,0.0
941.5048164816361,113.0,0.0
941.52310473087,114.0,0.0
941.5248210266112,115.0,0.0
941.5315856068866,116.0,0.0
941.5327550245833,117.0,0.0
941.535973774048,118.0,0.0
941.536985537355,119.0,0.0
941.5387583526567,118.0,0.0
941.5512253897019,117.0,0.0
941.5549185507894,116.0,0.0
941.5564347895074,115.0,0.0
941.561439777481,114.0,0.0
941.5622504144801,115.0,0.0
941.5641932452403,114.0,0.0
941.5670543367336,113.0,0.0
941.5711941726494,112.0,0.0
941.5729749221098,111.0,0.0
941.5744949739104,112.0,0.0
941.5816108430961,111.0,0.0
941.581698513594,112.0,0.0
941.5841718748399,111.0,0.0
941.5882898276082,110.0,0.0
941.5883957993963,109.0,0.0
941.5884540957203,110.0,0.0
941.5938996175106,109.0,0.0
941.5982860184164,108.0,0.0
941.5983558328694,109.0,0.0
941.6006826902292,108.0,0.0
941.6122135658228,109.0,0.0
941.6177317395142,110.0,0.0
941.6177694821157,111.0,0.0
941.6250329959919,110.0,0.0
941.6310581481919,111.0,0.0
941.6333436211305,110.0,0.0
941.6384179789437,111.0,0.0
941.6421929213168,110.0,0.0
941.6429399257586,109.0,0.0
941.6457475280978,110.0,0.0
941.6549714892762,111.0,0.0
941.6596731893403,110.0,0.0
941.6602346731295,111.0,0.0
941.6616934445033,110.0,0.0
941.6761434883529,109.0,0.0
941.6781154329,110.0,0.0
941.6789886233214,109.0,0.0
941.6797822659616,108.0,0.0
941.6887852403694,109.0,0.0
941.690500167536,110.0,0.0
941.6981487883186,109.0,0.0
941.7019583334344,110.0,0.0
941.7129757591489,109.0,0.0
941.7178227361052,110.0,0.0
941.7196835404926,111.0,0.0
941.7259024000557,110.0,0.0
941.730874404075,111.0,0.0
941.7351307464279,110.0,0.0
941.7395442057107,109.0,0.0
941.7465999212911,108.0,0.0
941.7547419705843,109.0,0.0
941.7589021856509,110.0,0.0
941.7638159340283,111.0,0.0
941.7667898219494,110.0,0.0
941.7801552967009,109.0,0.0
941.7875077435757,108.0,0.0
941.7883602622061,107.0,0.0
941.7983605353559,106.0,0.0
941.8015939628722,107.0,0.0
941.8040487358728,108.0,0.0
941.8090772993501,109.0,0.0
941.8132443628562,108.0,0.0
941.8149513470762,107.0,0.0
941.8156050810642,106.0,0.0
941.8221596530316,105.0,0.0
941.8240501994719,106.0,0.0
941.8275451415233,105.0,0.0
941.8313582697037,104.0,0.0
941.8347228991867,105.0,0.0
941.8374470968085,104.0,0.0
941.8414487280828,105.0,0.0
941.8482543602381,106.0,0.0
941.8519181395064,105.0,0.0
941.8536369055431,106.0,0.0
941.8541565620096,105.0,0.0
941.8583258361745,104.0,0.0
941.8636322279735,103.0,0.0
941.870792486602,102.0,0.0
941.8716555271932,103.0,0.0
941.8851860005476,104.0,0.0
941.8907779548712,105.0,0.0
941.8960223976346,104.0,0.0
941.8968616118916,103.0,0.0
941.8997362869867,102.0,0.0
941.9007430947678,101.0,0.0
941.9050256252992,102.0,0.0
941.9088794685854,101.0,0.0
941.9186021831025,100.0,0.0
941.9308534335075,101.0,0.0
941.9326752066103,102.0,0.0
941.9336216382319,101.0,0.0
941.9412705386637,100.0,0.0
941.9437844477775,101.0,0.0
941.9453656875127,100.0,0.0
941.9512793240417,101.0,0.0
941.952414853292,102.0,0.0
941.9534196104479,103.0,0.0
941.9591155457837,102.0,0.0
941.967132343703,103.0,0.0
941.9697927644017,102.0,0.0
941.9742575884677,101.0,0.0
941.9839464330489,102.0,0.0
941.9840475680801,103.0,0.0
941.9844973100396,102.0,0.0
941.9894829288446,103.0,0.0
941.9934585714781,104.0,0.0
941.9939174253401,103.0,0.0
942.003015465213,102.0,0.0
942.0066397596436,101.0,0.0
942.0190483513544,102.0,0.0
942.0191277805241,101.0,0.0
942.0258959043407,100.0,0.0
942.0280044211693,101.0,0.0
942.0365604184611,100.0,0.0
942.0392820522912,101.0,0.0
942.040111384759,100.0,0.0
942.0476510233083,99.0,0.0
942.0499859967655,100.0,0.0
942.0515893568162,101.0,0.0
942.0517288320034,100.0,0.0
942.0520772464383,101.0,0.0
942.0624551070949,100.0,0.0
942.0677025429546,101.0,0.0
942.0824984658334,100.0,0.0
942.0855668321461,101.0,0.0
942.0870059899426,102.0,0.0
942.0930681948016,101.0,0.0
942.098304733551,102.0,0.0
942.1004811750752,103.0,0.0
942.1074330313726,104.0,0.0
942.1084498988198,105.0,0.0
942.1219562600149,104.0,0.0
942.1234859448032,105.0,0.0
942.1308999643851,104.0,0.0
942.1318157411371,105.0,0.0
942.1373242198266,106.0,0.0
942.1422337244271,105.0,0.0
942.1456049045511,104.0,0.0
942.1479738770008,105.0,0.0
942.1503926149493,104.0,0.0
942.1516559068396,105.0,0.0
942.1525603709104,104.0,0.0
942.1548350152749,105.0,0.0
942.1573003945189,106.0,0.0
942.16252437716,107.0,0.0
942.1636671518588,106.0,0.0
942.1751439624982,105.0,0.0
942.1819870822951,106.0,0.0
942.184877173703,107.0,0.0
942.1925435311298,108.0,0.0
942.1943219578759,107.0,0.0
942.194386763933,106.0,0.0
942.1950085597317,105.0,0.0
942.1978485979516,104.0,0.0
942.201620942222,105.0,0.0
942.2087193561867,106.0,0.0
942.2120786770089,105.0,0.0
942.2143073840243,104.0,0.0
942.2166965238197,103.0,0.0
942.2205853796481,102.0,0.0
942.224198751227,103.0,0.0
942.2265545871825,102.0,0.0
942.2366290238255,103.0,0.0
942.2431856072133,104.0,0.0
942.2457808367178,105.0,0.0
942.2474596291369,106.0,0.0
942.2477857563816,107.0,0.0
942.2522172374644,106.0,0.0
942.2673849378639,107.0,0.0
942.2676472467803,108.0,0.0
942.2747522121726,107.0,0.0
942.2818215047644,106.0,0.0
942.2852105951434,105.0,0.0
942.2852558789062,106.0,0.0
942.2939520604904,107.0,0.0
942.300225531373,108.0,0.0
942.3018436195671,107.0,0.0
942.3033346677255,106.0,0.0
942.3034644514444,105.0,0.0
942.3068390516199,104.0,0.0
942.3225782337414,105.0,0.0
942.3252940831815,104.0,0.0
942.3347624285929,103.0,0.0
942.3366936480145,104.0,0.0
942.3407415642521,105.0,0.0
942.3490967560883,106.0,0.0
942.3578352369155,107.0,0.0
942.3650903000533,106.0,0.0
942.3787551927409,105.0,0.0
942.3801511680508,106.0,0.0
942.3848018922598,105.0,0.0
942.394831244827,106.0,0.0
942.3980448073806,105.0,0.0
942.4000363117582,106.0,0.0
942.4037425021601,105.0,0.0
942.409371414723,106.0,0.0
942.4110375687321,105.0,0.0
942.4296044618912,104.0,0.0
942.4300613934228,103.0,0.0
942.4415798822756,102.0,0.0
942.4554800845468,103.0,0.0
942.4568298361862,104.0,0.0
942.4626727036457,105.0,0.0
942.4704854658086,104.0,0.0
942.4837383574285,105.0,0.0
942.4847715449023,104.0,0.0
942.4867197547107,105.0,0.0
942.492154464916,106.0,0.0
942.4926920607716,107.0,0.0
942.5045199858268,108.0,0.0
942.5089073407763,107.0,0.0
942.511028462222,108.0,0.0
942.5233035266369,107.0,0.0
942.5236444369012,106.0,0.0
942.5265350921968,105.0,0.0
942.5296332306461,106.0,0.0
942.5302494686098,107.0,0.0
942.5312464850026,108.0,0.0
942.542956937667,109.0,0.0
942.5459590008418,110.0,0.0
942.5483748714373,111.0,0.0
942.5576106136596,110.0,0.0
942.5647939524767,109.0,0.0
942.5654242171212,108.0,0.0
942.5663040423541,107.0,0.0
942.5816603691139,108.0,0.0
942.5876399599841,107.0,0.0
942.591152268415,106.0,0.0
942.596630020492,105.0,0.0
942.5971952625897,106.0,0.0
942.5975981178827,107.0,0.0
942.6000373176689,108.0,0.0
942.6075917433916,109.0,0.0
942.6120774017928,110.0,0.0
942.6140331567996,109.0,0.0
942.626736193816,108.0,0.0
942.6289347681806,107.0,0.0
942.6492097612413,108.0,0.0
942.649609400642,107.0,0.0
942.6583956660538,108.0,0.0
942.6630288375852,107.0,0.0
942.6664170354001,106.0,0.0
942.6691260225709,107.0,0.0
942.6767771384874,106.0,0.0
942.6833383132554,107.0,0.0
942.6847886253793,108.0,0.0
942.687359412796,109.0,0.0
942.6922560849309,108.0,0.0
942.6959247717897,107.0,0.0
942.6982412759692,108.0,0.0
942.7006087654344,109.0,0.0
942.704371461641,110.0,0.0
942.707674860719,111.0,0.0
942.7303502167679,112.0,0.0
942.7312763451584,111.0,0.0
942.7313866496095,112.0,0.0
942.7329547680752,113.0,0.0
942.7429836071635,114.0,0.0
942.7526503769191,115.0,0.0
942.7564856231313,114.0,0.0
942.7590887723504,113.0,0.0
942.7620109513144,112.0,0.0
942.7626782278614,111.0,0.0
942.7696335413016,112.0,0.0
942.7703675765847,111.0,0.0
942.7768519728593,112.0,0.0
942.7988949834723,111.0,0.0
942.8348438240319,112.0,0.0
942.8543982821468,113.0,0.0
942.8608915395293,114.0,0.0
942.867294034388,115.0,0.0
942.8720040646804,114.0,0.0
942.8730101121422,113.0,0.0
942.8784904735049,114.0,0.0
942.8900414703589,115.0,0.0
942.8936469288818,116.0,0.0
942.8948173322191,117.0,0.0
942.9030944178332,116.0,0.0
942.9083474478431,117.0,0.0
942.9129750490914,118.0,0.0
942.9191200657995,117.0,0.0
942.9212383996679,116.0,0.0
942.9294497220542,117.0,0.0
942.9324650166802,118.0,0.0
942.9354438432373,117.0,0.0
942.9355843507485,118.0,0.0
942.937784311088,119.0,0.0
942.9399216919003,118.0,0.0
942.9423288091249,117.0,0.0
942.9427722306581,118.0,0.0
942.9490996696218,117.0,0.0
942.9559133395612,116.0,0.0
942.956906665041,115.0,0.0
942.9653149309304,116.0,0.0
942.9696660780321,115.0,0.0
942.9734395529683,116.0,0.0
942.980397353818,115.0,0.0
942.9847538622676,114.0,0.0
942.9917770235038,113.0,0.0
942.9988914507192,112.0,0.0
943.0052611201679,113.0,0.0
943.0162970831265,112.0,0.0
943.0206207904106,111.0,0.0
943.022622860082,110.0,0.0
943.0228129186718,109.0,0.0
943.0231848284645,110.0,0.0
943.0316987956826,109.0,0.0
943.0442592189324,108.0,0.0
943.0496981249224,109.0,0.0
943.0527886277407,108.0,0.0
943.060063516562,107.0,0.0
943.0746345009186,106.0,0.0
943.0747163693129,107.0,0.0
943.0773654922907,108.0,0.0
943.0892973440359,109.0,0.0
943.0920496810745,108.0,0.0
943.0936711117034,107.0,0.0
943.0965221143409,108.0,0.0
943.0975531889269,107.0,0.0
943.1071808130581,106.0,0.0
943.1124683240797,105.0,0.0
943.11346835655,106.0,0.0
943.1149642180103,107.0,0.0
943.1235546977132,106.0,0.0
943.1236455240254,107.0,0.0
943.1255671204688,108.0,0.0
943.1340848214423,109.0,0.0
943.1361451271492,108.0,0.0
943.1427474967896,107.0,0.0
943.1470862943104,108.0,0.0
943.1529137029843,109.0,0.0
943.159560780558,110.0,0.0
943.1610782815455,109.0,0.0
943.1634610045036,110.0,0.0
943.1670722116116,111.0,0.0
943.170408470842,112.0,0.0
943.1727423960849,111.0,0.0
943.1752213337973,110.0,0.0
943.1752417036387,111.0,0.0
943.1755200726196,112.0,0.0
943.1772550443176,113.0,0.0
943.1889735884185,112.0,0.0
943.1908910514978,113.0,0.0
943.2010109234529,112.0,0.0
943.2069858159892,111.0,0.0
943.2175252660111,110.0,0.0
943.2199946599616,111.0,0.0
943.2215572695628,112.0,0.0
943.2239515213506,113.0,0.0
943.2496927617891,114.0,0.0
943.252695818328,115.0,0.0
943.2549601783467,114.0,0.0
943.2550518384056,113.0,0.0
943.2624226787879,112.0,0.0
943.2642036495886,111.0,0.0
943.2866710178396,110.0,0.0
943.2922760577677,109.0,0.0
943.3090080211823,110.0,0.0
943.3091179018937,111.0,0.0
943.3099948017878,110.0,0.0
943.3110137553282,109.0,0.0
943.3150675825664,108.0,0.0
943.3155404134692,107.0,0.0
943.3172569427354,108.0,0.0
943.3197719202224,107.0,0.0
943.3260447201103,106.0,0.0
943.3319524620251,105.0,0.0
943.337793423685,106.0,0.0
943.3385893121967,107.0,0.0
943.3458319672104,108.0,0.0
943.3487620820732,107.0,0.0
943.3587219759704,106.0,0.0
943.3628822692559,107.0,0.0
943.3634207679876,108.0,0.0
943.3675933865323,107.0,0.0
943.3872173143793,108.0,0.0
943.3983597164014,107.0,0.0
943.410336520617,108.0,0.0
943.4113723676917,109.0,0.0
943.413657595119,108.0,0.0
943.4241162685078,109.0,0.0
943.4263629179247,110.0,0.0
943.4276338184297,109.0,0.0
943.427649173846,108.0,0.0
943.4339439795601,107.0,0.0
943.4345891701753,108.0,0.0
943.4347582249197,107.0,0.0
943.4420855725856,106.0,0.0
943.4450973336104,107.0,0.0
943.4554482806418,108.0,0.0
943.4575409167576,109.0,0.0
943.4578761384269,110.0,0.0
943.4579395973957,109.0,0.0
943.4720138046482,108.0,0.0
943.4741916615467,109.0,0.0
943.4761385820384,110.0,0.0
943.4776024662345,109.0,0.0
943.4857433511369,110.0,0.0
943.4860996797105,109.0,0.0
943.4869882240312,110.0,0.0
943.4920147038023,111.0,0.0
943.4933714454515,112.0,0.0
943.5013567108824,111.0,0.0
943.5046731130528,110.0,0.0
943.5086886834097,111.0,0.0
943.5109980189701,110.0,0.0
943.5131354559252,109.0,0.0
943.5207943280037,110.0,0.0
943.5236706687348,109.0,0.0
943.5254546340965,110.0,0.0
943.5355286575008,109.0,0.0
943.5652472208056,110.0,0.0
943.575268445887,109.0,0.0
943.5772502451871,110.0,0.0
943.5812580232587,111.0,0.0
943.5851572012244,110.0,0.0
943.5857901846846,109.0,0.0
943.5912420318539,108.0,0.0
943.591864327745,107.0,0.0
943.5933150257132,108.0,0.0
943.5937534860979,107.0,0.0
943.5968637786726,106.0,0.0
943.6070525476603,105.0,0.0
943.6085938317771,104.0,0.0
943.6143941964922,103.0,0.0
943.6275303254771,104.0,0.0
943.6298586551391,105.0,0.0
943.6309904289786,106.0,0.0
943.6458267400241,105.0,0.0
943.6546632844381,104.0,0.0
943.6629701587609,103.0,0.0
943.6728115612358,104.0,0.0
943.6786871929962,105.0,0.0
943.6832381682749,106.0,0.0
943.6866702692578,105.0,0.0
943.6868215521486,106.0,0.0
943.6963266938617,105.0,0.0
943.6978746498389,104.0,0.0
943.6989474511731,105.0,0.0
943.712988855465,104.0,0.0
943.7144070302675,103.0,0.0
943.7146026139062,104.0,0.0
943.7182534942584,103.0,0.0
943.7209084840807,102.0,0.0
943.729408715143,103.0,0.0
943.7294926524097,102.0,0.0
943.7344364429665,103.0,0.0
943.737420459273,104.0,0.0
943.740928207205,103.0,0.0
943.7508819520979,102.0,0.0
943.7555497191995,101.0,0.0
943.7565717615793,100.0,0.0
943.7569568359743,99.0,0.0
943.7672912356076,98.0,0.0
943.7679250666957,99.0,0.0
943.776508528589,100.0,0.0
943.7962763683299,101.0,0.0
943.805769168044,100.0,0.0
943.806177774768,101.0,0.0
943.8072560041204,102.0,0.0
943.8172820822602,101.0,0.0
943.8229308746692,102.0,0.0
943.8270548711998,101.0,0.0
943.8312051742517,100.0,0.0
943.8380675744045,99.0,0.0
943.8479736925732,100.0,0.0
943.8506692500532,101.0,0.0
943.8583277995026,102.0,0.0
943.8585162970521,103.0,0.0
943.8635489134734,102.0,0.0
943.8678331498379,103.0,0.0
943.8760859176218,104.0,0.0
943.8774106179249,103.0,0.0
943.8864732772229,102.0,0.0
943.8932636931356,101.0,0.0
943.8952785512562,102.0,0.0
943.896775101957,101.0,0.0
943.8990100947369,100.0,0.0
943.901645922877,99.0,0.0
943.902831895926,98.0,0.0
943.9029315312656,97.0,0.0
943.9070037167988,98.0,0.0
943.9099554808081,97.0,0.0
943.9115091400759,96.0,0.0
943.9117351238547,95.0,0.0
943.9201975341258,96.0,0.0
943.9307627754114,97.0,0.0
943.9314702794089,98.0,0.0
943.9394441403911,97.0,0.0
943.9452650344296,96.0,0.0
943.953704638977,97.0,0.0
943.9572898008793,98.0,0.0
943.9623495345147,97.0,0.0
943.9687190279806,96.0,0.0
943.9753640801528,95.0,0.0
943.97776433572,96.0,0.0
943.9831186601053,95.0,0.0
943.9910627376513,94.0,0.0
943.9988178523367,93.0,0.0
944.0173934471538,92.0,0.0
944.0205592085816,91.0,0.0
944.0211679471165,92.0,0.0
944.021651571039,93.0,0.0
944.024746791623,92.0,0.0
944.0250437973302,93.0,0.0
944.0319675600347,94.0,0.0
944.0341161030359,93.0,0.0
944.0656284464397,94.0,0.0
944.0662704506047,93.0,0.0
944.0829621633029,94.0,0.0
944.0830296619258,93.0,0.0
944.0852463393461,92.0,0.0
944.0946703317577,93.0,0.0
944.1090071213015,94.0,0.0
944.1354105485622,95.0,0.0
944.1386569433046,94.0,0.0
944.1401136437165,95.0,0.0
944.142660456873,94.0,0.0
944.1625170537249,93.0,0.0
944.1660857030761,92.0,0.0
944.1668461970055,91.0,0.0
944.1672201117904,92.0,0.0
944.1812247566065,91.0,0.0
944.1817682627931,92.0,0.0
944.1829599568524,93.0,0.0
944.186848987852,94.0,0.0
944.1996176298583,95.0,0.0
944.204402639816,94.0,0.0
944.207145373633,93.0,0.0
944.2112450537018,92.0,0.0
944.2167317413536,91.0,0.0
944.2172301208486,92.0,0.0
944.2210309635451,91.0,0.0
944.2255522145147,90.0,0.0
944.226562114458,89.0,0.0
944.235599179457,88.0,0.0
944.239609472269,89.0,0.0
944.2401170877131,88.0,0.0
944.2423634611501,89.0,0.0
944.2481830978427,90.0,0.0
944.2534326193124,89.0,0.0
944.2624554780466,90.0,0.0
944.2669189766688,89.0,0.0
944.2737208114845,88.0,0.0
944.284678856413,87.0,0.0
944.2857166751267,86.0,0.0
944.2868561959872,87.0,0.0
944.3081219458588,88.0,0.0
944.3094105190538,89.0,0.0
944.3137621921095,90.0,0.0
944.3161289863557,91.0,0.0
944.3228379096784,92.0,0.0
944.3261608905196,91.0,0.0
944.3273337924657,92.0,0.0
944.3299161267265,93.0,0.0
944.3365809682415,92.0,0.0
944.3390362127043,93.0,0.0
944.342027191558,94.0,0.0
944.344599841427,93.0,0.0
944.3453701593104,94.0,0.0
944.3475252217953,93.0,0.0
944.3533533736876,92.0,0.0
944.3534126669193,91.0,0.0
944.354253704308,92.0,0.0
944.3554244264076,91.0,0.0
944.3612063748519,90.0,0.0
944.3695978652185,89.0,0.0
944.3849293864819,90.0,0.0
944.3906892631492,89.0,0.0
944.3978960074048,90.0,0.0
944.3994537529163,89.0,0.0
944.3996937362216,88.0,0.0
944.3999257472916,87.0,0.0
944.4091209740752,86.0,0.0
944.4105894643282,85.0,0.0
944.4119415648049,86.0,0.0
944.4303007162939,87.0,0.0
944.4385327364597,88.0,0.0
944.4397053195362,87.0,0.0
944.4419952502343,88.0,0.0
944.4513305464525,89.0,0.0
944.454616716188,88.0,0.0
944.4572800089628,87.0,0.0
944.4630201908378,88.0,0.0
944.4675840374914,87.0,0.0
944.4690159211793,88.0,0.0
944.4735928169432,89.0,0.0
944.4773730950336,90.0,0.0
944.4786229959691,91.0,0.0
944.4880202998622,90.0,0.0
944.5073244479686,89.0,0.0
944.5107909526074,90.0,0.0
944.5176780373895,89.0,0.0
944.5288017297871,88.0,0.0
944.5368077386917,87.0,0.0
944.5463836925967,88.0,0.0
944.5495084328327,89.0,0.0
944.5560926374808,90.0,0.0
944.5648694386242,91.0,0.0
944.5792844855984,92.0,0.0
944.588285233344,91.0,0.0
944.591880958941,90.0,0.0
944.592389210528,89.0,0.0
944.6009669412634,90.0,0.0
944.6051231236786,89.0,0.0
944.611253128902,90.0,0.0
944.6142651822444,91.0,0.0
944.6218646735884,90.0,0.0
944.6230340111712,89.0,0.0
944.6318616845185,88.0,0.0
944.6420147846067,87.0,0.0
944.6446904631872,88.0,0.0
944.6530297931048,89.0,0.0
944.65399957041,90.0,0.0
944.6573664625846,89.0,0.0
944.6677865373099,88.0,0.0
944.6701295877758,89.0,0.0
944.6886847243001,88.0,0.0
944.6948302194926,89.0,0.0
944.6952221126576,88.0,0.0
944.712016110255,89.0,0.0
944.7139900121479,90.0,0.0
944.7176613135697,91.0,0.0
944.722581131308,92.0,0.0
944.7282681000254,91.0,0.0
944.7319371784147,90.0,0.0
944.7371644933434,91.0,0.0
944.7431897966292,90.0,0.0
944.7501371729525,91.0,0.0
944.7615707372481,92.0,0.0
944.7742226981213,93.0,0.0
944.7748904033571,94.0,0.0
944.7780740985379,93.0,0.0
944.7827036789924,94.0,0.0
944.7912878153084,95.0,0.0
944.7974794795986,94.0,0.0
944.7976431906433,95.0,0.0
944.8048988504249,96.0,0.0
944.8282281277396,95.0,0.0
944.8355162886587,94.0,0.0
944.8405597106972,95.0,0.0
944.8438909596399,94.0,0.0
944.8525028695585,95.0,0.0
944.8537925418883,94.0,0.0
944.8590301407929,95.0,0.0
944.8592268226033,96.0,0.0
944.85927799516,95.0,0.0
944.8619161191775,94.0,0.0
944.8688722559984,95.0,0.0
944.8715923771097,94.0,0.0
944.8800615331108,93.0,0.0
944.8838746676652,92.0,0.0
944.8842332009899,91.0,0.0
944.8842812522329,90.0,0.0
944.8898563701449,91.0,0.0
944.8929148068656,90.0,0.0
944.8932496897565,89.0,0.0
944.9033512233792,90.0,0.0
944.905339130998,91.0,0.0
944.9060071631166,90.0,0.0
944.909177838228,91.0,0.0
944.9291732335448,90.0,0.0
944.9355824486921,89.0,0.0
944.9439814108846,90.0,0.0
944.9552165977218,91.0,0.0
944.9622798132327,90.0,0.0
944.964554366347,91.0,0.0
944.9668940258342,90.0,0.0
944.9719226255869,89.0,0.0
944.9749317489889,90.0,0.0
944.9812599057144,89.0,0.0
945.002451284024,88.0,0.0
945.006607930664,87.0,0.0
945.0241349320254,86.0,0.0
945.0264605625257,87.0,0.0
945.0265845007215,86.0,0.0
945.0271723061913,85.0,0.0
945.0276374283367,86.0,0.0
945.0343364503595,85.0,0.0
945.0355569543461,86.0,0.0
945.0463591521169,87.0,0.0
945.0509293664699,88.0,0.0
945.0615833940758,87.0,0.0
945.0621147390044,86.0,0.0
945.0638247840575,85.0,0.0
945.077706674785,84.0,0.0
945.079341149268,85.0,0.0
945.0804578660031,84.0,0.0
945.094917885721,83.0,0.0
945.1077035798567,84.0,0.0
945.1096164505572,83.0,0.0
945.1135452860624,82.0,0.0
945.1213571156957,81.0,0.0
945.1268565191406,80.0,0.0
945.1361592014532,79.0,0.0
945.1398060939667,78.0,0.0
945.1434385857654,77.0,0.0
945.1449046663611,76.0,0.0
945.1639884511617,77.0,0.0
945.1734217380382,78.0,0.0
945.1774335672421,77.0,0.0
945.1980249670831,78.0,0.0
945.2066456474544,77.0,0.0
945.2125841942719,76.0,0.0
945.2129419425539,75.0,0.0
945.21700951815,76.0,0.0
945.2200094659684,77.0,0.0
945.2216908459865,78.0,0.0
945.227933381742,79.0,0.0
945.2303474319071,78.0,0.0
945.2373038527918,77.0,0.0
945.2392942193053,78.0,0.0
945.2417095385695,77.0,0.0
945.2535482380906,76.0,0.0
945.2632143277356,75.0,0.0
945.274162366568,74.0,0.0
945.2820426994482,73.0,0.0
945.2852620793745,74.0,0.0
945.2903355244462,73.0,0.0
945.2914296445052,72.0,0.0
945.2937275765188,71.0,0.0
945.2984487481359,70.0,0.0
945.3028271591295,69.0,0.0
945.3075851856325,70.0,0.0
945.3290442403267,69.0,0.0
945.3325450294706,70.0,0.0
945.3494573450583,71.0,0.0
945.3594751452799,70.0,0.0
945.3632575119996,69.0,0.0
945.36337812584,70.0,0.0
945.3717661277713,69.0,0.0
945.3746173571286,68.0,0.0
945.3783532026807,67.0,0.0
945.389965959239,68.0,0.0
945.4054530380041,69.0,0.0
945.4056404826588,70.0,0.0
945.4059317121598,71.0,0.0
945.4084049669171,72.0,0.0
945.4161812620564,71.0,0.0
945.4272298348936,72.0,0.0
945.4452422965385,73.0,0.0
945.451440474722,74.0,0.0
945.45545589258,73.0,0.0
945.4580894368382,74.0,0.0
945.4614587165707,73.0,0.0
945.4625129431402,72.0,0.0
945.4707262318879,71.0,0.0
945.4749943383091,72.0,0.0
945.505793135276,71.0,0.0
945.5120976465199,72.0,0.0
945.5222660003589,71.0,0.0
945.5238436728151,70.0,0.0
945.5249465311689,71.0,0.0
945.5267075473142,72.0,0.0
945.5282091504188,73.0,0.0
945.5330323231047,72.0,0.0
945.5400213771704,73.0,0.0
945.5462451819066,74.0,0.0
945.5516501209003,75.0,0.0
945.55243146406,74.0,0.0
945.5600333554257,73.0,0.0
945.5850801750105,72.0,0.0
945.5908295010051,71.0,0.0
945.6120018506995,70.0,0.0
945.613902897301,69.0,0.0
945.6146546524986,70.0,0.0
945.6236071411168,69.0,0.0
945.6237439544766,68.0,0.0
945.628850301673,69.0,0.0
945.6395150249575,68.0,0.0
945.6399532724038,67.0,0.0
945.647669387258,68.0,0.0
945.6491537599608,67.0,0.0
945.6558072825833,66.0,0.0
945.660701151277,65.0,0.0
945.6662237943058,64.0,0.0
945.6668073115684,63.0,0.0
945.6697973690827,64.0,0.0
945.7049498621245,65.0,0.0
945.7094184661386,64.0,0.0
945.7096868085882,63.0,0.0
945.7205579614772,64.0,0.0
945.7235766954249,63.0,0.0
945.7260033645495,62.0,0.0
945.727918182349,63.0,0.0
945.7331503677048,64.0,0.0
945.7482037181118,63.0,0.0
945.7519457679455,62.0,0.0
945.7581132776469,63.0,0.0
945.7588136447828,62.0,0.0
945.7596286772986,61.0,0.0
945.7601423839487,60.0,0.0
945.7653715957218,59.0,0.0
945.7743871049717,58.0,0.0
945.7878412238213,59.0,0.0
945.7928177307367,58.0,0.0
945.799933482338,59.0,0.0
945.8010700081712,58.0,0.0
945.8040853056625,57.0,0.0
945.8207369175491,58.0,0.0
945.823216529941,59.0,0.0
945.8437155225832,58.0,0.0
945.8459038879622,59.0,0.0
945.8510208802467,60.0,0.0
945.8552936704853,59.0,0.0
945.8559418146426,60.0,0.0
945.8646577825913,59.0,0.0
945.874423133125,58.0,0.0
945.8792483711716,59.0,0.0
945.8903106476233,60.0,0.0
945.8985247592129,61.0,0.0
945.9010260795358,60.0,0.0
945.9111052542065,59.0,0.0
945.9141872676062,60.0,0.0
945.9153154145528,59.0,0.0
945.9181367150677,58.0,0.0
945.9291812232701,57.0,0.0
945.9474748044064,56.0,0.0
945.9617869624036,57.0,0.0
945.9650492966189,56.0,0.0
945.9887628710618,55.0,0.0
945.9902144042287,56.0,0.0
945.9934949184052,55.0,0.0
946.0311342731273,54.0,0.0
946.0443190990976,53.0,0.0
946.045757523616,52.0,0.0
946.0484286689785,53.0,0.0
946.0524069091192,52.0,0.0
946.0550711557556,51.0,0.0
946.055319074287,50.0,0.0
946.0600954508985,49.0,0.0
946.0626274932492,48.0,0.0
946.0639911406995,47.0,0.0
946.0794499938771,46.0,0.0
946.0922516508066,47.0,0.0
946.1098342196414,46.0,0.0
946.1420051415965,47.0,0.0
946.1500183982223,48.0,0.0
946.1502894387935,49.0,0.0
946.1577094129182,48.0,0.0
946.1594724510712,47.0,0.0
946.1604890451001,48.0,0.0
946.1620606136854,47.0,0.0
946.1631448884146,46.0,0.0
946.1826594862428,45.0,0.0
946.1837368727057,44.0,0.0
946.185756330274,43.0,0.0
946.193735769307,42.0,0.0
946.2021589983628,41.0,0.0
946.2138998336104,40.0,0.0
946.2267799241569,41.0,0.0
946.2278940993996,40.0,0.0
946.2333197380988,41.0,0.0
946.2429633492443,42.0,0.0
946.2444388322133,41.0,0.0
946.2551557960754,40.0,0.0
946.2707180711624,41.0,0.0
946.2794336921023,42.0,0.0
946.2801233325796,43.0,0.0
946.280186505909,44.0,0.0
946.2819904428904,45.0,0.0
946.2945014956293,44.0,0.0
946.2954481699592,45.0,0.0
946.3131247047176,46.0,0.0
946.3154004135563,47.0,0.0
946.3173320412131,46.0,0.0
946.3183504700181,47.0,0.0
946.3192415032656,46.0,0.0
946.3321518519197,47.0,0.0
946.3342271951876,48.0,0.0
946.3404087034525,49.0,0.0
946.3480216484775,48.0,0.0
946.3526445184216,49.0,0.0
946.3579183313626,48.0,0.0
946.3631862944139,49.0,0.0
946.3762714150115,48.0,0.0
946.3909457954071,47.0,0.0
946.395636675108,46.0,0.0
946.3963743239459,47.0,0.0
946.4099776866726,46.0,0.0
946.4193307744172,45.0,0.0
946.425344288737,44.0,0.0
946.4274364630785,45.0,0.0
946.428616668145,44.0,0.0
946.4380029629621,43.0,0.0
946.4695871219817,42.0,0.0
946.4716308904952,41.0,0.0
946.4741809004857,42.0,0.0
946.4743001839444,41.0,0.0
946.4895312912469,40.0,0.0
946.509924378732,39.0,0.0
946.538609618022,38.0,0.0
946.5386903601451,37.0,0.0
946.5503045016741,36.0,0.0
946.5503977999916,35.0,0.0
946.5522296389892,34.0,0.0
946.5641414603209,33.0,0.0
946.5691921111958,32.0,0.0
946.5732819693632,33.0,0.0
946.5757964626386,34.0,0.0
946.5782635878273,33.0,0.0
946.5792895637882,32.0,0.0
946.5836511170586,31.0,0.0
946.5895399242498,32.0,0.0
946.5950498067918,31.0,0.0
946.597107997126,32.0,0.0
946.612557090875,31.0,0.0
946.6404805249217,30.0,0.0
946.6506055456767,29.0,0.0
946.6602604833516,30.0,0.0
946.666428723801,29.0,0.0
946.6734236446154,28.0,0.0
946.6783149743713,29.0,0.0
946.6878188892991,30.0,0.0
946.7056158422478,31.0,0.0
946.7228269681103,32.0,0.0
946.7447582920352,31.0,0.0
946.7471565715082,30.0,0.0
946.7485709134702,29.0,0.0
946.7611336729101,28.0,0.0
946.7659985144367,27.0,0.0
946.7673576466289,28.0,0.0
946.7674918035749,29.0,0.0
946.7765712279828,30.0,0.0
946.777461186212,29.0,0.0
946.7873848977232,28.0,0.0
946.7936496721835,27.0,0.0
946.7944201271706,26.0,0.0
946.7996039932531,25.0,0.0
946.802266644892,26.0,0.0
946.8123257511692,25.0,0.0
946.8301838063838,24.0,0.0
946.8444694361863,23.0,0.0
946.8453670041611,22.0,0.0
946.8456478618593,21.0,0.0
946.8547987362467,20.0,0.0
946.8638678525023,19.0,0.0
946.8639498235588,20.0,0.0
946.880047773783,21.0,0.0
946.88318211183,20.0,0.0
946.8873344892467,19.0,0.0
946.8903215568179,18.0,0.0
946.897560844458,17.0,0.0
946.9015036771191,16.0,0.0
946.9038020135076,15.0,0.0
946.9247372473376,14.0,0.0
946.9249707924824,13.0,0.0
946.9289235534411,14.0,0.0
946.9302905135755,15.0,0.0
946.9478468636186,16.0,0.0
946.9484481795631,15.0,0.0
946.9629163911886,16.0,0.0
946.9742849055463,17.0,0.0
946.9779802091714,18.0,0.0
946.9841497770902,17.0,0.0
946.9854907614958,16.0,0.0
946.9882696999184,15.0,0.0
946.9892609672889,14.0,0.0
946.9920803637118,13.0,0.0
947.0048340430562,12.0,0.0
947.0134141314182,11.0,0.0
947.0541618918912,10.0,0.0
947.058068891321,9.0,0.0
947.06236680277,10.0,0.0
947.0668875315679,11.0,0.0
947.0682234103348,10.0,0.0
947.0746523715335,9.0,0.0
947.0959775154779,10.0,0.0
947.1052447456741,9.0,0.0
947.1137131197991,8.0,0.0
947.1164958218476,9.0,0.0
947.1208325799802,10.0,0.0
947.1226926594956,9.0,0.0
947.1331374502145,8.0,0.0
947.1651068077597,9.0,0.0
947.1835878471037,10.0,0.0
947.1897810731615,11.0,0.0
947.195493255709,10.0,0.0
947.2198809175117,9.0,0.0
947.2206896517639,8.0,0.0
947.2208650836195,7.0,0.0
947.244784766538,6.0,0.0
947.2802816455808,5.0,0.0
947.2839804565043,4.0,0.0
947.2944481561058,3.0,0.0
947.3071252665987,2.0,0.0
947.3110989545828,1.0,0.0
947.3204694336863,0.0,0.0
947.3958959770122,1.0,0.0
947.4169761585956,0.0,0.0
947.4597068155865,1.0,0.0
947.4645109280442,2.0,0.0
947.471854542466,1.0,0.0
947.4792357604385,2.0,0.0
947.4797097531532,1.0,0.0
947.47994090652,0.0,0.0
947.5418680539913,1.0,0.0
947.5624647257013,0.0,0.0
947.5764653041816,1.0,0.0
947.5881472185933,0.0,0.0
947.6007169955154,1.0,0.0
947.6271252364238,2.0,0.0
947.6390705853112,1.0,0.0
947.6891159402064,0.0,0.0
947.7051823527994,1.0,0.0
947.7074504467331,0.0,0.0
947.726002733461,1.0,0.0
947.7285054372114,2.0,0.0
947.7473018988267,1.0,0.0
947.7495462574085,2.0,0.0
947.7668457101145,3.0,0.0
947.7682215492799,4.0,0.0
947.771191972037,5.0,0.0
947.7824399810227,4.0,0.0
947.79107060424,3.0,0.0
947.7961373332535,2.0,0.0
947.8075759718324,1.0,0.0
947.8129532776316,0.0,0.0
947.8466620384366,1.0,0.0
947.8522337664222,0.0,0.0
947.8650224446269,1.0,0.0
947.8654341315806,0.0,0.0
947.9298320238072,1.0,0.0
947.9557287543698,2.0,0.0
947.9589196814007,1.0,0.0
947.9689567779919,0.0,0.0
947.990984721393,1.0,0.0
947.9953692380383,0.0,0.0
948.0367183564315,1.0,0.0
948.0506737078365,2.0,0.0
948.0679985600451,1.0,0.0
948.0740702227946,0.0,0.0
948.0925163796869,1.0,0.0
948.1103710184263,0.0,0.0
948.1754674017092,1.0,0.0
948.1846398207899,2.0,0.0
948.1882530074622,3.0,0.0
948.1926822846798,4.0,0.0
948.2080642495009,3.0,0.0
948.2341284999479,4.0,0.0
948.250679029569,3.0,0.0
948.2662968935106,2.0,0.0
948.267880471903,1.0,0.0
948.2872179061064,2.0,0.0
948.2976339091374,3.0,0.0
948.3047074097148,4.0,0.0
948.305762133913,3.0,0.0
948.306811678645,4.0,0.0
948.3091687869232,5.0,0.0
948.3308689454991,4.0,0.0
948.3325121683256,3.0,0.0
948.3478978609799,4.0,0.0
948.3572411043642,3.0,0.0
948.3644166576645,4.0,0.0
948.3797545765269,3.0,0.0
948.4229708693455,2.0,0.0
948.4311194516888,1.0,0.0
948.4400567779504,0.0,0.0
948.4574867363691,1.0,0.0
948.505315752644,2.0,0.0
948.5268138026227,1.0,0.0
948.5419929086823,0.0,0.0
948.616943829911,1.0,0.0
948.624695369748,2.0,0.0
948.6443463139958,3.0,0.0
948.6552543740603,2.0,0.0
948.6626364036842,1.0,0.0
948.6662837670891,0.0,0.0
948.734270044979,1.0,0.0
948.7453706742732,2.0,0.0
948.7496499018619,1.0,0.0
948.7745527087087,2.0,0.0
948.7841805479059,1.0,0.0
948.8037478072365,0.0,0.0
948.8646515416771,1.0,0.0
948.8916047430905,2.0,0.0
948.8956328228873,3.0,0.0
948.9277754615343,2.0,0.0
948.9311666434703,1.0,0.0
948.9472784741736,2.0,0.0
948.9521922771302,3.0,0.0
948.9564018576931,4.0,0.0
948.997833150204,3.0,0.0
949.0054410436837,2.0,0.0
949.0264268092308,1.0,0.0
949.0420669893532,2.0,0.0
949.0531765972315,1.0,0.0
949.152935684376,0.0,0.0
949.2202376334022,1.0,0.0
949.2293479568671,2.0,0.0
949.2378159742105,3.0,0.0
949.2379226787187,2.0,0.0
949.2381442984959,3.0,0.0
949.2398671491115,4.0,0.0
949.2601653574484,3.0,0.0
949.2761014221009,2.0,0.0
949.2770712289491,3.0,0.0
949.2974721908672,2.0,0.0
949.3068833045538,1.0,0.0
949.3113195180661,0.0,0.0
949.3586461849667,1.0,0.0
949.362581587956,0.0,0.0
949.4197169371824,1.0,0.0
949.4207155866194,0.0,0.0
949.4573144567859,1.0,0.0
949.4759225674078,2.0,0.0
949.4781629092117,1.0,0.0
949.4884637814761,0.0,0.0
949.5138410572656,1.0,0.0
949.5286197213046,2.0,0.0
949.5463831648385,3.0,0.0
949.558003548271,2.0,0.0
949.5765602361514,1.0,0.0
949.5871795889904,2.0,0.0
949.5881372953355,1.0,0.0
949.660529331063,0.0,0.0
949.7027389256887,1.0,0.0
949.7104101627782,0.0,0.0
949.7820133713521,1.0,0.0
949.8271754366757,0.0,0.0
949.8690203016279,1.0,0.0
949.8885274009801,0.0,0.0
949.895981289208,1.0,0.0
949.902289168494,0.0,0.0
949.9974969234346,1.0,0.0
950.0007205692539,0.0,0.0
950.0051006287176,1.0,0.0
950.0107778784084,0.0,0.0
950.0210761402143,1.0,0.0
950.0378301987265,2.0,0.0
950.068875998411,3.0,0.0
950.0848889280373,2.0,0.0
950.0906795143073,1.0,0.0
950.1126531947158,0.0,0.0
950.1302819119438,1.0,0.0
950.1335834637333,0.0,0.0
950.1521831178071,1.0,0.0
950.1599660682438,2.0,0.0
950.1601458684576,1.0,0.0
950.1762227002229,2.0,0.0
950.1796438368809,1.0,0.0
950.1900645646426,0.0,0.0
950.2015662105657,1.0,0.0
950.2077381471336,2.0,0.0
950.209555678915,3.0,0.0
950.2284026530295,2.0,0.0
950.2354608690841,1.0,0.0
950.2521637710247,0.0,0.0
950.3352464550851,1.0,0.0
950.3374066709671,0.0,0.0
950.3659728691885,1.0,0.0
950.3758127794802,0.0,0.0
950.3964233164013,1.0,0.0
950.4021487581374,0.0,0.0
950.4082848845097,1.0,0.0
950.416296160583,2.0,0.0
950.4300965444479,3.0,0.0
950.4352980078124,4.0,0.0
950.4394112348754,3.0,0.0
950.4400884802835,2.0,0.0
950.4480144293984,1.0,0.0
950.4485299329011,0.0,0.0
950.467133836509,1.0,0.0
950.4730560869331,2.0,0.0
950.4977366276595,1.0,0.0
950.5126233965836,0.0,0.0
950.5563068907181,1.0,0.0
950.5601325922621,0.0,0.0
950.5653276316051,1.0,0.0
950.5681785299729,0.0,0.0
950.5937307388195,1.0,0.0
950.6015239246005,2.0,0.0
950.6026756735573,3.0,0.0
950.6103942519317,2.0,0.0
950.6165081417872,3.0,0.0
950.6278095617778,2.0,0.0
950.667431109773,3.0,0.0
950.6807814742318,2.0,0.0
950.7010780857784,1.0,0.0
950.7179447245301,0.0,0.0
950.7933918362857,1.0,0.0
950.8084319706239,0.0,0.0
950.8568534526884,1.0,0.0
950.8689496023801,0.0,0.0
950.9060464123606,1.0,0.0
950.9355954376557,0.0,0.0
950.9400676014429,1.0,0.0
950.9545801203654,2.0,0.0
950.9616319943866,1.0,0.0
950.9617183367056,2.0,0.0
950.9898155583994,1.0,0.0
951.0089894497123,2.0,0.0
951.0137999106761,3.0,0.0
951.0180327953308,4.0,0.0
951.0219271342304,5.0,0.0
951.0294702392346,6.0,0.0
951.0304746353477,7.0,0.0
951.0332646992642,6.0,0.0
951.0570779946944,5.0,0.0
951.0581978777592,4.0,0.0
951.0737471847025,3.0,0.0
951.074213904892,2.0,0.0
951.077852644044,3.0,0.0
951.0921711999483,2.0,0.0
951.0931083171766,3.0,0.0
951.0978735480625,2.0,0.0
951.1047405270438,3.0,0.0
951.1114179496235,4.0,0.0
951.112992847761,5.0,0.0
951.1325285213081,6.0,0.0
951.1332029301141,5.0,0.0
951.1406410232113,4.0,0.0
951.1464850142061,3.0,0.0
951.156447691588,4.0,0.0
951.1621542704511,5.0,0.0
951.1759962099295,6.0,0.0
951.1792034233564,7.0,0.0
951.1977079154999,6.0,0.0
951.2145816407757,7.0,0.0
951.2153813944525,6.0,0.0
951.2297527802522,5.0,0.0
951.2425032387616,4.0,0.0
951.2496112744446,5.0,0.0
951.251712828405,6.0,0.0
951.2544557198393,5.0,0.0
951.2584381918927,4.0,0.0
951.2804720995288,3.0,0.0
951.2897544975992,4.0,0.0
951.3119441183121,5.0,0.0
951.3132324071556,4.0,0.0
951.3185176152875,3.0,0.0
951.3218987564508,4.0,0.0
951.3422072367053,5.0,0.0
951.3426756097949,6.0,0.0
951.3479616585028,5.0,0.0
951.3737193675481,4.0,0.0
951.3769024898147,3.0,0.0
951.3844850477755,2.0,0.0
951.3879735035271,3.0,0.0
951.3906774542107,2.0,0.0
951.3929793753468,3.0,0.0
951.4038739109648,2.0,0.0
951.4120465033608,1.0,0.0
951.4395842703119,2.0,0.0
951.4474535363986,3.0,0.0
951.4628281534881,4.0,0.0
951.4693318060908,5.0,0.0
951.4701725071154,4.0,0.0
951.4805463573256,5.0,0.0
951.480599206379,6.0,0.0
951.48838686267,7.0,0.0
951.4962545956565,6.0,0.0
951.4987027814088,7.0,0.0
951.5010371523847,6.0,0.0
951.5096071180701,7.0,0.0
951.5120004254844,6.0,0.0
951.5322130487947,5.0,0.0
951.5346057282599,6.0,0.0
951.5379493048061,5.0,0.0
951.5391095279234,4.0,0.0
951.5522602260423,5.0,0.0
951.5690050448251,6.0,0.0
951.5718189587916,7.0,0.0
951.5748118380644,8.0,0.0
951.5863227152237,9.0,0.0
951.5882936919812,8.0,0.0
951.5907955161442,7.0,0.0
951.6025033236757,6.0,0.0
951.619570805247,5.0,0.0
951.6207511620976,6.0,0.0
951.6215978637524,5.0,0.0
951.6353651957752,4.0,0.0
951.6451182567657,5.0,0.0
951.6516115583005,6.0,0.0
951.652668382746,7.0,0.0
951.6631903662501,8.0,0.0
951.6668673050017,7.0,0.0
951.6692702395419,6.0,0.0
951.7268129223282,5.0,0.0
951.7364469775837,4.0,0.0
951.7441442698378,5.0,0.0
951.7761324925959,4.0,0.0
951.7859288232323,5.0,0.0
951.7898746599071,4.0,0.0
951.7981107871065,3.0,0.0
951.8216255014638,4.0,0.0
951.827125234684,5.0,0.0
951.8281317431296,6.0,0.0
951.833686698126,7.0,0.0
951.8403744782529,6.0,0.0
951.8423241530382,7.0,0.0
951.8469391829466,8.0,0.0
951.8487141920635,9.0,0.0
951.8700670473228,10.0,0.0
951.8713300695312,11.0,0.0
951.8832978669783,12.0,0.0
951.8862101070276,13.0,0.0
951.9098061386378,12.0,0.0
951.916846239383,13.0,0.0
951.9174393459132,12.0,0.0
951.9211535612932,11.0,0.0
951.9232298105808,10.0,0.0
951.9329961292375,11.0,0.0
951.9438401347971,10.0,0.0
951.967229601672,11.0,0.0
951.9972413075097,10.0,0.0
951.9983481037001,9.0,0.0
952.0036381453391,8.0,0.0
952.0167896685709,7.0,0.0
952.0269917155506,8.0,0.0
952.0289199941429,9.0,0.0
952.066850636137,10.0,0.0
952.0822614675409,9.0,0.0
952.0959817270699,10.0,0.0
952.0974904063648,11.0,0.0
952.1031949287144,10.0,0.0
952.1039528534943,11.0,0.0
952.1103402159854,10.0,0.0
952.1119435613933,11.0,0.0
952.1150859202875,12.0,0.0
952.1197474419542,13.0,0.0
952.1228249137386,14.0,0.0
952.1260832167742,13.0,0.0
952.1439454016931,14.0,0.0
952.1440444290832,13.0,0.0
952.14791587002,14.0,0.0
952.1546815231189,15.0,0.0
952.1620050073432,16.0,0.0
952.1713721919186,17.0,0.0
952.1822557879042,16.0,0.0
952.1824703515493,15.0,0.0
952.1874953092791,14.0,0.0
952.2014615249763,15.0,0.0
952.208644802354,16.0,0.0
952.2115350610836,15.0,0.0
952.218893949369,14.0,0.0
952.2302498272664,13.0,0.0
952.2306641075321,14.0,0.0
952.2337164783333,15.0,0.0
952.2344023435845,16.0,0.0
952.234582605833,17.0,0.0
952.2379999556842,16.0,0.0
952.2433626552285,15.0,0.0
952.2812602150111,16.0,0.0
952.2884335349721,17.0,0.0
952.2970199559471,18.0,0.0
952.3009593787287,19.0,0.0
952.3061683766127,20.0,0.0
952.3081522423028,19.0,0.0
952.3200951713013,20.0,0.0
952.3218316460838,21.0,0.0
952.3306677298856,22.0,0.0
952.3312424522085,23.0,0.0
952.3331057708623,24.0,0.0
952.3340371639487,23.0,0.0
952.3410505056512,24.0,0.0
952.3420127838681,23.0,0.0
952.3474228527214,22.0,0.0
952.3506822089491,23.0,0.0
952.3802333845371,22.0,0.0
952.3804440203432,21.0,0.0
952.3856842277178,20.0,0.0
952.3868927319814,21.0,0.0
952.3890107496595,22.0,0.0
952.390855044425,23.0,0.0
952.4019053207037,22.0,0.0
952.4030601955685,21.0,0.0
952.4107449587428,22.0,0.0
952.4244093102174,23.0,0.0
952.4282293592534,22.0,0.0
952.43609874836,21.0,0.0
952.4480160642295,20.0,0.0
952.4615184277243,19.0,0.0
952.4638383251485,18.0,0.0
952.4656250190139,17.0,0.0
952.4705823437955,18.0,0.0
952.4710810664697,17.0,0.0
952.479316524685,16.0,0.0
952.4830043442245,17.0,0.0
952.4975949782176,16.0,0.0
952.5145431974374,17.0,0.0
952.53388450435,18.0,0.0
952.5401214919264,17.0,0.0
952.5506475421531,16.0,0.0
952.5530013835204,17.0,0.0
952.5535503148739,18.0,0.0
952.5542954001131,19.0,0.0
952.5705276839681,20.0,0.0
952.5717297785876,19.0,0.0
952.5753374127346,20.0,0.0
952.5831620441702,21.0,0.0
952.5888050479466,22.0,0.0
952.5913862329129,23.0,0.0
952.5935632415752,22.0,0.0
952.5959072634995,23.0,0.0
952.6059961335533,24.0,0.0
952.612835794227,25.0,0.0
952.6156016852423,24.0,0.0
952.6236437842473,25.0,0.0
952.6262415125211,26.0,0.0
952.6337273288228,25.0,0.0
952.6342573670737,26.0,0.0
952.6398251189571,27.0,0.0
952.6480630115525,26.0,0.0
952.656333678729,27.0,0.0
952.6579728738833,26.0,0.0
952.6610216456293,27.0,0.0
952.6667327169006,26.0,0.0
952.6680323750068,25.0,0.0
952.6706181126325,26.0,0.0
952.7017496436356,27.0,0.0
952.7080326454497,28.0,0.0
952.7085803838016,29.0,0.0
952.716868244077,28.0,0.0
952.7188440279282,27.0,0.0
952.7238369766849,26.0,0.0
952.7264675478123,25.0,0.0
952.7271930716578,24.0,0.0
952.729533845613,25.0,0.0
952.737414772295,24.0,0.0
952.7423849745992,25.0,0.0
952.7472000394548,26.0,0.0
952.7482346962053,27.0,0.0
952.7531395615708,26.0,0.0
952.7736347625574,27.0,0.0
952.7968657983445,28.0,0.0
952.8039577241487,29.0,0.0
952.8146799233717,30.0,0.0
952.8179905626295,29.0,0.0
952.8353021413518,28.0,0.0
952.8373441088522,27.0,0.0
952.849019823357,26.0,0.0
952.8553433339998,25.0,0.0
952.8569675687573,24.0,0.0
952.8640546308695,23.0,0.0
952.8850965611314,24.0,0.0
952.8906436673757,25.0,0.0
952.89242936375,24.0,0.0
952.8951126820074,23.0,0.0
952.9040839312744,22.0,0.0
952.909512248985,21.0,0.0
952.9150189084922,22.0,0.0
952.9183505734954,23.0,0.0
952.9291624524288,24.0,0.0
952.9448618684846,23.0,0.0
952.9462205856635,24.0,0.0
952.9574690740568,25.0,0.0
952.9618337043703,26.0,0.0
952.9625233410229,25.0,0.0
952.9877191337904,26.0,0.0
952.9906318556899,25.0,0.0
953.0190232429566,26.0,0.0
953.019178023521,27.0,0.0
953.0248962492803,28.0,0.0
953.0289794085472,29.0,0.0
953.0366582983225,28.0,0.0
953.0428261567115,27.0,0.0
953.052678027377,28.0,0.0
953.0536201814707,27.0,0.0
953.057838636999,26.0,0.0
953.0605717132604,27.0,0.0
953.0655724978101,26.0,0.0
953.0828819102494,25.0,0.0
953.0863098831315,26.0,0.0
953.0925711131321,25.0,0.0
953.0927591008716,26.0,0.0
953.0931134752539,25.0,0.0
953.0953428731613,26.0,0.0
953.0978251188695,27.0,0.0
953.1000481047686,28.0,0.0
953.1002484748942,27.0,0.0
953.1017357474423,28.0,0.0
953.1019468050259,29.0,0.0
953.1038420576314,30.0,0.0
953.1070144546723,29.0,0.0
953.1130720553149,28.0,0.0
953.1230517728114,29.0,0.0
953.130414646767,28.0,0.0
953.1412219370909,29.0,0.0
953.1577580976079,28.0,0.0
953.1581806585874,27.0,0.0
953.1615847753222,28.0,0.0
953.1744820605776,29.0,0.0
953.1779666203087,30.0,0.0
953.1800448312545,31.0,0.0
953.1840813922216,32.0,0.0
953.1946708580474,33.0,0.0
953.197287652657,34.0,0.0
953.2001685986372,35.0,0.0
953.201715211481,36.0,0.0
953.2108342393462,35.0,0.0
953.2178670331782,36.0,0.0
953.2232718431146,37.0,0.0
953.2269070755369,38.0,0.0
953.2308605802884,39.0,0.0
953.2344348117082,38.0,0.0
953.2487348335284,37.0,0.0
953.2518266286642,38.0,0.0
953.2571700061626,37.0,0.0
953.2658882301725,38.0,0.0
953.2786621047155,39.0,0.0
953.2996282271711,40.0,0.0
953.3110609967976,41.0,0.0
953.3183260493668,40.0,0.0
953.3206333838353,39.0,0.0
953.3219833013661,38.0,0.0
953.3270868456497,37.0,0.0
953.3277014172002,38.0,0.0
953.3296474781721,39.0,0.0
953.3347639120103,40.0,0.0
953.3361742614674,41.0,0.0
953.3366188381489,40.0,0.0
953.3441297392568,39.0,0.0
953.3484351562795,40.0,0.0
953.3487286400069,41.0,0.0
953.3583305264858,40.0,0.0
953.3656014919053,39.0,0.0
953.3772596915936,38.0,0.0
953.3812389515448,37.0,0.0
953.3813342815795,36.0,0.0
953.388429974827,35.0,0.0
953.3988701588281,36.0,0.0
953.4023416574904,35.0,0.0
953.4080185179657,36.0,0.0
953.4188771953916,35.0,0.0
953.4279509728009,34.0,0.0
953.4487524408996,35.0,0.0
953.4515350769002,36.0,0.0
953.4650420597875,35.0,0.0
953.4663783055809,34.0,0.0
953.4673113303651,33.0,0.0
953.4689839599109,34.0,0.0
953.4739647547013,35.0,0.0
953.4801829847208,34.0,0.0
953.4890740790391,33.0,0.0
953.492541997379,32.0,0.0
953.4930308751705,33.0,0.0
953.4969198700771,32.0,0.0
953.5041581991693,31.0,0.0
953.5101566940258,32.0,0.0
953.5119623580445,31.0,0.0
953.519772246543,32.0,0.0
953.5362800841596,31.0,0.0
953.5468274048953,30.0,0.0
953.5482057124294,31.0,0.0
953.5533436734873,32.0,0.0
953.5536784900249,33.0,0.0
953.5614953508006,34.0,0.0
953.562428440684,33.0,0.0
953.5647461872991,32.0,0.0
953.5694546333915,31.0,0.0
953.5726522043626,32.0,0.0
953.5765192724251,33.0,0.0
953.5817826344368,32.0,0.0
953.5898109871617,31.0,0.0
953.5902312399405,30.0,0.0
953.5950320762792,29.0,0.0
953.5984957698487,28.0,0.0
953.6094592300582,29.0,0.0
953.6156506980645,30.0,0.0
953.6216986851402,29.0,0.0
953.624675007202,30.0,0.0
953.6305969264662,31.0,0.0
953.6306700756992,32.0,0.0
953.6463618538107,33.0,0.0
953.6463995470064,34.0,0.0
953.6536617402527,35.0,0.0
953.6615175386711,34.0,0.0
953.6648762917798,35.0,0.0
953.6810460102483,36.0,0.0
953.6820701730561,35.0,0.0
953.684659299574,36.0,0.0
953.6907499161848,37.0,0.0
953.693170870147,36.0,0.0
953.7099123887906,37.0,0.0
953.7124338455657,38.0,0.0
953.7176385439489,37.0,0.0
953.7218473228967,38.0,0.0
953.7224414067117,39.0,0.0
953.724165275915,38.0,0.0
953.7286591748264,39.0,0.0
953.73113191883,38.0,0.0
953.7327959208696,39.0,0.0
953.7384787633031,40.0,0.0
953.7390188070787,41.0,0.0
953.7399801183375,40.0,0.0
953.745901800126,39.0,0.0
953.7519993955642,38.0,0.0
953.7524975373118,37.0,0.0
953.7525405935887,38.0,0.0
953.7593976432532,37.0,0.0
953.7765075664634,36.0,0.0
953.7899367151235,37.0,0.0
953.7936592727511,36.0,0.0
953.7946251122785,35.0,0.0
953.7980280821064,36.0,0.0
953.804774067318,35.0,0.0
953.8168092911187,34.0,0.0
953.8181098173645,35.0,0.0
953.822888453595,36.0,0.0
953.8365048389161,37.0,0.0
953.8430681698667,38.0,0.0
953.8683518362135,39.0,0.0
953.8734144448564,40.0,0.0
953.876079367439,41.0,0.0
953.8840559008266,40.0,0.0
953.8904076530607,39.0,0.0
953.9010788377518,40.0,0.0
953.903843060676,39.0,0.0
953.9311541699154,38.0,0.0
953.934602596498,37.0,0.0
953.935674489069,38.0,0.0
953.9390102383061,39.0,0.0
953.9390533233851,38.0,0.0
953.9473209119027,39.0,0.0
953.959501550933,40.0,0.0
953.9667453864695,39.0,0.0
953.9667658600641,40.0,0.0
953.9733268717921,39.0,0.0
953.9820388305852,38.0,0.0
953.9837365500755,37.0,0.0
953.9963929983503,38.0,0.0
953.9968063199894,39.0,0.0
953.9986482892092,38.0,0.0
954.0061308170766,37.0,0.0
954.0137863124426,36.0,0.0
954.0231811680878,35.0,0.0
954.0292046189617,36.0,0.0
954.0314455743966,37.0,0.0
954.0385275843049,38.0,0.0
954.0392349169637,37.0,0.0
954.0392499758361,38.0,0.0
954.0447965327337,39.0,0.0
954.0448556773853,40.0,0.0
954.0524573683891,41.0,0.0
954.0535657132399,42.0,0.0
954.0630510638907,43.0,0.0
954.0677047152082,44.0,0.0
954.0691123768423,43.0,0.0
954.0714644789618,44.0,0.0
954.0731661405173,45.0,0.0
954.0770092039469,44.0,0.0
954.0770140592948,45.0,0.0
954.0770823356106,46.0,0.0
954.0809872743636,47.0,0.0
954.0819965005502,48.0,0.0
954.0940871406954,49.0,0.0
954.0946221936098,48.0,0.0
954.0998930816711,49.0,0.0
954.100168570099,48.0,0.0
954.1009450373202,49.0,0.0
954.1039732267284,48.0,0.0
954.1071507365278,49.0,0.0
954.1102060931024,50.0,0.0
954.1128437337895,51.0,0.0
954.1165916483939,52.0,0.0
954.1217784425044,53.0,0.0
954.12539768261,54.0,0.0
954.1274383615595,55.0,0.0
954.1323695081559,56.0,0.0
954.1330297810619,57.0,0.0
954.1353461543074,56.0,0.0
954.1359289675709,57.0,0.0
954.1374685842977,58.0,0.0
954.140067172026,59.0,0.0
954.1405195128744,60.0,0.0
954.1405677617648,61.0,0.0
954.142272668616,60.0,0.0
954.1540692721877,61.0,0.0
954.1677494630784,60.0,0.0
954.181553627266,61.0,0.0
954.1844175180902,60.0,0.0
954.1887700628164,61.0,0.0
954.1948913801175,60.0,0.0
954.1968914807549,61.0,0.0
954.1971810331627,60.0,0.0
954.1977060574775,61.0,0.0
954.2049165204483,60.0,0.0
954.2128213256,61.0,0.0
954.2132462963377,60.0,0.0
954.2221401636176,61.0,0.0
954.2245589620347,62.0,0.0
954.2285333464292,61.0,0.0
954.2308305864044,62.0,0.0
954.2381103906259,63.0,0.0
954.243054655872,62.0,0.0
954.2440196085719,61.0,0.0
954.2487661724696,62.0,0.0
954.2563436058012,61.0,0.0
954.2575066371027,60.0,0.0
954.2582536210564,59.0,0.0
954.2647916156784,60.0,0.0
954.27554899168,61.0,0.0
954.2789822558083,62.0,0.0
954.282613074006,61.0,0.0
954.2879571855095,62.0,0.0
954.3001861659408,61.0,0.0
954.3056394777618,60.0,0.0
954.3118787796426,59.0,0.0
954.3170777044713,60.0,0.0
954.3189328526009,61.0,0.0
954.3318797665779,62.0,0.0
954.3322802003843,63.0,0.0
954.3331820296571,64.0,0.0
954.3405250002212,63.0,0.0
954.3424594487506,62.0,0.0
954.3474820110118,61.0,0.0
954.3510493876589,62.0,0.0
954.3543844612719,61.0,0.0
954.3613920773521,60.0,0.0
954.3697616882853,59.0,0.0
954.374581958295,60.0,0.0
954.377099555749,61.0,0.0
954.3787274454006,60.0,0.0
954.3793859528852,59.0,0.0
954.3805518880437,58.0,0.0
954.3828351738736,59.0,0.0
954.3845033535183,58.0,0.0
954.3884827199956,57.0,0.0
954.4040646241799,58.0,0.0
954.4112607146177,57.0,0.0
954.4124233611656,56.0,0.0
954.4209174467659,57.0,0.0
954.4351146958616,56.0,0.0
954.4355722057892,55.0,0.0
954.4365640513653,56.0,0.0
954.4387253693908,57.0,0.0
954.440141544409,58.0,0.0
954.4413881138689,59.0,0.0
954.4556201995255,60.0,0.0
954.4619926825345,59.0,0.0
954.4799235735425,60.0,0.0
954.4874131642183,59.0,0.0
954.4907212681971,60.0,0.0
954.495685237149,61.0,0.0
954.4981726536006,62.0,0.0
954.5011804683523,63.0,0.0
954.5025390711616,62.0,0.0
954.5065646029084,63.0,0.0
954.5334858981097,64.0,0.0
954.5363024451024,65.0,0.0
954.5393682442001,66.0,0.0
954.5405871228683,67.0,0.0
954.5443712425165,68.0,0.0
954.5443972637597,67.0,0.0
954.5450559253748,66.0,0.0
954.5544497091182,67.0,0.0
954.5676397854263,68.0,0.0
954.5698440497445,69.0,0.0
954.577121291721,70.0,0.0
954.582762876518,71.0,0.0
954.5887002034285,70.0,0.0
954.5893524011099,71.0,0.0
954.598580094297,72.0,0.0
954.6011724043564,73.0,0.0
954.6040841894852,72.0,0.0
954.6058689038156,73.0,0.0
954.6076281263382,72.0,0.0
954.6126093791368,73.0,0.0
954.6178627045476,72.0,0.0
954.6182667990138,73.0,0.0
954.6188358156593,72.0,0.0
954.6190660633522,71.0,0.0
954.6312425230917,72.0,0.0
954.6326467720734,73.0,0.0
954.6386274251834,74.0,0.0
954.6449092973968,73.0,0.0
954.6553276459555,74.0,0.0
954.669522148636,75.0,0.0
954.6698323385687,76.0,0.0
954.6839709266811,77.0,0.0
954.6863084866816,76.0,0.0
954.6870236103956,77.0,0.0
954.6900827739985,76.0,0.0
954.6941218866804,75.0,0.0
954.6964396499988,74.0,0.0
954.7017030829205,75.0,0.0
954.7028430788008,74.0,0.0
954.7035993061766,75.0,0.0
954.7057116012319,76.0,0.0
954.7088505971726,77.0,0.0
954.7117759712032,78.0,0.0
954.7148401670615,79.0,0.0
954.716215503039,78.0,0.0
954.7422785232092,79.0,0.0
954.742652751887,78.0,0.0
954.7534401352018,79.0,0.0
954.7634612810439,78.0,0.0
954.7637322854425,79.0,0.0
954.7713889250228,80.0,0.0
954.7745903161555,79.0,0.0
954.7842449020334,80.0,0.0
954.7957550336317,79.0,0.0
954.7965933298494,78.0,0.0
954.8012138629883,79.0,0.0
954.8127214768937,78.0,0.0
954.8228366727757,79.0,0.0
954.8271092801243,80.0,0.0
954.8311254767727,81.0,0.0
954.8490668560208,82.0,0.0
954.8521235009389,83.0,0.0
954.8523940007454,84.0,0.0
954.8585655562098,83.0,0.0
954.8614627584757,82.0,0.0
954.8619118965304,81.0,0.0
954.8676169233436,80.0,0.0
954.8697619098841,79.0,0.0
954.8716117471795,80.0,0.0
954.8717656990392,81.0,0.0
954.8770239820375,80.0,0.0
954.879024993464,81.0,0.0
954.8920347585229,82.0,0.0
954.8969755660272,83.0,0.0
954.9200791935864,84.0,0.0
954.9286244795352,85.0,0.0
954.9326111201696,86.0,0.0
954.9375385910819,87.0,0.0
954.9384376783256,88.0,0.0
954.9433128932632,87.0,0.0
954.9435345397567,86.0,0.0
954.9439771306462,87.0,0.0
954.9494464074448,88.0,0.0
954.9519677457032,89.0,0.0
954.9573763875479,88.0,0.0
954.9608471534507,87.0,0.0
954.9685022615099,88.0,0.0
954.9687764184845,87.0,0.0
954.9712236172597,88.0,0.0
954.9767402684173,87.0,0.0
954.98496750713,86.0,0.0
955.0074037800074,85.0,0.0
955.0101509557062,86.0,0.0
955.0117284244386,87.0,0.0
955.0391085351,88.0,0.0
955.0530444947404,87.0,0.0
955.0543934515226,88.0,0.0
955.0559739441899,89.0,0.0
955.0619271275099,90.0,0.0
955.0678255339642,89.0,0.0
955.0917114699309,90.0,0.0
955.0928312665011,89.0,0.0
955.0937004861389,90.0,0.0
955.0957244147387,89.0,0.0
955.0984771523513,88.0,0.0
955.1079830156998,87.0,0.0
955.1317795198175,88.0,0.0
955.139570264584,89.0,0.0
955.1453860199089,88.0,0.0
955.1483465643115,89.0,0.0
955.1513614698697,90.0,0.0
955.1520533806574,91.0,0.0
955.1546942747851,90.0,0.0
955.1578827953692,89.0,0.0
955.1680938032371,90.0,0.0
955.1687696434301,91.0,0.0
955.1696734004652,90.0,0.0
955.1880358050846,91.0,0.0
955.1928071308319,90.0,0.0
955.1950245142224,89.0,0.0
955.1980316624092,90.0,0.0
955.1997492381048,89.0,0.0
955.2118954924806,88.0,0.0
955.2157791191812,89.0,0.0
955.2183841159213,90.0,0.0
955.2189514447682,89.0,0.0
955.2215657421722,90.0,0.0
955.224142620952,91.0,0.0
955.225483218885,92.0,0.0
955.2342758929306,93.0,0.0
955.2418450264561,94.0,0.0
955.2445771518288,93.0,0.0
955.2445773629648,92.0,0.0
955.2481993052543,93.0,0.0
955.2496334939605,92.0,0.0
955.2540967292676,91.0,0.0
955.2569085736619,92.0,0.0
955.2629562734094,91.0,0.0
955.2799184902076,92.0,0.0
955.2881939053739,93.0,0.0
955.2965988394271,92.0,0.0
955.2986042412147,93.0,0.0
955.304210487659,94.0,0.0
955.3056353475149,95.0,0.0
955.3063136338462,96.0,0.0
955.3107259408462,95.0,0.0
955.3243516229309,96.0,0.0
955.3325457713202,97.0,0.0
955.3477993323147,98.0,0.0
955.3595953476198,97.0,0.0
955.3631865978697,98.0,0.0
955.3635524653615,97.0,0.0
955.363947718331,96.0,0.0
955.3669934065894,97.0,0.0
955.3678804628134,98.0,0.0
955.3700436279805,99.0,0.0
955.3703455023681,100.0,0.0
955.3853817123077,99.0,0.0
955.403898776765,98.0,0.0
955.4043300191994,99.0,0.0
955.4044856742807,98.0,0.0
955.4053868235367,97.0,0.0
955.4055835993128,98.0,0.0
955.4097585161779,97.0,0.0
955.4113665552317,98.0,0.0
955.4192072479461,97.0,0.0
955.4300543997616,96.0,0.0
955.431849311191,95.0,0.0
955.4325976401386,96.0,0.0
955.4409195502511,95.0,0.0
955.4497859950466,94.0,0.0
955.4577327036733,93.0,0.0
955.458349152948,94.0,0.0
955.46467002993,93.0,0.0
955.4655205475345,94.0,0.0
955.4865729434996,93.0,0.0
955.4936616931298,94.0,0.0
955.493773530103,95.0,0.0
955.4951002394101,96.0,0.0
955.495447878335,95.0,0.0
955.4996094416064,94.0,0.0
955.5025137752623,93.0,0.0
955.5050271468258,92.0,0.0
955.5069616990893,91.0,0.0
955.5088636682599,92.0,0.0
955.5104426654966,93.0,0.0
955.5192046374747,92.0,0.0
955.5193674322065,93.0,0.0
955.5282998758652,94.0,0.0
955.5350789310976,93.0,0.0
955.5448622014336,94.0,0.0
955.5489460067683,95.0,0.0
955.5502758711132,94.0,0.0
955.5537978891898,93.0,0.0
955.5617439338133,94.0,0.0
955.5647555996849,95.0,0.0
955.585354348594,96.0,0.0
955.5863092738233,97.0,0.0
955.5882237603273,98.0,0.0
955.5895662163599,97.0,0.0
955.5918740910101,96.0,0.0
955.5920636439612,97.0,0.0
955.5935873328004,98.0,0.0
955.6007159502429,97.0,0.0
955.6020270072805,96.0,0.0
955.6088170400373,95.0,0.0
955.6102038526378,96.0,0.0
955.6118574650076,97.0,0.0
955.6170224273565,96.0,0.0
955.6173377955434,95.0,0.0
955.6192086655861,96.0,0.0
955.6270481796084,95.0,0.0
955.6298998266392,94.0,0.0
955.630452981017,95.0,0.0
955.6322248212834,94.0,0.0
955.633444771941,93.0,0.0
955.6350535630697,94.0,0.0
955.6480711974941,95.0,0.0
955.6585393635335,96.0,0.0
955.6622079380644,97.0,0.0
955.6652703365226,98.0,0.0
955.6673952044296,97.0,0.0
955.6691419064609,96.0,0.0
955.6719553586529,95.0,0.0
955.6770350049054,94.0,0.0
955.6806656140665,95.0,0.0
955.6852706453725,96.0,0.0
955.6914462831674,97.0,0.0
955.6930951671483,98.0,0.0
955.6950352692717,97.0,0.0
955.7008128251396,98.0,0.0
955.7143110176125,99.0,0.0
955.7209859824543,100.0,0.0
955.727418412044,99.0,0.0
955.7318418872004,98.0,0.0
955.7370618909404,99.0,0.0
955.7381915548682,98.0,0.0
955.7415362195043,99.0,0.0
955.7504166712058,100.0,0.0
955.7507389205803,101.0,0.0
955.7537125201907,100.0,0.0
955.7687842966402,101.0,0.0
955.7714134225656,102.0,0.0
955.7714803154998,101.0,0.0
955.779438292502,102.0,0.0
955.7817443726022,103.0,0.0
955.78783777496,102.0,0.0
955.7925353527888,103.0,0.0
955.8161931357977,102.0,0.0
955.8171325666877,101.0,0.0
955.8181253166492,100.0,0.0
955.8250723205177,101.0,0.0
955.8279665006863,102.0,0.0
955.8288869816159,101.0,0.0
955.8389379136798,102.0,0.0
955.8413521437529,101.0,0.0
955.8419982343504,100.0,0.0
955.8443167378309,101.0,0.0
955.8567629533269,102.0,0.0
955.8615832469892,103.0,0.0
955.8634373398514,104.0,0.0
955.8643535090304,103.0,0.0
955.8674926556962,104.0,0.0
955.8720663023936,105.0,0.0
955.8772558311479,106.0,0.0
955.8795896403743,105.0,0.0
955.8819792078315,106.0,0.0
955.8862711916331,105.0,0.0
955.8879017533267,104.0,0.0
955.8888006277027,103.0,0.0
955.8902735712826,102.0,0.0
955.8956375488436,101.0,0.0
955.9038294835419,102.0,0.0
955.9099024223743,103.0,0.0
955.9125045816902,102.0,0.0
955.9149060924516,101.0,0.0
955.9219416009556,102.0,0.0
955.9359004715375,101.0,0.0
955.9493411344588,100.0,0.0
955.9548828784725,101.0,0.0
955.9582891431029,102.0,0.0
955.963869447247,103.0,0.0
955.9740686841963,102.0,0.0
955.9758755773066,103.0,0.0
955.9788385731728,102.0,0.0
955.9902985337582,101.0,0.0
955.9936369295226,102.0,0.0
956.0019111734196,101.0,0.0
956.0019246127339,100.0,0.0
956.0024699919743,101.0,0.0
956.0100885589899,100.0,0.0
956.0102277975054,99.0,0.0
956.0121680965265,100.0,0.0
956.0147183844824,101.0,0.0
956.0162666916451,100.0,0.0
956.0242463314356,101.0,0.0
956.0385416093931,102.0,0.0
956.0402059924527,101.0,0.0
956.0506059046375,102.0,0.0
956.0540735485904,101.0,0.0
956.054478112566,102.0,0.0
956.0658339976625,101.0,0.0
956.0678196174754,100.0,0.0
956.0712171592189,101.0,0.0
956.072345520697,102.0,0.0
956.0732220357183,103.0,0.0
956.0804333078846,104.0,0.0
956.082280783431,105.0,0.0
956.0856836577273,104.0,0.0
956.0908274795697,103.0,0.0
956.0916130782342,104.0,0.0
956.0922444616565,103.0,0.0
956.0987998220248,102.0,0.0
956.1020765497823,101.0,0.0
956.1077967509735,100.0,0.0
956.1080159679848,101.0,0.0
956.1140447072297,100.0,0.0
956.1154460239585,101.0,0.0
956.1164092054224,102.0,0.0
956.1194736358417,103.0,0.0
956.1267341921365,104.0,0.0
956.1280644811843,103.0,0.0
956.1336789782439,102.0,0.0
956.1347814222746,101.0,0.0
956.1357766820516,100.0,0.0
956.1394800348569,99.0,0.0
956.1414995585887,100.0,0.0
956.1533967826903,99.0,0.0
956.1535933992662,100.0,0.0
956.168535791374,99.0,0.0
956.1812999017695,100.0,0.0
956.189710594864,101.0,0.0
956.190800353659,102.0,0.0
956.1953980191139,101.0,0.0
956.2127653289294,100.0,0.0
956.2149451563607,99.0,0.0
956.2177360630902,100.0,0.0
956.2241359667601,101.0,0.0
956.2340849934272,102.0,0.0
956.2398840722411,103.0,0.0
956.2419100329488,102.0,0.0
956.2491399579781,103.0,0.0
956.250233834506,104.0,0.0
956.2584637762251,103.0,0.0
956.2611348631391,102.0,0.0
956.2704125078268,101.0,0.0
956.2727255625878,102.0,0.0
956.2750188065061,103.0,0.0
956.283607364304,102.0,0.0
956.2839358275036,101.0,0.0
956.2905221638129,100.0,0.0
956.2913633272941,101.0,0.0
956.2946716397303,102.0,0.0
956.3063638106596,103.0,0.0
956.3081527566261,104.0,0.0
956.3104621688207,105.0,0.0
956.3229267121084,104.0,0.0
956.3232360838635,103.0,0.0
956.3232836048611,102.0,0.0
956.3355399159872,101.0,0.0
956.3358291458937,102.0,0.0
956.3367673143534,101.0,0.0
956.339804822403,100.0,0.0
956.3518011786331,99.0,0.0
956.3528097792004,100.0,0.0
956.3637119430188,101.0,0.0
956.3729151124905,100.0,0.0
956.3742890054897,101.0,0.0
956.3784305084585,102.0,0.0
956.3823971574823,101.0,0.0
956.3855610313275,100.0,0.0
956.3860746105364,99.0,0.0
956.386276437863,98.0,0.0
956.3919633291795,99.0,0.0
956.4012131967137,100.0,0.0
956.4083554259249,99.0,0.0
956.4144740087927,98.0,0.0
956.419886390542,99.0,0.0
956.4349759589326,100.0,0.0
956.4413759083867,99.0,0.0
956.4430553094857,98.0,0.0
956.4440492165156,99.0,0.0
956.4480542790536,98.0,0.0
956.4516933100235,99.0,0.0
956.4578833401655,98.0,0.0
956.459493660143,99.0,0.0
956.4660907539119,98.0,0.0
956.4748508556097,99.0,0.0
956.4761865893284,98.0,0.0
956.4949649032866,97.0,0.0
956.4961539150255,96.0,0.0
956.4968982444681,95.0,0.0
956.4974707039614,96.0,0.0
956.5118241881039,97.0,0.0
956.521124478175,96.0,0.0
956.5247707931251,95.0,0.0
956.5282360596256,96.0,0.0
956.5302678486357,95.0,0.0
956.5313284965966,96.0,0.0
956.5315691131193,97.0,0.0
956.5343726579907,96.0,0.0
956.5472016071759,95.0,0.0
956.5503662992737,94.0,0.0
956.5563054643604,93.0,0.0
956.5598781503244,94.0,0.0
956.5653212963632,95.0,0.0
956.5669888520822,94.0,0.0
956.5733416764317,95.0,0.0
956.5757050650088,96.0,0.0
956.579646361708,95.0,0.0
956.5827593717908,94.0,0.0
956.590289306434,93.0,0.0
956.5903630389784,94.0,0.0
956.5912565352995,95.0,0.0
956.5975998145381,94.0,0.0
956.6000736484206,95.0,0.0
956.6043693272785,96.0,0.0
956.6057030198033,95.0,0.0
956.6106718122172,96.0,0.0
956.6209760561234,97.0,0.0
956.6281047333609,98.0,0.0
956.6327567012327,99.0,0.0
956.6357554443941,100.0,0.0
956.636918201747,99.0,0.0
956.6442455095877,100.0,0.0
956.646286993431,101.0,0.0
956.6512488779638,100.0,0.0
956.6615957012149,101.0,0.0
956.6642081726651,102.0,0.0
956.674119243046,103.0,0.0
956.6841468339135,104.0,0.0
956.684347971282,105.0,0.0
956.688021040221,106.0,0.0
956.6940006553045,105.0,0.0
956.6972641351146,106.0,0.0
956.6982752746919,107.0,0.0
956.7068686669653,106.0,0.0
956.7180399307869,105.0,0.0
956.7220835774431,106.0,0.0
956.7232697930621,105.0,0.0
956.7237703039798,106.0,0.0
956.7266816004828,107.0,0.0
956.7272613502705,108.0,0.0
956.7349391599022,107.0,0.0
956.738226791545,106.0,0.0
956.7411616154338,105.0,0.0
956.7422172989266,104.0,0.0
956.7448302876985,103.0,0.0
956.7514263929012,102.0,0.0
956.7517492143879,103.0,0.0
956.7563559449666,104.0,0.0
956.7586925637365,105.0,0.0
956.7596169988456,106.0,0.0
956.7715040002439,107.0,0.0
956.7776126831668,106.0,0.0
956.7778895913511,107.0,0.0
956.7820042123817,106.0,0.0
956.7830682337964,107.0,0.0
956.7900780644521,108.0,0.0
956.7963276887236,107.0,0.0
956.7975260408649,106.0,0.0
956.8210186870891,107.0,0.0
956.8216997478471,106.0,0.0
956.8230548142508,105.0,0.0
956.8325272436392,104.0,0.0
956.8331138682379,103.0,0.0
956.8409989507315,102.0,0.0
956.8500918687096,103.0,0.0
956.8522883267705,102.0,0.0
956.8546511548054,103.0,0.0
956.8577394669273,104.0,0.0
956.8635912137096,105.0,0.0
956.863683094653,106.0,0.0
956.8713388607065,107.0,0.0
956.8797378129548,106.0,0.0
956.8940072842299,105.0,0.0
956.9037184691331,104.0,0.0
956.9148397385006,105.0,0.0
956.9168079712988,104.0,0.0
956.9175640835861,103.0,0.0
956.9293743879305,104.0,0.0
956.9379438627694,103.0,0.0
956.9395591625389,102.0,0.0
956.9410320162194,101.0,0.0
956.9452220889134,100.0,0.0
956.9517956986754,101.0,0.0
956.9677772126103,100.0,0.0
956.9806782977204,101.0,0.0
956.99322149584,100.0,0.0
956.9997338059782,101.0,0.0
957.0061940217574,102.0,0.0
957.0098618784989,101.0,0.0
957.0108201117083,102.0,0.0
957.0155199858327,101.0,0.0
957.0235481505297,100.0,0.0
957.0299228136367,101.0,0.0
957.0366255020306,102.0,0.0
957.0382725736972,103.0,0.0
957.0460749028122,104.0,0.0
957.0497505560799,103.0,0.0
957.0514555237963,102.0,0.0
957.0538061193329,101.0,0.0
957.0538787441734,102.0,0.0
957.0541516182843,103.0,0.0
957.055941162065,104.0,0.0
957.0648533313378,105.0,0.0
957.0654900749571,106.0,0.0
957.0737866241429,107.0,0.0
957.0793011367409,108.0,0.0
957.0873471870519,107.0,0.0
957.0903689864581,108.0,0.0
957.0920463546655,109.0,0.0
957.0984011447707,108.0,0.0
957.0993658048639,107.0,0.0
957.0997875979448,106.0,0.0
957.1019388945003,107.0,0.0
957.1050366435095,106.0,0.0
957.113931123413,105.0,0.0
957.1156915832677,106.0,0.0
957.1204768020683,105.0,0.0
957.1269643087188,106.0,0.0
957.1362304617,105.0,0.0
957.1364601648633,104.0,0.0
957.1374916637066,105.0,0.0
957.1430763786987,106.0,0.0
957.1524153766253,105.0,0.0
957.1552261738722,104.0,0.0
957.1579244829048,105.0,0.0
957.1651605725845,106.0,0.0
957.1758936344282,105.0,0.0
957.1778482020899,104.0,0.0
957.1781081504321,105.0,0.0
957.178717298069,106.0,0.0
957.1819122041971,105.0,0.0
957.1869821819183,104.0,0.0
957.1963060472685,103.0,0.0
957.1965166142375,104.0,0.0
957.2061261641331,105.0,0.0
957.2065586194789,106.0,0.0
957.2193562336113,107.0,0.0
957.2253402534137,108.0,0.0
957.2258148704751,107.0,0.0
957.2279742250483,106.0,0.0
957.239997593114,105.0,0.0
957.2468448852495,104.0,0.0
957.2470635826198,103.0,0.0
957.2478119919898,104.0,0.0
957.2615282228685,103.0,0.0
957.2666414223436,104.0,0.0
957.26668613283,103.0,0.0
957.271377863776,104.0,0.0
957.2865905798006,105.0,0.0
957.2979977736496,106.0,0.0
957.2988779811259,107.0,0.0
957.3118454232238,108.0,0.0
957.3326131069313,109.0,0.0
957.3446695849516,108.0,0.0
957.3507521414263,107.0,0.0
957.3543263140161,106.0,0.0
957.3678454163827,105.0,0.0
957.3713499146746,104.0,0.0
957.3752352190793,105.0,0.0
957.3799805018866,106.0,0.0
957.3817841613854,105.0,0.0
957.3818384561348,106.0,0.0
957.3846636596155,107.0,0.0
957.3852058841987,108.0,0.0
957.392398814372,107.0,0.0
957.3947074720222,106.0,0.0
957.3951678282588,105.0,0.0
957.4037050456068,106.0,0.0
957.403792547458,105.0,0.0
957.4075783358855,106.0,0.0
957.4081968135961,107.0,0.0
957.4133812917747,106.0,0.0
957.4155080604911,107.0,0.0
957.4184899724522,108.0,0.0
957.4197529451312,109.0,0.0
957.4330371466206,108.0,0.0
957.440834755902,109.0,0.0
957.4713890288206,108.0,0.0
957.4768482601029,109.0,0.0
957.4773163284275,108.0,0.0
957.4797272964771,109.0,0.0
957.4832820626675,108.0,0.0
957.4836296082168,109.0,0.0
957.487915064022,108.0,0.0
957.4904472720798,107.0,0.0
957.5010985975596,108.0,0.0
957.5116732162047,107.0,0.0
957.5142949733093,106.0,0.0
957.51431548736,105.0,0.0
957.5154822358783,106.0,0.0
957.5349710541727,105.0,0.0
957.5357814825478,104.0,0.0
957.5381574518545,103.0,0.0
957.5542793283439,102.0,0.0
957.5617972882842,101.0,0.0
957.5686792287022,100.0,0.0
957.5686803013022,101.0,0.0
957.5688105436805,102.0,0.0
957.5701593600802,101.0,0.0
957.577437077254,100.0,0.0
957.5806272674132,99.0,0.0
957.6000618442035,98.0,0.0
957.6018267220264,99.0,0.0
957.6046946823317,100.0,0.0
957.6089131430956,99.0,0.0
957.6247776161387,100.0,0.0
957.6324606017288,101.0,0.0
957.653637721523,100.0,0.0
957.6593215678912,101.0,0.0
957.6599794450588,100.0,0.0
957.6666662966023,99.0,0.0
957.6681703554086,100.0,0.0
957.6718160423483,99.0,0.0
957.6750275841865,98.0,0.0
957.6772211062502,97.0,0.0
957.678667385584,96.0,0.0
957.6793333589553,95.0,0.0
957.6986166771712,96.0,0.0
957.6999975322277,97.0,0.0
957.7084640601496,98.0,0.0
957.7104617052366,99.0,0.0
957.7135347319823,98.0,0.0
957.7164936810193,99.0,0.0
957.719696462681,100.0,0.0
957.7231503440744,99.0,0.0
957.7269046176172,100.0,0.0
957.7299250940545,99.0,0.0
957.7499553347822,100.0,0.0
957.7616879603838,101.0,0.0
957.7831047169326,100.0,0.0
957.7862354508582,101.0,0.0
957.7921448295522,102.0,0.0
957.7980727902149,101.0,0.0
957.80172710235,100.0,0.0
957.8033397054412,99.0,0.0
957.8111294940173,100.0,0.0
957.8211639690591,101.0,0.0
957.8239110135837,102.0,0.0
957.8342457636741,103.0,0.0
957.8382037364089,104.0,0.0
957.8481460048353,105.0,0.0
957.850066576619,104.0,0.0
957.8561128996571,103.0,0.0
957.8602189797609,102.0,0.0
957.8706366965883,103.0,0.0
957.8774533611786,104.0,0.0
957.8827687985521,105.0,0.0
957.8828513735097,106.0,0.0
957.8845836639476,107.0,0.0
957.8863783927729,108.0,0.0
957.8927852863766,109.0,0.0
957.8957770876409,108.0,0.0
957.9065504976813,107.0,0.0
957.9066175424572,106.0,0.0
957.9076569613454,107.0,0.0
957.9096926330263,108.0,0.0
957.9148977101507,107.0,0.0
957.9266764172013,108.0,0.0
957.9486121874172,107.0,0.0
957.9516430550617,108.0,0.0
957.9588846021486,109.0,0.0
957.9643104651058,110.0,0.0
957.9644456590169,109.0,0.0
957.9752178011602,110.0,0.0
957.9854821226171,111.0,0.0
957.989171679647,110.0,0.0
957.9911798919552,111.0,0.0
958.005108890497,110.0,0.0
958.0101264417723,111.0,0.0
958.012368622335,110.0,0.0
958.0196808594374,109.0,0.0
958.029347220945,110.0,0.0
958.0373889502747,109.0,0.0
958.0516323291232,108.0,0.0
958.0579913203536,107.0,0.0
958.059441195272,106.0,0.0
958.0805004131241,105.0,0.0
958.08228214797,106.0,0.0
958.0860121345563,105.0,0.0
958.0860536701731,106.0,0.0
958.0911398495228,107.0,0.0
958.0970538278305,108.0,0.0
958.1093086431172,109.0,0.0
958.1108753944767,108.0,0.0
958.1131144984247,109.0,0.0
958.1229012480022,108.0,0.0
958.1354908133228,107.0,0.0
958.1400546144336,106.0,0.0
958.1428302574581,107.0,0.0
958.1443805673064,108.0,0.0
958.1448012022744,107.0,0.0
958.156751312094,108.0,0.0
958.1593241419523,109.0,0.0
958.1720379137333,110.0,0.0
958.1785274614971,111.0,0.0
958.181589746749,112.0,0.0
958.1853720702452,113.0,0.0
958.1876089231897,112.0,0.0
958.1900322188978,113.0,0.0
958.1975003664546,114.0,0.0
958.2076788609037,113.0,0.0
958.2094830285531,114.0,0.0
958.210041776755,113.0,0.0
958.211995801957,112.0,0.0
958.2231223566195,111.0,0.0
958.225915329473,110.0,0.0
958.255928645891,111.0,0.0
958.2578248954716,112.0,0.0
958.2585915921763,111.0,0.0
958.2630868709231,110.0,0.0
958.2631213772197,109.0,0.0
958.2681302638854,108.0,0.0
958.2701696043613,107.0,0.0
958.2718244375887,106.0,0.0
958.2978657427433,105.0,0.0
958.2996421876583,106.0,0.0
958.2997107815695,107.0,0.0
958.3030606321903,106.0,0.0
958.3037801715443,107.0,0.0
958.3116335107215,108.0,0.0
958.3149781438836,109.0,0.0
958.3151023696487,110.0,0.0
958.3396078837224,111.0,0.0
958.3447788766742,110.0,0.0
958.3460286384063,111.0,0.0
958.3645219961777,112.0,0.0
958.3707334813625,113.0,0.0
958.3731365057155,112.0,0.0
958.379357537645,111.0,0.0
958.3801892478316,110.0,0.0
958.3835354497853,111.0,0.0
958.3856098143254,112.0,0.0
958.385980516565,113.0,0.0
958.3897369804623,112.0,0.0
958.3997537108169,111.0,0.0
958.4255059158246,112.0,0.0
958.4533679951394,113.0,0.0
958.4548084660508,112.0,0.0
958.4704248939381,113.0,0.0
958.4794369397517,114.0,0.0
958.4834543735728,113.0,0.0
958.4976901772451,112.0,0.0
958.4987502352377,113.0,0.0
958.4989467060783,112.0,0.0
958.5070057575285,113.0,0.0
958.509237760622,114.0,0.0
958.5106825885188,113.0,0.0
958.5171498928237,112.0,0.0
958.5172491550189,111.0,0.0
958.530093605786,112.0,0.0
958.5385152313729,111.0,0.0
958.5411752285604,110.0,0.0
958.5424110278901,109.0,0.0
958.5474238293596,110.0,0.0
958.5558504095635,111.0,0.0
958.5563428723219,110.0,0.0
958.5708534560621,109.0,0.0
958.572597637439,110.0,0.0
958.5806452430531,111.0,0.0
958.5809246662269,112.0,0.0
958.5815393700501,113.0,0.0
958.5845361609817,114.0,0.0
958.6044956742219,113.0,0.0
958.6095606376969,112.0,0.0
958.6278758336623,111.0,0.0
958.6290715598767,110.0,0.0
958.6317373972154,111.0,0.0
958.6321513332765,112.0,0.0
958.6340537573838,113.0,0.0
958.6445773052977,112.0,0.0
958.6458588284654,111.0,0.0
958.6501686221997,110.0,0.0
958.6521103752812,109.0,0.0
958.65729525482,108.0,0.0
958.67372078003,107.0,0.0
958.6888588458283,106.0,0.0
958.6888693968258,107.0,0.0
958.7067884231311,108.0,0.0
958.7153124578585,107.0,0.0
958.723529111063,108.0,0.0
958.7269274764209,107.0,0.0
958.7317537882552,108.0,0.0
958.7369211773447,109.0,0.0
958.7583659252344,108.0,0.0
958.7680178102719,109.0,0.0
958.7802710968274,110.0,0.0
958.7844335245352,109.0,0.0
958.8086589080893,108.0,0.0
958.8116120970802,107.0,0.0
958.8128280128914,106.0,0.0
958.8190061231043,105.0,0.0
958.831148184355,106.0,0.0
958.8393260416411,105.0,0.0
958.8398237462654,104.0,0.0
958.8510817393541,105.0,0.0
958.8559086083903,106.0,0.0
958.8576791133808,105.0,0.0
958.8597728759412,106.0,0.0
958.8625525510192,105.0,0.0
958.8641436939843,106.0,0.0
958.8660180096127,105.0,0.0
958.8754686749284,106.0,0.0
958.8850372928224,107.0,0.0
958.8866003127126,106.0,0.0
958.8867172052688,105.0,0.0
958.8997321779366,104.0,0.0
958.9039227804619,105.0,0.0
958.9050099415439,104.0,0.0
958.9050985313345,105.0,0.0
958.9066945593876,104.0,0.0
958.9383973720097,103.0,0.0
958.9451154530957,102.0,0.0
958.950347620288,103.0,0.0
958.9521277318923,104.0,0.0
958.9655038751597,103.0,0.0
958.9672012867222,104.0,0.0
958.9687328137927,103.0,0.0
958.9713385143083,104.0,0.0
958.9882295949712,103.0,0.0
959.0158517655892,104.0,0.0
959.0162744686804,105.0,0.0
959.0174927788236,104.0,0.0
959.0359447945474,105.0,0.0
959.0376648136148,104.0,0.0
959.0462917383034,105.0,0.0
959.0594454465825,104.0,0.0
959.0614074757138,105.0,0.0
959.0656531511053,104.0,0.0
959.065779700035,105.0,0.0
959.0688821978661,104.0,0.0
959.0763667237301,105.0,0.0
959.0769758320804,104.0,0.0
959.0972526687663,103.0,0.0
959.1025114568105,104.0,0.0
959.1029145275497,103.0,0.0
959.1031983432114,102.0,0.0
959.116904664797,101.0,0.0
959.1227338395155,100.0,0.0
959.131535434279,101.0,0.0
959.1319847943662,102.0,0.0
959.1381179824574,101.0,0.0
959.1447979403828,100.0,0.0
959.1472894109759,99.0,0.0
959.1488004386723,100.0,0.0
959.1529520732818,99.0,0.0
959.1549278575457,98.0,0.0
959.161505267808,97.0,0.0
959.164963409205,98.0,0.0
959.1690250911096,99.0,0.0
959.1744721301634,100.0,0.0
959.1808847747029,101.0,0.0
959.1866191951704,102.0,0.0
959.1915559917799,103.0,0.0
959.194212357676,102.0,0.0
959.2048478018291,103.0,0.0
959.207033817134,104.0,0.0
959.2083500524816,103.0,0.0
959.2162148274875,102.0,0.0
959.2168554571533,101.0,0.0
959.2185115804376,100.0,0.0
959.219363969417,101.0,0.0
959.2215323636125,100.0,0.0
959.2338688983847,99.0,0.0
959.2347029369652,98.0,0.0
959.2391440590884,99.0,0.0
959.2525168275396,98.0,0.0
959.2673800726969,97.0,0.0
959.2719579667042,96.0,0.0
959.2882902189295,95.0,0.0
959.2945214297532,96.0,0.0
959.2975530339404,97.0,0.0
959.3014259565176,98.0,0.0
959.3065921476624,97.0,0.0
959.3082905484466,98.0,0.0
959.3122984934388,97.0,0.0
959.318362579486,98.0,0.0
959.3348080232672,97.0,0.0
959.342674232753,96.0,0.0
959.3465697325371,97.0,0.0
959.3528959644226,96.0,0.0
959.3539373852732,97.0,0.0
959.3540223114038,98.0,0.0
959.36747319163,99.0,0.0
959.3829003323142,98.0,0.0
959.3931295029624,97.0,0.0
959.3953994679474,96.0,0.0
959.4184108712033,95.0,0.0
959.4201613654001,96.0,0.0
959.4267038006267,95.0,0.0
959.428799606651,94.0,0.0
959.4333467997213,95.0,0.0
959.4405596676548,96.0,0.0
959.4415483086783,95.0,0.0
959.4426536002213,96.0,0.0
959.4569744543268,97.0,0.0
959.4636235006757,96.0,0.0
959.4639525043152,95.0,0.0
959.4764525738857,94.0,0.0
959.4922581206653,95.0,0.0
959.5043281384682,96.0,0.0
959.5087808592663,95.0,0.0
959.5130127471305,94.0,0.0
959.5141426255757,93.0,0.0
959.5173331652446,92.0,0.0
959.5173445890447,93.0,0.0
959.5209106899086,92.0,0.0
959.5336430362914,91.0,0.0
959.5350626965873,92.0,0.0
959.5360451091609,91.0,0.0
959.5435042763263,90.0,0.0
959.5649692008784,89.0,0.0
959.5839889631064,90.0,0.0
959.5907486537711,89.0,0.0
959.5917782822282,90.0,0.0
959.5921096262247,91.0,0.0
959.6086319979779,90.0,0.0
959.6094248337743,91.0,0.0
959.6150924372535,92.0,0.0
959.6224868296501,91.0,0.0
959.6265061342548,92.0,0.0
959.6403574095534,93.0,0.0
959.6525086320698,92.0,0.0
959.6640523031309,91.0,0.0
959.6658306206414,90.0,0.0
959.6663590197448,89.0,0.0
959.6712802332715,90.0,0.0
959.6798881325958,91.0,0.0
959.6813712037506,90.0,0.0
959.6863463261471,89.0,0.0
959.6868769443319,88.0,0.0
959.6888056553652,87.0,0.0
959.6911534837928,86.0,0.0
959.7118426414381,85.0,0.0
959.7123080572111,84.0,0.0
959.7142167107736,85.0,0.0
959.7210890559073,86.0,0.0
959.7243783985678,85.0,0.0
959.7419409675734,84.0,0.0
959.7466344798606,85.0,0.0
959.7466981808366,84.0,0.0
959.7612653052622,83.0,0.0
959.7714159486934,84.0,0.0
959.7853982931489,85.0,0.0
959.7864644268514,86.0,0.0
959.7887881834722,87.0,0.0
959.7967168796927,88.0,0.0
959.7989174417052,87.0,0.0
959.8068305300369,88.0,0.0
959.808619235342,87.0,0.0
959.8139409381319,86.0,0.0
959.8149985672851,87.0,0.0
959.8160019746102,86.0,0.0
959.8444309151129,87.0,0.0
959.8482006066813,86.0,0.0
959.8496427709391,87.0,0.0
959.8497920824474,88.0,0.0
959.8518922254087,87.0,0.0
959.8536021923669,86.0,0.0
959.8750888943795,87.0,0.0
959.8949624634895,86.0,0.0
959.898363864307,87.0,0.0
959.8984908717854,86.0,0.0
959.910811852984,85.0,0.0
959.9127010910387,84.0,0.0
959.91818378924,83.0,0.0
959.9212038084489,84.0,0.0
959.9353859119736,83.0,0.0
959.9398760763635,82.0,0.0
959.9625380558664,83.0,0.0
959.9884309697452,84.0,0.0
959.9900295242944,83.0,0.0
959.9916582747916,84.0,0.0
959.9948524994422,85.0,0.0
960.0134217268837,86.0,0.0
960.0164342037505,85.0,0.0
960.0201133115733,84.0,0.0
960.0254967356135,83.0,0.0
960.0292799843182,82.0,0.0
960.0324965708384,83.0,0.0
960.0381424837503,82.0,0.0
960.052451880842,81.0,0.0
960.054395451682,80.0,0.0
960.056992127024,79.0,0.0
960.0591940222463,78.0,0.0
960.06101165847,79.0,0.0
960.0746777709784,78.0,0.0
960.0767175597919,77.0,0.0
960.0795264337967,76.0,0.0
960.0835795222972,75.0,0.0
960.1064628026656,76.0,0.0
960.1095173770996,77.0,0.0
960.1103935613919,76.0,0.0
960.1205499486787,77.0,0.0
960.1212371791705,76.0,0.0
960.1241716961226,75.0,0.0
960.132419821529,76.0,0.0
960.1427465384769,75.0,0.0
960.1564125090816,74.0,0.0
960.1629557321355,73.0,0.0
960.1644661487749,72.0,0.0
960.166128053339,73.0,0.0
960.1677096073257,74.0,0.0
960.1734049777276,73.0,0.0
960.1761573976815,74.0,0.0
960.1818232254941,75.0,0.0
960.1819954999812,76.0,0.0
960.1871529379833,77.0,0.0
960.203272089216,78.0,0.0
960.2049243331821,79.0,0.0
960.2151358824392,78.0,0.0
960.2218758654194,77.0,0.0
960.2221811349934,76.0,0.0
960.2223815601084,75.0,0.0
960.2397112130667,74.0,0.0
960.2537266256988,73.0,0.0
960.2654727653312,74.0,0.0
960.268147973057,75.0,0.0
960.2766230115645,76.0,0.0
960.2882151671266,75.0,0.0
960.2915024114263,76.0,0.0
960.2936961511638,75.0,0.0
960.3002757088976,76.0,0.0
960.3023860925796,77.0,0.0
960.3298203157487,76.0,0.0
960.3392205352786,77.0,0.0
960.3409700921395,76.0,0.0
960.3412277763041,75.0,0.0
960.3433649850007,74.0,0.0
960.3554579370373,75.0,0.0
960.3715316973019,76.0,0.0
960.3784405486364,75.0,0.0
960.3956759827798,74.0,0.0
960.4001019847278,75.0,0.0
960.4059311292714,76.0,0.0
960.4232861580067,77.0,0.0
960.4326375917533,76.0,0.0
960.4332269708797,75.0,0.0
960.4350183720496,74.0,0.0
960.4375405600531,73.0,0.0
960.4420889949268,72.0,0.0
960.4460814519323,71.0,0.0
960.4616156064367,72.0,0.0
960.4623016090056,71.0,0.0
960.4674140270209,70.0,0.0
960.4708237421387,69.0,0.0
960.4760962380839,68.0,0.0
960.483960118194,67.0,0.0
960.4919949840265,68.0,0.0
960.4921612597738,67.0,0.0
960.5008713492573,68.0,0.0
960.5071336711131,67.0,0.0
960.5098168035875,68.0,0.0
960.5181623635509,69.0,0.0
960.5260840050339,68.0,0.0
960.5317268154555,67.0,0.0
960.5320411402772,66.0,0.0
960.5435289012202,65.0,0.0
960.5508085138786,66.0,0.0
960.5521288172704,65.0,0.0
960.5555342977756,64.0,0.0
960.5580892491666,63.0,0.0
960.5607582278155,62.0,0.0
960.5645007838262,61.0,0.0
960.5708410817176,60.0,0.0
960.5746882459898,59.0,0.0
960.5763008895515,60.0,0.0
960.5853535917502,61.0,0.0
960.5894441138144,62.0,0.0
960.5917537406891,61.0,0.0
960.5940234407391,62.0,0.0
960.5941438486368,63.0,0.0
960.5953788281086,62.0,0.0
960.6118975890892,63.0,0.0
960.6157772176091,62.0,0.0
960.6225932997397,63.0,0.0
960.6289802213424,62.0,0.0
960.6451452376733,61.0,0.0
960.6499832944995,60.0,0.0
960.6678294782442,59.0,0.0
960.6767640912179,58.0,0.0
960.6927366679399,59.0,0.0
960.6996084752665,60.0,0.0
960.7121491463507,59.0,0.0
960.7206090920502,58.0,0.0
960.732947121113,59.0,0.0
960.7339931104599,58.0,0.0
960.7352888940717,59.0,0.0
960.7498616822757,58.0,0.0
960.761534228282,57.0,0.0
960.8038714283946,56.0,0.0
960.8330094834112,55.0,0.0
960.8340246529011,54.0,0.0
960.8407086865521,55.0,0.0
960.8483336674108,54.0,0.0
960.8586138826626,55.0,0.0
960.8679122921293,54.0,0.0
960.8747898979856,55.0,0.0
960.8774262027179,56.0,0.0
960.8813818182076,55.0,0.0
960.8839035591905,54.0,0.0
960.8841748878513,53.0,0.0
960.8943671012242,52.0,0.0
960.9011667060481,53.0,0.0
960.9034479690561,52.0,0.0
960.9247568924325,53.0,0.0
960.9443319774537,54.0,0.0
960.945239705718,53.0,0.0
960.9500300535732,54.0,0.0
960.9818376536082,55.0,0.0
961.0030883258268,54.0,0.0
961.0041681766013,53.0,0.0
961.0241240783126,54.0,0.0
961.029336024084,53.0,0.0
961.0308740370247,54.0,0.0
961.0314488024159,53.0,0.0
961.0410164144457,54.0,0.0
961.0482637968101,53.0,0.0
961.0518774178502,52.0,0.0
961.0527271608543,51.0,0.0
961.0661756129244,52.0,0.0
961.0752190493833,53.0,0.0
961.0812570180175,52.0,0.0
961.0986708868728,51.0,0.0
961.0998481635424,50.0,0.0
961.1148349972206,49.0,0.0
961.1172557331099,48.0,0.0
961.1317806237463,47.0,0.0
961.1327069144074,46.0,0.0
961.133428021174,45.0,0.0
961.1397410112343,44.0,0.0
961.1533596011093,43.0,0.0
961.1547872299528,42.0,0.0
961.1554566360799,41.0,0.0
961.1606881740643,42.0,0.0
961.1613286998082,43.0,0.0
961.1616134933722,42.0,0.0
961.1627113451984,43.0,0.0
961.184067355817,42.0,0.0
961.1869393604343,41.0,0.0
961.1876777954657,40.0,0.0
961.2159483608117,39.0,0.0
961.2164901279696,38.0,0.0
961.223459587263,39.0,0.0
961.2245055916735,38.0,0.0
961.2276761396288,37.0,0.0
961.2451840061342,38.0,0.0
961.2531448186495,39.0,0.0
961.2586887342202,38.0,0.0
961.2878824428032,37.0,0.0
961.2962921496729,36.0,0.0
961.3239467882581,35.0,0.0
961.3283975991243,34.0,0.0
961.3363459124407,35.0,0.0
961.3480902420855,34.0,0.0
961.3494399866239,33.0,0.0
961.3571142673062,34.0,0.0
961.3762916720575,35.0,0.0
961.3766450294692,34.0,0.0
961.3869590440136,33.0,0.0
961.3905889802018,34.0,0.0
961.392922142146,35.0,0.0
961.399274791686,34.0,0.0
961.4159170745029,35.0,0.0
961.4201829202813,34.0,0.0
961.4218217213981,33.0,0.0
961.4255339856091,34.0,0.0
961.4284805555044,33.0,0.0
961.4359371909156,34.0,0.0
961.4379947047238,33.0,0.0
961.4418590018006,34.0,0.0
961.4517881798901,33.0,0.0
961.4608913700877,32.0,0.0
961.4664200674014,31.0,0.0
961.4696786750189,32.0,0.0
961.4726856434602,33.0,0.0
961.4916807676337,32.0,0.0
961.4955110889789,31.0,0.0
961.5017931522091,30.0,0.0
961.5373234459386,29.0,0.0
961.5388973356594,28.0,0.0
961.5438498895277,27.0,0.0
961.5599726676093,28.0,0.0
961.591386923572,29.0,0.0
961.60899039848,28.0,0.0
961.615073353035,29.0,0.0
961.6157989031184,28.0,0.0
961.6201570485472,27.0,0.0
961.6328868519066,26.0,0.0
961.6414756331571,25.0,0.0
961.662006193544,26.0,0.0
961.6705470205188,25.0,0.0
961.6765305566471,24.0,0.0
961.6879451990076,25.0,0.0
961.6929709363009,24.0,0.0
961.7191292953637,23.0,0.0
961.7329966546232,22.0,0.0
961.7521085259646,21.0,0.0
961.7656205703147,22.0,0.0
961.7750130863109,21.0,0.0
961.7810810799087,22.0,0.0
961.7828495678367,21.0,0.0
961.795498524323,22.0,0.0
961.8095134037045,21.0,0.0
961.8157001204941,20.0,0.0
961.847550903178,21.0,0.0
961.8485230030572,22.0,0.0
961.8534701220731,21.0,0.0
961.8638948168762,20.0,0.0
961.8671176298169,19.0,0.0
961.8683690202698,18.0,0.0
961.8732283713528,17.0,0.0
961.8741654053043,16.0,0.0
961.875684937818,15.0,0.0
961.8800543304585,14.0,0.0
961.8810858759897,13.0,0.0
961.9196023462029,14.0,0.0
961.9241455577891,13.0,0.0
961.9250580729591,12.0,0.0
961.9288951336476,11.0,0.0
961.942357227566,10.0,0.0
961.9550431730519,9.0,0.0
961.9555916626671,8.0,0.0
961.9556561080725,9.0,0.0
961.9566818737037,8.0,0.0
961.9666584462304,7.0,0.0
961.9705856740803,6.0,0.0
961.9905667976159,7.0,0.0
961.9912362017112,6.0,0.0
961.9934323283252,5.0,0.0
961.9990903773646,6.0,0.0
962.0093169402681,7.0,0.0
962.0208893720921,6.0,0.0
962.0318786055537,5.0,0.0
962.0462761850923,4.0,0.0
962.0601884871735,3.0,0.0
962.0635500442115,2.0,0.0
962.0982259807962,1.0,0.0
962.1074138115407,0.0,0.0
962.1328232670928,1.0,0.0
962.135008933924,0.0,0.0
962.1445660129948,1.0,0.0
962.1684167187,0.0,0.0
962.1806742991135,1.0,0.0
962.1891719073323,2.0,0.0
962.199301375724,3.0,0.0
962.2446584145061,2.0,0.0
962.2455061746033,1.0,0.0
962.2514953208978,2.0,0.0
962.2644356294046,1.0,0.0
962.2667334705495,2.0,0.0
962.2686228909783,3.0,0.0
962.2710284811304,2.0,0.0
962.2801601655244,3.0,0.0
962.2929775671712,2.0,0.0
962.3037582110667,1.0,0.0
962.3050149253993,2.0,0.0
962.3157734035364,3.0,0.0
962.3172764490973,2.0,0.0
962.3227159329851,1.0,0.0
962.3241507204158,2.0,0.0
962.326065821231,3.0,0.0
962.3490005869966,2.0,0.0
962.3667050078643,1.0,0.0
962.3731429198433,0.0,0.0
962.4078346719982,1.0,0.0
962.4520707298035,0.0,0.0
962.4617614423266,1.0,0.0
962.4631753317605,0.0,0.0
962.7045525834359,1.0,0.0
962.7223207026733,2.0,0.0
962.7716687079019,3.0,0.0
962.7742810264868,4.0,0.0
962.7979144907819,3.0,0.0
962.8213667271523,2.0,0.0
962.8272493787496,1.0,0.0
962.8273439462893,2.0,0.0
962.8435390429514,1.0,0.0
962.8452787339667,0.0,0.0
962.8547114281174,1.0,0.0
962.8794101088881,2.0,0.0
962.9109868705484,1.0,0.0
962.9116992743645,0.0,0.0
962.9315624431636,1.0,0.0
962.9368735165153,0.0,0.0
962.9616523911646,1.0,0.0
963.005962984684,2.0,0.0
963.0129271474602,1.0,0.0
963.0138037883848,0.0,0.0
963.049553110567,1.0,0.0
963.0587135819673,0.0,0.0
963.0889539775117,1.0,0.0
963.097139409541,0.0,0.0
963.1373176810696,1.0,0.0
963.2143286318653,0.0,0.0
963.2160926724929,1.0,0.0
963.2227017785585,2.0,0.0
963.2275457284935,1.0,0.0
963.2295889690755,0.0,0.0
963.2473328136131,1.0,0.0
963.2609117221223,2.0,0.0
963.2654011089782,1.0,0.0
963.2826745466677,2.0,0.0
963.2867892006115,1.0,0.0
963.2919956544218,0.0,0.0
963.3526266211999,1.0,0.0
963.3662814459597,0.0,0.0
963.4181767780394,1.0,0.0
963.4418110017035,0.0,0.0
963.5520467501839,1.0,0.0
963.5757093015574,0.0,0.0
963.5809552288973,1.0,0.0
963.5845623587561,2.0,0.0
963.5849387920691,1.0,0.0
963.5946705952306,0.0,0.0
963.6051270519446,1.0,0.0
963.6226347054937,0.0,0.0
963.6304483470608,1.0,0.0
963.6313414843211,0.0,0.0
963.6736506765112,1.0,0.0
963.7297681076269,0.0,0.0
963.7943147522466,1.0,0.0
963.8111624765763,0.0,0.0
963.8891551458205,1.0,0.0
963.9139665745813,0.0,0.0
964.0185473083468,1.0,0.0
964.0532405826924,0.0,0.0
964.1035124473539,1.0,0.0
964.1569369711467,0.0,0.0
964.1682444213767,1.0,0.0
964.1770722484695,0.0,0.0
964.3126673405501,1.0,0.0
964.3969665831247,0.0,0.0
964.3996440006703,1.0,0.0
964.4162196734943,2.0,0.0
964.4241791603218,3.0,0.0
964.4249932840612,2.0,0.0
964.4258015211535,1.0,0.0
964.437749778013,0.0,0.0
964.5826388212216,1.0,0.0
964.583617021023,0.0,0.0
964.6302587282507,1.0,0.0
964.6332054801102,0.0,0.0
964.6627631059785,1.0,0.0
964.665425147959,0.0,0.0
964.732668214369,1.0,0.0
964.7333695460431,0.0,0.0
964.8217007932641,1.0,0.0
964.8296171719124,0.0,0.0
964.8543724952541,1.0,0.0
964.868726274508,2.0,0.0
964.8709477873292,1.0,0.0
964.893103030894,0.0,0.0
964.9452854997053,1.0,0.0
964.9698698853748,0.0,0.0
964.9841547727519,1.0,0.0
965.0052757883335,2.0,0.0
965.0649466838662,1.0,0.0
965.0664486136544,0.0,0.0
965.0894774002571,1.0,0.0
965.0937888803682,0.0,0.0
965.1139010181297,1.0,0.0
965.1267356082571,2.0,0.0
965.1503467526251,1.0,0.0
965.1573135949592,0.0,0.0
965.1600996486221,1.0,0.0
965.1720149409377,2.0,0.0
965.1780899229052,1.0,0.0
965.2164993128157,0.0,0.0
965.2176553810066,1.0,0.0
965.21980366454,0.0,0.0
965.3169283056724,1.0,0.0
965.3307839229141,0.0,0.0
965.3599987965215,1.0,0.0
965.367022834627,0.0,0.0
965.3774674696595,1.0,0.0
965.3856716764157,2.0,0.0
965.3982419062771,3.0,0.0
965.4148275758091,4.0,0.0
965.4275000430581,3.0,0.0
965.4316204093278,2.0,0.0
965.4316651184888,1.0,0.0
965.4573224186821,2.0,0.0
965.4642758528771,3.0,0.0
965.4866710019216,2.0,0.0
965.4868706963827,1.0,0.0
965.4932003555201,0.0,0.0
965.5017852806178,1.0,0.0
965.5088736640154,0.0,0.0
965.5143844357763,1.0,0.0
965.5204898331896,2.0,0.0
965.5296862995492,3.0,0.0
965.5383279799632,2.0,0.0
965.5493197854252,1.0,0.0
965.5512249244074,0.0,0.0
965.5830013217911,1.0,0.0
965.6001272379831,2.0,0.0
965.632059007438,1.0,0.0
965.6710123047002,2.0,0.0
965.6795128130329,1.0,0.0
965.6828883602419,2.0,0.0
965.6877545765956,1.0,0.0
965.6994419814495,0.0,0.0
965.7087289719746,1.0,0.0
965.7115758982548,2.0,0.0
965.7242080785265,1.0,0.0
965.7248900845118,2.0,0.0
965.7420252299033,1.0,0.0
965.8172214637792,0.0,0.0
965.8207086814689,1.0,0.0
965.8278066225682,0.0,0.0
965.846320991824,1.0,0.0
965.8673390691005,2.0,0.0
965.8736814911767,1.0,0.0
965.8863034495577,0.0,0.0
965.8995667144698,1.0,0.0
965.9007305735958,2.0,0.0
965.901002674995,1.0,0.0
965.9194024888044,0.0,0.0
965.9357581802117,1.0,0.0
965.9406577303199,0.0,0.0
965.9776293029294,1.0,0.0
965.9791338766432,0.0,0.0
966.0057129290345,1.0,0.0
966.0217896600719,2.0,0.0
966.0413099963013,3.0,0.0
966.0434695180878,4.0,0.0
966.0560076039783,3.0,0.0
966.0832438365234,4.0,0.0
966.1176150930227,3.0,0.0
966.1423130776451,4.0,0.0
966.1514149618706,5.0,0.0
966.152314104286,6.0,0.0
966.1681688624815,7.0,0.0
966.1764856841269,6.0,0.0
966.1812032990831,5.0,0.0
966.1814814953372,6.0,0.0
966.1815510468934,7.0,0.0
966.1863110435781,6.0,0.0
966.1923493707149,5.0,0.0
966.2063172259082,4.0,0.0
966.2312979127928,3.0,0.0
966.2449694578494,2.0,0.0
966.2520026462714,3.0,0.0
966.2684738548251,4.0,0.0
966.278546021796,3.0,0.0
966.2789523843696,4.0,0.0
966.2845535608155,5.0,0.0
966.2846370859039,4.0,0.0
966.2862003802142,3.0,0.0
966.287525723745,2.0,0.0
966.2936653671725,3.0,0.0
966.297283233385,2.0,0.0
966.3095706495683,3.0,0.0
966.3100164167762,4.0,0.0
966.3348789414133,5.0,0.0
966.3464045846429,4.0,0.0
966.3520271544663,5.0,0.0
966.3568102444287,6.0,0.0
966.3584953105777,7.0,0.0
966.3605282692895,8.0,0.0
966.3681306596621,9.0,0.0
966.369067711467,8.0,0.0
966.3711203084406,7.0,0.0
966.3835581183303,6.0,0.0
966.3836011039499,7.0,0.0
966.3853957447387,8.0,0.0
966.4006405437603,9.0,0.0
966.4020455044866,10.0,0.0
966.4136951129232,9.0,0.0
966.4179548969205,10.0,0.0
966.4183248390647,11.0,0.0
966.4375775966683,10.0,0.0
966.4378686164955,9.0,0.0
966.4485754630889,10.0,0.0
966.455092343084,11.0,0.0
966.4553340850925,10.0,0.0
966.4592111569311,9.0,0.0
966.4668533017859,8.0,0.0
966.478722161244,9.0,0.0
966.5121940011599,10.0,0.0
966.5194216447472,11.0,0.0
966.5260998417965,12.0,0.0
966.5757697931841,13.0,0.0
966.5828969690787,12.0,0.0
966.5848460932939,11.0,0.0
966.5905305770378,12.0,0.0
966.6006013550975,11.0,0.0
966.6061206561855,10.0,0.0
966.6092503980136,9.0,0.0
966.6139215105983,10.0,0.0
966.6150113714656,11.0,0.0
966.6186858997787,10.0,0.0
966.6267809691335,9.0,0.0
966.6300575217582,10.0,0.0
966.6400523506308,11.0,0.0
966.6673538884652,10.0,0.0
966.6688423473817,9.0,0.0
966.6710749060638,8.0,0.0
966.6719967411856,7.0,0.0
966.6773040024196,6.0,0.0
966.6931136247114,5.0,0.0
966.696761240709,4.0,0.0
966.6970997012811,3.0,0.0
966.7122330505457,4.0,0.0
966.7135179332214,5.0,0.0
966.7181510490432,4.0,0.0
966.7203278232508,3.0,0.0
966.7333675742728,2.0,0.0
966.734260559811,1.0,0.0
966.7361719939648,2.0,0.0
966.7471669165336,1.0,0.0
966.7694524143404,0.0,0.0
966.788808351032,1.0,0.0
966.800323238385,0.0,0.0
966.8097442854918,1.0,0.0
966.8140959112959,2.0,0.0
966.8145612927392,3.0,0.0
966.8235702396522,4.0,0.0
966.8293887831578,3.0,0.0
966.8304283447738,4.0,0.0
966.8388288568632,5.0,0.0
966.8438716737783,6.0,0.0
966.8444729300697,7.0,0.0
966.8483900250993,6.0,0.0
966.849135833552,5.0,0.0
966.8495301869787,4.0,0.0
966.8535399917828,3.0,0.0
966.8573871241679,2.0,0.0
966.8576216354517,1.0,0.0
966.8630286066076,2.0,0.0
966.8647661493115,3.0,0.0
966.8803731204345,2.0,0.0
966.8851572323673,3.0,0.0
966.8874517490193,2.0,0.0
966.8916650756697,3.0,0.0
966.8970907235566,4.0,0.0
966.9002498457198,3.0,0.0
966.9065436199505,4.0,0.0
966.913000301201,5.0,0.0
966.9166452596522,6.0,0.0
966.923689512062,5.0,0.0
966.95410101319,6.0,0.0
966.9554352751712,7.0,0.0
966.9775715265854,6.0,0.0
966.9815924041476,7.0,0.0
966.9816504212637,6.0,0.0
966.9853164277911,5.0,0.0
966.992407120148,4.0,0.0
966.994298740858,5.0,0.0
967.0061092183023,6.0,0.0
967.0304060907946,5.0,0.0
967.0355184772233,6.0,0.0
967.0358118145743,5.0,0.0
967.0595062821806,4.0,0.0
967.0646651209936,3.0,0.0
967.0736774340849,2.0,0.0
967.0737831665161,3.0,0.0
967.0771242476574,4.0,0.0
967.0803203694421,5.0,0.0
967.0902558124304,6.0,0.0
967.0976791226558,5.0,0.0
967.1236560390117,6.0,0.0
967.1265505537157,5.0,0.0
967.1356735514909,4.0,0.0
967.1367816638092,5.0,0.0
967.1431696605054,6.0,0.0
967.1476148036907,5.0,0.0
967.1587070713398,4.0,0.0
967.1685878534203,3.0,0.0
967.1740897861733,4.0,0.0
967.1743375670236,3.0,0.0
967.1784560495245,2.0,0.0
967.1838872295967,3.0,0.0
967.1881351144293,4.0,0.0
967.1898038996452,3.0,0.0
967.19082023335,4.0,0.0
967.1995603088525,3.0,0.0
967.2086562533932,4.0,0.0
967.2131211418097,5.0,0.0
967.2158338194668,4.0,0.0
967.2200551146519,3.0,0.0
967.2225338219337,4.0,0.0
967.2336817034776,5.0,0.0
967.2342619757079,4.0,0.0
967.2389893454827,5.0,0.0
967.2420329241598,4.0,0.0
967.2430069742064,5.0,0.0
967.2482565252518,6.0,0.0
967.2533951723632,5.0,0.0
967.258172940067,6.0,0.0
967.267313712391,7.0,0.0
967.2833573716387,8.0,0.0
967.2884374291413,7.0,0.0
967.2901933791437,8.0,0.0
967.2928451075786,7.0,0.0
967.3008458490885,6.0,0.0
967.3046416903668,7.0,0.0
967.3064345510345,8.0,0.0
967.3206480893851,9.0,0.0
967.3211114313701,8.0,0.0
967.3256254929145,9.0,0.0
967.3359553681047,10.0,0.0
967.3365020609521,11.0,0.0
967.3440484462612,10.0,0.0
967.3816642304869,11.0,0.0
967.3843096259079,12.0,0.0
967.3855910921159,11.0,0.0
967.4226848776789,12.0,0.0
967.4279810617998,11.0,0.0
967.4280775277944,10.0,0.0
967.4292054287195,11.0,0.0
967.4346945696575,12.0,0.0
967.4351978426877,11.0,0.0
967.4449353580733,12.0,0.0
967.445570599245,13.0,0.0
967.4461013389295,14.0,0.0
967.4821876045993,13.0,0.0
967.4911770325091,14.0,0.0
967.4925611457629,13.0,0.0
967.4929541280864,12.0,0.0
967.4987860396456,13.0,0.0
967.5026497313789,12.0,0.0
967.5113164839411,13.0,0.0
967.5298275614713,12.0,0.0
967.5351460759138,11.0,0.0
967.5363698310812,10.0,0.0
967.5482991923002,9.0,0.0
967.5498096349636,10.0,0.0
967.553813173846,9.0,0.0
967.5550729720205,8.0,0.0
967.5638157696965,7.0,0.0
967.580931216037,6.0,0.0
967.5900346607555,7.0,0.0
967.5998194360243,6.0,0.0
967.6024811169957,5.0,0.0
967.6099120466973,6.0,0.0
967.6218774927652,7.0,0.0
967.6234619023825,8.0,0.0
967.6411450668088,7.0,0.0
967.6519603941055,6.0,0.0
967.6536677113022,7.0,0.0
967.6551921721633,6.0,0.0
967.6566184239335,5.0,0.0
967.6675635601099,6.0,0.0
967.6745936214296,5.0,0.0
967.6794067694676,6.0,0.0
967.6821564614928,7.0,0.0
967.6833497591057,8.0,0.0
967.6967810255028,7.0,0.0
967.7016693649141,8.0,0.0
967.7035558171568,9.0,0.0
967.7037510554258,8.0,0.0
967.7244897649493,9.0,0.0
967.7250236119999,8.0,0.0
967.7254141031007,7.0,0.0
967.7268377642,8.0,0.0
967.7534651973502,7.0,0.0
967.7613785229923,8.0,0.0
967.7643815429536,7.0,0.0
967.7761546138358,6.0,0.0
967.7768847217736,5.0,0.0
967.7797847447277,4.0,0.0
967.7834259791734,3.0,0.0
967.7975813012168,4.0,0.0
967.7979946274287,3.0,0.0
967.8005049371025,2.0,0.0
967.8026163557745,3.0,0.0
967.8197525781256,4.0,0.0
967.8200540152886,5.0,0.0
967.8286016237228,6.0,0.0
967.833271089269,5.0,0.0
967.8336425671157,4.0,0.0
967.837594530195,5.0,0.0
967.845224157117,6.0,0.0
967.845857317222,7.0,0.0
967.8484846963045,8.0,0.0
967.8490230260252,9.0,0.0
967.8534046282996,10.0,0.0
967.8572644539264,11.0,0.0
967.8636655306605,10.0,0.0
967.8693666696907,9.0,0.0
967.8728553646449,10.0,0.0
967.8761636745718,11.0,0.0
967.8781255186483,12.0,0.0
967.8845329809931,13.0,0.0
967.886020416032,12.0,0.0
967.8869793542815,11.0,0.0
967.8903929941027,12.0,0.0
967.8968120098642,13.0,0.0
967.9074068717545,14.0,0.0
967.9079941930395,13.0,0.0
967.910738176365,12.0,0.0
967.9217047264996,13.0,0.0
967.9255435913956,12.0,0.0
967.9263678669948,11.0,0.0
967.9279678415251,12.0,0.0
967.9324180190192,13.0,0.0
967.9396139634621,12.0,0.0
967.9425831691013,11.0,0.0
967.9555724496738,12.0,0.0
967.9597760164631,11.0,0.0
967.967678459626,12.0,0.0
967.9735562645574,13.0,0.0
967.9742461818295,12.0,0.0
967.9745291100611,13.0,0.0
967.9773386005018,14.0,0.0
967.9933707452891,15.0,0.0
967.9981741008766,14.0,0.0
967.9983686893094,13.0,0.0
968.00219292693,12.0,0.0
968.0169104825133,13.0,0.0
968.0217531153853,14.0,0.0
968.0225560676134,13.0,0.0
968.0314082288165,14.0,0.0
968.0315733131314,13.0,0.0
968.0315889547385,12.0,0.0
968.0439950941507,13.0,0.0
968.0495723239894,14.0,0.0
968.0511058680355,15.0,0.0
968.0583199913943,16.0,0.0
968.0636943777203,17.0,0.0
968.0672918143969,16.0,0.0
968.0720731131893,15.0,0.0
968.072410243684,14.0,0.0
968.0771923773325,15.0,0.0
968.0869596678313,14.0,0.0
968.0876654107187,13.0,0.0
968.0888467387961,14.0,0.0
968.0910617232296,15.0,0.0
968.109929023968,16.0,0.0
968.1173930357928,15.0,0.0
968.1192509685419,16.0,0.0
968.1261221878323,17.0,0.0
968.1273859122368,18.0,0.0
968.1292117434449,19.0,0.0
968.1405752181831,20.0,0.0
968.1432543176463,21.0,0.0
968.1479754940391,20.0,0.0
968.1484116894875,21.0,0.0
968.1521505768175,20.0,0.0
968.1635467493606,21.0,0.0
968.1690739028322,20.0,0.0
968.169153750335,21.0,0.0
968.1719943190426,20.0,0.0
968.1790549567793,19.0,0.0
968.1798239736407,18.0,0.0
968.1817894072652,17.0,0.0
968.1850650653761,18.0,0.0
968.1988402537171,17.0,0.0
968.2026227710928,16.0,0.0
968.2040844899792,15.0,0.0
968.2051201301138,16.0,0.0
968.2059988556765,17.0,0.0
968.2079056598322,18.0,0.0
968.228133509799,17.0,0.0
968.2358395938267,16.0,0.0
968.2401295378605,15.0,0.0
968.2404678684306,14.0,0.0
968.2494561812933,15.0,0.0
968.2503151931188,14.0,0.0
968.2555747835238,15.0,0.0
968.2568121287278,14.0,0.0
968.2583498978098,13.0,0.0
968.2595424736073,14.0,0.0
968.269058128737,13.0,0.0
968.2718025986627,12.0,0.0
968.2826064058179,11.0,0.0
968.2874638027134,12.0,0.0
968.2875933191102,13.0,0.0
968.2920681748759,14.0,0.0
968.2937772628709,15.0,0.0
968.2948293829768,16.0,0.0
968.2989592941356,15.0,0.0
968.3110117094326,16.0,0.0
968.3193668146412,17.0,0.0
968.3216432123213,18.0,0.0
968.3604744210276,19.0,0.0
968.3656997694394,18.0,0.0
968.3684357100241,17.0,0.0
968.3749973862067,16.0,0.0
968.3839994348032,17.0,0.0
968.3855156336647,18.0,0.0
968.4030604032072,17.0,0.0
968.4079129748031,18.0,0.0
968.4135217456183,19.0,0.0
968.4136442104152,20.0,0.0
968.4166697083997,19.0,0.0
968.4197339856456,18.0,0.0
968.4199219230889,17.0,0.0
968.4294122820545,18.0,0.0
968.4315113279082,19.0,0.0
968.4438530490725,18.0,0.0
968.4626103832974,19.0,0.0
968.4693747693533,20.0,0.0
968.4833948802096,21.0,0.0
968.4847429935026,20.0,0.0
968.4851095298328,19.0,0.0
968.4857000878394,18.0,0.0
968.4947324947984,17.0,0.0
968.5044191783588,18.0,0.0
968.5071780266401,19.0,0.0
968.5077286014389,18.0,0.0
968.5124402929575,17.0,0.0
968.5127430910285,18.0,0.0
968.517550268195,17.0,0.0
968.5259234174921,16.0,0.0
968.5320702052743,15.0,0.0
968.5386702307553,16.0,0.0
968.539917270653,15.0,0.0
968.5410401999445,14.0,0.0
968.544443535472,13.0,0.0
968.548409483713,14.0,0.0
968.5578711377316,15.0,0.0
968.5676448316992,16.0,0.0
968.5785024968084,17.0,0.0
968.5790680862481,18.0,0.0
968.5840075554038,19.0,0.0
968.5884916706583,20.0,0.0
968.5918117467902,21.0,0.0
968.5943337230365,22.0,0.0
968.5964415435394,23.0,0.0
968.6052859486554,24.0,0.0
968.6089860805989,25.0,0.0
968.6123734685181,24.0,0.0
968.6134355752907,23.0,0.0
968.6145257231483,24.0,0.0
968.6320006812075,23.0,0.0
968.6323276661336,22.0,0.0
968.6339298889471,23.0,0.0
968.6371456854546,22.0,0.0
968.6446104422544,23.0,0.0
968.6470669779792,22.0,0.0
968.6481474198545,23.0,0.0
968.6487988169707,24.0,0.0
968.6502075093936,25.0,0.0
968.6504348465218,26.0,0.0
968.6527763937866,27.0,0.0
968.6691407734235,26.0,0.0
968.6711840836741,27.0,0.0
968.6752239825731,26.0,0.0
968.6772770818491,25.0,0.0
968.6833368598673,26.0,0.0
968.6902159466975,25.0,0.0
968.6956063681347,26.0,0.0
968.7008464641567,25.0,0.0
968.7012011040429,24.0,0.0
968.711930285769,25.0,0.0
968.7183868945461,26.0,0.0
968.7219903266803,25.0,0.0
968.7277971743272,24.0,0.0
968.7348798956098,25.0,0.0
968.7350212420173,26.0,0.0
968.7351527583728,27.0,0.0
968.7393125712996,28.0,0.0
968.7430460040532,27.0,0.0
968.7463785142916,26.0,0.0
968.7497044285287,27.0,0.0
968.7528889973333,26.0,0.0
968.7630201892308,27.0,0.0
968.767150676574,28.0,0.0
968.8068583121085,29.0,0.0
968.8086546649475,30.0,0.0
968.8122646010704,29.0,0.0
968.8182260749163,30.0,0.0
968.8233147339545,31.0,0.0
968.8295573345791,32.0,0.0
968.8394417081577,33.0,0.0
968.8577658196862,32.0,0.0
968.8605749222006,31.0,0.0
968.8633786119618,32.0,0.0
968.8649350565141,31.0,0.0
968.8656634854613,30.0,0.0
968.8685731826223,31.0,0.0
968.8704494072202,32.0,0.0
968.872905363773,31.0,0.0
968.8756018240308,32.0,0.0
968.8780356611438,33.0,0.0
968.8870825268874,34.0,0.0
968.8873601541375,35.0,0.0
968.889228380481,34.0,0.0
968.8944936943965,33.0,0.0
968.8964607204837,34.0,0.0
968.9011138880375,33.0,0.0
968.9025281567771,34.0,0.0
968.9265679633406,33.0,0.0
968.9303488556641,34.0,0.0
968.9361135230034,33.0,0.0
968.9374594180957,34.0,0.0
968.9387929767113,33.0,0.0
968.9436937111145,32.0,0.0
968.9512249295552,31.0,0.0
968.9538926797261,30.0,0.0
968.9591059905448,29.0,0.0
968.9675754040959,28.0,0.0
968.9711584431896,27.0,0.0
968.9741555443702,28.0,0.0
968.9768953268202,29.0,0.0
968.9852144981528,30.0,0.0
968.9961803247301,31.0,0.0
969.0002556277221,32.0,0.0
969.0019259943017,31.0,0.0
969.0066815102565,32.0,0.0
969.0074717003337,31.0,0.0
969.0123115702174,30.0,0.0
969.0128933909966,29.0,0.0
969.0156046636333,30.0,0.0
969.0195832486285,29.0,0.0
969.0219984782585,30.0,0.0
969.0224709576846,29.0,0.0
969.0230518489575,28.0,0.0
969.0232497168962,27.0,0.0
969.02563744412,28.0,0.0
969.0262609582271,27.0,0.0
969.027060944659,28.0,0.0
969.0361051798257,27.0,0.0
969.0399144886042,26.0,0.0
969.0486268066202,25.0,0.0
969.0515623356113,26.0,0.0
969.0562902231666,25.0,0.0
969.0568900626743,24.0,0.0
969.0733702500911,25.0,0.0
969.0852635659825,26.0,0.0
969.0857965684781,27.0,0.0
969.0941911147743,28.0,0.0
969.1005442555354,27.0,0.0
969.1013099353686,28.0,0.0
969.1039703153156,29.0,0.0
969.1040978682975,30.0,0.0
969.1165758293768,29.0,0.0
969.1183814948499,30.0,0.0
969.127841539281,31.0,0.0
969.1304875999925,32.0,0.0
969.1306481991421,31.0,0.0
969.1359801714183,30.0,0.0
969.1381260721704,31.0,0.0
969.1442369904343,30.0,0.0
969.1443482405426,31.0,0.0
969.1444963294789,32.0,0.0
969.1477587730662,33.0,0.0
969.1555731641854,34.0,0.0
969.1605651986922,33.0,0.0
969.1608217752448,34.0,0.0
969.1751347058171,35.0,0.0
969.1836046696994,36.0,0.0
969.1864325677362,35.0,0.0
969.1870672952433,36.0,0.0
969.1934636316096,35.0,0.0
969.2015546339132,36.0,0.0
969.2033460462318,35.0,0.0
969.209139262574,34.0,0.0
969.2120843790547,35.0,0.0
969.2133571618755,36.0,0.0
969.2136335049556,37.0,0.0
969.2145637616675,36.0,0.0
969.217106491491,35.0,0.0
969.2268045293588,34.0,0.0
969.2336615101821,35.0,0.0
969.2403678426002,36.0,0.0
969.2406629962692,37.0,0.0
969.2455914932999,38.0,0.0
969.2456217338029,37.0,0.0
969.2477756018017,38.0,0.0
969.2538568287491,39.0,0.0
969.261698772644,38.0,0.0
969.267097897346,39.0,0.0
969.2672822984349,40.0,0.0
969.2693636998172,41.0,0.0
969.2843168920689,42.0,0.0
969.2858268694673,41.0,0.0
969.289574885666,40.0,0.0
969.2926281175834,39.0,0.0
969.2961351634435,38.0,0.0
969.2975817025826,39.0,0.0
969.298471058498,38.0,0.0
969.3001943243898,39.0,0.0
969.300543342002,40.0,0.0
969.3070236982074,41.0,0.0
969.315875539137,42.0,0.0
969.3316419317575,43.0,0.0
969.3555623222276,42.0,0.0
969.3573124565002,41.0,0.0
969.359088815652,40.0,0.0
969.3605984216009,41.0,0.0
969.3688617200363,42.0,0.0
969.3711735148007,43.0,0.0
969.3763396141073,44.0,0.0
969.3807319306156,43.0,0.0
969.3815452010834,42.0,0.0
969.3830349335573,41.0,0.0
969.3897509845071,40.0,0.0
969.3908073778191,39.0,0.0
969.3936151812927,40.0,0.0
969.3969455186345,39.0,0.0
969.3998751316997,38.0,0.0
969.4041344061806,37.0,0.0
969.4100941495936,38.0,0.0
969.4128109846595,39.0,0.0
969.4167606908065,38.0,0.0
969.4167861193642,39.0,0.0
969.4168090232137,38.0,0.0
969.4203858443728,37.0,0.0
969.4220530205458,36.0,0.0
969.4220785747773,35.0,0.0
969.4228482657433,34.0,0.0
969.4230299943284,33.0,0.0
969.4238156574403,32.0,0.0
969.4256607002454,33.0,0.0
969.4282509770235,32.0,0.0
969.4417192926942,33.0,0.0
969.4464615274402,34.0,0.0
969.4498644445002,35.0,0.0
969.4521221730588,36.0,0.0
969.4593179906611,35.0,0.0
969.4599795549311,36.0,0.0
969.4609136548335,37.0,0.0
969.4627757062573,36.0,0.0
969.4667534694318,35.0,0.0
969.4687940157197,36.0,0.0
969.4725067240249,35.0,0.0
969.4794086907368,36.0,0.0
969.4819217856286,37.0,0.0
969.482056366645,36.0,0.0
969.4840376032038,35.0,0.0
969.490387303094,36.0,0.0
969.5056765413718,37.0,0.0
969.5082167987059,36.0,0.0
969.5090876876976,37.0,0.0
969.5095222523205,38.0,0.0
969.5112699880336,39.0,0.0
969.5132568260128,40.0,0.0
969.5141081148648,39.0,0.0
969.5141933204319,40.0,0.0
969.5163176412124,41.0,0.0
969.5173372963735,42.0,0.0
969.520041759923,43.0,0.0
969.5255163242128,42.0,0.0
969.5256061532609,43.0,0.0
969.5257276441478,44.0,0.0
969.5428754169413,43.0,0.0
969.5548877455193,42.0,0.0
969.55707875725,43.0,0.0
969.5582454067103,42.0,0.0
969.5594313508684,43.0,0.0
969.5609190262873,44.0,0.0
969.5753165501072,45.0,0.0
969.5756466836979,46.0,0.0
969.5879135277786,45.0,0.0
969.5963991366486,46.0,0.0
969.6011405916744,45.0,0.0
969.6068198446308,46.0,0.0
969.6086297284218,45.0,0.0
969.6129816649917,44.0,0.0
969.633790302499,45.0,0.0
969.6352853672995,44.0,0.0
969.6353083746202,43.0,0.0
969.6425202402112,44.0,0.0
969.6429794288476,45.0,0.0
969.6438325463412,46.0,0.0
969.6501139098423,47.0,0.0
969.6652482473133,48.0,0.0
969.6674375323636,49.0,0.0
969.6692046630711,48.0,0.0
969.6727897815559,47.0,0.0
969.6728073610107,48.0,0.0
969.6750901029001,47.0,0.0
969.6774451273135,48.0,0.0
969.6861594015483,49.0,0.0
969.6864592250357,50.0,0.0
969.6894205226695,49.0,0.0
969.69602059832,48.0,0.0
969.7178050243101,49.0,0.0
969.7208643242169,48.0,0.0
969.7254759159297,47.0,0.0
969.7362954580673,46.0,0.0
969.7438444353908,45.0,0.0
969.7460241474556,46.0,0.0
969.7597201407817,45.0,0.0
969.7613943044452,46.0,0.0
969.7641704258621,45.0,0.0
969.7670009844269,46.0,0.0
969.7677892853187,47.0,0.0
969.7680472235454,46.0,0.0
969.7701439950707,47.0,0.0
969.7847809709481,48.0,0.0
969.7854097675133,47.0,0.0
969.8061098323845,48.0,0.0
969.8098043796576,47.0,0.0
969.8103362790628,48.0,0.0
969.811066370387,49.0,0.0
969.827280669208,50.0,0.0
969.8325897568305,49.0,0.0
969.8342155153068,50.0,0.0
969.8348673180305,51.0,0.0
969.848640762299,52.0,0.0
969.8517964946808,53.0,0.0
969.8532175705386,54.0,0.0
969.855493808684,55.0,0.0
969.8657645600682,56.0,0.0
969.8703144108445,57.0,0.0
969.8754628834904,58.0,0.0
969.8756072262678,59.0,0.0
969.8776165479518,60.0,0.0
969.8790138637955,59.0,0.0
969.8795705886477,60.0,0.0
969.8799068910339,61.0,0.0
969.8819452632733,60.0,0.0
969.8868264639526,61.0,0.0
969.8885770113504,60.0,0.0
969.8921494441169,59.0,0.0
969.8989877493615,60.0,0.0
969.8998772294866,61.0,0.0
969.8999405901058,60.0,0.0
969.9030983532386,59.0,0.0
969.9071540011415,60.0,0.0
969.9165893575802,59.0,0.0
969.9182527321796,60.0,0.0
969.9184694176356,59.0,0.0
969.9190121367127,60.0,0.0
969.9260611194804,61.0,0.0
969.9302322484299,62.0,0.0
969.932957514019,61.0,0.0
969.9330913905775,62.0,0.0
969.9399225048197,63.0,0.0
969.9408419702052,64.0,0.0
969.943338580687,63.0,0.0
969.9441886776119,64.0,0.0
969.9486599494016,63.0,0.0
969.9492952496329,62.0,0.0
969.9502607598312,61.0,0.0
969.9569912788265,62.0,0.0
969.9604064339085,63.0,0.0
969.9644397421386,64.0,0.0
969.9716560546693,65.0,0.0
969.9717405764055,66.0,0.0
969.9817237710258,65.0,0.0
969.9844179329535,66.0,0.0
969.9858408962697,65.0,0.0
969.991770375979,64.0,0.0
969.9933856793504,63.0,0.0
970.0008675780764,62.0,0.0
970.0012820859073,61.0,0.0
970.0023381087279,62.0,0.0
970.0040690428289,63.0,0.0
970.008460129386,64.0,0.0
970.0103098839608,63.0,0.0
970.01196800157,64.0,0.0
970.0177686155793,65.0,0.0
970.0258102736593,66.0,0.0
970.0297103980896,65.0,0.0
970.037690286951,66.0,0.0
970.0425339537682,65.0,0.0
970.0559571312781,66.0,0.0
970.0567874049716,65.0,0.0
970.0698582674355,66.0,0.0
970.0711093232433,65.0,0.0
970.0742533674419,66.0,0.0
970.0747810891035,67.0,0.0
970.0781289113763,68.0,0.0
970.1074558300697,69.0,0.0
970.109319373079,70.0,0.0
970.1136385294158,71.0,0.0
970.1140008910768,72.0,0.0
970.1204627802128,73.0,0.0
970.1249738932099,74.0,0.0
970.1276068476342,75.0,0.0
970.131125666517,76.0,0.0
970.1319739588181,77.0,0.0
970.1344417105906,76.0,0.0
970.1380457824054,77.0,0.0
970.1386399381596,76.0,0.0
970.1390166036058,77.0,0.0
970.1411288442887,78.0,0.0
970.1437861225752,79.0,0.0
970.1456803717856,80.0,0.0
970.1505247361779,79.0,0.0
970.153191210113,78.0,0.0
970.1544496653089,77.0,0.0
970.1568671835244,78.0,0.0
970.1638807013888,77.0,0.0
970.1654340018126,78.0,0.0
970.1779900401668,79.0,0.0
970.1851923990206,80.0,0.0
970.1894501615033,79.0,0.0
970.2153435110464,80.0,0.0
970.2162252525717,81.0,0.0
970.2192972069205,82.0,0.0
970.2269596772104,83.0,0.0
970.2302360128047,84.0,0.0
970.2330040749315,85.0,0.0
970.2367720325855,86.0,0.0
970.2367747830338,87.0,0.0
970.2369973614708,88.0,0.0
970.252561483424,89.0,0.0
970.2580386770378,90.0,0.0
970.2735610714618,91.0,0.0
970.2787681460388,92.0,0.0
970.2877524215104,91.0,0.0
970.2926323347821,92.0,0.0
970.2962596326803,93.0,0.0
970.299876027876,94.0,0.0
970.305036856615,95.0,0.0
970.3066964832947,94.0,0.0
970.3111605561744,95.0,0.0
970.3119902194004,96.0,0.0
970.3129097918451,95.0,0.0
970.3187821986775,94.0,0.0
970.3327900144114,95.0,0.0
970.3405875165139,96.0,0.0
970.3524036048138,97.0,0.0
970.361096678029,98.0,0.0
970.3613957641498,97.0,0.0
970.3692733428903,96.0,0.0
970.3809530603688,97.0,0.0
970.3856649571221,96.0,0.0
970.3939918042946,97.0,0.0
970.3955333752381,98.0,0.0
970.396406731932,97.0,0.0
970.3991664756777,98.0,0.0
970.3999559307275,99.0,0.0
970.4132163101798,98.0,0.0
970.4166430996085,97.0,0.0
970.4171666350699,96.0,0.0
970.4183510508017,97.0,0.0
970.4297751640108,98.0,0.0
970.4314202727176,99.0,0.0
970.4357343909492,100.0,0.0
970.4372381721116,99.0,0.0
970.4385701485282,100.0,0.0
970.4415310899903,99.0,0.0
970.4436243197114,98.0,0.0
970.4554087055936,97.0,0.0
970.4560480976373,98.0,0.0
970.4568668815064,99.0,0.0
970.457154469799,98.0,0.0
970.4726532579043,97.0,0.0
970.4751791440522,98.0,0.0
970.4787361714579,99.0,0.0
970.4796528559875,98.0,0.0
970.4929375928283,99.0,0.0
970.4991044076628,98.0,0.0
970.5029766584144,97.0,0.0
970.5077414684746,98.0,0.0
970.5134695606685,99.0,0.0
970.5145892310741,100.0,0.0
970.5356867681204,101.0,0.0
970.5381066311934,100.0,0.0
970.5384430344428,101.0,0.0
970.5387858551425,102.0,0.0
970.5491692935954,101.0,0.0
970.5564968289833,102.0,0.0
970.559682663173,103.0,0.0
970.5713464557911,102.0,0.0
970.5726091763634,101.0,0.0
970.5813583767114,100.0,0.0
970.586110855782,99.0,0.0
970.5969537547479,98.0,0.0
970.6035456285514,97.0,0.0
970.610723614017,96.0,0.0
970.6125838139851,97.0,0.0
970.6202292510335,96.0,0.0
970.62875166751,97.0,0.0
970.6344360734598,96.0,0.0
970.6366450304579,95.0,0.0
970.6424931952786,94.0,0.0
970.6471088710986,95.0,0.0
970.6554807557367,96.0,0.0
970.6561539378702,95.0,0.0
970.6615284440248,94.0,0.0
970.6731301535193,95.0,0.0
970.6751076446249,94.0,0.0
970.6813785720632,95.0,0.0
970.6819489609496,94.0,0.0
970.6830280842543,93.0,0.0
970.6847372840754,94.0,0.0
970.686268790302,93.0,0.0
970.6899723765819,94.0,0.0
970.6929566624493,93.0,0.0
970.7033175646205,94.0,0.0
970.7121002193094,93.0,0.0
970.7129176452563,94.0,0.0
970.7273138261414,93.0,0.0
970.7294163598777,92.0,0.0
970.7298906315814,91.0,0.0
970.731300285597,92.0,0.0
970.73171268594,93.0,0.0
970.7325222034782,94.0,0.0
970.7435625421101,93.0,0.0
970.7503489802822,94.0,0.0
970.7507287982792,95.0,0.0
970.7510023935582,96.0,0.0
970.7563710008726,97.0,0.0
970.7589077691193,98.0,0.0
970.7617820838122,97.0,0.0
970.7621600997766,96.0,0.0
970.7657014550646,97.0,0.0
970.7726521701802,96.0,0.0
970.7797955821454,97.0,0.0
970.7803097338781,98.0,0.0
970.7876177443117,97.0,0.0
970.7996325974884,96.0,0.0
970.8000518198312,95.0,0.0
970.8065471086031,94.0,0.0
970.8092763949196,95.0,0.0
970.8092859966404,96.0,0.0
970.8116019422218,97.0,0.0
970.812820322364,98.0,0.0
970.814495113051,99.0,0.0
970.8146236376085,98.0,0.0
970.8350908732236,99.0,0.0
970.8365850850964,100.0,0.0
970.8373638151925,101.0,0.0
970.838011458217,100.0,0.0
970.838058949468,99.0,0.0
970.8453213779549,100.0,0.0
970.8596264644384,99.0,0.0
970.8604013254517,100.0,0.0
970.8632253117725,101.0,0.0
970.872978412056,102.0,0.0
970.8743326002389,101.0,0.0
970.8782363514543,100.0,0.0
970.878438633656,99.0,0.0
970.8860146718812,100.0,0.0
970.8928732161756,99.0,0.0
970.8932909699985,100.0,0.0
970.8959619086601,101.0,0.0
970.9002671463346,102.0,0.0
970.9114697386565,101.0,0.0
970.9178179076937,100.0,0.0
970.9180728902468,101.0,0.0
970.9183385851834,102.0,0.0
970.928298055917,103.0,0.0
970.9359696849403,102.0,0.0
970.9519717359982,101.0,0.0
970.9538477994076,102.0,0.0
970.95416676598,103.0,0.0
970.9607403071157,104.0,0.0
970.9615418337752,105.0,0.0
970.9644414842518,104.0,0.0
970.981833336068,103.0,0.0
970.9823949613747,104.0,0.0
970.9912529611099,105.0,0.0
970.994391742206,106.0,0.0
970.9947222596327,107.0,0.0
971.0010315351905,108.0,0.0
971.0026881915795,107.0,0.0
971.0057232383729,108.0,0.0
971.0082376036858,109.0,0.0
971.0084041246649,110.0,0.0
971.0118807475507,109.0,0.0
971.0141249033621,108.0,0.0
971.0153811003398,107.0,0.0
971.0180784330553,108.0,0.0
971.0186161213744,109.0,0.0
971.0211832685391,110.0,0.0
971.031825659532,111.0,0.0
971.0370643860155,112.0,0.0
971.0411552809952,113.0,0.0
971.042776937246,112.0,0.0
971.0466452684852,113.0,0.0
971.0474987309964,112.0,0.0
971.0531576254025,113.0,0.0
971.0544589073787,112.0,0.0
971.0545722242215,113.0,0.0
971.0558785504815,112.0,0.0
971.0659957781636,111.0,0.0
971.0713032671,112.0,0.0
971.0758938594083,111.0,0.0
971.0933232041107,112.0,0.0
971.0952052048922,113.0,0.0
971.0959743571502,112.0,0.0
971.1016329057712,113.0,0.0
971.1023766956648,114.0,0.0
971.1063332587291,115.0,0.0
971.106858483266,116.0,0.0
971.1100287092233,117.0,0.0
971.116013161677,118.0,0.0
971.1162738097879,117.0,0.0
971.124109908838,116.0,0.0
971.1315377521696,117.0,0.0
971.1326623169981,116.0,0.0
971.1329700461974,115.0,0.0
971.13822445999,114.0,0.0
971.1415146926458,115.0,0.0
971.1421439698637,116.0,0.0
971.1430516377206,117.0,0.0
971.1447612870962,118.0,0.0
971.1484651730402,119.0,0.0
971.1502743554097,120.0,0.0
971.1523428513103,121.0,0.0
971.1628173520635,120.0,0.0
971.1704384435138,121.0,0.0
971.1726446615935,122.0,0.0
971.1738468393299,121.0,0.0
971.176283464243,120.0,0.0
971.1859624197784,121.0,0.0
971.1944917877887,122.0,0.0
971.1958647235408,123.0,0.0
971.2179382827293,124.0,0.0
971.2273720326893,123.0,0.0
971.2312216444654,122.0,0.0
971.2381079449545,123.0,0.0
971.2453925722563,122.0,0.0
971.2481022722624,121.0,0.0
971.2515112633848,120.0,0.0
971.2546703439699,121.0,0.0
971.259996981886,120.0,0.0
971.273490337275,121.0,0.0
971.2736340324246,120.0,0.0
971.2795125120441,119.0,0.0
971.2814063532217,120.0,0.0
971.2817667329521,121.0,0.0
971.2950378092745,122.0,0.0
971.3079385633263,121.0,0.0
971.3161150893999,122.0,0.0
971.3179184959661,121.0,0.0
971.322495533109,122.0,0.0
971.3296644235005,123.0,0.0
971.336250664935,124.0,0.0
971.3363912364999,123.0,0.0
971.3368744900494,124.0,0.0
971.3413295513602,123.0,0.0
971.3499958114338,124.0,0.0
971.3505138695957,125.0,0.0
971.3538431805654,124.0,0.0
971.3550348695702,125.0,0.0
971.3557808569727,124.0,0.0
971.3566318647211,125.0,0.0
971.3588688021262,126.0,0.0
971.3683203456957,127.0,0.0
971.368707527851,126.0,0.0
971.3740378267993,125.0,0.0
971.3848740266363,124.0,0.0
971.3864830468515,123.0,0.0
971.3865958129857,124.0,0.0
971.387816895164,125.0,0.0
971.3928399749053,124.0,0.0
971.3976167492458,123.0,0.0
971.4015070037811,124.0,0.0
971.4039917359954,125.0,0.0
971.4057371520427,124.0,0.0
971.4153259363392,123.0,0.0
971.4174142416603,124.0,0.0
971.4224442678103,123.0,0.0
971.4237189759433,124.0,0.0
971.4346251968531,125.0,0.0
971.4478826409012,126.0,0.0
971.4503717000501,127.0,0.0
971.4519719691846,126.0,0.0
971.4573468819427,127.0,0.0
971.4603250619398,126.0,0.0
971.4622753130515,125.0,0.0
971.463977159623,126.0,0.0
971.4654810780511,127.0,0.0
971.4657969139756,128.0,0.0
971.4666585602822,127.0,0.0
971.4669484772685,128.0,0.0
971.4681913159278,129.0,0.0
971.4769491079618,130.0,0.0
971.483891508788,131.0,0.0
971.4856974291972,132.0,0.0
971.4887640898295,133.0,0.0
971.4923111550629,134.0,0.0
971.5138226297775,133.0,0.0
971.5157659054262,134.0,0.0
971.517610947262,135.0,0.0
971.5185343423949,134.0,0.0
971.5189069356155,135.0,0.0
971.5268274929738,134.0,0.0
971.5373288357717,135.0,0.0
971.5463086894692,134.0,0.0
971.5482317333122,135.0,0.0
971.5493602060517,134.0,0.0
971.5514921102014,133.0,0.0
971.5519696056359,132.0,0.0
971.5531793063485,133.0,0.0
971.5564906937079,134.0,0.0
971.5811296318204,133.0,0.0
971.5842172321921,134.0,0.0
971.5844409781774,135.0,0.0
971.5953249259203,136.0,0.0
971.6004074303687,137.0,0.0
971.6037054465058,138.0,0.0
971.6088037536903,139.0,0.0
971.6092964430921,140.0,0.0
971.6105885436144,141.0,0.0
971.6162789266448,140.0,0.0
971.6180426185016,141.0,0.0
971.6226401825608,142.0,0.0
971.624837329165,143.0,0.0
971.6283478923303,142.0,0.0
971.6297127828642,143.0,0.0
971.6337469691701,144.0,0.0
971.6555990088242,145.0,0.0
971.6588637702281,146.0,0.0
971.6602160461796,145.0,0.0
971.6604427421001,146.0,0.0
971.6614491531042,147.0,0.0
971.6632250551177,148.0,0.0
971.6649954275332,147.0,0.0
971.6761243874237,146.0,0.0
971.681862042478,145.0,0.0
971.6831423454906,146.0,0.0
971.6871961432954,147.0,0.0
971.6973773870718,146.0,0.0
971.7069272994776,145.0,0.0
971.7087976867118,144.0,0.0
971.7108764580241,145.0,0.0
971.7110439645608,146.0,0.0
971.7161187476543,145.0,0.0
971.7188259787392,144.0,0.0
971.7198007407958,145.0,0.0
971.727588407353,146.0,0.0
971.7319838296568,145.0,0.0
971.7337219941857,144.0,0.0
971.7347497260293,145.0,0.0
971.7350875809594,144.0,0.0
971.7353359547047,145.0,0.0
971.7398673135136,146.0,0.0
971.7409543988194,145.0,0.0
971.7473619471629,144.0,0.0
971.7478223883312,143.0,0.0
971.7575083931022,144.0,0.0
971.7596282128773,143.0,0.0
971.7705044867873,142.0,0.0
971.7716665637935,141.0,0.0
971.7740199916879,140.0,0.0
971.778435918045,139.0,0.0
971.7893386000181,138.0,0.0
971.7919393707072,139.0,0.0
971.7919733744661,140.0,0.0
971.7990529004345,141.0,0.0
971.7996228063372,142.0,0.0
971.8020024130789,141.0,0.0
971.8097841185237,142.0,0.0
971.8195610993828,141.0,0.0
971.8273322451533,140.0,0.0
971.8279248072174,141.0,0.0
971.8479444132998,140.0,0.0
971.8516768928406,139.0,0.0
971.8598649833959,140.0,0.0
971.8655688428431,139.0,0.0
971.86984126154,138.0,0.0
971.873631531089,137.0,0.0
971.8798918827121,136.0,0.0
971.8885163588762,135.0,0.0
971.8889053015578,136.0,0.0
971.9009252576332,135.0,0.0
971.9092850855839,134.0,0.0
971.90934414458,133.0,0.0
971.9156987816755,134.0,0.0
971.9180156756115,133.0,0.0
971.9183141530282,132.0,0.0
971.9214040399376,131.0,0.0
971.9257633231597,132.0,0.0
971.9298924511103,133.0,0.0
971.9301471961743,134.0,0.0
971.9369509470769,133.0,0.0
971.9396743857407,134.0,0.0
971.9417250470503,133.0,0.0
971.9446404173418,134.0,0.0
971.9597394482679,135.0,0.0
971.9606657429699,134.0,0.0
971.9635491336668,135.0,0.0
971.9970589387104,136.0,0.0
971.9971453449557,135.0,0.0
972.0042629325342,134.0,0.0
972.0055175730557,135.0,0.0
972.0104468484022,136.0,0.0
972.0117518260868,135.0,0.0
972.0164356300758,134.0,0.0
972.018441445938,135.0,0.0
972.0239027833692,136.0,0.0
972.0537969144433,137.0,0.0
972.0584319352386,136.0,0.0
972.0597059689126,135.0,0.0
972.0604568324143,136.0,0.0
972.0636940076864,137.0,0.0
972.0727698201074,138.0,0.0
972.0743902638795,139.0,0.0
972.0760371425625,138.0,0.0
972.0769592858578,139.0,0.0
972.0816488982122,138.0,0.0
972.0900540067134,137.0,0.0
972.0954930305356,138.0,0.0
972.0961131501884,137.0,0.0
972.0986957306172,138.0,0.0
972.1057324808697,137.0,0.0
972.1065170294081,136.0,0.0
972.1153004776014,137.0,0.0
972.1188702419947,136.0,0.0
972.1230149865985,137.0,0.0
972.1423603725414,136.0,0.0
972.142736048605,137.0,0.0
972.1458815806523,138.0,0.0
972.1598367705407,137.0,0.0
972.1693501010981,138.0,0.0
972.1696277409922,137.0,0.0
972.1709445358449,138.0,0.0
972.172856031457,139.0,0.0
972.1812555969121,138.0,0.0
972.184873022523,139.0,0.0
972.1878353670245,138.0,0.0
972.196207484915,137.0,0.0
972.2066792688769,136.0,0.0
972.2067442213304,137.0,0.0
972.2126590486139,138.0,0.0
972.2126654541377,137.0,0.0
972.2208321042095,136.0,0.0
972.2225671312816,137.0,0.0
972.2293402543141,138.0,0.0
972.2343901462474,137.0,0.0
972.2367970757404,138.0,0.0
972.240639609214,139.0,0.0
972.2508341874076,140.0,0.0
972.2512980729424,139.0,0.0
972.2535164695405,138.0,0.0
972.2555569897424,137.0,0.0
972.2635116107671,138.0,0.0
972.2647708211763,137.0,0.0
972.267844300613,138.0,0.0
972.2709859496072,139.0,0.0
972.2743572528467,138.0,0.0
972.2942837334521,137.0,0.0
972.2951262442808,136.0,0.0
972.3011459649763,137.0,0.0
972.3132884861451,138.0,0.0
972.3134178967769,137.0,0.0
972.3136790280031,138.0,0.0
972.3152397370974,137.0,0.0
972.3329913862582,138.0,0.0
972.3336323207657,139.0,0.0
972.3339397265459,140.0,0.0
972.3340635431599,139.0,0.0
972.3377539157647,140.0,0.0
972.3404173794204,139.0,0.0
972.343681922802,138.0,0.0
972.3505960727922,139.0,0.0
972.3788828152478,138.0,0.0
972.3844808451336,139.0,0.0
972.3866163637389,138.0,0.0
972.3869636247686,139.0,0.0
972.3881753413497,140.0,0.0
972.3886182208245,141.0,0.0
972.3899437230724,140.0,0.0
972.3910269251969,139.0,0.0
972.3927831163503,140.0,0.0
972.3929019432437,141.0,0.0
972.3930822057968,142.0,0.0
972.3947129167185,143.0,0.0
972.395261436969,142.0,0.0
972.406625943865,141.0,0.0
972.4067657788906,142.0,0.0
972.4092829416812,141.0,0.0
972.424247963978,142.0,0.0
972.4344491883191,141.0,0.0
972.4390123822553,142.0,0.0
972.4422412166172,141.0,0.0
972.4452385170102,142.0,0.0
972.4468458757127,141.0,0.0
972.4492296365878,140.0,0.0
972.4492598218978,139.0,0.0
972.4543663725548,138.0,0.0
972.4582711440984,137.0,0.0
972.468528022112,138.0,0.0
972.4909429234929,137.0,0.0
972.494806726583,138.0,0.0
972.4960629368379,139.0,0.0
972.4969223372404,140.0,0.0
972.5125708167444,141.0,0.0
972.5136180655079,142.0,0.0
972.5139928886447,143.0,0.0
972.520278872318,142.0,0.0
972.5218562016979,141.0,0.0
972.5259702416134,140.0,0.0
972.5285082337035,141.0,0.0
972.541595136193,140.0,0.0
972.5504895142477,139.0,0.0
972.556837467063,138.0,0.0
972.5593813971989,137.0,0.0
972.5662635653143,136.0,0.0
972.5683809427928,135.0,0.0
972.5695438471955,134.0,0.0
972.5705105790438,133.0,0.0
972.5826740114768,134.0,0.0
972.5896963607054,133.0,0.0
972.5941070118528,132.0,0.0
972.604742106735,133.0,0.0
972.6055491106245,134.0,0.0
972.607273792743,133.0,0.0
972.6283957062345,134.0,0.0
972.6410831329196,133.0,0.0
972.6430833502768,132.0,0.0
972.6446443242959,133.0,0.0
972.6453180247241,134.0,0.0
972.6457340335849,135.0,0.0
972.6524603821223,134.0,0.0
972.6535730477473,135.0,0.0
972.6545898620104,134.0,0.0
972.6565883228006,135.0,0.0
972.6581855577559,134.0,0.0
972.6624542380437,135.0,0.0
972.6732159458065,134.0,0.0
972.6747532676276,133.0,0.0
972.6888342844658,134.0,0.0
972.6906839406792,133.0,0.0
972.6950797774064,132.0,0.0
972.6978106876612,133.0,0.0
972.7022777164038,134.0,0.0
972.7053875948131,135.0,0.0
972.7064265996929,134.0,0.0
972.7189016716818,135.0,0.0
972.7243155041116,136.0,0.0
972.7254381753393,137.0,0.0
972.7268237301397,138.0,0.0
972.7312347699504,139.0,0.0
972.7334852654665,140.0,0.0
972.736809688171,141.0,0.0
972.7394468879783,142.0,0.0
972.7553079199745,143.0,0.0
972.7584588186842,142.0,0.0
972.7639960354711,143.0,0.0
972.7679291507859,144.0,0.0
972.7680656694258,145.0,0.0
972.7786688486806,144.0,0.0
972.7788376105152,145.0,0.0
972.783597418984,146.0,0.0
972.7881520414008,147.0,0.0
972.7893043015222,148.0,0.0
972.7966850659918,147.0,0.0
972.7987458293555,148.0,0.0
972.8003652741082,149.0,0.0
972.8022567035797,148.0,0.0
972.8041382217016,147.0,0.0
972.8075530433281,148.0,0.0
972.8154552227892,147.0,0.0
972.8184202210825,146.0,0.0
972.8217278527655,147.0,0.0
972.8224886322282,146.0,0.0
972.8300555801892,145.0,0.0
972.8305613510562,146.0,0.0
972.8307568918536,147.0,0.0
972.8340650029337,146.0,0.0
972.8344005698293,145.0,0.0
972.8387651862803,144.0,0.0
972.8414622890596,143.0,0.0
972.8416481323185,144.0,0.0
972.844142957362,145.0,0.0
972.8467076542702,146.0,0.0
972.8648313402376,145.0,0.0
972.8695300470646,146.0,0.0
972.8828572391114,145.0,0.0
972.885557707691,146.0,0.0
972.8921101187789,147.0,0.0
972.897684642162,146.0,0.0
972.9005968090125,145.0,0.0
972.9013214535137,144.0,0.0
972.9071214092323,145.0,0.0
972.913248011636,144.0,0.0
972.9132649587015,143.0,0.0
972.9200995113738,142.0,0.0
972.9261089279289,143.0,0.0
972.9263280565042,142.0,0.0
972.9291077182174,141.0,0.0
972.9295237967898,142.0,0.0
972.9368365634537,143.0,0.0
972.9416699901842,142.0,0.0
972.9511288731965,143.0,0.0
972.9558158339956,142.0,0.0
972.958503058864,143.0,0.0
972.9642226655887,142.0,0.0
972.9684319940947,143.0,0.0
972.9742831029291,144.0,0.0
972.976013772869,143.0,0.0
972.980518537657,144.0,0.0
972.9838539116842,145.0,0.0
972.9897683474818,144.0,0.0
972.9927209974619,143.0,0.0
972.9955936600463,144.0,0.0
972.9962813290574,143.0,0.0
973.0020600277597,144.0,0.0
973.0091032912782,145.0,0.0
973.0114289802497,146.0,0.0
973.0265737208268,147.0,0.0
973.0299825426403,146.0,0.0
973.0339111036258,147.0,0.0
973.0363336809899,148.0,0.0
973.0452793570073,149.0,0.0
973.0518740109435,148.0,0.0
973.0569344139082,149.0,0.0
973.0606617564126,148.0,0.0
973.0647233842789,149.0,0.0
973.0677816726611,150.0,0.0
973.0718551280763,151.0,0.0
973.0940220932459,150.0,0.0
973.0978078211396,149.0,0.0
973.1027145263174,148.0,0.0
973.1067294546978,147.0,0.0
973.1133257124585,146.0,0.0
973.1144747557371,147.0,0.0
973.1186955069313,148.0,0.0
973.119417649519,149.0,0.0
973.1195837925607,150.0,0.0
973.1323292246531,151.0,0.0
973.1333317779845,152.0,0.0
973.1346810190518,153.0,0.0
973.1360729938207,152.0,0.0
973.1367394617761,151.0,0.0
973.1373133828671,150.0,0.0
973.1396002161297,149.0,0.0
973.149845968214,148.0,0.0
973.1513643701505,147.0,0.0
973.1549283265824,148.0,0.0
973.156995897197,147.0,0.0
973.1619426022596,146.0,0.0
973.1748204083203,145.0,0.0
973.1751952141,146.0,0.0
973.1857643293578,145.0,0.0
973.187088614164,144.0,0.0
973.1916823476816,143.0,0.0
973.2020905391665,144.0,0.0
973.2106561054827,143.0,0.0
973.2219019172878,144.0,0.0
973.2281957809705,143.0,0.0
973.2375192468866,142.0,0.0
973.2375760288281,143.0,0.0
973.2497559810772,142.0,0.0
973.2557526344019,141.0,0.0
973.2607466830432,142.0,0.0
973.2612398667022,143.0,0.0
973.2623206063535,142.0,0.0
973.2694983827606,143.0,0.0
973.2896705739879,142.0,0.0
973.289913658581,141.0,0.0
973.2975272156671,140.0,0.0
973.3049702686534,139.0,0.0
973.3108143535145,138.0,0.0
973.3186037933638,139.0,0.0
973.31920737115,138.0,0.0
973.3223772743137,137.0,0.0
973.3245180401185,138.0,0.0
973.332641628639,137.0,0.0
973.3344028270135,136.0,0.0
973.3385201608282,135.0,0.0
973.3472856867678,134.0,0.0
973.3484699026043,133.0,0.0
973.3506078850063,134.0,0.0
973.3514923329117,133.0,0.0
973.3559030367317,134.0,0.0
973.3577367830293,135.0,0.0
973.3577623071432,134.0,0.0
973.3727664782823,133.0,0.0
973.3761581674913,134.0,0.0
973.3794734749829,133.0,0.0
973.3799212927615,132.0,0.0
973.3829211872953,133.0,0.0
973.3846157574898,134.0,0.0
973.390018664165,135.0,0.0
973.3988504241058,136.0,0.0
973.4008630036759,137.0,0.0
973.4059754579656,136.0,0.0
973.4140866597741,135.0,0.0
973.4284709342462,134.0,0.0
973.4398712161469,135.0,0.0
973.4414041442138,136.0,0.0
973.4485530715372,135.0,0.0
973.452061887062,136.0,0.0
973.4610478213988,135.0,0.0
973.4616030221888,136.0,0.0
973.4631955314534,135.0,0.0
973.4728534955833,136.0,0.0
973.4779171473862,135.0,0.0
973.4840477813666,136.0,0.0
973.4860414871457,135.0,0.0
973.4947470294746,134.0,0.0
973.5019307916419,135.0,0.0
973.5040131574526,134.0,0.0
973.516539248592,135.0,0.0
973.5209994598539,136.0,0.0
973.526367108181,135.0,0.0
973.533796615468,136.0,0.0
973.5369200108922,135.0,0.0
973.5413479753904,136.0,0.0
973.54257624111,135.0,0.0
973.5615555657592,136.0,0.0
973.5630053252264,137.0,0.0
973.5740778943634,138.0,0.0
973.5820970921615,137.0,0.0
973.5948759184996,138.0,0.0
973.608873947456,139.0,0.0
973.6122133385688,138.0,0.0
973.6192992944616,139.0,0.0
973.6208696695725,138.0,0.0
973.6221680998605,137.0,0.0
973.6243955076368,136.0,0.0
973.6244829760245,137.0,0.0
973.6265138556429,136.0,0.0
973.6299695522306,135.0,0.0
973.6342035989479,134.0,0.0
973.634504323895,133.0,0.0
973.6352000605048,134.0,0.0
973.6590513244275,133.0,0.0
973.6741744674289,134.0,0.0
973.6757126467768,133.0,0.0
973.6786735773364,134.0,0.0
973.6818986748835,133.0,0.0
973.6843376553974,132.0,0.0
973.6873141016667,133.0,0.0
973.687780399787,132.0,0.0
973.6915958219113,131.0,0.0
973.6921883219514,130.0,0.0
973.7069323630323,131.0,0.0
973.723354203565,130.0,0.0
973.7234716460657,129.0,0.0
973.727263642397,130.0,0.0
973.7315727681397,131.0,0.0
973.7406614588082,130.0,0.0
973.7442097420999,129.0,0.0
973.7451918695432,128.0,0.0
973.7483714443738,127.0,0.0
973.750368030816,128.0,0.0
973.7520704841996,127.0,0.0
973.75476366928,126.0,0.0
973.7625294744729,125.0,0.0
973.7740794780526,124.0,0.0
973.7748120455028,123.0,0.0
973.7749485494908,122.0,0.0
973.7799462294093,123.0,0.0
973.7902984366224,124.0,0.0
973.7915959960749,123.0,0.0
973.8013528435639,124.0,0.0
973.8045467425055,123.0,0.0
973.8287184756148,122.0,0.0
973.8301222029797,123.0,0.0
973.8312324653973,122.0,0.0
973.8438070431704,121.0,0.0
973.8472285986619,120.0,0.0
973.8543544175503,121.0,0.0
973.8595491108572,120.0,0.0
973.8684518769389,121.0,0.0
973.8689445440374,122.0,0.0
973.8750178665756,123.0,0.0
973.8780524781109,124.0,0.0
973.896550886904,123.0,0.0
973.8976953263198,122.0,0.0
973.9104862175428,121.0,0.0
973.9129559384265,122.0,0.0
973.9168655167888,123.0,0.0
973.918770297484,122.0,0.0
973.9201839195049,123.0,0.0
973.932419423756,122.0,0.0
973.9325900780824,121.0,0.0
973.9437514810875,120.0,0.0
973.9455967805906,121.0,0.0
973.9467935521108,120.0,0.0
973.948872659045,119.0,0.0
973.9644655934616,120.0,0.0
973.9808318281596,121.0,0.0
973.9810713169181,122.0,0.0
973.9954136601548,123.0,0.0
974.0081144624909,124.0,0.0
974.02070198602,125.0,0.0
974.0348924157403,124.0,0.0
974.0375515782614,123.0,0.0
974.039723405995,124.0,0.0
974.0492390987291,123.0,0.0
974.0690515376241,124.0,0.0
974.0711866639966,123.0,0.0
974.0751425949766,122.0,0.0
974.0765171190742,121.0,0.0
974.0800887842848,120.0,0.0
974.0900329748623,121.0,0.0
974.1073207647029,120.0,0.0
974.108822505441,121.0,0.0
974.1227518523838,122.0,0.0
974.1240651263686,121.0,0.0
974.1314657707528,120.0,0.0
974.1400309690113,119.0,0.0
974.145253469225,120.0,0.0
974.1458308430571,119.0,0.0
974.1539182845776,118.0,0.0
974.156181642049,119.0,0.0
974.1565620543419,118.0,0.0
974.1678817305564,119.0,0.0
974.168450930858,120.0,0.0
974.173515190121,121.0,0.0
974.1745066167102,120.0,0.0
974.175798643981,119.0,0.0
974.1826403306666,118.0,0.0
974.1852838454446,119.0,0.0
974.1862908749936,120.0,0.0
974.193120999422,119.0,0.0
974.1971897370469,120.0,0.0
974.2034333316942,119.0,0.0
974.2071556591102,120.0,0.0
974.2106069185729,119.0,0.0
974.213027830677,118.0,0.0
974.2169321167887,119.0,0.0
974.2249449849023,120.0,0.0
974.2480862493194,121.0,0.0
974.2580936750275,120.0,0.0
974.259866383896,121.0,0.0
974.2603411488259,120.0,0.0
974.2684847016508,119.0,0.0
974.2706877001947,118.0,0.0
974.27130238702,117.0,0.0
974.2732087562551,118.0,0.0
974.275467623502,119.0,0.0
974.2768402859614,120.0,0.0
974.2779294167024,119.0,0.0
974.2780570586989,120.0,0.0
974.2846816808894,119.0,0.0
974.3011246105875,118.0,0.0
974.3024263410678,117.0,0.0
974.3033054896075,118.0,0.0
974.308454419877,119.0,0.0
974.3089508552519,118.0,0.0
974.3093075819784,117.0,0.0
974.3165846427003,118.0,0.0
974.3251176494573,119.0,0.0
974.3332334944712,118.0,0.0
974.3376307359908,119.0,0.0
974.337642902893,118.0,0.0
974.3387441100813,117.0,0.0
974.340502260064,116.0,0.0
974.3412881224658,115.0,0.0
974.3435072701495,116.0,0.0
974.3612965752975,117.0,0.0
974.3679910972922,116.0,0.0
974.3697450627044,115.0,0.0
974.3753985364513,114.0,0.0
974.3798751630296,113.0,0.0
974.388313758618,112.0,0.0
974.3883827892823,111.0,0.0
974.3891994771282,110.0,0.0
974.3915548161224,111.0,0.0
974.392342398857,112.0,0.0
974.3987030778131,111.0,0.0
974.4003324274026,110.0,0.0
974.4101466531384,109.0,0.0
974.410393098127,108.0,0.0
974.4175515818421,109.0,0.0
974.4318543275076,110.0,0.0
974.4450943527017,109.0,0.0
974.4535468475012,108.0,0.0
974.4655032752545,109.0,0.0
974.4690338376918,108.0,0.0
974.4754916261517,107.0,0.0
974.4772051818784,106.0,0.0
974.4802972854196,107.0,0.0
974.4803764092337,108.0,0.0
974.4849913108638,107.0,0.0
974.4889606095421,108.0,0.0
974.5052556220282,109.0,0.0
974.5162776678453,108.0,0.0
974.5217775458945,107.0,0.0
974.539129189852,106.0,0.0
974.5472653759657,105.0,0.0
974.550512587664,104.0,0.0
974.5572283477564,105.0,0.0
974.5664739250625,106.0,0.0
974.5713959328779,107.0,0.0
974.5857340665468,106.0,0.0
974.5929768830372,105.0,0.0
974.5961986422844,106.0,0.0
974.6020452419535,105.0,0.0
974.604665620519,104.0,0.0
974.6050449943536,103.0,0.0
974.6084611509419,104.0,0.0
974.6095966354669,103.0,0.0
974.6148360789196,104.0,0.0
974.6197229567575,103.0,0.0
974.6289871708736,102.0,0.0
974.6305452458979,101.0,0.0
974.642476893424,100.0,0.0
974.644515824275,101.0,0.0
974.6473326017116,100.0,0.0
974.6564047209824,101.0,0.0
974.6633336011182,100.0,0.0
974.6744755776399,99.0,0.0
974.6749350966378,98.0,0.0
974.6883803358655,97.0,0.0
974.6903196641118,98.0,0.0
974.695664779178,97.0,0.0
974.696625460499,96.0,0.0
974.7003815334253,97.0,0.0
974.7018646742017,96.0,0.0
974.7033248709191,97.0,0.0
974.7347242761372,98.0,0.0
974.7362965241867,97.0,0.0
974.7444651098405,96.0,0.0
974.7467556213107,97.0,0.0
974.7761294804664,96.0,0.0
974.7779601787981,97.0,0.0
974.7822163135291,96.0,0.0
974.7860796103198,95.0,0.0
974.7972533773421,94.0,0.0
974.8001235640731,95.0,0.0
974.8556745227683,94.0,0.0
974.8572440706083,95.0,0.0
974.8656804533534,94.0,0.0
974.8917820432143,93.0,0.0
974.892064734424,94.0,0.0
974.9034349296036,93.0,0.0
974.9102751399357,94.0,0.0
974.9106306212992,95.0,0.0
974.9108793599827,96.0,0.0
974.913170187654,97.0,0.0
974.9184355753305,96.0,0.0
974.9252873246867,97.0,0.0
974.9282542526646,98.0,0.0
974.9323471508632,97.0,0.0
974.9335323056838,96.0,0.0
974.9362473470974,97.0,0.0
974.9640641244656,96.0,0.0
974.9652823684742,95.0,0.0
974.9660214749086,94.0,0.0
974.9662847366437,93.0,0.0
974.9741435784618,92.0,0.0
974.9812543098391,91.0,0.0
974.981464889582,90.0,0.0
974.9849948242787,91.0,0.0
975.0045180461649,92.0,0.0
975.0242546605958,93.0,0.0
975.0253386747522,94.0,0.0
975.0275053994877,95.0,0.0
975.0394271576263,96.0,0.0
975.0396466759897,95.0,0.0
975.0533564499201,94.0,0.0
975.0614057139446,95.0,0.0
975.0786906578336,94.0,0.0
975.0848893947275,93.0,0.0
975.0909905673408,92.0,0.0
975.0910289656331,91.0,0.0
975.0930395268352,92.0,0.0
975.0938129986972,91.0,0.0
975.0945713922588,92.0,0.0
975.0979098034966,91.0,0.0
975.1033278419579,92.0,0.0
975.1034213396028,91.0,0.0
975.1227693186714,92.0,0.0
975.1319506209669,91.0,0.0
975.1365297174091,90.0,0.0
975.136776234604,91.0,0.0
975.1391827805598,92.0,0.0
975.1443812407905,93.0,0.0
975.1474602474779,92.0,0.0
975.1478279776592,91.0,0.0
975.1516284193976,92.0,0.0
975.1544248636992,91.0,0.0
975.1551575454606,92.0,0.0
975.1558724499005,93.0,0.0
975.1587696557369,92.0,0.0
975.163744371948,93.0,0.0
975.167886509657,92.0,0.0
975.1684691850213,91.0,0.0
975.1699572634715,92.0,0.0
975.1701882593514,91.0,0.0
975.1770804686287,90.0,0.0
975.1885536747102,91.0,0.0
975.1895468465387,90.0,0.0
975.1912839254405,91.0,0.0
975.2043789929812,90.0,0.0
975.2095293104192,89.0,0.0
975.2113880423758,90.0,0.0
975.2114213400183,89.0,0.0
975.2279020444541,88.0,0.0
975.2388753685243,89.0,0.0
975.2388788758307,90.0,0.0
975.2526640041773,89.0,0.0
975.2581726648242,90.0,0.0
975.2633547796988,91.0,0.0
975.2661612454173,92.0,0.0
975.2698704584975,91.0,0.0
975.2894943310523,92.0,0.0
975.2909503029945,93.0,0.0
975.2988828590273,92.0,0.0
975.3205635169975,91.0,0.0
975.3252537014254,92.0,0.0
975.3303535927934,91.0,0.0
975.3346664215695,90.0,0.0
975.3367506098972,89.0,0.0
975.3420159763124,88.0,0.0
975.3515029213659,89.0,0.0
975.3555804585849,90.0,0.0
975.3572817731334,89.0,0.0
975.3581922930971,90.0,0.0
975.3589099556131,91.0,0.0
975.3606697513325,90.0,0.0
975.3775115243703,89.0,0.0
975.3778807450773,88.0,0.0
975.3827639220559,87.0,0.0
975.3844199200195,86.0,0.0
975.3894375360646,87.0,0.0
975.3946755006151,88.0,0.0
975.3991412984104,87.0,0.0
975.4084987480903,88.0,0.0
975.4088218900023,87.0,0.0
975.4120447157272,86.0,0.0
975.4225715023765,87.0,0.0
975.4234824289161,86.0,0.0
975.4236580049949,87.0,0.0
975.4308691573608,86.0,0.0
975.4375106308457,87.0,0.0
975.4662452908851,88.0,0.0
975.4862866180907,89.0,0.0
975.4870830859237,90.0,0.0
975.490068296655,89.0,0.0
975.4916069529992,88.0,0.0
975.4984481332598,87.0,0.0
975.4988471114139,86.0,0.0
975.5004752724508,87.0,0.0
975.5016507761702,86.0,0.0
975.512610115634,85.0,0.0
975.5178182518874,86.0,0.0
975.5180456569587,85.0,0.0
975.5182970485486,84.0,0.0
975.5183724991998,83.0,0.0
975.5290861706259,84.0,0.0
975.5397654719803,85.0,0.0
975.5452398216134,86.0,0.0
975.5455481648214,87.0,0.0
975.5467559068309,88.0,0.0
975.5583313052028,87.0,0.0
975.5655424272201,88.0,0.0
975.5752702736869,87.0,0.0
975.575752648065,86.0,0.0
975.5790090740926,85.0,0.0
975.5969986837412,84.0,0.0
975.600572956018,83.0,0.0
975.6015973266373,84.0,0.0
975.6200307713443,83.0,0.0
975.6268194956261,84.0,0.0
975.6308135813921,83.0,0.0
975.6326503035566,84.0,0.0
975.6383495775726,83.0,0.0
975.6393435456682,82.0,0.0
975.6455606171593,83.0,0.0
975.656549495454,84.0,0.0
975.6597834860247,83.0,0.0
975.6614692897186,84.0,0.0
975.6688196748506,85.0,0.0
975.6737740808007,84.0,0.0
975.6745333776776,85.0,0.0
975.6915989125722,84.0,0.0
975.6918282833803,85.0,0.0
975.7083575630521,86.0,0.0
975.7090465078828,87.0,0.0
975.721172075698,88.0,0.0
975.721331048241,89.0,0.0
975.7222101791174,90.0,0.0
975.7264703323153,89.0,0.0
975.7269406535447,90.0,0.0
975.7297793840555,89.0,0.0
975.7309203603987,90.0,0.0
975.7371097601883,89.0,0.0
975.7406558534461,90.0,0.0
975.7410103556757,89.0,0.0
975.7503970838347,88.0,0.0
975.7589143385544,89.0,0.0
975.7686277648946,88.0,0.0
975.7697010473172,87.0,0.0
975.7772015716428,88.0,0.0
975.7925041218516,89.0,0.0
975.8044545846145,88.0,0.0
975.8362636952254,89.0,0.0
975.8465356036321,88.0,0.0
975.8554224183825,87.0,0.0
975.8598841780491,88.0,0.0
975.8611594541701,89.0,0.0
975.8703273233624,88.0,0.0
975.8853998675265,87.0,0.0
975.895794446466,88.0,0.0
975.9227373030632,87.0,0.0
975.9301320593745,86.0,0.0
975.9375775066297,87.0,0.0
975.9383357429804,88.0,0.0
975.9520800924329,89.0,0.0
975.9627355534459,88.0,0.0
975.9675949226905,87.0,0.0
975.9806858860987,86.0,0.0
975.9849484972068,87.0,0.0
975.9955260310736,88.0,0.0
976.0014279622636,89.0,0.0
976.0110683420365,88.0,0.0
976.0166740866156,89.0,0.0
976.0226740389421,90.0,0.0
976.0320119335789,89.0,0.0
976.0383002596078,88.0,0.0
976.0517387156093,89.0,0.0
976.0607309839561,88.0,0.0
976.0664711074751,89.0,0.0
976.0681134092976,88.0,0.0
976.0907089346858,87.0,0.0
976.0965371898886,88.0,0.0
976.0981732547882,89.0,0.0
976.1015603770408,88.0,0.0
976.1058549416189,89.0,0.0
976.11832869602,88.0,0.0
976.1214491357255,87.0,0.0
976.1216603070771,88.0,0.0
976.1269647702447,89.0,0.0
976.1271847221994,88.0,0.0
976.1329524984183,87.0,0.0
976.135726225019,86.0,0.0
976.141925565309,85.0,0.0
976.1452163785835,84.0,0.0
976.14617444573,83.0,0.0
976.150817732564,82.0,0.0
976.1581756966023,83.0,0.0
976.1632922246664,84.0,0.0
976.1809627006106,83.0,0.0
976.1838590326133,82.0,0.0
976.196006959784,81.0,0.0
976.2091870614861,80.0,0.0
976.2113406168969,79.0,0.0
976.2180253555936,78.0,0.0
976.2197026445309,77.0,0.0
976.227301830149,76.0,0.0
976.2431047061019,77.0,0.0
976.2517564653028,76.0,0.0
976.256649932568,77.0,0.0
976.2598588971301,76.0,0.0
976.2747893847076,75.0,0.0
976.2824662078997,76.0,0.0
976.3019821763415,77.0,0.0
976.3025586333279,76.0,0.0
976.3087341850517,77.0,0.0
976.3275394836313,76.0,0.0
976.3285825911372,75.0,0.0
976.3447942415045,76.0,0.0
976.3507730129066,77.0,0.0
976.3617926243654,76.0,0.0
976.3679441807285,75.0,0.0
976.3744647560218,74.0,0.0
976.3792422885449,73.0,0.0
976.392389181074,74.0,0.0
976.3970083839837,73.0,0.0
976.4059609879808,72.0,0.0
976.4110993725525,71.0,0.0
976.4111132100617,70.0,0.0
976.4215637172457,69.0,0.0
976.4264327880492,70.0,0.0
976.4600893907452,69.0,0.0
976.4829642652215,70.0,0.0
976.4853045012795,69.0,0.0
976.4955461555832,68.0,0.0
976.49581989135,67.0,0.0
976.4979809846797,66.0,0.0
976.498568186505,65.0,0.0
976.5038669984903,66.0,0.0
976.5255066942423,65.0,0.0
976.5293223362787,66.0,0.0
976.5368004586859,65.0,0.0
976.5405582028433,66.0,0.0
976.5413557080445,67.0,0.0
976.5517155151415,66.0,0.0
976.566976553058,65.0,0.0
976.5818418318286,64.0,0.0
976.5825022783484,65.0,0.0
976.5856590796793,64.0,0.0
976.5879808479295,63.0,0.0
976.5920091300153,62.0,0.0
976.5940786682875,61.0,0.0
976.6071941932404,60.0,0.0
976.6125053080824,61.0,0.0
976.6209095561151,62.0,0.0
976.6256235932569,61.0,0.0
976.6323951901597,62.0,0.0
976.6410826317259,61.0,0.0
976.6455934603806,60.0,0.0
976.6501703661776,61.0,0.0
976.6656883998293,62.0,0.0
976.6672222167241,63.0,0.0
976.6680559060293,62.0,0.0
976.6698128497337,61.0,0.0
976.6745668717374,60.0,0.0
976.6885629249855,59.0,0.0
976.6898476013885,58.0,0.0
976.705099181098,57.0,0.0
976.7067499509192,56.0,0.0
976.7111817332086,55.0,0.0
976.7245342971322,56.0,0.0
976.7286009456205,57.0,0.0
976.735506718535,58.0,0.0
976.7396378227708,57.0,0.0
976.7407048765194,56.0,0.0
976.7441804351178,55.0,0.0
976.7738512255193,56.0,0.0
976.7793113515338,55.0,0.0
976.7830134593102,56.0,0.0
976.7936389625032,55.0,0.0
976.7955575764186,54.0,0.0
976.8053893693021,53.0,0.0
976.8257609164488,54.0,0.0
976.8290033803673,53.0,0.0
976.8330738977472,54.0,0.0
976.8334479422579,53.0,0.0
976.8403671330935,52.0,0.0
976.8439201066561,51.0,0.0
976.8512806059017,50.0,0.0
976.858600101965,49.0,0.0
976.8595244043167,50.0,0.0
976.8860580646536,49.0,0.0
976.8870600571571,48.0,0.0
976.8927261189427,47.0,0.0
976.8944480853199,46.0,0.0
976.895046559842,47.0,0.0
976.89784117812,46.0,0.0
976.903870864693,45.0,0.0
976.9098551163255,44.0,0.0
976.9192367073641,43.0,0.0
976.934469340125,42.0,0.0
976.9540458382947,41.0,0.0
976.955096726798,40.0,0.0
976.9585818078847,41.0,0.0
977.0018159794774,40.0,0.0
977.0271228033605,41.0,0.0
977.0277023146627,40.0,0.0
977.0491067720851,39.0,0.0
977.0664194164267,38.0,0.0
977.0695964938537,37.0,0.0
977.0835802570577,36.0,0.0
977.0894025219072,37.0,0.0
977.0895030782331,38.0,0.0
977.0968145616733,39.0,0.0
977.0970861950914,38.0,0.0
977.1093126403686,39.0,0.0
977.1109015537575,38.0,0.0
977.1154390925585,37.0,0.0
977.1182890928169,36.0,0.0
977.1268945553356,37.0,0.0
977.1374111772398,38.0,0.0
977.1439577940702,37.0,0.0
977.1444676179962,36.0,0.0
977.1517962406368,37.0,0.0
977.1665011895268,36.0,0.0
977.1852502484708,35.0,0.0
977.190232497245,34.0,0.0
977.1910561144437,33.0,0.0
977.2357323400163,34.0,0.0
977.2358258905982,33.0,0.0
977.2364436964175,32.0,0.0
977.239464387444,33.0,0.0
977.2398107085746,34.0,0.0
977.2417424009419,35.0,0.0
977.2468513588891,34.0,0.0
977.2506731269369,35.0,0.0
977.2538344613731,36.0,0.0
977.2586681215136,35.0,0.0
977.2723941785002,34.0,0.0
977.2995548063471,35.0,0.0
977.3047101529058,34.0,0.0
977.3077837529858,35.0,0.0
977.3298813304024,34.0,0.0
977.3628559378149,35.0,0.0
977.3661560552939,34.0,0.0
977.3731070069449,33.0,0.0
977.3992885644602,32.0,0.0
977.4131988595069,31.0,0.0
977.4154355595804,30.0,0.0
977.4226191505759,29.0,0.0
977.4228490060418,28.0,0.0
977.4346126977217,27.0,0.0
977.4484440964701,26.0,0.0
977.4505046872433,25.0,0.0
977.4519152705103,24.0,0.0
977.4522131472421,25.0,0.0
977.4610472496114,24.0,0.0
977.4611047423151,25.0,0.0
977.4683821373603,24.0,0.0
977.4718653500516,23.0,0.0
977.4799640648074,22.0,0.0
977.4851744556522,23.0,0.0
977.4958787154793,22.0,0.0
977.497898985628,21.0,0.0
977.5067134060037,20.0,0.0
977.5129108408108,19.0,0.0
977.5245343493316,20.0,0.0
977.5270588721917,21.0,0.0
977.5278038395019,20.0,0.0
977.5314848174993,21.0,0.0
977.5319008746308,22.0,0.0
977.548407413135,23.0,0.0
977.5525182905777,22.0,0.0
977.5584756351816,21.0,0.0
977.565421468593,20.0,0.0
977.5655203302153,19.0,0.0
977.5703223989717,20.0,0.0
977.585738765322,21.0,0.0
977.5929105470736,20.0,0.0
977.5957075653774,19.0,0.0
977.6032241361801,18.0,0.0
977.6238212207338,17.0,0.0
977.6289516049949,18.0,0.0
977.6364725033483,19.0,0.0
977.6421209410704,20.0,0.0
977.6443542891257,19.0,0.0
977.6470121910336,18.0,0.0
977.6505895574645,17.0,0.0
977.6521522442168,16.0,0.0
977.6532645425372,17.0,0.0
977.6550897716255,16.0,0.0
977.6591642970978,15.0,0.0
977.6602763982539,14.0,0.0
977.6673408650653,13.0,0.0
977.716030804537,14.0,0.0
977.7226628210279,15.0,0.0
977.749869837079,16.0,0.0
977.7509780894078,15.0,0.0
977.7677737303375,16.0,0.0
977.7688819820373,15.0,0.0
977.7750355813406,14.0,0.0
977.7760616678717,15.0,0.0
977.776641025974,14.0,0.0
977.7862197553732,13.0,0.0
977.7979902864286,14.0,0.0
977.8022309174315,15.0,0.0
977.8086270803799,14.0,0.0
977.8166222011471,15.0,0.0
977.8213331471786,16.0,0.0
977.8382503597927,17.0,0.0
977.8389076579355,18.0,0.0
977.8445285108791,17.0,0.0
977.8448545221826,16.0,0.0
977.8564525860619,17.0,0.0
977.8568227540843,16.0,0.0
977.8580059901303,15.0,0.0
977.8624308138735,14.0,0.0
977.8795196086977,13.0,0.0
977.8817651705665,12.0,0.0
977.917604918448,11.0,0.0
977.9225316359258,10.0,0.0
977.9246934419165,11.0,0.0
977.9340912612172,12.0,0.0
977.9455928125478,11.0,0.0
977.9483198589403,12.0,0.0
977.9554999635374,11.0,0.0
977.9588001319215,12.0,0.0
977.9852724747421,11.0,0.0
977.9859239154675,10.0,0.0
978.0139599109098,11.0,0.0
978.0202075495167,10.0,0.0
978.0207319710779,9.0,0.0
978.0264956204926,10.0,0.0
978.0270708793655,11.0,0.0
978.0410755042199,10.0,0.0
978.0651094775491,9.0,0.0
978.0742894777206,8.0,0.0
978.0832769053468,9.0,0.0
978.0877991440586,8.0,0.0
978.0985634125235,9.0,0.0
978.1193150645522,10.0,0.0
978.1360397753368,9.0,0.0
978.1443538516918,8.0,0.0
978.1505464936023,7.0,0.0
978.152873812488,6.0,0.0
978.1609864808462,5.0,0.0
978.1731725639374,4.0,0.0
978.1736689345571,3.0,0.0
978.1991650769064,2.0,0.0
978.2138532046563,3.0,0.0
978.2351721440319,2.0,0.0
978.2425698991767,1.0,0.0
978.2476979433204,2.0,0.0
978.2711606828459,1.0,0.0
978.2776505102427,2.0,0.0
978.2924763537873,1.0,0.0
978.324456304788,2.0,0.0
978.3353864238068,3.0,0.0
978.3479978476863,2.0,0.0
978.3483877792828,1.0,0.0
978.3553435245674,2.0,0.0
978.359374800946,1.0,0.0
978.3653361099019,0.0,0.0
978.3948479553254,1.0,0.0
978.4041800859301,0.0,0.0
978.526684800214,1.0,0.0
978.5390123206049,0.0,0.0
978.5467703797768,1.0,0.0
978.5658603625415,0.0,0.0
978.6509360558605,1.0,0.0
978.6931519145727,0.0,0.0
978.7480336866033,1.0,0.0
978.752029570697,2.0,0.0
978.7812730017189,3.0,0.0
978.81979435798,2.0,0.0
978.8275795495183,3.0,0.0
978.8426901624157,2.0,0.0
978.8473367395525,3.0,0.0
978.8483323505671,4.0,0.0
978.8507279247115,3.0,0.0
978.8621071944526,4.0,0.0
978.8691130921208,3.0,0.0
978.8706501549457,4.0,0.0
978.8764530750914,5.0,0.0
978.8789714316817,4.0,0.0
978.9025304020308,5.0,0.0
978.920298508925,6.0,0.0
978.9273091714346,5.0,0.0
978.9351948580982,4.0,0.0
978.9454113995599,3.0,0.0
978.9498980989079,4.0,0.0
978.9513707022625,3.0,0.0
978.9783563587966,4.0,0.0
978.9796335133535,3.0,0.0
978.9854240245173,4.0,0.0
978.9885892801339,5.0,0.0
979.0203514862628,4.0,0.0
979.0221618425886,3.0,0.0
979.0302498318972,2.0,0.0
979.0414332148359,3.0,0.0
979.0515445821073,2.0,0.0
979.0543236607589,1.0,0.0
979.0737002269567,0.0,0.0
979.0984645812881,1.0,0.0
979.1237630322323,0.0,0.0
979.2127467987409,1.0,0.0
979.2400680529942,0.0,0.0
979.2433640000833,1.0,0.0
979.2455554252523,0.0,0.0
979.2641660561105,1.0,0.0
979.2645432486096,0.0,0.0
979.3195903802872,1.0,0.0
979.3637744656122,2.0,0.0
979.3713529590564,1.0,0.0
979.3777872529326,2.0,0.0
979.4055949188199,1.0,0.0
979.470721260953,0.0,0.0
979.518033039863,1.0,0.0
979.5328891231986,0.0,0.0
979.5540999700388,1.0,0.0
979.5562951742027,0.0,0.0
979.5863526776881,1.0,0.0
979.5897884231383,0.0,0.0
979.6935472585362,1.0,0.0
979.6941611076501,0.0,0.0
979.8668600245925,1.0,0.0
979.8922439028203,0.0,0.0
979.9342196529071,1.0,0.0
979.9434466804456,0.0,0.0
979.997461628488,1.0,0.0
980.0369848920611,0.0,0.0
980.0790982904513,1.0,0.0
980.1078006593737,2.0,0.0
980.1108575095583,1.0,0.0
980.1198762933985,2.0,0.0
980.12694308181,1.0,0.0
980.137356749995,0.0,0.0
980.2948845259841,1.0,0.0
980.3115779096295,0.0,0.0
980.4447470821437,1.0,0.0
980.4619306637253,0.0,0.0
980.4830395881493,1.0,0.0
980.4960519602491,2.0,0.0
980.5025662193526,1.0,0.0
980.5366075600986,0.0,0.0
980.5693872045305,1.0,0.0
980.5842564011792,2.0,0.0
980.5872076585091,1.0,0.0
980.5881602329846,0.0,0.0
980.6633493528801,1.0,0.0
980.6672036943975,2.0,0.0
980.6876155241996,1.0,0.0
980.690054601978,0.0,0.0
980.6950203217364,1.0,0.0
980.6950430943061,0.0,0.0
980.7029663052339,1.0,0.0
980.7054020555703,0.0,0.0
980.7159272634705,1.0,0.0
980.7233001414301,2.0,0.0
980.7843185178697,3.0,0.0
980.7885818070245,4.0,0.0
980.7916647975294,3.0,0.0
980.8183689794112,4.0,0.0
980.8463832026525,3.0,0.0
980.8467793037987,2.0,0.0
980.8634905703315,1.0,0.0
980.8757582712968,0.0,0.0
980.9456741979332,1.0,0.0
980.9484188263842,0.0,0.0
980.9911301572965,1.0,0.0
980.9967617441101,0.0,0.0
981.010267387157,1.0,0.0
981.0142687822573,0.0,0.0
981.084263131142,1.0,0.0
981.0844465462138,0.0,0.0
981.0877757023371,1.0,0.0
981.1103231275135,0.0,0.0
981.1420588327888,1.0,0.0
981.1632427317348,0.0,0.0
981.2578006156939,1.0,0.0
981.269630691529,0.0,0.0
981.3271490785094,1.0,0.0
981.4002142116985,0.0,0.0
981.4236650740843,1.0,0.0
981.4283204151676,0.0,0.0
981.4455843002147,1.0,0.0
981.4549934960208,0.0,0.0
981.4904667899021,1.0,0.0
981.52032818547,0.0,0.0
981.5276295373036,1.0,0.0
981.5320566166652,0.0,0.0
981.5616286451262,1.0,0.0
981.5713049088102,0.0,0.0
981.5995742122366,1.0,0.0
981.6029100138164,0.0,0.0
981.6228651591542,1.0,0.0
981.6246536523364,0.0,0.0
981.6660231660006,1.0,0.0
981.6738080626099,0.0,0.0
981.7072479525519,1.0,0.0
981.7101254534351,0.0,0.0
981.7106570296348,1.0,0.0
981.7278282488664,2.0,0.0
981.7389083526172,1.0,0.0
981.7671927613303,2.0,0.0
981.7701399539147,3.0,0.0
981.7739602976166,2.0,0.0
981.775654633687,3.0,0.0
981.7970579910425,4.0,0.0
981.7975932995644,5.0,0.0
981.799403379834,4.0,0.0
981.8195353241653,3.0,0.0
981.8275525086076,2.0,0.0
981.8458912593112,1.0,0.0
981.8531657406603,2.0,0.0
981.8554110414328,3.0,0.0
981.8590159804517,4.0,0.0
981.8633718899111,5.0,0.0
981.8643565121641,6.0,0.0
981.8696571635177,7.0,0.0
981.8931758350086,6.0,0.0
981.8981271740695,5.0,0.0
981.9233588081805,4.0,0.0
981.9234967343646,3.0,0.0
981.9335017018936,4.0,0.0
981.9353055494674,3.0,0.0
981.9427206029835,2.0,0.0
981.9527908484124,3.0,0.0
981.9616643216565,4.0,0.0
981.96599304462,3.0,0.0
981.9676946880762,4.0,0.0
981.9741887602897,3.0,0.0
981.9744887234166,2.0,0.0
981.9765438959599,1.0,0.0
981.9900506758978,2.0,0.0
981.9938206044758,1.0,0.0
981.9954007483777,0.0,0.0
981.9970384766854,1.0,0.0
982.0068226121616,2.0,0.0
982.0122847510199,3.0,0.0
982.0241761590886,2.0,0.0
982.0453358357322,3.0,0.0
982.06075650643,2.0,0.0
982.0711015123079,1.0,0.0
982.0743152047284,2.0,0.0
982.0751388070797,1.0,0.0
982.075640661731,0.0,0.0
982.07799045607,1.0,0.0
982.1057322676726,2.0,0.0
982.11470875715,3.0,0.0
982.1166618680566,2.0,0.0
982.1188919227568,3.0,0.0
982.121928592799,2.0,0.0
982.1284436157308,1.0,0.0
982.1409213472441,0.0,0.0
982.1436530233279,1.0,0.0
982.1532015387428,2.0,0.0
982.1767993692752,1.0,0.0
982.1861642427276,2.0,0.0
982.1933209092842,3.0,0.0
982.194416628682,4.0,0.0
982.200902384997,5.0,0.0
982.2097469950054,4.0,0.0
982.2175704759804,3.0,0.0
982.2523369778153,4.0,0.0
982.2629880650537,5.0,0.0
982.2752187577872,6.0,0.0
982.2793648060875,5.0,0.0
982.2803125817886,6.0,0.0
982.2815944718267,7.0,0.0
982.3091300225183,6.0,0.0
982.3144527934062,5.0,0.0
982.3169680843627,6.0,0.0
982.3203279345524,7.0,0.0
982.3372308806529,6.0,0.0
982.3479398517095,7.0,0.0
982.3520386672755,8.0,0.0
982.3988600726051,7.0,0.0
982.3998158128651,8.0,0.0
982.4022655259133,7.0,0.0
982.4036464329961,6.0,0.0
982.4056988809394,7.0,0.0
982.4270109360651,6.0,0.0
982.4325777719704,5.0,0.0
982.4441494052585,4.0,0.0
982.4464803996867,5.0,0.0
982.4502020272098,6.0,0.0
982.4528381052697,5.0,0.0
982.4544258663933,4.0,0.0
982.4628578362276,3.0,0.0
982.473757062495,2.0,0.0
982.4755630153522,3.0,0.0
982.4852271148878,4.0,0.0
982.4857653044464,3.0,0.0
982.4978670721024,2.0,0.0
982.5006774392488,1.0,0.0
982.5122910034223,2.0,0.0
982.5135544288049,3.0,0.0
982.5345465861838,2.0,0.0
982.5362045291655,1.0,0.0
982.5429954303958,0.0,0.0
982.5474169335373,1.0,0.0
982.5531234734224,0.0,0.0
982.5679234435065,1.0,0.0
982.5723858729494,2.0,0.0
982.5739024192667,3.0,0.0
982.5997441985564,4.0,0.0
982.6153801212173,5.0,0.0
982.6197156813929,4.0,0.0
982.6250886951037,5.0,0.0
982.6285929816681,4.0,0.0
982.6405711178564,5.0,0.0
982.65560606448,6.0,0.0
982.6571190769108,5.0,0.0
982.6680237242746,4.0,0.0
982.6698266805422,5.0,0.0
982.676047577999,6.0,0.0
982.67838655945,5.0,0.0
982.689919986744,6.0,0.0
982.713896185273,5.0,0.0
982.7167975196372,6.0,0.0
982.7207773696983,5.0,0.0
982.7430359956815,6.0,0.0
982.7672830725787,7.0,0.0
982.771941881693,6.0,0.0
982.7735314914743,7.0,0.0
982.7878404654795,8.0,0.0
982.7996949475848,9.0,0.0
982.8255857652897,10.0,0.0
982.8350568979116,9.0,0.0
982.8378961010291,8.0,0.0
982.8454481264414,9.0,0.0
982.8575682377298,10.0,0.0
982.8653313633297,11.0,0.0
982.8812913706673,12.0,0.0
982.8959895370705,13.0,0.0
982.8961703168615,14.0,0.0
982.9101836996302,13.0,0.0
982.9132602983692,14.0,0.0
982.926066931404,15.0,0.0
982.9379986945584,14.0,0.0
982.9403505753314,13.0,0.0
982.9546957014958,12.0,0.0
982.9556632377096,13.0,0.0
982.9737932024887,12.0,0.0
982.978943848196,13.0,0.0
982.9830848101086,12.0,0.0
982.9885999367156,11.0,0.0
982.9949985884351,10.0,0.0
983.0135084309306,9.0,0.0
983.0161792808144,8.0,0.0
983.0226222249206,9.0,0.0
983.022805280728,10.0,0.0
983.0271655035613,9.0,0.0
983.0315741740823,10.0,0.0
983.0508665129943,11.0,0.0
983.05358287794,12.0,0.0
983.0605557423133,13.0,0.0
983.0693992009225,14.0,0.0
983.0731092776579,15.0,0.0
983.0735340461902,16.0,0.0
983.089376467108,17.0,0.0
983.0947919023289,16.0,0.0
983.1037008568132,15.0,0.0
983.1092390599921,14.0,0.0
983.1235031801577,15.0,0.0
983.1281178241924,16.0,0.0
983.1392720266011,17.0,0.0
983.1399264427142,16.0,0.0
983.1414285509419,17.0,0.0
983.1563291564869,16.0,0.0
983.1594137936852,15.0,0.0
983.1868628093057,14.0,0.0
983.1879585561313,15.0,0.0
983.1947325634451,16.0,0.0
983.2080506554877,15.0,0.0
983.2093258107315,16.0,0.0
983.2137807534573,17.0,0.0
983.221680270239,16.0,0.0
983.2395988172445,17.0,0.0
983.2513152505614,18.0,0.0
983.2513260201025,17.0,0.0
983.2574203348809,18.0,0.0
983.2611142243311,17.0,0.0
983.263968132707,18.0,0.0
983.2659272024637,19.0,0.0
983.2717729501433,20.0,0.0
983.2832852068238,21.0,0.0
983.3011187153892,22.0,0.0
983.306417309541,23.0,0.0
983.3136587222303,22.0,0.0
983.3206515889004,21.0,0.0
983.3355761952986,20.0,0.0
983.3451564379418,21.0,0.0
983.3508674053692,20.0,0.0
983.3547449373854,21.0,0.0
983.3551610148252,22.0,0.0
983.3681371114111,21.0,0.0
983.3687853267551,20.0,0.0
983.3716558675924,19.0,0.0
983.3769174705224,18.0,0.0
983.3794935767926,17.0,0.0
983.3806056565389,16.0,0.0
983.3821036935265,15.0,0.0
983.3896159305021,16.0,0.0
983.406808364638,17.0,0.0
983.4110912198104,18.0,0.0
983.4164377216774,19.0,0.0
983.4183951265193,20.0,0.0
983.4197649380343,21.0,0.0
983.4251871087645,22.0,0.0
983.4379152460365,23.0,0.0
983.4533951237013,22.0,0.0
983.4592127338594,21.0,0.0
983.4641686721138,20.0,0.0
983.4670687687876,21.0,0.0
983.4776858878743,22.0,0.0
983.4791387314569,23.0,0.0
983.490005130379,22.0,0.0
983.4911799518356,23.0,0.0
983.4966995012797,22.0,0.0
983.4976611206465,23.0,0.0
983.4998008663165,24.0,0.0
983.502562977978,23.0,0.0
983.5076184429275,22.0,0.0
983.5158668649782,21.0,0.0
983.5256967893179,22.0,0.0
983.5324232274089,21.0,0.0
983.5365104644767,22.0,0.0
983.5380214960738,23.0,0.0
983.5431506563813,24.0,0.0
983.5455923264066,25.0,0.0
983.5486397979494,26.0,0.0
983.551413262823,25.0,0.0
983.558001105733,24.0,0.0
983.5644011792288,23.0,0.0
983.5677970774132,24.0,0.0
983.5833339739523,25.0,0.0
983.5840220839202,24.0,0.0
983.5898713601591,25.0,0.0
983.5900719160993,24.0,0.0
983.5959603615198,23.0,0.0
983.6077727675876,24.0,0.0
983.609039563771,25.0,0.0
983.6093168399505,26.0,0.0
983.6111169003789,25.0,0.0
983.6112334097859,26.0,0.0
983.6174597207563,27.0,0.0
983.6198980003161,28.0,0.0
983.6276394266289,29.0,0.0
983.6281551268783,30.0,0.0
983.6316242026759,29.0,0.0
983.6531035351517,30.0,0.0
983.6655066500114,29.0,0.0
983.6746808597725,28.0,0.0
983.6790334473234,27.0,0.0
983.6809496860757,28.0,0.0
983.6870613696258,29.0,0.0
983.6937366046376,30.0,0.0
983.7010490158257,31.0,0.0
983.7037391158809,30.0,0.0
983.7077381740081,29.0,0.0
983.7102679366002,28.0,0.0
983.7114930631191,29.0,0.0
983.7224459708289,30.0,0.0
983.7319020373968,31.0,0.0
983.7325043196198,30.0,0.0
983.7374329153374,29.0,0.0
983.741611403293,28.0,0.0
983.7446198584574,29.0,0.0
983.7455095161745,30.0,0.0
983.7483945668803,31.0,0.0
983.7501683911208,32.0,0.0
983.7507567813806,31.0,0.0
983.7583655269781,32.0,0.0
983.7628363354866,33.0,0.0
983.7660429379717,32.0,0.0
983.7667833216393,33.0,0.0
983.7754523177013,34.0,0.0
983.7824858169646,33.0,0.0
983.796349134292,34.0,0.0
983.7982093710787,35.0,0.0
983.8058888342199,36.0,0.0
983.8087719264454,37.0,0.0
983.809815391616,36.0,0.0
983.8102148414307,35.0,0.0
983.8125802143248,34.0,0.0
983.8159399693478,35.0,0.0
983.8200116160527,34.0,0.0
983.8228616375565,33.0,0.0
983.8258332526198,32.0,0.0
983.8332499623324,33.0,0.0
983.8394385290972,34.0,0.0
983.8461997199068,35.0,0.0
983.867630696082,36.0,0.0
983.8783625577728,37.0,0.0
983.8940467178722,36.0,0.0
983.9245927724494,37.0,0.0
983.9260374477609,38.0,0.0
983.9316264593756,37.0,0.0
983.936534942605,38.0,0.0
983.9422219975046,39.0,0.0
983.9480056075288,40.0,0.0
983.9530835620371,39.0,0.0
983.9555078757345,38.0,0.0
983.958228720172,37.0,0.0
983.9634653644015,36.0,0.0
983.9682856372516,35.0,0.0
983.976001535394,34.0,0.0
983.9764718869627,33.0,0.0
983.9789619908878,34.0,0.0
983.9826227846361,35.0,0.0
983.9867661146199,36.0,0.0
983.9873245909064,37.0,0.0
983.990393015179,36.0,0.0
984.0015758294924,37.0,0.0
984.0140316663164,38.0,0.0
984.0277893653019,37.0,0.0
984.0446419318864,36.0,0.0
984.0467202171566,37.0,0.0
984.0488083082508,36.0,0.0
984.0709661982024,37.0,0.0
984.07412412172,38.0,0.0
984.0794392094101,37.0,0.0
984.0901723263379,36.0,0.0
984.0915539055692,37.0,0.0
984.1038414356759,36.0,0.0
984.1081958344878,37.0,0.0
984.1161778729538,38.0,0.0
984.1243275373197,39.0,0.0
984.1246760256585,38.0,0.0
984.1259617979024,39.0,0.0
984.1305533407469,40.0,0.0
984.1313346244,39.0,0.0
984.139329975678,38.0,0.0
984.1409033540059,39.0,0.0
984.1419374465644,40.0,0.0
984.1569464222443,39.0,0.0
984.1583821729677,40.0,0.0
984.15943994147,41.0,0.0
984.1600818252989,40.0,0.0
984.1744400195568,39.0,0.0
984.1787350935995,38.0,0.0
984.1931479315775,39.0,0.0
984.2021161109648,40.0,0.0
984.2045874640393,41.0,0.0
984.2140778411901,40.0,0.0
984.2202558473632,41.0,0.0
984.2222948466754,40.0,0.0
984.2350865006983,39.0,0.0
984.2478651430437,40.0,0.0
984.2509058677133,41.0,0.0
984.259949424229,42.0,0.0
984.2667254067668,41.0,0.0
984.2684084110625,40.0,0.0
984.2707431869437,41.0,0.0
984.2717742461169,40.0,0.0
984.2781770760486,39.0,0.0
984.2802844118925,38.0,0.0
984.3023139721375,39.0,0.0
984.3054890086972,38.0,0.0
984.3129161205115,39.0,0.0
984.3138286674747,40.0,0.0
984.31490413742,39.0,0.0
984.3194465051869,38.0,0.0
984.3196486431921,39.0,0.0
984.3238819840225,40.0,0.0
984.3322444461973,41.0,0.0
984.3325614344013,40.0,0.0
984.3341482970728,41.0,0.0
984.3347994288887,42.0,0.0
984.3429171503503,41.0,0.0
984.3498717715795,40.0,0.0
984.3505090448043,41.0,0.0
984.3529720272883,42.0,0.0
984.3651881714667,41.0,0.0
984.3679644044655,42.0,0.0
984.3801452455274,41.0,0.0
984.3882053815837,40.0,0.0
984.3947417528863,39.0,0.0
984.3992012674596,38.0,0.0
984.4033413388892,39.0,0.0
984.4051144207992,38.0,0.0
984.4120572772091,37.0,0.0
984.4271567768324,38.0,0.0
984.4296852796896,39.0,0.0
984.439985651406,38.0,0.0
984.4459976558959,37.0,0.0
984.4614249624975,38.0,0.0
984.4665441203092,37.0,0.0
984.4749632843088,38.0,0.0
984.4777170274945,37.0,0.0
984.486921077409,38.0,0.0
984.4869421953568,37.0,0.0
984.5159094748542,36.0,0.0
984.5184756155663,35.0,0.0
984.5209101822563,34.0,0.0
984.5327510205377,35.0,0.0
984.5330182386036,34.0,0.0
984.533955539347,33.0,0.0
984.5361987616484,34.0,0.0
984.5398304385752,33.0,0.0
984.545761952606,32.0,0.0
984.5474653392042,33.0,0.0
984.557712357671,32.0,0.0
984.5633411780233,31.0,0.0
984.5645684728348,30.0,0.0
984.5673319887354,31.0,0.0
984.5747347404122,30.0,0.0
984.5834439136345,29.0,0.0
984.5845353300183,30.0,0.0
984.5891462058166,31.0,0.0
984.5982106367175,32.0,0.0
984.6008376809854,31.0,0.0
984.6049827405888,32.0,0.0
984.6056263034819,33.0,0.0
984.608614536706,34.0,0.0
984.6088956910772,35.0,0.0
984.6164299671404,36.0,0.0
984.61823883149,35.0,0.0
984.6199716406305,36.0,0.0
984.6344158921108,37.0,0.0
984.6381123937459,38.0,0.0
984.6399694829705,37.0,0.0
984.6526939659643,38.0,0.0
984.6579635943917,39.0,0.0
984.6588986124428,40.0,0.0
984.6619175607988,39.0,0.0
984.6631026697327,40.0,0.0
984.6646759956486,41.0,0.0
984.6706100846652,40.0,0.0
984.671375714824,39.0,0.0
984.6725931261229,38.0,0.0
984.6754974846913,37.0,0.0
984.6924725565381,38.0,0.0
984.6996918637357,37.0,0.0
984.7122147321446,38.0,0.0
984.7123941171211,39.0,0.0
984.7232741692076,40.0,0.0
984.7319102343811,41.0,0.0
984.7363647365738,40.0,0.0
984.7425541711068,41.0,0.0
984.752951939307,42.0,0.0
984.7588335630029,43.0,0.0
984.7627927935491,42.0,0.0
984.7630372146414,43.0,0.0
984.7653228410733,44.0,0.0
984.7700556001865,43.0,0.0
984.7721303765153,42.0,0.0
984.7733690324238,43.0,0.0
984.7777850193195,42.0,0.0
984.7799454723112,43.0,0.0
984.7837958473248,44.0,0.0
984.785126426574,45.0,0.0
984.7895588349387,46.0,0.0
984.7969122328086,45.0,0.0
984.8081445102684,44.0,0.0
984.8150167464345,43.0,0.0
984.8188730221395,44.0,0.0
984.8215171996521,45.0,0.0
984.8217131528122,46.0,0.0
984.8228510649407,45.0,0.0
984.8270609358932,44.0,0.0
984.8316496155018,43.0,0.0
984.8435422223939,42.0,0.0
984.854290517422,41.0,0.0
984.858013993061,40.0,0.0
984.8591006281758,41.0,0.0
984.8667321195817,42.0,0.0
984.8680931380327,41.0,0.0
984.8739692589411,42.0,0.0
984.8775346833279,41.0,0.0
984.8806145844346,40.0,0.0
984.8815965035939,41.0,0.0
984.8857680847975,40.0,0.0
984.887975846188,39.0,0.0
984.8908572043196,38.0,0.0
984.8942135701707,37.0,0.0
984.9004456973792,38.0,0.0
984.9067867795216,39.0,0.0
984.9098394664292,40.0,0.0
984.9114783323813,39.0,0.0
984.9129689474487,38.0,0.0
984.9144908474718,39.0,0.0
984.9168126346007,40.0,0.0
984.9209362432198,41.0,0.0
984.9334566684548,42.0,0.0
984.9383732684734,41.0,0.0
984.9392797465165,40.0,0.0
984.947375673778,39.0,0.0
984.9494628990033,40.0,0.0
984.9564111910967,39.0,0.0
984.9708847689847,40.0,0.0
984.9733056859727,41.0,0.0
984.9751665967096,42.0,0.0
984.9810849687161,43.0,0.0
984.982560504148,44.0,0.0
984.9852311959875,45.0,0.0
984.9980210299049,46.0,0.0
985.0027673949407,47.0,0.0
985.0050418476,46.0,0.0
985.0068793151511,45.0,0.0
985.0096933129984,46.0,0.0
985.0109877146137,47.0,0.0
985.0124330589479,48.0,0.0
985.0133475966749,47.0,0.0
985.0136960561289,46.0,0.0
985.015285758573,47.0,0.0
985.0236394982973,48.0,0.0
985.0284992344542,49.0,0.0
985.0313814451516,50.0,0.0
985.0322274107673,49.0,0.0
985.0341130947804,50.0,0.0
985.0373173047153,51.0,0.0
985.0454551852482,52.0,0.0
985.0490412358163,53.0,0.0
985.0493918649347,54.0,0.0
985.0544957436717,55.0,0.0
985.0563232650808,54.0,0.0
985.057047989367,53.0,0.0
985.0651424819474,52.0,0.0
985.0689463681798,53.0,0.0
985.0729637425596,54.0,0.0
985.0750342712314,55.0,0.0
985.0757234938312,54.0,0.0
985.0891915803022,55.0,0.0
985.0992438883137,56.0,0.0
985.1018780993344,57.0,0.0
985.1055366316273,58.0,0.0
985.1117304325899,59.0,0.0
985.1207518936502,60.0,0.0
985.1223258131715,59.0,0.0
985.1270006187964,58.0,0.0
985.1312487846345,59.0,0.0
985.1400685702263,60.0,0.0
985.1424049448743,61.0,0.0
985.1489663206494,60.0,0.0
985.1518092098662,59.0,0.0
985.1527937494658,60.0,0.0
985.153598039093,59.0,0.0
985.1620424229839,60.0,0.0
985.1812663174712,61.0,0.0
985.1846896363751,62.0,0.0
985.1859510730997,61.0,0.0
985.1898668182242,62.0,0.0
985.1905880864132,63.0,0.0
985.1957687367263,64.0,0.0
985.2012528520871,65.0,0.0
985.2018778841693,64.0,0.0
985.2022008414013,63.0,0.0
985.2080945758468,64.0,0.0
985.2083830312042,65.0,0.0
985.2177328696404,66.0,0.0
985.2191426226215,65.0,0.0
985.220640566703,66.0,0.0
985.2260737571985,67.0,0.0
985.2309474552001,68.0,0.0
985.2312996227658,69.0,0.0
985.2329285559991,70.0,0.0
985.2440988031777,69.0,0.0
985.2498603926108,68.0,0.0
985.2507135263013,69.0,0.0
985.2508764827147,70.0,0.0
985.2512912284933,71.0,0.0
985.2645464032247,72.0,0.0
985.2660252781704,73.0,0.0
985.2672579442445,74.0,0.0
985.2730797396064,73.0,0.0
985.2770978275659,72.0,0.0
985.2792432677209,71.0,0.0
985.2936205056646,72.0,0.0
985.2975446070288,73.0,0.0
985.2994811319562,72.0,0.0
985.3003529382436,71.0,0.0
985.3024861182969,72.0,0.0
985.3030752862843,73.0,0.0
985.3132104766727,74.0,0.0
985.3161926581349,73.0,0.0
985.3179943863391,74.0,0.0
985.3187347976377,75.0,0.0
985.3262576826215,76.0,0.0
985.3268003447873,77.0,0.0
985.3268593161513,78.0,0.0
985.3300797908165,79.0,0.0
985.3315424549248,78.0,0.0
985.3356214929943,79.0,0.0
985.3377079845533,78.0,0.0
985.3451647997807,79.0,0.0
985.3508670116213,80.0,0.0
985.3622500111429,79.0,0.0
985.3650123321073,80.0,0.0
985.3832092560491,79.0,0.0
985.3838355081463,78.0,0.0
985.3858855566348,79.0,0.0
985.3896473819078,78.0,0.0
985.4141144930219,79.0,0.0
985.417427758989,80.0,0.0
985.419278800651,79.0,0.0
985.4254040573073,80.0,0.0
985.4262281823741,81.0,0.0
985.4337487553332,82.0,0.0
985.4382047381929,81.0,0.0
985.4498339609592,82.0,0.0
985.4600735737496,83.0,0.0
985.467427426657,82.0,0.0
985.4731298108481,81.0,0.0
985.4829669565717,82.0,0.0
985.4836521631386,83.0,0.0
985.488806153843,82.0,0.0
985.4891478429646,83.0,0.0
985.4933485677333,84.0,0.0
985.4950291481058,85.0,0.0
985.5052157152307,86.0,0.0
985.5095916416349,87.0,0.0
985.5363481267522,86.0,0.0
985.54308348551,85.0,0.0
985.5463965772378,84.0,0.0
985.548683787551,83.0,0.0
985.5636736895087,84.0,0.0
985.5773247160251,83.0,0.0
985.5807104197759,84.0,0.0
985.5830896656203,85.0,0.0
985.5844535157055,84.0,0.0
985.5871356531459,85.0,0.0
985.5884009001122,84.0,0.0
985.588423464459,85.0,0.0
985.5897779574735,86.0,0.0
985.5927846796369,87.0,0.0
985.5978653586797,88.0,0.0
985.6062469058207,89.0,0.0
985.6070928503582,90.0,0.0
985.6091034661839,89.0,0.0
985.6109838831397,88.0,0.0
985.6217098374902,89.0,0.0
985.6222870503904,90.0,0.0
985.624427570153,89.0,0.0
985.6285312986025,90.0,0.0
985.6315770112126,91.0,0.0
985.6384051269366,90.0,0.0
985.6487482173411,89.0,0.0
985.6509771990864,90.0,0.0
985.6523815211544,91.0,0.0
985.6533252472271,90.0,0.0
985.6602000212694,91.0,0.0
985.6685775103764,92.0,0.0
985.6767953217385,91.0,0.0
985.6809676543244,90.0,0.0
985.6882053412453,91.0,0.0
985.695469758423,90.0,0.0
985.7096153932622,89.0,0.0
985.7106466961059,90.0,0.0
985.7126640107432,91.0,0.0
985.724628223855,92.0,0.0
985.7416985937384,91.0,0.0
985.7432546423884,92.0,0.0
985.7521161960528,91.0,0.0
985.7542153379039,92.0,0.0
985.7597493135796,93.0,0.0
985.763593499558,94.0,0.0
985.7641181237221,93.0,0.0
985.7647571264541,92.0,0.0
985.7661137266188,91.0,0.0
985.7686650332115,92.0,0.0
985.7690283931266,91.0,0.0
985.771969419337,92.0,0.0
985.7750164043587,91.0,0.0
985.7791500692913,92.0,0.0
985.7848880414961,93.0,0.0
985.799619312371,94.0,0.0
985.8126493784373,93.0,0.0
985.8148030575608,94.0,0.0
985.8161728892921,95.0,0.0
985.817271510953,94.0,0.0
985.8258103175892,93.0,0.0
985.8339682382834,92.0,0.0
985.8355756329278,91.0,0.0
985.8424910062865,92.0,0.0
985.8468906806473,93.0,0.0
985.8576236350001,94.0,0.0
985.8585265985841,95.0,0.0
985.8654420380416,94.0,0.0
985.8746046481991,93.0,0.0
985.8764524608697,92.0,0.0
985.8890363754048,93.0,0.0
985.8899266129131,92.0,0.0
985.8908095818304,93.0,0.0
985.8928096536823,92.0,0.0
985.9014518860342,91.0,0.0
985.9163554343016,92.0,0.0
985.9194254467086,91.0,0.0
985.922575708648,92.0,0.0
985.9338265534888,93.0,0.0
985.9401112530129,94.0,0.0
985.9447668808298,93.0,0.0
985.945738261523,92.0,0.0
985.9522590999078,93.0,0.0
985.9543141749502,92.0,0.0
985.9619307744154,91.0,0.0
985.9635931946262,92.0,0.0
985.9704180273762,91.0,0.0
985.9994499614827,90.0,0.0
986.0095768981902,89.0,0.0
986.0104385811096,90.0,0.0
986.0165221487063,89.0,0.0
986.017260474741,88.0,0.0
986.0201558404109,89.0,0.0
986.0202274395756,90.0,0.0
986.0222460061784,91.0,0.0
986.0283045891584,90.0,0.0
986.0317011781973,89.0,0.0
986.0352984816318,88.0,0.0
986.0371181784673,89.0,0.0
986.039041917388,90.0,0.0
986.0454970956563,89.0,0.0
986.0491522076194,88.0,0.0
986.0620373662073,89.0,0.0
986.0626403586815,90.0,0.0
986.0729709770285,89.0,0.0
986.0839031283957,90.0,0.0
986.0842826557957,89.0,0.0
986.0874930157341,90.0,0.0
986.0932559999327,89.0,0.0
986.1019478718817,88.0,0.0
986.104107972794,87.0,0.0
986.1115778556866,88.0,0.0
986.1193451387568,89.0,0.0
986.1203921252684,90.0,0.0
986.1352115679806,89.0,0.0
986.1352757208768,90.0,0.0
986.1374722464561,91.0,0.0
986.1405981899032,92.0,0.0
986.1421895930257,93.0,0.0
986.146454620132,92.0,0.0
986.1537311317433,93.0,0.0
986.1657065363875,94.0,0.0
986.170344679408,95.0,0.0
986.1742839574982,94.0,0.0
986.1785790771776,95.0,0.0
986.1881942798266,94.0,0.0
986.1908064729614,95.0,0.0
986.1939484031452,96.0,0.0
986.1980812648607,95.0,0.0
986.2045623095543,94.0,0.0
986.2157501858616,95.0,0.0
986.2253695066134,96.0,0.0
986.2506396096112,97.0,0.0
986.2534807956323,96.0,0.0
986.2555117183472,95.0,0.0
986.2561969015446,96.0,0.0
986.2582438365928,97.0,0.0
986.268378445412,98.0,0.0
986.2749608186168,99.0,0.0
986.2775032151789,100.0,0.0
986.2849034827017,99.0,0.0
986.287152068419,98.0,0.0
986.2933274680016,97.0,0.0
986.2965940434617,98.0,0.0
986.3008257457382,99.0,0.0
986.3036196165269,98.0,0.0
986.3142241568003,99.0,0.0
986.3143005185791,100.0,0.0
986.3248082662038,101.0,0.0
986.3310425180136,102.0,0.0
986.3529647452159,101.0,0.0
986.367649706226,102.0,0.0
986.3694782788282,101.0,0.0
986.3703307770555,100.0,0.0
986.3705794963007,101.0,0.0
986.3718378606718,102.0,0.0
986.3727565128644,101.0,0.0
986.3919489333982,102.0,0.0
986.3923305098364,101.0,0.0
986.3979305631685,100.0,0.0
986.3982488935156,101.0,0.0
986.4013939422471,102.0,0.0
986.4100963883569,103.0,0.0
986.4186970626585,102.0,0.0
986.4432040920645,101.0,0.0
986.4552586162077,102.0,0.0
986.4626107846524,101.0,0.0
986.4660799113793,102.0,0.0
986.4695853201132,101.0,0.0
986.4702380822913,102.0,0.0
986.470649236313,101.0,0.0
986.4792351021377,100.0,0.0
986.4799817363887,99.0,0.0
986.4880674510387,100.0,0.0
986.4916001684475,99.0,0.0
986.493876336704,100.0,0.0
986.504995040811,99.0,0.0
986.5115823637349,100.0,0.0
986.515707538752,99.0,0.0
986.5277908725095,100.0,0.0
986.5298171535087,101.0,0.0
986.5434832214379,102.0,0.0
986.5475672321595,101.0,0.0
986.5493049101517,100.0,0.0
986.5519856119838,99.0,0.0
986.5669057129484,98.0,0.0
986.567719648329,99.0,0.0
986.5677429850808,98.0,0.0
986.5705328368949,99.0,0.0
986.5706291766033,100.0,0.0
986.5722762555876,101.0,0.0
986.5773696535894,100.0,0.0
986.5786617954128,99.0,0.0
986.5881964832676,100.0,0.0
986.5913712283592,101.0,0.0
986.5992041738613,100.0,0.0
986.6072488524819,99.0,0.0
986.6086164836299,100.0,0.0
986.6103554033713,101.0,0.0
986.6222464183236,100.0,0.0
986.6232208788753,99.0,0.0
986.6338616145204,98.0,0.0
986.6354240376337,97.0,0.0
986.637432087337,98.0,0.0
986.638108197733,99.0,0.0
986.6505913203606,100.0,0.0
986.6511149642186,99.0,0.0
986.6536940444689,98.0,0.0
986.6789200021898,99.0,0.0
986.6927982987407,98.0,0.0
986.6946634605702,97.0,0.0
986.6950362310438,98.0,0.0
986.6961237201654,97.0,0.0
986.7002126973903,98.0,0.0
986.7030797219372,99.0,0.0
986.7139774290258,98.0,0.0
986.715096401622,99.0,0.0
986.7184760551976,98.0,0.0
986.7407553199463,97.0,0.0
986.7456786450458,96.0,0.0
986.7458721053179,97.0,0.0
986.7462724164101,96.0,0.0
986.7613272801601,97.0,0.0
986.7620780458542,96.0,0.0
986.7643012118554,97.0,0.0
986.7740888089594,96.0,0.0
986.7748579890751,95.0,0.0
986.7766397053828,94.0,0.0
986.7806244826758,95.0,0.0
986.7858606996099,94.0,0.0
986.7926056813262,95.0,0.0
986.7963058431258,94.0,0.0
986.8078349345691,95.0,0.0
986.8079325333235,96.0,0.0
986.8243013826165,95.0,0.0
986.8264841849876,96.0,0.0
986.8308131646203,95.0,0.0
986.8409904904108,94.0,0.0
986.8424624729386,95.0,0.0
986.8458364790848,94.0,0.0
986.846788107099,93.0,0.0
986.8588798659787,94.0,0.0
986.8592972807011,95.0,0.0
986.8630554657947,94.0,0.0
986.8675125153288,95.0,0.0
986.8725228524282,96.0,0.0
986.8853221612117,97.0,0.0
986.8875681052883,96.0,0.0
986.8928360347979,97.0,0.0
986.9032334395106,98.0,0.0
986.9043792388208,99.0,0.0
986.9052046878306,98.0,0.0
986.9070460789475,99.0,0.0
986.9178934936047,100.0,0.0
986.9179502571727,99.0,0.0
986.9197170165223,100.0,0.0
986.921186967429,101.0,0.0
986.9215748601898,102.0,0.0
986.9249896278816,103.0,0.0
986.9269922729461,104.0,0.0
986.9344038071368,103.0,0.0
986.9389396240108,102.0,0.0
986.9493523212043,103.0,0.0
986.9677745252659,104.0,0.0
986.9759914347464,105.0,0.0
986.989667886101,104.0,0.0
986.991363649407,105.0,0.0
987.0002837455664,104.0,0.0
987.0004506174753,103.0,0.0
987.001427472333,104.0,0.0
987.0088770243865,103.0,0.0
987.0157455047644,102.0,0.0
987.0195675565787,103.0,0.0
987.0294696547526,104.0,0.0
987.0295582374586,103.0,0.0
987.0357723025887,104.0,0.0
987.0512235606077,105.0,0.0
987.052265996995,104.0,0.0
987.0692766879065,105.0,0.0
987.0694906057806,106.0,0.0
987.0716556998779,105.0,0.0
987.072221465895,104.0,0.0
987.0809334543402,105.0,0.0
987.0852787323114,106.0,0.0
987.0892301181141,107.0,0.0
987.0897441796889,106.0,0.0
987.0961606127129,107.0,0.0
987.0993570224954,108.0,0.0
987.1041934120913,107.0,0.0
987.1078514679286,108.0,0.0
987.1112139621769,107.0,0.0
987.1207700476267,108.0,0.0
987.1220696210231,109.0,0.0
987.1235673237555,110.0,0.0
987.1253284668437,111.0,0.0
987.1262097197513,112.0,0.0
987.1264240260348,111.0,0.0
987.1292373332485,112.0,0.0
987.1327826370765,111.0,0.0
987.1405066669661,112.0,0.0
987.1535131870471,111.0,0.0
987.1623652302808,112.0,0.0
987.1625446580937,111.0,0.0
987.1674596540716,112.0,0.0
987.1693864763881,111.0,0.0
987.1711529594141,110.0,0.0
987.1722746486362,111.0,0.0
987.1809367164061,110.0,0.0
987.1898197323206,109.0,0.0
987.191927017501,110.0,0.0
987.1955194265532,111.0,0.0
987.2010376938942,112.0,0.0
987.2048261950756,111.0,0.0
987.2175592915946,112.0,0.0
987.2220797130399,111.0,0.0
987.2227525079579,112.0,0.0
987.2453768643884,113.0,0.0
987.2464333134836,112.0,0.0
987.2464606646361,111.0,0.0
987.2532445223284,110.0,0.0
987.2663614071495,111.0,0.0
987.2766329632276,112.0,0.0
987.2910448293837,113.0,0.0
987.2928227582175,112.0,0.0
987.3071458139315,111.0,0.0
987.3083007289573,112.0,0.0
987.3143935257532,111.0,0.0
987.318393866949,110.0,0.0
987.3195787220654,109.0,0.0
987.3197755656417,110.0,0.0
987.3255429695259,111.0,0.0
987.3331146563266,110.0,0.0
987.3375373902585,111.0,0.0
987.3417335350558,110.0,0.0
987.3447423229323,109.0,0.0
987.35107517876,108.0,0.0
987.3520162807935,107.0,0.0
987.3683014629711,108.0,0.0
987.3754593006246,109.0,0.0
987.3761227037265,110.0,0.0
987.3761262099852,111.0,0.0
987.3772264644921,112.0,0.0
987.3838102008551,111.0,0.0
987.3855696052033,110.0,0.0
987.3906572205949,109.0,0.0
987.3916084239493,108.0,0.0
987.3929533951745,109.0,0.0
987.4036487865977,108.0,0.0
987.4078770729143,109.0,0.0
987.4093022702202,108.0,0.0
987.4196987075718,109.0,0.0
987.4226162334261,108.0,0.0
987.4311072390636,109.0,0.0
987.4418820331159,108.0,0.0
987.4440566523674,107.0,0.0
987.4470147949643,108.0,0.0
987.4470468844759,109.0,0.0
987.4480086808672,108.0,0.0
987.4516842824984,109.0,0.0
987.4524363448554,110.0,0.0
987.454116381047,111.0,0.0
987.4567334149904,112.0,0.0
987.4716632142893,113.0,0.0
987.4723463325905,114.0,0.0
987.4726282641275,115.0,0.0
987.4821712642622,114.0,0.0
987.4966217253262,113.0,0.0
987.4986382998994,112.0,0.0
987.4986590039167,111.0,0.0
987.5042149644149,112.0,0.0
987.5061593307196,111.0,0.0
987.5087557657155,110.0,0.0
987.5093535775682,111.0,0.0
987.5107302395705,112.0,0.0
987.5125969851312,113.0,0.0
987.5195351923658,112.0,0.0
987.5302211538135,111.0,0.0
987.5351079108433,112.0,0.0
987.5382024519465,113.0,0.0
987.5487999532413,114.0,0.0
987.5501009587533,113.0,0.0
987.5545679662737,114.0,0.0
987.5589779808229,115.0,0.0
987.5605405083517,114.0,0.0
987.5608252859819,115.0,0.0
987.5632079271105,116.0,0.0
987.5640719620961,115.0,0.0
987.5705877069049,116.0,0.0
987.571562909597,115.0,0.0
987.5741955760943,116.0,0.0
987.5796865765594,115.0,0.0
987.5832719667985,114.0,0.0
987.5935659892552,115.0,0.0
987.5968975797961,116.0,0.0
987.605025086184,117.0,0.0
987.6096388214711,116.0,0.0
987.6127525601298,115.0,0.0
987.6200698546776,114.0,0.0
987.6205042678819,115.0,0.0
987.6210581188878,116.0,0.0
987.6220238835864,117.0,0.0
987.6248434760898,118.0,0.0
987.6360823438978,119.0,0.0
987.6459824717493,120.0,0.0
987.6481658324066,121.0,0.0
987.6721661179214,122.0,0.0
987.675807244235,123.0,0.0
987.6765400815774,122.0,0.0
987.6780808196968,121.0,0.0
987.6860477187512,120.0,0.0
987.6896267092397,119.0,0.0
987.6900366928537,118.0,0.0
987.6903253080721,117.0,0.0
987.6915046520705,116.0,0.0
987.6970081359789,115.0,0.0
987.7151848300336,116.0,0.0
987.7165251105381,117.0,0.0
987.7182350708778,118.0,0.0
987.719999815055,117.0,0.0
987.7212898825228,116.0,0.0
987.7267579310408,115.0,0.0
987.7284000713919,114.0,0.0
987.7292619795375,113.0,0.0
987.7322486090978,114.0,0.0
987.7353154115542,113.0,0.0
987.7452484171848,112.0,0.0
987.7481640078993,113.0,0.0
987.7521540534646,112.0,0.0
987.7594408697789,111.0,0.0
987.7710462964839,110.0,0.0
987.7731394184532,109.0,0.0
987.774041424543,110.0,0.0
987.7750412673396,109.0,0.0
987.777238615414,108.0,0.0
987.7878904359861,109.0,0.0
987.7886066788474,110.0,0.0
987.7981399821799,111.0,0.0
987.8019953074293,112.0,0.0
987.8041793672077,113.0,0.0
987.804427819657,114.0,0.0
987.806298867705,113.0,0.0
987.8106894997761,114.0,0.0
987.8172072900434,115.0,0.0
987.8185508490881,114.0,0.0
987.8248396406349,115.0,0.0
987.8334011038356,116.0,0.0
987.8498800383327,115.0,0.0
987.8581374178261,116.0,0.0
987.8594139048608,117.0,0.0
987.863537755257,116.0,0.0
987.866555586715,117.0,0.0
987.8681699759736,118.0,0.0
987.8780066769227,117.0,0.0
987.8815845914072,116.0,0.0
987.8934532085743,115.0,0.0
987.8935248114971,116.0,0.0
987.8967371262355,117.0,0.0
987.8994351354205,118.0,0.0
987.9009961094764,119.0,0.0
987.9045177136338,118.0,0.0
987.9060047561472,117.0,0.0
987.9098175207894,116.0,0.0
987.9190743143854,115.0,0.0
987.9212779296153,114.0,0.0
987.9230288618483,113.0,0.0
987.9234487541187,114.0,0.0
987.9366654479861,113.0,0.0
987.9381580429218,112.0,0.0
987.947097525814,113.0,0.0
987.9490079691751,112.0,0.0
987.9552680668138,113.0,0.0
987.9572823320203,114.0,0.0
987.9611219533065,113.0,0.0
987.9623068613477,114.0,0.0
987.976306116108,115.0,0.0
987.9785658253741,116.0,0.0
987.9810732907671,117.0,0.0
987.9816825509776,118.0,0.0
987.9843215437493,117.0,0.0
987.9870957001085,116.0,0.0
987.9880380505034,117.0,0.0
987.992579607135,118.0,0.0
988.0018962472922,119.0,0.0
988.0105788233976,118.0,0.0
988.0121123339301,117.0,0.0
988.0167131739486,116.0,0.0
988.0201579841137,115.0,0.0
988.0492231397603,114.0,0.0
988.0544696922135,113.0,0.0
988.0545088423669,112.0,0.0
988.078046069525,111.0,0.0
988.0849412149951,112.0,0.0
988.0902599390939,113.0,0.0
988.0919286341154,112.0,0.0
988.0949935909225,113.0,0.0
988.1145957485586,114.0,0.0
988.1176912855473,115.0,0.0
988.1222817468704,114.0,0.0
988.1240224377888,115.0,0.0
988.140275828039,114.0,0.0
988.1441075880266,113.0,0.0
988.1486935257069,114.0,0.0
988.151820941078,115.0,0.0
988.162803220802,116.0,0.0
988.1772893267056,115.0,0.0
988.1851667175565,116.0,0.0
988.2044110050102,115.0,0.0
988.217364820971,114.0,0.0
988.2317318841453,113.0,0.0
988.2393471467512,114.0,0.0
988.24119142699,115.0,0.0
988.2458927549374,116.0,0.0
988.2500324109291,117.0,0.0
988.2502377958932,118.0,0.0
988.2527697099179,117.0,0.0
988.2598496517002,118.0,0.0
988.2726310693164,117.0,0.0
988.2735196573009,116.0,0.0
988.2751082926777,117.0,0.0
988.2818343108269,116.0,0.0
988.2886654126925,117.0,0.0
988.2924368680006,116.0,0.0
988.2924830924494,115.0,0.0
988.2941459900644,114.0,0.0
988.2985040660026,113.0,0.0
988.3018719678479,112.0,0.0
988.3022520084453,111.0,0.0
988.3118174592348,112.0,0.0
988.3170138228232,111.0,0.0
988.3208949174717,112.0,0.0
988.3219579484722,111.0,0.0
988.3240547080028,110.0,0.0
988.3288270786907,111.0,0.0
988.3288569041306,110.0,0.0
988.3311615945668,111.0,0.0
988.3470452251447,110.0,0.0
988.353811879165,111.0,0.0
988.3604348493581,110.0,0.0
988.3619207747413,109.0,0.0
988.3693639791342,110.0,0.0
988.3713639449979,111.0,0.0
988.3783894760627,112.0,0.0
988.3805773568268,111.0,0.0
988.3943647105415,110.0,0.0
988.397270319581,111.0,0.0
988.4010221638121,110.0,0.0
988.407822562841,111.0,0.0
988.41961776657,112.0,0.0
988.426452975605,113.0,0.0
988.4278769152127,114.0,0.0
988.4285975460313,115.0,0.0
988.4297915693362,114.0,0.0
988.4407131448995,115.0,0.0
988.4430188407804,114.0,0.0
988.4469517240814,113.0,0.0
988.4485602414961,114.0,0.0
988.4526378011707,115.0,0.0
988.4530639683406,116.0,0.0
988.4635708905225,117.0,0.0
988.4642158625907,116.0,0.0
988.4655468239081,115.0,0.0
988.4705199742755,114.0,0.0
988.4759813534389,113.0,0.0
988.4813924721775,114.0,0.0
988.4978722835834,113.0,0.0
988.5000993439669,112.0,0.0
988.5067360607042,113.0,0.0
988.522265697649,112.0,0.0
988.5343502664559,111.0,0.0
988.5419070306062,112.0,0.0
988.5485107834854,113.0,0.0
988.5485336505586,114.0,0.0
988.5558307053493,113.0,0.0
988.5671667379478,112.0,0.0
988.570998235918,113.0,0.0
988.5751081672151,112.0,0.0
988.5757383539425,111.0,0.0
988.5883377764695,112.0,0.0
988.5942543649737,111.0,0.0
988.594663077734,110.0,0.0
988.5994732682673,111.0,0.0
988.5999679329591,112.0,0.0
988.6063639403546,111.0,0.0
988.6126474157653,110.0,0.0
988.6152115967783,111.0,0.0
988.6172357257087,110.0,0.0
988.6307470670096,111.0,0.0
988.6309899147162,112.0,0.0
988.6363592502687,113.0,0.0
988.6404056733732,114.0,0.0
988.6443893887555,115.0,0.0
988.6466693641207,116.0,0.0
988.6501776458173,117.0,0.0
988.6511597081335,118.0,0.0
988.6638470607426,117.0,0.0
988.6645041587966,118.0,0.0
988.6665136229369,119.0,0.0
988.6690316550665,118.0,0.0
988.6722556584112,117.0,0.0
988.6770450017968,116.0,0.0
988.6809468841049,117.0,0.0
988.6868098534137,118.0,0.0
988.6981443134074,119.0,0.0
988.7227480324716,120.0,0.0
988.7279970955092,121.0,0.0
988.731761725806,120.0,0.0
988.7361850954876,119.0,0.0
988.7394536960319,118.0,0.0
988.7421682820852,119.0,0.0
988.7470153806988,118.0,0.0
988.7477264784332,119.0,0.0
988.7503702908957,120.0,0.0
988.7543694936272,119.0,0.0
988.7555482017207,120.0,0.0
988.7642136872834,121.0,0.0
988.7768646067902,122.0,0.0
988.7799631519674,121.0,0.0
988.7809096693117,122.0,0.0
988.7914948034619,121.0,0.0
988.7954036970209,120.0,0.0
988.7998279031631,121.0,0.0
988.8002240467248,120.0,0.0
988.8019909210713,121.0,0.0
988.8076276096374,120.0,0.0
988.8083807431747,119.0,0.0
988.8136132918809,120.0,0.0
988.8158468020325,119.0,0.0
988.8185686548255,120.0,0.0
988.8215718217292,121.0,0.0
988.8285977180349,120.0,0.0
988.8320949158273,121.0,0.0
988.8330420097777,120.0,0.0
988.8373070466606,119.0,0.0
988.8415589469189,120.0,0.0
988.841629032826,119.0,0.0
988.843746352867,120.0,0.0
988.8448584223889,119.0,0.0
988.8611703570116,120.0,0.0
988.8680988643765,119.0,0.0
988.8755308249093,118.0,0.0
988.8775446983097,117.0,0.0
988.8858041371521,118.0,0.0
988.8927987040022,117.0,0.0
988.8955911359466,118.0,0.0
988.9112589286627,117.0,0.0
988.9225385155172,116.0,0.0
988.9227061308455,115.0,0.0
988.9251140385676,116.0,0.0
988.9259667380798,115.0,0.0
988.9373554856348,116.0,0.0
988.9381253193405,115.0,0.0
988.9482995085684,114.0,0.0
988.9540745895497,113.0,0.0
988.973374353222,114.0,0.0
988.9784866808174,113.0,0.0
988.9829954945734,114.0,0.0
988.9916883042604,115.0,0.0
989.0160797112541,116.0,0.0
989.0164182651514,115.0,0.0
989.0348687452237,114.0,0.0
989.0453596265764,115.0,0.0
989.0502889715201,116.0,0.0
989.0521693018583,115.0,0.0
989.0639447492396,116.0,0.0
989.0682196333578,117.0,0.0
989.070767546288,118.0,0.0
989.0813955384207,117.0,0.0
989.0969556616825,116.0,0.0
989.10460802665,117.0,0.0
989.1069934475155,116.0,0.0
989.1184894370235,117.0,0.0
989.1235576792552,118.0,0.0
989.123608567027,119.0,0.0
989.136634953005,120.0,0.0
989.1377671143181,119.0,0.0
989.1425719634848,118.0,0.0
989.1433290080281,117.0,0.0
989.1536200296256,118.0,0.0
989.1601469063219,119.0,0.0
989.1683329035901,118.0,0.0
989.1698625101043,119.0,0.0
989.1799397194051,118.0,0.0
989.1808843159531,119.0,0.0
989.1910146836603,118.0,0.0
989.1956355153985,117.0,0.0
989.1959553472431,118.0,0.0
989.2038568005788,117.0,0.0
989.2052193027713,116.0,0.0
989.2092217087556,115.0,0.0
989.2134348723871,114.0,0.0
989.2221743717856,113.0,0.0
989.2247744685957,114.0,0.0
989.2253823267042,113.0,0.0
989.2254766829543,114.0,0.0
989.22658892548,115.0,0.0
989.2266107793686,116.0,0.0
989.2318971659095,115.0,0.0
989.2406111893488,114.0,0.0
989.2439977870504,115.0,0.0
989.248482096297,114.0,0.0
989.2499471499663,115.0,0.0
989.2547283200848,116.0,0.0
989.2571390876478,117.0,0.0
989.2602395093006,118.0,0.0
989.2676346511182,117.0,0.0
989.282769325625,116.0,0.0
989.2955439268682,117.0,0.0
989.3058535631836,118.0,0.0
989.3090223621588,119.0,0.0
989.3095728617369,120.0,0.0
989.310424105633,119.0,0.0
989.3159472908446,118.0,0.0
989.31665704824,119.0,0.0
989.318462914756,118.0,0.0
989.3223554791834,119.0,0.0
989.3250521381094,118.0,0.0
989.3295306770223,119.0,0.0
989.3345252231146,120.0,0.0
989.3359608791543,121.0,0.0
989.3366029351636,122.0,0.0
989.3419995447873,121.0,0.0
989.3427010654436,120.0,0.0
989.3521386119298,119.0,0.0
989.353891104689,120.0,0.0
989.3568079374105,119.0,0.0
989.3594869650826,118.0,0.0
989.3597040474964,117.0,0.0
989.373665208248,116.0,0.0
989.378175310303,117.0,0.0
989.3815671960976,116.0,0.0
989.400659359933,115.0,0.0
989.4085519857674,116.0,0.0
989.4107847553336,117.0,0.0
989.4153029704729,118.0,0.0
989.4323607609492,117.0,0.0
989.4358286005258,118.0,0.0
989.4424982748877,119.0,0.0
989.4463533389562,118.0,0.0
989.4466407410067,119.0,0.0
989.4511587309136,120.0,0.0
989.4513403969268,119.0,0.0
989.4551370774411,118.0,0.0
989.4600808925726,117.0,0.0
989.4761934637296,118.0,0.0
989.4814416566331,119.0,0.0
989.4865572337284,120.0,0.0
989.4877350048043,121.0,0.0
989.4986929162316,120.0,0.0
989.5046807196799,121.0,0.0
989.5092830527713,120.0,0.0
989.5151392052959,119.0,0.0
989.5189404643036,120.0,0.0
989.5200706129017,121.0,0.0
989.5211131351668,122.0,0.0
989.5323309293267,121.0,0.0
989.5371054559936,120.0,0.0
989.5392082800363,121.0,0.0
989.5394468312584,122.0,0.0
989.5431305576959,123.0,0.0
989.5439047764728,122.0,0.0
989.5446627178102,121.0,0.0
989.5447357141657,122.0,0.0
989.5634673354065,123.0,0.0
989.5637676353439,122.0,0.0
989.5692194213649,123.0,0.0
989.574986489447,124.0,0.0
989.575655961051,123.0,0.0
989.5818361972505,122.0,0.0
989.5831611677245,121.0,0.0
989.5856898599505,120.0,0.0
989.5978042352297,119.0,0.0
989.6000277531364,118.0,0.0
989.6019605239495,119.0,0.0
989.6081555582098,118.0,0.0
989.6106976731494,117.0,0.0
989.6143896081404,116.0,0.0
989.6188589831362,115.0,0.0
989.6202422686259,114.0,0.0
989.6285340951702,115.0,0.0
989.6354980917893,116.0,0.0
989.6384078165734,117.0,0.0
989.638490410407,118.0,0.0
989.6387112984617,117.0,0.0
989.6416732264374,116.0,0.0
989.6497964883945,115.0,0.0
989.6554135235848,114.0,0.0
989.6565649353756,113.0,0.0
989.6588125991904,112.0,0.0
989.6673226162118,111.0,0.0
989.6728601390553,110.0,0.0
989.6734389847147,111.0,0.0
989.6766521542619,110.0,0.0
989.6781617412238,111.0,0.0
989.6799200814488,112.0,0.0
989.6853358615872,111.0,0.0
989.6958453886635,112.0,0.0
989.6988477679594,113.0,0.0
989.6994689760693,114.0,0.0
989.7093983831654,115.0,0.0
989.7111189477355,116.0,0.0
989.718329292813,115.0,0.0
989.722375885371,116.0,0.0
989.7293043526711,117.0,0.0
989.735278928183,118.0,0.0
989.7395229316139,119.0,0.0
989.7546509358093,120.0,0.0
989.758690189493,119.0,0.0
989.7913742873843,120.0,0.0
989.793160871609,119.0,0.0
989.7942052595212,118.0,0.0
989.7966384645716,119.0,0.0
989.7976384128302,118.0,0.0
989.8014387294927,117.0,0.0
989.8063927204629,116.0,0.0
989.8126834408678,115.0,0.0
989.8153324978861,114.0,0.0
989.8231085361947,113.0,0.0
989.8248941633676,114.0,0.0
989.8256013651041,113.0,0.0
989.8316082920248,112.0,0.0
989.8318856919105,113.0,0.0
989.8330044688648,112.0,0.0
989.8396343136542,111.0,0.0
989.8496794184466,112.0,0.0
989.8521243336496,111.0,0.0
989.8523752155081,110.0,0.0
989.8624619998998,111.0,0.0
989.8771877175778,110.0,0.0
989.887770870368,109.0,0.0
989.891823989651,108.0,0.0
989.8940909860114,109.0,0.0
989.8944920563025,110.0,0.0
989.8965539326837,109.0,0.0
989.9061561576053,108.0,0.0
989.9189947454732,109.0,0.0
989.925478149935,108.0,0.0
989.9309309991655,109.0,0.0
989.9438047155195,110.0,0.0
989.9492191975353,111.0,0.0
989.9562928432265,112.0,0.0
989.96005619009,111.0,0.0
989.965176340842,112.0,0.0
989.9772789526351,111.0,0.0
989.9855899138249,110.0,0.0
989.9993148497723,111.0,0.0
990.0053056875026,112.0,0.0
990.0201391525871,111.0,0.0
990.0240958021948,110.0,0.0
990.0278800932672,109.0,0.0
990.0278830859521,108.0,0.0
990.0379769012329,109.0,0.0
990.0614988155902,108.0,0.0
990.0626134004708,109.0,0.0
990.0643393352434,110.0,0.0
990.0660338917573,109.0,0.0
990.0663273958271,110.0,0.0
990.071409183428,109.0,0.0
990.082516858834,108.0,0.0
990.0913628295259,107.0,0.0
990.0966989019835,108.0,0.0
990.1042415112363,107.0,0.0
990.1185226947799,108.0,0.0
990.1219298049141,107.0,0.0
990.1258801323416,106.0,0.0
990.1266732264475,105.0,0.0
990.1322513397093,106.0,0.0
990.133063286397,105.0,0.0
990.1359610428085,106.0,0.0
990.1378741339611,107.0,0.0
990.1458666042239,106.0,0.0
990.1538065386217,105.0,0.0
990.1544641386446,104.0,0.0
990.1745614305148,105.0,0.0
990.1790862630737,104.0,0.0
990.1802458996501,103.0,0.0
990.1917486023737,102.0,0.0
990.195630954415,103.0,0.0
990.1981989016584,102.0,0.0
990.2067840117141,101.0,0.0
990.2069538131268,100.0,0.0
990.2163215997299,99.0,0.0
990.2164981598756,98.0,0.0
990.2191814045484,99.0,0.0
990.2198885955434,98.0,0.0
990.2342544061003,99.0,0.0
990.2363533172542,100.0,0.0
990.242009155823,101.0,0.0
990.2462803285383,100.0,0.0
990.2471722928238,99.0,0.0
990.2579291461723,98.0,0.0
990.2640784567301,97.0,0.0
990.2760676689666,98.0,0.0
990.2775452540803,99.0,0.0
990.28669149527,98.0,0.0
990.2989013838464,97.0,0.0
990.3019896210245,96.0,0.0
990.3162183685904,97.0,0.0
990.3227325675689,98.0,0.0
990.324435819685,99.0,0.0
990.3357247454742,98.0,0.0
990.3400388634429,99.0,0.0
990.3437801655257,98.0,0.0
990.3439347590036,99.0,0.0
990.345759846252,100.0,0.0
990.3479471868064,101.0,0.0
990.3536297329348,100.0,0.0
990.3549793462416,99.0,0.0
990.3563858412722,98.0,0.0
990.362285459641,97.0,0.0
990.3689528625721,96.0,0.0
990.3705753649774,97.0,0.0
990.3808527491998,96.0,0.0
990.3948807884678,95.0,0.0
990.4090321990388,94.0,0.0
990.414322117001,93.0,0.0
990.4146455712672,92.0,0.0
990.4172909712411,91.0,0.0
990.4192560702668,90.0,0.0
990.4199357532649,89.0,0.0
990.4262193104103,90.0,0.0
990.4282561673992,89.0,0.0
990.4338337668207,90.0,0.0
990.4387307295167,91.0,0.0
990.4483022437482,92.0,0.0
990.4680343517123,91.0,0.0
990.4746656713488,92.0,0.0
990.4783170696151,93.0,0.0
990.4786189912012,94.0,0.0
990.4829342299303,95.0,0.0
990.4837208751435,96.0,0.0
990.4839955989669,95.0,0.0
990.4925443256896,96.0,0.0
990.4935302640733,97.0,0.0
990.5003924390571,96.0,0.0
990.503897833756,95.0,0.0
990.5056248413907,96.0,0.0
990.507937542273,95.0,0.0
990.5195523071667,96.0,0.0
990.5207285545373,95.0,0.0
990.5283436052614,96.0,0.0
990.5331536552131,97.0,0.0
990.5342862382654,96.0,0.0
990.5347017439577,97.0,0.0
990.5366291523612,96.0,0.0
990.5392545975902,95.0,0.0
990.5433974363344,94.0,0.0
990.5437647445343,93.0,0.0
990.5438825401392,92.0,0.0
990.5459033678987,91.0,0.0
990.5476675670719,92.0,0.0
990.5493054834687,91.0,0.0
990.5501540809402,90.0,0.0
990.5569318220224,89.0,0.0
990.5588575121791,90.0,0.0
990.5752915871471,91.0,0.0
990.5815335950942,90.0,0.0
990.5846847828105,89.0,0.0
990.586552618359,88.0,0.0
990.5878034350893,89.0,0.0
990.5918801129577,88.0,0.0
990.6047972609084,89.0,0.0
990.6069595094881,88.0,0.0
990.6134410186246,87.0,0.0
990.6314922417199,86.0,0.0
990.6335901644493,87.0,0.0
990.6518160130089,86.0,0.0
990.6555263613193,87.0,0.0
990.6568919939718,88.0,0.0
990.6614599684941,87.0,0.0
990.6654025979996,86.0,0.0
990.6992606445505,87.0,0.0
990.7005782419694,88.0,0.0
990.7033899977346,87.0,0.0
990.7045198415265,86.0,0.0
990.708944110185,87.0,0.0
990.7154277130487,86.0,0.0
990.7222548855901,85.0,0.0
990.7285348784131,84.0,0.0
990.7322387348828,85.0,0.0
990.7445424780651,86.0,0.0
990.7479864020169,85.0,0.0
990.7548249559266,86.0,0.0
990.7549054609486,85.0,0.0
990.7562481819675,84.0,0.0
990.7841757178005,83.0,0.0
990.7877584570944,82.0,0.0
990.792913899241,81.0,0.0
990.7954839982727,82.0,0.0
990.7987067403278,83.0,0.0
990.8043780518093,84.0,0.0
990.8163578160144,83.0,0.0
990.8230935376788,84.0,0.0
990.8267373704489,85.0,0.0
990.828505789905,86.0,0.0
990.8430662068789,87.0,0.0
990.8434651949686,88.0,0.0
990.843866204513,89.0,0.0
990.855595711363,88.0,0.0
990.8566407280806,87.0,0.0
990.8654761041091,86.0,0.0
990.8725749734874,85.0,0.0
990.8860324760733,84.0,0.0
990.8923607560321,83.0,0.0
990.8926645037191,82.0,0.0
990.8967289154323,81.0,0.0
990.9076610832219,80.0,0.0
990.9267309688845,81.0,0.0
990.9430710861786,82.0,0.0
990.952280247552,83.0,0.0
990.9614659021778,84.0,0.0
990.9724646120284,83.0,0.0
990.9725687938048,84.0,0.0
990.975383161393,85.0,0.0
990.978723122631,84.0,0.0
990.9813776795911,85.0,0.0
990.9830296303721,84.0,0.0
990.9955909172966,85.0,0.0
990.9971041396092,84.0,0.0
990.9998209451946,83.0,0.0
991.0133070798324,82.0,0.0
991.0227815641214,83.0,0.0
991.026775030891,84.0,0.0
991.038693701657,83.0,0.0
991.0430133358188,82.0,0.0
991.049164593361,83.0,0.0
991.0525366032208,82.0,0.0
991.0560125777415,83.0,0.0
991.0582675956086,84.0,0.0
991.0642862728047,85.0,0.0
991.0706170907956,86.0,0.0
991.0780359980761,85.0,0.0
991.0815255498715,84.0,0.0
991.0903331251137,83.0,0.0
991.0915689745614,82.0,0.0
991.0945077093593,81.0,0.0
991.1144987188883,80.0,0.0
991.1220902609264,79.0,0.0
991.1231041815189,78.0,0.0
991.123491679529,79.0,0.0
991.1330827554251,80.0,0.0
991.1432922887833,81.0,0.0
991.1442474733816,80.0,0.0
991.1449400563902,79.0,0.0
991.1510136876817,78.0,0.0
991.1516456282825,77.0,0.0
991.1836740447714,76.0,0.0
991.1893020721151,75.0,0.0
991.1922434983875,74.0,0.0
991.1929318422785,75.0,0.0
991.1941899954262,76.0,0.0
991.1961695035329,75.0,0.0
991.208752281385,74.0,0.0
991.2115507742827,73.0,0.0
991.2190389255134,72.0,0.0
991.2258659776182,71.0,0.0
991.2330582338524,70.0,0.0
991.2427374714292,69.0,0.0
991.2539865973364,68.0,0.0
991.2729428601518,69.0,0.0
991.2756107325333,68.0,0.0
991.2823656762512,67.0,0.0
991.285259018121,68.0,0.0
991.2918823810253,69.0,0.0
991.3039297135255,68.0,0.0
991.3058068322637,67.0,0.0
991.3111177215059,68.0,0.0
991.3166501914835,67.0,0.0
991.3206700652825,66.0,0.0
991.3208409054048,65.0,0.0
991.3353193830811,64.0,0.0
991.3373038126256,63.0,0.0
991.339134250595,64.0,0.0
991.3457772998349,63.0,0.0
991.3478466083079,62.0,0.0
991.3544703820512,61.0,0.0
991.3627933533047,62.0,0.0
991.3682455018906,61.0,0.0
991.3734588353364,60.0,0.0
991.3738599032703,61.0,0.0
991.3792279175557,60.0,0.0
991.3798651181786,61.0,0.0
991.3833831095095,62.0,0.0
991.3975537179053,61.0,0.0
991.4097661319196,60.0,0.0
991.4169206785743,59.0,0.0
991.4208153933113,58.0,0.0
991.4338279718052,57.0,0.0
991.4422160767334,56.0,0.0
991.4426894356595,57.0,0.0
991.4472269012069,56.0,0.0
991.4520980047891,55.0,0.0
991.4688824085831,54.0,0.0
991.4742077929575,55.0,0.0
991.4848426658701,56.0,0.0
991.4982994393924,55.0,0.0
991.5101720877318,54.0,0.0
991.5115097868842,53.0,0.0
991.5131634847854,54.0,0.0
991.5230684744968,53.0,0.0
991.5239815499541,54.0,0.0
991.5313808138811,53.0,0.0
991.5392342629581,54.0,0.0
991.5477473636956,55.0,0.0
991.5541794856855,56.0,0.0
991.5565090466463,55.0,0.0
991.5668277955436,54.0,0.0
991.5744918135425,53.0,0.0
991.5892703596444,52.0,0.0
991.591982467874,53.0,0.0
991.595975318544,52.0,0.0
991.5978055988618,53.0,0.0
991.6095714403438,52.0,0.0
991.609813693806,51.0,0.0
991.6223378841258,50.0,0.0
991.6237199460633,49.0,0.0
991.6265281849813,50.0,0.0
991.6384798667726,49.0,0.0
991.644308777319,48.0,0.0
991.6572605092849,47.0,0.0
991.6580645853112,46.0,0.0
991.6583436193076,45.0,0.0
991.6714259396819,46.0,0.0
991.6763318704348,45.0,0.0
991.6937826715097,46.0,0.0
991.718934059158,45.0,0.0
991.728380056067,46.0,0.0
991.7382192819649,45.0,0.0
991.7436866200485,44.0,0.0
991.7470348363637,45.0,0.0
991.7578485872323,44.0,0.0
991.7634819694057,43.0,0.0
991.765256872213,44.0,0.0
991.7670784846549,45.0,0.0
991.7701798836349,44.0,0.0
991.770795653915,43.0,0.0
991.7794673843001,42.0,0.0
991.7848367057646,41.0,0.0
991.785199818971,40.0,0.0
991.7973590588246,39.0,0.0
991.8134951370012,38.0,0.0
991.8155882599913,37.0,0.0
991.8241248369005,36.0,0.0
991.832264097259,35.0,0.0
991.8504794531558,36.0,0.0
991.8516586906143,35.0,0.0
991.853836702571,34.0,0.0
991.8550303807656,35.0,0.0
991.8556029361692,34.0,0.0
991.8742109667766,33.0,0.0
991.88663959156,32.0,0.0
991.8903040403388,31.0,0.0
991.9021311469786,30.0,0.0
991.9055300679303,29.0,0.0
991.9151538311716,28.0,0.0
991.917275284572,27.0,0.0
991.9226805546931,28.0,0.0
991.936579925246,27.0,0.0
991.9472281820891,26.0,0.0
991.9521483626821,25.0,0.0
991.9563450815818,26.0,0.0
991.9568516415983,25.0,0.0
991.9724397333616,24.0,0.0
991.981788947085,23.0,0.0
991.985464196834,22.0,0.0
991.986317551561,21.0,0.0
992.0008319536598,20.0,0.0
992.0118317748754,19.0,0.0
992.0129826310365,18.0,0.0
992.0165077063072,17.0,0.0
992.0339273699266,16.0,0.0
992.0361632551062,17.0,0.0
992.0367784043026,16.0,0.0
992.0431687153141,15.0,0.0
992.0494175684357,14.0,0.0
992.0557299847818,13.0,0.0
992.0571583732457,12.0,0.0
992.0658391919419,11.0,0.0
992.0832332225676,10.0,0.0
992.0881261687102,11.0,0.0
992.0974746136757,10.0,0.0
992.1010100445162,9.0,0.0
992.1093614492387,8.0,0.0
992.1104495747184,7.0,0.0
992.1134365968499,8.0,0.0
992.1220305311319,7.0,0.0
992.1717522671726,8.0,0.0
992.174938715446,7.0,0.0
992.1831564633455,6.0,0.0
992.1961171213443,5.0,0.0
992.2036965095806,4.0,0.0
992.2041235787357,3.0,0.0
992.2234640709064,2.0,0.0
992.2345943952178,1.0,0.0
992.2411529282728,2.0,0.0
992.2645194672084,1.0,0.0
992.2657205755457,0.0,0.0
992.2886658005453,1.0,0.0
992.3019030751619,2.0,0.0
992.3037966488484,1.0,0.0
992.3185217243312,0.0,0.0
992.3510806381195,1.0,0.0
992.3600976936015,0.0,0.0
992.3791591001986,1.0,0.0
992.3832532710999,0.0,0.0
992.4177592086565,1.0,0.0
992.441625981057,2.0,0.0
992.451837146559,3.0,0.0
992.467156114793,4.0,0.0
992.4724840532208,3.0,0.0
992.4781553159697,2.0,0.0
992.4851188439341,3.0,0.0
992.4910891791468,4.0,0.0
992.4935926916678,3.0,0.0
992.4971279097944,4.0,0.0
992.5148489380093,5.0,0.0
992.5242327436322,4.0,0.0
992.5256059185025,5.0,0.0
992.5371249519677,4.0,0.0
992.5780607192776,3.0,0.0
992.5832134269222,2.0,0.0
992.5883145144331,1.0,0.0
992.6252561582716,0.0,0.0
992.6504801834404,1.0,0.0
992.6548390730937,0.0,0.0
992.6663925190647,1.0,0.0
992.6752042432473,2.0,0.0
992.6793744108516,1.0,0.0
992.6816311602648,0.0,0.0
992.706576275448,1.0,0.0
992.7081108103908,2.0,0.0
992.7155757301598,1.0,0.0
992.7227722334786,0.0,0.0
992.735142439651,1.0,0.0
992.7669911026112,2.0,0.0
992.7716725921466,3.0,0.0
992.7877412904749,2.0,0.0
992.794012888545,1.0,0.0
992.798913397531,2.0,0.0
992.800342409094,1.0,0.0
992.8166380846923,2.0,0.0
992.8255854670904,3.0,0.0
992.8555157410381,2.0,0.0
992.8683284301779,1.0,0.0
992.8792724512799,0.0,0.0
992.8854824420246,1.0,0.0
992.8873136441616,2.0,0.0
992.9229379483637,1.0,0.0
992.9328663388906,0.0,0.0
992.9579832027218,1.0,0.0
992.9857631197668,2.0,0.0
992.9946950336233,1.0,0.0
992.9978688376073,2.0,0.0
993.0278675335202,1.0,0.0
993.0299340545795,2.0,0.0
993.0666082467433,3.0,0.0
993.070464852265,2.0,0.0
993.0742405695164,3.0,0.0
993.0925251847937,2.0,0.0
993.1245074028405,1.0,0.0
993.1389896486603,2.0,0.0
993.1448654668741,1.0,0.0
993.1644526480608,2.0,0.0
993.1671712845246,1.0,0.0
993.1689231152997,2.0,0.0
993.1817312778918,3.0,0.0
993.1943826516539,2.0,0.0
993.2038721032925,3.0,0.0
993.2087240821932,4.0,0.0
993.2120349832701,3.0,0.0
993.2162630209701,4.0,0.0
993.2192994747497,3.0,0.0
993.2222910595957,2.0,0.0
993.2238408604312,1.0,0.0
993.2371557210506,0.0,0.0
993.277463640753,1.0,0.0
993.3160971711197,2.0,0.0
993.3371596564575,1.0,0.0
993.3525877982007,2.0,0.0
993.3541636729929,1.0,0.0
993.3667701681745,0.0,0.0
993.4303191466024,1.0,0.0
993.4304154638965,2.0,0.0
993.4511774220732,1.0,0.0
993.4550249146748,2.0,0.0
993.4752806255749,1.0,0.0
993.4839598099719,2.0,0.0
993.4970262873559,3.0,0.0
993.5009037744124,2.0,0.0
993.5067586039482,1.0,0.0
993.5662122315814,2.0,0.0
993.5770949955389,1.0,0.0
993.5862052678934,0.0,0.0
993.6715873253876,1.0,0.0
993.6910238300509,0.0,0.0
993.6989941199776,1.0,0.0
993.7140994546663,2.0,0.0
993.7141202021984,3.0,0.0
993.7206898921385,2.0,0.0
993.7269745250886,1.0,0.0
993.7375286527065,0.0,0.0
993.922111948272,1.0,0.0
993.927079928471,2.0,0.0
993.9351974720096,1.0,0.0
993.9420151039781,2.0,0.0
993.9488407901317,1.0,0.0
993.9565630616443,0.0,0.0
994.0255201295796,1.0,0.0
994.0286327228326,2.0,0.0
994.0304967532525,3.0,0.0
994.0316042656328,2.0,0.0
994.0410616887398,1.0,0.0
994.0576399412763,0.0,0.0
994.072676235344,1.0,0.0
994.073387262613,0.0,0.0
994.109224551826,1.0,0.0
994.1158623755103,0.0,0.0
994.134126059461,1.0,0.0
994.141504740169,0.0,0.0
994.1516065975218,1.0,0.0
994.158724352775,0.0,0.0
994.2524516675916,1.0,0.0
994.2561643217134,2.0,0.0
994.2611363430422,1.0,0.0
994.2687142058769,2.0,0.0
994.2825072898228,3.0,0.0
994.2830248176228,4.0,0.0
994.293196781374,5.0,0.0
994.2959172049663,4.0,0.0
994.2978459748634,3.0,0.0
994.3230005908933,2.0,0.0
994.3699543674862,1.0,0.0
994.3711685380802,0.0,0.0
994.4588589732995,1.0,0.0
994.4589352766312,0.0,0.0
994.4723563221238,1.0,0.0
994.4780951438406,0.0,0.0
994.5012889846106,1.0,0.0
994.513513151281,0.0,0.0
994.5562908349206,1.0,0.0
994.5680418120153,0.0,0.0
994.5744407121068,1.0,0.0
994.574882998431,2.0,0.0
994.5767496919507,3.0,0.0
994.5810788695821,2.0,0.0
994.5842097822821,1.0,0.0
994.5925242905076,0.0,0.0
994.6102096729184,1.0,0.0
994.660524382324,0.0,0.0
994.6708737926333,1.0,0.0
994.6712268783303,0.0,0.0
994.6744485504744,1.0,0.0
994.6811888312083,0.0,0.0
994.7388224255564,1.0,0.0
994.7406762306861,0.0,0.0
994.7451672283125,1.0,0.0
994.810233781427,0.0,0.0
994.822798007531,1.0,0.0
994.8310023073449,2.0,0.0
994.8453847036927,1.0,0.0
994.8693611210955,0.0,0.0
994.9103132572681,1.0,0.0
994.9270512823964,0.0,0.0
994.9839654648015,1.0,0.0
994.9911151100099,2.0,0.0
995.0174303746546,3.0,0.0
995.0217250573253,2.0,0.0
995.0382109518132,1.0,0.0
995.0626983425725,0.0,0.0
995.0794838905788,1.0,0.0
995.0811118664468,0.0,0.0
995.1925445148175,1.0,0.0
995.2005556306385,0.0,0.0
995.2315791731457,1.0,0.0
995.2333367349495,2.0,0.0
995.2494090581042,1.0,0.0
995.2629812623738,2.0,0.0
995.278330162858,3.0,0.0
995.2818376458097,2.0,0.0
995.2853140055362,3.0,0.0
995.2953997617198,4.0,0.0
995.3049173091745,3.0,0.0
995.30698423135,4.0,0.0
995.3264568373025,3.0,0.0
995.3376394222825,2.0,0.0
995.3452409301324,1.0,0.0
995.3604813981094,2.0,0.0
995.3793169042783,3.0,0.0
995.3920411426082,2.0,0.0
995.4124148849276,1.0,0.0
995.4177414348375,0.0,0.0
995.4277652135745,1.0,0.0
995.4308348074044,0.0,0.0
995.4830004866,1.0,0.0
995.5090583256047,0.0,0.0
995.5295491386152,1.0,0.0
995.5890414262341,0.0,0.0
995.6151444224502,1.0,0.0
995.624115084769,0.0,0.0
995.6325235784941,1.0,0.0
995.650771546654,0.0,0.0
995.6587344198076,1.0,0.0
995.6597454861123,2.0,0.0
995.6868035731725,3.0,0.0
995.6895823504049,4.0,0.0
995.7147300774708,3.0,0.0
995.7333847819201,2.0,0.0
995.7343874988477,1.0,0.0
995.7483278895164,0.0,0.0
995.7489141947957,1.0,0.0
995.7857708964185,0.0,0.0
995.794980841312,1.0,0.0
995.8054923119405,2.0,0.0
995.8219521240873,3.0,0.0
995.8351518693335,4.0,0.0
995.8446714300834,5.0,0.0
995.857506224985,4.0,0.0
995.8640626010175,5.0,0.0
995.8875071190669,4.0,0.0
995.8875909997728,3.0,0.0
995.888385775015,2.0,0.0
995.9059676966116,3.0,0.0
995.916693130104,4.0,0.0
995.9204314084892,5.0,0.0
995.9241668047887,4.0,0.0
995.9313912263756,3.0,0.0
995.9373059123134,2.0,0.0
995.9412637936629,3.0,0.0
995.947726892391,4.0,0.0
995.9681694961401,3.0,0.0
995.969950205818,2.0,0.0
995.9750320819409,3.0,0.0
995.9965239779465,2.0,0.0
996.0276027975278,3.0,0.0
996.0346487332414,4.0,0.0
996.0528738656317,3.0,0.0
996.0669372257049,2.0,0.0
996.0898316568531,1.0,0.0
996.0978258150448,0.0,0.0
996.135671415835,1.0,0.0
996.1392119107757,2.0,0.0
996.1435564300026,3.0,0.0
996.1587832980612,2.0,0.0
996.1594816907103,3.0,0.0
996.1599338862159,4.0,0.0
996.1700808560519,3.0,0.0
996.1748315106967,4.0,0.0
996.1790557973032,5.0,0.0
996.2075628741811,4.0,0.0
996.2201033336369,5.0,0.0
996.2325742453689,6.0,0.0
996.2372803328228,7.0,0.0
996.2469283114366,6.0,0.0
996.2514566126041,5.0,0.0
996.2523233144001,4.0,0.0
996.2594684795602,3.0,0.0
996.2637658166883,2.0,0.0
996.2648468185054,3.0,0.0
996.2674189290844,4.0,0.0
996.2755632684025,3.0,0.0
996.2788048693021,2.0,0.0
996.2885032605318,3.0,0.0
996.2970594409455,2.0,0.0
996.3032145033261,3.0,0.0
996.3104380834878,2.0,0.0
996.3279452215118,3.0,0.0
996.3420836248929,2.0,0.0
996.3436894826519,3.0,0.0
996.3447102856184,4.0,0.0
996.3721689204382,5.0,0.0
996.3749921479475,6.0,0.0
996.379953350669,7.0,0.0
996.386863197046,6.0,0.0
996.3905848053514,5.0,0.0
996.3915574306633,6.0,0.0
996.4002142919143,5.0,0.0
996.4020505301581,6.0,0.0
996.4072610774184,5.0,0.0
996.4179057576425,6.0,0.0
996.4264326968364,5.0,0.0
996.4427820332226,4.0,0.0
996.4503938651835,3.0,0.0
996.4529974981456,2.0,0.0
996.4575857781152,3.0,0.0
996.4585420550267,2.0,0.0
996.4614731002044,1.0,0.0
996.4625725653235,2.0,0.0
996.4647553348686,1.0,0.0
996.4661220975914,0.0,0.0
996.4767581669824,1.0,0.0
996.4987914380328,2.0,0.0
996.5006591306168,1.0,0.0
996.5051439591641,0.0,0.0
996.5140768927726,1.0,0.0
996.5184635058358,2.0,0.0
996.5726106444953,1.0,0.0
996.6009586653482,0.0,0.0
996.6178835556465,1.0,0.0
996.6228887329859,2.0,0.0
996.6444977647399,3.0,0.0
996.6531796364179,2.0,0.0
996.6552218599717,1.0,0.0
996.6612430523097,0.0,0.0
996.676294716583,1.0,0.0
996.677986562828,2.0,0.0
996.681349987874,1.0,0.0
996.6848554102095,0.0,0.0
996.6873308013443,1.0,0.0
996.689200204727,2.0,0.0
996.6941674201225,3.0,0.0
996.6954275160597,4.0,0.0
996.704298177949,5.0,0.0
996.7065410837666,4.0,0.0
996.7108318196744,5.0,0.0
996.7197929836186,6.0,0.0
996.7421556190142,7.0,0.0
996.7572619011055,8.0,0.0
996.7674731848288,7.0,0.0
996.7701433562288,8.0,0.0
996.7840133695776,7.0,0.0
996.7846039087254,6.0,0.0
996.7855964948377,5.0,0.0
996.7890238729357,4.0,0.0
996.7911390602767,3.0,0.0
996.7975837994272,2.0,0.0
996.8055691371791,3.0,0.0
996.8205006729074,4.0,0.0
996.822933942688,5.0,0.0
996.8270373759127,6.0,0.0
996.8372187205096,5.0,0.0
996.840958810308,4.0,0.0
996.8455153009656,3.0,0.0
996.8459892411441,4.0,0.0
996.8481796548931,5.0,0.0
996.8507575741919,4.0,0.0
996.8529023367304,3.0,0.0
996.8537012496503,2.0,0.0
996.8568747687327,1.0,0.0
996.8606163478089,0.0,0.0
996.8937221549313,1.0,0.0
996.9102905398291,0.0,0.0
996.9112735395867,1.0,0.0
996.9119332319119,2.0,0.0
996.9200538098355,3.0,0.0
996.9243661412042,4.0,0.0
996.9299168118845,5.0,0.0
996.9303675616995,6.0,0.0
996.9335755992673,5.0,0.0
996.945890566264,4.0,0.0
996.9655644113874,3.0,0.0
996.9704971708037,2.0,0.0
996.9752985883174,1.0,0.0
996.9826709723644,2.0,0.0
996.999221512138,3.0,0.0
997.0145515672258,4.0,0.0
997.0154269608541,3.0,0.0
997.0300212282715,2.0,0.0
997.0317179033116,3.0,0.0
997.0373500323274,4.0,0.0
997.0445338623233,3.0,0.0
997.0549333627736,2.0,0.0
997.065774759199,3.0,0.0
997.084721527327,2.0,0.0
997.0991835988959,1.0,0.0
997.1087531890001,2.0,0.0
997.1092719831719,3.0,0.0
997.1144284666433,2.0,0.0
997.1187351012148,3.0,0.0
997.1216470903296,4.0,0.0
997.1365659586909,5.0,0.0
997.1446853112275,4.0,0.0
997.145208595993,3.0,0.0
997.178581536696,2.0,0.0
997.1971529395884,1.0,0.0
997.2064760897405,0.0,0.0
997.2159337332107,1.0,0.0
997.2297334001071,2.0,0.0
997.2370200672397,1.0,0.0
997.2515077605075,2.0,0.0
997.2718612335264,1.0,0.0
997.2732122834074,2.0,0.0
997.291481314344,3.0,0.0
997.2926769779626,2.0,0.0
997.303495096061,3.0,0.0
997.3098848375621,2.0,0.0
997.3182820991688,3.0,0.0
997.3290156568743,4.0,0.0
997.3290399175864,5.0,0.0
997.3312143515416,4.0,0.0
997.3326826927264,3.0,0.0
997.3507725008624,4.0,0.0
997.3552777780664,5.0,0.0
997.3683712182942,6.0,0.0
997.376944753537,7.0,0.0
997.3892105739734,8.0,0.0
997.392730017204,9.0,0.0
997.399554846044,10.0,0.0
997.4103713505797,11.0,0.0
997.4253779774848,10.0,0.0
997.4254673725114,11.0,0.0
997.4256821344359,10.0,0.0
997.4315562430293,11.0,0.0
997.4353602779836,12.0,0.0
997.435507388907,11.0,0.0
997.4415289492746,12.0,0.0
997.4417317781046,11.0,0.0
997.4433438235326,12.0,0.0
997.46139175274,13.0,0.0
997.4648831230247,14.0,0.0
997.4663421198268,15.0,0.0
997.4818793322688,14.0,0.0
997.4821357525357,15.0,0.0
997.5006184897843,16.0,0.0
997.5064471634832,17.0,0.0
997.5153727118618,16.0,0.0
997.5325556641241,15.0,0.0
997.5474186173458,16.0,0.0
997.5576425354333,15.0,0.0
997.5850139532523,14.0,0.0
997.5906978850866,15.0,0.0
997.5962417898369,16.0,0.0
997.5971086816498,15.0,0.0
997.6032648628451,16.0,0.0
997.6042119698473,15.0,0.0
997.6056134559828,14.0,0.0
997.6180566494828,15.0,0.0
997.6351704450227,16.0,0.0
997.6371806131881,15.0,0.0
997.6420345619961,14.0,0.0
997.6513303868746,13.0,0.0
997.6536997762886,12.0,0.0
997.6545070388186,11.0,0.0
997.6711171740136,10.0,0.0
997.6772382235941,11.0,0.0
997.6810377659297,12.0,0.0
997.6866015476737,13.0,0.0
997.7304502572263,14.0,0.0
997.7313583941657,15.0,0.0
997.7422249290104,16.0,0.0
997.7428854452185,15.0,0.0
997.7639410617102,16.0,0.0
997.7675472673358,17.0,0.0
997.7728833961236,16.0,0.0
997.7751934823337,15.0,0.0
997.781132246231,16.0,0.0
997.7924545763208,17.0,0.0
997.7954393452895,18.0,0.0
997.8009399613385,17.0,0.0
997.8035029819159,18.0,0.0
997.8107694626718,19.0,0.0
997.8115506686369,20.0,0.0
997.8116062376838,19.0,0.0
997.8142828808061,20.0,0.0
997.8273028006511,21.0,0.0
997.8276893587172,22.0,0.0
997.8285593983913,21.0,0.0
997.8309055627705,22.0,0.0
997.8482563708421,23.0,0.0
997.8506481395551,22.0,0.0
997.8648699917229,21.0,0.0
997.8774988864291,20.0,0.0
997.8832004707417,21.0,0.0
997.899009968981,22.0,0.0
997.8994423045148,23.0,0.0
997.9071254906112,24.0,0.0
997.9171882895031,25.0,0.0
997.9291242584873,24.0,0.0
997.939338960827,25.0,0.0
997.9409689193932,24.0,0.0
997.94332827353,25.0,0.0
997.9633121404232,26.0,0.0
997.9755972523,27.0,0.0
997.9781045250073,26.0,0.0
997.9805547292025,27.0,0.0
997.9832102461514,26.0,0.0
997.9937674563514,27.0,0.0
997.9970646609496,28.0,0.0
998.0040450229276,27.0,0.0
998.0128453373597,28.0,0.0
998.0142469916243,29.0,0.0
998.0150846562597,28.0,0.0
998.0180657058995,29.0,0.0
998.032064733913,28.0,0.0
998.0545156236564,29.0,0.0
998.0583132665985,28.0,0.0
998.0669829236125,29.0,0.0
998.0685818305308,30.0,0.0
998.068780116074,31.0,0.0
998.071038183092,30.0,0.0
998.0751145324708,31.0,0.0
998.0753985245287,30.0,0.0
998.083478449799,31.0,0.0
998.0849179110227,32.0,0.0
998.0921969462331,31.0,0.0
998.0979303646919,32.0,0.0
998.119378770157,31.0,0.0
998.1196622752494,32.0,0.0
998.1204171487947,33.0,0.0
998.1652195258206,34.0,0.0
998.1745789243365,33.0,0.0
998.1861105050564,32.0,0.0
998.1946425837796,31.0,0.0
998.2019535399538,32.0,0.0
998.2057519259383,33.0,0.0
998.2137990597851,32.0,0.0
998.242492394009,31.0,0.0
998.246069172802,32.0,0.0
998.2609738479739,31.0,0.0
998.2654625032897,30.0,0.0
998.27757268363,29.0,0.0
998.2837901919056,30.0,0.0
998.2962448830523,31.0,0.0
998.3020515756875,32.0,0.0
998.33043384501,33.0,0.0
998.337225394722,34.0,0.0
998.3473463337817,35.0,0.0
998.3650372160478,34.0,0.0
998.3760343007591,33.0,0.0
998.3765545869308,34.0,0.0
998.3783687310446,33.0,0.0
998.3810877717226,32.0,0.0
998.3900617095705,31.0,0.0
998.3940032667338,30.0,0.0
998.3943430063115,29.0,0.0
998.3956494116404,30.0,0.0
998.4017226317399,29.0,0.0
998.4167188198194,28.0,0.0
998.424607149251,27.0,0.0
998.4374844253606,28.0,0.0
998.4415137656692,27.0,0.0
998.4442514746679,28.0,0.0
998.4446844533419,27.0,0.0
998.448675500748,28.0,0.0
998.4496936103186,27.0,0.0
998.4555406884024,28.0,0.0
998.4561068007952,27.0,0.0
998.4636710817641,26.0,0.0
998.4665777176483,27.0,0.0
998.467347345883,26.0,0.0
998.4906392490359,27.0,0.0
998.4945779608609,28.0,0.0
998.5013321976525,29.0,0.0
998.5023758811653,30.0,0.0
998.5202033740551,29.0,0.0
998.5208459923647,30.0,0.0
998.5213997354841,31.0,0.0
998.5243512851863,30.0,0.0
998.5422962766371,29.0,0.0
998.5450120655298,28.0,0.0
998.5503928374959,27.0,0.0
998.564251405495,28.0,0.0
998.5677717223839,27.0,0.0
998.5730632764046,26.0,0.0
998.5761519400585,25.0,0.0
998.5848528395699,26.0,0.0
998.5912477765935,27.0,0.0
998.5920726427823,28.0,0.0
998.6056083043021,29.0,0.0
998.617250377627,30.0,0.0
998.6173889846176,29.0,0.0
998.6279897922076,28.0,0.0
998.6280618235498,29.0,0.0
998.633899011074,28.0,0.0
998.635958722138,29.0,0.0
998.6363769581068,30.0,0.0
998.6375944719181,29.0,0.0
998.6399635142319,30.0,0.0
998.6524987956798,31.0,0.0
998.6531901722464,32.0,0.0
998.6625935264638,31.0,0.0
998.6777571393268,30.0,0.0
998.6835862859136,29.0,0.0
998.6854658257923,30.0,0.0
998.6887987434063,31.0,0.0
998.6948509060552,30.0,0.0
998.6955954313411,29.0,0.0
998.6958188460344,28.0,0.0
998.6973559156729,27.0,0.0
998.6976447480682,26.0,0.0
998.6988729128003,27.0,0.0
998.7079650845342,28.0,0.0
998.7095463388213,27.0,0.0
998.7141703400089,26.0,0.0
998.724684802005,27.0,0.0
998.7318805534946,28.0,0.0
998.7476643051074,27.0,0.0
998.7486448975052,26.0,0.0
998.7486458603415,25.0,0.0
998.7519314347676,24.0,0.0
998.7530922609052,23.0,0.0
998.7547845358733,22.0,0.0
998.7739931541557,23.0,0.0
998.7783830933374,24.0,0.0
998.7881547954099,25.0,0.0
998.7885587281096,26.0,0.0
998.819302151076,25.0,0.0
998.8239713244852,24.0,0.0
998.824868338644,23.0,0.0
998.8339110798494,24.0,0.0
998.8339948079495,25.0,0.0
998.8375550731183,24.0,0.0
998.8554389037539,25.0,0.0
998.8601810367275,24.0,0.0
998.861181095288,23.0,0.0
998.8634580569762,22.0,0.0
998.8649152565688,23.0,0.0
998.8718886032309,24.0,0.0
998.8736827147587,23.0,0.0
998.8761814668642,24.0,0.0
998.8771666541566,23.0,0.0
998.888464953478,22.0,0.0
998.891740103536,21.0,0.0
998.8941411647959,22.0,0.0
998.9011227010112,23.0,0.0
998.9182448557976,24.0,0.0
998.9212755603685,25.0,0.0
998.9226334736909,26.0,0.0
998.9446698653725,25.0,0.0
998.9483677789212,24.0,0.0
998.9520453006952,23.0,0.0
998.9697083649413,22.0,0.0
998.9716355800947,23.0,0.0
998.9760071475249,24.0,0.0
998.9769651927014,23.0,0.0
998.981377814424,22.0,0.0
998.9875031810241,21.0,0.0
998.9924235357255,22.0,0.0
998.9931871170506,23.0,0.0
998.9941575235943,24.0,0.0
998.9969884724811,23.0,0.0
999.0015680850902,24.0,0.0
999.0169264334068,25.0,0.0
999.0193045812467,24.0,0.0
999.0267717618758,25.0,0.0
999.0288414855845,24.0,0.0
999.0392229947144,25.0,0.0
999.0428881851303,26.0,0.0
999.0481579822929,27.0,0.0
999.0561751191933,28.0,0.0
999.0577781009158,29.0,0.0
999.0647531394357,30.0,0.0
999.0661112351772,31.0,0.0
999.0687434684143,32.0,0.0
999.0695435197952,33.0,0.0
999.081982536677,34.0,0.0
999.0886989783817,35.0,0.0
999.097632548346,36.0,0.0
999.0992458366247,35.0,0.0
999.1085101340262,36.0,0.0
999.1093724604557,35.0,0.0
999.1161619788229,34.0,0.0
999.1213750791325,35.0,0.0
999.1277143345347,34.0,0.0
999.1340440824508,33.0,0.0
999.1402232618099,34.0,0.0
999.1429454210705,35.0,0.0
999.150476996418,36.0,0.0
999.1619198680719,37.0,0.0
999.1647660531371,36.0,0.0
999.1745709500357,35.0,0.0
999.1753297666895,36.0,0.0
999.1889259536307,37.0,0.0
999.1979652627969,36.0,0.0
999.2065967299613,35.0,0.0
999.2127344057092,34.0,0.0
999.2155626250459,35.0,0.0
999.2228770640793,36.0,0.0
999.2233272677072,35.0,0.0
999.2250088237984,34.0,0.0
999.2272427994975,33.0,0.0
999.2277439393364,32.0,0.0
999.2340363713568,33.0,0.0
999.2365724293874,32.0,0.0
999.2483670852529,31.0,0.0
999.2531214512414,30.0,0.0
999.2560699891358,31.0,0.0
999.261885204931,32.0,0.0
999.2778725602593,33.0,0.0
999.2796345685297,34.0,0.0
999.2870992387793,35.0,0.0
999.2873102386491,36.0,0.0
999.2875430172824,37.0,0.0
999.2888965154972,36.0,0.0
999.2985243827108,37.0,0.0
999.303022384706,38.0,0.0
999.3126466305587,37.0,0.0
999.3156728805193,36.0,0.0
999.3210580095744,37.0,0.0
999.3316177760286,38.0,0.0
999.335051478864,39.0,0.0
999.33664174414,38.0,0.0
999.3383043011054,37.0,0.0
999.3417955286935,38.0,0.0
999.3420145468484,39.0,0.0
999.3449061648274,38.0,0.0
999.3508645897342,39.0,0.0
999.3575718585856,40.0,0.0
999.3710008567442,41.0,0.0
999.3782474768407,42.0,0.0
999.3814365824036,43.0,0.0
999.3840491227053,44.0,0.0
999.3853856426249,45.0,0.0
999.3867535745753,44.0,0.0
999.3884953230342,45.0,0.0
999.397390530524,46.0,0.0
999.408356274051,47.0,0.0
999.4163465373254,48.0,0.0
999.4194060428033,49.0,0.0
999.4220940233388,48.0,0.0
999.4227318424347,47.0,0.0
999.4276808058465,48.0,0.0
999.4284305497669,49.0,0.0
999.429793329526,48.0,0.0
999.4331965902309,47.0,0.0
999.4390808588543,48.0,0.0
999.4396515234904,49.0,0.0
999.4409533320194,48.0,0.0
999.4447314074571,49.0,0.0
999.4550292218247,50.0,0.0
999.4557045753492,51.0,0.0
999.4599272626939,50.0,0.0
999.4602693231851,49.0,0.0
999.4623668012175,50.0,0.0
999.4705182331038,51.0,0.0
999.4739954766663,52.0,0.0
999.4774748660037,53.0,0.0
999.4790938684591,52.0,0.0
999.4877231435013,53.0,0.0
999.4984548467536,52.0,0.0
999.511426992919,51.0,0.0
999.5118066224912,52.0,0.0
999.5201707442867,51.0,0.0
999.5203659414367,50.0,0.0
999.5224562172538,51.0,0.0
999.5320009064361,50.0,0.0
999.5608912574993,49.0,0.0
999.5615627472212,48.0,0.0
999.5856026244539,49.0,0.0
999.5979676133497,48.0,0.0
999.5997459401365,47.0,0.0
999.6067684374538,46.0,0.0
999.6069467000729,45.0,0.0
999.6082311470357,46.0,0.0
999.60850406515,45.0,0.0
999.6092474015118,46.0,0.0
999.6274836945446,47.0,0.0
999.634924607612,48.0,0.0
999.6365937141749,49.0,0.0
999.639334766654,48.0,0.0
999.6406246853309,49.0,0.0
999.6457364137211,50.0,0.0
999.6527977228445,51.0,0.0
999.6550041797099,52.0,0.0
999.6681809984988,53.0,0.0
999.6738271277839,54.0,0.0
999.6775632220545,53.0,0.0
999.6806989334967,52.0,0.0
999.6886127072821,53.0,0.0
999.696238542141,54.0,0.0
999.6966805077851,55.0,0.0
999.6988830338665,56.0,0.0
999.7058516937028,55.0,0.0
999.706072710055,54.0,0.0
999.7125872444442,55.0,0.0
999.7135743395803,56.0,0.0
999.7315915910082,57.0,0.0
999.7321228282708,58.0,0.0
999.7356117217917,57.0,0.0
999.7419659106114,58.0,0.0
999.7514872563472,59.0,0.0
999.7537963815834,58.0,0.0
999.7587854484614,59.0,0.0
999.7618946109294,58.0,0.0
999.7667049229916,57.0,0.0
999.7755510716519,58.0,0.0
999.7795181696337,57.0,0.0
999.7933535851397,58.0,0.0
999.7937642669892,57.0,0.0
999.8010340364881,56.0,0.0
999.8058425580039,55.0,0.0
999.8264339868128,56.0,0.0
999.8310208021561,55.0,0.0
999.8399197174494,54.0,0.0
999.8515614350943,55.0,0.0
999.8543648795004,54.0,0.0
999.8547852740696,53.0,0.0
999.864673700698,52.0,0.0
999.8942909887969,53.0,0.0
999.9020553477671,54.0,0.0
999.9107991608322,53.0,0.0
999.9119548302223,52.0,0.0
999.9231491356747,51.0,0.0
999.926937671421,52.0,0.0
999.9283774156933,51.0,0.0
999.930214528908,50.0,0.0
999.9419433383609,49.0,0.0
999.9494763449973,50.0,0.0
999.9564439861065,49.0,0.0
999.9723393187202,48.0,0.0
999.9725710698914,49.0,0.0
999.9742155087305,48.0,0.0
999.9760473604797,47.0,0.0
999.9775943572046,46.0,0.0
999.9831919093225,47.0,0.0
999.9860508734905,48.0,0.0
999.9875987268405,47.0,0.0
1000.005532422243,48.0,0.0
